5.26352428299258e-5
5.277914349035658e-5
5.291034145603883e-5
5.3033649595775064e-5
5.315084871145769e-5
5.326304589352376e-5
5.3370809849326054e-5
5.347381616442471e-5
5.3574004415014834e-5
5.367119733028112e-5
5.3766054532048914e-5
5.3859014586314524e-5
5.39500692754317e-5
5.4039544979045983e-5
5.4127043476123884e-5
5.421333868538988e-5
5.4298618422752265e-5
5.438296427707748e-5
5.446624289387437e-5
5.45483694410546e-5
5.462982369743512e-5
5.47102527689806e-5
5.479002615108879e-5
5.486915869283569e-5
5.4947653245898544e-5
5.5025591169148806e-5
5.510307115831057e-5
5.518012159897592e-5
5.5256505831006646e-5
5.533216610248343e-5
5.540742604543528e-5
5.548234339713912e-5
5.555696632077297e-5
5.5631324510683505e-5
5.5705422370983074e-5
5.577924065008624e-5
5.585253002147648e-5
5.592539387603648e-5
5.5997880309227456e-5
5.6070138530952806e-5
5.6142240031329325e-5
5.621419210084584e-5
5.628599771179618e-5
5.6357652868195645e-5
5.642897934599046e-5
5.650011155522759e-5
5.65710736467329e-5
5.664192253807845e-5
5.6712595350860626e-5
5.678304912002188e-5
5.685336928969995e-5
5.692360152356653e-5
5.699362241438772e-5
5.706354445027707e-5
5.71333875106211e-5
5.7203152419557194e-5
5.7272844961441835e-5
5.7342472347655876e-5
5.7412020456716336e-5
5.748143009676504e-5
5.75506976828616e-5
5.7619790432223965e-5
5.768877401554148e-5
5.7757701552463674e-5
5.782659388809827e-5
5.789545788495291e-5
5.796429162026879e-5
5.8033079989505245e-5
5.810182949971404e-5
5.817042799345699e-5
5.823896494155294e-5
5.8307493254318896e-5
5.83760247800364e-5
5.844455609688111e-5
5.851306366628333e-5
5.858151308182743e-5
5.864989555575618e-5
5.871819741157649e-5
5.8786384060994165e-5
5.88545700233434e-5
5.892273062065674e-5
5.8990883443758804e-5
5.905905895319533e-5
5.912727088317313e-5
5.919551449999967e-5
5.926379054269944e-5
5.933207305468265e-5
5.9400333249137094e-5
5.9468598490100544e-5
5.9536834782557716e-5
5.960506191377527e-5
5.967329320648558e-5
5.9741520769718055e-5
5.980973936891067e-5
5.987796795816294e-5
5.9946203907444686e-5
6.0014429144656583e-5
6.008269730232908e-5
6.015103252018036e-5
6.021941504619131e-5
6.028784569970159e-5
6.035632725608519e-5
6.04248405551646e-5
6.049334687856406e-5
6.0561817978076405e-5
6.0630306703539424e-5
6.0698812589982275e-5
6.07673957011311e-5
6.0836039953852684e-5
6.0904738961225474e-5
6.09734853716657e-5
6.104227005598516e-5
6.111108716329026e-5
6.117993984424357e-5
6.124884460992695e-5
6.13177546503438e-5
6.138666339991768e-5
6.145561467604265e-5
6.152460285296014e-5
6.159364946953285e-5
6.16627699896175e-5
6.173196448044974e-5
6.180122894773839e-5
6.18705662253409e-5
6.193998192227551e-5
6.200946283506694e-5
6.207900351085238e-5
6.21486144804677e-5
6.221824153278644e-5
6.228792812554317e-5
6.235768842077232e-5
6.242751452418064e-5
6.249739850800114e-5
6.256733479181848e-5
6.263732577554867e-5
6.270738121504927e-5
6.277748327997504e-5
6.284764853666325e-5
6.291789379546328e-5
6.298822711247706e-5
6.305863682878544e-5
6.312911974994332e-5
6.319969143090665e-5
6.327036459495233e-5
6.334113315205835e-5
6.341198974626732e-5
6.348291758252744e-5
6.355389638152451e-5
6.362494577486965e-5
6.369606882289642e-5
6.376727338116928e-5
6.383857488287785e-5
6.39099798244316e-5
6.398146838775645e-5
6.405301075083648e-5
6.412461172505593e-5
6.419631698303262e-5
6.426811304119159e-5
6.433996182936154e-5
6.441190107346671e-5
6.448393066478269e-5
6.455604152334083e-5
6.462827350171839e-5
6.470061274889031e-5
6.477302313072157e-5
6.484551818723571e-5
6.491812360978e-5
6.499082539777651e-5
6.506364363214946e-5
6.513655790982519e-5
6.520953793449817e-5
6.528261953860984e-5
6.535578986736986e-5
6.542909559688022e-5
6.55025044141923e-5
6.557602372263869e-5
6.564966221786543e-5
6.572340428696383e-5
6.579724303119629e-5
6.587119284954721e-5
6.594524967310328e-5
6.60194095715506e-5
6.609361443420717e-5
6.616790122848883e-5
6.624225167426915e-5
6.631673551261016e-5
6.639133463258844e-5
6.646604809495651e-5
6.654087526670315e-5
6.661582179577085e-5
6.669089312030117e-5
6.676608250027194e-5
6.684139001962453e-5
6.691683649263831e-5
6.699238281232603e-5
6.70680767289393e-5
6.714381989107336e-5
6.72197211301263e-5
6.729569792636628e-5
6.737177030337663e-5
6.744798089549918e-5
6.752431822503078e-5
6.760077614445798e-5
6.767735436225462e-5
6.775404012013298e-5
6.783084388672784e-5
6.790779576714475e-5
6.79848527778764e-5
6.806201360864535e-5
6.813932868694384e-5
6.82167482957e-5
6.829429704265735e-5
6.837195879393493e-5
6.844970378224404e-5
6.8527598588312e-5
6.86056282070223e-5
6.868376727742303e-5
6.876203416032973e-5
6.88404419816387e-5
6.891898378982271e-5
6.899765084038829e-5
6.907644094606403e-5
6.915540026787849e-5
6.923446361976368e-5
6.931362970462338e-5
6.93929607445919e-5
6.947242689241317e-5
6.955201614194625e-5
6.963175047692117e-5
6.971162504478611e-5
6.979160971045474e-5
6.987173465856752e-5
6.995202413083196e-5
7.003243823477578e-5
7.011297768554883e-5
7.019365048347534e-5
7.027445947246452e-5
7.035542165685189e-5
7.04365142532133e-5
7.051773361965816e-5
7.059907873270828e-5
7.068055757516126e-5
7.076223739320942e-5
7.084404306415393e-5
7.09259481426888e-5
7.100798078233373e-5
7.109015775047208e-5
7.117247393676974e-5
7.12549236043868e-5
7.133752491132106e-5
7.142030650267169e-5
7.150322133814154e-5
7.15863091717897e-5
7.166954914446217e-5
7.175289696716778e-5
7.183638556503843e-5
7.192002672620078e-5
7.200382035749843e-5
7.208781605249376e-5
7.217196642592451e-5
7.225625023468781e-5
7.234066657877006e-5
7.242524085482224e-5
7.250998543142128e-5
7.25948859826581e-5
7.267993551122995e-5
7.27651253691825e-5
7.285048752023497e-5
7.293601497006467e-5
7.302166969157003e-5
7.310744233885674e-5
7.31933571689589e-5
7.327949184237975e-5
7.336576962160448e-5
7.345217460834657e-5
7.353871954735918e-5
7.362542857142008e-5
7.371229225424252e-5
7.379930831993502e-5
7.388648556695514e-5
7.39738583211162e-5
7.406142431005009e-5
7.414912579303606e-5
7.423696385616524e-5
7.432496595194452e-5
7.44131918809017e-5
7.450157684476209e-5
7.459009564986309e-5
7.46787687936821e-5
7.476760565241316e-5
7.48566039175853e-5
7.494581298900444e-5
7.503518605851865e-5
7.512471208974507e-5
7.521440187119874e-5
7.530425778518629e-5
7.53942757111625e-5
7.548445745705489e-5
7.557480953537333e-5
7.566533746012323e-5
7.57560423216256e-5
7.584692612480097e-5
7.593799809272335e-5
7.60292489391169e-5
7.612065907928466e-5
7.621222279098676e-5
7.630394938300262e-5
7.639587232577992e-5
7.64879828364561e-5
7.658030715023956e-5
7.667278192067742e-5
7.67654030065518e-5
7.685819436943068e-5
7.695117163726556e-5
7.704432690664034e-5
7.713765486513964e-5
7.7231160265637e-5
7.732484948580606e-5
7.741872962946879e-5
7.751278797874508e-5
7.760700284859535e-5
7.770139779884637e-5
7.779600451423181e-5
7.789080018348413e-5
7.798577662574905e-5
7.808092945605091e-5
7.817626278087598e-5
7.827178849858417e-5
7.836748424900316e-5
7.846335211097668e-5
7.855939934788829e-5
7.865563898420469e-5
7.875208034308431e-5
7.884873419884866e-5
7.894560222722429e-5
7.904266608659808e-5
7.913990925960863e-5
7.923732770303395e-5
7.933492794010138e-5
7.943272590759726e-5
7.953073876085598e-5
7.962896812259872e-5
7.972739192185234e-5
7.982598643809873e-5
7.992475526471583e-5
8.002370426567643e-5
8.012286162844352e-5
8.022226487418425e-5
8.032186109805879e-5
8.04216065833652e-5
8.052153611194958e-5
8.062166852654461e-5
8.072197880195564e-5
8.082247196902974e-5
8.092316572317016e-5
8.102406800773456e-5
8.112517282933828e-5
8.122646755635173e-5
8.132794212449302e-5
8.142961667568687e-5
8.153152589681893e-5
8.16336764175776e-5
8.173605166757535e-5
8.183863316684239e-5
8.194140895826757e-5
8.204438369493431e-5
8.214757216561729e-5
8.225098199434151e-5
8.235460680217511e-5
8.245843693567284e-5
8.256245505636898e-5
8.266665835122949e-5
8.277106298131527e-5
8.287569426070708e-5
8.298053169895461e-5
8.308558400820899e-5
8.31908530630762e-5
8.329630105353502e-5
8.340198751003254e-5
8.350788556843037e-5
8.361399543879326e-5
8.37203225116459e-5
8.382686406689512e-5
8.393362660500186e-5
8.404061812690936e-5
8.41478257091231e-5
8.42552373022075e-5
8.436285651655324e-5
8.447068583552582e-5
8.457871999059957e-5
8.468696178822134e-5
8.479544139040604e-5
8.4904182355216e-5
8.501315153286593e-5
8.512233724069803e-5
8.523172915364766e-5
8.534132742212158e-5
8.545114762645566e-5
8.556120919012043e-5
8.567151417364152e-5
8.578204541675263e-5
8.589273241519509e-5
8.600366544620057e-5
8.61148118679207e-5
8.622619020036449e-5
8.633779969099319e-5
8.64496378220654e-5
8.656171896253422e-5
8.667405631757233e-5
8.678662019591668e-5
8.689938619229401e-5
8.701235635406296e-5
8.712558148284746e-5
8.723905297707043e-5
8.735274750377908e-5
8.74666739443162e-5
8.758084206077622e-5
8.769524927068427e-5
8.780988345941734e-5
8.792472508514246e-5
8.803978873328893e-5
8.815512826450405e-5
8.8270720929636e-5
8.838656024691162e-5
8.850262837920144e-5
8.861893885779595e-5
8.873550056496999e-5
8.885229659164623e-5
8.896927115014029e-5
8.908656399044627e-5
8.920408905894748e-5
8.932184043483127e-5
8.943981479881274e-5
8.955799085898674e-5
8.967645409635751e-5
8.979513509697369e-5
8.991402755475186e-5
9.003323207879705e-5
9.015269792512809e-5
9.027241116172067e-5
9.039237241001137e-5
9.051257451252448e-5
9.063299600259834e-5
9.075362063502921e-5
9.087453939367966e-5
9.099574906716708e-5
9.111719893390574e-5
9.12388824392264e-5
9.136079684090314e-5
9.14829268613653e-5
9.160527544822647e-5
9.172790137461275e-5
9.185083600995467e-5
9.197404573666471e-5
9.20975295945663e-5
9.222126816109345e-5
9.234523199004516e-5
9.246942986212555e-5
9.259396377816396e-5
9.271873094713197e-5
9.284372627570007e-5
9.296894504327338e-5
9.309440176840433e-5
9.322011156635142e-5
9.334616462581854e-5
9.347254363647213e-5
9.359916135871913e-5
9.372601476821347e-5
9.38530959154486e-5
9.398033296175758e-5
9.410793605484349e-5
9.423583748870054e-5
9.436396588047738e-5
9.449231865389854e-5
9.462096401865926e-5
9.474982895445248e-5
9.487897686671418e-5
9.500842640722647e-5
9.51381882588435e-5
9.526823768874462e-5
9.539853864212329e-5
9.552904462904831e-5
9.565983059172206e-5
9.579090165558918e-5
9.59222340821669e-5
9.605385595618712e-5
9.618575870923967e-5
9.63179266079756e-5
9.645039431220573e-5
9.658315988813553e-5
9.671614751650395e-5
9.684935178425238e-5
9.698280598666717e-5
9.711657125201676e-5
9.7250720188907e-5
9.73851402701674e-5
9.751981454060285e-5
9.76547218019999e-5
9.77898706029273e-5
9.792538577489995e-5
9.80612439372352e-5
9.819736842934265e-5
9.833379213851422e-5
9.847043954969774e-5
9.860732682853296e-5
9.874457337383045e-5
9.888212705107523e-5
9.901989057870827e-5
9.91578470410138e-5
9.929609063160074e-5
9.94347713600336e-5
9.95737215665323e-5
9.971298562110021e-5
9.985247748508635e-5
9.999219556294122e-5
0.00010013225910601707
0.00010027257152321563
0.00010041319822766066
0.0001005541640079936
0.0001006953879811334
0.00010083694749355065
0.00010097878666039078
0.00010112081238196036
0.00010126314501134773
0.00010140581815467156
0.00010154885284174708
0.00010169219974877799
0.0001018357984926458
0.00010197961119171286
0.00010212371123786424
0.0001022682009372381
0.00010241304835126872
0.00010255817770258006
0.00010270349767366917
0.0001028491186913913
0.00010299518272759052
0.00010314155014936657
0.00010328817367887668
0.00010343503080662226
0.0001035821455088947
0.0001037296102575344
0.00010387738169017012
0.00010402548028751506
0.00010417389883456322
0.00010432268911947488
0.00010447184103460761
0.00010462127511677538
0.00010477097654036379
0.00010492085750027544
0.00010507110755581519
0.00010522163416124171
0.00010537253077394287
0.00010552376459312361
0.00010567528221804985
0.00010582715432872389
0.0001059792144355395
0.00010613149982484802
0.00010628418069321634
0.00010643736092222708
0.00010659080250188151
0.00010674450361047103
0.00010689829401470282
0.00010705266534979851
0.00010720740243714096
0.00010736249996184796
0.00010751778922264153
0.00010767320447674125
0.00010782914941600885
0.00010798551441218695
0.00010814212924398068
0.00010829887538503769
0.00010845607298572015
0.00010861361775550335
0.00010877150276867591
0.00010892966063704291
0.00010908808873393784
0.00010924693266870162
0.00010940612464633091
0.00010956557802809609
0.000109725307993828
0.00010988540185588344
0.00011004586614224085
0.00011020665959315994
0.00011036771870495279
0.00011052917991178734
0.00011069101147960279
0.00011085314412566124
0.00011101549054393777
0.00011117817430620253
0.00011134124467770596
0.000111504705768733
0.00011166851704713674
0.00011183269622735554
0.00011199719534959596
0.00011216187365875084
0.00011232677499013979
0.0001124921391033961
0.00011265803510053448
0.00011282420310406066
0.00011299056089685445
0.00011315726490434212
0.00011332448635616055
0.00011349205537904766
0.00011365982001164392
0.0001138278062286472
0.00011399622688791245
0.00011416510850403861
0.00011433429714270852
0.00011450373460647757
0.00011467357465461594
0.00011484385673726857
0.0001150143897013275
0.00011518515335362119
0.0001153562864955207
0.00011552780865441176
0.00011569964733879896
0.00011587184179634158
0.00011604442433997135
0.00011621739585145507
0.00011639075234162509
0.00011656427435822634
0.00011673829026529873
0.00011691258708074413
0.0001170872625249613
0.00011726210876287841
0.00011743742876628464
0.00011761307611607685
0.00011778918908593114
0.0001179654571688011
0.0001181422996184266
0.00011831951877825629
0.000118496973743083
0.00011867463783083854
0.00011885278293968764
0.00011903129861339865
0.00011921012716446444
0.00011938929559391914
0.00011956892145711142
0.00011974863313645448
0.00011992885858196282
0.00012010963219477298
0.00012029083375680943
0.00012047215897408232
0.00012065344992701352
0.00012083544802181931
0.00012101805925925388
0.00012120094862652632
0.00012138375329028052
0.00012156722871509338
0.0001217511429351242
0.00012193540519922235
0.000122119794441884
0.00012230479412531298
0.00012249016848767932
0.00012267577105112035
0.00012286153126144083
0.00012304787662646805
0.00012323468233052946
0.00012342178512476918
0.00012360917415480335
0.00012379699457060224
0.00012398517827399993
0.00012417356682757562
0.000124362428266627
0.00012455174197746746
0.0001247414229763844
0.00012493135800906334
0.0001251216911667262
0.00012531242037950726
0.00012550346372961236
0.000125694857915765
0.00012588669199311233
0.00012607892117659698
0.0001262713721971018
0.0001264642805427726
0.00012665755737869275
0.00012685116505020423
0.00012704512187499355
0.00012723956115900703
0.00012743438152848803
0.000127629464944435
0.0001278248910245053
0.0001280207007086086
0.00012821688279704373
0.00012841340886336503
0.0001286104525092932
0.0001288078445987436
0.00012900547528172312
0.00012920349380855572
0.00012940196898904614
0.00012960072404199702
0.00012979969130497227
0.00012999933754312393
0.00013019952441987014
0.00013039977186621448
0.00013060013097058567
0.00013080111455308023
0.00013100273803603907
0.00013120449460256076
0.0001314064422396163
0.00013160896385169086
0.00013181202882186363
0.000132015268970386
0.00013221875601833227
0.000132422736220605
0.0001326271251410993
0.00013283190632609426
0.00013303710606242983
0.0001332426172865518
0.00013344829515299177
0.0001336543753502299
0.00013386111341531052
0.00013406822027685648
0.0001342755239618821
0.00013448316316232167
0.00013469125084464092
0.0001348997152069809
0.00013510854987185014
0.00013531781103960741
0.00013552732620151323
0.00013573723049880646
0.00013594763047964183
0.00013615841721302673
0.00013636949837585294
0.00013658083750329672
0.000136792731285293
0.00013700495672780617
0.00013721758669279975
0.00013743056498775592
0.0001376438907385217
0.00013785746879730205
0.00013807152522183328
0.00013828606863369155
0.0001385008708967313
0.00013871601209457948
0.00013893164054092967
0.00013914756793722237
0.0001393638852689777
0.00013958065581922918
0.0001397977627067179
0.0001400150543054052
0.00014023277435303206
0.00014045110858307828
0.00014066961986886856
0.00014088846760130415
0.00014110785937978995
0.0001413275233413541
0.00014154740223687836
0.00014176786334311838
0.0001419888924617655
0.00014220986346243216
0.00014243108614463607
0.0001426533191793935
0.00014287577636095455
0.000143098223290578
0.00014332103980846319
0.0001435446848630486
0.0001437683884221458
0.0001439922122607691
0.00014421688710940974
0.0001444419506717973
0.00014466700590959238
0.0001448923277133351
0.00014511854007539694
0.00014534502982588537
0.00014557155200402926
0.000145798492611639
0.0001460259476853891
0.00014625374309729095
0.00014648199133563796
0.00014671049711354687
0.00014693929337438445
0.00014716855708962523
0.00014739826340226376
0.00014762826372016454
0.0001478585188407575
0.00014808929024486927
0.00014832038084442847
0.00014855164277890508
0.0001487835351624607
0.00014901580917351022
0.00014924836285716645
0.00014948117078674778
0.00014971429273464106
0.00014994787782151675
0.00015018189757648302
0.00015041633664910405
0.00015065087796072835
0.000150885705498028
0.00015112128962568085
0.00015135710317254616
0.00015159315345931158
0.000151829527293468
0.00015206629673556788
0.00015230350866172579
0.00015254100632040046
0.00015277893445314676
0.00015301703584074062
0.00015325555558151787
0.00015349459171454916
0.0001537337102187249
0.00015397324152430325
0.00015421337466535183
0.00015445368160699828
0.00015469420499826536
0.00015493521494908133
0.00015517659880968926
0.00015541817479670017
0.00015566022171421777
0.0001559026705651847
0.00015614525540533965
0.00015638821234310052
0.0001566318182690172
0.0001568753686908048
0.00015711913968565673
0.00015736384884389631
0.0001576086909805525
0.0001578534845809242
0.00015809886860941076
0.00015834471974746482
0.00015859064597587556
0.00015883694354521777
0.00015908389694455633
0.00015933076711385365
0.00015957783238264493
0.00015982590207245086
0.0001600739559639071
0.00016032183798019107
0.00016057063893774762
0.00016081993348099913
0.0001610691367144898
0.0001613185288580209
0.0001615686364415306
0.00016181892487651152
0.00016206922655864393
0.00016232025013660187
0.00016257155886853684
0.0001628229398836621
0.0001630747893288469
0.00016332692137472566
0.00016357921670275577
0.0001638319128250468
0.00016408492355139147
0.00016433825732440645
0.00016459198846041406
0.00016484599271618874
0.00016510015218990697
0.00016535472618798866
0.0001656096263261817
0.00016586465304245653
0.0001661200147145408
0.0001663758649137603
0.00016663186338586883
0.000166887908142633
0.00016714452126255052
0.00016740151457478027
0.0001676585685034438
0.00016791604220546416
0.0001681736829640852
0.0001684316310917803
0.00016869004239816857
0.00016894849283815574
0.0001692072688294977
0.00016946641182004696
0.00016972576826981264
0.0001699853392100626
0.00017024518654071513
0.00017050538172604337
0.00017076573577875733
0.00017102637888127145
0.00017128740911157055
0.00017154847969167851
0.00017180980675752763
0.00017207161601469643
0.00017233351079444186
0.00017259565264492145
0.00017285813233859705
0.00017312062926878516
0.0001733835557796303
0.000173646867208303
0.00017391015411125996
0.00017417374678355845
0.00017443776058726398
0.0001747017896858706
0.0001749659251931876
0.00017523057356216926
0.00017549539779950066
0.00017576021412033717
0.00017602544376619025
0.00017629087943691024
0.00017655634348620264
0.00017682223012474758
0.00017708839233868703
0.00017735449261524198
0.00017762094725291318
0.00017788780142369442
0.00017815439993225116
0.0001784213252535559
0.00017868886938103955
0.0001789560130174785
0.00017922339246666017
0.0001794915786950618
0.00017975948109995554
0.00018002740824248463
0.00018029598153401828
0.00018056455016015122
0.00018083291985806317
0.00018110176476319995
0.00018137094234168334
0.0001816398996870355
0.00018190916368868797
0.00018217884346973984
0.00018244829072845445
0.0001827179189160875
0.00018298801911057847
0.00018325785225648228
0.00018352781341971402
0.00018379839248288632
0.0001840688235267268
0.00018433918718783603
0.00018460998680268443
0.00018488084164721991
0.00018515162583721995
0.00018542262081080974
0.0001856937710633583
0.0001859650134647236
0.00018623633294241772
0.00018650764564673715
0.00018677914418420227
0.0001870508428219258
0.00018732240154225192
0.00018759413066940804
0.00018786617404638914
0.00018813805343809788
0.00018840998405790385
0.00018868215466248507
0.00018895424098306198
0.00018922634592352777
0.00018949858407273706
0.00018977075434358596
0.00019004297400986242
0.00019031540085531483
0.00019058788640435013
0.00019086021732460436
0.00019113256252087209
0.00019140510976896352
0.00019167748357003548
0.00019194976821156027
0.00019222237767469455
0.0001924948904536794
0.00019276736180135552
0.00019303985805372735
0.00019331228230853653
0.00019358477160254185
0.000193857103772624
0.00019412937546100405
0.00019440183143955511
0.00019467407473629177
0.00019494615445914704
0.00019521849661738845
0.00019549065324570488
0.00019576245691428921
0.00019603455889529998
0.0001963065872304987
0.0001965782767514423
0.00019685016398936423
0.00019712183491452882
0.0001973932824586669
0.00019766487876361852
0.0001979362753987388
0.00019820733206312474
0.00019847860605258987
0.00019874967045438007
0.00019902023603142412
0.0001992911111830292
0.00019956180814397352
0.00019983198558163207
0.00020010244744334295
0.00020037271489514928
0.00020064232414082484
0.00020091216301508218
0.00020118182732997215
0.00020145079417809754
0.00020172006883052712
0.0002019892301001324
0.0002022576270802777
0.00020252630715984846
0.0002027948365777317
0.00020306258265714438
0.00020333034176208277
0.00020359812872144462
0.00020386524493721736
0.00020413205502487804
0.000204398998530524
0.00020466537506401387
0.00020493137498020446
0.00020519751712477357
0.00020546293702061882
0.00020572783572934492
0.00020599310794418039
0.0002062575017971892
0.00020652127398902668
0.00020678570571707806
0.00020704919637932136
0.00020731175126607526
0.0002075749684202103
0.0002078374837769761
0.00020809884070981666
0.00020836073648515264
0.0002086221577442953
0.0002088823243142806
0.00020914276265105103
0.00020940289595228326
0.00020966186624828806
0.00020992087992070222
0.00021017963359050415
0.00021043724354597937
0.00021069477865793982
0.00021095201837941917
0.0002112082341507284
0.00021146415014775948
0.00021171975481475302
0.00021197439907052272
0.00021222855993076795
0.0002124824915750258
0.00021273555477550543
0.00021298797136337015
0.00021324005337631117
0.00021349128555053006
0.00021374186888657414
0.0002139920306323108
0.0002142413814627912
0.00021449012766003357
0.00021473827775488627
0.00021498553295465456
0.00021523228639500059
0.00021547832908711377
0.00021572343164035854
0.0002159681296260835
0.0002162118584951526
0.0002164546791105496
0.00021669713001488277
0.00021693848026144825
0.00021717888198997606
0.00021741894637609946
0.00021765787706206727
0.00021789581377795053
0.0002181333553568554
0.00021836977678410684
0.0002186050776830195
0.00021883980297142654
0.00021907350063944938
0.00021930613455067724
0.00021953803830739767
0.00021976885566125598
0.00021999862041316694
0.0002202275604014952
0.00022045533666966672
0.0002206820525944991
0.00022090790867461012
0.00022113257386341056
0.00022135617519857234
0.00022157886178396735
0.00022180024460704493
0.00022202049013932598
0.00022223970596113915
0.00022245756730369552
0.00022267432552700253
0.00022289000760751678
0.00022310429957752502
0.00022331744830412134
0.0002235294916143685
0.00022373999040831732
0.0002239492353325307
0.00022415738170854948
0.00022436391812131906
0.00022456910898444282
0.00022477320056591912
0.00022497563201099083
0.00022517661572732522
0.00022537645067942247
0.00022557460610976292
0.0002257712611072281
0.0002259666529810931
0.00022616028107431152
0.00022635236663378359
0.00022654306580480998
0.0002267319455691079
0.00022691927124961168
0.00022710511693524747
0.0002272890973480982
0.00022747149571974003
0.0002276522755689034
0.000227831076685489
0.00022800825751823696
0.00022818374236699502
0.00022835718586323135
0.00022852895067307388
0.00022869889472901974
0.00022886673467605292
0.00022903289421284263
0.00022919715036757497
0.00022935915881968142
0.000229519373737831
0.00022967762855821884
0.0002298335682038679
0.000229987588338283
0.00023013955847770064
0.00023028915155514404
0.0002304367340842235
0.0002305821916195809
0.00023072520848697103
0.00023086611437898795
0.00023100476237789897
0.000231140857473382
0.00023127474711103342
0.00023140627954382434
0.00023153519368624553
0.00023166183249311386
0.00023178600461401449
0.00023190744002701813
0.00023202646780690539
0.0002321429228609824
0.00023225655542760345
0.0002323676740718395
0.00023247611400355406
0.0002325815992969918
0.00023268444082682582
0.00023278451032725372
0.0002328815373004438
0.00023297580550437879
0.000233067162547018
0.00023315532914790975
0.00023324063488702355
0.00023332292014649752
0.00023340188831101217
0.00023347785401529005
0.00023355067280948972
0.00023362004978468191
0.00023368627609053413
0.00023374922931679846
0.0002338086400049108
0.0002338647125870883
0.0002339173536801144
0.00023396635066515753
0.00023401183564972694
0.00023405372517417854
0.00023409185529715593
0.00023412631296492175
0.00023415701571904545
0.0002341838448679511
0.00023420681170635373
0.00023422584415383978
0.00023424086228221452
0.00023425183646429292
0.00023425870403596052
0.000234261402264922
0.00023425987795995887
0.0002342540664738038
0.00023424391404776
0.00023422936097894424
0.00023421031819821105
0.00023418674371508837
0.00023415858710310335
0.00023412575873309018
0.00023408818560618287
0.00023404583080043238
0.00023399862510483787
0.00023394645039819385
0.0002338892741564897
0.00023382703380994758
0.00023375956276679562
0.00023368687359014853
0.00023360898695684143
0.0002335256115365719
0.00023343675342892464
0.00023334249761004983
0.0002332424771043317
0.00023313672110803708
0.0002330253754856703
0.00023290799440681435
0.00023278461514217788
0.00023265537671330558
0.00023251981769818958
0.00023237802182751358
0.00023222999745846758
0.00023207546503082737
0.00023191440338414307
0.00023174675676114386
0.00023157246361986354
0.00023139129978460356
0.00023120316842543847
0.00023100812363983074
0.00023080580712957365
0.00023059614404628698
0.00023037927402251403
0.00023015491425331416
0.0002299227979313285
0.00022968306102012805
0.0002294356874011839
0.0002291801121075932
0.00022891633400704881
0.0002286446482585015
0.00022836442046497742
0.0002280755149625115
0.00022777837455009774
0.0002274723500522934
0.00022715700734323108
0.00022683297733526445
0.0002264996939139629
0.00022615663312669978
0.00022580463041847938
0.00022544286834806691
0.00022507076054250868
0.00022468920856305344
0.00022429730494882743
0.000223894512026643
0.00022348184150840794
0.0002230582504713399
0.00022262331674562718
0.0002221780295134106
0.00022172108638246563
0.00022125216641910033
0.00022077230685045034
0.0002202800657236947
0.0002197751942861586
0.00021925878667923982
0.00021872949600891447
0.00021818692119787415
0.00021763186975608462
0.0002170631072586341
0.0002164804354610621
0.00021588458523290167
0.0002152741208129764
0.00021464904442636924
0.0002140100555830775
0.0002133553852910281
0.00021268537626183977
0.00021200065275716478
0.00021129904661998548
0.00021058123487188428
0.00020984755950256387
0.00020909541020597887
0.00020832651494530073
0.00020754124679691127
0.0002067360649867976
0.00020591303261855725
0.00020507235949470602
0.00020421004030559748
0.0002033289117881022
0.0002024290787804676
0.00020150585276075875
0.0002005622489493129
0.00019959838868120107
0.00019860963833555294
0.00019759900665638848
0.00019656664041500454
0.00019550759712450125
0.0001944246779766005
0.00019331833363657656
0.00019218344960328268
0.00019102248093890762
0.00018983581759178986
0.0001886184407975547
0.00018737270526197617
0.00018609867702539621
0.00018479165099354305
0.00018345393580413493
0.00018208481197658701
0.0001806792538407734
0.00017923994043310586
0.00017776613611358323
0.0001762521793590665
0.00017470127847493336
0.0001731122660123445
0.00017147831402354455
0.00016980379919209816
0.0001680864874413858
0.00016631817910206945
0.00016450462500445604
0.000162643427393746
0.00016072516269159415
0.0001587553063973911
0.00015673072998579168
0.0001546413549814077
0.0001524922698219213
0.00015028031763896424
0.0001479939932889011
0.000145637127159587
0.00014320732413187142
0.00014069077078903558
0.00013808979810162446
0.0001354018474353628
0.00013261013487528666
0.00012971524070972833
0.0001267128093984606
0.0001235816504040781
0.00012032028854107535
0.0001169226700108708
0.00011336136452692064
0.00010962748501592552
0.00010570744749463653
0.00010156692700277902
9.718434681934924e-5
9.252803116024124e-5
8.754285224177701e-5
8.217449413854191e-5
7.634308143218612e-5
6.992166219222791e-5
6.273668007583472e-5
5.4485537971596155e-5
4.457126535377645e-5
3.145868753239816e-5
0.0
0.0
0.0
0.0
0.0
0.0
0.0
0.0
0.0
0.0
0.0
0.0
0.0
0.0
0.0
0.0
0.0
0.0
0.0
0.0
0.0
0.0
0.0
0.0
0.0
0.0
0.0
0.0
0.0
0.0
0.0
0.0
0.0
0.0
0.0
0.0
0.0
0.0
0.0
0.0
0.0
0.0
0.0
0.0
0.0
0.0
0.0
0.0
0.0
0.0
0.0
0.0
0.0
0.0
0.0
0.0
0.0
0.0
0.0
0.0
0.0
0.0
0.0
0.0
0.0
0.0
0.0
0.0
0.0
0.0
0.0
0.0
0.0
0.0
0.0
0.0
0.0
0.0
0.0
0.0
0.0
0.0
0.0
0.0
0.0
0.0
0.0
0.0
0.0
0.0
0.0
0.0
0.0
0.0
0.0
0.0
0.0
0.0
0.0
0.0
0.0
0.0
0.0
0.0
0.0
0.0
0.0
0.0
0.0
0.0
0.0
0.0
0.0
0.0
0.0
0.0
0.0
0.0
0.0
0.0
0.0
0.0
0.0
0.0
0.0
0.0
0.0
0.0
0.0
0.0
0.0
0.0
0.0
0.0
0.0
0.0
0.0
0.0
0.0
0.0
0.0
0.0
0.0
0.0
0.0
0.0
0.0
0.0
0.0
0.0
0.0
0.0
0.0
0.0
0.0
0.0
0.0
0.0
0.0
0.0
0.0
0.0
0.0
0.0
0.0
0.0
0.0
0.0
0.0
0.0
0.0
0.0
0.0
0.0
0.0
0.0
0.0
0.0
0.0
0.0
0.0
0.0
0.0
0.0
0.0
0.0
0.0
0.0
0.0
0.0
0.0
0.0
0.0
0.0
0.0
0.0
0.0
0.0
0.0
0.0
0.0
0.0
0.0
0.0
0.0
0.0
0.0
0.0
0.0
0.0
0.0
0.0
0.0
0.0
0.0
0.0
0.0
0.0
0.0
0.0
0.0
0.0
0.0
0.0
0.0
0.0
0.0
0.0
0.0
0.0
0.0
0.0
0.0
0.0
0.0
0.0
0.0
0.0
0.0
0.0
0.0
0.0
0.0
0.0
0.0
0.0
0.0
0.0
0.0
0.0
0.0
0.0
0.0
0.0
0.0
0.0
0.0
0.0
0.0
0.0
0.0
0.0
0.0
0.0
0.0
0.0
0.0
0.0
0.0
0.0
0.0
0.0
0.0
0.0
0.0
0.0
0.0
0.0
0.0
0.0
0.0
0.0
0.0
0.0
0.0
0.0
0.0
0.0
0.0
0.0
0.0
0.0
0.0
0.0
0.0
0.0
0.0
0.0
0.0
0.0
0.0
0.0
0.0
0.0
0.0
0.0
0.0
0.0
0.0
0.0
0.0
0.0
0.0
0.0
0.0
0.0
0.0
0.0
0.0
0.0
0.0
0.0
0.0
0.0
0.0
0.0
0.0
0.0
0.0
0.0
0.0
0.0
0.0
0.0
0.0
0.0
0.0
0.0
0.0
0.0
0.0
0.0
0.0
0.0
0.0
0.0
0.0
0.0
0.0
0.0
0.0
0.0
0.0
0.0
0.0
0.0
0.0
0.0
0.0
0.0
0.0
0.0
0.0
0.0
0.0
0.0
0.0
0.0
0.0
0.0
0.0
0.0
0.0
0.0
0.0
0.0
0.0
0.0
0.0
0.0
0.0
0.0
0.0
0.0
0.0
0.0
0.0
0.0
0.0
0.0
0.0
0.0
0.0
0.0
0.0
0.0
0.0
0.0
0.0
0.0
0.0
0.0
0.0
0.0
0.0
0.0
0.0
0.0
0.0
0.0
0.0
0.0
0.0
0.0
0.0
0.0
0.0
0.0
0.0
0.0
0.0
0.0
0.0
0.0
0.0
0.0
0.0
0.0
0.0
0.0
0.0
0.0
0.0
0.0
0.0
0.0
0.0
0.0
0.0
0.0
0.0
0.0
0.0
0.0
0.0
0.0
0.0
0.0
0.0
0.0
0.0
0.0
0.0
0.0
0.0
0.0
0.0
0.0
0.0
0.0
0.0
0.0
0.0
0.0
0.0
0.0
0.0
0.0
0.0
0.0
0.0
0.0
0.0
0.0
0.0
0.0
0.0
0.0
0.0
0.0
0.0
0.0
0.0
0.0
0.0
0.0
0.0
0.0
0.0
0.0
0.0
0.0
0.0
0.0
0.0
0.0
0.0
0.0
0.0
0.0
0.0
0.0
0.0
0.0
0.0
0.0
0.0
0.0
0.0
0.0
0.0
0.0
0.0
0.0
0.0
0.0
0.0
0.0
0.0
0.0
0.0
0.0
0.0
0.0
0.0
0.0
0.0
0.0
0.0
0.0
0.0
0.0
0.0
0.0
0.0
0.0
0.0
0.0
0.0
0.0
0.0
0.0
0.0
0.0
0.0
0.0
0.0
0.0
0.0
0.0
0.0
0.0
0.0
0.0
0.0
0.0
0.0
0.0
0.0
0.0
0.0
0.0
0.0
0.0
0.0
0.0
0.0
0.0
0.0
0.0
0.0
0.0
0.0
0.0
0.0
0.0
0.0
0.0
0.0
0.0
0.0
0.0
0.0
0.0
0.0
0.0
0.0
0.0
0.0
0.0
0.0
0.0
0.0
0.0
0.0
0.0
0.0
0.0
0.0
0.0
0.0
0.0
0.0
0.0
0.0
0.0
0.0
0.0
0.0
0.0
0.0
0.0
0.0
0.0
0.0
0.0
0.0
0.0
0.0
0.0
0.0
0.0
0.0
0.0
0.0
0.0
0.0
0.0
0.0
0.0
0.0
0.0
0.0
0.0
0.0
0.0
0.0
0.0
0.0
0.0
0.0
0.0
0.0
0.0
0.0
0.0
0.0
0.0
0.0
0.0
0.0
0.0
0.0
0.0
0.0
0.0
0.0
0.0
0.0
0.0
0.0
0.0
0.0
0.0
0.0
0.0
0.0
0.0
0.0
0.0
0.0
0.0
0.0
0.0
0.0
0.0
0.0
0.0
0.0
0.0
0.0
0.0
0.0
0.0
0.0
0.0
0.0
0.0
0.0
0.0
0.0
0.0
0.0
0.0
0.0
0.0
0.0
0.0
0.0
0.0
0.0
0.0
0.0
0.0
0.0
0.0
0.0
0.0
0.0
0.0
0.0
0.0
0.0
0.0
0.0
0.0
0.0
0.0
0.0
0.0
0.0
0.0
0.0
0.0
0.0
0.0
0.0
0.0
0.0
0.0
0.0
0.0
0.0
0.0
0.0
0.0
0.0
0.0
0.0
0.0
0.0
0.0
0.0
0.0
0.0
0.0
0.0
0.0
0.0
0.0
0.0
0.0
0.0
0.0
0.0
0.0
0.0
0.0
0.0
0.0
0.0
0.0
0.0
0.0
0.0
0.0
0.0
0.0
0.0
0.0
0.0
0.0
0.0
0.0
0.0
0.0
0.0
0.0
0.0
0.0
0.0
0.0
0.0
0.0
0.0
0.0
0.0
0.0
0.0
0.0
0.0
0.0
0.0
0.0
0.0
0.0
0.0
0.0
0.0
0.0
0.0
0.0
0.0
0.0
0.0
0.0
0.0
0.0
0.0
0.0
0.0
0.0
0.0
0.0
0.0
0.0
0.0
0.0
0.0
0.0
0.0
0.0
0.0
0.0
0.0
0.0
0.0
0.0
0.0
0.0
0.0
0.0
0.0
0.0
0.0
0.0
0.0
0.0
0.0
0.0
0.0
0.0
0.0
0.0
0.0
0.0
0.0
0.0
0.0
0.0
0.0
0.0
0.0
0.0
0.0
0.0
0.0
0.0
0.0
0.0
0.0
0.0
0.0
0.0
0.0
0.0
0.0
0.0
0.0
0.0
0.0
0.0
0.0
0.0
0.0
0.0
0.0
0.0
0.0
0.0
0.0
0.0
0.0
0.0
0.0
0.0
0.0
0.0
0.0
0.0
0.0
0.0
0.0
0.0
0.0
0.0
0.0
0.0
0.0
0.0
0.0
0.0
0.0
0.0
0.0
0.0
0.0
0.0
0.0
0.0
0.0
0.0
0.0
0.0
0.0
0.0
0.0
0.0
0.0
0.0
0.0
0.0
0.0
0.0
0.0
0.0
0.0
0.0
0.0
0.0
0.0
0.0
0.0
0.0
0.0
0.0
0.0
0.0
0.0
0.0
0.0
0.0
0.0
0.0
0.0
0.0
0.0
0.0
0.0
0.0
0.0
0.0
0.0
0.0
0.0
0.0
0.0
0.0
0.0
0.0
0.0
0.0
0.0
0.0
0.0
0.0
0.0
0.0
0.0
0.0
0.0
0.0
0.0
0.0
0.0
0.0
0.0
0.0
0.0
0.0
0.0
0.0
0.0
0.0
0.0
0.0
0.0
0.0
0.0
0.0
0.0
0.0
0.0
0.0
0.0
0.0
0.0
0.0
0.0
0.0
0.0
0.0
0.0
0.0
0.0
0.0
0.0
0.0
0.0
0.0
0.0
0.0
0.0
0.0
0.0
0.0
0.0
0.0
0.0
0.0
0.0
0.0
0.0
0.0
0.0
0.0
0.0
0.0
0.0
0.0
0.0
0.0
0.0
0.0
0.0
0.0
0.0
0.0
0.0
0.0
0.0
0.0
0.0
0.0
0.0
0.0
0.0
0.0
0.0
0.0
0.0
0.0
0.0
0.0
0.0
0.0
0.0
0.0
0.0
0.0
0.0
0.0
0.0
0.0
0.0
0.0
0.0
0.0
0.0
0.0
0.0
0.0
0.0
0.0
0.0
0.0
0.0
0.0
0.0
0.0
0.0
0.0
0.0
0.0
0.0
0.0
0.0
0.0
0.0
0.0
0.0
0.0
0.0
0.0
0.0
0.0
0.0
0.0
0.0
0.0
0.0
0.0
0.0
0.0
0.0
0.0
0.0
0.0
0.0
0.0
0.0
0.0
0.0
0.0
0.0
0.0
0.0
0.0
0.0
0.0
0.0
0.0
0.0
0.0
0.0
0.0
0.0
0.0
0.0
0.0
0.0
0.0
0.0
0.0
0.0
0.0
0.0
0.0
0.0
0.0
0.0
0.0
0.0
0.0
0.0
0.0
0.0
0.0
0.0
0.0
0.0
0.0
0.0
0.0
0.0
0.0
0.0
0.0
0.0
0.0
0.0
0.0
0.0
0.0
0.0
0.0
0.0
0.0
0.0
0.0
0.0
0.0
0.0
0.0
0.0
0.0
0.0
0.0
0.0
0.0
0.0
0.0
0.0
0.0
0.0
0.0
0.0
0.0
0.0
0.0
0.0
0.0
0.0
0.0
0.0
0.0
0.0
0.0
0.0
0.0
0.0
0.0
0.0
0.0
0.0
0.0
0.0
0.0
0.0
0.0
0.0
0.0
0.0
0.0
0.0
0.0
0.0
0.0
0.0
0.0
0.0
0.0
0.0
0.0
0.0
0.0
0.0
0.0
0.0
0.0
0.0
0.0
0.0
0.0
0.0
0.0
0.0
0.0
0.0
0.0
0.0
0.0
0.0
0.0
0.0
0.0
0.0
0.0
0.0
0.0
0.0
0.0
0.0
0.0
0.0
0.0
0.0
0.0
0.0
0.0
0.0
0.0
0.0
0.0
0.0
0.0
0.0
0.0
0.0
0.0
0.0
0.0
0.0
0.0
0.0
0.0
0.0
0.0
0.0
0.0
0.0
0.0
0.0
0.0
0.0
0.0
0.0
0.0
0.0
0.0
0.0
0.0
0.0
0.0
0.0
0.0
0.0
0.0
0.0
0.0
0.0
0.0
0.0
0.0
0.0
0.0
0.0
0.0
0.0
0.0
0.0
0.0
0.0
0.0
0.0
0.0
0.0
0.0
0.0
0.0
0.0
0.0
0.0
0.0
0.0
0.0
0.0
0.0
0.0
0.0
0.0
0.0
0.0
0.0
0.0
0.0
0.0
0.0
0.0
0.0
0.0
0.0
0.0
0.0
0.0
0.0
0.0
0.0
0.0
0.0
0.0
0.0
0.0
0.0
0.0
0.0
0.0
0.0
0.0
0.0
0.0
0.0
0.0
0.0
0.0
0.0
0.0
0.0
0.0
0.0
0.0
0.0
0.0
0.0
0.0
0.0
0.0
0.0
0.0
0.0
0.0
0.0
0.0
0.0
0.0
0.0
0.0
0.0
0.0
0.0
0.0
0.0
0.0
0.0
0.0
0.0
0.0
0.0
0.0
0.0
0.0
0.0
0.0
0.0
0.0
0.0
0.0
0.0
0.0
0.0
0.0
0.0
0.0
0.0
0.0
0.0
0.0
0.0
0.0
0.0
0.0
0.0
0.0
0.0
0.0
0.0
0.0
0.0
0.0
0.0
0.0
0.0
0.0
0.0
0.0
0.0
0.0
0.0
0.0
0.0
0.0
0.0
0.0
0.0
0.0
0.0
0.0
0.0
0.0
0.0
0.0
0.0
0.0
0.0
0.0
0.0
0.0
0.0
0.0
0.0
0.0
0.0
0.0
0.0
0.0
0.0
0.0
0.0
0.0
0.0
0.0
0.0
0.0
0.0
0.0
0.0
0.0
0.0
0.0
0.0
0.0
0.0
0.0
0.0
0.0
0.0
0.0
0.0
0.0
0.0
0.0
0.0
0.0
0.0
0.0
0.0
0.0
0.0
0.0
0.0
0.0
0.0
0.0
0.0
0.0
0.0
0.0
0.0
0.0
0.0
0.0
0.0
0.0
0.0
0.0
0.0
0.0
0.0
0.0
0.0
0.0
0.0
0.0
0.0
0.0
0.0
0.0
0.0
0.0
0.0
0.0
0.0
0.0
0.0
0.0
0.0
0.0
0.0
0.0
0.0
0.0
0.0
0.0
0.0
0.0
0.0
0.0
0.0
0.0
0.0
0.0
0.0
0.0
0.0
0.0
0.0
0.0
0.0
0.0
0.0
0.0
0.0
0.0
0.0
0.0
0.0
0.0
0.0
0.0
0.0
0.0
0.0
0.0
0.0
0.0
0.0
0.0
0.0
0.0
0.0
0.0
0.0
0.0
0.0
0.0
0.0
0.0
0.0
0.0
0.0
0.0
0.0
0.0
0.0
0.0
0.0
0.0
0.0
0.0
0.0
0.0
0.0
0.0
0.0
0.0
0.0
0.0
0.0
0.0
0.0
0.0
0.0
0.0
0.0
0.0
0.0
0.0
0.0
0.0
0.0
0.0
0.0
0.0
0.0
0.0
0.0
0.0
0.0
0.0
0.0
0.0
0.0
0.0
0.0
0.0
0.0
0.0
0.0
0.0
0.0
0.0
0.0
0.0
0.0
0.0
0.0
0.0
0.0
0.0
0.0
0.0
0.0
0.0
0.0
0.0
0.0
0.0
0.0
0.0
0.0
0.0
0.0
0.0
0.0
0.0
0.0
0.0
0.0
0.0
0.0
0.0
0.0
0.0
0.0
0.0
0.0
0.0
0.0
0.0
0.0
0.0
0.0
0.0
0.0
0.0
0.0
0.0
0.0
0.0
0.0
0.0
0.0
0.0
0.0
0.0
0.0
0.0
0.0
0.0
0.0
0.0
0.0
0.0
0.0
0.0
0.0
0.0
0.0
0.0
0.0
0.0
0.0
0.0
0.0
0.0
0.0
0.0
0.0
0.0
0.0
0.0
0.0
0.0
0.0
0.0
0.0
0.0
0.0
0.0
0.0
0.0
0.0
0.0
0.0
0.0
0.0
0.0
0.0
0.0
0.0
0.0
0.0
0.0
0.0
0.0
0.0
0.0
0.0
0.0
0.0
0.0
0.0
0.0
0.0
0.0
0.0
0.0
0.0
0.0
0.0
0.0
0.0
0.0
0.0
0.0
0.0
0.0
0.0
0.0
0.0
0.0
0.0
0.0
0.0
0.0
0.0
0.0
0.0
0.0
0.0
0.0
0.0
0.0
0.0
0.0
0.0
0.0
0.0
0.0
0.0
0.0
0.0
0.0
0.0
0.0
0.0
0.0
0.0
0.0
0.0
0.0
0.0
0.0
0.0
0.0
0.0
0.0
0.0
0.0
0.0
0.0
0.0
0.0
0.0
0.0
0.0
0.0
0.0
0.0
0.0
0.0
0.0
0.0
0.0
0.0
0.0
0.0
0.0
0.0
0.0
0.0
0.0
0.0
0.0
0.0
0.0
0.0
0.0
0.0
0.0
0.0
0.0
0.0
0.0
0.0
0.0
0.0
0.0
0.0
0.0
0.0
0.0
0.0
0.0
0.0
0.0
0.0
0.0
0.0
0.0
0.0
0.0
0.0
0.0
0.0
0.0
0.0
0.0
0.0
0.0
0.0
0.0
0.0
0.0
0.0
0.0
0.0
0.0
0.0
0.0
0.0
0.0
0.0
0.0
0.0
0.0
0.0
0.0
0.0
0.0
0.0
0.0
0.0
0.0
0.0
0.0
0.0
0.0
0.0
0.0
0.0
0.0
0.0
0.0
0.0
0.0
0.0
0.0
0.0
0.0
0.0
0.0
0.0
0.0
0.0
0.0
0.0
0.0
0.0
0.0
0.0
0.0
0.0
0.0
0.0
0.0
0.0
0.0
0.0
0.0
0.0
0.0
0.0
0.0
0.0
0.0
0.0
0.0
0.0
0.0
0.0
0.0
0.0
0.0
0.0
0.0
0.0
0.0
0.0
0.0
0.0
0.0
0.0
0.0
0.0
0.0
0.0
0.0
0.0
0.0
0.0
0.0
0.0
0.0
0.0
0.0
0.0
0.0
0.0
0.0
0.0
0.0
0.0
0.0
0.0
0.0
0.0
0.0
0.0
0.0
0.0
0.0
0.0
0.0
0.0
0.0
0.0
0.0
0.0
0.0
0.0
0.0
0.0
0.0
0.0
0.0
0.0
0.0
0.0
0.0
0.0
0.0
0.0
0.0
0.0
0.0
0.0
0.0
0.0
0.0
0.0
0.0
0.0
0.0
0.0
0.0
0.0
0.0
0.0
0.0
0.0
0.0
0.0
0.0
0.0
0.0
0.0
0.0
0.0
0.0
0.0
0.0
0.0
0.0
0.0
0.0
0.0
0.0
0.0
0.0
0.0
0.0
0.0
0.0
0.0
0.0
0.0
0.0
0.0
0.0
0.0
0.0
0.0
0.0
0.0
0.0
0.0
0.0
0.0
0.0
0.0
0.0
0.0
0.0
0.0
0.0
0.0
0.0
0.0
0.0
0.0
0.0
0.0
0.0
0.0
0.0
0.0
0.0
0.0
0.0
0.0
0.0
0.0
0.0
0.0
0.0
0.0
0.0
0.0
0.0
0.0
0.0
0.0
0.0
0.0
0.0
0.0
0.0
0.0
0.0
0.0
0.0
0.0
0.0
0.0
0.0
0.0
0.0
0.0
0.0
0.0
0.0
0.0
0.0
0.0
0.0
0.0
0.0
0.0
0.0
0.0
0.0
0.0
0.0
0.0
0.0
0.0
0.0
0.0
0.0
0.0
0.0
0.0
0.0
0.0
0.0
0.0
0.0
0.0
0.0
0.0
0.0
0.0
0.0
0.0
0.0
0.0
0.0
0.0
0.0
0.0
0.0
0.0
0.0
0.0
0.0
0.0
0.0
0.0
0.0
0.0
0.0
0.0
0.0
0.0
0.0
0.0
0.0
0.0
0.0
0.0
0.0
0.0
0.0
0.0
0.0
0.0
0.0
0.0
0.0
0.0
0.0
0.0
0.0
0.0
0.0
0.0
0.0
0.0
0.0
0.0
0.0
0.0
0.0
0.0
0.0
0.0
0.0
0.0
0.0
0.0
0.0
0.0
0.0
0.0
0.0
0.0
0.0
0.0
0.0
0.0
0.0
0.0
0.0
0.0
0.0
0.0
0.0
0.0
0.0
0.0
0.0
0.0
0.0
0.0
0.0
0.0
0.0
0.0
0.0
0.0
0.0
0.0
0.0
0.0
0.0
0.0
0.0
0.0
0.0
0.0
0.0
0.0
0.0
0.0
0.0
0.0
0.0
0.0
0.0
0.0
0.0
0.0
0.0
0.0
0.0
0.0
0.0
0.0
0.0
0.0
0.0
0.0
0.0
0.0
0.0
0.0
0.0
0.0
0.0
0.0
0.0
0.0
0.0
0.0
0.0
0.0
0.0
0.0
0.0
0.0
0.0
0.0
0.0
0.0
0.0
0.0
0.0
0.0
0.0
0.0
0.0
0.0
0.0
0.0
0.0
0.0
0.0
0.0
0.0
0.0
0.0
0.0
0.0
0.0
0.0
0.0
0.0
0.0
0.0
0.0
0.0
0.0
0.0
0.0
0.0
0.0
0.0
0.0
0.0
0.0
0.0
0.0
0.0
0.0
0.0
0.0
0.0
0.0
0.0
0.0
0.0
0.0
0.0
0.0
0.0
0.0
0.0
0.0
0.0
0.0
0.0
0.0
0.0
0.0
0.0
0.0
0.0
0.0
0.0
0.0
0.0
0.0
0.0
0.0
0.0
0.0
0.0
0.0
0.0
0.0
0.0
0.0
0.0
0.0
0.0
0.0
0.0
0.0
0.0
0.0
0.0
0.0
0.0
0.0
0.0
0.0
0.0
0.0
0.0
0.0
0.0
0.0
0.0
0.0
0.0
0.0
0.0
0.0
0.0
0.0
0.0
0.0
0.0
0.0
0.0
0.0
0.0
0.0
0.0
0.0
0.0
0.0
0.0
0.0
0.0
0.0
0.0
0.0
0.0
0.0
0.0
0.0
0.0
0.0
0.0
0.0
0.0
0.0
0.0
0.0
0.0
0.0
0.0
0.0
0.0
0.0
0.0
0.0
0.0
0.0
0.0
0.0
0.0
0.0
0.0
0.0
0.0
0.0
0.0
0.0
0.0
0.0
0.0
0.0
0.0
0.0
0.0
0.0
0.0
0.0
0.0
0.0
0.0
0.0
0.0
0.0
0.0
0.0
0.0
0.0
0.0
0.0
0.0
0.0
0.0
0.0
0.0
0.0
0.0
0.0
0.0
0.0
0.0
0.0
0.0
0.0
0.0
0.0
0.0
0.0
0.0
0.0
0.0
0.0
0.0
0.0
0.0
0.0
0.0
0.0
0.0
0.0
0.0
0.0
0.0
0.0
0.0
0.0
0.0
0.0
0.0
0.0
0.0
0.0
0.0
0.0
0.0
0.0
0.0
0.0
0.0
0.0
0.0
0.0
0.0
0.0
0.0
0.0
0.0
0.0
0.0
0.0
0.0
0.0
0.0
0.0
0.0
0.0
0.0
0.0
0.0
0.0
0.0
0.0
0.0
0.0
0.0
0.0
0.0
0.0
0.0
0.0
0.0
0.0
0.0
0.0
0.0
0.0
0.0
0.0
0.0
0.0
0.0
0.0
0.0
0.0
0.0
0.0
0.0
0.0
0.0
0.0
0.0
0.0
0.0
0.0
0.0
0.0
0.0
0.0
0.0
0.0
0.0
0.0
0.0
0.0
0.0
0.0
0.0
0.0
0.0
0.0
0.0
0.0
0.0
0.0
0.0
0.0
0.0
0.0
0.0
0.0
0.0
0.0
0.0
0.0
0.0
0.0
0.0
0.0
0.0
0.0
0.0
0.0
0.0
0.0
0.0
0.0
0.0
0.0
0.0
0.0
0.0
0.0
0.0
0.0
0.0
0.0
0.0
0.0
0.0
0.0
0.0
0.0
0.0
0.0
0.0
0.0
0.0
0.0
0.0
0.0
0.0
0.0
0.0
0.0
0.0
0.0
0.0
0.0
0.0
0.0
0.0
0.0
0.0
0.0
0.0
0.0
0.0
0.0
0.0
0.0
0.0
0.0
0.0
0.0
0.0
0.0
0.0
0.0
0.0
0.0
0.0
0.0
0.0
0.0
0.0
0.0
0.0
0.0
0.0
0.0
0.0
0.0
0.0
0.0
0.0
0.0
0.0
0.0
0.0
0.0
0.0
0.0
0.0
0.0
0.0
0.0
0.0
0.0
0.0
