4.4804580055108275e-5
4.494357426696283e-5
4.5070300473404384e-5
4.51894071140133e-5
4.5302614031266826e-5
4.541099039702982e-5
4.5515085390473725e-5
4.56145854974642e-5
4.57113641606842e-5
4.580525006606232e-5
4.589688032358156e-5
4.5986678530022143e-5
4.607463670422813e-5
4.616107008867629e-5
4.6245593965301885e-5
4.632895590966954e-5
4.641133733212088e-5
4.64928170308345e-5
4.657326616445693e-5
4.6652602763050207e-5
4.673129028982669e-5
4.680898782329757e-5
4.6886052294973085e-5
4.696249803904123e-5
4.7038327800007766e-5
4.7113620164731656e-5
4.718847047056409e-5
4.726290613287532e-5
4.7336698514060906e-5
4.7409791810672564e-5
4.7482498665575206e-5
4.755487485197606e-5
4.762696689425984e-5
4.769880347551273e-5
4.777038884663688e-5
4.784170440456098e-5
4.79125092700191e-5
4.7982903321763374e-5
4.805293301863013e-5
4.81227425090792e-5
4.8192400857531185e-5
4.826191510506686e-5
4.833128812110263e-5
4.840051604284318e-5
4.846942667957281e-5
4.853814988515127e-5
4.860670898956433e-5
4.8675158980665645e-5
4.874343910710194e-5
4.88115078552319e-5
4.887944777398682e-5
4.8947302979819975e-5
4.901495423957042e-5
4.908251023229498e-5
4.914999016314591e-5
4.9217394827122575e-5
4.928472981137281e-5
4.9352002082202586e-5
4.9419197994153884e-5
4.948626035571101e-5
4.9553185701109734e-5
4.961994235337204e-5
4.968659376055427e-5
4.9753191245273696e-5
4.981975494657166e-5
4.988629149436412e-5
4.9952799030298346e-5
5.001926295893614e-5
5.0085689566612834e-5
5.0151970484017694e-5
5.021819215729412e-5
5.028440570844149e-5
5.0350622585038e-5
5.041683948048071e-5
5.048303365029268e-5
5.0549171849033234e-5
5.061524558455277e-5
5.0681241640406176e-5
5.0747126594693076e-5
5.081301109973434e-5
5.087887130963075e-5
5.094472422110781e-5
5.10105992660982e-5
5.107650971536863e-5
5.11424509947108e-5
5.1208423818064785e-5
5.127440310431374e-5
5.1340361036742054e-5
5.1406324056141854e-5
5.1472259313089594e-5
5.153818592704189e-5
5.16041167704657e-5
5.167004421852962e-5
5.173596321195057e-5
5.1801892065772265e-5
5.186782823794422e-5
5.1933754264899276e-5
5.1999721971220046e-5
5.2065754683718076e-5
5.213183331540686e-5
5.219795865830419e-5
5.22641333939868e-5
5.2330339007959876e-5
5.2396538085267665e-5
5.2462703328350204e-5
5.252888580662949e-5
5.259508507047542e-5
5.2661359160740336e-5
5.272769253646602e-5
5.279407902538108e-5
5.286051152360968e-5
5.292698120909649e-5
5.2993482427415276e-5
5.3060018223086536e-5
5.312660455149147e-5
5.3193196177254716e-5
5.3259786755457176e-5
5.3326418628488846e-5
5.339308636016929e-5
5.345981076447767e-5
5.352660678521375e-5
5.359347448768271e-5
5.3660410012100075e-5
5.372741609704351e-5
5.379449816321468e-5
5.386164345087669e-5
5.392884669090445e-5
5.399611805996873e-5
5.4063405168748914e-5
5.413075001421248e-5
5.419816628292775e-5
5.4265646345476574e-5
5.43331825407176e-5
5.440076947548927e-5
5.44684094690592e-5
5.453611194969471e-5
5.4603859685564875e-5
5.4671668686586285e-5
5.473955519899939e-5
5.4807527008268153e-5
5.487557284706904e-5
5.4943689628500294e-5
5.5011892385333366e-5
5.5080193414396825e-5
5.514858682984627e-5
5.52170655231683e-5
5.528561326302444e-5
5.5354210450646587e-5
5.54228760586075e-5
5.5491613044909326e-5
5.5560429001502986e-5
5.562933884395689e-5
5.569834885119497e-5
5.576743987011355e-5
5.5836583078859953e-5
5.590578312712461e-5
5.597508415640522e-5
5.6044473135223594e-5
5.6113913270016296e-5
5.6183441021909185e-5
5.62530562857633e-5
5.632275028632744e-5
5.6392561540701225e-5
5.646247666246645e-5
5.653246072848568e-5
5.660252682505529e-5
5.667269978308937e-5
5.6742966071244526e-5
5.6813345097971256e-5
5.688381714399703e-5
5.695435292782013e-5
5.7024987081922934e-5
5.709570718203875e-5
5.7166558341683395e-5
5.7237509330023755e-5
5.7308567303099456e-5
5.7379740665647975e-5
5.745101432781424e-5
5.752238162177271e-5
5.759385646478572e-5
5.766543492464009e-5
5.773711320247068e-5
5.7808835132343176e-5
5.7880636444279116e-5
5.795249947004763e-5
5.802449161709411e-5
5.809659538130427e-5
5.81688098547957e-5
5.824113442605427e-5
5.831357455438115e-5
5.8386135496593817e-5
5.845881073800128e-5
5.8531600360349304e-5
5.8604524482181484e-5
5.867754530444654e-5
5.87507089812332e-5
5.8823920448910426e-5
5.8897284901473875e-5
5.8970722577101106e-5
5.904425283038982e-5
5.9117916871101e-5
5.919170360547443e-5
5.9265607091761115e-5
5.933962704828796e-5
5.9413751143057505e-5
5.948798949547026e-5
5.956237120524407e-5
5.9636854724690984e-5
5.9711438787554446e-5
5.978617213745216e-5
5.986100671786317e-5
5.99359663149768e-5
6.001103533383227e-5
6.008618500095301e-5
6.016147967434839e-5
6.023690485041377e-5
6.031243601480676e-5
6.038809091560112e-5
6.046388224111425e-5
6.053980327182575e-5
6.0615845555465206e-5
6.069200697779826e-5
6.0768332160096904e-5
6.0844758091426394e-5
6.092128351769947e-5
6.099796858599867e-5
6.107478444474783e-5
6.115171948855418e-5
6.122879496809979e-5
6.130600619307367e-5
6.138332403327014e-5
6.146077766693065e-5
6.153839052799398e-5
6.161612405422803e-5
6.169397893678311e-5
6.17719629097255e-5
6.185007872219211e-5
6.192834281202076e-5
6.200673315532644e-5
6.208524623159531e-5
6.216388105171071e-5
6.224264533228161e-5
6.232160407961245e-5
6.240068467407855e-5
6.24798615511817e-5
6.255916192652416e-5
6.263860200902247e-5
6.271817685884418e-5
6.279788093029986e-5
6.287773177680842e-5
6.295775708991896e-5
6.303791139578007e-5
6.311823312515171e-5
6.31987021135471e-5
6.327927554621032e-5
6.335998525244697e-5
6.34408426276391e-5
6.352184758252821e-5
6.360304806007016e-5
6.36843982524855e-5
6.376587762318239e-5
6.384748530254902e-5
6.392924584204322e-5
6.401117119885546e-5
6.409324752402134e-5
6.417546805296287e-5
6.425782442530819e-5
6.434034754176499e-5
6.442303064086043e-5
6.450583696008923e-5
6.458875746414051e-5
6.467181560320062e-5
6.475508645595063e-5
6.483849583622839e-5
6.492202837441054e-5
6.500569639130476e-5
6.508952321734247e-5
6.517349973935934e-5
6.5257623757654e-5
6.534190377784611e-5
6.54263729850201e-5
6.551102918251954e-5
6.559581654873887e-5
6.568073613309888e-5
6.576581447591623e-5
6.585110939102718e-5
6.593655823310033e-5
6.602213664526295e-5
6.610786444369324e-5
6.619375069323949e-5
6.627979316190457e-5
6.636603960885353e-5
6.645244478053457e-5
6.65389980067448e-5
6.662570971761276e-5
6.671258221649658e-5
6.679961151901743e-5
6.688679937314175e-5
6.697415207515371e-5
6.706167495549262e-5
6.714936906843178e-5
6.723723635211802e-5
6.732528572349426e-5
6.741350820404994e-5
6.750188485932817e-5
6.759041015613266e-5
6.767909309452356e-5
6.776796603356498e-5
6.785702048222418e-5
6.794628181190346e-5
6.803568880034106e-5
6.812523741362747e-5
6.821495081795839e-5
6.830484412265309e-5
6.839490968620158e-5
6.848514237204015e-5
6.85755467749762e-5
6.866612906094018e-5
6.875689609784155e-5
6.884783558917724e-5
6.893892656856228e-5
6.903019181417257e-5
6.912166195978084e-5
6.921331495027878e-5
6.930514287554232e-5
6.93971414955695e-5
6.948931477998678e-5
6.958167423267177e-5
6.967419823361313e-5
6.976688879277407e-5
6.985975293186526e-5
6.995280324342244e-5
7.004604874098653e-5
7.013949984153288e-5
7.023315816472116e-5
7.032700597642888e-5
7.042102730596327e-5
7.051521824320566e-5
7.060958509472701e-5
7.070414326869662e-5
7.079890935168194e-5
7.08938849120006e-5
7.098904860923081e-5
7.108437750791276e-5
7.117987508139135e-5
7.127554699883515e-5
7.137142051336132e-5
7.14675319028218e-5
7.15638300140593e-5
7.166027257702125e-5
7.175689322063455e-5
7.18537101631159e-5
7.19506992071303e-5
7.204786521567754e-5
7.214522529753549e-5
7.224278713246995e-5
7.234054492431589e-5
7.243848645897345e-5
7.253660200410473e-5
7.263491103412182e-5
7.273344708663205e-5
7.283221657120778e-5
7.293120346488369e-5
7.303038989886115e-5
7.312976431015196e-5
7.32293311970027e-5
7.332910485765589e-5
7.34290926629313e-5
7.352928844381513e-5
7.362968286524274e-5
7.373025916111175e-5
7.383101461046692e-5
7.393196483804051e-5
7.403313431932499e-5
7.41345032407172e-5
7.423608002488881e-5
7.433786648294009e-5
7.44398260544756e-5
7.454201629927545e-5
7.464441124050897e-5
7.474701108003754e-5
7.484982102859642e-5
7.495283845457883e-5
7.505606964221789e-5
7.515952232619169e-5
7.526318400914584e-5
7.536704303856369e-5
7.547110290391175e-5
7.55753660048057e-5
7.567982724534653e-5
7.578448933738662e-5
7.588938144418969e-5
7.599452634263039e-5
7.60998919780859e-5
7.620546705221764e-5
7.631124157993495e-5
7.641721570458829e-5
7.652340448938071e-5
7.662982671411215e-5
7.673648436911225e-5
7.684336085959565e-5
7.695038801092137e-5
7.705765311300205e-5
7.716512460133298e-5
7.727282038167786e-5
7.738073972451863e-5
7.748888019292966e-5
7.759725567910752e-5
7.770587894938038e-5
7.781472129199859e-5
7.792375910640221e-5
7.803299437012209e-5
7.814247620284136e-5
7.825219628502865e-5
7.836213205315268e-5
7.84722920923227e-5
7.858268583948532e-5
7.869331079535056e-5
7.88041552433199e-5
7.891520028517698e-5
7.902646002137864e-5
7.913798652964583e-5
7.924975781045141e-5
7.93617675932792e-5
7.947399862872666e-5
7.958646399737292e-5
7.969917228554405e-5
7.98121071404519e-5
7.992521461562966e-5
8.0038629838167e-5
8.015226959676393e-5
8.026612816337586e-5
8.038020232533396e-5
8.049447149157882e-5
8.060901831420912e-5
8.072377567105934e-5
8.08387374613443e-5
8.095400096482942e-5
8.10695171120814e-5
8.118527242842874e-5
8.13012675113333e-5
8.141749543677472e-5
8.153393544451827e-5
8.165057182295419e-5
8.176749254419349e-5
8.18846944996418e-5
8.200212864118685e-5
8.211978862750982e-5
8.223767180306595e-5
8.235576339191589e-5
8.247406624058349e-5
8.25926371750079e-5
8.27115065232553e-5
8.283064177562279e-5
8.295004199971429e-5
8.306968841140572e-5
8.318955253432024e-5
8.330964285444006e-5
8.34300579952622e-5
8.355069856100557e-5
8.367155962292944e-5
8.379263661200034e-5
8.391394356244121e-5
8.403549508495405e-5
8.415737838080515e-5
8.42795767072239e-5
8.440200570634476e-5
8.45246624490951e-5
8.464753924440638e-5
8.477056662579991e-5
8.489394778333971e-5
8.501761724614053e-5
8.51415059884855e-5
8.526561151440302e-5
8.538999977155353e-5
8.551460015105068e-5
8.563947395478588e-5
8.576463921197311e-5
8.589010624653816e-5
8.601585113901481e-5
8.614183902254292e-5
8.626802494053489e-5
8.63944813492109e-5
8.652121319865347e-5
8.664819753062475e-5
8.677546149418944e-5
8.69029967990297e-5
8.703078822663835e-5
8.715886928350997e-5
8.728723809348994e-5
8.741582134221416e-5
8.754461379029963e-5
8.767364762394682e-5
8.780298194071397e-5
8.7932686937112e-5
8.806265380716349e-5
8.819286615074151e-5
8.832330346594974e-5
8.845397401128557e-5
8.858499847523201e-5
8.871635424462968e-5
8.88479671924895e-5
8.897986910911976e-5
8.911198697552337e-5
8.924433641479823e-5
8.937703286014135e-5
8.951002589789601e-5
8.964322146483398e-5
8.977660319919912e-5
8.991026216392446e-5
9.004434338536388e-5
9.017868475640637e-5
9.031332916737581e-5
9.044819342621607e-5
9.058327598241017e-5
9.07186921231042e-5
9.085434845371343e-5
9.099030820885225e-5
9.11265953457181e-5
9.126313165736507e-5
9.13999919139778e-5
9.153712207747462e-5
9.167443213076715e-5
9.181203842241469e-5
9.194997343360507e-5
9.208825748611113e-5
9.222684288486025e-5
9.236567124340037e-5
9.250470592963865e-5
9.264401788788341e-5
9.278370601526767e-5
9.292373942447528e-5
9.306404484671705e-5
9.320453399047074e-5
9.334531360228655e-5
9.348652092316461e-5
9.362802095229343e-5
9.376976797379266e-5
9.391174021716736e-5
9.405396085156143e-5
9.419651926146113e-5
9.433937351649897e-5
9.448254340496266e-5
9.46260219406983e-5
9.47698591765431e-5
9.491404532938562e-5
9.505850357024679e-5
9.520321955608435e-5
9.534810839547254e-5
9.549335332267037e-5
9.563886486284766e-5
9.578473334773177e-5
9.593092705654568e-5
9.60773943563735e-5
9.622420355861993e-5
9.637119371237817e-5
9.651840084922191e-5
9.666598947793495e-5
9.681406000020418e-5
9.696238233194991e-5
9.711095469951933e-5
9.725961253899087e-5
9.740883106414086e-5
9.755840226306814e-5
9.770832098353361e-5
9.785842414452463e-5
9.800864818705087e-5
9.815938330464563e-5
9.831052351444098e-5
9.8461904268441e-5
9.861341098926565e-5
9.876535311101424e-5
9.89176298140589e-5
9.907023438862893e-5
9.922310168555517e-5
9.937622915121964e-5
9.952975750759047e-5
9.968362121160645e-5
9.983773650867717e-5
9.99921180556996e-5
0.00010014685022537093
0.00010030193930953781
0.00010045734541390424
0.00010061300714618716
0.00010076905635117267
0.00010092546234067673
0.00010108215813698339
0.00010123905934609668
0.00010139628537850042
0.0001015538838279072
0.00010171185864766488
0.00010187017064732286
0.00010202883692725641
0.000102187811119366
0.00010234695717931043
0.00010250631745367783
0.00010266612362622622
0.00010282644245328611
0.00010298702277325059
0.00010314778511629528
0.00010330888062811574
0.00010347047475491832
0.00010363240331763921
0.00010379451945109435
0.00010395684823769831
0.00010411959534605358
0.00010428278637333247
0.0001044462725500292
0.00010460999762000635
0.00010477411013719394
0.00010493864819696739
0.0001051034270719774
0.00010526842723081444
0.00010543378276796037
0.00010559951252797722
0.00010576554644376666
0.00010593192241373124
0.00010609867163485849
0.00010626579493369233
0.00010643328843053468
0.00010660094007252894
0.00010676906709097276
0.0001069374636847897
0.00010710622424201574
0.0001072751479419142
0.00010744452746892422
0.00010761422133742808
0.00010778436310667074
0.0001079546527724302
0.00010812549534113753
0.00010829669983148226
0.00010846813009437134
0.00010863976033025022
0.00010881185318477364
0.00010898430192008298
0.00010915705077544972
0.00010933012580581432
0.0001095036405383296
0.00010967723597185299
0.00010985132546378207
0.00011002594220786649
0.00011020097004533808
0.00011037611502244344
0.00011055122458260033
0.0001107270148219595
0.00011090339490484646
0.00011108004121485233
0.00011125660328209959
0.00011143381074262501
0.00011161143951486984
0.00011178940191489397
0.0001119674844064214
0.00011214615388152676
0.00011232518260601124
0.00011250442908431585
0.00011268382515020662
0.00011286378362990128
0.00011304418394321257
0.0001132248684022235
0.00011340582649201116
0.00011358719834446922
0.00011376891816122285
0.00011395083291318927
0.0001141332013880251
0.00011431600363837158
0.00011449915756307582
0.00011468255376849663
0.00011486633134786563
0.00011505048826149851
0.00011523494537484017
0.00011541973808276902
0.00011560495232620203
0.00011579054482212982
0.00011597634824457329
0.0001161625899068804
0.00011634918399928955
0.00011653609412713727
0.0001167233379325271
0.0001169110440614448
0.00011709911460298778
0.00011728743556547917
0.00011747608376516128
0.00011766509867672032
0.0001178544694427829
0.00011804416857805699
0.0001182343636032818
0.00011842489121025695
0.00011861564532537766
0.00011880676996091427
0.00011899833147914097
0.00011919015920810844
0.00011938218780057616
0.00011957486768972444
0.00011976806530117217
0.00011996131727966634
0.00012015467289446109
0.00012034862698813752
0.0001205431943745731
0.00012073788591985613
0.00012093275753954224
0.00012112817866630932
0.00012132411968997013
0.00012152022529308508
0.00012171656463294092
0.00012191337525824476
0.00012211057563833003
0.00012230814983885138
0.00012250612316118701
0.00012270439225350662
0.00012290281732446517
0.00012310162569774
0.0001233010638218006
0.0001235008527614809
0.00012370082656483345
0.00012390111896505956
0.00012410183886719047
0.0001243029169453427
0.00012450434698355346
0.00012470618312302256
0.00012490825891269217
0.00012511070463288798
0.00012531362297380687
0.00012551690880529198
0.00012572047302376334
0.0001259242804017532
0.0001261286169835668
0.00012633326765237407
0.0001265383025992105
0.00012674366756659032
0.0001269493616416527
0.00012715529301309737
0.00012736167957236652
0.00012756852954808374
0.00012777562291009246
0.00012798303679798385
0.0001281909141183986
0.00012839907326199374
0.00012860760186524139
0.00012881656084927468
0.00012902583746276052
0.00012923528547793145
0.00012944513975852277
0.00012965557923204642
0.00012986618249285388
0.000130077103090038
0.00013028854101229906
0.00013050023416362518
0.00013071212729821633
0.00013092457426363185
0.00013113756126967535
0.00013135048489019285
0.00013156364357934508
0.00013177776823614491
0.00013199210122385283
0.00013220641663822297
0.00013242108036007132
0.000132636534426879
0.00013285203690598414
0.00013306764724045365
0.0001332840692361006
0.0001335008574523459
0.0001337176293697897
0.0001339346496870942
0.00013415251928236522
0.00013437064747325435
0.00013458879826283617
0.0001348073432994951
0.0001350263749500888
0.00013524572542179288
0.00013546550292152165
0.00013568551930242802
0.00013590580618472975
0.000136126533845889
0.00013634767823131384
0.00013656909617349016
0.00013679074982997868
0.0001370128907948921
0.00013723532922781947
0.00013745792270160515
0.00013768111299670806
0.00013790466049068607
0.00013812846694179182
0.0001383525077691445
0.00013857684038028474
0.000138801608145199
0.00013902678352898293
0.00013925235162476918
0.0001394780072361705
0.00013970392727196267
0.00013993056410026416
0.0001401574104199219
0.00014038447315611156
0.00014061183568638564
0.0001408395671865127
0.0001410677125956309
0.00014129612101194359
0.00014152493149589447
0.00014175389655015483
0.00014198325173239837
0.0001422130911515464
0.00014244299734624514
0.00014267328788370506
0.00014290414433050326
0.00014313515502988638
0.0001433663608516004
0.0001435980213023256
0.00014383002793577404
0.00014406220586400117
0.00014429482288722223
0.00014452781251991936
0.00014476091904354606
0.0001449943691917463
0.00014522842882508545
0.00014546242089857138
0.0001456966105293758
0.00014593168688979897
0.00014616687628230283
0.00014640200422599668
0.00014663768429081187
0.00014687379782111912
0.00014710996815647058
0.0001473464796328456
0.00014758360521778012
0.00014782063508571834
0.00014805783633622745
0.00014829598573678227
0.0001485341036426035
0.00014877204011716039
0.00014901084200576794
0.00014925010077328733
0.00014948925489504324
0.00014972857314472554
0.000149968560552274
0.0001502087039279642
0.00015044884229897316
0.00015068965531875422
0.00015093072375724028
0.0001511718432323664
0.00015141339351179252
0.00015165519613195966
0.00015189713646108715
0.00015213944204458583
0.00015238202999899654
0.0001526249081875805
0.00015286814761556784
0.000153111628936041
0.00015335523891606793
0.00015359922586432903
0.00015384350481374755
0.0001540878842918506
0.0001543325637459441
0.00015457769004561422
0.00015482293694086811
0.00015506820652104987
0.0001553139986331283
0.00015556013273380844
0.00015580630250601054
0.00015605285164520065
0.00015629953788729142
0.00015654649531932088
0.00015679387280996486
0.00015704126415154053
0.00015728894325178915
0.00015753694947846138
0.00015778513559965577
0.00015803350232970658
0.00015828210861075232
0.00015853102250832396
0.00015878006293386642
0.0001590293541229747
0.0001592789895544111
0.00015952863729370195
0.00015977850374173988
0.00016002880435598066
0.00016027915957712608
0.0001605297235398229
0.00016078058266843435
0.0001610314302438325
0.0001612826599853138
0.00016153422882731855
0.00016178574526604753
0.00016203752451889218
0.00016228967638822126
0.00016254181292508127
0.0001627940208426914
0.00016304668785289974
0.0001632994918158604
0.00016355225697009057
0.00016380538502397084
0.00016405867772780508
0.00016431196521961175
0.00016456562324001416
0.00016481951109821637
0.00016507330649224308
0.00016532740609660404
0.00016558185252102533
0.00016583602067971121
0.00016609046554176505
0.00016634546492486852
0.0001666000469394581
0.00016685481765394975
0.0001671103205461951
0.00016736551610847605
0.00016762069796987406
0.00016787645747580538
0.000168132174352782
0.00016838766329660255
0.00016864356564201134
0.00016889974514822448
0.00016915567518627317
0.00016941185668764545
0.00016966839284685437
0.00016992466656993107
0.0001701810706833385
0.00017043788140810862
0.0001706943955684598
0.00017095098832145433
0.00017120812466161112
0.00017146507615249632
0.00017172191900015053
0.00017197913080796713
0.00017223634935395902
0.00017249345461078412
0.00017275071327075675
0.00017300807204672337
0.00017326547044688796
0.0001735228936056892
0.00017378026140665135
0.00017403775596564286
0.00017429539019485498
0.00017455284111127055
0.0001748104023491963
0.00017506820954671796
0.00017532580887340336
0.00017558340368523963
0.0001758411721057815
0.00017609880637283005
0.0001763564033426307
0.0001766140707927209
0.00017687161775805524
0.00017712915457023426
0.00017738682976385078
0.00017764450215064154
0.00017790196934538435
0.000178159390390201
0.0001784169419961195
0.00017867426860081342
0.00017893144919876533
0.00017918887398637423
0.0001794461441071342
0.0001797033110065488
0.0001799604365227125
0.00018021742844654147
0.0001804744152488461
0.00018073118662214352
0.00018098783293604478
0.0001812445840206624
0.00018150106493867475
0.00018175732122433882
0.00018201375317711792
0.00018226993806490065
0.00018252571757515186
0.00018278170366606308
0.00018303754536216655
0.00018329299247006432
0.00018354854851315003
0.0001838038233308085
0.00018405880944249797
0.00018431385540903684
0.00018456863298998703
0.0001848230096333674
0.0001850775072917761
0.0001853317243266099
0.00018558538866236685
0.00018583925712400322
0.00018609287131963884
0.00018634591058405348
0.0001865991267501327
0.00018685207021528836
0.00018710430606205447
0.00018735666382919838
0.00018760876415701267
0.00018786011730145686
0.00018811166152942613
0.0001883630018766982
0.00018861352957833793
0.00018886422109523312
0.00018911467014332437
0.0001893642856576496
0.00018961380897302647
0.00018986325230592308
0.00019011196368492767
0.0001903602815498683
0.00019060861341369548
0.00019085630628499386
0.00019110353602213226
0.00019135078320890777
0.00019159724330581804
0.00019184310198014026
0.00019208918782488626
0.00019233433793170538
0.00019257878938597583
0.0001928237275001491
0.00019306766781479495
0.00019331061448976097
0.00019355404428418393
0.00019379669352052336
0.0001940381393039707
0.00019427994779571032
0.00019452118098246143
0.00019476111793184615
0.0001950011647698664
0.00019524078740487086
0.0001954791941971062
0.00019571749408820685
0.0001959554054981891
0.00019619211441560433
0.0001964286012976844
0.00019666466112601652
0.00019689962364047666
0.00019713415122120606
0.00019736823082647752
0.0001976012661647738
0.00019783369202017179
0.00019806573830638143
0.00019829681868403814
0.0001985271338813828
0.00019875696617073954
0.00019898584347828488
0.00019921394690840065
0.00019944148077827016
0.00019966808855016233
0.00019989395540327153
0.00020011908648261795
0.00020034320838210879
0.00020056667494018816
0.0002007892940787044
0.00020101085590359987
0.00020123184169440917
0.00020145173878229915
0.00020167059983678296
0.00020188890711345537
0.00020210599948173571
0.0002023220115427783
0.0002025374890457617
0.00020275171394370186
0.0002029648091464423
0.0002031773073866529
0.0002033885565957594
0.00020359855398508395
0.00020380778245175134
0.00020401583540310953
0.00020422267768705732
0.00020442860232239963
0.0002046332892979417
0.00020483676536091363
0.0002050392284625071
0.00020524037510864465
0.00020544029317163225
0.000205639155308689
0.00020583666601626724
0.00020603293322132588
0.00020622808332130288
0.00020642177128271733
0.00020661413895938643
0.0002068052757607584
0.00020699489429514705
0.00020718320911881005
0.00020737023860460018
0.0002075557059489898
0.00020773982024788946
0.00020792260868077595
0.00020810368808700953
0.00020828330405715424
0.0002084615840416133
0.0002086380849121485
0.0002088130280406816
0.00020898661704445845
0.00020915836925276495
0.00020932846009977412
0.00020949713590153664
0.00020966394245549674
0.00020982902488290422
0.00020999257568209018
0.00021015416941728415
0.0002103139850909008
0.00021047214521160222
0.00021062828400047296
0.0002107826144877255
0.00021093518962502937
0.00021108568598271778
0.00021123432818619155
0.00021138107790703294
0.00021152563561386295
0.00021166828356373215
0.0002118089513728033
0.0002119473544886286
0.0002120837740244379
0.00021221808709957378
0.0002123500616706568
0.00021248002138771432
0.00021260778045941153
0.00021273306275111878
0.00021285620980082088
0.00021297708119327863
0.0002130953964449261
0.00021321144544170052
0.00021332511667698724
0.00021343615527166023
0.00021354482187879134
0.00021365101764984597
0.00021375450057138428
0.00021385549652180386
0.00021395388458516086
0.00021404944344085303
0.00021414240335737873
0.00021423264171421138
0.00021431996592316213
0.00021440459284691998
0.00021448637491644945
0.0002145651195209945
0.00021464102303101978
0.00021471395867587716
0.00021478375372645833
0.00021485057833616993
0.000214914308928951
0.0002149747655850652
0.00021503210555428386
0.00021508622931519394
0.00021513697436402232
0.00021518446017471026
0.0002152285780099613
0.00021526917081998568
0.0002153063624831412
0.0002153400445060056
0.00021537007389493818
0.00021539653513752552
0.00021541933368834554
0.00021543834563590405
0.00021545361119036102
0.00021546504755049558
0.00021547256747626232
0.0002154761523360385
0.00021547573027660134
0.00021547125425594335
0.00021546265716581174
0.0002154498723132619
0.00021543288601593244
0.0002154115833536595
0.00021538589977885728
0.00021535583474801407
0.00021532125952368619
0.00021528211596260664
0.00021523840149307146
0.00021518998814284716
0.00021513680699012755
0.00021507884650505925
0.000215015988768227
0.00021494813760295699
0.000214875295189358
0.0002147973683336782
0.000214714165928985
0.0002146257250784637
0.00021453200482348541
0.00021443284122968544
0.00021432814407407785
0.00021421791633982788
0.0002141020658130543
0.00021398039277970466
0.0002138529092537108
0.00021371956889013725
0.00021358005829061162
0.00021343447350404284
0.00021328290461450835
0.00021312484036713612
0.00021296035420719487
0.00021278964561788078
0.00021261209690004427
0.00021242781359027033
0.00021223708470713163
0.00021203918548265237
0.0002118342253239295
0.00021162246679309608
0.00021140318877943589
0.00021117656624850337
0.0002109426423346227
0.00021070100595634115
0.00021045165609168983
0.00021019453433130433
0.0002099295714087958
0.00020965645224266108
0.00020937505755422208
0.00020908549314361323
0.00020878724815663708
0.00020848023691800248
0.00020816468357415498
0.00020784019413571387
0.0002075064033773716
0.00020716352506900415
0.00020681154921432993
0.0002064496877381547
0.00020607795693444665
0.0002056967840478543
0.00020530528999763596
0.00020490329957854807
0.00020449143715930645
0.00020406880951436736
0.000203634828520204
0.00020319036901373047
0.0002027346572875748
0.00020226698351869527
0.0002017884880704971
0.00020129805786857778
0.0002007949008930866
0.0002002802366834821
0.00019975283270687002
0.0001992119633722064
0.00019865897972873487
0.00019809247359244664
0.00019751187215287971
0.00019691848214240667
0.0001963105519139721
0.00019568764020503284
0.00019505110474239885
0.0001943990101208884
0.00019373100487929553
0.00019304850879890535
0.00019234971054552652
0.00019163404895871774
0.00019090255246749375
0.00019015355390697558
0.00018938674953623678
0.00018860305314009925
0.00018780052409903106
0.00018697910952277408
0.0001861396651518785
0.0001852798020326828
0.00018439989856477217
0.0001835006963106699
0.0001825792633764604
0.0001816363972775127
0.00018067244853571052
0.00017968387992395318
0.00017867284599695917
0.00017763971393187922
0.00017657968932591108
0.00017549534027644487
0.00017438678161112454
0.00017324856339894667
0.0001720842422707062
0.00017089375321252198
0.00016967068407853573
0.000168418786978257
0.00016713797135861478
0.0001658217971174055
0.00016447396004274492
0.00016309433586453252
0.00016167595548212646
0.00016022216918261774
0.00015873316581100654
0.0001572015885828625
0.000155630224940007
0.0001540190525052688
0.00015236063102293688
0.0001506574712546789
0.00014890892554664164
0.00014710769578693656
0.0001452560271874274
0.00014335191669260917
0.00014138721347523533
0.00013936436290166822
0.00013728092470853797
0.00013512726042522026
0.00013290609062240375
0.00013061373664337536
0.00012823796654925043
0.00012578242384887487
0.0001232408246070004
0.00012059740365241366
0.00011785657391336978
0.00011501000992294824
0.00011203753193561182
0.00010894080245166429
0.0001057069904239968
0.00010231008003668835
9.874624290936793e-5
9.499565820820729e-5
9.101991702763806e-5
8.680141485731239e-5
8.230485398236111e-5
7.746205856046182e-5
7.221800303855852e-5
6.648280606995329e-5
6.0088525548244414e-5
5.2815444417707606e-5
4.42403494591461e-5
3.332039231602937e-5
1.5836072423175064e-5
0.0
0.0
0.0
0.0
0.0
0.0
0.0
0.0
0.0
0.0
0.0
0.0
0.0
0.0
0.0
0.0
0.0
0.0
0.0
0.0
0.0
0.0
0.0
0.0
0.0
0.0
0.0
0.0
0.0
0.0
0.0
0.0
0.0
0.0
0.0
0.0
0.0
0.0
0.0
0.0
0.0
0.0
0.0
0.0
0.0
0.0
0.0
0.0
0.0
0.0
0.0
0.0
0.0
0.0
0.0
0.0
0.0
0.0
0.0
0.0
0.0
0.0
0.0
0.0
0.0
0.0
0.0
0.0
0.0
0.0
0.0
0.0
0.0
0.0
0.0
0.0
0.0
0.0
0.0
0.0
0.0
0.0
0.0
0.0
0.0
0.0
0.0
0.0
0.0
0.0
0.0
0.0
0.0
0.0
0.0
0.0
0.0
0.0
0.0
0.0
0.0
0.0
0.0
0.0
0.0
0.0
0.0
0.0
0.0
0.0
0.0
0.0
0.0
0.0
0.0
0.0
0.0
0.0
0.0
0.0
0.0
0.0
0.0
0.0
0.0
0.0
0.0
0.0
0.0
0.0
0.0
0.0
0.0
0.0
0.0
0.0
0.0
0.0
0.0
0.0
0.0
0.0
0.0
0.0
0.0
0.0
0.0
0.0
0.0
0.0
0.0
0.0
0.0
0.0
0.0
0.0
0.0
0.0
0.0
0.0
0.0
0.0
0.0
0.0
0.0
0.0
0.0
0.0
0.0
0.0
0.0
0.0
0.0
0.0
0.0
0.0
0.0
0.0
0.0
0.0
0.0
0.0
0.0
0.0
0.0
0.0
0.0
0.0
0.0
0.0
0.0
0.0
0.0
0.0
0.0
0.0
0.0
0.0
0.0
0.0
0.0
0.0
0.0
0.0
0.0
0.0
0.0
0.0
0.0
0.0
0.0
0.0
0.0
0.0
0.0
0.0
0.0
0.0
0.0
0.0
0.0
0.0
0.0
0.0
0.0
0.0
0.0
0.0
0.0
0.0
0.0
0.0
0.0
0.0
0.0
0.0
0.0
0.0
0.0
0.0
0.0
0.0
0.0
0.0
0.0
0.0
0.0
0.0
0.0
0.0
0.0
0.0
0.0
0.0
0.0
0.0
0.0
0.0
0.0
0.0
0.0
0.0
0.0
0.0
0.0
0.0
0.0
0.0
0.0
0.0
0.0
0.0
0.0
0.0
0.0
0.0
0.0
0.0
0.0
0.0
0.0
0.0
0.0
0.0
0.0
0.0
0.0
0.0
0.0
0.0
0.0
0.0
0.0
0.0
0.0
0.0
0.0
0.0
0.0
0.0
0.0
0.0
0.0
0.0
0.0
0.0
0.0
0.0
0.0
0.0
0.0
0.0
0.0
0.0
0.0
0.0
0.0
0.0
0.0
0.0
0.0
0.0
0.0
0.0
0.0
0.0
0.0
0.0
0.0
0.0
0.0
0.0
0.0
0.0
0.0
0.0
0.0
0.0
0.0
0.0
0.0
0.0
0.0
0.0
0.0
0.0
0.0
0.0
0.0
0.0
0.0
0.0
0.0
0.0
0.0
0.0
0.0
0.0
0.0
0.0
0.0
0.0
0.0
0.0
0.0
0.0
0.0
0.0
0.0
0.0
0.0
0.0
0.0
0.0
0.0
0.0
0.0
0.0
0.0
0.0
0.0
0.0
0.0
0.0
0.0
0.0
0.0
0.0
0.0
0.0
0.0
0.0
0.0
0.0
0.0
0.0
0.0
0.0
0.0
0.0
0.0
0.0
0.0
0.0
0.0
0.0
0.0
0.0
0.0
0.0
0.0
0.0
0.0
0.0
0.0
0.0
0.0
0.0
0.0
0.0
0.0
0.0
0.0
0.0
0.0
0.0
0.0
0.0
0.0
0.0
0.0
0.0
0.0
0.0
0.0
0.0
0.0
0.0
0.0
0.0
0.0
0.0
0.0
0.0
0.0
0.0
0.0
0.0
0.0
0.0
0.0
0.0
0.0
0.0
0.0
0.0
0.0
0.0
0.0
0.0
0.0
0.0
0.0
0.0
0.0
0.0
0.0
0.0
0.0
0.0
0.0
0.0
0.0
0.0
0.0
0.0
0.0
0.0
0.0
0.0
0.0
0.0
0.0
0.0
0.0
0.0
0.0
0.0
0.0
0.0
0.0
0.0
0.0
0.0
0.0
0.0
0.0
0.0
0.0
0.0
0.0
0.0
0.0
0.0
0.0
0.0
0.0
0.0
0.0
0.0
0.0
0.0
0.0
0.0
0.0
0.0
0.0
0.0
0.0
0.0
0.0
0.0
0.0
0.0
0.0
0.0
0.0
0.0
0.0
0.0
0.0
0.0
0.0
0.0
0.0
0.0
0.0
0.0
0.0
0.0
0.0
0.0
0.0
0.0
0.0
0.0
0.0
0.0
0.0
0.0
0.0
0.0
0.0
0.0
0.0
0.0
0.0
0.0
0.0
0.0
0.0
0.0
0.0
0.0
0.0
0.0
0.0
0.0
0.0
0.0
0.0
0.0
0.0
0.0
0.0
0.0
0.0
0.0
0.0
0.0
0.0
0.0
0.0
0.0
0.0
0.0
0.0
0.0
0.0
0.0
0.0
0.0
0.0
0.0
0.0
0.0
0.0
0.0
0.0
0.0
0.0
0.0
0.0
0.0
0.0
0.0
0.0
0.0
0.0
0.0
0.0
0.0
0.0
0.0
0.0
0.0
0.0
0.0
0.0
0.0
0.0
0.0
0.0
0.0
0.0
0.0
0.0
0.0
0.0
0.0
0.0
0.0
0.0
0.0
0.0
0.0
0.0
0.0
0.0
0.0
0.0
0.0
0.0
0.0
0.0
0.0
0.0
0.0
0.0
0.0
0.0
0.0
0.0
0.0
0.0
0.0
0.0
0.0
0.0
0.0
0.0
0.0
0.0
0.0
0.0
0.0
0.0
0.0
0.0
0.0
0.0
0.0
0.0
0.0
0.0
0.0
0.0
0.0
0.0
0.0
0.0
0.0
0.0
0.0
0.0
0.0
0.0
0.0
0.0
0.0
0.0
0.0
0.0
0.0
0.0
0.0
0.0
0.0
0.0
0.0
0.0
0.0
0.0
0.0
0.0
0.0
0.0
0.0
0.0
0.0
0.0
0.0
0.0
0.0
0.0
0.0
0.0
0.0
0.0
0.0
0.0
0.0
0.0
0.0
0.0
0.0
0.0
0.0
0.0
0.0
0.0
0.0
0.0
0.0
0.0
0.0
0.0
0.0
0.0
0.0
0.0
0.0
0.0
0.0
0.0
0.0
0.0
0.0
0.0
0.0
0.0
0.0
0.0
0.0
0.0
0.0
0.0
0.0
0.0
0.0
0.0
0.0
0.0
0.0
0.0
0.0
0.0
0.0
0.0
0.0
0.0
0.0
0.0
0.0
0.0
0.0
0.0
0.0
0.0
0.0
0.0
0.0
0.0
0.0
0.0
0.0
0.0
0.0
0.0
0.0
0.0
0.0
0.0
0.0
0.0
0.0
0.0
0.0
0.0
0.0
0.0
0.0
0.0
0.0
0.0
0.0
0.0
0.0
0.0
0.0
0.0
0.0
0.0
0.0
0.0
0.0
0.0
0.0
0.0
0.0
0.0
0.0
0.0
0.0
0.0
0.0
0.0
0.0
0.0
0.0
0.0
0.0
0.0
0.0
0.0
0.0
0.0
0.0
0.0
0.0
0.0
0.0
0.0
0.0
0.0
0.0
0.0
0.0
0.0
0.0
0.0
0.0
0.0
0.0
0.0
0.0
0.0
0.0
0.0
0.0
0.0
0.0
0.0
0.0
0.0
0.0
0.0
0.0
0.0
0.0
0.0
0.0
0.0
0.0
0.0
0.0
0.0
0.0
0.0
0.0
0.0
0.0
0.0
0.0
0.0
0.0
0.0
0.0
0.0
0.0
0.0
0.0
0.0
0.0
0.0
0.0
0.0
0.0
0.0
0.0
0.0
0.0
0.0
0.0
0.0
0.0
0.0
0.0
0.0
0.0
0.0
0.0
0.0
0.0
0.0
0.0
0.0
0.0
0.0
0.0
0.0
0.0
0.0
0.0
0.0
0.0
0.0
0.0
0.0
0.0
0.0
0.0
0.0
0.0
0.0
0.0
0.0
0.0
0.0
0.0
0.0
0.0
0.0
0.0
0.0
0.0
0.0
0.0
0.0
0.0
0.0
0.0
0.0
0.0
0.0
0.0
0.0
0.0
0.0
0.0
0.0
0.0
0.0
0.0
0.0
0.0
0.0
0.0
0.0
0.0
0.0
0.0
0.0
0.0
0.0
0.0
0.0
0.0
0.0
0.0
0.0
0.0
0.0
0.0
0.0
0.0
0.0
0.0
0.0
0.0
0.0
0.0
0.0
0.0
0.0
0.0
0.0
0.0
0.0
0.0
0.0
0.0
0.0
0.0
0.0
0.0
0.0
0.0
0.0
0.0
0.0
0.0
0.0
0.0
0.0
0.0
0.0
0.0
0.0
0.0
0.0
0.0
0.0
0.0
0.0
0.0
0.0
0.0
0.0
0.0
0.0
0.0
0.0
0.0
0.0
0.0
0.0
0.0
0.0
0.0
0.0
0.0
0.0
0.0
0.0
0.0
0.0
0.0
0.0
0.0
0.0
0.0
0.0
0.0
0.0
0.0
0.0
0.0
0.0
0.0
0.0
0.0
0.0
0.0
0.0
0.0
0.0
0.0
0.0
0.0
0.0
0.0
0.0
0.0
0.0
0.0
0.0
0.0
0.0
0.0
0.0
0.0
0.0
0.0
0.0
0.0
0.0
0.0
0.0
0.0
0.0
0.0
0.0
0.0
0.0
0.0
0.0
0.0
0.0
0.0
0.0
0.0
0.0
0.0
0.0
0.0
0.0
0.0
0.0
0.0
0.0
0.0
0.0
0.0
0.0
0.0
0.0
0.0
0.0
0.0
0.0
0.0
0.0
0.0
0.0
0.0
0.0
0.0
0.0
0.0
0.0
0.0
0.0
0.0
0.0
0.0
0.0
0.0
0.0
0.0
0.0
0.0
0.0
0.0
0.0
0.0
0.0
0.0
0.0
0.0
0.0
0.0
0.0
0.0
0.0
0.0
0.0
0.0
0.0
0.0
0.0
0.0
0.0
0.0
0.0
0.0
0.0
0.0
0.0
0.0
0.0
0.0
0.0
0.0
0.0
0.0
0.0
0.0
0.0
0.0
0.0
0.0
0.0
0.0
0.0
0.0
0.0
0.0
0.0
0.0
0.0
0.0
0.0
0.0
0.0
0.0
0.0
0.0
0.0
0.0
0.0
0.0
0.0
0.0
0.0
0.0
0.0
0.0
0.0
0.0
0.0
0.0
0.0
0.0
0.0
0.0
0.0
0.0
0.0
0.0
0.0
0.0
0.0
0.0
0.0
0.0
0.0
0.0
0.0
0.0
0.0
0.0
0.0
0.0
0.0
0.0
0.0
0.0
0.0
0.0
0.0
0.0
0.0
0.0
0.0
0.0
0.0
0.0
0.0
0.0
0.0
0.0
0.0
0.0
0.0
0.0
0.0
0.0
0.0
0.0
0.0
0.0
0.0
0.0
0.0
0.0
0.0
0.0
0.0
0.0
0.0
0.0
0.0
0.0
0.0
0.0
0.0
0.0
0.0
0.0
0.0
0.0
0.0
0.0
0.0
0.0
0.0
0.0
0.0
0.0
0.0
0.0
0.0
0.0
0.0
0.0
0.0
0.0
0.0
0.0
0.0
0.0
0.0
0.0
0.0
0.0
0.0
0.0
0.0
0.0
0.0
0.0
0.0
0.0
0.0
0.0
0.0
0.0
0.0
0.0
0.0
0.0
0.0
0.0
0.0
0.0
0.0
0.0
0.0
0.0
0.0
0.0
0.0
0.0
0.0
0.0
0.0
0.0
0.0
0.0
0.0
0.0
0.0
0.0
0.0
0.0
0.0
0.0
0.0
0.0
0.0
0.0
0.0
0.0
0.0
0.0
0.0
0.0
0.0
0.0
0.0
0.0
0.0
0.0
0.0
0.0
0.0
0.0
0.0
0.0
0.0
0.0
0.0
0.0
0.0
0.0
0.0
0.0
0.0
0.0
0.0
0.0
0.0
0.0
0.0
0.0
0.0
0.0
0.0
0.0
0.0
0.0
0.0
0.0
0.0
0.0
0.0
0.0
0.0
0.0
0.0
0.0
0.0
0.0
0.0
0.0
0.0
0.0
0.0
0.0
0.0
0.0
0.0
0.0
0.0
0.0
0.0
0.0
0.0
0.0
0.0
0.0
0.0
0.0
0.0
0.0
0.0
0.0
0.0
0.0
0.0
0.0
0.0
0.0
0.0
0.0
0.0
0.0
0.0
0.0
0.0
0.0
0.0
0.0
0.0
0.0
0.0
0.0
0.0
0.0
0.0
0.0
0.0
0.0
0.0
0.0
0.0
0.0
0.0
0.0
0.0
0.0
0.0
0.0
0.0
0.0
0.0
0.0
0.0
0.0
0.0
0.0
0.0
0.0
0.0
0.0
0.0
0.0
0.0
0.0
0.0
0.0
0.0
0.0
0.0
0.0
0.0
0.0
0.0
0.0
0.0
0.0
0.0
0.0
0.0
0.0
0.0
0.0
0.0
0.0
0.0
0.0
0.0
0.0
0.0
0.0
0.0
0.0
0.0
0.0
0.0
0.0
0.0
0.0
0.0
0.0
0.0
0.0
0.0
0.0
0.0
0.0
0.0
0.0
0.0
0.0
0.0
0.0
0.0
0.0
0.0
0.0
0.0
0.0
0.0
0.0
0.0
0.0
0.0
0.0
0.0
0.0
0.0
0.0
0.0
0.0
0.0
0.0
0.0
0.0
0.0
0.0
0.0
0.0
0.0
0.0
0.0
0.0
0.0
0.0
0.0
0.0
0.0
0.0
0.0
0.0
0.0
0.0
0.0
0.0
0.0
0.0
0.0
0.0
0.0
0.0
0.0
0.0
0.0
0.0
0.0
0.0
0.0
0.0
0.0
0.0
0.0
0.0
0.0
0.0
0.0
0.0
0.0
0.0
0.0
0.0
0.0
0.0
0.0
0.0
0.0
0.0
0.0
0.0
0.0
0.0
0.0
0.0
0.0
0.0
0.0
0.0
0.0
0.0
0.0
0.0
0.0
0.0
0.0
0.0
0.0
0.0
0.0
0.0
0.0
0.0
0.0
0.0
0.0
0.0
0.0
0.0
0.0
0.0
0.0
0.0
0.0
0.0
0.0
0.0
0.0
0.0
0.0
0.0
0.0
0.0
0.0
0.0
0.0
0.0
0.0
0.0
0.0
0.0
0.0
0.0
0.0
0.0
0.0
0.0
0.0
0.0
0.0
0.0
0.0
0.0
0.0
0.0
0.0
0.0
0.0
0.0
0.0
0.0
0.0
0.0
0.0
0.0
0.0
0.0
0.0
0.0
0.0
0.0
0.0
0.0
0.0
0.0
0.0
0.0
0.0
0.0
0.0
0.0
0.0
0.0
0.0
0.0
0.0
0.0
0.0
0.0
0.0
0.0
0.0
0.0
0.0
0.0
0.0
0.0
0.0
0.0
0.0
0.0
0.0
0.0
0.0
0.0
0.0
0.0
0.0
0.0
0.0
0.0
0.0
0.0
0.0
0.0
0.0
0.0
0.0
0.0
0.0
0.0
0.0
0.0
0.0
0.0
0.0
0.0
0.0
0.0
0.0
0.0
0.0
0.0
0.0
0.0
0.0
0.0
0.0
0.0
0.0
0.0
0.0
0.0
0.0
0.0
0.0
0.0
0.0
0.0
0.0
0.0
0.0
0.0
0.0
0.0
0.0
0.0
0.0
0.0
0.0
0.0
0.0
0.0
0.0
0.0
0.0
0.0
0.0
0.0
0.0
0.0
0.0
0.0
0.0
0.0
0.0
0.0
0.0
0.0
0.0
0.0
0.0
0.0
0.0
0.0
0.0
0.0
0.0
0.0
0.0
0.0
0.0
0.0
0.0
0.0
0.0
0.0
0.0
0.0
0.0
0.0
0.0
0.0
0.0
0.0
0.0
0.0
0.0
0.0
0.0
0.0
0.0
0.0
0.0
0.0
0.0
0.0
0.0
0.0
0.0
0.0
0.0
0.0
0.0
0.0
0.0
0.0
0.0
0.0
0.0
0.0
0.0
0.0
0.0
0.0
0.0
0.0
0.0
0.0
0.0
0.0
0.0
0.0
0.0
0.0
0.0
0.0
0.0
0.0
0.0
0.0
0.0
0.0
0.0
0.0
0.0
0.0
0.0
0.0
0.0
0.0
0.0
0.0
0.0
0.0
0.0
0.0
0.0
0.0
0.0
0.0
0.0
0.0
0.0
0.0
0.0
0.0
0.0
0.0
0.0
0.0
0.0
0.0
0.0
0.0
0.0
0.0
0.0
0.0
0.0
0.0
0.0
0.0
0.0
0.0
0.0
0.0
0.0
0.0
0.0
0.0
0.0
0.0
0.0
0.0
0.0
0.0
0.0
0.0
0.0
0.0
0.0
0.0
0.0
0.0
0.0
0.0
0.0
0.0
0.0
0.0
0.0
0.0
0.0
0.0
0.0
0.0
0.0
0.0
0.0
0.0
0.0
0.0
0.0
0.0
0.0
0.0
0.0
0.0
0.0
0.0
0.0
0.0
0.0
0.0
0.0
0.0
0.0
0.0
0.0
0.0
0.0
0.0
0.0
0.0
0.0
0.0
0.0
0.0
0.0
0.0
0.0
0.0
0.0
0.0
0.0
0.0
0.0
0.0
0.0
0.0
0.0
0.0
0.0
0.0
0.0
0.0
0.0
0.0
0.0
0.0
0.0
0.0
0.0
0.0
0.0
0.0
0.0
0.0
0.0
0.0
0.0
0.0
0.0
0.0
0.0
0.0
0.0
0.0
0.0
0.0
0.0
0.0
0.0
0.0
0.0
0.0
0.0
0.0
0.0
0.0
0.0
0.0
0.0
0.0
0.0
0.0
0.0
0.0
0.0
0.0
0.0
0.0
0.0
0.0
0.0
0.0
0.0
0.0
0.0
0.0
0.0
0.0
0.0
0.0
0.0
0.0
0.0
0.0
0.0
0.0
0.0
0.0
0.0
0.0
0.0
0.0
0.0
0.0
0.0
0.0
0.0
0.0
0.0
0.0
0.0
0.0
0.0
0.0
0.0
0.0
0.0
0.0
0.0
0.0
0.0
0.0
0.0
0.0
0.0
0.0
0.0
0.0
0.0
0.0
0.0
0.0
0.0
0.0
0.0
0.0
0.0
0.0
0.0
0.0
0.0
0.0
0.0
0.0
0.0
0.0
0.0
0.0
0.0
0.0
0.0
0.0
0.0
0.0
0.0
0.0
0.0
0.0
0.0
0.0
0.0
0.0
0.0
0.0
0.0
0.0
0.0
0.0
0.0
0.0
0.0
0.0
0.0
0.0
0.0
0.0
0.0
0.0
0.0
0.0
0.0
0.0
0.0
0.0
0.0
0.0
0.0
0.0
0.0
0.0
0.0
0.0
0.0
0.0
0.0
0.0
0.0
0.0
0.0
0.0
0.0
0.0
0.0
0.0
0.0
0.0
0.0
0.0
0.0
0.0
0.0
0.0
0.0
0.0
0.0
0.0
0.0
0.0
0.0
0.0
0.0
0.0
0.0
0.0
0.0
0.0
0.0
0.0
0.0
0.0
0.0
0.0
0.0
0.0
0.0
0.0
0.0
0.0
0.0
0.0
0.0
0.0
0.0
0.0
0.0
0.0
0.0
0.0
0.0
0.0
0.0
0.0
0.0
0.0
0.0
0.0
0.0
0.0
0.0
0.0
0.0
0.0
0.0
0.0
0.0
0.0
0.0
0.0
0.0
0.0
0.0
0.0
0.0
0.0
0.0
0.0
0.0
0.0
0.0
0.0
0.0
0.0
0.0
0.0
0.0
0.0
0.0
0.0
0.0
0.0
0.0
0.0
0.0
0.0
0.0
0.0
0.0
0.0
0.0
0.0
0.0
0.0
0.0
0.0
0.0
0.0
0.0
0.0
0.0
0.0
0.0
0.0
0.0
0.0
0.0
0.0
0.0
0.0
0.0
0.0
0.0
0.0
0.0
0.0
0.0
0.0
0.0
0.0
0.0
0.0
0.0
0.0
0.0
0.0
0.0
0.0
0.0
0.0
0.0
0.0
0.0
0.0
0.0
0.0
0.0
0.0
0.0
0.0
0.0
0.0
0.0
0.0
0.0
0.0
0.0
0.0
0.0
0.0
0.0
0.0
0.0
0.0
0.0
0.0
0.0
0.0
0.0
0.0
0.0
0.0
0.0
0.0
0.0
0.0
0.0
0.0
0.0
0.0
0.0
0.0
0.0
0.0
0.0
0.0
0.0
0.0
0.0
0.0
0.0
0.0
0.0
0.0
0.0
0.0
0.0
0.0
0.0
0.0
0.0
0.0
0.0
0.0
0.0
0.0
0.0
0.0
0.0
0.0
0.0
0.0
0.0
0.0
0.0
0.0
0.0
0.0
0.0
0.0
0.0
0.0
0.0
0.0
0.0
0.0
0.0
0.0
0.0
0.0
0.0
0.0
0.0
0.0
0.0
0.0
0.0
0.0
0.0
0.0
0.0
0.0
0.0
0.0
0.0
0.0
0.0
0.0
0.0
0.0
0.0
0.0
0.0
0.0
0.0
0.0
0.0
0.0
0.0
0.0
0.0
0.0
0.0
0.0
0.0
0.0
0.0
0.0
0.0
0.0
0.0
0.0
0.0
0.0
0.0
0.0
0.0
0.0
0.0
0.0
0.0
0.0
0.0
0.0
0.0
0.0
0.0
0.0
0.0
0.0
0.0
0.0
0.0
0.0
0.0
0.0
0.0
0.0
0.0
0.0
0.0
0.0
0.0
0.0
0.0
0.0
0.0
0.0
0.0
0.0
0.0
0.0
0.0
0.0
0.0
0.0
0.0
0.0
0.0
0.0
0.0
0.0
0.0
0.0
0.0
0.0
0.0
0.0
0.0
0.0
0.0
0.0
0.0
0.0
0.0
0.0
0.0
0.0
0.0
0.0
0.0
0.0
0.0
0.0
0.0
0.0
0.0
0.0
0.0
0.0
0.0
0.0
0.0
0.0
0.0
0.0
0.0
0.0
0.0
0.0
0.0
0.0
0.0
0.0
0.0
0.0
0.0
0.0
0.0
0.0
0.0
0.0
0.0
0.0
0.0
0.0
0.0
0.0
0.0
0.0
0.0
0.0
0.0
0.0
0.0
0.0
0.0
0.0
0.0
0.0
0.0
0.0
0.0
0.0
0.0
0.0
0.0
0.0
0.0
0.0
0.0
0.0
0.0
0.0
0.0
0.0
0.0
0.0
0.0
0.0
0.0
0.0
0.0
0.0
0.0
0.0
0.0
0.0
0.0
0.0
0.0
0.0
0.0
0.0
0.0
0.0
0.0
0.0
0.0
0.0
0.0
0.0
0.0
0.0
0.0
0.0
0.0
0.0
0.0
0.0
0.0
0.0
0.0
0.0
0.0
0.0
0.0
0.0
0.0
0.0
0.0
0.0
0.0
0.0
0.0
0.0
0.0
0.0
0.0
0.0
0.0
0.0
0.0
0.0
0.0
0.0
0.0
0.0
0.0
0.0
0.0
0.0
0.0
0.0
0.0
0.0
0.0
0.0
0.0
0.0
0.0
0.0
0.0
0.0
0.0
0.0
0.0
0.0
0.0
0.0
0.0
0.0
0.0
0.0
0.0
0.0
0.0
0.0
0.0
0.0
0.0
0.0
0.0
0.0
0.0
0.0
0.0
0.0
0.0
0.0
0.0
0.0
0.0
0.0
0.0
0.0
0.0
0.0
0.0
0.0
0.0
0.0
0.0
0.0
0.0
0.0
0.0
0.0
0.0
0.0
0.0
0.0
0.0
0.0
0.0
0.0
0.0
0.0
0.0
0.0
0.0
0.0
0.0
0.0
0.0
0.0
0.0
0.0
0.0
0.0
0.0
