4.741750564374589e-5
4.755821860288647e-5
4.768651131033535e-5
4.780708980010509e-5
4.792169526462772e-5
4.8031410155707495e-5
4.813679049096831e-5
4.8237518935124695e-5
4.833549209722571e-5
4.8430536575488335e-5
4.852329736520476e-5
4.861420330679231e-5
4.870324633547226e-5
4.8790745595018335e-5
4.88763116360488e-5
4.896070126277034e-5
4.9044098129642406e-5
4.912658201212157e-5
4.920802248748271e-5
4.9288336582461866e-5
4.936799347667792e-5
4.944664805338915e-5
4.952466164607949e-5
4.960204876902116e-5
4.9678812204096135e-5
4.9755031509366934e-5
4.983080319871129e-5
4.990615502719117e-5
4.998085554642503e-5
5.005484826975592e-5
5.0128449690627e-5
5.020171627008754e-5
5.0274695107043004e-5
5.034741523845708e-5
5.041988096900554e-5
5.0492073468395766e-5
5.05637488971713e-5
5.063500836485477e-5
5.0705898903609124e-5
5.0776566435303e-5
5.0847080874253654e-5
5.0917449348984813e-5
5.0987674764970785e-5
5.105775321251509e-5
5.112751038706775e-5
5.1197077738713664e-5
5.126647888482271e-5
5.133576949006125e-5
5.1404888056993845e-5
5.147379256383128e-5
5.154256657372858e-5
5.161125474528052e-5
5.1679736382949956e-5
5.174812150012621e-5
5.181642953858e-5
5.18846613032002e-5
5.195282245041968e-5
5.202092003223128e-5
5.208894023658466e-5
5.215682517070894e-5
5.222457132722413e-5
5.229214664161338e-5
5.235961534073552e-5
5.242702937683235e-5
5.24944091365459e-5
5.2561761331308096e-5
5.262908407995942e-5
5.26963626089121e-5
5.276360328166048e-5
5.283069640141027e-5
5.289772947433873e-5
5.296475424901052e-5
5.3031782313488297e-5
5.3098810320822966e-5
5.316581524823311e-5
5.3232763443373794e-5
5.329964631061742e-5
5.3366450472047356e-5
5.343314209709451e-5
5.349983319320055e-5
5.356649962306934e-5
5.363315859140034e-5
5.369983989090018e-5
5.376655695437054e-5
5.3833305152086526e-5
5.390008520659579e-5
5.396687173002329e-5
5.403363656567159e-5
5.41004064778447e-5
5.416714821565496e-5
5.4233881132491915e-5
5.430061825883545e-5
5.4367351876454836e-5
5.443407686457077e-5
5.450081176228459e-5
5.456755399673813e-5
5.4634285891002724e-5
5.470105990346939e-5
5.4767899645627356e-5
5.483478579782119e-5
5.4901719161125875e-5
5.496870245053729e-5
5.503571692484363e-5
5.5102724712348545e-5
5.516969818241413e-5
5.5236689028335904e-5
5.530369679525933e-5
5.5370780232996816e-5
5.543792361054382e-5
5.550512068053479e-5
5.557236425200086e-5
5.563964539552527e-5
5.570695838776702e-5
5.577430631031073e-5
5.584170531347542e-5
5.590910960985483e-5
5.59765127772103e-5
5.6043957675073566e-5
5.611143880058586e-5
5.617897722197765e-5
5.624658806546245e-5
5.6314271396771745e-5
5.638202330920696e-5
5.644984657457038e-5
5.651774667990787e-5
5.6585710709534994e-5
5.66537333301549e-5
5.6721824842654724e-5
5.678993221887106e-5
5.685809796823357e-5
5.692633594349668e-5
5.6994638422721884e-5
5.70629976514152e-5
5.7131408170423444e-5
5.719987232756715e-5
5.7268399665869696e-5
5.733697274380596e-5
5.7405607766126695e-5
5.747432117699464e-5
5.754312085677584e-5
5.761199540074321e-5
5.768094168449459e-5
5.774997492390723e-5
5.781910756501688e-5
5.788833365074086e-5
5.795764598567316e-5
5.8027028140906474e-5
5.8096460279133994e-5
5.81659616040194e-5
5.823553510931184e-5
5.8305188479445875e-5
5.837493681143071e-5
5.844478646066358e-5
5.851471804065836e-5
5.858470237913139e-5
5.865474418236173e-5
5.872488812868689e-5
5.8795121028225956e-5
5.886540563973882e-5
5.8935778867801876e-5
5.900624060595554e-5
5.907678197245818e-5
5.9147441952431196e-5
5.9218206996518357e-5
5.928904175705097e-5
5.9359959479485946e-5
5.943098529649099e-5
5.950210551207724e-5
5.95733397705375e-5
5.964466811286366e-5
5.971606090196127e-5
5.9787553190716707e-5
5.9859132404052624e-5
5.9930844203490205e-5
6.000265697880548e-5
6.0074577972673954e-5
6.014661569183579e-5
6.021875486306555e-5
6.0290988737687516e-5
6.036333140188621e-5
6.0435778875343155e-5
6.050832731329965e-5
6.058091986803323e-5
6.065359270322918e-5
6.072632793615405e-5
6.0799193792689305e-5
6.0872172555825845e-5
6.094526330677504e-5
6.1018465426392696e-5
6.109178444027812e-5
6.116522566894841e-5
6.123878251843475e-5
6.131245507143591e-5
6.138626369053279e-5
6.1460170118009e-5
6.153422106783834e-5
6.160832032316317e-5
6.168257435376845e-5
6.175690243062397e-5
6.183132414313986e-5
6.190588120045407e-5
6.198056237413196e-5
6.20553616506625e-5
6.213027874455796e-5
6.220530117443566e-5
6.228043918225723e-5
6.235572222040984e-5
6.243110823760898e-5
6.25065959521435e-5
6.258223469844421e-5
6.265797583729463e-5
6.273384344323138e-5
6.28098217322854e-5
6.288588158240261e-5
6.296208813123747e-5
6.303842669926704e-5
6.311487247531932e-5
6.31914434223125e-5
6.326815238201324e-5
6.334499255384869e-5
6.342195538280642e-5
6.349903872909457e-5
6.357628775410519e-5
6.365363868392517e-5
6.373109024966408e-5
6.380870332600781e-5
6.388644871239801e-5
6.396431466254825e-5
6.40423226846643e-5
6.412046803125004e-5
6.419872121995379e-5
6.427711178174961e-5
6.43556634342896e-5
6.443433714840906e-5
6.451313362404425e-5
6.45920606883587e-5
6.467112112387927e-5
6.475033156732888e-5
6.482966972824126e-5
6.49091320437007e-5
6.49887175124529e-5
6.506843394466972e-5
6.514834713209573e-5
6.522838357740884e-5
6.530851740700294e-5
6.538877616555884e-5
6.546917625791615e-5
6.554971268445911e-5
6.563037983269502e-5
6.57111954677308e-5
6.5792187615972e-5
6.58733102538648e-5
6.59546022766029e-5
6.603604327597304e-5
6.61175899201178e-5
6.619927442274034e-5
6.628110831727613e-5
6.636309151272742e-5
6.644527253130212e-5
6.652760501189678e-5
6.661006817012925e-5
6.669266112576074e-5
6.677540872664499e-5
6.685832307458621e-5
6.694139015297012e-5
6.702460311601506e-5
6.710795350228381e-5
6.719147258548045e-5
6.727515352239453e-5
6.735895910697381e-5
6.744288019503092e-5
6.752694051978571e-5
6.761121606576996e-5
6.769563175163299e-5
6.778017202254667e-5
6.7864849347999e-5
6.794968733981516e-5
6.803467677525669e-5
6.81198154277441e-5
6.820511190561413e-5
6.829059979441014e-5
6.837627687084257e-5
6.846208664005038e-5
6.854803016446433e-5
6.863413430428402e-5
6.872045757046625e-5
6.880693656250353e-5
6.889354662978966e-5
6.898030782777986e-5
6.906722933036283e-5
6.915430887901141e-5
6.92415948083662e-5
6.932904131953785e-5
6.941663761385202e-5
6.95043942471784e-5
6.959231355078354e-5
6.968039149249665e-5
6.976862984133687e-5
6.98570349694454e-5
6.994561227172545e-5
7.00343628153066e-5
7.012328856158777e-5
7.02123985350826e-5
7.030168364930735e-5
7.039112474171806e-5
7.048071621291496e-5
7.057046717098214e-5
7.066041036555606e-5
7.075053720278087e-5
7.084087335763794e-5
7.09313568628875e-5
7.102198364642058e-5
7.11127771534549e-5
7.120375267562753e-5
7.129490247920699e-5
7.138622136629664e-5
7.147771398704227e-5
7.156938658178831e-5
7.16612461012656e-5
7.175328010107561e-5
7.184546736273592e-5
7.193783093880534e-5
7.20304018319813e-5
7.212315772174811e-5
7.221609060292292e-5
7.23091961850092e-5
7.240247848541629e-5
7.24959491465587e-5
7.258958628883505e-5
7.268339194621868e-5
7.27773732256063e-5
7.287154287083708e-5
7.296591000434938e-5
7.306048516858988e-5
7.315527000307594e-5
7.325024656018089e-5
7.334539867769731e-5
7.344072239875083e-5
7.353622410598953e-5
7.363191939329454e-5
7.372782504666844e-5
7.382394265382017e-5
7.39202506178356e-5
7.401672572777093e-5
7.411337149927417e-5
7.421019366977214e-5
7.430721982055189e-5
7.440448666585643e-5
7.450194243775229e-5
7.459954435840144e-5
7.46973264615639e-5
7.479530718459672e-5
7.489346203982811e-5
7.499179594912424e-5
7.50903262270649e-5
7.518906064622476e-5
7.52879933411738e-5
7.53871119515053e-5
7.548640662811539e-5
7.558589708004952e-5
7.568561724817799e-5
7.57855736195173e-5
7.588574997910862e-5
7.598612824355139e-5
7.608669671163377e-5
7.618745993588644e-5
7.628843238713182e-5
7.638962152475482e-5
7.649102110628837e-5
7.659262168505145e-5
7.66944062938991e-5
7.679637217968316e-5
7.68985351554923e-5
7.700091999137461e-5
7.710350663611367e-5
7.720630361399258e-5
7.730931275848074e-5
7.74124970706775e-5
7.75159148021482e-5
7.761953966468134e-5
7.772337186301579e-5
7.78274166712881e-5
7.793167142665795e-5
7.803614248933593e-5
7.814083768781378e-5
7.824574437492575e-5
7.835085075905428e-5
7.84561603721303e-5
7.856167564313962e-5
7.866739141570193e-5
7.877331043507551e-5
7.887946221504593e-5
7.898586980708883e-5
7.909250077198865e-5
7.91993436765709e-5
7.930638841660528e-5
7.941363513764448e-5
7.952109908490703e-5
7.962879926402339e-5
7.973673769021331e-5
7.984489756992023e-5
7.995320991105833e-5
8.006176305211522e-5
8.017052505070123e-5
8.027951402811725e-5
8.038872924680735e-5
8.049816824180134e-5
8.060784507266881e-5
8.071777265982842e-5
8.082792194784241e-5
8.093826905351135e-5
8.104881597897211e-5
8.115961243460654e-5
8.127065000204699e-5
8.138190584752382e-5
8.14933886602923e-5
8.160510799168777e-5
8.171706131306258e-5
8.18292367682665e-5
8.194161523309469e-5
8.205421097853497e-5
8.21670767084377e-5
8.228019015998135e-5
8.239354498878489e-5
8.250712373906477e-5
8.262093964978946e-5
8.273500141105981e-5
8.284929247508047e-5
8.296375824879083e-5
8.30785354828908e-5
8.319353996804338e-5
8.330876590841114e-5
8.34242100541791e-5
8.353985156808306e-5
8.365577409587622e-5
8.377190971054074e-5
8.388825223946883e-5
8.400490013172719e-5
8.412180372986778e-5
8.423894939869229e-5
8.435633774422315e-5
8.447396176050792e-5
8.45918004390211e-5
8.470983788122998e-5
8.482816311698794e-5
8.494677300189427e-5
8.506561789998988e-5
8.518469139504616e-5
8.530399080126138e-5
8.542350116639461e-5
8.554322537270179e-5
8.566322093032703e-5
8.578351853334657e-5
8.590408528287403e-5
8.60249202367903e-5
8.614600438682621e-5
8.626730891605947e-5
8.638884241395404e-5
8.651070469091335e-5
8.663279515834044e-5
8.675510882956342e-5
8.687764108256277e-5
8.700040612177667e-5
8.712341873542313e-5
8.724676717434346e-5
8.737043449668785e-5
8.74943353319989e-5
8.761846671804695e-5
8.774282087272353e-5
8.786732749643635e-5
8.799219222400801e-5
8.811734879932014e-5
8.824272736842017e-5
8.836832540728595e-5
8.849420965860409e-5
8.862030866610151e-5
8.874668447114675e-5
8.887335532170828e-5
8.900033166821852e-5
8.912758930520263e-5
8.925509294869781e-5
8.938279710314614e-5
8.951077509878449e-5
8.96390319472464e-5
8.976754441623881e-5
8.989633998381962e-5
9.002541026211998e-5
9.01547398517565e-5
9.028436266476072e-5
9.041427680481279e-5
9.054440807723294e-5
9.06747511817263e-5
9.080533869446495e-5
9.09362304269393e-5
9.106749742352595e-5
9.119902957030552e-5
9.133081027249322e-5
9.146281878348902e-5
9.159506346370263e-5
9.172766645826581e-5
9.186060488416364e-5
9.199380372406287e-5
9.212729515414575e-5
9.226100527803893e-5
9.239494990958686e-5
9.252924587619563e-5
9.266384215951032e-5
9.279864356497238e-5
9.293363353631656e-5
9.306890423696499e-5
9.320460244560775e-5
9.334056410291974e-5
9.34768326198155e-5
9.361332380352917e-5
9.375003608778137e-5
9.388708615365473e-5
9.402437948275743e-5
9.416198007603358e-5
9.429991218288881e-5
9.44380966556705e-5
9.457660917066935e-5
9.471539504066675e-5
9.485436316456481e-5
9.499363129943115e-5
9.513323232199703e-5
9.527318680315088e-5
9.541344647531146e-5
9.555395225017553e-5
9.569466705628964e-5
9.583566269877007e-5
9.597703927377864e-5
9.61187655244603e-5
9.626076730003773e-5
9.640295524509035e-5
9.654543740033845e-5
9.668835267098017e-5
9.68315644271093e-5
9.697502640393977e-5
9.711871657114403e-5
9.72626583819296e-5
9.740694230648284e-5
9.75515259113351e-5
9.769642922833652e-5
9.784164519089138e-5
9.798722446252822e-5
9.813315714620908e-5
9.827936548668886e-5
9.842583497107277e-5
9.857247968356504e-5
9.871948508309225e-5
9.886676061496442e-5
9.901439771055469e-5
9.916236426938866e-5
9.931060803678297e-5
9.945919815766489e-5
9.960797173296381e-5
9.975696523572109e-5
9.990634517554836e-5
0.00010005621317879807
0.00010020633637334981
0.0001003567129688756
0.00010050717640684962
0.00010065820767871537
0.00010080959625106438
0.00010096133691509981
0.00010111326461255174
0.0001012653150161331
0.00010141788306871245
0.00010157086150523376
0.00010172408378169454
0.00010187743393163318
0.00010203122515963333
0.0001021853554251888
0.00010233981794251745
0.00010249454677514262
0.00010264953934379662
0.00010280493809048615
0.00010296067667980932
0.00010311667034254465
0.00010327293392004584
0.00010342955281925645
0.00010358653341565416
0.0001037438353345216
0.00010390139644081421
0.00010405935019466117
0.00010421766553996264
0.00010437627468818148
0.00010453509222064157
0.00010469423901237452
0.00010485376324566964
0.00010501366892955421
0.00010517391640139675
0.00010533452297801765
0.00010549544173131034
0.0001056565349593178
0.00010581784553238348
0.00010597960797749644
0.00010614188987646308
0.00010630443700041848
0.00010646716891264961
0.00010663023861744811
0.00010679381359704319
0.00010695772766844269
0.00010712183217244417
0.0001072861525060712
0.00010745089686886391
0.00010761609118109429
0.00010778158485572094
0.00010794732095303672
0.00010811344985977445
0.00010828001014878994
0.0001084468148306525
0.0001086138441410871
0.0001087812338320413
0.00010894900298879976
0.00010911708069094043
0.00010928550531213535
0.0001094543084425086
0.00010962349092847474
0.00010979304885208511
0.00010996276755534966
0.00011013296818963263
0.00011030344242567268
0.00011047428582538278
0.000110645295098016
0.00011081676655111561
0.00011098855696179544
0.00011116080154996755
0.00011133319661304781
0.00011150615217503674
0.00011167947490435565
0.00011185302697706827
0.0001120267822830155
0.0001122010067269083
0.00011237559226189566
0.00011255048244833439
0.0001127257036750313
0.00011290137088822356
0.00011307712064303129
0.00011325337143722055
0.00011343015689005663
0.00011360735941365254
0.00011378468141199865
0.00011396196843948548
0.00011413994550816819
0.00011431852066875872
0.00011449736629035914
0.00011467612754793669
0.0001148555431769649
0.00011503538631853794
0.00011521556820853553
0.0001153958726584186
0.00011557677239858119
0.00011575803686673396
0.00011593952281228907
0.00011612116122790877
0.00011630337011297529
0.00011648602739577205
0.00011666897342874034
0.00011685219757817446
0.00011703584174431252
0.00011721983931861162
0.00011740403536675515
0.00011758869193523963
0.00011777378884247847
0.00011795924297199314
0.00011814494356972675
0.00011833103149083484
0.00011851750468516519
0.00011870428303777218
0.00011889140240325464
0.00011907894982073568
0.00011926688147798409
0.00011945502795490488
0.00011964361944634512
0.00011983256907678532
0.00012002184000775137
0.00012021145011987105
0.00012040152970231971
0.00012059197962360135
0.00012078268446601426
0.00012097372203360305
0.00012116513231792397
0.00012135690434129474
0.00012154901028720281
0.00012174161982045309
0.00012193456757901413
0.0001221277461577536
0.00012232130141647243
0.00012251530058063578
0.00012270957082484652
0.00012290404598570587
0.00012309918225551758
0.00012329484438154881
0.00012349056311537594
0.00012368638836761337
0.0001238828213210326
0.0001240798770046903
0.00012427706004917289
0.00012447442710078344
0.00012467235234382408
0.00012487080581354755
0.0001250694276566744
0.00012526828793515125
0.00012546762726855495
0.0001256673631023086
0.00012586747931919
0.00012606800156847616
0.00012626882519002367
0.00012646980860965087
0.00012667118210232844
0.000126873195323002
0.00012707556576153052
0.00012727812534230976
0.00012748100954825366
0.00012768432871789351
0.000127888012652208
0.00012809205507869167
0.0001282965108657607
0.00012850121142522295
0.00012870628875347726
0.00012891184690180224
0.00012911777940023588
0.00012932399600916236
0.0001295304610652049
0.00012973746436955208
0.0001299447880265852
0.00013015250316999904
0.0001303605548602346
0.00013056894219851248
0.00013077757219663043
0.00013098666562857158
0.00013119623086213457
0.00013140604500700253
0.00013161618624234938
0.000131826799383753
0.00013203770046141315
0.00013224897829462439
0.0001324606946386726
0.00013267273528495935
0.00013288495210072237
0.0001330975830829032
0.00013331080956210185
0.00013352420458361954
0.00013373792375930485
0.00013395216976525373
0.0001341666770580972
0.00013438138968503667
0.00013459666623587808
0.00013481249277714778
0.00013502825786651976
0.0001352442639644194
0.00013546125177730915
0.00013567845358135937
0.0001358956404727991
0.000136113183262586
0.0001363315299610876
0.00013654992871283105
0.00013676843978490107
0.00013698777649279035
0.00013720748744384815
0.00013742718499114686
0.00013764713743370804
0.00013786795381451683
0.00013808903550907432
0.0001383101433549825
0.0001385316540708367
0.00013875366132104876
0.0001389759950754507
0.0001391987650542602
0.0001394217805887368
0.00013964507376747578
0.00013986881723332325
0.00014009298664917181
0.00014031743693159384
0.00014054212975827296
0.00014076732021739912
0.0001409928159084677
0.00014121847248481712
0.00014144473785331367
0.0001416713691411117
0.0001418982667955857
0.00014212540593713146
0.00014235284481014013
0.00014258072881742493
0.00014280903009445046
0.00014303773357832942
0.00014326652987384548
0.0001434955983916755
0.00014372539786247724
0.00014395541396241835
0.00014418565375717734
0.00014441620183757936
0.00014464712839980319
0.00014487847906892364
0.0001451101008758865
0.000145342134890499
0.00014557433017878428
0.0001458069256728555
0.00014604001687197396
0.00014627318046062421
0.00014650673855473866
0.0001467408753625748
0.000146975173437035
0.00014720967427761777
0.0001474446411421708
0.000147679964098746
0.0001479154658214526
0.00014815141800288208
0.0001483877532703571
0.00014862421228953608
0.00014886102511065728
0.00014909846149697064
0.0001493358346956125
0.00014957341370141832
0.00014981189774072824
0.00015005050197835522
0.00015028904944575428
0.0001505281626976558
0.00015076772143021795
0.00015100734354969904
0.00015124731760882886
0.00015148792065296395
0.00015172843251311068
0.0001519691242634233
0.00015221078419230133
0.00015245241829816463
0.00015269387447195914
0.0001529362151215243
0.00015317902576029166
0.0001534217365931627
0.0001536646204456289
0.0001539081899590064
0.00015415192437056284
0.00015439566036084794
0.00015464008784839481
0.00015488478140557175
0.00015512953364612306
0.0001553747301375595
0.0001556201898095816
0.00015586579637250585
0.00015611178090153417
0.000156358059343785
0.00015660463976871036
0.00015685159435530323
0.0001570988020246055
0.00015734614789103174
0.00015759388415924116
0.00015784192465339978
0.00015809007503744094
0.00015833853792257226
0.00015858746255337575
0.0001588365177214182
0.00015908560407247019
0.00015933522932987936
0.00015958521025001617
0.00015983523582028522
0.0001600856552147522
0.00016033622246767172
0.00016058707387305764
0.00016083836076025284
0.0001610896706032484
0.00016134128174337327
0.00016159323428717662
0.00016184537876915453
0.00016209771601691263
0.00016235030602266114
0.00016260321805786843
0.0001628562682360895
0.00016310958290222143
0.00016336325716661526
0.00016361695383528628
0.0001638708827611876
0.0001641252630362056
0.00016437970903756017
0.0001646343775297073
0.00016488935647999533
0.00016514433424744807
0.00016539971115630357
0.00016565544357661913
0.0001659111336452935
0.00016616710192777492
0.00016642346019955326
0.00016667981417046193
0.00016693625211589166
0.00016719316839578616
0.00016745023560448357
0.00016770727513666439
0.0001679646956302817
0.00016822229562783386
0.0001684799025076168
0.00016873789856406267
0.0001689961408658159
0.00016925430171602657
0.00016951278475338204
0.00016977163349908824
0.00017003021218584314
0.00017028908554431058
0.0001705485364247405
0.00017080757611700597
0.00017106682142027394
0.00017132682557035892
0.00017158653092803997
0.00017184623642365533
0.00017210654407670195
0.000172366822775984
0.00017262688403898833
0.00017288738084589403
0.00017314817472494242
0.00017340872972024062
0.00017366955598070168
0.00017393075880547926
0.00017419171002598207
0.00017445280979379364
0.00017471433960814553
0.00017497558355492905
0.00017523692386298275
0.0001754988343684911
0.0001757605733258739
0.00017602221851672996
0.00017628425668706217
0.0001765463190458891
0.00017680828348771554
0.00017707042194563125
0.00017733268034765797
0.00017759499726745538
0.0001778573577685661
0.00017811968040963762
0.00017838215103637678
0.0001786447830470339
0.00017890724740828848
0.00017916984368796166
0.0001794327104436361
0.0001796953851743246
0.0001799580754531454
0.00018022096318612787
0.00018048373474708238
0.00018074648914568017
0.00018100933658231339
0.00018127208249744346
0.0001815348396938578
0.0001817977599981943
0.00018206069963474603
0.00018232345232892935
0.00018258618063293248
0.00018284906519641374
0.00018311174337023265
0.0001833742960346408
0.00018363712184956934
0.00018389981390610165
0.00018416242500774441
0.00018442501859615345
0.00018468750079645818
0.00018495000313069286
0.00018521231107726884
0.00018547451724124263
0.00018573685677338402
0.00018599894689991608
0.00018626083443054974
0.0001865229288183389
0.00018678479835528561
0.00018704628148740891
0.0001873080041705913
0.0001875696079653212
0.00018783083735111054
0.00018809220760704573
0.00018835332007915404
0.00018861416743767322
0.0001888751066446641
0.00018913580227549208
0.000189396119022711
0.0001896565914304598
0.00018991680886438174
0.00019017649314071738
0.00019043641945942294
0.00019069611897171024
0.0001909552636545366
0.00019121462391182286
0.00019147373973271467
0.00019173216591491935
0.0001919907527740804
0.00019224911210966486
0.00019250674236444805
0.00019276460568957827
0.0001930222977821638
0.000193279194861919
0.0001935362986774088
0.00019379319315733937
0.00019404927240773047
0.00019430529738722759
0.0001945612812513347
0.0001948165554098786
0.00019507146764155146
0.00019532643688998614
0.0001955807932699178
0.00019583471782415798
0.00019608870478004546
0.0001963419282258259
0.00019659457932561073
0.00019684751026172601
0.00019709952639563764
0.000197350871816819
0.0001976027660600794
0.00019785368323067245
0.00019810362789636986
0.00019835412011043937
0.00019860386037597573
0.00019885241376261284
0.00019910139324077935
0.00019934983391063532
0.0001995969936954041
0.00019984432169263924
0.0002000912685714297
0.00020033701901292267
0.00020058271676533834
0.00020082807247486336
0.00020107224724266525
0.00020131625311636903
0.00020155987954187927
0.00020180243544043342
0.00020204460527981284
0.00020228637656061936
0.00020252713413798447
0.0002027673278970244
0.00020300719643617438
0.00020324613452393293
0.00020348435044148527
0.00020372213711391518
0.0002039590070381873
0.00020419514844301158
0.0002044307738574569
0.0002046655150317971
0.0002048995647038096
0.00020513292924269832
0.0002053653261742156
0.00020559712340701938
0.00020582812282738509
0.00020605810757845898
0.00020628757838157293
0.00020651600401680196
0.00020674344009767449
0.00020697038904066373
0.0002071961647410482
0.00020742090809106455
0.0002076451882789019
0.00020786825923708926
0.00020809024991162947
0.00020831171672286113
0.00020853198149646743
0.00020875104232169443
0.00020896940432863637
0.00020918664467375488
0.00020940272786888363
0.0002096179614921846
0.00020983201256692473
0.00021004491038575557
0.00021025686363102184
0.00021046755611771084
0.00021067708129487826
0.00021088562182237363
0.00021109286947405495
0.0002112989390500311
0.0002115039651136362
0.000211707586880481
0.00021190995505542383
0.00021211116559012878
0.00021231091770629827
0.0002125094391885155
0.00021270675152314626
0.0002129025645936153
0.00021309710107763024
0.00021329039200486006
0.000213482034157974
0.00021367228932949475
0.0002138612950082171
0.00021404858356994467
0.00021423439187212928
0.00021441893888481456
0.00021460171387984158
0.00021478290560347963
0.0002149627793244573
0.00021514085336067363
0.00021531728507690942
0.00021549228311145595
0.0002156653950197039
0.0002158368150256643
0.00021600667777214562
0.00021617459333359023
0.0002163407935852095
0.0002165053391235905
0.00021666788430542484
0.00021682867488376732
0.0002169876732386133
0.00021714455803789772
0.0002172996390081052
0.00021745284389866436
0.00021760386630085226
0.0002177530167430758
0.00021790016548410302
0.00021804506204140298
0.00021818806616126193
0.0002183289787104572
0.00021846749902739053
0.00021860400929997142
0.0002187383597455919
0.00021887024303716854
0.00021899998726095693
0.00021912747412910962
0.00021925242277812514
0.00021937513211417583
0.00021949549772915197
0.0002196132510863733
0.00021972865560252125
0.00021984158104735254
0.00021995177955627852
0.00022005952378563792
0.00022016468067264744
0.00022026703295356662
0.00022036684312732357
0.00022046394788918151
0.00022055812672304564
0.00022064962405819537
0.0002207382993591097
0.00022082395211796824
0.00022090680264633456
0.00022098671255710618
0.00022106346727549387
0.0002211372797506872
0.0002212080401647156
0.00022127554699158947
0.00022133997932175436
0.0002214012127234226
0.0002214590459621991
0.00022151367757424357
0.00022156498066750233
0.00022161275665369686
0.00022165717360804523
0.0002216981190252066
0.00022173540708079776
0.0002217691691808746
0.00022179930830322386
0.0002218256711889217
0.00022184832034968747
0.00022186717628119962
0.00022188213193442838
0.00022189319274909603
0.00022190028611959503
0.00022190334389485977
0.00022190232473834055
0.00022189715778744032
0.00022188779969353729
0.00022187417287433523
0.00022185621432448292
0.00022183389350443063
0.0002218071184721859
0.00022177582281392944
0.00022173997656253026
0.00022169948562640485
0.00022165426557668058
0.00022160429843764843
0.0002215495034864302
0.00022148972713811234
0.00022142497790369304
0.00022135521164200328
0.00022128029185812043
0.00022120013493847208
0.00022111472959211598
0.00022102399233522635
0.00022092775364680996
0.00022082600960297245
0.00022071870830365153
0.0002206055904602954
0.0002204867219385065
0.00022036216776389123
0.00022023149773163232
0.00022009476104413464
0.0002199521155966654
0.00021980303618698586
0.00021964760083203937
0.00021948604643378053
0.000219317751251604
0.00021914279874296337
0.0002189614065650866
0.00021877294975017613
0.00021857757030967502
0.0002183752991844498
0.00021816577440927578
0.00021794898823330154
0.00021772488393042176
0.00021749339580701073
0.000217254243108417
0.00021700731566098782
0.00021675270098660894
0.00021648994550409117
0.00021621896847917753
0.00021593996371017655
0.0002156525793504085
0.0002153564876973734
0.00021505187475445503
0.0002147387293334608
0.00021441634735845332
0.00021408473992508918
0.00021374428643797645
0.00021339420013849724
0.0002130343219946217
0.00021266521019883502
0.00021228606396821772
0.00021189635429492298
0.00021149686668895052
0.00021108690668839863
0.00021066583586195784
0.00021023468246904932
0.00020979244605657662
0.0002093384138826544
0.00020887368856320747
0.0002083971618265453
0.00020790818126936164
0.00020740797304555922
0.00020689526906759732
0.00020636955628740248
0.00020583202483213063
0.00020528109570362835
0.0002047163766812779
0.00020413910798372216
0.00020354754468146328
0.00020294137849029503
0.00020232191002914643
0.00020168750870686898
0.00020103767921857425
0.0002003733711254306
0.00019969308751252384
0.00019899657088110823
0.00019828467135586287
0.00019755564788643054
0.00019680947593450754
0.00019604695877931084
0.00019526595345814693
0.00019446683348912992
0.00019365030430236623
0.00019281373831223206
0.00019195789739001473
0.0001910831399155025
0.00019018630017209783
0.0001892693806773138
0.00018833276446074662
0.00018737216074187494
0.00018638995754356892
0.00018538632390677703
0.0001843563955218984
0.0001833034679616416
0.0001822275646363657
0.00018112297827465421
0.00017999319755934107
0.00017883824412046376
0.00017765242789243076
0.00017643920715645618
0.00017519860294263218
0.00017392450040756033
0.00017262007715559174
0.0001712856772088254
0.00016991490706141606
0.00016851048383805317
0.0001670726210877643
0.00016559494573456062
0.00016407999320977102
0.00016252750488215774
0.0001609313640885155
0.00015929396687650732
0.00015761398196513371
0.00015588472749413347
0.0001541089292005191
0.0001522850703381592
0.00015040544397355353
0.00014847325381279688
0.00014648621273600983
0.0001444348049454818
0.00014232342611101998
0.00014014807195783483
0.00013789694593495353
0.00013557578080493804
0.00013317977431382983
0.0001306947155715563
0.00012812531186182625
0.00012546482019386198
0.00012269676605820875
0.00011982411652715949
0.00011683834650375585
0.00011371862228853789
0.00011046379328661058
0.00010706306597533685
0.00010348767464474742
9.972914869823647e-5
9.576934600475105e-5
9.156461503429393e-5
8.709087861163787e-5
8.230864863142774e-5
7.71380389519703e-5
7.150996172442233e-5
6.5315284477097e-5
5.834278076797944e-5
5.0285862881416497e-5
4.0515099824144875e-5
2.719439774522738e-5
0.0
0.0
0.0
0.0
0.0
0.0
0.0
0.0
0.0
0.0
0.0
0.0
0.0
0.0
0.0
0.0
0.0
0.0
0.0
0.0
0.0
0.0
0.0
0.0
0.0
0.0
0.0
0.0
0.0
0.0
0.0
0.0
0.0
0.0
0.0
0.0
0.0
0.0
0.0
0.0
0.0
0.0
0.0
0.0
0.0
0.0
0.0
0.0
0.0
0.0
0.0
0.0
0.0
0.0
0.0
0.0
0.0
0.0
0.0
0.0
0.0
0.0
0.0
0.0
0.0
0.0
0.0
0.0
0.0
0.0
0.0
0.0
0.0
0.0
0.0
0.0
0.0
0.0
0.0
0.0
0.0
0.0
0.0
0.0
0.0
0.0
0.0
0.0
0.0
0.0
0.0
0.0
0.0
0.0
0.0
0.0
0.0
0.0
0.0
0.0
0.0
0.0
0.0
0.0
0.0
0.0
0.0
0.0
0.0
0.0
0.0
0.0
0.0
0.0
0.0
0.0
0.0
0.0
0.0
0.0
0.0
0.0
0.0
0.0
0.0
0.0
0.0
0.0
0.0
0.0
0.0
0.0
0.0
0.0
0.0
0.0
0.0
0.0
0.0
0.0
0.0
0.0
0.0
0.0
0.0
0.0
0.0
0.0
0.0
0.0
0.0
0.0
0.0
0.0
0.0
0.0
0.0
0.0
0.0
0.0
0.0
0.0
0.0
0.0
0.0
0.0
0.0
0.0
0.0
0.0
0.0
0.0
0.0
0.0
0.0
0.0
0.0
0.0
0.0
0.0
0.0
0.0
0.0
0.0
0.0
0.0
0.0
0.0
0.0
0.0
0.0
0.0
0.0
0.0
0.0
0.0
0.0
0.0
0.0
0.0
0.0
0.0
0.0
0.0
0.0
0.0
0.0
0.0
0.0
0.0
0.0
0.0
0.0
0.0
0.0
0.0
0.0
0.0
0.0
0.0
0.0
0.0
0.0
0.0
0.0
0.0
0.0
0.0
0.0
0.0
0.0
0.0
0.0
0.0
0.0
0.0
0.0
0.0
0.0
0.0
0.0
0.0
0.0
0.0
0.0
0.0
0.0
0.0
0.0
0.0
0.0
0.0
0.0
0.0
0.0
0.0
0.0
0.0
0.0
0.0
0.0
0.0
0.0
0.0
0.0
0.0
0.0
0.0
0.0
0.0
0.0
0.0
0.0
0.0
0.0
0.0
0.0
0.0
0.0
0.0
0.0
0.0
0.0
0.0
0.0
0.0
0.0
0.0
0.0
0.0
0.0
0.0
0.0
0.0
0.0
0.0
0.0
0.0
0.0
0.0
0.0
0.0
0.0
0.0
0.0
0.0
0.0
0.0
0.0
0.0
0.0
0.0
0.0
0.0
0.0
0.0
0.0
0.0
0.0
0.0
0.0
0.0
0.0
0.0
0.0
0.0
0.0
0.0
0.0
0.0
0.0
0.0
0.0
0.0
0.0
0.0
0.0
0.0
0.0
0.0
0.0
0.0
0.0
0.0
0.0
0.0
0.0
0.0
0.0
0.0
0.0
0.0
0.0
0.0
0.0
0.0
0.0
0.0
0.0
0.0
0.0
0.0
0.0
0.0
0.0
0.0
0.0
0.0
0.0
0.0
0.0
0.0
0.0
0.0
0.0
0.0
0.0
0.0
0.0
0.0
0.0
0.0
0.0
0.0
0.0
0.0
0.0
0.0
0.0
0.0
0.0
0.0
0.0
0.0
0.0
0.0
0.0
0.0
0.0
0.0
0.0
0.0
0.0
0.0
0.0
0.0
0.0
0.0
0.0
0.0
0.0
0.0
0.0
0.0
0.0
0.0
0.0
0.0
0.0
0.0
0.0
0.0
0.0
0.0
0.0
0.0
0.0
0.0
0.0
0.0
0.0
0.0
0.0
0.0
0.0
0.0
0.0
0.0
0.0
0.0
0.0
0.0
0.0
0.0
0.0
0.0
0.0
0.0
0.0
0.0
0.0
0.0
0.0
0.0
0.0
0.0
0.0
0.0
0.0
0.0
0.0
0.0
0.0
0.0
0.0
0.0
0.0
0.0
0.0
0.0
0.0
0.0
0.0
0.0
0.0
0.0
0.0
0.0
0.0
0.0
0.0
0.0
0.0
0.0
0.0
0.0
0.0
0.0
0.0
0.0
0.0
0.0
0.0
0.0
0.0
0.0
0.0
0.0
0.0
0.0
0.0
0.0
0.0
0.0
0.0
0.0
0.0
0.0
0.0
0.0
0.0
0.0
0.0
0.0
0.0
0.0
0.0
0.0
0.0
0.0
0.0
0.0
0.0
0.0
0.0
0.0
0.0
0.0
0.0
0.0
0.0
0.0
0.0
0.0
0.0
0.0
0.0
0.0
0.0
0.0
0.0
0.0
0.0
0.0
0.0
0.0
0.0
0.0
0.0
0.0
0.0
0.0
0.0
0.0
0.0
0.0
0.0
0.0
0.0
0.0
0.0
0.0
0.0
0.0
0.0
0.0
0.0
0.0
0.0
0.0
0.0
0.0
0.0
0.0
0.0
0.0
0.0
0.0
0.0
0.0
0.0
0.0
0.0
0.0
0.0
0.0
0.0
0.0
0.0
0.0
0.0
0.0
0.0
0.0
0.0
0.0
0.0
0.0
0.0
0.0
0.0
0.0
0.0
0.0
0.0
0.0
0.0
0.0
0.0
0.0
0.0
0.0
0.0
0.0
0.0
0.0
0.0
0.0
0.0
0.0
0.0
0.0
0.0
0.0
0.0
0.0
0.0
0.0
0.0
0.0
0.0
0.0
0.0
0.0
0.0
0.0
0.0
0.0
0.0
0.0
0.0
0.0
0.0
0.0
0.0
0.0
0.0
0.0
0.0
0.0
0.0
0.0
0.0
0.0
0.0
0.0
0.0
0.0
0.0
0.0
0.0
0.0
0.0
0.0
0.0
0.0
0.0
0.0
0.0
0.0
0.0
0.0
0.0
0.0
0.0
0.0
0.0
0.0
0.0
0.0
0.0
0.0
0.0
0.0
0.0
0.0
0.0
0.0
0.0
0.0
0.0
0.0
0.0
0.0
0.0
0.0
0.0
0.0
0.0
0.0
0.0
0.0
0.0
0.0
0.0
0.0
0.0
0.0
0.0
0.0
0.0
0.0
0.0
0.0
0.0
0.0
0.0
0.0
0.0
0.0
0.0
0.0
0.0
0.0
0.0
0.0
0.0
0.0
0.0
0.0
0.0
0.0
0.0
0.0
0.0
0.0
0.0
0.0
0.0
0.0
0.0
0.0
0.0
0.0
0.0
0.0
0.0
0.0
0.0
0.0
0.0
0.0
0.0
0.0
0.0
0.0
0.0
0.0
0.0
0.0
0.0
0.0
0.0
0.0
0.0
0.0
0.0
0.0
0.0
0.0
0.0
0.0
0.0
0.0
0.0
0.0
0.0
0.0
0.0
0.0
0.0
0.0
0.0
0.0
0.0
0.0
0.0
0.0
0.0
0.0
0.0
0.0
0.0
0.0
0.0
0.0
0.0
0.0
0.0
0.0
0.0
0.0
0.0
0.0
0.0
0.0
0.0
0.0
0.0
0.0
0.0
0.0
0.0
0.0
0.0
0.0
0.0
0.0
0.0
0.0
0.0
0.0
0.0
0.0
0.0
0.0
0.0
0.0
0.0
0.0
0.0
0.0
0.0
0.0
0.0
0.0
0.0
0.0
0.0
0.0
0.0
0.0
0.0
0.0
0.0
0.0
0.0
0.0
0.0
0.0
0.0
0.0
0.0
0.0
0.0
0.0
0.0
0.0
0.0
0.0
0.0
0.0
0.0
0.0
0.0
0.0
0.0
0.0
0.0
0.0
0.0
0.0
0.0
0.0
0.0
0.0
0.0
0.0
0.0
0.0
0.0
0.0
0.0
0.0
0.0
0.0
0.0
0.0
0.0
0.0
0.0
0.0
0.0
0.0
0.0
0.0
0.0
0.0
0.0
0.0
0.0
0.0
0.0
0.0
0.0
0.0
0.0
0.0
0.0
0.0
0.0
0.0
0.0
0.0
0.0
0.0
0.0
0.0
0.0
0.0
0.0
0.0
0.0
0.0
0.0
0.0
0.0
0.0
0.0
0.0
0.0
0.0
0.0
0.0
0.0
0.0
0.0
0.0
0.0
0.0
0.0
0.0
0.0
0.0
0.0
0.0
0.0
0.0
0.0
0.0
0.0
0.0
0.0
0.0
0.0
0.0
0.0
0.0
0.0
0.0
0.0
0.0
0.0
0.0
0.0
0.0
0.0
0.0
0.0
0.0
0.0
0.0
0.0
0.0
0.0
0.0
0.0
0.0
0.0
0.0
0.0
0.0
0.0
0.0
0.0
0.0
0.0
0.0
0.0
0.0
0.0
0.0
0.0
0.0
0.0
0.0
0.0
0.0
0.0
0.0
0.0
0.0
0.0
0.0
0.0
0.0
0.0
0.0
0.0
0.0
0.0
0.0
0.0
0.0
0.0
0.0
0.0
0.0
0.0
0.0
0.0
0.0
0.0
0.0
0.0
0.0
0.0
0.0
0.0
0.0
0.0
0.0
0.0
0.0
0.0
0.0
0.0
0.0
0.0
0.0
0.0
0.0
0.0
0.0
0.0
0.0
0.0
0.0
0.0
0.0
0.0
0.0
0.0
0.0
0.0
0.0
0.0
0.0
0.0
0.0
0.0
0.0
0.0
0.0
0.0
0.0
0.0
0.0
0.0
0.0
0.0
0.0
0.0
0.0
0.0
0.0
0.0
0.0
0.0
0.0
0.0
0.0
0.0
0.0
0.0
0.0
0.0
0.0
0.0
0.0
0.0
0.0
0.0
0.0
0.0
0.0
0.0
0.0
0.0
0.0
0.0
0.0
0.0
0.0
0.0
0.0
0.0
0.0
0.0
0.0
0.0
0.0
0.0
0.0
0.0
0.0
0.0
0.0
0.0
0.0
0.0
0.0
0.0
0.0
0.0
0.0
0.0
0.0
0.0
0.0
0.0
0.0
0.0
0.0
0.0
0.0
0.0
0.0
0.0
0.0
0.0
0.0
0.0
0.0
0.0
0.0
0.0
0.0
0.0
0.0
0.0
0.0
0.0
0.0
0.0
0.0
0.0
0.0
0.0
0.0
0.0
0.0
0.0
0.0
0.0
0.0
0.0
0.0
0.0
0.0
0.0
0.0
0.0
0.0
0.0
0.0
0.0
0.0
0.0
0.0
0.0
0.0
0.0
0.0
0.0
0.0
0.0
0.0
0.0
0.0
0.0
0.0
0.0
0.0
0.0
0.0
0.0
0.0
0.0
0.0
0.0
0.0
0.0
0.0
0.0
0.0
0.0
0.0
0.0
0.0
0.0
0.0
0.0
0.0
0.0
0.0
0.0
0.0
0.0
0.0
0.0
0.0
0.0
0.0
0.0
0.0
0.0
0.0
0.0
0.0
0.0
0.0
0.0
0.0
0.0
0.0
0.0
0.0
0.0
0.0
0.0
0.0
0.0
0.0
0.0
0.0
0.0
0.0
0.0
0.0
0.0
0.0
0.0
0.0
0.0
0.0
0.0
0.0
0.0
0.0
0.0
0.0
0.0
0.0
0.0
0.0
0.0
0.0
0.0
0.0
0.0
0.0
0.0
0.0
0.0
0.0
0.0
0.0
0.0
0.0
0.0
0.0
0.0
0.0
0.0
0.0
0.0
0.0
0.0
0.0
0.0
0.0
0.0
0.0
0.0
0.0
0.0
0.0
0.0
0.0
0.0
0.0
0.0
0.0
0.0
0.0
0.0
0.0
0.0
0.0
0.0
0.0
0.0
0.0
0.0
0.0
0.0
0.0
0.0
0.0
0.0
0.0
0.0
0.0
0.0
0.0
0.0
0.0
0.0
0.0
0.0
0.0
0.0
0.0
0.0
0.0
0.0
0.0
0.0
0.0
0.0
0.0
0.0
0.0
0.0
0.0
0.0
0.0
0.0
0.0
0.0
0.0
0.0
0.0
0.0
0.0
0.0
0.0
0.0
0.0
0.0
0.0
0.0
0.0
0.0
0.0
0.0
0.0
0.0
0.0
0.0
0.0
0.0
0.0
0.0
0.0
0.0
0.0
0.0
0.0
0.0
0.0
0.0
0.0
0.0
0.0
0.0
0.0
0.0
0.0
0.0
0.0
0.0
0.0
0.0
0.0
0.0
0.0
0.0
0.0
0.0
0.0
0.0
0.0
0.0
0.0
0.0
0.0
0.0
0.0
0.0
0.0
0.0
0.0
0.0
0.0
0.0
0.0
0.0
0.0
0.0
0.0
0.0
0.0
0.0
0.0
0.0
0.0
0.0
0.0
0.0
0.0
0.0
0.0
0.0
0.0
0.0
0.0
0.0
0.0
0.0
0.0
0.0
0.0
0.0
0.0
0.0
0.0
0.0
0.0
0.0
0.0
0.0
0.0
0.0
0.0
0.0
0.0
0.0
0.0
0.0
0.0
0.0
0.0
0.0
0.0
0.0
0.0
0.0
0.0
0.0
0.0
0.0
0.0
0.0
0.0
0.0
0.0
0.0
0.0
0.0
0.0
0.0
0.0
0.0
0.0
0.0
0.0
0.0
0.0
0.0
0.0
0.0
0.0
0.0
0.0
0.0
0.0
0.0
0.0
0.0
0.0
0.0
0.0
0.0
0.0
0.0
0.0
0.0
0.0
0.0
0.0
0.0
0.0
0.0
0.0
0.0
0.0
0.0
0.0
0.0
0.0
0.0
0.0
0.0
0.0
0.0
0.0
0.0
0.0
0.0
0.0
0.0
0.0
0.0
0.0
0.0
0.0
0.0
0.0
0.0
0.0
0.0
0.0
0.0
0.0
0.0
0.0
0.0
0.0
0.0
0.0
0.0
0.0
0.0
0.0
0.0
0.0
0.0
0.0
0.0
0.0
0.0
0.0
0.0
0.0
0.0
0.0
0.0
0.0
0.0
0.0
0.0
0.0
0.0
0.0
0.0
0.0
0.0
0.0
0.0
0.0
0.0
0.0
0.0
0.0
0.0
0.0
0.0
0.0
0.0
0.0
0.0
0.0
0.0
0.0
0.0
0.0
0.0
0.0
0.0
0.0
0.0
0.0
0.0
0.0
0.0
0.0
0.0
0.0
0.0
0.0
0.0
0.0
0.0
0.0
0.0
0.0
0.0
0.0
0.0
0.0
0.0
0.0
0.0
0.0
0.0
0.0
0.0
0.0
0.0
0.0
0.0
0.0
0.0
0.0
0.0
0.0
0.0
0.0
0.0
0.0
0.0
0.0
0.0
0.0
0.0
0.0
0.0
0.0
0.0
0.0
0.0
0.0
0.0
0.0
0.0
0.0
0.0
0.0
0.0
0.0
0.0
0.0
0.0
0.0
0.0
0.0
0.0
0.0
0.0
0.0
0.0
0.0
0.0
0.0
0.0
0.0
0.0
0.0
0.0
0.0
0.0
0.0
0.0
0.0
0.0
0.0
0.0
0.0
0.0
0.0
0.0
0.0
0.0
0.0
0.0
0.0
0.0
0.0
0.0
0.0
0.0
0.0
0.0
0.0
0.0
0.0
0.0
0.0
0.0
0.0
0.0
0.0
0.0
0.0
0.0
0.0
0.0
0.0
0.0
0.0
0.0
0.0
0.0
0.0
0.0
0.0
0.0
0.0
0.0
0.0
0.0
0.0
0.0
0.0
0.0
0.0
0.0
0.0
0.0
0.0
0.0
0.0
0.0
0.0
0.0
0.0
0.0
0.0
0.0
0.0
0.0
0.0
0.0
0.0
0.0
0.0
0.0
0.0
0.0
0.0
0.0
0.0
0.0
0.0
0.0
0.0
0.0
0.0
0.0
0.0
0.0
0.0
0.0
0.0
0.0
0.0
0.0
0.0
0.0
0.0
0.0
0.0
0.0
0.0
0.0
0.0
0.0
0.0
0.0
0.0
0.0
0.0
0.0
0.0
0.0
0.0
0.0
0.0
0.0
0.0
0.0
0.0
0.0
0.0
0.0
0.0
0.0
0.0
0.0
0.0
0.0
0.0
0.0
0.0
0.0
0.0
0.0
0.0
0.0
0.0
0.0
0.0
0.0
0.0
0.0
0.0
0.0
0.0
0.0
0.0
0.0
0.0
0.0
0.0
0.0
0.0
0.0
0.0
0.0
0.0
0.0
0.0
0.0
0.0
0.0
0.0
0.0
0.0
0.0
0.0
0.0
0.0
0.0
0.0
0.0
0.0
0.0
0.0
0.0
0.0
0.0
0.0
0.0
0.0
0.0
0.0
0.0
0.0
0.0
0.0
0.0
0.0
0.0
0.0
0.0
0.0
0.0
0.0
0.0
0.0
0.0
0.0
0.0
0.0
0.0
0.0
0.0
0.0
0.0
0.0
0.0
0.0
0.0
0.0
0.0
0.0
0.0
0.0
0.0
0.0
0.0
0.0
0.0
0.0
0.0
0.0
0.0
0.0
0.0
0.0
0.0
0.0
0.0
0.0
0.0
0.0
0.0
0.0
0.0
0.0
0.0
0.0
0.0
0.0
0.0
0.0
0.0
0.0
0.0
0.0
0.0
0.0
0.0
0.0
0.0
0.0
0.0
0.0
0.0
0.0
0.0
0.0
0.0
0.0
0.0
0.0
0.0
0.0
0.0
0.0
0.0
0.0
0.0
0.0
0.0
0.0
0.0
0.0
0.0
0.0
0.0
0.0
0.0
0.0
0.0
0.0
0.0
0.0
0.0
0.0
0.0
0.0
0.0
0.0
0.0
0.0
0.0
0.0
0.0
0.0
0.0
0.0
0.0
0.0
0.0
0.0
0.0
0.0
0.0
0.0
0.0
0.0
0.0
0.0
0.0
0.0
0.0
0.0
0.0
0.0
0.0
0.0
0.0
0.0
0.0
0.0
0.0
0.0
0.0
0.0
0.0
0.0
0.0
0.0
0.0
0.0
0.0
0.0
0.0
0.0
0.0
0.0
0.0
0.0
0.0
0.0
0.0
0.0
0.0
0.0
0.0
0.0
0.0
0.0
0.0
0.0
0.0
0.0
0.0
0.0
0.0
0.0
0.0
0.0
0.0
0.0
0.0
0.0
0.0
0.0
0.0
0.0
0.0
0.0
0.0
0.0
0.0
0.0
0.0
0.0
0.0
0.0
0.0
0.0
0.0
0.0
0.0
0.0
0.0
0.0
0.0
0.0
0.0
0.0
0.0
0.0
0.0
0.0
0.0
0.0
0.0
0.0
0.0
0.0
0.0
0.0
0.0
0.0
0.0
0.0
0.0
0.0
0.0
0.0
0.0
0.0
0.0
0.0
0.0
0.0
0.0
0.0
0.0
0.0
0.0
0.0
0.0
0.0
0.0
0.0
0.0
0.0
0.0
0.0
0.0
0.0
0.0
0.0
0.0
0.0
0.0
0.0
0.0
0.0
0.0
0.0
0.0
0.0
0.0
0.0
0.0
0.0
0.0
0.0
0.0
0.0
0.0
0.0
0.0
0.0
0.0
0.0
0.0
0.0
0.0
0.0
0.0
0.0
0.0
0.0
0.0
0.0
0.0
0.0
0.0
0.0
0.0
0.0
0.0
0.0
0.0
0.0
0.0
0.0
0.0
0.0
0.0
0.0
0.0
0.0
0.0
0.0
0.0
0.0
0.0
0.0
0.0
0.0
0.0
0.0
0.0
0.0
0.0
0.0
0.0
0.0
0.0
0.0
0.0
0.0
0.0
0.0
0.0
0.0
0.0
0.0
0.0
0.0
0.0
0.0
0.0
0.0
0.0
0.0
0.0
0.0
0.0
0.0
0.0
0.0
0.0
0.0
0.0
0.0
0.0
0.0
0.0
0.0
0.0
0.0
0.0
0.0
0.0
0.0
0.0
0.0
0.0
0.0
0.0
0.0
0.0
0.0
0.0
0.0
0.0
0.0
0.0
0.0
0.0
0.0
0.0
0.0
0.0
0.0
0.0
0.0
0.0
0.0
0.0
0.0
0.0
0.0
0.0
0.0
0.0
0.0
0.0
0.0
0.0
0.0
0.0
0.0
0.0
0.0
0.0
0.0
0.0
0.0
0.0
0.0
0.0
0.0
0.0
0.0
0.0
0.0
0.0
0.0
0.0
0.0
0.0
0.0
0.0
0.0
0.0
0.0
0.0
0.0
0.0
0.0
0.0
0.0
0.0
0.0
0.0
0.0
0.0
0.0
0.0
0.0
0.0
0.0
0.0
0.0
0.0
0.0
0.0
0.0
0.0
0.0
0.0
0.0
0.0
0.0
0.0
0.0
0.0
0.0
0.0
0.0
0.0
0.0
0.0
0.0
0.0
0.0
0.0
0.0
0.0
0.0
0.0
0.0
0.0
0.0
0.0
0.0
0.0
0.0
0.0
0.0
0.0
0.0
0.0
0.0
0.0
0.0
0.0
0.0
0.0
0.0
0.0
0.0
0.0
0.0
0.0
0.0
0.0
0.0
0.0
0.0
0.0
0.0
0.0
0.0
0.0
0.0
0.0
0.0
0.0
0.0
0.0
0.0
0.0
0.0
0.0
0.0
0.0
0.0
0.0
0.0
0.0
0.0
0.0
0.0
0.0
0.0
0.0
0.0
0.0
0.0
0.0
0.0
0.0
0.0
0.0
0.0
0.0
0.0
0.0
0.0
0.0
0.0
0.0
0.0
0.0
0.0
0.0
0.0
0.0
0.0
0.0
0.0
0.0
0.0
0.0
0.0
0.0
0.0
0.0
0.0
0.0
0.0
0.0
0.0
0.0
0.0
0.0
0.0
0.0
0.0
0.0
0.0
0.0
0.0
0.0
0.0
0.0
0.0
0.0
0.0
0.0
0.0
0.0
0.0
0.0
0.0
0.0
0.0
0.0
0.0
0.0
0.0
0.0
0.0
0.0
0.0
0.0
0.0
0.0
0.0
0.0
0.0
0.0
0.0
0.0
0.0
0.0
0.0
0.0
0.0
0.0
0.0
0.0
0.0
0.0
0.0
0.0
0.0
0.0
0.0
0.0
0.0
0.0
0.0
0.0
0.0
0.0
0.0
0.0
0.0
0.0
0.0
0.0
0.0
0.0
0.0
0.0
0.0
0.0
0.0
0.0
0.0
0.0
0.0
0.0
0.0
0.0
0.0
0.0
0.0
0.0
0.0
0.0
0.0
0.0
0.0
0.0
0.0
0.0
0.0
0.0
0.0
0.0
0.0
0.0
0.0
0.0
0.0
0.0
0.0
0.0
0.0
0.0
0.0
0.0
0.0
0.0
0.0
0.0
0.0
0.0
0.0
0.0
0.0
0.0
0.0
0.0
0.0
0.0
0.0
0.0
0.0
0.0
0.0
0.0
0.0
0.0
0.0
0.0
0.0
0.0
0.0
0.0
0.0
0.0
0.0
0.0
0.0
0.0
0.0
0.0
0.0
0.0
0.0
0.0
0.0
0.0
0.0
0.0
0.0
0.0
0.0
0.0
0.0
0.0
0.0
0.0
0.0
0.0
0.0
0.0
0.0
0.0
0.0
0.0
0.0
0.0
0.0
0.0
0.0
0.0
0.0
0.0
0.0
0.0
0.0
0.0
0.0
0.0
0.0
0.0
0.0
0.0
0.0
0.0
0.0
0.0
0.0
0.0
0.0
0.0
0.0
0.0
0.0
0.0
0.0
0.0
0.0
0.0
0.0
0.0
0.0
0.0
0.0
0.0
0.0
0.0
0.0
0.0
0.0
0.0
0.0
0.0
0.0
0.0
0.0
0.0
0.0
0.0
0.0
0.0
0.0
0.0
0.0
0.0
0.0
0.0
0.0
0.0
0.0
0.0
0.0
0.0
0.0
0.0
0.0
0.0
0.0
0.0
0.0
0.0
0.0
0.0
0.0
0.0
0.0
0.0
0.0
0.0
0.0
0.0
0.0
0.0
0.0
0.0
0.0
0.0
0.0
0.0
0.0
0.0
0.0
0.0
0.0
0.0
0.0
0.0
0.0
0.0
0.0
