0.00018233458704001865
0.0001825158976427698
0.00018268117759903863
0.00018283649638962344
0.00018298410182871727
0.0001831253916871707
0.00018326108481553415
0.0001833907751071063
0.00018351690644291562
0.00018363925688433656
0.00018375865788498283
0.0001838756622890618
0.00018399026043030732
0.00018410286368359324
0.0001842129714821472
0.00018432155824890927
0.00018442886064339058
0.00018453498160110702
0.00018463975362190664
0.00018474307029585422
0.00018484553545121329
0.00018494670538679112
0.00018504704511110144
0.00018514657346438578
0.00018524529419315273
0.00018534330976899507
0.000185440744435504
0.00018553763399312652
0.0001856336809759091
0.00018572881293693494
0.00018582343693658793
0.00018591762565169025
0.00018601143970515546
0.00018610491648896556
0.00018619806159643492
0.00018629085088624876
0.00018638297104647572
0.00018647455214491226
0.00018656565472339375
0.00018665646638080615
0.00018674707700471371
0.00018683749578877196
0.0001869277264991913
0.00018701776414597037
0.00018710738483445618
0.00018719675750849356
0.00018728591255132143
0.00018737492150463624
0.0001874637054039163
0.00018755221031659255
0.000187640543618208
0.00018772876269512406
0.00018781671256630866
0.0001879045345583174
0.00018799225366027955
0.0001880798709251191
0.00018816739363525941
0.00018825483086364848
0.0001883421648937573
0.0001884293214208766
0.00018851629597571159
0.00018860304743027468
0.00018868965827185567
0.00018877619521421812
0.0001888626844399153
0.00018894913457431263
0.00018903554321287336
0.00018912189140520613
0.00018920818733173978
0.00018929429023192663
0.00018938031243293915
0.00018946632035430526
0.00018955232887147872
0.00018963833369381027
0.00018972430528733117
0.0001898102004867893
0.0001898960082813881
0.0001899817115281947
0.00019006726685011512
0.00019015281795370373
0.00019023833388307718
0.00019032383671595125
0.00019040936467100522
0.00019049493497728514
0.0001905805416947785
0.00019066618574951053
0.00019075183458339308
0.00019083745209444886
0.00019092307261216814
0.00019100865350595424
0.0001910942196016496
0.0001911797876136677
0.00019126534765140707
0.00019135089315693363
0.00019143644790389132
0.00019152200859852636
0.00019160755258558124
0.00019169314711531258
0.00019177882244951188
0.0001918645538192158
0.00019195034224825697
0.0001920361912127884
0.0001921220766917532
0.00019220795015261976
0.00019229377619547436
0.00019237962107342065
0.00019246548420654333
0.00019255144087443197
0.00019263747091308842
0.00019272356631351377
0.00019280971785923953
0.00019289591410832384
0.0001929821477282461
0.00019306842266721125
0.0001931547596125383
0.00019324109991273602
0.00019332743534734216
0.00019341382081754094
0.00019350024927450651
0.00019358674769985463
0.00019367333546065491
0.00019376001263447969
0.00019384677421133403
0.0001939336237346857
0.000194020568223607
0.00019410759113353332
0.00019419468563089593
0.0001942818648999612
0.00019436906104607944
0.00019445632849325188
0.00019454368497123372
0.00019463112058873346
0.00019471862541480203
0.000194806192458387
0.00019489382472207608
0.00019498153441704704
0.0001950692992166454
0.00019515713985811
0.00019524507738135496
0.00019533312186350102
0.0001954212587021043
0.00019550948389238698
0.0001955978168976629
0.00019568627363407583
0.00019577484646879823
0.00019586352618618426
0.00019595229175974448
0.00019604111780657506
0.00019613002889110246
0.00019621902883751503
0.00019630812746972728
0.0001963973440909982
0.00019648668682000414
0.0001965761308512308
0.00019666563886737928
0.000196755216885464
0.00019684492203908354
0.00019693473744988426
0.00019702461548792844
0.00019711460334105626
0.0001972047008646678
0.00019729489669401509
0.00019738524066669722
0.00019747571544611431
0.0001975662758314229
0.00019765693875057176
0.0001977477363243025
0.00019783865103382116
0.00019792970797985858
0.00019802088163850288
0.0001981121341200446
0.00019820351022197222
0.00019829499386295996
0.00019838664338983655
0.000198478418391254
0.00019857032811211137
0.0001986623834115398
0.0001987545647604804
0.00019884686352581143
0.00019893929769636978
0.00019903186217587693
0.00019912455204110276
0.00019921729465720086
0.0001993101362233926
0.0001994030538898312
0.00019949613480447752
0.00019958935632187765
0.00019968271725648347
0.00019977621680603572
0.00019986986201600082
0.00019996365966905275
0.0002000576013309108
0.00020015168709495691
0.00020024594295166263
0.00020034032003249033
0.00020043487797722617
0.00020052949391499906
0.00020062430378593287
0.00020071920450054822
0.00020081422106412713
0.00020090940671697752
0.00020100474710912385
0.00020110023455069398
0.00020119586866520142
0.00020129163350886462
0.0002013875421442997
0.0002014836321515328
0.00020157984984376355
0.0002016761935757837
0.00020177272629909006
0.00020186938592504726
0.00020196620316599679
0.00020206315786733717
0.0002021602128591902
0.00020225745124836665
0.00020235485428857287
0.00020245239031011387
0.00020255008222040392
0.00020264794638957256
0.00020274597412658774
0.00020284415450468567
0.0002029424847817811
0.00020304102255170502
0.00020313968645077024
0.00020323847485206143
0.00020333746538688479
0.00020343662079518482
0.00020353592608319596
0.00020363540866755387
0.00020373506247873987
0.0002038348499075519
0.0002039348085998444
0.00020403496878222097
0.00020413528067356516
0.00020423574515470726
0.00020433637219282062
0.000204437165322005
0.0002045381457369186
0.00020463928500635367
0.0002047405785761969
0.0002048420251582074
0.00020494363469585606
0.0002050454910311928
0.000205147500466713
0.0002052496300165522
0.00020535191477671365
0.00020545437564103243
0.00020555700622405722
0.00020565979936010384
0.00020576277767334893
0.00020586597685745434
0.00020596933825342074
0.00020607291140293366
0.0002061766702871074
0.00020628055968703617
0.00020638462063217396
0.0002064888678006119
0.00020659330106111742
0.00020669798220337166
0.00020680285215303308
0.00020690788442193387
0.000207013077877112
0.00020711846415200105
0.00020722405864169897
0.00020732984347854918
0.00020743580992919666
0.00020754194720482526
0.0002076482951135134
0.00020775484492347896
0.00020786154924694734
0.00020796839643120573
0.0002080754166823741
0.0002081827067195714
0.00020829017093774722
0.00020839778952299405
0.00020850557833772233
0.00020861356742391684
0.00020872174502626508
0.00020883010829590902
0.00020893866817460813
0.00020904746738869328
0.00020915650308728592
0.00020926570335607025
0.00020937506953616196
0.00020948463579413768
0.00020959447656369672
0.00020970451115025817
0.000209814708175704
0.00020992509314528973
0.0002100356777157933
0.00021014645899789723
0.00021025749846343667
0.0002103687378295442
0.00021048016334535566
0.00021059178842362114
0.00021070361601348742
0.00021081564097140694
0.00021092786553175173
0.00021104029778325385
0.00021115294457040815
0.00021126580723276845
0.00021137888824720766
0.00021149219907114672
0.0002116057281321528
0.0002117194510482888
0.00021183336068641967
0.00021194746861359187
0.00021206181644934288
0.00021217639324910094
0.0002122912314880461
0.00021240625192334262
0.00021252144995838503
0.0002126368553820238
0.00021275248761418782
0.00021286833680789758
0.00021298439634062692
0.00021310067210645667
0.000213217172019345
0.00021333390489455104
0.0002134508549005068
0.00021356799505982808
0.0002136853546509211
0.0002138029730472527
0.00021392082186935538
0.0002140388909292045
0.00021415717476011703
0.00021427567845034036
0.00021439441677297105
0.00021451336191733144
0.00021463251645326722
0.00021475188939296195
0.00021487149690703272
0.0002149913505636692
0.00021511146373244996
0.0002152318384743195
0.00021535245197703334
0.00021547328369885072
0.0002155943286002062
0.00021571559477184417
0.00021583710199772252
0.00021595887157242562
0.00021608090549081826
0.00021620317631387446
0.0002163256545583155
0.0002164483446742283
0.0002165712539316109
0.0002166944173262544
0.0002168178814407009
0.00021694158054307928
0.00021706546032355855
0.00021718956396785753
0.00021731391486027565
0.00021743848190734563
0.00021756327134218642
0.00021768830512208573
0.00021781359309238908
0.00021793912779328981
0.0002180648935243077
0.00021819087777511726
0.0002183171055375903
0.00021844361985528483
0.0002185704289357215
0.00021869751218598255
0.00021882484664696727
0.0002189524174594531
0.00021908023038341853
0.0002192083037577883
0.00021933664702583448
0.00021946525225158262
0.00021959410743682572
0.00021972319104848978
0.0002198524995825491
0.00021998205307904883
0.00022011188293197452
0.00022024196369816755
0.00022037230617017166
0.0002205029126565635
0.0002206337362316428
0.0002207648507352876
0.00022089622282073793
0.00022102785273179658
0.00022115974713863244
0.0002212919026499002
0.0002214243273111792
0.00022155703102877988
0.00022168999775506827
0.00022182321252996583
0.00022195667981617665
0.00022209040267843068
0.00022222437456804258
0.00022235859895082034
0.00022249311321186237
0.0002226279465415888
0.00022276305781552926
0.00022289843253137594
0.00022303405787294333
0.0002231699340125344
0.00022330608025209852
0.000223442520653499
0.00022357925775128132
0.0002237162702551665
0.00022385347075901466
0.00022399097115242053
0.00022412873095974592
0.00022426677312010028
0.0002244050966843902
0.00022454369851562962
0.00022468259640485603
0.00022482180669709543
0.00022496129258121599
0.00022510102380151714
0.00022524100288393711
0.00022538129276094095
0.00022552188275590961
0.00022566274394404228
0.0002258038873145906
0.00022594532494638335
0.000226087053623429
0.0002262290583232943
0.0002263713148260698
0.00022651384118753425
0.00022665670410676586
0.00022679987538710348
0.00022694334698293925
0.00022708709678843204
0.00022723114154765768
0.0002273754922455547
0.00022752012792669305
0.00022766497949713925
0.00022781021999672185
0.0002279557428480266
0.0002281015407077152
0.0002282476094553211
0.00022839392271985332
0.000228540586321236
0.0002286875143063347
0.000228834698859509
0.00022898226451590223
0.00022913014843869363
0.0002292783333674092
0.00022942682005840543
0.0002295755996397824
0.00022972464553160408
0.0002298739376205355
0.00023002358850154764
0.0002301735941813218
0.00023032389187344947
0.00023047447345664917
0.00023062533552921098
0.00023077645917838775
0.00023092784804547826
0.00023107957484330496
0.00023123167836877322
0.00023138411701051942
0.00023153688956661082
0.00023168997199552206
0.00023184332785979313
0.00023199696801569833
0.00023215101863033053
0.00023230535253451488
0.00023245996342252548
0.0002326148454502692
0.00023277001657087635
0.00023292549547269953
0.00023308139368676076
0.00023323768978382459
0.000233394275860306
0.00023355114817087496
0.00023370829688105759
0.0002338656331574816
0.0002340234168535205
0.00023418156423118516
0.00023433998701894717
0.00023449868203052174
0.00023465773359385446
0.00023481705142442755
0.00023497671390785522
0.00023513674409170125
0.00023529715517050408
0.0002354579165587884
0.00023561898368123206
0.0002357802990706082
0.00023594195536063282
0.00023610395887967188
0.00023626628028127514
0.00023642895427213064
0.00023659197025635865
0.00023675530878460951
0.00023691901268657443
0.00023708307956520576
0.00023724741572341774
0.00023741201447734133
0.00023757691697279403
0.00023774219874001635
0.00023790794948271666
0.00023807403015570116
0.00023824041981057418
0.0002384070922606694
0.00023857405807186326
0.00023874147146101608
0.00023890930353279592
0.00023907745958004568
0.00023924598022894718
0.00023941477220019243
0.00023958385547031384
0.00023975337751981247
0.00023992327394829055
0.0002400934246053571
0.00024026380861180135
0.0002404345423110653
0.00024060581096078945
0.00024077740749795464
0.00024094938671931514
0.00024112164238007755
0.0002412941725221109
0.00024146712440766487
0.00024164037876820845
0.0002418140163812079
0.0002419880678549091
0.0002421624333269199
0.00024233720830086565
0.00024251232378392416
0.00024268766484944566
0.000242863380095532
0.00024303951101424903
0.00024321608356859465
0.00024339303687244667
0.0002435702963970727
0.00024374781540741498
0.00024392568451137166
0.00024410402998851092
0.0002442828124184764
0.00024446193827912737
0.0002446412948805347
0.00024482101853302873
0.00024500128446099416
0.00024518192033941424
0.0002453628678376196
0.0002455440991976142
0.00024572564402975425
0.00024590761646244616
0.0002460899630004406
0.0002462727089298545
0.0002464558453624648
0.0002466394362133371
0.00024682346902130055
0.00024700784575640376
0.0002471925481484908
0.0002473774678921195
0.0002475628388855872
0.0002477485469705453
0.00024793470746630386
0.00024812127992299593
0.00024830819848394833
0.00024849555036487054
0.0002486831302091455
0.00024887098404805864
0.0002490593218559336
0.00024924827178641947
0.0002494375402694673
0.00024962712508885495
0.0002498168163090301
0.00025000722036078177
0.0002501980718506846
0.00025038936424743956
0.0002505808895139038
0.000250772566612231
0.0002509648934581994
0.0002511577348616034
0.0002513508809231639
0.00025154418551471056
0.0002517380434943756
0.00025193232627693197
0.0002521270253547781
0.0002523220576645787
0.0002525174200093558
0.0002527132919803292
0.0002529095900113171
0.0002531062073096713
0.00025330316263828004
0.0002535005636995586
0.00025369841858049314
0.00025389667644869945
0.000254095259049379
0.000254294334646544
0.00025449386415384956
0.00025469376219388354
0.00025489392117704525
0.0002550944935086806
0.0002552955399740236
0.00025549706568657666
0.00025569902072180764
0.00025590142696779554
0.0002561042253491292
0.00025630724239830065
0.0002565105322190819
0.00025671439044219925
0.0002569189023014227
0.00025712374747702705
0.00025732882468075037
0.000257534326809037
0.00025774046499676593
0.00025794702989121945
0.00025815383423295117
0.00025836091011303416
0.0002585685199847279
0.0002587766965909818
0.0002589852502436274
0.00025919410927460274
0.000259403463287277
0.0002596133609762229
0.0002598235667861071
0.00026003405590265243
0.00026024499949265853
0.0002604564216987145
0.0002606682332402339
0.0002608804825719188
0.00026109320960092966
0.0002613064154899014
0.000261520095400237
0.0002617339789171803
0.00026194847086807215
0.0002621633088121308
0.000262378613287875
0.00026259412820431793
0.0002628102270939024
0.0002630267295673439
0.0002632438061504709
0.00026346107420398805
0.00026367905059663274
0.00026389749178585734
0.0002641162241873106
0.0002643352150126996
0.00026455479932766755
0.0002647748411436647
0.0002649952695726129
0.00026521611799903625
0.00026543753142983133
0.0002656590519010345
0.0002658812070329789
0.0002661040393387016
0.0002663274007407979
0.00026655091625595224
0.0002667743913348961
0.000266998740018818
0.0002672238465521426
0.0002674492980803103
0.00026767464744833504
0.000267900826068001
0.00026812754810841727
0.0002683547018209511
0.0002685820148075078
0.0002688100832079578
0.0002690386165042278
0.00026926743424712633
0.0002694964495856306
0.0002697261897142078
0.00026995650089365665
0.00027018718199417236
0.0002704182197739788
0.00027064979333739727
0.00027088181886974165
0.0002711141011680556
0.0002713469708678627
0.00027158040270822354
0.0002718142920565169
0.00027204849941474767
0.0002722832026194665
0.0002725183992791046
0.00027275398853785464
0.00027299001581502597
0.00027322659110177425
0.00027346365934114244
0.00027370100701304927
0.0002739389247151139
0.0002741773030630713
0.0002744160957920964
0.0002746553256754153
0.00027489515731930525
0.0002751354658725923
0.00027537610591910555
0.00027561717585470734
0.00027585872637383703
0.0002761007438538408
0.0002763431934227983
0.0002765862894543573
0.00027682982349085713
0.0002770736601996948
0.0002773179839282436
0.00027756287979161995
0.00027780812987361056
0.00027805365088606293
0.0002783000190327819
0.00027854706384802553
0.0002787941931055043
0.0002790414700502655
0.0002792895278185496
0.0002795383857059909
0.00027978741839722684
0.00028003669767959216
0.0002802866964444405
0.00028053737716294777
0.0002807882855653836
0.00028103951042309487
0.00028129135601581283
0.00028154371835729697
0.0002817965773939741
0.0002820499658507278
0.00028230375178646335
0.0002825577565751703
0.00028281227154191104
0.0002830676125827446
0.0002833234229681507
0.00028357949054820574
0.00028383598690527633
0.00028409305187718475
0.000284350597061608
0.0002846086148718593
0.00028486717504734707
0.0002851260647323412
0.0002853854512145524
0.0002856454664792677
0.00028590597623362945
0.000286166866685198
0.00028642809306625065
0.00028669002243139293
0.0002869523794703496
0.00028721525458796557
0.0002874785786498567
0.0002877423509072607
0.0002880064540376391
0.0002882711679243697
0.0002885365036055075
0.00028880217928763964
0.0002890682943632626
0.0002893350326628685
0.0002896021616258896
0.0002898697941781268
0.00029013800900459075
0.0002904066618734283
0.0002906755655114598
0.0002909450219231266
0.00029121526141538884
0.0002914857433443553
0.00029175666538080807
0.00029202828495160295
0.00029230026589830625
0.00029257253771380393
0.0002928455556220531
0.00029311930253193554
0.0002933930033655058
0.0002936670422000173
0.00029394235936879736
0.00029421798139202694
0.000294493618212761
0.00029476974089123216
0.00029504691871954264
0.00029532419783379337
0.0002956016551782954
0.0002958801971099692
0.0002961592510657818
0.0002964383251831925
0.00029671776074203984
0.0002969983321785047
0.0002972792795606184
0.00029756029945794096
0.00029784187120558984
0.00029812411451979304
0.00029840681388252266
0.00029869010944606154
0.0002989737593598188
0.0002992578050264908
0.0002995424667154834
0.0002998277141612666
0.0003001133634102697
0.0003003993663100258
0.0003006860482393623
0.00030097316496874966
0.0003012605333296954
0.0003015487244411505
0.000301837429744385
0.00030212652311412445
0.0003024159735156946
0.00030270585585191674
0.0003029963562012032
0.0003032874398444696
0.00030357908836658976
0.0003038709079177909
0.00030416312799348434
0.0003044563346757518
0.00030474987259991387
0.0003050437514960486
0.0003053380800885823
0.000305632948811808
0.00030592841678744035
0.0003062242894882541
0.00030652074796336644
0.0003068174724152694
0.0003071147689968759
0.000307412760727554
0.00030771090726002865
0.0003080096212985731
0.0003083091394578402
0.0003086089286532575
0.00030890904278564916
0.00030920981935324087
0.00030951111855550477
0.0003098127146766437
0.0003101149566078509
0.00031041775909205647
0.0003107207907766552
0.00031102434739578106
0.0003113287758906044
0.0003116331967156181
0.0003119379556411457
0.00031224395086477887
0.0003125501765898707
0.00031285640648668635
0.0003131634407609626
0.00031347112619024495
0.0003137789730532658
0.0003140873530599074
0.0003143966235198584
0.00031470585981247635
0.00031501541134273194
0.000315326293348771
0.0003156372284269521
0.00031594802159779086
0.000316260041601958
0.00031657275636929813
0.00031688543315351857
0.0003171984243729773
0.0003175123920280914
0.0003178266662369196
0.0003181410374417975
0.00031845639685057275
0.00031877219708327433
0.0003190881716521805
0.0003194048196092084
0.00031972190853135575
0.00032003928945189403
0.0003203572623148152
0.0003206757199177125
0.00032099467411377024
0.0003213142197552705
0.00032163420164834245
0.00032195447242673976
0.00032227536010485274
0.00032259675463273724
0.0003229184056108662
0.00032324057709510546
0.000323563464294113
0.0003238866391709025
0.00032420997410686873
0.0003245341297834223
0.00032485887010154347
0.0003251837925658825
0.0003255093525253944
0.0003258352318799969
0.00032616160950426395
0.0003264886841383956
0.0003268159205074548
0.0003271436826395889
0.00032747202464115954
0.0003278007535247168
0.0003281298720752483
0.00032845946031067485
0.0003287896105236605
0.0003291200844987645
0.0003294510490485684
0.0003297826304567922
0.00033011438980929086
0.00033044660328505855
0.00033077955967285343
0.00033111275626278975
0.0003314464001939766
0.0003317806088149545
0.0003321149755688809
0.0003324500274590141
0.00033278570963890275
0.00033312150186244713
0.000333457827083116
0.00033379483457321966
0.0003341320081577635
0.0003344694658319966
0.00033480772894912394
0.00033514636893208424
0.0003354851525113917
0.00033582462056395046
0.0003361645099448731
0.0003365045950543048
0.0003368453830085714
0.0003371866877215068
0.0003375280783265168
0.00033787009094819373
0.00033821278605668915
0.0003385553241937129
0.00033889845566899637
0.00033924255861342224
0.0003395863241519468
0.0003399305728580989
0.00034027604283484177
0.00034062133217646655
0.0003409668399582164
0.0003413133701388244
0.000341660085724968
0.00034200673780776264
0.0003423541995907959
0.0003427022898832484
0.00034305029599571125
0.0003433989023865053
0.0003437482550308582
0.0003440975145605937
0.0003444472191619297
0.0003447977494725688
0.00034514814898056935
0.00034549893297418447
0.0003458507413575203
0.0003462025813418142
0.0003465545601121899
0.00034690733598517293
0.00034726041621118656
0.0003476136393227908
0.0003479673753135652
0.0003483215549478028
0.0003486760988681306
0.0003490309904189848
0.0003493861235098313
0.0003497417537280365
0.00035009790230267665
0.0003504541266048602
0.0003508108368019656
0.00035116822551220083
0.0003515256678266683
0.0003518834497180348
0.0003522418232125374
0.0003526003648638627
0.00035295921299446437
0.00035331852342557185
0.0003536780337646719
0.00035403790239876316
0.0003543983418911019
0.00035475915985224565
0.00035512007732499466
0.0003554813216613533
0.00035584314609810817
0.00035620505604573984
0.00035656716697280306
0.00035693003384002674
0.000357293100044701
0.00035765644308234
0.00035802015558061156
0.0003583841123769464
0.00035874850087669617
0.00035911302822614835
0.0003594778278522938
0.00035984323251591867
0.00036020871428172816
0.000360574343004533
0.0003609406963172072
0.00036130717664885456
0.00036167356239299574
0.000362040736389855
0.0003624082023244759
0.0003627756063386387
0.000363143678997144
0.00036351186516148353
0.00036388015977895576
0.0003642490732019715
0.00036461813773968086
0.00036498716714369585
0.00036535692576546245
0.00036572683773079557
0.0003660965127329454
0.00036646706106503697
0.0003668378221446522
0.0003672083331663581
0.0003675797026201631
0.0003679512799509799
0.0003683224320907698
0.0003686943870773018
0.00036906659498466097
0.00036943833887245373
0.00036981101441249317
0.00037018404670186006
0.0003705565387601655
0.00037092995058281205
0.0003713036876254784
0.00037167687461813745
0.00037205062744086203
0.0003724249752909169
0.00037279894811406537
0.0003731730620204078
0.0003735479416442686
0.00037392260973329337
0.0003742973364565736
0.00037467286640115123
0.0003750479873950111
0.00037542298910552116
0.00037579914757631874
0.00037617469602131345
0.0003765500040386651
0.00037692690534485077
0.0003773031283183962
0.00037767868446599137
0.00037805586991647053
0.0003784327412529021
0.00037880864731874
0.000379186038776736
0.00037956346786772885
0.00037993981353753615
0.00038031729252839243
0.0003806950816936873
0.00038107194194365624
0.0003814496374983173
0.0003818277388781867
0.00038220496254229124
0.00038258288253857826
0.0003829611882925178
0.00038333881718254607
0.00038371684558716874
0.0003840952692471618
0.0003844731369715186
0.0003848511657524201
0.0003852297468476781
0.00038560793873256114
0.00038598608246760425
0.0003863646582446721
0.00038674290414915006
0.0003871211332491108
0.00038749970177356214
0.00038787803316892624
0.00038825645228340606
0.00038863498558317037
0.0003890131893423427
0.00038939167792275753
0.0003897701453173156
0.00039014825075509864
0.0003905268344783785
0.000390905038023539
0.0003912829676774943
0.00039166147787847075
0.00039203944278563385
0.00039241711217088136
0.0003927954638091377
0.0003931732593086255
0.00039355073172753804
0.00039392884947799623
0.0003943064763914206
0.00039468362435417736
0.00039506118428872864
0.00039543844797653734
0.0003958153722606433
0.00039619251603305815
0.0003965693186642093
0.00039694585172650524
0.0003973225080542087
0.0003976987490015742
0.0003980747626458965
0.00039845090258246624
0.0003988266379025245
0.0003992022000713751
0.0003995778622556462
0.0003999529890646139
0.00040032788169167195
0.0004007027462911536
0.00040107704876894863
0.0004014512422113918
0.00040182539876090236
0.00040219899661322574
0.0004025724890823716
0.00040294597015456707
0.00040331868967551104
0.000403691184419694
0.00040406376045330804
0.0004044355278276437
0.00040480698531813943
0.00040517861061312827
0.0004055494106169044
0.00040591979810566204
0.0004062903575522955
0.00040666013567619775
0.00040702949309514804
0.0004073989104199158
0.00040776747277655403
0.00040813562913286116
0.00040850371561757274
0.00040887092931334544
0.0004092378171102923
0.00040960456429222
0.0004099704457194795
0.0004103360594263461
0.00041070137488793577
0.0004110656991948527
0.0004114297997738918
0.0004117935677417197
0.0004121563249136114
0.00041251887044104765
0.00041288095402247074
0.0004132420114538885
0.000413603000863081
0.0004139634940127703
0.0004143227756240888
0.00041468190012524254
0.00041504055511936127
0.0004153979809368145
0.00041575513467193546
0.00041611177848897667
0.00041646719442474985
0.000416822308692373
0.0004171769173700665
0.00041753030680088076
0.00041788335319610184
0.00041823576476888747
0.00041858684940157304
0.00041893756971850645
0.0004192876124849603
0.0004196363478070723
0.000419984778913058
0.00042033247521841056
0.00042067875128454723
0.0004210246277572883
0.0004213697295923905
0.0004217133950004511
0.00042205665086462085
0.00042239910731640626
0.00042273997812718037
0.0004230803688001546
0.00042341999116512894
0.0004237580081273718
0.0004240955446883391
0.00042443221082200236
0.00042476708356296036
0.00042510154927181016
0.0004254351717906982
0.00042576685359087957
0.00042609808422505274
0.0004264284504706729
0.00042675676520109723
0.00042708459660679076
0.0004274116064401882
0.0004277365796683297
0.0004280608496102586
0.00042838419856761035
0.0004287055565396951
0.00042902605711325726
0.0004293455158734829
0.0004296629923212837
0.00042997958196306355
0.0004302950945571058
0.00043060879909134054
0.0004309213969356534
0.0004312327279513888
0.0004315423066482496
0.0004318505792701355
0.0004321574954421338
0.00043246271796644465
0.000432766497456441
0.00043306890554468817
0.00043336959001183156
0.00043366863677732337
0.0004339664389688108
0.0004342625406393909
0.0004345568224897913
0.0004348495368429366
0.00043514066983988965
0.0004354299639354016
0.00043571743710851883
0.00043600334179534975
0.0004362873990609252
0.0004365694299663088
0.00043684996035381454
0.0004371285679999189
0.00043740490989545614
0.00043767971980389336
0.00043795264552399415
0.000438223191833067
0.0004384921528056991
0.0004387591552901113
0.0004390236303031091
0.00043928641426402927
0.0004395471610617486
0.00043980538856615677
0.00044006181208955196
0.00044031604165979676
0.0004405678787684813
0.0004408176090582339
0.0004410650679754293
0.00044131016189103475
0.00044155281395427253
0.00044179316435606706
0.0004420311623346647
0.0004422665670102264
0.00044249965655797477
0.0004427303413902225
0.00044295831554802794
0.00044318373278343337
0.00044340669794175824
0.0004436269269570508
0.00044384430590777913
0.00044405918436023147
0.0004442714011797127
0.00044448058914986537
0.00044468710474310723
0.00044489089293723466
0.00044509151590312496
0.0004452892911188418
0.00044548434553760396
0.00044567615765877335
0.00044586494744455
0.0004460508679272335
0.00044623334673075964
0.0004464127011816701
0.00044658907873242374
0.000446761918078461
0.00044693153866158714
0.00044709803352953635
0.00044726087047906854
0.0004474203575235624
0.0004475765213205496
0.00044772890047735733
0.000447877837423784
0.00044802330453735766
0.0004481648757360586
0.0004483028736194568
0.0004484372382290718
0.00044856757738452927
0.00044869413516367146
0.0004488168865615346
0.000448935546408653
0.0004490502784456952
0.00044916100651938183
0.00044926749498491346
0.0004493699023065824
0.0004494681157916884
0.0004495619435478539
0.00044965153968280004
0.0004497367476250704
0.00044981740320413456
0.00044989366510156566
0.00044996535243839046
0.00045003234780696596
0.0004500947874446221
0.00045015242487183124
0.00045020516484261787
0.00045025315058436015
0.000450296157914173
0.0004503341402400387
0.0004503671582384582
0.00045039500318285255
0.000450417653402405
0.00045043508099860795
0.00045044713799789846
0.00045045377605645024
0.0004504549425671155
0.0004504505468379865
0.000450440540465806
0.0004504247992054592
0.00045040328386534404
0.0004503759593988525
0.0004503426339770269
0.00045030330882303376
0.00045025795697971956
0.0004502063302480347
0.00045014846897943774
0.0004500843453242491
0.0004500136786611426
0.0004499365511481878
0.00044985290275403856
0.00044976239359934835
0.0004496651675151819
0.0004495611724771154
0.00044944999485300915
0.0004493318636872516
0.00044920667333473216
0.0004490738939282378
0.0004489339379831776
0.00044878666710663725
0.00044863141417950006
0.0004484687362921898
0.0004482985045500133
0.00044811993710919935
0.000447933641510308
0.00044773945369009586
0.0004475365427150701
0.0004473255623368174
0.00044710639983572585
0.00044687812932089964
0.00044664137638669396
0.00044639618424154785
0.00044614149535275084
0.00044587791768039745
0.00044560562036593236
0.00044532339332982267
0.00044503185925003357
0.00044473122105453456
0.0004444201052690125
0.0004440992369075769
0.00044376901188438285
0.0004434279404299025
0.0004430765717187205
0.0004427152399244977
0.0004423427683980641
0.0004419596264281584
0.00044156596420512177
0.00044116080612002805
0.0004407444738327363
0.0004403169564182226
0.0004398774458104466
0.0004394262899987028
0.00043896334464235096
0.0004384881564127924
0.0004380006457452406
0.00043750051688637784
0.00043698799163261495
0.00043646242340895897
0.0004359235377767474
0.00043537166909020825
0.0004348061630395816
0.00043422668345804814
0.0004336336395888408
0.00043302641984511
0.0004324045209131045
0.00043176827112343996
0.0004311169928228162
0.0004304503776904497
0.0004297691761196396
0.0004290720255125223
0.0004283587088069961
0.0004276302229550372
0.0004268845163665205
0.0004261217494145211
0.0004253432468231134
0.0004245467651054402
0.0004237323380573113
0.0004229017323824142
0.0004220521350838631
0.0004211831040657803
0.00042029742437948373
0.00041939168681948336
0.0004184650492800356
0.0004175208831675272
0.00041655580719717866
0.0004155688237880363
0.0004145625893922483
0.0004135346937356488
0.0004124846772559048
0.00041141345489277765
0.00041031939313367186
0.00040920237004265115
0.00040806208900631404
0.00040689766923268677
0.00040570969390489066
0.00040449679161731056
0.0004032580655490592
0.0004019943826854155
0.0004007046920080837
0.00039938727511394195
0.00039804300710834933
0.00039667213580341277
0.0003952709515851637
0.0003938408697840413
0.00039238343629990696
0.0003908928199096865
0.00038937148405804485
0.00038782182576905616
0.0003862361825119689
0.0003846186506601511
0.0003829701223338779
0.00038128189957833996
0.0003795605167249541
0.00037780608982292027
0.0003760085034549333
0.0003741756500196982
0.00037230811769605127
0.0003703943209190858
0.00036844167278462505
0.0003664512782911933
0.0003644110334160276
0.00036232932032221086
0.00036020743551770873
0.0003580317169908695
0.00035581075104815896
0.0003535448788235464
0.00035122019413965706
0.00034884658795801635
0.00034642427923814824
0.00034393898457121537
0.00034140111209987026
0.0003388083980305716
0.0003361461845375638
0.00033342693477122224
0.0003306466563023124
0.00032779113750560203
0.00032487084653638835
0.00032188219314226255
0.00031881232944338666
0.00031566901043623486
0.00031244958748030026
0.0003091409430449768
0.00030574888530759595
0.00030226973416680306
0.00029869113890266033
0.00029501717338724706
0.00029124393811304314
0.00028735782876715914
0.00028336183092667473
0.00027925239310313816
0.00027501344386600076
0.00027064582757547383
0.0002661444371542579
0.0002614902539592217
0.00025668393287272396
0.0002517165715114072
0.00024656536907182916
0.00024123176096817634
0.000235701858658973
0.00022994449846900099
0.00022395764350905659
0.00021771931036575968
0.00021118821460849082
0.00020435643099841192
0.00019718966392447362
0.00018962532405176504
0.00018163611782033202
0.00017316436288598118
0.00016410469281068836
0.0001543735666009477
0.0001438440764642778
0.00013228976955325107
0.00011943185399274789
0.00010480861297990059
8.74793566070897e-5
6.53447924396752e-5
2.9004721856558478e-5
0.0
0.0
0.0
0.0
0.0
0.0
0.0
0.0
0.0
0.0
0.0
0.0
0.0
0.0
0.0
0.0
0.0
0.0
0.0
0.0
0.0
0.0
0.0
0.0
0.0
0.0
0.0
0.0
0.0
0.0
0.0
0.0
0.0
0.0
0.0
0.0
0.0
0.0
0.0
0.0
0.0
0.0
0.0
0.0
0.0
0.0
0.0
0.0
0.0
0.0
0.0
0.0
0.0
0.0
0.0
0.0
0.0
0.0
0.0
0.0
0.0
0.0
0.0
0.0
0.0
0.0
0.0
0.0
0.0
0.0
0.0
0.0
0.0
0.0
0.0
0.0
0.0
0.0
0.0
0.0
0.0
0.0
0.0
0.0
0.0
0.0
0.0
0.0
0.0
0.0
0.0
0.0
0.0
0.0
0.0
0.0
0.0
0.0
0.0
0.0
0.0
0.0
0.0
0.0
0.0
0.0
0.0
0.0
0.0
0.0
0.0
0.0
0.0
0.0
0.0
0.0
0.0
0.0
0.0
0.0
0.0
0.0
0.0
0.0
0.0
0.0
0.0
0.0
0.0
0.0
0.0
0.0
0.0
0.0
0.0
0.0
0.0
0.0
0.0
0.0
0.0
0.0
0.0
0.0
0.0
0.0
0.0
0.0
0.0
0.0
0.0
0.0
0.0
0.0
0.0
0.0
0.0
0.0
0.0
0.0
0.0
0.0
0.0
0.0
0.0
0.0
0.0
0.0
0.0
0.0
0.0
0.0
0.0
0.0
0.0
0.0
0.0
0.0
0.0
0.0
0.0
0.0
0.0
0.0
0.0
0.0
0.0
0.0
0.0
0.0
0.0
0.0
0.0
0.0
0.0
0.0
0.0
0.0
0.0
0.0
0.0
0.0
0.0
0.0
0.0
0.0
0.0
0.0
0.0
0.0
0.0
0.0
0.0
0.0
0.0
0.0
0.0
0.0
0.0
0.0
0.0
0.0
0.0
0.0
0.0
0.0
0.0
0.0
0.0
0.0
0.0
0.0
0.0
0.0
0.0
0.0
0.0
0.0
0.0
0.0
0.0
0.0
0.0
0.0
0.0
0.0
0.0
0.0
0.0
0.0
0.0
0.0
0.0
0.0
0.0
0.0
0.0
0.0
0.0
0.0
0.0
0.0
0.0
0.0
0.0
0.0
0.0
0.0
0.0
0.0
0.0
0.0
0.0
0.0
0.0
0.0
0.0
0.0
0.0
0.0
0.0
0.0
0.0
0.0
0.0
0.0
0.0
0.0
0.0
0.0
0.0
0.0
0.0
0.0
0.0
0.0
0.0
0.0
0.0
0.0
0.0
0.0
0.0
0.0
0.0
0.0
0.0
0.0
0.0
0.0
0.0
0.0
0.0
0.0
0.0
0.0
0.0
0.0
0.0
0.0
0.0
0.0
0.0
0.0
0.0
0.0
0.0
0.0
0.0
0.0
0.0
0.0
0.0
0.0
0.0
0.0
0.0
0.0
0.0
0.0
0.0
0.0
0.0
0.0
0.0
0.0
0.0
0.0
0.0
0.0
0.0
0.0
0.0
0.0
0.0
0.0
0.0
0.0
0.0
0.0
0.0
0.0
0.0
0.0
0.0
0.0
0.0
0.0
0.0
0.0
0.0
0.0
0.0
0.0
0.0
0.0
0.0
0.0
0.0
0.0
0.0
0.0
0.0
0.0
0.0
0.0
0.0
0.0
0.0
0.0
0.0
0.0
0.0
0.0
0.0
0.0
0.0
0.0
0.0
0.0
0.0
0.0
0.0
0.0
0.0
0.0
0.0
0.0
0.0
0.0
0.0
0.0
0.0
0.0
0.0
0.0
0.0
0.0
0.0
0.0
0.0
0.0
0.0
0.0
0.0
0.0
0.0
0.0
0.0
0.0
0.0
0.0
0.0
0.0
0.0
0.0
0.0
0.0
0.0
0.0
0.0
0.0
0.0
0.0
0.0
0.0
0.0
0.0
0.0
0.0
0.0
0.0
0.0
0.0
0.0
0.0
0.0
0.0
0.0
0.0
0.0
0.0
0.0
0.0
0.0
0.0
0.0
0.0
0.0
0.0
0.0
0.0
0.0
0.0
0.0
0.0
0.0
0.0
0.0
0.0
0.0
0.0
0.0
0.0
0.0
0.0
0.0
0.0
0.0
0.0
0.0
0.0
0.0
0.0
0.0
0.0
0.0
0.0
0.0
0.0
0.0
0.0
0.0
0.0
0.0
0.0
0.0
0.0
0.0
0.0
0.0
0.0
0.0
0.0
0.0
0.0
0.0
0.0
0.0
0.0
0.0
0.0
0.0
0.0
0.0
0.0
0.0
0.0
0.0
0.0
0.0
0.0
0.0
0.0
0.0
0.0
0.0
0.0
0.0
0.0
0.0
0.0
0.0
0.0
0.0
0.0
0.0
0.0
0.0
0.0
0.0
0.0
0.0
0.0
0.0
0.0
0.0
0.0
0.0
0.0
0.0
0.0
0.0
0.0
0.0
0.0
0.0
0.0
0.0
0.0
0.0
0.0
0.0
0.0
0.0
0.0
0.0
0.0
0.0
0.0
0.0
0.0
0.0
0.0
0.0
0.0
0.0
0.0
0.0
0.0
0.0
0.0
0.0
0.0
0.0
0.0
0.0
0.0
0.0
0.0
0.0
0.0
0.0
0.0
0.0
0.0
0.0
0.0
0.0
0.0
0.0
0.0
0.0
0.0
0.0
0.0
0.0
0.0
0.0
0.0
0.0
0.0
0.0
0.0
0.0
0.0
0.0
0.0
0.0
0.0
0.0
0.0
0.0
0.0
0.0
0.0
0.0
0.0
0.0
0.0
0.0
0.0
0.0
0.0
0.0
0.0
0.0
0.0
0.0
0.0
0.0
0.0
0.0
0.0
0.0
0.0
0.0
0.0
0.0
0.0
0.0
0.0
0.0
0.0
0.0
0.0
0.0
0.0
0.0
0.0
0.0
0.0
0.0
0.0
0.0
0.0
0.0
0.0
0.0
0.0
0.0
0.0
0.0
0.0
0.0
0.0
0.0
0.0
0.0
0.0
0.0
0.0
0.0
0.0
0.0
0.0
0.0
0.0
0.0
0.0
0.0
0.0
0.0
0.0
0.0
0.0
0.0
0.0
0.0
0.0
0.0
0.0
0.0
0.0
0.0
0.0
0.0
0.0
0.0
0.0
0.0
0.0
0.0
0.0
0.0
0.0
0.0
0.0
0.0
0.0
0.0
0.0
0.0
0.0
0.0
0.0
0.0
0.0
0.0
0.0
0.0
0.0
0.0
0.0
0.0
0.0
0.0
0.0
0.0
0.0
0.0
0.0
0.0
0.0
0.0
0.0
0.0
0.0
0.0
0.0
0.0
0.0
0.0
0.0
0.0
0.0
0.0
0.0
0.0
0.0
0.0
0.0
0.0
0.0
0.0
0.0
0.0
0.0
0.0
0.0
0.0
0.0
0.0
0.0
0.0
0.0
0.0
0.0
0.0
0.0
0.0
0.0
0.0
0.0
0.0
0.0
0.0
0.0
0.0
0.0
0.0
0.0
0.0
0.0
0.0
0.0
0.0
0.0
0.0
0.0
0.0
0.0
0.0
0.0
0.0
0.0
0.0
0.0
0.0
0.0
0.0
0.0
0.0
0.0
0.0
0.0
0.0
0.0
0.0
0.0
0.0
0.0
0.0
0.0
0.0
0.0
0.0
0.0
0.0
0.0
0.0
0.0
0.0
0.0
0.0
0.0
0.0
0.0
0.0
0.0
0.0
0.0
0.0
0.0
0.0
0.0
0.0
0.0
0.0
0.0
0.0
0.0
0.0
0.0
0.0
0.0
0.0
0.0
0.0
0.0
0.0
0.0
0.0
0.0
0.0
0.0
0.0
0.0
0.0
0.0
0.0
0.0
0.0
0.0
0.0
0.0
0.0
0.0
0.0
0.0
0.0
0.0
0.0
0.0
0.0
0.0
0.0
0.0
0.0
0.0
0.0
0.0
0.0
0.0
0.0
0.0
0.0
0.0
0.0
0.0
0.0
0.0
0.0
0.0
0.0
0.0
0.0
0.0
0.0
0.0
0.0
0.0
0.0
0.0
0.0
0.0
0.0
0.0
0.0
0.0
0.0
0.0
0.0
0.0
0.0
0.0
0.0
0.0
0.0
0.0
0.0
0.0
0.0
0.0
0.0
0.0
0.0
0.0
0.0
0.0
0.0
0.0
0.0
0.0
0.0
0.0
0.0
0.0
0.0
0.0
0.0
0.0
0.0
0.0
0.0
0.0
0.0
0.0
0.0
0.0
0.0
0.0
0.0
0.0
0.0
0.0
0.0
0.0
0.0
0.0
0.0
0.0
0.0
0.0
0.0
0.0
0.0
0.0
0.0
0.0
0.0
0.0
0.0
0.0
0.0
0.0
0.0
0.0
0.0
0.0
0.0
0.0
0.0
0.0
0.0
0.0
0.0
0.0
0.0
0.0
0.0
0.0
0.0
0.0
0.0
0.0
0.0
0.0
0.0
0.0
0.0
0.0
0.0
0.0
0.0
0.0
0.0
0.0
0.0
0.0
0.0
0.0
0.0
0.0
0.0
0.0
0.0
0.0
0.0
0.0
0.0
0.0
0.0
0.0
0.0
0.0
0.0
0.0
0.0
0.0
0.0
0.0
0.0
0.0
0.0
0.0
0.0
0.0
0.0
0.0
0.0
0.0
0.0
0.0
0.0
0.0
0.0
0.0
0.0
0.0
0.0
0.0
0.0
0.0
0.0
0.0
0.0
0.0
0.0
0.0
0.0
0.0
0.0
0.0
0.0
0.0
0.0
0.0
0.0
0.0
0.0
0.0
0.0
0.0
0.0
0.0
0.0
0.0
0.0
0.0
0.0
0.0
0.0
0.0
0.0
0.0
0.0
0.0
0.0
0.0
0.0
0.0
0.0
0.0
0.0
0.0
0.0
0.0
0.0
0.0
0.0
0.0
0.0
0.0
0.0
0.0
0.0
0.0
0.0
0.0
0.0
0.0
0.0
0.0
0.0
0.0
0.0
0.0
0.0
0.0
0.0
0.0
0.0
0.0
0.0
0.0
0.0
0.0
0.0
0.0
0.0
0.0
0.0
0.0
0.0
0.0
0.0
0.0
0.0
0.0
0.0
0.0
0.0
0.0
0.0
0.0
0.0
0.0
0.0
0.0
0.0
0.0
0.0
0.0
0.0
0.0
0.0
0.0
0.0
0.0
0.0
0.0
0.0
0.0
0.0
0.0
0.0
0.0
0.0
0.0
0.0
0.0
0.0
0.0
0.0
0.0
0.0
0.0
0.0
0.0
0.0
0.0
0.0
0.0
0.0
0.0
0.0
0.0
0.0
0.0
0.0
0.0
0.0
0.0
0.0
0.0
0.0
0.0
0.0
0.0
0.0
0.0
0.0
0.0
0.0
0.0
0.0
0.0
0.0
0.0
0.0
0.0
0.0
0.0
0.0
0.0
0.0
0.0
0.0
0.0
0.0
0.0
0.0
0.0
0.0
0.0
0.0
0.0
0.0
0.0
0.0
0.0
0.0
0.0
0.0
0.0
0.0
0.0
0.0
0.0
0.0
0.0
0.0
0.0
0.0
0.0
0.0
0.0
0.0
0.0
0.0
0.0
0.0
0.0
0.0
0.0
0.0
0.0
0.0
0.0
0.0
0.0
0.0
0.0
0.0
0.0
0.0
0.0
0.0
0.0
0.0
0.0
0.0
0.0
0.0
0.0
0.0
0.0
0.0
0.0
0.0
0.0
0.0
0.0
0.0
0.0
0.0
0.0
0.0
0.0
0.0
0.0
0.0
0.0
0.0
0.0
0.0
0.0
0.0
0.0
0.0
0.0
0.0
0.0
0.0
0.0
0.0
0.0
0.0
0.0
0.0
0.0
0.0
0.0
0.0
0.0
0.0
0.0
0.0
0.0
0.0
0.0
0.0
0.0
0.0
0.0
0.0
0.0
0.0
0.0
0.0
0.0
0.0
0.0
0.0
0.0
0.0
0.0
0.0
0.0
0.0
0.0
0.0
0.0
0.0
0.0
0.0
0.0
0.0
0.0
0.0
0.0
0.0
0.0
0.0
0.0
0.0
0.0
0.0
0.0
0.0
0.0
0.0
0.0
0.0
0.0
0.0
0.0
0.0
0.0
0.0
0.0
0.0
0.0
0.0
0.0
0.0
0.0
0.0
0.0
0.0
0.0
0.0
0.0
0.0
0.0
0.0
0.0
0.0
0.0
0.0
0.0
0.0
0.0
0.0
0.0
0.0
0.0
0.0
0.0
0.0
0.0
0.0
0.0
0.0
0.0
0.0
0.0
0.0
0.0
0.0
0.0
0.0
0.0
0.0
0.0
0.0
0.0
0.0
0.0
0.0
0.0
0.0
0.0
0.0
0.0
0.0
0.0
0.0
0.0
0.0
0.0
0.0
0.0
0.0
0.0
0.0
0.0
0.0
0.0
0.0
0.0
0.0
0.0
0.0
0.0
0.0
0.0
0.0
0.0
0.0
0.0
0.0
0.0
0.0
0.0
0.0
0.0
0.0
0.0
0.0
0.0
0.0
0.0
0.0
0.0
0.0
0.0
0.0
0.0
0.0
0.0
0.0
0.0
0.0
0.0
0.0
0.0
0.0
0.0
0.0
0.0
0.0
0.0
0.0
0.0
0.0
0.0
0.0
0.0
0.0
0.0
0.0
0.0
0.0
0.0
0.0
0.0
0.0
0.0
0.0
0.0
0.0
0.0
0.0
0.0
0.0
0.0
0.0
0.0
0.0
0.0
0.0
0.0
0.0
0.0
0.0
0.0
0.0
0.0
0.0
0.0
0.0
0.0
0.0
0.0
0.0
0.0
0.0
0.0
0.0
0.0
0.0
0.0
0.0
0.0
0.0
0.0
0.0
0.0
0.0
0.0
0.0
0.0
0.0
0.0
0.0
0.0
0.0
0.0
0.0
0.0
0.0
0.0
0.0
0.0
0.0
0.0
0.0
0.0
0.0
0.0
0.0
0.0
0.0
0.0
0.0
0.0
0.0
0.0
0.0
0.0
0.0
0.0
0.0
0.0
0.0
0.0
0.0
0.0
0.0
0.0
0.0
0.0
0.0
0.0
0.0
0.0
0.0
0.0
0.0
0.0
0.0
0.0
0.0
0.0
0.0
0.0
0.0
0.0
0.0
0.0
0.0
0.0
0.0
0.0
0.0
0.0
0.0
0.0
0.0
0.0
0.0
0.0
0.0
0.0
0.0
0.0
0.0
0.0
0.0
0.0
0.0
0.0
0.0
0.0
0.0
0.0
0.0
0.0
0.0
0.0
0.0
0.0
0.0
0.0
0.0
0.0
0.0
0.0
0.0
0.0
0.0
0.0
0.0
0.0
0.0
0.0
0.0
0.0
0.0
0.0
0.0
0.0
0.0
0.0
0.0
0.0
0.0
0.0
0.0
0.0
0.0
0.0
0.0
0.0
0.0
0.0
0.0
0.0
0.0
0.0
0.0
0.0
0.0
0.0
0.0
0.0
0.0
0.0
0.0
0.0
0.0
0.0
0.0
0.0
0.0
0.0
0.0
0.0
0.0
0.0
0.0
0.0
0.0
0.0
0.0
0.0
0.0
0.0
0.0
0.0
0.0
0.0
0.0
0.0
0.0
0.0
0.0
0.0
0.0
0.0
0.0
0.0
0.0
0.0
0.0
0.0
0.0
0.0
0.0
0.0
0.0
0.0
0.0
0.0
0.0
0.0
0.0
0.0
0.0
0.0
0.0
0.0
0.0
0.0
0.0
0.0
0.0
0.0
0.0
0.0
0.0
0.0
0.0
0.0
0.0
0.0
0.0
0.0
0.0
0.0
0.0
0.0
0.0
0.0
0.0
0.0
0.0
0.0
0.0
0.0
0.0
0.0
0.0
0.0
0.0
0.0
0.0
0.0
0.0
0.0
0.0
0.0
0.0
0.0
0.0
0.0
0.0
0.0
0.0
0.0
0.0
0.0
0.0
0.0
0.0
0.0
0.0
0.0
0.0
0.0
0.0
0.0
0.0
0.0
0.0
0.0
0.0
0.0
0.0
0.0
0.0
0.0
0.0
0.0
0.0
0.0
0.0
0.0
0.0
0.0
0.0
0.0
0.0
0.0
0.0
0.0
0.0
0.0
0.0
0.0
0.0
0.0
0.0
0.0
0.0
0.0
0.0
0.0
0.0
0.0
0.0
0.0
0.0
0.0
0.0
0.0
0.0
0.0
0.0
0.0
0.0
0.0
0.0
0.0
0.0
0.0
0.0
0.0
0.0
0.0
0.0
0.0
0.0
0.0
0.0
0.0
0.0
0.0
0.0
0.0
0.0
0.0
0.0
0.0
0.0
0.0
0.0
0.0
0.0
0.0
0.0
0.0
0.0
0.0
0.0
0.0
0.0
0.0
0.0
0.0
0.0
0.0
0.0
0.0
0.0
0.0
0.0
0.0
0.0
0.0
0.0
0.0
0.0
0.0
0.0
0.0
0.0
0.0
0.0
0.0
0.0
0.0
0.0
0.0
0.0
0.0
0.0
0.0
0.0
0.0
0.0
0.0
0.0
0.0
0.0
0.0
0.0
0.0
0.0
0.0
0.0
0.0
0.0
0.0
0.0
0.0
0.0
0.0
0.0
0.0
0.0
0.0
0.0
0.0
0.0
0.0
0.0
0.0
0.0
0.0
0.0
0.0
0.0
0.0
0.0
0.0
0.0
0.0
0.0
0.0
0.0
0.0
0.0
0.0
0.0
0.0
0.0
0.0
0.0
0.0
0.0
0.0
0.0
0.0
0.0
0.0
0.0
0.0
0.0
0.0
0.0
0.0
0.0
0.0
0.0
0.0
0.0
0.0
0.0
0.0
0.0
0.0
0.0
0.0
0.0
0.0
0.0
0.0
0.0
0.0
0.0
0.0
0.0
0.0
0.0
0.0
0.0
0.0
0.0
0.0
0.0
0.0
0.0
0.0
0.0
0.0
0.0
0.0
0.0
0.0
0.0
0.0
0.0
0.0
0.0
0.0
0.0
0.0
0.0
0.0
0.0
0.0
0.0
0.0
0.0
0.0
0.0
0.0
0.0
0.0
0.0
0.0
0.0
0.0
0.0
0.0
0.0
0.0
0.0
0.0
0.0
0.0
0.0
0.0
0.0
0.0
0.0
0.0
0.0
0.0
0.0
0.0
0.0
0.0
0.0
0.0
0.0
0.0
0.0
0.0
0.0
0.0
0.0
0.0
0.0
0.0
0.0
0.0
0.0
0.0
0.0
0.0
0.0
0.0
0.0
0.0
0.0
0.0
0.0
0.0
0.0
0.0
0.0
0.0
0.0
0.0
0.0
0.0
0.0
0.0
0.0
0.0
0.0
0.0
0.0
0.0
0.0
0.0
0.0
0.0
0.0
0.0
0.0
0.0
0.0
0.0
0.0
0.0
0.0
0.0
0.0
0.0
0.0
0.0
0.0
0.0
0.0
0.0
0.0
0.0
0.0
0.0
0.0
0.0
0.0
0.0
0.0
0.0
0.0
0.0
0.0
0.0
0.0
0.0
0.0
0.0
0.0
0.0
0.0
0.0
0.0
0.0
0.0
0.0
0.0
0.0
0.0
0.0
0.0
0.0
0.0
0.0
0.0
0.0
0.0
0.0
0.0
0.0
0.0
0.0
0.0
0.0
0.0
0.0
0.0
0.0
0.0
0.0
0.0
0.0
0.0
0.0
0.0
0.0
0.0
0.0
0.0
0.0
0.0
0.0
0.0
0.0
0.0
0.0
0.0
0.0
0.0
0.0
0.0
0.0
0.0
0.0
0.0
0.0
0.0
0.0
0.0
0.0
0.0
0.0
0.0
0.0
0.0
0.0
0.0
0.0
0.0
0.0
0.0
0.0
0.0
0.0
0.0
0.0
0.0
0.0
0.0
0.0
0.0
0.0
0.0
0.0
0.0
0.0
0.0
0.0
0.0
0.0
0.0
0.0
0.0
0.0
0.0
0.0
0.0
0.0
0.0
0.0
0.0
0.0
0.0
0.0
0.0
0.0
0.0
0.0
0.0
0.0
0.0
0.0
0.0
0.0
0.0
0.0
0.0
0.0
0.0
0.0
0.0
0.0
0.0
0.0
0.0
0.0
0.0
0.0
0.0
0.0
0.0
0.0
0.0
0.0
0.0
0.0
0.0
0.0
0.0
0.0
0.0
0.0
0.0
0.0
0.0
0.0
0.0
0.0
0.0
0.0
0.0
0.0
0.0
0.0
0.0
0.0
0.0
0.0
0.0
0.0
0.0
0.0
0.0
0.0
0.0
0.0
0.0
0.0
0.0
0.0
0.0
0.0
0.0
0.0
0.0
0.0
0.0
0.0
0.0
0.0
0.0
0.0
0.0
0.0
0.0
0.0
0.0
0.0
0.0
0.0
0.0
0.0
0.0
0.0
0.0
0.0
0.0
0.0
0.0
0.0
0.0
0.0
0.0
0.0
0.0
0.0
0.0
0.0
0.0
0.0
0.0
0.0
0.0
0.0
0.0
0.0
0.0
0.0
0.0
0.0
0.0
0.0
0.0
0.0
0.0
0.0
0.0
0.0
0.0
0.0
0.0
0.0
0.0
0.0
0.0
0.0
0.0
0.0
0.0
0.0
0.0
0.0
0.0
0.0
0.0
0.0
0.0
0.0
0.0
0.0
0.0
0.0
0.0
0.0
0.0
0.0
0.0
0.0
0.0
0.0
0.0
0.0
0.0
0.0
0.0
0.0
0.0
0.0
0.0
0.0
0.0
0.0
0.0
0.0
0.0
0.0
0.0
0.0
0.0
0.0
0.0
0.0
0.0
0.0
0.0
0.0
0.0
0.0
0.0
0.0
0.0
0.0
0.0
0.0
0.0
0.0
0.0
0.0
0.0
0.0
0.0
0.0
0.0
0.0
0.0
0.0
0.0
0.0
0.0
0.0
0.0
0.0
0.0
0.0
0.0
0.0
0.0
0.0
0.0
0.0
0.0
0.0
0.0
0.0
0.0
0.0
0.0
0.0
0.0
0.0
0.0
0.0
0.0
0.0
0.0
0.0
0.0
0.0
0.0
0.0
0.0
0.0
0.0
0.0
0.0
0.0
0.0
0.0
0.0
0.0
0.0
0.0
0.0
0.0
0.0
0.0
0.0
0.0
0.0
0.0
0.0
0.0
0.0
0.0
0.0
0.0
0.0
0.0
0.0
0.0
0.0
0.0
0.0
0.0
0.0
0.0
0.0
0.0
0.0
0.0
0.0
0.0
0.0
0.0
0.0
0.0
0.0
0.0
0.0
0.0
0.0
0.0
0.0
0.0
0.0
0.0
0.0
0.0
0.0
0.0
0.0
0.0
0.0
0.0
0.0
0.0
0.0
0.0
0.0
0.0
