0.0017292863764929124
0.0017294637331840563
0.0017296252737304181
0.0017297769651852379
0.0017299210307359359
0.0017300588548101467
0.001730191153958769
0.0017303175456290308
0.001730440421847653
0.0017305595728797738
0.0017306758141610494
0.0017307896879485416
0.0017309011881625484
0.0017310107180187164
0.0017311177934249686
0.001731223364529803
0.0017313276628898892
0.0017314307897735148
0.0017315325836449508
0.0017316329425491766
0.0017317324541930102
0.0017318306885962672
0.0017319280982946018
0.0017320247022493502
0.0017321205047605647
0.0017322156058875513
0.001732310126676049
0.0017324041022635389
0.0017324972446551444
0.0017325894843339014
0.0017326812165836488
0.0017327725121842644
0.0017328634301597167
0.001732954006967836
0.0017330442482332582
0.001733134130784989
0.001733223351482557
0.0017333120367744646
0.0017334002456651806
0.0017334881600697364
0.0017335758671547553
0.0017336633759218716
0.0017337506901182452
0.0017338378050208959
0.001733924504193968
0.0017340109513158419
0.0017340971759259658
0.0017341832473279977
0.0017342690892726445
0.0017343546497804333
0.0017344400328107698
0.0017345252939225033
0.0017346102834468044
0.0017346951380938726
0.00173477988207939
0.001734864516482367
0.001734949048397852
0.00173503348664542
0.0017351178141760087
0.0017352019593350827
0.001735285917933047
0.001735369650407425
0.001735453236506988
0.0017355367406930572
0.0017356201882741296
0.0017357035876034528
0.0017357869363915227
0.0017358702163966751
0.0017359534355526462
0.001736036458199971
0.0017361193927529276
0.0017362023032901192
0.0017362852041645416
0.0017363680912504244
0.0017364509361054818
0.0017365336971797477
0.0017366163639299672
0.00173669891991481
0.0017367813234432934
0.0017368637129975251
0.001736946058789978
0.0017370283821109614
0.0017371107197703469
0.0017371930883494236
0.0017372754821212795
0.0017373579019706947
0.0017374403165679125
0.0017375226911995345
0.0017376050589233511
0.0017376873787569211
0.0017377696746179927
0.001737851962605888
0.001737934233231116
0.0017380164802145266
0.0017380987264367315
0.0017381809687473408
0.0017382631853933529
0.001738345441023255
0.0017384277647024687
0.0017385101326104883
0.0017385925457201522
0.001738675007358842
0.0017387574944469455
0.001738839960386584
0.0017389223712228174
0.0017390047906080295
0.0017390872179985743
0.0017391697256565002
0.0017392522942020075
0.001739334915932125
0.0017394175819919313
0.0017395002813978923
0.0017395830071168493
0.0017396657629400235
0.0017397485687077794
0.001739831368172599
0.00173991415347769
0.0017399969772825621
0.0017400798328288624
0.0017401627459782709
0.0017402457352776093
0.0017403288007772834
0.0017404119376539784
0.0017404951492820525
0.001740578442362587
0.0017406618010245864
0.001740745218707496
0.0017408287080238804
0.0017409122039503215
0.0017409957586071265
0.001741079388954375
0.0017411630855039056
0.0017412468387367572
0.0017413306419539155
0.0017414144980225491
0.001741498418618008
0.0017415823823697424
0.0017416664091111052
0.001741750518951003
0.0017418347215017206
0.0017419190027721447
0.001742003358912924
0.0017420878085107159
0.0017421723667487873
0.0017422570262949268
0.0017423417783098234
0.0017424266026751939
0.0017425114751249697
0.0017425964191221453
0.0017426814383040056
0.0017427665420352797
0.0017428517487261903
0.0017429370660957027
0.0017430224704243482
0.001743107926065549
0.00174319343875914
0.0017432790630261957
0.0017433647827226856
0.001743450552373986
0.0017435364169975489
0.0017436223764283265
0.00174370841979867
0.001743794594619313
0.0017438808843096513
0.0017439672457320351
0.0017440536950118792
0.0017441402627469593
0.001744226932198428
0.0017443137272588945
0.0017444006235611978
0.0017444875849721652
0.0017445746541628916
0.0017446618157802684
0.0017447491253766698
0.0017448365444072804
0.0017449240816425418
0.0017450117473833747
0.0017450995229918935
0.0017451874002157636
0.001745275396148521
0.0017453635059007716
0.0017454517247517995
0.0017455399835540686
0.0017456283262683333
0.0017457167311380457
0.0017458052810521416
0.0017458939544192542
0.0017459827500713799
0.0017460716672050964
0.0017461607124796053
0.0017462498922993744
0.0017463391986005576
0.0017464286314295002
0.0017465182154430877
0.001746607904150545
0.0017466977541852825
0.0017467876487608166
0.0017468777170064102
0.0017469678609441362
0.0017470581043072867
0.001747148497622049
0.0017472390272097221
0.001747329685722758
0.0017474204727611247
0.0017475113731500887
0.0017476023992516205
0.001747693586682795
0.0017477848844476796
0.001747876290953321
0.0017479678658789534
0.001748059550274802
0.0017481513732335355
0.001748243315597231
0.0017483353420888396
0.0017484275314728788
0.0017485198659194122
0.0017486123153626655
0.0017487049014756695
0.0017487976397225333
0.0017488905218140645
0.0017489835373491493
0.001749076683685916
0.001749170015325032
0.0017492634551469948
0.0017493570015809003
0.001749450728091243
0.001749544599337094
0.00174963860107657
0.0017497327592125502
0.0017498270679444916
0.0017499214916351978
0.0017500160658642228
0.0017501108191683397
0.0017502057043958213
0.001750300722335878
0.0017503958823692361
0.0017504911877877646
0.0017505866585762922
0.0017506822677991482
0.0017507780111051896
0.0017508738872327632
0.0017509699055327857
0.0017510661451647274
0.0017511625175260915
0.001751258991417822
0.0017513555999583482
0.0017514523628322065
0.001751549273954347
0.0017516463265077596
0.0017517435417990538
0.0017518409534552867
0.0017519385060406516
0.0017520362462525713
0.001752134149469506
0.0017522321635402651
0.00175233032713314
0.0017524286540373875
0.0017525271440682426
0.0017526258554230096
0.001752724732315523
0.00175282374971563
0.0017529229065072521
0.0017530222324533176
0.0017531217419956163
0.0017532214182271438
0.0017533212528579522
0.00175342123566744
0.0017535214040932908
0.0017536217498413072
0.001753722228223145
0.0017538228282249495
0.0017539235782423708
0.0017540245692504455
0.001754125711173927
0.0017542269853152628
0.0017543284065545826
0.001754430003099849
0.0017545317638260954
0.001754633685992198
0.0017547357798263052
0.0017548380854331825
0.0017549406000428168
0.00175504325597108
0.0017551460544296207
0.0017552490274754958
0.0017553522449767656
0.001755455631014819
0.0017555591560507412
0.0017556628439914684
0.0017557667057225368
0.0017558707384630152
0.0017559749998581047
0.001756079435096696
0.0017561840312055614
0.0017562888007103309
0.0017563937463104281
0.0017564988631103668
0.001756604153139709
0.001756709623917191
0.0017568152817895354
0.001756921127936259
0.0017570271646028162
0.0017571334024513727
0.0017572398305498221
0.001757346425969097
0.0017574531819600561
0.0017575601092999528
0.0017576672469113864
0.0017577745844520728
0.001757882150766711
0.001757989866900482
0.0017580977345979102
0.0017582057816892727
0.0017583140262788083
0.0017584224590678835
0.0017585310737815206
0.0017586398758603274
0.0017587488726299003
0.0017588580722535168
0.0017589674598382369
0.0017590770100801743
0.0017591867502903822
0.001759296717196691
0.001759406884170994
0.0017595172416063974
0.001759627784315503
0.0017597385169754543
0.001759849453305973
0.0017599605672431692
0.001760071861114519
0.001760183343261689
0.001760295028703313
0.0017604069281499824
0.0017605190539854278
0.001760631408030039
0.00176074396889334
0.0017608567173195684
0.0017609696485287082
0.0017610827699908
0.0017611961000750232
0.0017613096585451346
0.0017614234471559154
0.0017615374402233537
0.0017616516101778119
0.0017617659610935665
0.0017618804996691149
0.0017619952584281228
0.0017621102806615152
0.0017622255050213107
0.0017623408808436903
0.0017624564482813646
0.0017625722290214212
0.0017626881940256685
0.001762804349017751
0.0017629207143467268
0.0017630372990779745
0.0017631540961709857
0.0017632710909259303
0.0017633882716213188
0.0017635056614164317
0.00176362330023463
0.0017637411955851398
0.0017638593282026285
0.0017639776766382252
0.001764096226985592
0.0017642149845055414
0.0017643339661384861
0.0017644531805496783
0.0017645726202588326
0.0017646922740197895
0.0017648121217441156
0.0017649321600934963
0.0017650524075819342
0.0017651728932435655
0.0017652935933581307
0.0017654145178372979
0.0017655356687169884
0.001765657002372913
0.0017657785871885569
0.001765900392125564
0.0017660224173057669
0.0017661446688063862
0.0017662671433761525
0.00176638984836312
0.0017665127928316645
0.0017666359618011718
0.0017667593413102079
0.0017668829353922344
0.0017670067467826776
0.0017671307693167275
0.0017672550061023419
0.0017673794916307454
0.0017675042527828444
0.0017676292513744258
0.0017677544738749097
0.00176787990832429
0.0017680055547810594
0.0017681314309893831
0.0017682575590743756
0.0017683839412498405
0.0017685105577138632
0.001768637327600321
0.0017687643541993417
0.0017688915999973325
0.0017690190860696247
0.00176914681141837
0.0017692747730270783
0.0017694029871969988
0.001769531468880932
0.0017696601839740469
0.001769789104448412
0.0017699182325356326
0.0017700476261712798
0.0017701772753710495
0.0017703071533358332
0.00177043727008034
0.001770567636615179
0.0017706982498452565
0.0017708290958023773
0.0017709601520586938
0.001771091435140085
0.0017712230063498457
0.0017713548395700293
0.001771486927255127
0.0017716192489247355
0.0017717518198663341
0.0017718846500552592
0.0017720177200761936
0.0017721509662550468
0.0017722845476371043
0.0017724183660382327
0.001772552414584356
0.0017726866893698935
0.0017728211660459799
0.0017729559417393286
0.0017730909373207047
0.0017732261454995008
0.0017733616805326341
0.0017734974845355952
0.001773633541514706
0.0017737698520272117
0.0017739064077939796
0.0017740431842953265
0.0017741801629654744
0.001774317446978074
0.0017744550324948554
0.0017745928617736793
0.001774730927237608
0.0017748692256444327
0.0017750077395370886
0.0017751464721399886
0.0017752854899509244
0.0017754248283419986
0.0017755644490173835
0.0017757043507150149
0.0017758445112652447
0.0017759848971730728
0.0017761255182531712
0.0017762664898150137
0.001776407695311971
0.0017765491288497725
0.0017766907849612336
0.0017768326799432635
0.0017769748307491025
0.001777117339168259
0.0017772601853975024
0.0017774032706456989
0.001777546591359597
0.0017776901384275803
0.001777833830610051
0.0017779779050826842
0.001778122285167652
0.0017782668901216165
0.0017784117169145181
0.0017785568423579182
0.0017787021839213851
0.0017788478129755877
0.0017789937503609387
0.001779140007917447
0.0017792865575709553
0.001779433358524797
0.0017795803582755195
0.0017797276411024437
0.0017798752125991605
0.0017800230458686797
0.0017801711723549477
0.0017803195822343667
0.0017804682576354628
0.0017806172373730194
0.001780766519080323
0.0017809160173440906
0.0017810657259665576
0.0017812156822426335
0.0017813659546876007
0.0017815166246306841
0.0017816675654594694
0.0017818187579780318
0.0017819701782511785
0.001782121835744326
0.0017822738703552803
0.001782426255596792
0.0017825789052783093
0.0017827318561046128
0.001782885023255505
0.0017830384247294903
0.0017831921941428483
0.0017833462728555182
0.0017835005517458124
0.0017836550117791394
0.001783809758291754
0.001783964958951713
0.001784120425877101
0.0017842762085286425
0.001784432210497313
0.001784588429883577
0.0017847449998523958
0.0017849018122380413
0.0017850589399782354
0.0017852164105536263
0.001785374133419484
0.0017855321947757728
0.0017856905320253376
0.0017858490411181852
0.001786007856244831
0.0017861670146915093
0.0017863265396777857
0.0017864863759642965
0.0017866464560508744
0.0017868067377113728
0.0017869673025936426
0.0017871282643668687
0.0017872895871876972
0.0017874511864502181
0.0017876129603482283
0.0017877750316885256
0.0017879375582259265
0.0017881003843213993
0.0017882634572154834
0.0017884267517463102
0.0017885902944490145
0.0017887541879374378
0.001788918383807843
0.0017890829046129796
0.0017892477421294305
0.0017894129536459213
0.001789578527685543
0.001789744375827212
0.001789910481461912
0.0017900767470595523
0.0017902433827572835
0.001790410285712838
0.0017905775593459114
0.001790745167057292
0.001790913049469741
0.0017910812846966015
0.0017912496881618927
0.001791418301083007
0.0017915873117239519
0.0017917568347476426
0.001791926606478251
0.0017920966247628514
0.0017922667012479415
0.0017924373794412937
0.0017926084210619791
0.0017927798199920708
0.0017929513896431605
0.001793123057356185
0.001793295268859152
0.0017934679027159263
0.0017936407707769366
0.001793813742156634
0.0017939871699976853
0.0017941609389587852
0.0017943350411826404
0.0017945094021799457
0.001794684018920457
0.001794859051678659
0.0017950344254893077
0.001795210044729686
0.0017953859259861248
0.00179556216521494
0.001795738769362971
0.0017959156928019989
0.0017960928654922079
0.0017962704373195048
0.0017964483731237892
0.0017966265965220002
0.0017968050114232728
0.0017969837535004613
0.0017971628766555723
0.0017973423851495262
0.0017975222342261389
0.0017977024431100387
0.001797882958949158
0.001798063627174024
0.0017982444958294097
0.001798425827698375
0.0017986076981900152
0.0017987898221162929
0.001798972109296566
0.0017991547310120973
0.0017993378745476433
0.0017995213535474078
0.0017997050014956152
0.001799888846780407
0.0018000731221781633
0.0018002578563863373
0.0018004428807718753
0.0018006281315626602
0.0018008137766991306
0.0018009998590252378
0.00180118616944256
0.0018013726858067474
0.0018015595595846238
0.0018017468118689736
0.0018019343633146401
0.0018021222565784071
0.001802310526703373
0.0018024991744070632
0.0018026881951017665
0.0018028773493838008
0.0018030669950438339
0.0018032568997250057
0.0018034471697406446
0.0018036375785767322
0.0018038284560271847
0.0018040196424267277
0.0018042112880485891
0.001804403054841401
0.0018045953987466598
0.0018047881044404208
0.0018049810185606942
0.0018051741120588382
0.0018053676777288518
0.001805561596178883
0.0018057558062159603
0.0018059503370036214
0.001806145315949467
0.001806340339564625
0.0018065358721628315
0.0018067319506926138
0.0018069284444264962
0.001807125023278948
0.001807321516208003
0.0018075187266712572
0.0018077165522904256
0.0018079146298540072
0.001808112566492054
0.0018083111801371794
0.00180851021927801
0.0018087095854830795
0.0018089090395211358
0.001809109104199717
0.0018093095242197733
0.0018095101411034335
0.0018097108786038017
0.0018099121985393192
0.0018101139657167211
0.001810316003610408
0.0018105183004128388
0.0018107210126676767
0.0018109240666716769
0.001811127291392465
0.0018113309758478753
0.0018115350975422184
0.0018117395646354076
0.001811944254925266
0.0018121493235971617
0.0018123547682239779
0.0018125605004182177
0.0018127665595860563
0.001812973041425142
0.0018131798975281257
0.0018133869413409884
0.0018135944261011186
0.0018138022560577043
0.0018140103905934177
0.0018142188492969759
0.001814427775242071
0.0018146370592839645
0.001814846574525812
0.0018150564064180052
0.001815266598792946
0.0018154771394752354
0.001815687997835264
0.0018158993599432323
0.0018161110441705316
0.0018163229326585346
0.001816535185366364
0.001816747875870501
0.0018169608145999102
0.00181717392908224
0.001817387719084745
0.0018176020360789605
0.0018178163660469606
0.001818030763882453
0.001818245778250862
0.0018184614252502575
0.001818677162661301
0.0018188930526231086
0.0018191095043809927
0.0018193264848958893
0.0018195436006520763
0.00181976092836665
0.0018199787309632223
0.0018201969180851598
0.0018204154720451635
0.0018206344207749355
0.001820853649964572
0.0018210730051432763
0.0018212927377007397
0.001821513119865412
0.0018217338432523864
0.001821954724604558
0.0018221759117466757
0.0018223975249185697
0.0018226194875482341
0.0018228417927710586
0.0018230645003266186
0.0018232874265893225
0.0018235107153711189
0.001823734479880417
0.0018239586041375964
0.0018241829899625231
0.0018244075986609942
0.0018246327454802106
0.0018248581933529415
0.001825084019659104
0.0018253101646853503
0.001825536627493679
0.0018257633071248898
0.001825990443510011
0.001826218045660694
0.0018264458715205325
0.0018266740060999727
0.0018269026066390548
0.0018271314734640133
0.0018273607030443323
0.0018275903623974166
0.0018278203276755687
0.0018280504383827332
0.00182828095273566
0.0018285120672564019
0.0018287433191975398
0.0018289748773928972
0.0018292069614695872
0.0018294392838267635
0.0018296717840692585
0.0018299048505896873
0.0018301384682201517
0.0018303719752976488
0.001830605699545236
0.0018308404423653174
0.0018310753730642758
0.0018313102443933873
0.0018315454576947657
0.001831781497332619
0.0018320175505481177
0.001832253682896107
0.0018324906653140246
0.0018327280099929549
0.0018329652984783835
0.0018332028209665414
0.0018334412351789348
0.0018336798947227227
0.0018339185417920016
0.0018341575833516084
0.0018343971205805373
0.0018346369701652979
0.001834877250677972
0.0018351177566692388
0.0018353585230520449
0.0018355997362229902
0.0018358413700947738
0.0018360832685100602
0.001836325390506809
0.0018365680112118643
0.0018368109235325032
0.0018370539723481386
0.001837297640359615
0.0018375416661551194
0.0018377859428639104
0.00183803044407937
0.0018382752328652873
0.0018385204660257954
0.0018387661138641346
0.0018390121603981048
0.0018392582731770587
0.0018395046456782635
0.0018397517715276499
0.0018399990978538814
0.001840246632717075
0.0018404944674998047
0.0018407426780640871
0.0018409913137842394
0.0018412402106434689
0.0018414895206686924
0.0018417389746673825
0.0018419888298199787
0.001842239189081535
0.0018424895982167558
0.0018427404037264926
0.0018429918037861396
0.0018432433505756942
0.001843495089258845
0.0018437472980479905
0.00184399985824351
0.0018442525860741018
0.0018445057736407471
0.0018447593491138776
0.0018450130348273885
0.001845267078205221
0.0018455217691160468
0.0018457763715071167
0.0018460311746093213
0.0018462869288424625
0.0018465427929440525
0.0018467985779424647
0.001847054952097673
0.001847311786915413
0.0018475686734259944
0.0018478259217101687
0.00184808382933664
0.0018483416250180127
0.0018485996001662741
0.001848858600295512
0.0018491175606314418
0.0018493763191136726
0.0018496360150899462
0.0018498962048920226
0.0018501562787558662
0.0018504165299660451
0.0018506775085823676
0.001850938657343059
0.0018511998021675615
0.00185146168313151
0.0018517238451493984
0.0018519860669762899
0.00185224876264128
0.0018525117389578038
0.0018527748722994206
0.0018530384111621887
0.0018533022664200872
0.0018535664476633726
0.001853831033172613
0.0018540958941999034
0.0018543609086651702
0.0018546263478509514
0.0018548921204036954
0.001855158019167819
0.0018554242623538336
0.0018556910109282837
0.0018559579110398329
0.0018562248573682624
0.0018564923952255825
0.0018567603292808448
0.001857028327369945
0.0018572967649715816
0.0018575653796170162
0.0018578343186932643
0.0018581037456584784
0.001858373219416607
0.001858643039733415
0.0018589132509201991
0.0018591836939614507
0.0018594543711154474
0.0018597253480705182
0.0018599967005403267
0.0018602682325930152
0.0018605400812470078
0.001860812349997572
0.0018610846783787198
0.001861357293149898
0.0018616304310443814
0.001861903679496097
0.0018621772084103892
0.001862451113848844
0.0018627250625970402
0.0018629994864165114
0.0018632743401203263
0.0018635491976806344
0.001863824405370512
0.0018641000851134875
0.0018643758145868647
0.0018646516904935117
0.0018649281388960696
0.0018652048093181265
0.0018654815113090415
0.0018657586866710925
0.001866036120360839
0.0018663136283549005
0.0018665916244397095
0.0018668699566145698
0.001867148273611855
0.0018674270126311922
0.0018677062227110271
0.0018679852200325108
0.0018682646160739854
0.0018685447183598718
0.0018688244615202455
0.0018691045137732565
0.0018693854751977018
0.0018696662125878528
0.0018699470456008656
0.0018702286258660326
0.001870510273102773
0.001870791785539901
0.0018710738725004493
0.0018713563866048402
0.0018716387496569872
0.0018719215230913197
0.0018722048494118795
0.0018724880181631765
0.0018727714661306192
0.0018730555017656904
0.0018733393500864565
0.0018736234289982163
0.001873908256569583
0.0018741930290196958
0.0018744778335865967
0.0018747632031103666
0.0018750487389906725
0.0018753343109673285
0.0018756202184076652
0.001875906405544664
0.0018761928084732292
0.0018764794139749061
0.0018767661462612646
0.0018770532169092558
0.0018773406288660045
0.0018776280251733336
0.0018779157371325804
0.0018782039202099791
0.0018784920707439299
0.0018787804197854304
0.0018790691706761522
0.0018793579825127492
0.0018796469590821173
0.0018799362426556645
0.0018802256140111808
0.0018805152010770148
0.001880805175181191
0.0018810953818161626
0.001881385597168982
0.0018816760045597142
0.0018819668078749754
0.0018822576100110356
0.0018825485044132609
0.0018828399372272158
0.001883131461729634
0.0018834231407194005
0.001883715049047136
0.0018840070867979443
0.0018842994048075907
0.0018845917687193914
0.001884884286225464
0.0018851772246530427
0.0018854701594708304
0.001885763146771219
0.0018860566523355917
0.0018863501978932952
0.0018866436067947613
0.0018869375866802836
0.0018872317405904044
0.0018875257860455478
0.001887820308458036
0.0018881148642013066
0.0018884094500694363
0.0018887044749719883
0.0018889995656161496
0.001889294573888851
0.0018895901115878633
0.0018898857190372137
0.0018901810853545176
0.0018904770985225716
0.0018907732313673414
0.001891069115265595
0.0018913656363430354
0.0018916622757745327
0.001891958529294226
0.0018922553782033064
0.0018925523843461342
0.0018928489767025365
0.0018931462698613855
0.001893443805847166
0.0018937408703763503
0.0018940386289535895
0.001894336608202501
0.001894634111499799
0.0018949320297278872
0.0018952303869998362
0.001895528411302332
0.0018958265154185824
0.0018961251979869172
0.0018964236616657608
0.0018967220660138777
0.001897021081572003
0.0018973197442979206
0.001897618286389796
0.0018979177248532023
0.0018982166543552146
0.0018985153708351928
0.0018988153349915075
0.0018991147399142082
0.00189941359663734
0.0018997137350812389
0.0019000136084239452
0.0019003127004190757
0.0019006129625687449
0.0019009132440236292
0.0019012126546841862
0.0019015129599142093
0.0019018135061353724
0.0019021133093330062
0.0019024137747705669
0.0019027145621605377
0.0019030146522123897
0.0019033152990537154
0.0019036162570748548
0.0019039166826966345
0.0019042174342476796
0.001904518509993589
0.0019048191551277595
0.0019051199420734265
0.0019054211839508188
0.0019057221334276152
0.0019060230640015777
0.0019063243598056937
0.0019066254164305423
0.0019069264852192309
0.001907227851799405
0.0019075290593653352
0.0019078303687196485
0.001908131803064176
0.0019084330112649804
0.0019087344849183171
0.0019090359825232163
0.001909337234948961
0.0019096389013530004
0.0019099403070647755
0.0019102415449887087
0.0019105432986010172
0.0019108446727398188
0.0019111458691749808
0.001911447670346519
0.001911749090928531
0.0019120503195580632
0.0019123521318252879
0.001912653623556387
0.0019129548070716902
0.0019132563966427337
0.0019135578293860785
0.0019138590736793087
0.001914160579206117
0.001914461900750692
0.0019147630985420852
0.0019150644899798626
0.001915365647245488
0.0019156667238933711
0.0019159680063278754
0.0019162690725358811
0.001916570111284817
0.0019168713449684732
0.001917172267425893
0.00191747312375833
0.0019177740830305075
0.0019180747198085549
0.0019183754016179981
0.0019186761901661103
0.0019189766696114192
0.0019192772083220977
0.0019195778858816482
0.0019198781022555262
0.0019201782935469793
0.001920478710550399
0.0019207786395917096
0.001921078487038078
0.0019213786429019063
0.0019216783091999302
0.001921977823698728
0.0019222776636592719
0.0019225770620084116
0.0019228762870250246
0.0019231757591443204
0.0019234747427786512
0.0019237736066132379
0.0019240726285571586
0.0019243711610419066
0.0019246696532771825
0.0019249682612212762
0.0019252663993265262
0.0019255645599051243
0.0019258627234871434
0.0019261603295880473
0.001926458010295806
0.00192675568217987
0.0019270527954215523
0.0019273500100898337
0.0019276471269072573
0.0019279436882214545
0.0019282404871291342
0.0019285371777083883
0.0019288331766447522
0.0019291293586404966
0.001929425472723489
0.001929720897390729
0.001930016429887805
0.0019303118804392773
0.0019306066601132623
0.001930901543603076
0.0019311963689082894
0.0019314905489563714
0.0019317848198657363
0.0019320789463054488
0.0019323723568421267
0.0019326658630367931
0.0019329592106869379
0.0019332518786670634
0.0019335447289661517
0.0019338374036812702
0.001934129324852686
0.001934421360677129
0.0019347132032846125
0.0019350043002764347
0.001935295529759102
0.0019355865703996244
0.0019358767612100024
0.0019361670517131686
0.0019364572063472999
0.0019367465975936458
0.0019370361177709567
0.001937325442694893
0.0019376137868829303
0.0019379023533831869
0.0019381907772553506
0.0019384781671943894
0.0019387657765549753
0.001939053279864134
0.001939339630273895
0.0019396261790117974
0.0019399126681266493
0.0019401980421653166
0.0019404834741223015
0.0019407687935792774
0.0019410530661251911
0.0019413373050371672
0.0019416213602038968
0.0019419044058320012
0.0019421874296319196
0.0019424702758286602
0.0019427523006829886
0.0019430341468485142
0.0019433156842540628
0.0019435964858027393
0.001943876968697303
0.0019441571013857641
0.0019444365892426893
0.0019447156752352827
0.0019449944400367753
0.001945272573052273
0.0019455501672924896
0.001945827603838185
0.0019461044743704617
0.0019463806821802079
0.001946656480178174
0.0019469318704676767
0.0019472066254744894
0.0019474807778827438
0.0019477545856441778
0.001948027778358925
0.0019483000647455553
0.001948572126801321
0.0019488435749894714
0.001949114090377734
0.0019493844101382356
0.0019496542097619442
0.001949923016734944
0.0019501916400929018
0.0019504597305653954
0.0019507267342531926
0.0019509935160688659
0.001951259749925038
0.0019515249625637007
0.0019517899108443214
0.0019520542176935422
0.0019523176986220607
0.001952580676275998
0.0019528430029977816
0.0019531046039490023
0.001953365420892938
0.0019536256305151874
0.0019538852055451116
0.0019541438839908018
0.0019544020194447553
0.001954659549525854
0.001954916160713082
0.0019551720535841595
0.0019554273799915122
0.001955681846726
0.0019559353501336922
0.0019561883309813055
0.0019564406378988677
0.001956691865944294
0.0019569424772243795
0.0019571924459830027
0.0019574412695182886
0.0019576893761403882
0.001957936971835614
0.0019581834349239927
0.0019584290850077333
0.0019586741700664432
0.0019589179774806703
0.0019591609692247527
0.0019594033965753548
0.001959644499353329
0.001959884805687362
0.0019601245079359617
0.0019603628906103674
0.0019606004524420685
0.001960837298759412
0.0019610727829715573
0.0019613074890691418
0.0019615414487065344
0.0019617740370313054
0.0019620058463096332
0.0019622368607279004
0.001962466473537733
0.001962695181742848
0.001962923031622636
0.00196314957407957
0.001963375204922995
0.001963599877616899
0.0019638232031938354
0.0019640456107438103
0.0019642669754512824
0.001964486982650072
0.0019647060951922105
0.0019649240710546637
0.001965140605340579
0.0019653562687078742
0.0019655707261442353
0.001965783771581724
0.0019659960380735988
0.0019662069104781727
0.0019664161938715997
0.001966624709841929
0.001966831792651706
0.0019670374248114838
0.001967242349615487
0.00196744574561871
0.0019676476654253592
0.0019678487874580535
0.0019680483350020656
0.0019682462212698044
0.0019684432638612122
0.0019686387227248335
0.001968832466890727
0.001969025288307887
0.0019692165322644064
0.0019694060107297968
0.001969594463261375
0.0019697813383135815
0.001969966451865303
0.001970150444743197
0.0019703328093265676
0.0019705134117511663
0.0019706927721920182
0.001970870420800292
0.0019710463222513395
0.001971220963775408
0.001971393849359983
0.001971564928873402
0.001971734692510062
0.001971902610914155
0.0019720684948120455
0.001972232875904791
0.0019723953055125103
0.0019725558464772056
0.0019727150677625797
0.0019728722554441394
0.0019730274541901113
0.0019731812408848044
0.001973332963964291
0.001973482680293113
0.0019736309052057464
0.0019737770424547744
0.001973921099124223
0.0019740635707390917
0.0019742039397354087
0.0019743420775145877
0.0019744785334010976
0.0019746128755186534
0.001974744956037795
0.0019748752714689875
0.0019750034354152285
0.0019751292978700055
0.0019752533458629157
0.001975375192907032
0.001975494632733329
0.0019756121291730926
0.0019757274014816657
0.001975840197112125
0.001975950884699264
0.0019760592545405823
0.001976165205745403
0.001976268933576193
0.001976370281660783
0.001976469193023098
0.0019765657884199426
0.0019766599217890335
0.0019767515649369606
0.0019768407471096846
0.001976927420955458
0.0019770115771113625
0.001977093121530649
0.0019771721418106454
0.00197724859171324
0.0019773223527800154
0.0019773934587573603
0.0019774618928205846
0.001977527553835775
0.0019775904608225875
0.0019776506096015963
0.0019777079133636187
0.0019777623657431624
0.0019778139579258885
0.0019778625881896913
0.0019779083082213495
0.0019779512829469423
0.0019779914170531205
0.0019780285217998795
0.0019780625736079568
0.001978093481951411
0.0019781212923468887
0.0019781459508308947
0.001978167369534297
0.0019781855864122737
0.001978200555843067
0.0019782121959489077
0.001978220520812832
0.0019782254841253888
0.001978227034192494
0.0019782251483105744
0.0019782197765009315
0.0019782108988382198
0.001978198467435309
0.001978182438757809
0.0019781627958714233
0.001978139480829374
0.0019781121310311384
0.0019780809113439713
0.0019780458933978456
0.0019780070698102573
0.0019779643716883225
0.0019779177400404565
0.001977867184164916
0.0019778126438935546
0.0019777540256184704
0.001977691344622353
0.0019776245490674355
0.0019775534692249475
0.0019774781810821336
0.001977398759579251
0.001977314874560024
0.0019772266495604106
0.0019771342241239457
0.001977037056462646
0.001976935435385925
0.0019768294572076643
0.0019767185583317443
0.00197660316475898
0.0019764833019303538
0.0019763582822723115
0.0019762286577619296
0.0019760944985924025
0.0019759549863384773
0.0019758107149546646
0.0019756617863124293
0.001975507290880909
0.001975347887283193
0.0019751837224996354
0.0019750137764510014
0.001974838728663421
0.001974658690767609
0.0019744726062797657
0.0019742813223277956
0.001974084934843317
0.0019738823513673225
0.0019736745957123765
0.0019734615350393723
0.0019732420558332088
0.0019730174267167454
0.0019727872208268474
0.001972550377573648
0.0019723078902736274
0.0019720596017781906
0.0019718045936178773
0.001971543670904588
0.001971276791374215
0.0019710030598074193
0.001970723163582418
0.0019704370226873674
0.0019701438670868088
0.0019698442954013116
0.0019695382766430807
0.0019692250225027868
0.001968905118629093
0.0019685783773386533
0.0019682439216567064
0.001967902551621106
0.001967554354813778
0.0019671984036115004
0.0019668353553594603
0.001966465190010287
0.001966086943856485
0.001965701468360607
0.0019653087436097413
0.0019649076010962744
0.0019644989800346136
0.001964082721209643
0.00196365765836705
0.001963225033924013
0.001962784667625554
0.001962335133341697
0.0019618776762948464
0.0019614123830708737
0.001960937751968704
0.0019604546735287284
0.0019599635819529753
0.0019594629813046672
0.0019589535787722322
0.0019584359782825814
0.001957908542837878
0.0019573717078984676
0.001956826246529096
0.0019562707279017454
0.0019557057528870395
0.001955132227737949
0.001954548191308417
0.0019539539957100288
0.001953351034031627
0.001952737611605421
0.001952113789103737
0.0019514807611624874
0.0019508362555649907
0.0019501812468209403
0.0019495170243233532
0.001948840574104387
0.001948153154314302
0.0019474566868221959
0.0019467472993817618
0.001946026228843543
0.0019452963394189658
0.0019445527234895432
0.0019437970519492421
0.0019430318235830646
0.0019422526398862924
0.001941460674315523
0.0019406590123630513
0.0019398434973693028
0.0019390146919669468
0.0019381751400916994
0.001937322259541387
0.0019364547230906312
0.0019355765886800843
0.001934685365454176
0.0019337781374412502
0.0019328600633771714
0.0019319288324277238
0.0019309805581316528
0.0019300210490283591
0.0019290478801129946
0.0019280578221476624
0.0019270552241913348
0.0019260384200758243
0.0019250052988263613
0.0019239587876714861
0.0019228973856302801
0.0019218196585501501
0.0019207271871836535
0.0019196186442861794
0.0019184953233839345
0.001917355133130798
0.0019161982225475583
0.0019150274078084794
0.0019138390928869827
0.0019126326961114136
0.001911411479260674
0.0019101724918639737
0.0019089145573724497
0.0019076410152098066
0.0019063500841173958
0.001905039390555791
0.0019037117041737681
0.0019023663593640786
0.001901001074052425
0.0018996170059739931
0.001898214283248964
0.0018967913422077679
0.0018953484914002185
0.0018938866910775914
0.0018924049517171967
0.0018909019473483946
0.001889380329840381
0.0018878375288717535
0.0018862724512168116
0.0018846881707529942
0.0018830821700511619
0.001881453194446578
0.0018798040069267848
0.0018781322333643832
0.0018764368576307845
0.0018747209085617595
0.0018729809064445197
0.0018712155919660015
0.0018694288681550511
0.0018676186281762794
0.0018657825485571802
0.00186392398692948
0.0018620409075125702
0.001860130597054333
0.001858197500366538
0.0018562390993941925
0.0018542517209480945
0.0018522407830132784
0.001850202778321869
0.0018481350415011707
0.001846042682382091
0.0018439231248030459
0.0018417741742956175
0.0018395969651955526
0.0018373908504528819
0.0018351555722129918
0.001832890053396652
0.001830595246862499
0.0018282712482074357
0.0018259155074171437
0.001823528913166047
0.0018211109750451496
0.0018186607717285124
0.0018161791881042952
0.0018136653633858432
0.001811118892841083
0.001808538395065879
0.001805922447645759
0.0018032743497087183
0.0018005920830840077
0.0017978712097228963
0.00179511717749712
0.001792329286914103
0.0017895007544539213
0.0017866384042310693
0.001783739261896432
0.0017807953839998937
0.0017778185301480765
0.0017748042704489808
0.0017717439126888758
0.0017686468000094012
0.001765513417096279
0.0017623320003097042
0.0017591097530189146
0.001755849583181031
0.0017525402478486046
0.001749185820284098
0.0017457938227834733
0.0017423523843631025
0.001738863020313461
0.0017353365690133907
0.0017317576548339293
0.0017281275285873643
0.0017244582738095181
0.0017207345742344137
0.0017169583557064673
0.0017131356565710438
0.0017092659171108258
0.0017053368484980862
0.001701367518240838
0.0016973646606838503
0.0016933092710829968
0.00168921932885785
0.0016850951757961007
0.0016809156559431685
0.0016767006166046642
0.0016724461886650295
0.001668132407506953
0.001663782449819176
0.001659390208434194
0.0016549403051602989
0.0016504449468106818
0.0016459047376536891
0.0016413094444776052
0.0016366620545183717
0.0016319704744613423
0.0016272230166577062
0.0016224171917346556
0.0016175640450401567
0.0016126514137726352
0.001607675015918082
0.0016026508943717684
0.0015975662721012896
0.0015924110988120015
0.0015872077392210602
0.0015819408612504373
0.0015765980217157449
0.001571202013933902
0.0015657389244436717
0.0015601938458430166
0.0015545898220591667
0.0015489214946213866
0.0015431696045813481
0.001537347196972622
0.0015314608697755152
0.0015254846460422734
0.001519426527395434
0.0015133032134235264
0.0015070880010194221
0.001500778850160017
0.0014944007014197943
0.0014879344108890376
0.001481365281570095
0.0014747154206646862
0.00146797217528979
0.00146112183047713
0.0014541877206916416
0.0014471528684078599
0.0014400012538303946
0.001432750563602128
0.001425393413979973
0.0014179193886345053
0.0014103373946751188
0.0014026448025317897
0.0013948217146227781
0.0013868772321146807
0.0013788256791969912
0.0013706259141846137
0.0013622887934450845
0.0013538409947266062
0.001345232273247701
0.0013364674288628231
0.0013275831971511181
0.0013185381749862652
0.0013093154883322415
0.001299953307119203
0.001290433011343022
0.0012807115403974762
0.001270817762317904
0.0012607656010153526
0.0012505049766037954
0.0012400411881030513
0.0012294112430024718
0.001218549192832681
0.0012074510204338155
0.0011961595330980189
0.0011846331645190967
0.001172846592202106
0.0011608282960335968
0.0011485507787707895
0.0011359892954343478
0.0011231524436447783
0.001110031561873525
0.0010965889489124162
0.0010828178171887607
0.0010687363823370889
0.0010542970938909445
0.0010394753479183664
0.001024276391066549
0.0010086790639007638
0.0009926416010962564
0.0009761578390812667
0.0009592039354755664
0.0009417265512299375
0.0009237143061889316
0.0009051113991799786
0.0008859075687226197
0.0008660489318674954
0.0008454529453829837
0.0008241087364839536
0.0008019264756276735
0.000778824385330077
0.0007547266241281652
0.0007295210038956633
0.0007030973953187943
0.0006752715380842172
0.0006458923205790047
0.0006147401673030794
0.0005814357527123003
0.0005456923615758436
0.0005069306457543128
0.00046432573099202247
0.00041678308593822604
0.0003623273479353337
0.00029714103495119
0.0002114278345572161
2.282038942415014e-5
0.0
0.0
0.0
0.0
0.0
0.0
0.0
0.0
0.0
0.0
0.0
0.0
0.0
0.0
0.0
0.0
0.0
0.0
0.0
0.0
0.0
0.0
0.0
0.0
0.0
0.0
0.0
0.0
0.0
0.0
0.0
0.0
0.0
0.0
0.0
0.0
0.0
0.0
0.0
0.0
0.0
0.0
0.0
0.0
0.0
0.0
0.0
0.0
0.0
0.0
0.0
0.0
0.0
0.0
0.0
0.0
0.0
0.0
0.0
0.0
0.0
0.0
0.0
0.0
0.0
0.0
0.0
0.0
0.0
0.0
0.0
0.0
0.0
0.0
0.0
0.0
0.0
0.0
0.0
0.0
0.0
0.0
0.0
0.0
0.0
0.0
0.0
0.0
0.0
0.0
0.0
0.0
0.0
0.0
0.0
0.0
0.0
0.0
0.0
0.0
0.0
0.0
0.0
0.0
0.0
0.0
0.0
0.0
0.0
0.0
0.0
0.0
0.0
0.0
0.0
0.0
0.0
0.0
0.0
0.0
0.0
0.0
0.0
0.0
0.0
0.0
0.0
0.0
0.0
0.0
0.0
0.0
0.0
0.0
0.0
0.0
0.0
0.0
0.0
0.0
0.0
0.0
0.0
0.0
0.0
0.0
0.0
0.0
0.0
0.0
0.0
0.0
0.0
0.0
0.0
0.0
0.0
0.0
0.0
0.0
0.0
0.0
0.0
0.0
0.0
0.0
0.0
0.0
0.0
0.0
0.0
0.0
0.0
0.0
0.0
0.0
0.0
0.0
0.0
0.0
0.0
0.0
0.0
0.0
0.0
0.0
0.0
0.0
0.0
0.0
0.0
0.0
0.0
0.0
0.0
0.0
0.0
0.0
0.0
0.0
0.0
0.0
0.0
0.0
0.0
0.0
0.0
0.0
0.0
0.0
0.0
0.0
0.0
0.0
0.0
0.0
0.0
0.0
0.0
0.0
0.0
0.0
0.0
0.0
0.0
0.0
0.0
0.0
0.0
0.0
0.0
0.0
0.0
0.0
0.0
0.0
0.0
0.0
0.0
0.0
0.0
0.0
0.0
0.0
0.0
0.0
0.0
0.0
0.0
0.0
0.0
0.0
0.0
0.0
0.0
0.0
0.0
0.0
0.0
0.0
0.0
0.0
0.0
0.0
0.0
0.0
0.0
0.0
0.0
0.0
0.0
0.0
0.0
0.0
0.0
0.0
0.0
0.0
0.0
0.0
0.0
0.0
0.0
0.0
0.0
0.0
0.0
0.0
0.0
0.0
0.0
0.0
0.0
0.0
0.0
0.0
0.0
0.0
0.0
0.0
0.0
0.0
0.0
0.0
0.0
0.0
0.0
0.0
0.0
0.0
0.0
0.0
0.0
0.0
0.0
0.0
0.0
0.0
0.0
0.0
0.0
0.0
0.0
0.0
0.0
0.0
0.0
0.0
0.0
0.0
0.0
0.0
0.0
0.0
0.0
0.0
0.0
0.0
0.0
0.0
0.0
0.0
0.0
0.0
0.0
0.0
0.0
0.0
0.0
0.0
0.0
0.0
0.0
0.0
0.0
0.0
0.0
0.0
0.0
0.0
0.0
0.0
0.0
0.0
0.0
0.0
0.0
0.0
0.0
0.0
0.0
0.0
0.0
0.0
0.0
0.0
0.0
0.0
0.0
0.0
0.0
0.0
0.0
0.0
0.0
0.0
0.0
0.0
0.0
0.0
0.0
0.0
0.0
0.0
0.0
0.0
0.0
0.0
0.0
0.0
0.0
0.0
0.0
0.0
0.0
0.0
0.0
0.0
0.0
0.0
0.0
0.0
0.0
0.0
0.0
0.0
0.0
0.0
0.0
0.0
0.0
0.0
0.0
0.0
0.0
0.0
0.0
0.0
0.0
0.0
0.0
0.0
0.0
0.0
0.0
0.0
0.0
0.0
0.0
0.0
0.0
0.0
0.0
0.0
0.0
0.0
0.0
0.0
0.0
0.0
0.0
0.0
0.0
0.0
0.0
0.0
0.0
0.0
0.0
0.0
0.0
0.0
0.0
0.0
0.0
0.0
0.0
0.0
0.0
0.0
0.0
0.0
0.0
0.0
0.0
0.0
0.0
0.0
0.0
0.0
0.0
0.0
0.0
0.0
0.0
0.0
0.0
0.0
0.0
0.0
0.0
0.0
0.0
0.0
0.0
0.0
0.0
0.0
0.0
0.0
0.0
0.0
0.0
0.0
0.0
0.0
0.0
0.0
0.0
0.0
0.0
0.0
0.0
0.0
0.0
0.0
0.0
0.0
0.0
0.0
0.0
0.0
0.0
0.0
0.0
0.0
0.0
0.0
0.0
0.0
0.0
0.0
0.0
0.0
0.0
0.0
0.0
0.0
0.0
0.0
0.0
0.0
0.0
0.0
0.0
0.0
0.0
0.0
0.0
0.0
0.0
0.0
0.0
0.0
0.0
0.0
0.0
0.0
0.0
0.0
0.0
0.0
0.0
0.0
0.0
0.0
0.0
0.0
0.0
0.0
0.0
0.0
0.0
0.0
0.0
0.0
0.0
0.0
0.0
0.0
0.0
0.0
0.0
0.0
0.0
0.0
0.0
0.0
0.0
0.0
0.0
0.0
0.0
0.0
0.0
0.0
0.0
0.0
0.0
0.0
0.0
0.0
0.0
0.0
0.0
0.0
0.0
0.0
0.0
0.0
0.0
0.0
0.0
0.0
0.0
0.0
0.0
0.0
0.0
0.0
0.0
0.0
0.0
0.0
0.0
0.0
0.0
0.0
0.0
0.0
0.0
0.0
0.0
0.0
0.0
0.0
0.0
0.0
0.0
0.0
0.0
0.0
0.0
0.0
0.0
0.0
0.0
0.0
0.0
0.0
0.0
0.0
0.0
0.0
0.0
0.0
0.0
0.0
0.0
0.0
0.0
0.0
0.0
0.0
0.0
0.0
0.0
0.0
0.0
0.0
0.0
0.0
0.0
0.0
0.0
0.0
0.0
0.0
0.0
0.0
0.0
0.0
0.0
0.0
0.0
0.0
0.0
0.0
0.0
0.0
0.0
0.0
0.0
0.0
0.0
0.0
0.0
0.0
0.0
0.0
0.0
0.0
0.0
0.0
0.0
0.0
0.0
0.0
0.0
0.0
0.0
0.0
0.0
0.0
0.0
0.0
0.0
0.0
0.0
0.0
0.0
0.0
0.0
0.0
0.0
0.0
0.0
0.0
0.0
0.0
0.0
0.0
0.0
0.0
0.0
0.0
0.0
0.0
0.0
0.0
0.0
0.0
0.0
0.0
0.0
0.0
0.0
0.0
0.0
0.0
0.0
0.0
0.0
0.0
0.0
0.0
0.0
0.0
0.0
0.0
0.0
0.0
0.0
0.0
0.0
0.0
0.0
0.0
0.0
0.0
0.0
0.0
0.0
0.0
0.0
0.0
0.0
0.0
0.0
0.0
0.0
0.0
0.0
0.0
0.0
0.0
0.0
0.0
0.0
0.0
0.0
0.0
0.0
0.0
0.0
0.0
0.0
0.0
0.0
0.0
0.0
0.0
0.0
0.0
0.0
0.0
0.0
0.0
0.0
0.0
0.0
0.0
0.0
0.0
0.0
0.0
0.0
0.0
0.0
0.0
0.0
0.0
0.0
0.0
0.0
0.0
0.0
0.0
0.0
0.0
0.0
0.0
0.0
0.0
0.0
0.0
0.0
0.0
0.0
0.0
0.0
0.0
0.0
0.0
0.0
0.0
0.0
0.0
0.0
0.0
0.0
0.0
0.0
0.0
0.0
0.0
0.0
0.0
0.0
0.0
0.0
0.0
0.0
0.0
0.0
0.0
0.0
0.0
0.0
0.0
0.0
0.0
0.0
0.0
0.0
0.0
0.0
0.0
0.0
0.0
0.0
0.0
0.0
0.0
0.0
0.0
0.0
0.0
0.0
0.0
0.0
0.0
0.0
0.0
0.0
0.0
0.0
0.0
0.0
0.0
0.0
0.0
0.0
0.0
0.0
0.0
0.0
0.0
0.0
0.0
0.0
0.0
0.0
0.0
0.0
0.0
0.0
0.0
0.0
0.0
0.0
0.0
0.0
0.0
0.0
0.0
0.0
0.0
0.0
0.0
0.0
0.0
0.0
0.0
0.0
0.0
0.0
0.0
0.0
0.0
0.0
0.0
0.0
0.0
0.0
0.0
0.0
0.0
0.0
0.0
0.0
0.0
0.0
0.0
0.0
0.0
0.0
0.0
0.0
0.0
0.0
0.0
0.0
0.0
0.0
0.0
0.0
0.0
0.0
0.0
0.0
0.0
0.0
0.0
0.0
0.0
0.0
0.0
0.0
0.0
0.0
0.0
0.0
0.0
0.0
0.0
0.0
0.0
0.0
0.0
0.0
0.0
0.0
0.0
0.0
0.0
0.0
0.0
0.0
0.0
0.0
0.0
0.0
0.0
0.0
0.0
0.0
0.0
0.0
0.0
0.0
0.0
0.0
0.0
0.0
0.0
0.0
0.0
0.0
0.0
0.0
0.0
0.0
0.0
0.0
0.0
0.0
0.0
0.0
0.0
0.0
0.0
0.0
0.0
0.0
0.0
0.0
0.0
0.0
0.0
0.0
0.0
0.0
0.0
0.0
0.0
0.0
0.0
0.0
0.0
0.0
0.0
0.0
0.0
0.0
0.0
0.0
0.0
0.0
0.0
0.0
0.0
0.0
0.0
0.0
0.0
0.0
0.0
0.0
0.0
0.0
0.0
0.0
0.0
0.0
0.0
0.0
0.0
0.0
0.0
0.0
0.0
0.0
0.0
0.0
0.0
0.0
0.0
0.0
0.0
0.0
0.0
0.0
0.0
0.0
0.0
0.0
0.0
0.0
0.0
0.0
0.0
0.0
0.0
0.0
0.0
0.0
0.0
0.0
0.0
0.0
0.0
0.0
0.0
0.0
0.0
0.0
0.0
0.0
0.0
0.0
0.0
0.0
0.0
0.0
0.0
0.0
0.0
0.0
0.0
0.0
0.0
0.0
0.0
0.0
0.0
0.0
0.0
0.0
0.0
0.0
0.0
0.0
0.0
0.0
0.0
0.0
0.0
0.0
0.0
0.0
0.0
0.0
0.0
0.0
0.0
0.0
0.0
0.0
0.0
0.0
0.0
0.0
0.0
0.0
0.0
0.0
0.0
0.0
0.0
0.0
0.0
0.0
0.0
0.0
0.0
0.0
0.0
0.0
0.0
0.0
0.0
0.0
0.0
0.0
0.0
0.0
0.0
0.0
0.0
0.0
0.0
0.0
0.0
0.0
0.0
0.0
0.0
0.0
0.0
0.0
0.0
0.0
0.0
0.0
0.0
0.0
0.0
0.0
0.0
0.0
0.0
0.0
0.0
0.0
0.0
0.0
0.0
0.0
0.0
0.0
0.0
0.0
0.0
0.0
0.0
0.0
0.0
0.0
0.0
0.0
0.0
0.0
0.0
0.0
0.0
0.0
0.0
0.0
0.0
0.0
0.0
0.0
0.0
0.0
0.0
0.0
0.0
0.0
0.0
0.0
0.0
0.0
0.0
0.0
0.0
0.0
0.0
0.0
0.0
0.0
0.0
0.0
0.0
0.0
0.0
0.0
0.0
0.0
0.0
0.0
0.0
0.0
0.0
0.0
0.0
0.0
0.0
0.0
0.0
0.0
0.0
0.0
0.0
0.0
0.0
0.0
0.0
0.0
0.0
0.0
0.0
0.0
0.0
0.0
0.0
0.0
0.0
0.0
0.0
0.0
0.0
0.0
0.0
0.0
0.0
0.0
0.0
0.0
0.0
0.0
0.0
0.0
0.0
0.0
0.0
0.0
0.0
0.0
0.0
0.0
0.0
0.0
0.0
0.0
0.0
0.0
0.0
0.0
0.0
0.0
0.0
0.0
0.0
0.0
0.0
0.0
0.0
0.0
0.0
0.0
0.0
0.0
0.0
0.0
0.0
0.0
0.0
0.0
0.0
0.0
0.0
0.0
0.0
0.0
0.0
0.0
0.0
0.0
0.0
0.0
0.0
0.0
0.0
0.0
0.0
0.0
0.0
0.0
0.0
0.0
0.0
0.0
0.0
0.0
0.0
0.0
0.0
0.0
0.0
0.0
0.0
0.0
0.0
0.0
0.0
0.0
0.0
0.0
0.0
0.0
0.0
0.0
0.0
0.0
0.0
0.0
0.0
0.0
0.0
0.0
0.0
0.0
0.0
0.0
0.0
0.0
0.0
0.0
0.0
0.0
0.0
0.0
0.0
0.0
0.0
0.0
0.0
0.0
0.0
0.0
0.0
0.0
0.0
0.0
0.0
0.0
0.0
0.0
0.0
0.0
0.0
0.0
0.0
0.0
0.0
0.0
0.0
0.0
0.0
0.0
0.0
0.0
0.0
0.0
0.0
0.0
0.0
0.0
0.0
0.0
0.0
0.0
0.0
0.0
0.0
0.0
0.0
0.0
0.0
0.0
0.0
0.0
0.0
0.0
0.0
0.0
0.0
0.0
0.0
0.0
0.0
0.0
0.0
0.0
0.0
0.0
0.0
0.0
0.0
0.0
0.0
0.0
0.0
0.0
0.0
0.0
0.0
0.0
0.0
0.0
0.0
0.0
0.0
0.0
0.0
0.0
0.0
0.0
0.0
0.0
0.0
0.0
0.0
0.0
0.0
0.0
0.0
0.0
0.0
0.0
0.0
0.0
0.0
0.0
0.0
0.0
0.0
0.0
0.0
0.0
0.0
0.0
0.0
0.0
0.0
0.0
0.0
0.0
0.0
0.0
0.0
0.0
0.0
0.0
0.0
0.0
0.0
0.0
0.0
0.0
0.0
0.0
0.0
0.0
0.0
0.0
0.0
0.0
0.0
0.0
0.0
0.0
0.0
0.0
0.0
0.0
0.0
0.0
0.0
0.0
0.0
0.0
0.0
0.0
0.0
0.0
0.0
0.0
0.0
0.0
0.0
0.0
0.0
0.0
0.0
0.0
0.0
0.0
0.0
0.0
0.0
0.0
0.0
0.0
0.0
0.0
0.0
0.0
0.0
0.0
0.0
0.0
0.0
0.0
0.0
0.0
0.0
0.0
0.0
0.0
0.0
0.0
0.0
0.0
0.0
0.0
0.0
0.0
0.0
0.0
0.0
0.0
0.0
0.0
0.0
0.0
0.0
0.0
0.0
0.0
0.0
0.0
0.0
0.0
0.0
0.0
0.0
0.0
0.0
0.0
0.0
0.0
0.0
0.0
0.0
0.0
0.0
0.0
0.0
0.0
0.0
0.0
0.0
0.0
0.0
0.0
0.0
0.0
0.0
0.0
0.0
0.0
0.0
0.0
0.0
0.0
0.0
0.0
0.0
0.0
0.0
0.0
0.0
0.0
0.0
0.0
0.0
0.0
0.0
0.0
0.0
0.0
0.0
0.0
0.0
0.0
0.0
0.0
0.0
0.0
0.0
0.0
0.0
0.0
0.0
0.0
0.0
0.0
0.0
0.0
0.0
0.0
0.0
0.0
0.0
0.0
0.0
0.0
0.0
0.0
0.0
0.0
0.0
0.0
0.0
0.0
0.0
0.0
0.0
0.0
0.0
0.0
0.0
0.0
0.0
0.0
0.0
0.0
0.0
0.0
0.0
0.0
0.0
0.0
0.0
0.0
0.0
0.0
0.0
0.0
0.0
0.0
0.0
0.0
0.0
0.0
0.0
0.0
0.0
0.0
0.0
0.0
0.0
0.0
0.0
0.0
0.0
0.0
0.0
0.0
0.0
0.0
0.0
0.0
0.0
0.0
0.0
0.0
0.0
0.0
0.0
0.0
0.0
0.0
0.0
0.0
0.0
0.0
0.0
0.0
0.0
0.0
0.0
0.0
0.0
0.0
0.0
0.0
0.0
0.0
0.0
0.0
0.0
0.0
0.0
0.0
0.0
0.0
0.0
0.0
0.0
0.0
0.0
0.0
0.0
0.0
0.0
0.0
0.0
0.0
0.0
0.0
0.0
0.0
0.0
0.0
0.0
0.0
0.0
0.0
0.0
0.0
0.0
0.0
0.0
0.0
0.0
0.0
0.0
0.0
0.0
0.0
0.0
0.0
0.0
0.0
0.0
0.0
0.0
0.0
0.0
0.0
0.0
0.0
0.0
0.0
0.0
0.0
0.0
0.0
0.0
0.0
0.0
0.0
0.0
0.0
0.0
0.0
0.0
0.0
0.0
0.0
0.0
0.0
0.0
0.0
0.0
0.0
0.0
0.0
0.0
0.0
0.0
0.0
0.0
0.0
0.0
0.0
0.0
0.0
0.0
0.0
0.0
0.0
0.0
0.0
0.0
0.0
0.0
0.0
0.0
0.0
0.0
0.0
0.0
0.0
0.0
0.0
0.0
0.0
0.0
0.0
0.0
0.0
0.0
0.0
0.0
0.0
0.0
0.0
0.0
0.0
0.0
0.0
0.0
0.0
0.0
0.0
0.0
0.0
0.0
0.0
0.0
0.0
0.0
0.0
0.0
0.0
0.0
0.0
0.0
0.0
0.0
0.0
0.0
0.0
0.0
0.0
0.0
0.0
0.0
0.0
0.0
0.0
0.0
0.0
0.0
0.0
0.0
0.0
0.0
0.0
0.0
0.0
0.0
0.0
0.0
0.0
0.0
0.0
0.0
0.0
0.0
0.0
0.0
0.0
0.0
0.0
0.0
0.0
0.0
0.0
0.0
0.0
0.0
0.0
0.0
0.0
0.0
0.0
0.0
0.0
0.0
0.0
0.0
0.0
0.0
0.0
0.0
0.0
0.0
0.0
0.0
0.0
0.0
0.0
0.0
0.0
0.0
0.0
0.0
0.0
0.0
0.0
0.0
0.0
0.0
0.0
0.0
0.0
0.0
0.0
0.0
0.0
0.0
0.0
0.0
0.0
0.0
0.0
0.0
0.0
0.0
0.0
0.0
0.0
0.0
0.0
0.0
0.0
0.0
0.0
0.0
0.0
0.0
0.0
0.0
0.0
0.0
0.0
0.0
0.0
0.0
0.0
0.0
0.0
0.0
0.0
0.0
0.0
0.0
0.0
0.0
0.0
0.0
0.0
0.0
0.0
0.0
0.0
0.0
0.0
0.0
0.0
0.0
0.0
0.0
0.0
0.0
0.0
0.0
0.0
0.0
0.0
0.0
0.0
0.0
0.0
0.0
0.0
0.0
0.0
0.0
0.0
0.0
0.0
0.0
0.0
0.0
0.0
0.0
0.0
0.0
0.0
0.0
0.0
0.0
0.0
0.0
0.0
0.0
0.0
0.0
0.0
0.0
0.0
0.0
0.0
0.0
0.0
0.0
0.0
0.0
0.0
0.0
0.0
0.0
0.0
0.0
0.0
0.0
0.0
0.0
0.0
0.0
0.0
0.0
0.0
0.0
0.0
0.0
0.0
0.0
0.0
0.0
0.0
0.0
0.0
0.0
0.0
0.0
0.0
0.0
0.0
0.0
0.0
0.0
0.0
0.0
0.0
0.0
0.0
0.0
0.0
0.0
0.0
0.0
0.0
0.0
0.0
0.0
0.0
0.0
0.0
0.0
0.0
0.0
0.0
0.0
0.0
0.0
0.0
0.0
0.0
0.0
0.0
0.0
0.0
0.0
0.0
0.0
0.0
0.0
0.0
0.0
0.0
0.0
0.0
0.0
0.0
0.0
0.0
0.0
0.0
0.0
0.0
0.0
0.0
0.0
0.0
0.0
0.0
0.0
0.0
0.0
0.0
0.0
0.0
0.0
0.0
0.0
0.0
0.0
0.0
0.0
0.0
0.0
0.0
0.0
0.0
0.0
0.0
0.0
0.0
0.0
0.0
0.0
0.0
0.0
0.0
0.0
0.0
0.0
0.0
0.0
0.0
0.0
0.0
0.0
0.0
0.0
0.0
0.0
0.0
0.0
0.0
0.0
0.0
0.0
0.0
0.0
0.0
0.0
0.0
0.0
0.0
0.0
0.0
0.0
0.0
0.0
0.0
0.0
0.0
0.0
0.0
0.0
0.0
0.0
0.0
0.0
0.0
0.0
0.0
0.0
0.0
0.0
0.0
0.0
0.0
0.0
0.0
0.0
0.0
0.0
0.0
0.0
0.0
0.0
0.0
0.0
0.0
0.0
0.0
0.0
0.0
0.0
0.0
0.0
0.0
0.0
0.0
0.0
0.0
0.0
0.0
0.0
0.0
0.0
0.0
0.0
0.0
0.0
0.0
0.0
0.0
0.0
0.0
0.0
0.0
