0.013803721665579725
0.01380384754767286
0.01380396141582867
0.013804067684602343
0.013804168083914074
0.013804263702856432
0.013804355132173393
0.013804442188516465
0.013804526581509895
0.013804608204954268
0.013804687650863002
0.013804765312983554
0.01380484120593091
0.013804915620812954
0.013804988244355589
0.013805059735354312
0.013805130258444934
0.013805199888464481
0.013805268522855865
0.013805336100521856
0.013805403023437943
0.013805469007186145
0.01380553436114177
0.013805599101396098
0.013805663234177512
0.013805726829584341
0.013805789971019522
0.013805852683923514
0.013805914778698924
0.013805976212820781
0.013806037252669464
0.013806097946889131
0.013806158335944313
0.013806218445052256
0.013806278278870949
0.01380633782304389
0.013806396878483547
0.013806455531316585
0.013806513822458082
0.013806571873482878
0.01380662974261306
0.013806687436217373
0.01380674495719711
0.013806802302904484
0.013806859331757125
0.013806916152634647
0.01380697278567016
0.013807029276915446
0.013807085576821277
0.013807141652097567
0.013807197571648357
0.013807253372280733
0.013807308956575077
0.013807364414646138
0.013807419762650996
0.013807475001576966
0.01380753013633909
0.013807585172956
0.013807640100598482
0.013807694873037896
0.013807749488172046
0.013807803920961568
0.01380785822391703
0.013807912439308352
0.013807966583783407
0.013808020662917836
0.013808074675377006
0.013808128609529605
0.01380818247074079
0.013808236171613565
0.013808289782823837
0.013808343346023093
0.013808396870564803
0.013808450353848374
0.013808503777638632
0.013808557115380581
0.013808610360623082
0.013808663503164207
0.01380871651664422
0.013808769490534573
0.013808822405824695
0.01380887527637415
0.013808928125916477
0.0138089809650986
0.013809033790231788
0.013809086601883801
0.013809139380023159
0.013809192102571964
0.013809244790869495
0.013809297418871219
0.013809350002089656
0.01380940255097118
0.013809455059597095
0.013809507524130685
0.013809559959323432
0.013809612363286802
0.013809664722313937
0.013809717077695145
0.013809769447899734
0.013809821817722586
0.013809874187776738
0.01380992656016858
0.013809978920255928
0.013810031238574702
0.013810083493821531
0.01381013572658363
0.013810187936630407
0.013810240169768357
0.013810292413661376
0.013810344663414338
0.013810396913431817
0.013810449156806234
0.013810501389158875
0.013810553612957271
0.013810605840767426
0.013810658037189186
0.013810710197452399
0.013810762354874337
0.0138108145052561
0.013810866664918372
0.01381091884550886
0.013810971047010599
0.013811023266351165
0.013811075505615915
0.013811127768965762
0.013811180046404598
0.013811232333816455
0.013811284639103244
0.013811336921575898
0.013811389213969552
0.01381144152689536
0.01381149385439976
0.013811546190539583
0.013811598531160152
0.013811650878093037
0.013811703238652068
0.013811755599533296
0.013811807973149586
0.013811860372027992
0.013811912802108842
0.013811965254633799
0.013812017727187867
0.01381207023130173
0.013812122776340821
0.013812175357659093
0.013812227969699994
0.013812280599942954
0.013812333233358353
0.013812385884538059
0.013812438555738134
0.013812491252748159
0.013812543986923166
0.013812596762961123
0.013812649566123261
0.013812702374377872
0.013812755191329965
0.013812808050648814
0.013812860942296898
0.01381291383821402
0.013812966766189101
0.013813019726077524
0.01381307271115319
0.013813125750612458
0.013813178834135836
0.013813231935140355
0.013813285063545696
0.013813338238106985
0.013813391448464907
0.013813444709212455
0.01381349800531201
0.013813551314588966
0.013813604663201995
0.013813658041696535
0.01381371148401511
0.013813764966441886
0.013813818494269655
0.01381387207370301
0.013813925693260277
0.013813979347845758
0.01381403304783907
0.013814086790178929
0.013814140571921669
0.013814194350922489
0.013814248154038618
0.013814301968046687
0.013814355843382432
0.013814409766788506
0.01381446373746757
0.013814517754848024
0.01381457182288667
0.013814625945369242
0.013814680117298143
0.013814734338610319
0.01381478862413995
0.013814842945610788
0.013814897337232707
0.013814951728248311
0.013815006196774247
0.013815060683452314
0.01381511520264292
0.013815169784801792
0.013815224421540338
0.013815279108324176
0.01381533384482332
0.013815388621816325
0.013815443446690532
0.013815498340785099
0.013815553273285704
0.01381560824319482
0.0138156632863087
0.013815718367071994
0.013815773502897978
0.01381582868219603
0.01381588388376829
0.013815939154812242
0.013815994484492961
0.013816049854704106
0.013816105278359246
0.013816160764603153
0.013816216308350731
0.013816271903278969
0.013816327547723615
0.013816383274109407
0.013816439036253835
0.013816494833195109
0.013816550708660289
0.013816606641418752
0.01381666262288707
0.01381671866839014
0.01381677477434347
0.013816830919456798
0.013816887124813902
0.013816943407224787
0.013816999738538104
0.013817056119145368
0.013817112554525435
0.01381716904652786
0.01381722560687312
0.013817282219475488
0.013817338881672886
0.013817395592641715
0.013817452357829123
0.013817509223862053
0.013817566138187054
0.013817623082336033
0.013817680075826965
0.013817737130176958
0.013817794241681527
0.013817851406220988
0.013817908636234107
0.013817965951343707
0.013818023318765056
0.013818080765826057
0.01381813827788397
0.013818195824209453
0.013818253427452536
0.013818311095585178
0.013818368828359448
0.013818426659696036
0.01381848455668974
0.013818542504564236
0.013818600502584925
0.013818658568051251
0.013818716709242196
0.01381877491611153
0.01381883318368232
0.01381889150587585
0.013818949904395965
0.01381900837422983
0.013819066889212396
0.013819125442879367
0.013819184051696359
0.013819242768398108
0.013819301540384172
0.01381936035670536
0.013819419225931584
0.013819478164316695
0.013819537165258581
0.013819596227038223
0.013819655355447852
0.013819714573526485
0.013819773879429604
0.013819833233828896
0.013819892637347625
0.013819952108401597
0.01382001168712086
0.013820071329436856
0.01382013101819793
0.013820190767097238
0.013820250582271407
0.01382031046197123
0.01382037043917745
0.013820430482131404
0.013820490583241432
0.013820550749571012
0.013820610982519355
0.013820671279127191
0.013820731640414854
0.013820792070539446
0.013820852572966417
0.0138209131481915
0.013820973797316017
0.013821034526241175
0.013821095328516301
0.013821156190879215
0.0138212171093529
0.01382127808996292
0.013821339154730349
0.013821400297537517
0.01382146152365794
0.013821522753777345
0.013821584033687212
0.013821645379080228
0.013821706800061164
0.013821768291161302
0.013821829848651232
0.01382189147544601
0.013821953175512807
0.013822014953271495
0.013822076800098768
0.013822138701536755
0.013822200672876869
0.013822262734642755
0.013822324871562843
0.013822387078023742
0.013822449350928528
0.013822511692738973
0.013822574110984066
0.013822636590811536
0.013822699133380204
0.013822761743215043
0.01382282442856168
0.013822887195210317
0.013822950049858018
0.013823012993255659
0.013823076013169903
0.0138231390986201
0.013823202246765337
0.013823265461616156
0.013823328753241814
0.013823392132437275
0.01382345559990839
0.013823519141079911
0.013823582740399687
0.01382364639999076
0.013823710123421167
0.01382377392858338
0.013823837839252487
0.01382390182104564
0.01382396584567605
0.01382402993530578
0.01382409410176136
0.013824158328749022
0.013824222619274264
0.013824286984402238
0.013824351428912614
0.013824415948673481
0.013824480535350637
0.013824545182291785
0.01382460990208744
0.01382467471648607
0.013824739629295944
0.013824804629588612
0.013824869705292403
0.013824934848536951
0.013825000062005106
0.013825065354765607
0.013825130731306324
0.013825196187251951
0.013825261716189141
0.013825327306904169
0.013825392957391266
0.013825458677583845
0.013825524483099694
0.013825590360713555
0.01382565631559143
0.01382572234858671
0.013825788435700988
0.013825854613954509
0.013825920866158378
0.01382598719213042
0.013826053594918569
0.013826120072496942
0.013826186628589195
0.013826253267828511
0.013826319981811788
0.013826386762732647
0.013826453612546004
0.013826520532495149
0.013826587519012702
0.013826654573549821
0.013826721714452511
0.013826788955867355
0.013826856276862282
0.013826923669870397
0.013826991128209634
0.013827058651683797
0.013827126249589285
0.013827193933503715
0.01382726170428009
0.013827329550983132
0.013827397430081963
0.01382746539669879
0.013827533430457077
0.013827601542355121
0.013827669731558986
0.013827737996161561
0.013827806344549309
0.01382787478434141
0.013827943297032557
0.013828011867449403
0.013828080496566154
0.01382814921489471
0.013828218016772333
0.013828286887661783
0.013828355832590908
0.01382842485708527
0.013828493959174256
0.01382856313116123
0.013828632360929374
0.01382870165696664
0.013828771051293511
0.013828840529728931
0.013828910087940176
0.013828979714820016
0.013829049418106535
0.013829119202701867
0.013829189058069381
0.013829258950548972
0.013829328963254523
0.013829399044268999
0.013829469189701423
0.013829539397233687
0.013829609653896851
0.013829680010115392
0.01382975042420134
0.0138298208921072
0.013829891473018592
0.013829962136308858
0.013830032873284817
0.013830103683889509
0.01383017456348437
0.013830245499045359
0.013830316480708635
0.013830387561614605
0.013830458739286542
0.013830529983435608
0.013830601289831754
0.013830672656508766
0.013830744074182489
0.013830815544265894
0.013830887100686286
0.013830958761168346
0.013831030505520328
0.013831102332661147
0.01383117423080345
0.013831246182436027
0.013831318192303923
0.013831390319017403
0.013831462502452319
0.0138315347393033
0.013831607026501705
0.013831679372080378
0.013831751784351268
0.01383182431467631
0.01383189695234214
0.013831969646629987
0.013832042395421436
0.013832115193795944
0.01383218800037006
0.013832260934987078
0.013832333958187457
0.013832407028718642
0.013832480144774789
0.013832553344772066
0.01383262658668843
0.013832699906158739
0.013832773313177648
0.013832846813160339
0.013832920391471997
0.013832994027199206
0.013833067693711718
0.013833141432935757
0.013833215247210423
0.01383328912264318
0.013833363074514698
0.013833437097445998
0.013833511182085667
0.013833585347328682
0.013833659591524324
0.013833733871726522
0.01383380818460216
0.013833882548375018
0.013833956996580132
0.013834031568844312
0.013834106201850434
0.013834180885702861
0.013834255608237802
0.013834330373815552
0.01383440525090939
0.013834480225750598
0.013834555255357532
0.013834630357309446
0.013834705489538064
0.013834780660582332
0.013834855935422758
0.013834931284692212
0.013835006654610564
0.013835082035684142
0.013835157479023962
0.013835233065666738
0.013835308703350096
0.013835384415639225
0.01383546015521762
0.013835535920883645
0.013835611776770455
0.013835687669919204
0.013835763635176976
0.013835839685205482
0.013835915775719921
0.01383599194780088
0.013836068170703061
0.01383614439401209
0.013836220681933993
0.013836297051764401
0.013836373513928222
0.013836450041259527
0.013836526600944435
0.013836603167830598
0.013836679781210282
0.013836756498648406
0.013836833302246214
0.013836910151085284
0.013836986996402244
0.013837063896213862
0.013837140924604729
0.013837218006953783
0.013837295117795217
0.013837372244875043
0.013837449400381443
0.01383752663218741
0.013837603916825784
0.013837681264292745
0.013837758670078942
0.013837836160378663
0.013837913729003396
0.013837991333868387
0.013838068966732515
0.013838146581714453
0.013838224276501878
0.01383830200248554
0.013838379807196474
0.01383845767283993
0.013838535571257485
0.013838613538181138
0.013838691487421947
0.013838769437857078
0.013838847475969201
0.013838925653615544
0.013839003848258761
0.013839082058480752
0.013839160197494465
0.013839238514451934
0.01383931689871989
0.013839395346679795
0.013839473772398546
0.013839552142612342
0.013839630660258957
0.013839709268677615
0.013839787881430836
0.013839866438806697
0.013839945100743278
0.013840023813928301
0.01384010257405039
0.013840181346786672
0.013840260130304663
0.013840338996198333
0.013840417909764128
0.013840496827342187
0.013840575755925814
0.013840654737935628
0.013840733775632757
0.013840812847804479
0.013840891922545569
0.013840971066060491
0.013841050261732282
0.013841129474804419
0.013841208662114465
0.013841287883418032
0.013841367161776351
0.013841446498130381
0.013841525871789198
0.013841605290401857
0.013841684729878834
0.013841764121752715
0.013841843486943855
0.013841922940057531
0.013842002512758004
0.013842082079144969
0.013842161599481498
0.013842241148040111
0.013842320805295637
0.013842400488977514
0.013842480126223008
0.013842559729117384
0.013842639397768853
0.013842719143359205
0.013842798892070811
0.013842878615864678
0.013842958386329651
0.013843038220756896
0.013843118028548481
0.013843197799822496
0.013843277598770841
0.013843357433439065
0.013843437269115686
0.01384351712318287
0.013843597009609158
0.013843676927669628
0.013843756874404952
0.013843836747948687
0.01384391669871555
0.013843996627656757
0.013844076578787834
0.013844156456302102
0.013844236397898146
0.013844316335569125
0.013844396331116334
0.013844476242626545
0.01384455625930581
0.013844636290071197
0.013844716270489237
0.013844796188179118
0.013844876179450571
0.013844956188109938
0.0138450361778506
0.013845116159882693
0.013845196185515702
0.013845276088468535
0.01384535605843627
0.013845436108837312
0.013845516184743849
0.013845596150941891
0.013845675938252044
0.013845755872317619
0.013845835909299454
0.013845915900796039
0.01384599568823864
0.013846075600910862
0.013846155535680846
0.013846235451856152
0.013846315253047251
0.013846395147575597
0.013846475031800214
0.013846554841780817
0.013846634546934328
0.013846714329727328
0.013846794134807116
0.013846873891187666
0.013846953593513853
0.01384703330250576
0.013847112987971552
0.013847192582090977
0.013847272197217618
0.013847351823055591
0.013847431422495272
0.013847510947106005
0.013847590456370426
0.013847669948122062
0.013847749387110446
0.013847828787650352
0.013847908185430394
0.013847987560514011
0.013848066840429534
0.013848146121262297
0.013848225365077451
0.013848304555358628
0.01384838369861158
0.01384846284783487
0.013848541960216716
0.013848620986847743
0.013848699959187248
0.01384877889264789
0.013848857781454829
0.013848936613031554
0.013849015455551814
0.013849094239755484
0.013849172920942962
0.013849251557675227
0.013849330175806421
0.013849408704041784
0.013849487115084949
0.013849565591401207
0.013849644076027946
0.01384972237971008
0.013849800522773546
0.013849878704173773
0.013849956927232225
0.013850034993786746
0.013850112926197373
0.013850190871050699
0.013850268814233244
0.013850346613076398
0.013850424293639271
0.013850501949358277
0.013850579546745468
0.013850657078094266
0.013850734551883653
0.013850811926414118
0.013850889146501826
0.013850966299906065
0.013851043480191002
0.01385112057723965
0.013851197526142802
0.013851274377697374
0.013851351172288447
0.013851427881848923
0.013851504502648916
0.013851581053828605
0.013851657471040163
0.013851733802591932
0.013851810085470219
0.013851886278369328
0.013851962346690793
0.013852038276481233
0.013852114172837826
0.013852189953996683
0.013852265644640436
0.013852341223329734
0.013852416688464965
0.013852492005359585
0.013852567252464433
0.013852642430737222
0.013852717458693467
0.013852792363334534
0.013852867194707238
0.013852941885790369
0.013853016466799208
0.013853090957832256
0.013853165317097984
0.013853239491822225
0.013853313564307822
0.013853387595329683
0.013853461434848661
0.013853535135977058
0.01385360876680308
0.013853682234277735
0.013853755518459092
0.013853828740227088
0.013853901892117786
0.01385397476581475
0.013854047463744698
0.01385412023244047
0.013854192811088616
0.013854265123126616
0.013854337291808034
0.013854409463025725
0.013854481385905918
0.013854553080495978
0.013854624778881866
0.013854696330177635
0.013854767607496578
0.013854838697929086
0.013854909795977022
0.013854980705532982
0.013855051349375034
0.013855121847361044
0.013855192227060607
0.01385526243249579
0.013855332496584251
0.01385540235768
0.0138554720247926
0.013855541550168783
0.013855610923987719
0.013855680099593978
0.0138557490641077
0.013855817894116891
0.013855886528684597
0.013855954922923085
0.013856023210848058
0.013856091316397416
0.013856159208138584
0.013856226877523633
0.013856294340700594
0.01385636163898482
0.013856428761889184
0.013856495702709935
0.013856562369684196
0.013856628814506982
0.013856695167587954
0.013856761277554796
0.013856827145482208
0.013856892794330182
0.013856958242358355
0.01385702350026691
0.013857088522966472
0.0138571533483473
0.013857217904678473
0.013857282257078852
0.013857346429442297
0.013857410303510094
0.013857473966565226
0.01385753746599372
0.013857600686234655
0.01385766363774093
0.013857726503684024
0.01385778927842084
0.013857851773590927
0.01385791405959585
0.013857976116092779
0.01385803787352034
0.013858099390754641
0.013858160734935288
0.01385822172678126
0.013858282435330042
0.013858343036007107
0.01385840332561211
0.013858463259518049
0.013858522992978803
0.013858582492496696
0.01385864166151993
0.013858700570232111
0.013858759283478675
0.01385881762354969
0.013858875656275464
0.013858933568172884
0.013858991117304048
0.013859048268417168
0.013859105271176701
0.01385916202297983
0.013859218389271498
0.013859274433503073
0.01385933027118091
0.013859385779680915
0.013859440921258617
0.01385949584994105
0.013859550466379348
0.013859604723159969
0.013859658704201671
0.013859712366863295
0.01385976568427684
0.01385981870474171
0.013859871407625898
0.013859923792409756
0.013859975871880278
0.013860027618071022
0.01386007900533579
0.013860130084213315
0.013860180834093513
0.013860231213519446
0.013860281262317002
0.013860331007228516
0.013860380379472757
0.013860429358564807
0.013860478042294401
0.013860526391043388
0.013860574342833267
0.013860621962854954
0.013860669201891024
0.013860716083831378
0.013860762633880239
0.013860808773284942
0.013860854551716146
0.013860899973638752
0.0138609450094927
0.01386098965763066
0.013861033926464136
0.013861077825517494
0.013861121320438654
0.013861164431010053
0.013861207170405478
0.013861249479639442
0.01386129139230767
0.013861332941336289
0.013861374060837975
0.013861414774506012
0.01386145509364745
0.013861494966926778
0.013861534454909136
0.01386157354700685
0.01386161218015168
0.013861650401235963
0.013861688223442475
0.013861725585935224
0.013861762500625286
0.013861799021202327
0.013861835097403272
0.01386187070266692
0.013861905891470043
0.013861940632715307
0.013861974901351597
0.013862008745690154
0.013862042143088867
0.013862075049205827
0.013862107513649646
0.013862139537649483
0.013862171041995799
0.013862202094814358
0.013862232723492305
0.013862262808757013
0.013862292422382955
0.013862321622087052
0.013862350083557757
0.013862377992018832
0.013862405457026538
0.013862432407507841
0.013862458823524658
0.013862484769355796
0.0138625102259417
0.01386253513888598
0.013862559593236998
0.013862583751034824
0.013862607357912572
0.01386263044918104
0.013862653045291827
0.013862675081294715
0.013862696588813055
0.013862717601789665
0.013862738056348065
0.013862757957881744
0.013862777340200253
0.013862796171919947
0.013862814443559954
0.013862832174020475
0.013862849351884718
0.01386286596990154
0.013862882024121581
0.01386289745763886
0.013862912252828414
0.013862926481096247
0.01386294012169376
0.013862953187856256
0.013862965681736757
0.013862977577739893
0.013862988883553619
0.013862999603010117
0.013863009719649332
0.013863019293524998
0.01386302811599737
0.013863036327588195
0.013863043929087623
0.013863050920647952
0.013863057293939156
0.013863063041337517
0.01386306816407588
0.013863072661324046
0.013863076523154185
0.013863079748983754
0.013863082339134634
0.013863084284545822
0.013863085582814079
0.013863086230663868
0.013863086224379331
0.013863085560940284
0.013863084236709079
0.013863082248449808
0.013863079589745263
0.013863076323406609
0.013863072468489399
0.01386306792969817
0.013863062709323075
0.013863056809071485
0.013863050210912269
0.013863042917560834
0.013863034933516137
0.013863026239293547
0.01386301684294256
0.01386300674215837
0.013862995918563829
0.0138629843809326
0.013862972132753879
0.013862959144419219
0.013862945430281772
0.013862931003454348
0.013862915817116857
0.013862899890790308
0.013862883242526226
0.01386286581855766
0.01386284764229255
0.013862828743511505
0.013862809056789192
0.013862788604142109
0.013862767423424715
0.013862745431665805
0.013862722654298226
0.013862699144309702
0.013862674806395798
0.013862649670799303
0.013862623794706125
0.013862597099010622
0.013862569573647612
0.01386254128593001
0.013862512195977677
0.0138624822483908
0.013862451357861199
0.013862419046041253
0.013862385851366
0.013862351876777933
0.013862317094893077
0.013862281379913256
0.013862244892854328
0.01386220759952191
0.013862169308773079
0.013862130242168844
0.013862090401473123
0.013862049485548257
0.013862007744939047
0.013861965254829278
0.013861921733566249
0.013861877335525002
0.013861832193955563
0.01386178604042043
0.013861738963715403
0.013861691117030362
0.013861642273984249
0.013861592479194534
0.01386154190009297
0.013861490318714661
0.01386143777047585
0.013861384400341438
0.013861330054187167
0.013861274723579457
0.013861218543627794
0.01386116140569624
0.013861103242089756
0.0138610441911156
0.013860984197385124
0.013860923177824742
0.013860861249106965
0.013860798357074962
0.013860734435504233
0.013860669575568115
0.013860603717134242
0.013860536848776231
0.01386046904418355
0.01386040018805258
0.013860330328332473
0.013860259524017019
0.013860187680296543
0.013860114914212584
0.013860041173188268
0.013859966282504195
0.013859890457247857
0.013859813646074717
0.013859735641463675
0.01385965669005712
0.013859576741791396
0.013859495582866069
0.013859413448080428
0.013859330333713253
0.013859246036768202
0.013859160706730976
0.013859074348861316
0.013858986828153806
0.013858898266913519
0.01385880864392036
0.013858717858367056
0.013858626033117147
0.013858533118917783
0.013858439019305599
0.013858343858984351
0.013858247574039207
0.01385815008546058
0.013858051550876256
0.013857951886937734
0.013857851030758882
0.013857749119266365
0.013857646023694926
0.013857541714404979
0.01385743632980838
0.01385732973602825
0.01385722189571519
0.0138571130192483
0.01385700294553876
0.013856891573291516
0.013856779160981941
0.013856665554140044
0.013856550595333781
0.013856434582971066
0.013856317384681077
0.013856198804643258
0.013856079138221873
0.013855958910303934
0.013855837345112755
0.01385571469834169
0.013855590816261155
0.013855465574854422
0.013855339238939184
0.013855211614695228
0.013855082625571735
0.01385495251797759
0.013854821072519874
0.013854688287888516
0.013854554409207746
0.013854419147780822
0.013854282531280624
0.013854144807205898
0.01385400566388234
0.013853865183862913
0.013853723579326429
0.013853580465583555
0.013853435996354297
0.013853290452507437
0.01385314339925279
0.013852994948297098
0.01385284540789847
0.013852694376897224
0.013852541935347252
0.013852388380146404
0.013852233302916314
0.01385207677594941
0.01385191910744017
0.013851759903842296
0.013851599272243756
0.013851437520582188
0.013851274196512461
0.013851109428563749
0.01385094350513922
0.013850775605079229
0.01385060604161749
0.01385043534758208
0.013850263009728251
0.013850089195791952
0.013849914230881364
0.013849737581185186
0.013849559426973367
0.013849380169083115
0.013849199216098335
0.013849016701353837
0.013848833607617059
0.013848648772896061
0.01384846238681612
0.013848274952535116
0.01384808568263563
0.013847894797786834
0.013847702698964017
0.013847508722339844
0.013847312710465864
0.013847115623567545
0.013846916935529288
0.01384671651299791
0.013846515098154145
0.013846312122988163
0.013846107419559566
0.013845901654432946
0.013845694091098308
0.0138454848202857
0.013845274446238096
0.013845062229497123
0.013844848267993558
0.013844633040883755
0.013844416048883215
0.013844197375710542
0.013843977348927934
0.013843755634932906
0.013843532245356772
0.013843307406160438
0.013843080914809475
0.013842852692316249
0.013842622982209596
0.013842391701081714
0.013842158517420744
0.013841923759723916
0.013841687472265659
0.013841449396909351
0.013841209580660558
0.01384096821070235
0.013840725251408092
0.013840480461263412
0.013840233868380411
0.013839984439286128
0.013839733021795558
0.013839479959768293
0.013839225545047476
0.013838969073659274
0.013838710833213091
0.013838451269904203
0.013838189594021557
0.013837926122895517
0.013837661394165406
0.013837394540974539
0.013837125868169257
0.013836855845426974
0.013836583691629687
0.013836309774177519
0.013836034272819025
0.013835756838245068
0.013835477609860994
0.013835196653465049
0.013834914020445913
0.01383462950722154
0.013834343125854416
0.013834055244821699
0.013833765383138224
0.013833473571944824
0.013833180152759509
0.013832884885278857
0.013832587575240146
0.01383228854670624
0.013831987913219001
0.013831685135544862
0.013831380370579667
0.013831074095159204
0.013830765735558036
0.013830455297056184
0.013830143390406934
0.013829829470252714
0.013829513247352137
0.013829195495146185
0.01382887579115623
0.013828553786912686
0.01382823040310515
0.013827905017869648
0.013827577339460025
0.013827249213208642
0.013826919002012382
0.013826586409825163
0.013826252410396101
0.013825916300756018
0.013825577905984201
0.013825238133119136
0.013824896115991364
0.013824551775393466
0.01382420601326421
0.01382385793329768
0.013823507523679016
0.013823155686774837
0.013822801647790624
0.013822445301317082
0.013822087327590488
0.013821727083742987
0.013821364612335303
0.013821000518063975
0.013820634080266618
0.013820265470155822
0.01381989451658318
0.013819521031096755
0.013819145446369406
0.01381876826384868
0.013818388470910046
0.013818006617431284
0.013817623052413448
0.013817236599217887
0.013816848335728141
0.01381645861344424
0.013816065870773317
0.013815671313546546
0.013815275904939093
0.013814877576232502
0.013814477665622599
0.013814074974585663
0.013813669482635632
0.013813262554439428
0.01381285408598091
0.013812442345067745
0.013812028821654783
0.013811613780937064
0.013811195482772915
0.013810775290592969
0.013810353599764359
0.013809928721674119
0.013809501719574053
0.013809073105507209
0.013808641355305693
0.013808207599401998
0.013807772130832984
0.013807333645588277
0.013806893233807122
0.013806450957231695
0.013806005533698047
0.01380555816074045
0.013805108939272474
0.01380465651863984
0.013804202245138494
0.013803745040124864
0.013803283344797058
0.013802819937889618
0.013802354615713068
0.013801885644165917
0.013801415045036075
0.013800942666816777
0.013800466668996971
0.01379998898138306
0.01379950939735391
0.013799026174936772
0.013798541164781427
0.01379805431105312
0.013797563843113586
0.013797071434385584
0.013796577491016876
0.013796079974384111
0.013795580345842601
0.013795079114658314
0.01379457430739575
0.013794067289096816
0.013793558597206771
0.013793046151855644
0.013792531408940354
0.013792015198939914
0.013791495396867729
0.01379097309187894
0.013790450223612525
0.013789924196837812
0.013789395761206415
0.01378886531196686
0.013788331746566303
0.013787795710379995
0.013787257384532766
0.013786715966576227
0.013786172104624688
0.013785625819400276
0.013785076780052856
0.013784525100741829
0.013783970655980542
0.013783413890162743
0.013782853555751998
0.01378229004477934
0.013781724182504645
0.013781155498410799
0.013780583870556156
0.013780009903996604
0.013779433202579697
0.013778853500655757
0.013778271363861722
0.013777686787368909
0.013777099251633234
0.01377650960931529
0.013775916881448426
0.013775320465684191
0.013774722216915336
0.013774121295576232
0.01377351721841531
0.013772911200882797
0.013772301768732875
0.01377168918267395
0.013771074965066459
0.013770457244591165
0.01376983594996547
0.013769213270818014
0.013768587021432329
0.01376795687891994
0.013767325343548775
0.013766690361149669
0.01376605153595289
0.013765410812805046
0.01376476687935113
0.013764119691757674
0.013763470044883833
0.013762817184690811
0.013762159176429863
0.013761497398465739
0.01376083238302328
0.013760164701151384
0.013759493848158976
0.013758819593002894
0.01375814266375986
0.013757462751404473
0.013756779237086746
0.013756092854930378
0.01375540411441923
0.013754711371241525
0.013754015559362995
0.013753317691776158
0.01375261527787857
0.0137519098016823
0.013751202641509582
0.013750491787063607
0.013749778704115869
0.013749063608788048
0.0137483430717755
0.013747620236103111
0.013746895439355568
0.013746164877017578
0.013745432132752892
0.013744697744607837
0.013743957546598084
0.013743214094705001
0.013742468396551365
0.013741716800262727
0.013740962830418637
0.013740207301962338
0.013739445796784107
0.013738682389865503
0.013737916994953516
0.013737145401229398
0.013736371400157236
0.013735595375717936
0.013734813309243187
0.01373402809928824
0.013733239907044904
0.013732446482651067
0.013731652548071193
0.013730856063834136
0.013730053597258407
0.013729248760438899
0.01372844118003359
0.013727628100805675
0.013726812330095404
0.013725993855992737
0.01372517014345034
0.013724343474357272
0.013723513774420949
0.013722679014158875
0.013721841100572382
0.013721000104252732
0.01372015406144011
0.013719304763925357
0.013718450755401302
0.013717589895845662
0.013716725576234032
0.013715858171043475
0.01371498556497616
0.013714109563104048
0.013713230266621128
0.013712345612499878
0.013711458102626244
0.013710567464560895
0.013709671230821958
0.01370877304318318
0.01370787206800368
0.013706965238794555
0.013706055389987903
0.013705142286027237
0.01370422314401511
0.01370330069742291
0.013702374956132973
0.013701442243830296
0.013700505657892603
0.013699566168288196
0.013698621529171744
0.01369767308602655
0.013696721757948619
0.013695764618496694
0.013694802793930396
0.013693837813035204
0.01369286731190899
0.013691892543771258
0.013690913633534986
0.013689928421934417
0.013688938895760661
0.013687947290336455
0.013686951679146383
0.01368595116986809
0.013684947817436574
0.013683938179775977
0.01368292396834839
0.01368190732632239
0.013680883785715943
0.013679855438319276
0.01367882527793494
0.013677787740593472
0.013676744836075254
0.013675700816000074
0.013674648818681752
0.013673591410635622
0.013672529435975977
0.013671458959622986
0.013670382548096778
0.01366930453105808
0.013668219446889647
0.013667128293862178
0.013666035349831903
0.013664938024664517
0.013663833332827845
0.013662726586743914
0.013661614770160013
0.013660494462899646
0.01365937107322485
0.013658242616086893
0.013657105476934482
0.013655966344261831
0.013654822376987326
0.013653669984201262
0.013652514394445894
0.013651353828742123
0.01365018605430518
0.013649014532567753
0.01364783772422318
0.013646653042565647
0.013645462763946103
0.013644266583674574
0.013643067092588184
0.013641860698872323
0.013640649650558757
0.013639435717581631
0.013638215049662413
0.013636987239065907
0.01363575574026549
0.013634517755164452
0.013633272306663148
0.013632022849416897
0.013630767779002495
0.013629504978023703
0.013628237283898706
0.013626964210303624
0.013625682131916946
0.013624391066271934
0.013623094176729337
0.013621790446322354
0.013620481898284352
0.01361916790683875
0.013617847582675362
0.013616519908662021
0.013615185870083583
0.013613845566109688
0.013612497602429195
0.013611144788201102
0.01360978514008006
0.01360841779093616
0.013607045236865874
0.01360566567395429
0.013604278455438846
0.01360288622807645
0.013601486277502127
0.013600076075514488
0.013598660721446843
0.013597239256870935
0.013595810211991008
0.013594375542814953
0.013592935022491927
0.013591487043800315
0.013590033870856517
0.013588573786672192
0.013587104272295219
0.013585629519447192
0.013584147130019198
0.013582655403815085
0.013581158203925097
0.013579653864286324
0.013578141039126723
0.013576619198305974
0.01357508689840625
0.013573547603709239
0.013571999801334172
0.013570444170459309
0.013568881148387862
0.01356730944836255
0.01356572987786862
0.013564142339435894
0.01356254645619664
0.013560942991399445
0.013559331609557928
0.013557712253682297
0.013556084260661964
0.013554446966782926
0.01355280146944107
0.013551147491067502
0.013549482986874738
0.013547812566594384
0.013546135011062726
0.0135444464839966
0.013542752430249359
0.013541051716603563
0.013539338359920092
0.013537619432147523
0.013535892592150298
0.013534153131195902
0.013532406623669325
0.01353065356116494
0.013528887466783431
0.013527113910641602
0.013525332577701929
0.013523533785312082
0.013521724289730539
0.013519908839317292
0.013518081383317062
0.013516243029829959
0.013514399731788954
0.013512543735257286
0.013510675989247238
0.013508802964714291
0.013506917130450232
0.01350501979038055
0.013503113220696422
0.01350119812765131
0.013499268981576783
0.013497331889232253
0.013495387602366052
0.013493427261715511
0.013491459560386578
0.013489487652804529
0.013487499456780577
0.013485504229351023
0.013483500272350655
0.013481478551566964
0.013479450326742994
0.01347741451009907
0.013475363214229751
0.013473301164765807
0.013471226162923374
0.013469133989788959
0.013467029622905776
0.013464917131177747
0.013462791626698611
0.013460652386241027
0.013458504668329492
0.01345634346894655
0.013454167344193715
0.013451983185274987
0.013449785788391018
0.013447571813783787
0.013445351501702769
0.013443118696408395
0.013440868893240424
0.013438611795522826
0.013436341829757057
0.013434056862597145
0.013431763386252559
0.013429459724109591
0.013427139011504689
0.01342480753559807
0.013422466696279209
0.013420107425678849
0.013417733503498234
0.013415349246001395
0.013412942303426366
0.013410517457556018
0.013408085198968746
0.01340563882206795
0.013403173477838011
0.013400698114073769
0.013398208437019202
0.013395700009869834
0.013393182496961382
0.013390650426513794
0.013388098770189125
0.013385535078782505
0.013382957773390986
0.013380363462976618
0.013377758300787388
0.013375142397418186
0.013372507703778468
0.013369858023514364
0.013367199067855192
0.013364518233640557
0.013361820230071595
0.013359114631175726
0.013356383467956003
0.013353626219131264
0.013350861571282137
0.013348077970075499
0.013345271610748288
0.013342455382514128
0.013339624897648741
0.0133367688501575
0.013333897369095883
0.013331015486539359
0.013328110818822061
0.013325188180665585
0.013322258275275518
0.013319304337851843
0.013316331086603331
0.01331334905752306
0.013310348283499593
0.013307324449509658
0.013304287068903036
0.013301231453830198
0.013298153989956108
0.013295058102381555
0.013291936583101396
0.01328879234363165
0.013285627069885272
0.013282448248817552
0.013279248627859322
0.013276026317509891
0.013272786170867185
0.01326952734906319
0.013266246609337477
0.01326294874059163
0.013259632293505168
0.013256292319692966
0.013252936991783839
0.013249559373109529
0.013246163661047129
0.013242747968898254
0.013239306792548993
0.013235847784345407
0.013232366763498852
0.01322885706199185
0.013225320199915801
0.01322176104066151
0.013218182024776193
0.013214577740240607
0.013210952529257783
0.013207306038781036
0.013203629864185707
0.013199937273398903
0.013196222413737272
0.013192478951280054
0.013188715187819904
0.013184933609432627
0.01318112828825659
0.01317729671737652
0.013173441510560222
0.013169561933912038
0.01316565465999118
0.013161724765565442
0.013157758799977782
0.013153764528259384
0.013149749179624705
0.013145707759804967
0.01314163528805969
0.013137537829110995
0.013133417360862206
0.013129269485552143
0.01312509295820765
0.013120893468977986
0.01311666850947311
0.013112415691126904
0.013108140526368713
0.013103835004758905
0.013099496683934973
0.013095133954548185
0.013090743252054752
0.013086310074710669
0.013081848064861472
0.013077360794383017
0.013072840294958797
0.013068285974252865
0.013063705108680854
0.01305909557565059
0.013054452861650334
0.013049784291236882
0.01304508464218552
0.013040358088297581
0.013035597685821076
0.013030803893359562
0.013025983961629232
0.013021130785471352
0.013016243346266568
0.013011310509106044
0.013006346740152983
0.013001352061954378
0.012996311678338531
0.012991245533116706
0.012986149121054301
0.01298100973825933
0.012975835823048884
0.012970634591141096
0.012965402215245836
0.012960126188852271
0.012954825892943476
0.012949491593963348
0.01294410913603753
0.012938694691169502
0.012933246225822979
0.012927741163749477
0.012922195253991072
0.012916617988011345
0.012911002715498988
0.012905345181051284
0.012899652324986664
0.012893927609674578
0.012888148732652378
0.01288234317537663
0.012876506437323559
0.012870615868651201
0.012864690142265309
0.012858727133493874
0.012852720828452553
0.012846652693602845
0.012840546332752022
0.012834393308871499
0.012828192389268607
0.012821958726026329
0.012815683871571719
0.012809350597030924
0.012802982444424913
0.012796583047170192
0.012790126635004125
0.012783632175043627
0.012777099628312007
0.012770512085840497
0.012763864084050924
0.012757167971177113
0.012750426497790263
0.012743615435215357
0.012736772366134666
0.012729888800842897
0.012722946961296203
0.012715948020625287
0.012708925389910712
0.012701850766006384
0.012694708716858061
0.012687532236983545
0.01268030905239598
0.01267300851171319
0.012665639823480939
0.012658235507192545
0.012650772744345113
0.012643241571762094
0.012635675276622751
0.01262805472086962
0.01262036400593329
0.012612636042037405
0.012604868106978286
0.01259702837031073
0.012589118158113118
0.012581165906684528
0.012573136665473609
0.012565026451546321
0.012556872084422561
0.012548668922975872
0.01254039067578284
0.012532047710769158
0.012523665667587048
0.012515227310146631
0.012506718163113021
0.01249816388500611
0.012489542650820341
0.01248084347745584
0.012472076706616425
0.012463257605108642
0.012454367654926822
0.012445412207226239
0.012436415791054997
0.012427347427376136
0.012418215223687856
0.012409035074091055
0.012399790881473848
0.012390462167607372
0.012381063248923815
0.01237161687497388
0.012362072997421222
0.012352449382376429
0.012342783403080506
0.012333055246317386
0.012323238227327164
0.012313355023506316
0.012303435432516278
0.01229342613269283
0.012283315778932146
0.012273153959699006
0.012262915154002322
0.012252582093892305
0.012242165977675868
0.012231705157390258
0.012221161641879145
0.012210528403411714
0.01219983511752356
0.012189062573860368
0.012178204928819271
0.012167251645201318
0.012156231173086767
0.012145124597673087
0.012133920784453172
0.012122643769451328
0.012111278714147055
0.012099835035335267
0.01208829991678123
0.012076690661386386
0.012064988556423739
0.012053193448589574
0.01204131175215943
0.01202933269075562
0.012017264451220663
0.012005091973572317
0.01199283050269251
0.011980480234488711
0.01196805347137355
0.011955522014937606
0.011942872094365519
0.011930142617236458
0.01191732592421531
0.011904384014843655
0.01189133378798877
0.011878199916112196
0.011864970668006491
0.011851606135379873
0.01183816319748785
0.01182462004893105
0.011810965276413224
0.011797190516653344
0.01178331634847257
0.011769331285072876
0.011755213254716679
0.01174098884124398
0.011726657968682348
0.01171222344412189
0.011697660556817759
0.01168299548504716
0.011668207843781907
0.01165329454598172
0.011638252364949532
0.011623091177354515
0.011607802695749438
0.011592377861772448
0.01157685023565506
0.011561200964548522
0.011545406881628232
0.011529474447906281
0.011513435510779543
0.0114972493543472
0.011480920118974334
0.011464445487013966
0.011447844578193141
0.011431116378151925
0.011414243357477993
0.011397229748088692
0.011380072915402932
0.011362773648064551
0.01134531024968324
0.011327699717987387
0.011309942642369999
0.011292038395625665
0.011273992218730553
0.011255760873964286
0.011237393137330506
0.011218887430568054
0.011200192271226933
0.011181313012739705
0.011162294380305957
0.011143122317186994
0.011123762853464326
0.011104221197772579
0.011084544936133799
0.011064721228972825
0.01104465001897634
0.01102440734732334
0.01100401481261336
0.010983435099080015
0.01096264288315238
0.010941675099829469
0.010920569791215107
0.010899247891046454
0.010877703754540623
0.01085596636417592
0.01083406194478005
0.01081191958919261
0.01078957893703316
0.010767049844062125
0.010744333031746895
0.010721391045719186
0.010698237815417873
0.01067486519396876
0.010651225156189905
0.010627400448649538
0.010603373764437362
0.01057912888640248
0.01055461370261885
0.010529895308562172
0.010504936822390199
0.010479718322258502
0.010454237651065488
0.010428556696863423
0.010402650591449862
0.010376445276721812
0.010350002615551615
0.010323310393464086
0.010296341338392502
0.010269058304364066
0.010241565167485115
0.010213840008247632
0.010185790889246694
0.010157450141043299
0.01012885290221006
0.010099966852975411
0.010070725762396399
0.010041220110223317
0.01001148179141188
0.009981438431149132
0.009950988790763806
0.009920246419916439
0.009889242163102512
0.009857906917695126
0.009826172421896736
0.009794169509908524
0.009761874063145834
0.00972919053058309
0.009696080892745979
0.00966269757562872
0.009628992605692286
0.009594888268421994
0.00956044433646276
0.009525749419011116
0.009490704699773079
0.00945521885125825
0.00941939576359493
0.009383322025463606
0.009346862187560206
0.009309948605777423
0.009272682666749332
0.009235108061951498
0.009197091070560149
0.009158622326984346
0.009119809294953098
0.00908063459223188
0.009040977060385244
0.009000862273409821
0.008960361735305261
0.00891941488961308
0.008877969292682258
0.008836078166594584
0.008793776433099776
0.00875096399998662
0.008707573384621201
0.008663721872576713
0.008619455140150167
0.008574612734989205
0.008529150941935884
0.008483197411407573
0.008436767719542496
0.008389724363490768
0.008342012401411764
0.008293741708166052
0.008244941111628153
0.00819552522484793
0.008145346740968687
0.008094546552609976
0.00804311267055795
0.00799105385208683
0.007938207341155079
0.007884639910516718
0.0078303161424247
0.007775314197443484
0.007719498906581263
0.007662877926845452
0.0076054027354180735
0.007547161623381046
0.007488021782808409
0.007427991564191167
0.007366991103754017
0.00730511181874711
0.0072422768589020525
0.007178425684282473
0.00711348988537057
0.00704753939477575
0.006980508010983787
0.006912301116042076
0.006842896510239539
0.006772308659190382
0.006700504691565261
0.006627309457215203
0.006552780945647967
0.006476919449876284
0.006399645074646276
0.006320645738322919
0.0062401324438027175
0.006158066123721265
0.0060743339556070305
0.005988619465380119
0.005901062693549648
0.00581161567984598
0.005720152694192987
0.005626350861187345
0.005530295941867079
0.005431860254814496
0.005330935198194512
0.0052271926725443564
0.0051205915109666655
0.0050109550376369995
0.00489810258060611
0.0047815990415719664
0.00466134994124659
0.0045370763076306286
0.004408664140859821
0.004275631970449508
0.004137631168000699
0.003994146250665717
0.0038445679982347155
0.0036879068226986713
0.0035232381027306046
0.003349328954364817
0.003164776649909055
0.002967438923396994
0.0027544111194314977
0.002521517686010749
0.0022627719705623182
0.00196799433560408
0.0016171826770621921
0.0011597452051402158
0.00024958052699992515
0.0
0.0
0.0
0.0
0.0
0.0
0.0
0.0
0.0
0.0
0.0
0.0
0.0
0.0
0.0
0.0
0.0
0.0
0.0
0.0
0.0
0.0
0.0
0.0
0.0
0.0
0.0
0.0
0.0
0.0
0.0
0.0
0.0
0.0
0.0
0.0
0.0
0.0
0.0
0.0
0.0
0.0
0.0
0.0
0.0
0.0
0.0
0.0
0.0
0.0
0.0
0.0
0.0
0.0
0.0
0.0
0.0
0.0
0.0
0.0
0.0
0.0
0.0
0.0
0.0
0.0
0.0
0.0
0.0
0.0
0.0
0.0
0.0
0.0
0.0
0.0
0.0
0.0
0.0
0.0
0.0
0.0
0.0
0.0
0.0
0.0
0.0
0.0
0.0
0.0
0.0
0.0
0.0
0.0
0.0
0.0
0.0
0.0
0.0
0.0
0.0
0.0
0.0
0.0
0.0
0.0
0.0
0.0
0.0
0.0
0.0
0.0
0.0
0.0
0.0
0.0
0.0
0.0
0.0
0.0
0.0
0.0
0.0
0.0
0.0
0.0
0.0
0.0
0.0
0.0
0.0
0.0
0.0
0.0
0.0
0.0
0.0
0.0
0.0
0.0
0.0
0.0
0.0
0.0
0.0
0.0
0.0
0.0
0.0
0.0
0.0
0.0
0.0
0.0
0.0
0.0
0.0
0.0
0.0
0.0
0.0
0.0
0.0
0.0
0.0
0.0
0.0
0.0
0.0
0.0
0.0
0.0
0.0
0.0
0.0
0.0
0.0
0.0
0.0
0.0
0.0
0.0
0.0
0.0
0.0
0.0
0.0
0.0
0.0
0.0
0.0
0.0
0.0
0.0
0.0
0.0
0.0
0.0
0.0
0.0
0.0
0.0
0.0
0.0
0.0
0.0
0.0
0.0
0.0
0.0
0.0
0.0
0.0
0.0
0.0
0.0
0.0
0.0
0.0
0.0
0.0
0.0
0.0
0.0
0.0
0.0
0.0
0.0
0.0
0.0
0.0
0.0
0.0
0.0
0.0
0.0
0.0
0.0
0.0
0.0
0.0
0.0
0.0
0.0
0.0
0.0
0.0
0.0
0.0
0.0
0.0
0.0
0.0
0.0
0.0
0.0
0.0
0.0
0.0
0.0
0.0
0.0
0.0
0.0
0.0
0.0
0.0
0.0
0.0
0.0
0.0
0.0
0.0
0.0
0.0
0.0
0.0
0.0
0.0
0.0
0.0
0.0
0.0
0.0
0.0
0.0
0.0
0.0
0.0
0.0
0.0
0.0
0.0
0.0
0.0
0.0
0.0
0.0
0.0
0.0
0.0
0.0
0.0
0.0
0.0
0.0
0.0
0.0
0.0
0.0
0.0
0.0
0.0
0.0
0.0
0.0
0.0
0.0
0.0
0.0
0.0
0.0
0.0
0.0
0.0
0.0
0.0
0.0
0.0
0.0
0.0
0.0
0.0
0.0
0.0
0.0
0.0
0.0
0.0
0.0
0.0
0.0
0.0
0.0
0.0
0.0
0.0
0.0
0.0
0.0
0.0
0.0
0.0
0.0
0.0
0.0
0.0
0.0
0.0
0.0
0.0
0.0
0.0
0.0
0.0
0.0
0.0
0.0
0.0
0.0
0.0
0.0
0.0
0.0
0.0
0.0
0.0
0.0
0.0
0.0
0.0
0.0
0.0
0.0
0.0
0.0
0.0
0.0
0.0
0.0
0.0
0.0
0.0
0.0
0.0
0.0
0.0
0.0
0.0
0.0
0.0
0.0
0.0
0.0
0.0
0.0
0.0
0.0
0.0
0.0
0.0
0.0
0.0
0.0
0.0
0.0
0.0
0.0
0.0
0.0
0.0
0.0
0.0
0.0
0.0
0.0
0.0
0.0
0.0
0.0
0.0
0.0
0.0
0.0
0.0
0.0
0.0
0.0
0.0
0.0
0.0
0.0
0.0
0.0
0.0
0.0
0.0
0.0
0.0
0.0
0.0
0.0
0.0
0.0
0.0
0.0
0.0
0.0
0.0
0.0
0.0
0.0
0.0
0.0
0.0
0.0
0.0
0.0
0.0
0.0
0.0
0.0
0.0
0.0
0.0
0.0
0.0
0.0
0.0
0.0
0.0
0.0
0.0
0.0
0.0
0.0
0.0
0.0
0.0
0.0
0.0
0.0
0.0
0.0
0.0
0.0
0.0
0.0
0.0
0.0
0.0
0.0
0.0
0.0
0.0
0.0
0.0
0.0
0.0
0.0
0.0
0.0
0.0
0.0
0.0
0.0
0.0
0.0
0.0
0.0
0.0
0.0
0.0
0.0
0.0
0.0
0.0
0.0
0.0
0.0
0.0
0.0
0.0
0.0
0.0
0.0
0.0
0.0
0.0
0.0
0.0
0.0
0.0
0.0
0.0
0.0
0.0
0.0
0.0
0.0
0.0
0.0
0.0
0.0
0.0
0.0
0.0
0.0
0.0
0.0
0.0
0.0
0.0
0.0
0.0
0.0
0.0
0.0
0.0
0.0
0.0
0.0
0.0
0.0
0.0
0.0
0.0
0.0
0.0
0.0
0.0
0.0
0.0
0.0
0.0
0.0
0.0
0.0
0.0
0.0
0.0
0.0
0.0
0.0
0.0
0.0
0.0
0.0
0.0
0.0
0.0
0.0
0.0
0.0
0.0
0.0
0.0
0.0
0.0
0.0
0.0
0.0
0.0
0.0
0.0
0.0
0.0
0.0
0.0
0.0
0.0
0.0
0.0
0.0
0.0
0.0
0.0
0.0
0.0
0.0
0.0
0.0
0.0
0.0
0.0
0.0
0.0
0.0
0.0
0.0
0.0
0.0
0.0
0.0
0.0
0.0
0.0
0.0
0.0
0.0
0.0
0.0
0.0
0.0
0.0
0.0
0.0
0.0
0.0
0.0
0.0
0.0
0.0
0.0
0.0
0.0
0.0
0.0
0.0
0.0
0.0
0.0
0.0
0.0
0.0
0.0
0.0
0.0
0.0
0.0
0.0
0.0
0.0
0.0
0.0
0.0
0.0
0.0
0.0
0.0
0.0
0.0
0.0
0.0
0.0
0.0
0.0
0.0
0.0
0.0
0.0
0.0
0.0
0.0
0.0
0.0
0.0
0.0
0.0
0.0
0.0
0.0
0.0
0.0
0.0
0.0
0.0
0.0
0.0
0.0
0.0
0.0
0.0
0.0
0.0
0.0
0.0
0.0
0.0
0.0
0.0
0.0
0.0
0.0
0.0
0.0
0.0
0.0
0.0
0.0
0.0
0.0
0.0
0.0
0.0
0.0
0.0
0.0
0.0
0.0
0.0
0.0
0.0
0.0
0.0
0.0
0.0
0.0
0.0
0.0
0.0
0.0
0.0
0.0
0.0
0.0
0.0
0.0
0.0
0.0
0.0
0.0
0.0
0.0
0.0
0.0
0.0
0.0
0.0
0.0
0.0
0.0
0.0
0.0
0.0
0.0
0.0
0.0
0.0
0.0
0.0
0.0
0.0
0.0
0.0
0.0
0.0
0.0
0.0
0.0
0.0
0.0
0.0
0.0
0.0
0.0
0.0
0.0
0.0
0.0
0.0
0.0
0.0
0.0
0.0
0.0
0.0
0.0
0.0
0.0
0.0
0.0
0.0
0.0
0.0
0.0
0.0
0.0
0.0
0.0
0.0
0.0
0.0
0.0
0.0
0.0
0.0
0.0
0.0
0.0
0.0
0.0
0.0
0.0
0.0
0.0
0.0
0.0
0.0
0.0
0.0
0.0
0.0
0.0
0.0
0.0
0.0
0.0
0.0
0.0
0.0
0.0
0.0
0.0
0.0
0.0
0.0
0.0
0.0
0.0
0.0
0.0
0.0
0.0
0.0
0.0
0.0
0.0
0.0
0.0
0.0
0.0
0.0
0.0
0.0
0.0
0.0
0.0
0.0
0.0
0.0
0.0
0.0
0.0
0.0
0.0
0.0
0.0
0.0
0.0
0.0
0.0
0.0
0.0
0.0
0.0
0.0
0.0
0.0
0.0
0.0
0.0
0.0
0.0
0.0
0.0
0.0
0.0
0.0
0.0
0.0
0.0
0.0
0.0
0.0
0.0
0.0
0.0
0.0
0.0
0.0
0.0
0.0
0.0
0.0
0.0
0.0
0.0
0.0
0.0
0.0
0.0
0.0
0.0
0.0
0.0
0.0
0.0
0.0
0.0
0.0
0.0
0.0
0.0
0.0
0.0
0.0
0.0
0.0
0.0
0.0
0.0
0.0
0.0
0.0
0.0
0.0
0.0
0.0
0.0
0.0
0.0
0.0
0.0
0.0
0.0
0.0
0.0
0.0
0.0
0.0
0.0
0.0
0.0
0.0
0.0
0.0
0.0
0.0
0.0
0.0
0.0
0.0
0.0
0.0
0.0
0.0
0.0
0.0
0.0
0.0
0.0
0.0
0.0
0.0
0.0
0.0
0.0
0.0
0.0
0.0
0.0
0.0
0.0
0.0
0.0
0.0
0.0
0.0
0.0
0.0
0.0
0.0
0.0
0.0
0.0
0.0
0.0
0.0
0.0
0.0
0.0
0.0
0.0
0.0
0.0
0.0
0.0
0.0
0.0
0.0
0.0
0.0
0.0
0.0
0.0
0.0
0.0
0.0
0.0
0.0
0.0
0.0
0.0
0.0
0.0
0.0
0.0
0.0
0.0
0.0
0.0
0.0
0.0
0.0
0.0
0.0
0.0
0.0
0.0
0.0
0.0
0.0
0.0
0.0
0.0
0.0
0.0
0.0
0.0
0.0
0.0
0.0
0.0
0.0
0.0
0.0
0.0
0.0
0.0
0.0
0.0
0.0
0.0
0.0
0.0
0.0
0.0
0.0
0.0
0.0
0.0
0.0
0.0
0.0
0.0
0.0
0.0
0.0
0.0
0.0
0.0
0.0
0.0
0.0
0.0
0.0
0.0
0.0
0.0
0.0
0.0
0.0
0.0
0.0
0.0
0.0
0.0
0.0
0.0
0.0
0.0
0.0
0.0
0.0
0.0
0.0
0.0
0.0
0.0
0.0
0.0
0.0
0.0
0.0
0.0
0.0
0.0
0.0
0.0
0.0
0.0
0.0
0.0
0.0
0.0
0.0
0.0
0.0
0.0
0.0
0.0
0.0
0.0
0.0
0.0
0.0
0.0
0.0
0.0
0.0
0.0
0.0
0.0
0.0
0.0
0.0
0.0
0.0
0.0
0.0
0.0
0.0
0.0
0.0
0.0
0.0
0.0
0.0
0.0
0.0
0.0
0.0
0.0
0.0
0.0
0.0
0.0
0.0
0.0
0.0
0.0
0.0
0.0
0.0
0.0
0.0
0.0
0.0
0.0
0.0
0.0
0.0
0.0
0.0
0.0
0.0
0.0
0.0
0.0
0.0
0.0
0.0
0.0
0.0
0.0
0.0
0.0
0.0
0.0
0.0
0.0
0.0
0.0
0.0
0.0
0.0
0.0
0.0
0.0
0.0
0.0
0.0
0.0
0.0
0.0
0.0
0.0
0.0
0.0
0.0
0.0
0.0
0.0
0.0
0.0
0.0
0.0
0.0
0.0
0.0
0.0
0.0
0.0
0.0
0.0
0.0
0.0
0.0
0.0
0.0
0.0
0.0
0.0
0.0
0.0
0.0
0.0
0.0
0.0
0.0
0.0
0.0
0.0
0.0
0.0
0.0
0.0
0.0
0.0
0.0
0.0
0.0
0.0
0.0
0.0
0.0
0.0
0.0
0.0
0.0
0.0
0.0
0.0
0.0
0.0
0.0
0.0
0.0
0.0
0.0
0.0
0.0
0.0
0.0
0.0
0.0
0.0
0.0
0.0
0.0
0.0
0.0
0.0
0.0
0.0
0.0
0.0
0.0
0.0
0.0
0.0
0.0
0.0
0.0
0.0
0.0
0.0
0.0
0.0
0.0
0.0
0.0
0.0
0.0
0.0
0.0
0.0
0.0
0.0
0.0
0.0
0.0
0.0
0.0
0.0
0.0
0.0
0.0
0.0
0.0
0.0
0.0
0.0
0.0
0.0
0.0
0.0
0.0
0.0
0.0
0.0
0.0
0.0
0.0
0.0
0.0
0.0
0.0
0.0
0.0
0.0
0.0
0.0
0.0
0.0
0.0
0.0
0.0
0.0
0.0
0.0
0.0
0.0
0.0
0.0
0.0
0.0
0.0
0.0
0.0
0.0
0.0
0.0
0.0
0.0
0.0
0.0
0.0
0.0
0.0
0.0
0.0
0.0
0.0
0.0
0.0
0.0
0.0
0.0
0.0
0.0
0.0
0.0
0.0
0.0
0.0
0.0
0.0
0.0
0.0
0.0
0.0
0.0
0.0
0.0
0.0
0.0
0.0
0.0
0.0
0.0
0.0
0.0
0.0
0.0
0.0
0.0
0.0
0.0
0.0
0.0
0.0
0.0
0.0
0.0
0.0
0.0
0.0
0.0
0.0
0.0
0.0
0.0
0.0
0.0
0.0
0.0
0.0
0.0
0.0
0.0
0.0
0.0
0.0
0.0
0.0
0.0
0.0
0.0
0.0
0.0
0.0
0.0
0.0
0.0
0.0
0.0
0.0
0.0
0.0
0.0
0.0
0.0
0.0
0.0
0.0
0.0
0.0
0.0
0.0
0.0
0.0
0.0
0.0
0.0
0.0
0.0
0.0
0.0
0.0
0.0
0.0
0.0
0.0
0.0
0.0
0.0
0.0
0.0
0.0
0.0
0.0
0.0
0.0
0.0
0.0
0.0
0.0
0.0
0.0
0.0
0.0
0.0
0.0
0.0
0.0
0.0
0.0
0.0
0.0
0.0
0.0
0.0
0.0
0.0
0.0
0.0
0.0
0.0
0.0
0.0
0.0
0.0
0.0
0.0
0.0
0.0
0.0
0.0
0.0
0.0
0.0
0.0
0.0
0.0
0.0
0.0
0.0
0.0
0.0
0.0
0.0
0.0
0.0
0.0
0.0
0.0
0.0
0.0
0.0
0.0
0.0
0.0
0.0
0.0
0.0
0.0
0.0
0.0
0.0
0.0
0.0
0.0
0.0
0.0
0.0
0.0
0.0
0.0
0.0
0.0
0.0
0.0
0.0
0.0
0.0
0.0
0.0
0.0
0.0
0.0
0.0
0.0
0.0
0.0
0.0
0.0
0.0
0.0
0.0
0.0
0.0
0.0
0.0
0.0
0.0
0.0
0.0
0.0
0.0
0.0
0.0
0.0
0.0
0.0
0.0
0.0
0.0
0.0
0.0
0.0
0.0
0.0
0.0
0.0
0.0
0.0
0.0
0.0
0.0
0.0
0.0
0.0
0.0
0.0
0.0
0.0
0.0
0.0
0.0
0.0
0.0
0.0
0.0
0.0
0.0
0.0
0.0
0.0
0.0
0.0
0.0
0.0
0.0
0.0
0.0
0.0
0.0
0.0
0.0
0.0
0.0
0.0
0.0
0.0
0.0
0.0
0.0
0.0
0.0
0.0
0.0
0.0
0.0
0.0
0.0
0.0
0.0
0.0
0.0
0.0
0.0
0.0
0.0
0.0
0.0
0.0
0.0
0.0
0.0
0.0
0.0
0.0
0.0
0.0
0.0
0.0
0.0
0.0
0.0
0.0
0.0
0.0
0.0
0.0
0.0
0.0
0.0
0.0
0.0
0.0
0.0
0.0
0.0
0.0
0.0
0.0
0.0
0.0
0.0
0.0
0.0
0.0
0.0
0.0
0.0
0.0
0.0
0.0
0.0
0.0
0.0
0.0
0.0
0.0
0.0
0.0
0.0
0.0
0.0
0.0
0.0
0.0
0.0
0.0
0.0
0.0
0.0
0.0
0.0
0.0
0.0
0.0
0.0
0.0
0.0
0.0
0.0
0.0
0.0
0.0
0.0
0.0
0.0
0.0
0.0
0.0
0.0
0.0
0.0
0.0
0.0
0.0
0.0
0.0
0.0
0.0
0.0
0.0
0.0
0.0
0.0
0.0
0.0
0.0
0.0
0.0
0.0
0.0
0.0
0.0
0.0
0.0
0.0
0.0
0.0
0.0
0.0
0.0
0.0
0.0
0.0
0.0
0.0
0.0
0.0
0.0
0.0
0.0
0.0
0.0
0.0
0.0
0.0
0.0
0.0
0.0
0.0
0.0
0.0
0.0
0.0
0.0
0.0
0.0
0.0
0.0
0.0
0.0
0.0
0.0
0.0
0.0
0.0
0.0
0.0
0.0
0.0
0.0
0.0
0.0
0.0
0.0
0.0
0.0
0.0
0.0
0.0
0.0
0.0
0.0
0.0
0.0
0.0
0.0
0.0
0.0
0.0
0.0
0.0
0.0
0.0
0.0
0.0
0.0
0.0
0.0
0.0
0.0
0.0
0.0
0.0
0.0
0.0
0.0
0.0
0.0
0.0
0.0
0.0
0.0
0.0
0.0
0.0
0.0
0.0
0.0
0.0
0.0
0.0
0.0
0.0
0.0
0.0
0.0
0.0
0.0
0.0
0.0
0.0
0.0
0.0
0.0
0.0
0.0
0.0
0.0
0.0
0.0
0.0
0.0
0.0
