0.05138365191142705
0.05138374724837301
0.051383830936060644
0.051383906899861755
0.051383976945078756
0.0513840422433237
0.05138410350929785
0.05138416089031766
0.05138421572067889
0.05138426805791619
0.05138431839356958
0.05138436705466362
0.05138441411326788
0.051384459805841456
0.0513845039925091
0.05138454712248574
0.0513845893213692
0.0513846306552833
0.0513846710852202
0.05138471060096597
0.05138474945862491
0.05138478750901874
0.05138482494883535
0.05138486179862524
0.05138489807320622
0.05138493382273529
0.05138496910237689
0.051385003932963295
0.05138503821793098
0.05138507194676589
0.05138510527628596
0.051385138238266626
0.05138517085880185
0.05138520315487514
0.05138523513209657
0.05138526678618639
0.051385298017184215
0.05138532887893071
0.05138535939940365
0.05138538964688964
0.05138541965396904
0.05138544942538589
0.05138547896407868
0.05138550827025217
0.05138553727458351
0.051385566036614025
0.051385594568980536
0.05138562289670043
0.051385650996612645
0.051385678854840355
0.05138570650826333
0.05138573397652297
0.05138576121348246
0.05138578826573092
0.05138581514228245
0.05138584184458538
0.051385868375994195
0.05138589474032239
0.05138592093335774
0.0513859469345903
0.051385972745184756
0.05138599835571697
0.05138602379321111
0.05138604907882935
0.051386074221091115
0.051386099223130734
0.05138612408485901
0.05138614880158414
0.05138617337656378
0.05138619777132967
0.05138622201991627
0.05138624614197243
0.051386270142004045
0.05138629401907812
0.05138631776547497
0.05138634137023145
0.051386364831706347
0.05138638814676719
0.05138641130552653
0.051386434348414556
0.05138645726767262
0.05138648006994302
0.05138650276580769
0.05138652535987198
0.05138654785052528
0.05138657023803448
0.05138659251407762
0.051386614669889495
0.05138663671509524
0.051386658639412844
0.051386680450105755
0.0513867021520862
0.051386723743430826
0.051386745223181846
0.051386766597952015
0.051386787867416614
0.051386809026575594
0.051386830092561626
0.05138685107272828
0.05138687196083076
0.051386892757120654
0.05138691346243706
0.051386934071075446
0.051386954571867094
0.051386974957329655
0.0513869952441246
0.05138701543259072
0.05138703554060002
0.051387055563196386
0.05138707549846316
0.051387095344310685
0.05138711509827006
0.05138713475894505
0.051387154327557805
0.051387173809010686
0.051387193190401616
0.051387212470635275
0.051387231662550395
0.05138725076483693
0.051387269783661954
0.051387288723238965
0.05138730758342726
0.05138732636300584
0.05138734506264389
0.05138736368370553
0.05138738222253392
0.05138740067770087
0.0513874190520204
0.051387437331404155
0.05138745552768799
0.05138747364459211
0.05138749168002744
0.05138750963201673
0.05138752749928479
0.05138754528264008
0.05138756298469993
0.051387580601112565
0.05138759813625408
0.05138761559433631
0.05138763297721134
0.05138765028185294
0.0513876675074389
0.05138768465768842
0.05138770173543996
0.051387718738911514
0.051387735666113314
0.05138775251294749
0.05138776927474199
0.05138778595633513
0.05138780255849264
0.05138781908304385
0.05138783553343623
0.051387851910901367
0.0513878682106731
0.05138788442602422
0.05138790055831535
0.05138791661786024
0.05138793260140139
0.05138794850050181
0.05138796432365546
0.05138798007071649
0.05138799573962386
0.051388011338844734
0.051388026864990125
0.05138804231016612
0.05138805767732675
0.05138807297177283
0.05138808819029971
0.05138810333686023
0.05138811840692798
0.05138813339423334
0.05138814830618543
0.05138816314002432
0.051388177904959205
0.05138819259404931
0.05138820720854097
0.05138822174984597
0.05138823621457762
0.05138825060121656
0.05138826491240113
0.05138827914708848
0.05138829330432593
0.051388307373107685
0.05138832136076757
0.05138833526401924
0.051388349095877736
0.051388362852564075
0.05138837653361898
0.05138839013865327
0.05138840366840374
0.051388417123506204
0.051388430502402
0.05138844380480865
0.05138845703400883
0.05138847018279888
0.05138848325919192
0.05138849624601353
0.05138850916193801
0.05138852199255973
0.05138853474137397
0.05138854741531932
0.0513885600120449
0.051388572530202514
0.05138858496946197
0.05138859732752636
0.05138860960590018
0.05138862180902071
0.05138863392968148
0.05138864596758592
0.051388657930298995
0.05138866980971614
0.051388681609420436
0.05138869332668509
0.051388704956972446
0.051388716510118476
0.051388727983399045
0.05138873937279843
0.0513887506807965
0.05138876190891946
0.05138877305575001
0.0513887841197129
0.05138879510023369
0.05138880600330125
0.05138881681944712
0.05138882754846829
0.051388838198508494
0.05138884876500204
0.05138885924604362
0.05138886964420388
0.05138887995841021
0.05138889018449336
0.05138890032610291
0.051388910385801574
0.05138892035810383
0.051388930242872326
0.051388940040820515
0.0513889497519674
0.051388959377945784
0.05138896891562417
0.051388978364312374
0.051388987723668796
0.05138899699435957
0.05138900618345304
0.051389015281797845
0.051389024286359546
0.051389033200188276
0.05138904202481432
0.05138905075931385
0.05138905940275768
0.05138906795670276
0.05138907642352429
0.05138908479784505
0.05138909308324585
0.05138910127706451
0.05138910937465631
0.051389117379095
0.05138912529112952
0.051389133110294624
0.05138914084056
0.05138914847679075
0.05138915601667732
0.051389163459906656
0.05138917080838013
0.05138917806262923
0.051389185220864685
0.05138919228205941
0.05138919924513996
0.0513892061122894
0.05138921288234642
0.05138921955190262
0.051389226120123074
0.05138923258871019
0.05138923896288607
0.05138924523617378
0.051389251407177886
0.05138925747662134
0.05138926344582566
0.051389269313665505
0.05138927507957525
0.05138928074371627
0.051389286307688034
0.05138929177052094
0.0513892971280387
0.051389302380102767
0.05138930752802959
0.051389312574571175
0.0513893175151656
0.05138932234807292
0.051389327074156645
0.05138933169349297
0.05138933620549145
0.05138934061199818
0.05138934490992513
0.05138934909832664
0.05138935317729577
0.05138935714646149
0.05138936100516918
0.051389364753045785
0.05138936838987491
0.05138937191532749
0.05138937532886222
0.05138937862995662
0.051389381818296956
0.05138938489289033
0.05138938785256058
0.051389390696749936
0.05138939342537869
0.05138939603887582
0.05138939853624933
0.05138940087670379
0.05138940293057522
0.051389404864861724
0.051389406679722346
0.05138940837491005
0.051389409949655816
0.051389411403329255
0.051389412735473615
0.05138941394559702
0.05138941503313827
0.05138941599731079
0.051389416837423166
0.051389417553265766
0.05138941814437286
0.051389418609787574
0.05138941894884653
0.05138941916099088
0.05138941924568815
0.05138941920232619
0.051389419030317636
0.05138941872920617
0.05138941829846827
0.05138941773744828
0.05138941704537467
0.05138941622134727
0.05138941526445446
0.051389414174052545
0.05138941294969065
0.05138941159090834
0.05138941009710852
0.05138940846742763
0.05138940670079173
0.05138940479626248
0.05138940275344955
0.05138940057227125
0.051389398252218686
0.05138939579266902
0.0513893931922868
0.05138939044911331
0.05138938756362088
0.05138938453661396
0.05138938136671637
0.051389378052706616
0.05138937459478382
0.051389370992281046
0.051389367243954306
0.05138936334875647
0.051389359306147464
0.05138935511596035
0.05138935077805944
0.05138934629101779
0.05138934165246013
0.05138933686098676
0.05138933191630765
0.05138932681843856
0.05138932156727096
0.05138931616192421
0.05138931060088291
0.051389304882875575
0.05138929900737254
0.05138929297412283
0.0513892867834788
0.05138928043507432
0.05138927392734829
0.05138926725793081
0.051389260427260185
0.051389253434001435
0.05138924627721361
0.051389238958781794
0.051389231473877466
0.05138922382345084
0.05138921600670212
0.05138920802243138
0.05138919987002135
0.05138919154813462
0.05138918305524508
0.051389174391468805
0.05138916555702219
0.0513891565509059
0.05138914737218516
0.05138913802058118
0.05138912849515974
0.051389118792416914
0.05138910890909826
0.05138909884705979
0.051389088606497844
0.05138907818762352
0.05138906758973205
0.051389056810585546
0.05138904584731218
0.05138903469862096
0.05138902336523595
0.051389011853794304
0.05138900015439141
0.051388988269501085
0.051388976196304906
0.05138896393393498
0.051388951481732205
0.05138893883711795
0.051388925997468596
0.051388912965088546
0.05138889974202718
0.05138888632742383
0.05138887271438305
0.05138885890277832
0.051388844894452224
0.05138883068743852
0.05138881627954858
0.051388801670059624
0.05138878685955826
0.051388771849777255
0.05138875663809597
0.05138874121632883
0.05138872558619622
0.0513887097474429
0.05138869370149511
0.05138867744553456
0.05138866097723802
0.05138864429793594
0.05138862741490475
0.051388610307024886
0.05138859298534597
0.05138857544985058
0.05138855770020591
0.05138853973892326
0.051388521552033314
0.0513885031489745
0.05138848453000889
0.05138846567824854
0.05138844660013418
0.05138842729671938
0.05138840776682039
0.051388388010556035
0.05138836803055461
0.05138834782883468
0.05138832738917929
0.05138830671053467
0.05138828580021966
0.0513882646584093
0.05138824328470719
0.05138822168097748
0.05138819984598146
0.051388177768229966
0.05138815544051746
0.051388132867336456
0.051388110047487695
0.05138808698328075
0.05138806367920296
0.051388040132765024
0.05138801632324915
0.05138799226870242
0.051387967969246495
0.051387943424996044
0.05138791863228118
0.05138789358711362
0.05138786826996389
0.051387842682214795
0.051387816839976994
0.051387790742936035
0.05138776439186654
0.05138773780119455
0.05138771092604215
0.05138768377854683
0.05138765637256278
0.051387628707853836
0.05138760076863436
0.05138757256953855
0.05138754409571738
0.05138751534147856
0.05138748630271498
0.05138745698327824
0.05138742738995368
0.051387397532454665
0.05138736739274416
0.05138733696819938
0.051387306262969584
0.051387275269152426
0.051387243987280326
0.05138721241972914
0.0513871805568336
0.05138714839745684
0.05138711595864035
0.05138708324101561
0.0513870502355988
0.05138701692591674
0.05138698329174005
0.05138694935915639
0.05138691513122565
0.05138688061234125
0.051386845799432486
0.051386810658794614
0.05138677519415131
0.05138673942367877
0.05138670333732256
0.05138666695377999
0.05138663026794938
0.051386593246311583
0.05138655590079754
0.05138651825655913
0.05138648031775872
0.05138644205768877
0.051386403432568624
0.05138636448660723
0.05138632520583635
0.051386285613116256
0.0513862457081474
0.05138620545552261
0.05138616488125985
0.05138612396508572
0.05138608269781539
0.05138604110138583
0.051385999151475514
0.05138595686282966
0.05138591426228861
0.051385871312873296
0.05138582800251086
0.051385784322530326
0.0513857402857925
0.05138569590933483
0.0513856511576987
0.0513856060134062
0.051385560482054074
0.05138551457106715
0.05138546830244824
0.05138542170432341
0.05138537474043134
0.051385327362546834
0.05138527961316626
0.05138523150624365
0.05138518304816362
0.051385134230067624
0.05138508501964422
0.05138503542929739
0.05138498545023945
0.05138493508289671
0.05138488430747116
0.05138483312483473
0.05138478156018352
0.05138472961724381
0.05138467732569768
0.05138462461827001
0.051384571525367975
0.05138451801208906
0.051384464087621914
0.05138440977007168
0.05138435503443887
0.05138429993604039
0.051384244460945236
0.05138418854551169
0.05138413214816675
0.05138407535348071
0.05138401816091181
0.051383960633572034
0.051383902585962524
0.05138384409469336
0.0513837851591963
0.051383725841969465
0.05138366616823234
0.05138360598140814
0.05138354531953929
0.05138348424624983
0.05138342280737034
0.051383360876190484
0.051383298490576025
0.051383235650930684
0.051383172382170564
0.051383108684020545
0.051383044495737946
0.05138297984176647
0.05138291475536916
0.05138284922904104
0.051382783225041556
0.05138271673799845
0.05138264978253432
0.05138258238328321
0.05138251448105632
0.051382446086195986
0.05138237722562425
0.051382307935132675
0.051382238160700665
0.05138216787861812
0.05138209708412573
0.051382025791907204
0.05138195399165136
0.05138188170185995
0.051381808983126755
0.051381735815749056
0.05138166209124563
0.051381587774329725
0.05138151297778138
0.051381437737704004
0.05138136198216341
0.051381285629858595
0.05138120875440689
0.05138113142392498
0.05138105362598823
0.05138097526000495
0.05138089630970244
0.05138081684379036
0.05138073688800064
0.05138065636774725
0.051380575260767836
0.051380493655325245
0.05138041156003436
0.05138032890647387
0.05138024568220864
0.05138016191966597
0.05138007759736164
0.05137999269660165
0.051379907213715915
0.051379821147483955
0.051379734605048556
0.05137964742071069
0.051379559697694435
0.051379471384636
0.051379382584757986
0.05137929314231569
0.051379203128385016
0.05137911246890246
0.051379021321211645
0.05137892946618745
0.05137883700159707
0.05137874399870993
0.051378650470685475
0.05137855650459512
0.05137846207292694
0.05137836705441891
0.051378271432311724
0.05137817514051845
0.051378078376209085
0.05137798090751759
0.05137788271034784
0.0513777838449586
0.05137768447527838
0.05137758468954999
0.051377484078075436
0.05137738268507631
0.05137728069185491
0.05137717830135221
0.05137707508945126
0.051376971180289506
0.051376866621477064
0.051376761537073594
0.05137665564904858
0.05137654908684889
0.05137644193234528
0.05137633422575574
0.0513762257165223
0.05137611647154832
0.05137600658262913
0.0513758960541098
0.05137578479746739
0.0513756728492275
0.051375560301557606
0.051375446991840386
0.05137533292761131
0.05137521815599242
0.05137510274294501
0.05137498659851551
0.05137486972012226
0.05137475215469855
0.05137463387693316
0.0513745148280939
0.05137439503178405
0.05137427459327031
0.05137415336255384
0.05137403139118203
0.05137390869974008
0.051373785273726665
0.05137366102417111
0.051373536011178944
0.051373410307604186
0.05137328385987218
0.05137315663813988
0.05137302864592469
0.0513728998983563
0.05137277027733171
0.05137263988926928
0.0513725088042088
0.05137237692067299
0.05137224418839284
0.05137211072172873
0.051371976564505255
0.051371841397603916
0.051371705306659264
0.05137156861481732
0.051371431288484086
0.05137129297312513
0.05137115364983272
0.05137101366401932
0.05137087297537509
0.0513707313136546
0.05137058869304916
0.05137044536794777
0.05137030127570585
0.051370156244768345
0.051370010334362566
0.051369863551735895
0.05136971587351128
0.05136956737278004
0.05136941815225027
0.05136926803878914
0.051369116839741234
0.05136896475957521
0.051368811921760044
0.05136865822201689
0.051368503572363465
0.0513683480212434
0.05136819156911694
0.05136803416927482
0.0513678759475637
0.05136771679889701
0.051367556636991635
0.05136739553904617
0.051367233571752435
0.05136707076054215
0.051366906872205235
0.05136674207318407
0.05136657630269745
0.05136640959998779
0.05136624196166914
0.05136607345923549
0.05136590391035652
0.05136573330159699
0.051365561809411625
0.05136538936678595
0.05136521584976751
0.05136504140448997
0.05136486595343494
0.05136468943975679
0.05136451195336485
0.05136433361534839
0.051364154222606706
0.05136397361465227
0.05136379214710394
0.05136360968517304
0.05136342604989724
0.05136324146288667
0.05136305596962934
0.05136286925535997
0.051362681323159444
0.05136249270167588
0.051362303127266
0.05136211194081269
0.05136191980752833
0.05136172692949407
0.051361532976590005
0.05136133754036768
0.0513611412857657
0.051360944159054144
0.05136074551024938
0.05136054573698793
0.05136034518930838
0.05136014362222117
0.051359940469374844
0.0513597362703295
0.05135953124418735
0.05135932503972576
0.05135911756216482
0.05135890896326724
0.051358699134104936
0.0513584882484135
0.0513582762720938
0.05135806303560758
0.051357848554379144
0.051357632961059926
0.05135741628853144
0.0513571982848612
0.05135697912887617
0.05135675895726228
0.0513565373269294
0.05135631446620868
0.0513560904675122
0.05135586535128665
0.051355639055380854
0.05135541142866111
0.05135518249083467
0.0513549522491434
0.051354721010487624
0.05135448859111235
0.051354254516347946
0.05135401929993221
0.051353782930895674
0.05135354531771796
0.05135330638170166
0.051353066067651075
0.05135282452736193
0.051352581607385525
0.051352337564347615
0.05135209214213372
0.05135184523086928
0.051351597272506745
0.05135134792061881
0.0513510969684185
0.051350844854704286
0.05135059153155341
0.05135033792711268
0.051350084431759334
0.051349829741741376
0.05134957355682803
0.051349315940796426
0.051349057170528324
0.05134879698942943
0.05134853509045607
0.0513482722237126
0.051348008090381425
0.051347741901378065
0.05134747451904353
0.05134720614097458
0.05134693606197105
0.05134666440536686
0.05134639159778844
0.05134611730615421
0.05134584120215386
0.05134556410435655
0.05134528569968816
0.051345005063382916
0.05134472333588416
0.05134444069665448
0.05134415589495586
0.05134386939940847
0.05134358187632266
0.05134329300161884
0.05134300215498134
0.05134270994588199
0.051342416566952695
0.05134212117951961
0.05134182428359061
0.05134152612545482
0.051341226228744555
0.05134092480417826
0.05134062198813259
0.051340317487961334
0.051340011397598175
0.05133970369783607
0.05133939428837225
0.0513390833109756
0.051338770903123
0.05133845673827771
0.05133814091435989
0.05133782367127244
0.051337504743111446
0.05133718392585195
0.051336861635689526
0.051336537996719216
0.05133621234041859
0.05133588489064584
0.051335556046541
0.051335225340910826
0.05133489308814649
0.051334559099192614
0.05133422315998094
0.051333885811960266
0.051333546674547925
0.05133320568174127
0.051332863024660204
0.05133251869374262
0.0513321725973502
0.051331824629201835
0.051331475031592765
0.05133112362093367
0.05133077025248375
0.05133041538595805
0.05133005872058133
0.05132969993487636
0.0513293395600715
0.05132897736592997
0.05132861321513375
0.05132824754295714
0.05132787976553971
0.05132750992928835
0.051327138599142376
0.051326765301516995
0.0513263898582181
0.05132601283448761
0.051325634094282355
0.05132525304144066
0.05132487014536962
0.05132448566387832
0.051324098975157176
0.0513237103661465
0.05132332008783312
0.051322927548907916
0.051322532949708934
0.05132213678076696
0.0513217384128361
0.051321337760365994
0.05132093581079427
0.051320531680881375
0.05132012489298875
0.051319716984625875
0.05131930698156797
0.051318893985475934
0.051318477520518095
0.05131805871834936
0.051317637107869796
0.05131721369105741
0.05131678876924802
0.05131636126410652
0.05131593137973099
0.051315499987890464
0.051315066308697935
0.051314630454051706
0.05131419307748861
0.051313753500697425
0.05131331122897506
0.051312867457523455
0.051312421530377975
0.051311972615915954
0.05131152196471355
0.051311069435848684
0.05131061417082872
0.051310156789286084
0.05130969750861913
0.051309235864136125
0.05130877188977741
0.051308305677141765
0.05130783723659336
0.05130736583118393
0.051306890660666765
0.051306412989669356
0.051305933400708485
0.05130545133224693
0.05130496650641452
0.05130447975712291
0.05130399068759415
0.051303498938292065
0.051303005076191205
0.05130250977914706
0.0513020102112017
0.05130150845052774
0.05130100426521661
0.051300497341512916
0.05129998793301697
0.051299476422652444
0.05129896247894447
0.051298445725301324
0.051297926853702484
0.05129740569086086
0.0512968814209921
0.051296354829325666
0.05129582579226429
0.051295294161075734
0.05129476010507803
0.05129422335282433
0.05129368430700899
0.05129314275647636
0.0512925981896162
0.051292052039309845
0.051291504420815225
0.05129095356555387
0.05129040035255473
0.05128984510937107
0.05128928648323779
0.051288725205938156
0.05128816180721632
0.05128759515244467
0.05128702607668201
0.05128645457724603
0.05128587984502361
0.05128530258890781
0.051284723090328964
0.051284140132233175
0.051283554599897724
0.05128296710377949
0.05128237586401258
0.05128178190731864
0.051281185966212464
0.05128058624171799
0.05127998375717285
0.051279379532192915
0.05127877155491993
0.05127816069668243
0.05127754812625259
0.051276931529251585
0.051276311824490904
0.051275690492896174
0.051275065085453216
0.051274436565293034
0.05127380639537293
0.05127317268244253
0.05127253534609526
0.05127189602051542
0.051271253816896116
0.05127060763646231
0.051269958597679084
0.051269304659627646
0.05126864659312394
0.05126798650197714
0.05126732387100351
0.05126665641597727
0.051265987244398945
0.051265315700036965
0.051264638466708194
0.0512639595896992
0.05126327904870326
0.05126259211755651
0.05126190283382808
0.051261212395164624
0.051260516280159936
0.051259817110546696
0.05125911696358833
0.05125841170232355
0.05125770281797679
0.0512569926267616
0.051256277791653614
0.051255559081898
0.05125483892553335
0.051254114258932
0.05125338567409955
0.051252655208337154
0.05125192076768435
0.051251182323329696
0.05125044171166898
0.05124969751563928
0.05124894892942994
0.05124819778682969
0.05124744339765399
0.05124668477397229
0.05124592341511968
0.051245158675144384
0.0512443898032093
0.051243617942000975
0.05124284240735327
0.05124206311493643
0.05124128095551993
0.05124049463413296
0.05123970475260895
0.051238912002007794
0.05123811580618891
0.051237317262173745
0.051236515599943265
0.0512357089721834
0.05123489974394881
0.051234087369589114
0.05123326970783133
0.051232449396646035
0.051231625918435386
0.051230797122016926
0.05122996545734385
0.051229130886969745
0.051228291407963394
0.05122744855484451
0.05122660240216809
0.051225751662408524
0.05122489756400876
0.0512240399211685
0.05122317780443653
0.05122231241277065
0.05122144329169116
0.05122056958408312
0.05121969248583584
0.05121881142899315
0.05121792573120695
0.05121703685529935
0.05121614406323327
0.05121524682520115
0.05121434638634687
0.051213441627909494
0.051212532330189214
0.05121161972605114
0.05121070267671858
0.05120978090277955
0.051208856222453684
0.05120792727924597
0.051206993259694154
0.05120605635694132
0.05120511529070952
0.05120416879808538
0.051203219365326555
0.051202265913055336
0.05120130688417305
0.05120034469854498
0.051199385754147474
0.051198421829891726
0.05119745485470952
0.05119648362374961
0.05119550719755777
0.05119452766325624
0.05119354353014402
0.05119255424384635
0.05119156171634861
0.05119056428833029
0.051189561984405364
0.05118855666786065
0.05118754618379068
0.05118653078970237
0.05118551234137425
0.05118448853308937
0.051183460007205195
0.05118242832823327
0.05118139071025417
0.05118034831007176
0.05117930316112984
0.05117825215336726
0.05117719612472559
0.05117613727382835
0.05117507278236445
0.0511740032412619
0.05117293074343767
0.05117185244785891
0.05117076889377031
0.05116968223442107
0.051168589798596675
0.05116749231673407
0.05116639190120672
0.05116528548501896
0.0511641739727394
0.05116305931773891
0.05116193448106176
0.05116080216698093
0.05115966690111928
0.05115852528089204
0.051157378451496524
0.05115622856350767
0.05115507211990008
0.051153910334997825
0.051152745828105535
0.05115157476491565
0.05115039803544552
0.0511492195616204
0.05114803428223562
0.051146843455786906
0.05114565029885096
0.0511444498068617
0.05114324342031285
0.05114203051592239
0.05114080990577785
0.05113957838357028
0.05113834391288901
0.05113710590036818
0.05113586133376494
0.05113461486420113
0.0511333643158919
0.05113210731568587
0.05113084795644157
0.0511295817300633
0.05112830922807512
0.05112703412594791
0.051125751947470974
0.051124463318095274
0.051123171132577555
0.05112187237369276
0.05112056756882339
0.05111925870594997
0.051117943807206974
0.05111662296116224
0.051115297514402185
0.05111396627875291
0.051112628809338916
0.051111286546889456
0.05110993900892333
0.05110858428278825
0.05110722429600819
0.05110585913820185
0.051104487142333704
0.05110310895315357
0.05110172565805024
0.051100337055998354
0.05109894178187427
0.05109754041851948
0.05109612969979392
0.05109471147566864
0.05109328770327155
0.05109186002606356
0.051090424502417464
0.05108898276644124
0.05108753730955887
0.05108608373415646
0.05108462383247649
0.05108316058722365
0.05108168921204833
0.05108021141024616
0.05107872976839467
0.05107724002145252
0.051075744221359624
0.051074243321180504
0.05107273542485433
0.05107122130069273
0.0510697013178079
0.051068175761105394
0.05106664353715224
0.05106510472608122
0.05106356325006542
0.05106201500490904
0.05106045978258769
0.05105889941083555
0.05105733261579506
0.051055758380336796
0.05105417843130835
0.05105259336746757
0.05105100035620676
0.05104940024180167
0.05104779553137227
0.05104618321494362
0.05104456334348778
0.05104293910876795
0.05104130766467242
0.05103966753348104
0.05103802273995487
0.051036371096903586
0.051034710820626356
0.05103304666193247
0.051031375419651054
0.05102969617583005
0.0510280248866826
0.05102634615191445
0.051024658488399675
0.05102296684428973
0.05102126768701613
0.051019560180010026
0.05101784891586752
0.05101612945989184
0.05101440143220386
0.051012669362327366
0.05101092876277058
0.051009179594175724
0.05100742636326146
0.05100566520749664
0.051003895619972886
0.051002120984617115
0.051000338112864946
0.05099854722394088
0.05099675131346456
0.05099494683312197
0.05099313464086534
0.05099130855503917
0.050989472512249535
0.05098762909225806
0.05098578070835087
0.050983922468546314
0.050982057079272884
0.050980186242115415
0.050978304231717855
0.05097641631334939
0.05097452418498038
0.050972620266830915
0.05097071042681839
0.05096879726027969
0.05096687334350082
0.05096494480465378
0.05096299113387045
0.05096103205900402
0.05095907237619737
0.0509571080760202
0.05095513084237306
0.05095314785158402
0.05095116036724144
0.05094916006250962
0.05094715347037013
0.050945142479470074
0.05094311904348052
0.05094108728477933
0.05093905053704701
0.050937001617401896
0.05093494590447851
0.05093288478374118
0.0509308120918398
0.05092873299340681
0.05092664777437601
0.050924550394665334
0.0509224465112032
0.05092033659583212
0.05091821431745517
0.050916085998257234
0.050913948025988864
0.05091179315190823
0.05090963291954328
0.05090746636905009
0.050905285444503075
0.050903099562699776
0.05090090800038533
0.0508987022366997
0.050896491232202606
0.05089427401989305
0.05089204256166158
0.050889805417780785
0.05088756232130262
0.0508853051296269
0.05088304235404675
0.050880777997941905
0.050878499795681084
0.050876214447954135
0.05087392427447136
0.05087162037618995
0.05086930891580843
0.05086699232549487
0.050864661144672946
0.05086232204272783
0.05085997895157968
0.05085762204949623
0.050855256281659156
0.05085290130936772
0.050850535856625835
0.05084816204406724
0.05084578165095151
0.050843389733974495
0.05084098919988797
0.05083858086508544
0.05083616114359327
0.05083373293625134
0.05083129634392555
0.05082884989822808
0.05082639412415456
0.05082392847159856
0.05082145492412359
0.05081896146049558
0.05081645387710143
0.05081393824660775
0.05081141248424462
0.05080887605437387
0.05080633164820675
0.05080377751929775
0.05080121250473925
0.050798639574111695
0.050796062187512946
0.0507934741429679
0.050790879211751724
0.050788273094542424
0.05078563953253305
0.050782991521213114
0.05078034123230235
0.05077767936719038
0.05077501077498734
0.05077232952675695
0.050769636787192596
0.05076693925477021
0.050764228708028214
0.05076150485058551
0.05075877732285414
0.05075603659943223
0.050753281211242104
0.05075052210937879
0.05074775032518641
0.05074496415106071
0.050742172083055315
0.050739368393291746
0.050736552917667044
0.050733729129263834
0.05073089375535816
0.05072804052390889
0.050725174252459135
0.050722296361203255
0.05071940923266843
0.05071651076626832
0.050713599991190225
0.050710680073191405
0.0507077496919986
0.050704806254778224
0.05070185299639556
0.05069889551007282
0.05069592496153357
0.050692943674834054
0.050689956007414425
0.050686951313308214
0.050683935960443086
0.05068091585083111
0.05067789461799098
0.05067487120464348
0.05067184171059096
0.050668791647033556
0.05066573434248575
0.05066267122936919
0.050659586250018866
0.050656494605736034
0.050653398606900574
0.050650280620960365
0.05064714408118307
0.05064399580933164
0.05064082516616268
0.05063764704326734
0.05063446488610443
0.05063126010666369
0.05062805584064007
0.050624845859796985
0.050621612476764055
0.05061837160837694
0.050615123727335905
0.050611852340786384
0.0506085574622933
0.05060524463475555
0.0506019159187828
0.05059858641394573
0.05059524885876807
0.05059188876300862
0.05058852138760193
0.05058514519609361
0.05058174876738832
0.05057834402990458
0.050574930727377704
0.050571498314792344
0.05056805633343632
0.050564604468720326
0.050561134314893036
0.05055765384870277
0.0505541634945049
0.05055065507331987
0.0505471361412632
0.05054360198137399
0.0505400438163981
0.05053647423295645
0.050532894795299765
0.050529296813218896
0.05052568774088918
0.05052206802937432
0.050518429807730775
0.05051478906550702
0.0505111384950765
0.05050746800661773
0.05050380699245302
0.050500145421666635
0.05049646315987598
0.05049277175968874
0.050489070281562895
0.05048534749024613
0.05048161450194815
0.050477868155041974
0.05047408429126526
0.050470287956122725
0.0504664830329691
0.05046266523960044
0.05045883825025336
0.050455002240881425
0.05045114454440972
0.05044727134362029
0.05044338883008786
0.05043948755276931
0.05043557284405526
0.05043162484147099
0.050427648101350274
0.05042366742274538
0.05041968153153166
0.05041567676548349
0.050411655878754694
0.05040762716949798
0.05040357685809824
0.050399511865612916
0.05039544099844979
0.05039134625839291
0.05038723604605365
0.050383122343690176
0.050378982981061755
0.05037482604162144
0.05037066851008212
0.05036648311214234
0.050362280131191595
0.05035806536532654
0.05035382144479344
0.050349558024243984
0.05034529227896778
0.05034100255977484
0.050336694524305156
0.050332398453275855
0.050328109151834825
0.05032379533338579
0.05031947779754034
0.050315144811960366
0.05031078309418523
0.05030639919405213
0.0503019948944255
0.05029756763042392
0.050293137967818834
0.0502886938698421
0.05028422163795788
0.05027974163996203
0.05027524699787576
0.05027072913017609
0.05026620156762665
0.05026165850251867
0.05025707015162468
0.050252451328301806
0.05024781778133437
0.05024319776875781
0.050238541298462995
0.05023386759248369
0.050229187075737716
0.05022448570294078
0.05021976198256713
0.05021502897624978
0.050210276259660964
0.05020550017110155
0.050200714051825815
0.05019591181233597
0.05019108542799927
0.05018624581408681
0.050181391198811036
0.05017650875679535
0.05017159936344091
0.05016667363505551
0.05016173200225441
0.05015680892410768
0.05015188052769175
0.050146934295716004
0.050141966288318345
0.050136955597699664
0.05013193711172958
0.05012689608156729
0.05012184309765312
0.05011677083144888
0.05011167613361381
0.05010656838448456
0.05010144094575458
0.05009629163874223
0.05009113028398473
0.05008594549513372
0.05008069053831086
0.050075423255115374
0.05007015392183301
0.05006487801718669
0.050059571186071156
0.050054247144138087
0.050048899444879634
0.05004353959448465
0.050038161356912615
0.050032755541806244
0.050027337673966665
0.0500218990905062
0.05001643403133909
0.0500109563379878
0.050005460007891904
0.04999994022983952
0.04999439575945561
0.049988846827889406
0.04998329627704737
0.04997771981591431
0.0499721250415145
0.04996650652676071
0.04996086489769594
0.049955203183680165
0.049949521250263695
0.04994381825026434
0.04993809653498058
0.04993235498401091
0.04992659353119747
0.04992080994325057
0.04991500200255827
0.049909139281485285
0.04990324228666971
0.04989731664005826
0.04989141799646831
0.04988548932696338
0.049879520392354514
0.04987353851895735
0.0498675389255186
0.049861504105117783
0.049855458884153436
0.0498493951273171
0.04984329666768761
0.049837183179359035
0.0498310564587367
0.049824890929076014
0.049818739781492094
0.04981259162272326
0.04980638597823952
0.04980014092533095
0.04979389857630023
0.04978762688704361
0.04978132831381423
0.049775023340906784
0.04976868556811672
0.04976231844370088
0.04975594415894454
0.04974953734725047
0.04974310292522086
0.04973660669387344
0.049730079105386384
0.04972351491697677
0.04971697615624643
0.04971042081745457
0.049703802069048994
0.04969717014559139
0.049690530338770196
0.04968384662579462
0.049677151239079564
0.04967043466687295
0.04966366857784782
0.0496568931209847
0.049650152425036696
0.04964338734101161
0.04963657326449888
0.04962972916695949
0.049622841541282055
0.04961593929553274
0.04960902725256901
0.04960208576131658
0.049595112623187255
0.04958812520076241
0.04958110735504482
0.04957405459867742
0.04956696022334641
0.04955980348132499
0.04955260664740157
0.04954542955885188
0.0495382521005354
0.049531009364187056
0.049523748909021156
0.049516456274198234
0.04950912206445875
0.04950177513178216
0.049494412873511466
0.049487029025085255
0.049479674974293654
0.04947227725782497
0.04946483658154598
0.04945736509617601
0.04944987639243978
0.04944233506004014
0.04943476833685502
0.04942719436327665
0.04941959241242688
0.04941194767565261
0.04940428813926976
0.04939657314780939
0.049388773538479834
0.04938096196177667
0.04937314153410669
0.049365313618439786
0.04935744668843956
0.049349533887207093
0.04934158666390219
0.049333629586513564
0.04932566730991981
0.04931767814740675
0.04930966959507245
0.049301650899902905
0.04929358436708181
0.04928548440734929
0.04927738013512054
0.04926921662662519
0.0492610059427156
0.0492527988184656
0.04924455435892125
0.04923626162453877
0.04922794599690634
0.049219542972488185
0.04921107855653163
0.04920258760873343
0.04919415006263474
0.04918566612873509
0.04917711394195905
0.04916858055011219
0.049159997334062365
0.04915135914933868
0.049142751120412435
0.04913410981910014
0.04912542314398519
0.04911671871099043
0.04910798337017662
0.04909920743866111
0.04909040005145164
0.049081559033956744
0.049072679373905345
0.04906375973998957
0.04905477399660875
0.049045708849107125
0.04903660171860462
0.049027487212674505
0.04901840500106886
0.04900929770011951
0.049000126593434806
0.04899091504387062
0.04898165608587763
0.04897241622143826
0.048963137501876544
0.048953833547723764
0.04894449950822735
0.048935121198595555
0.04892571908100494
0.048916281930017055
0.04890679492303397
0.0488972660396242
0.048887683137759555
0.04887799629269402
0.04886826680049601
0.048858525157277184
0.04884883625704539
0.04883910320448074
0.048829311447685306
0.04881941918202581
0.048809565621881615
0.04879968453127433
0.0487897792610974
0.04877983924479251
0.048769858209300486
0.048759838068227854
0.048749777569930756
0.048739673359614336
0.048729553731247946
0.04871936715181128
0.04870903969087763
0.04869871538929446
0.04868835895125801
0.04867801211281986
0.048667650613217366
0.04865718006044554
0.048646704098696085
0.04863621846940569
0.048625705448778464
0.04861515421562788
0.04860454994751938
0.04859392067486524
0.04858324677708047
0.048572522901396194
0.048561770910421874
0.04855100264166997
0.04854009093040456
0.04852913624163093
0.048518152039531304
0.0485071690428538
0.04849610850280388
0.04848503728204791
0.04847395727130799
0.04846282811737351
0.04845166024084236
0.048440449943162475
0.048429205869576004
0.048417915908109004
0.04840658136565591
0.04839521982971263
0.04838385276742483
0.04837237566294432
0.04836079728242977
0.04834918016570185
0.048337498517782705
0.04832579469004091
0.04831414346594157
0.04830243996467362
0.04829065927440723
0.04827883668046305
0.04826698918710149
0.04825510227922073
0.048243152855318744
0.04823121292830673
0.04821925367857939
0.0482071753478077
0.04819501171188119
0.04818280242751493
0.048170422483738
0.04815806774085357
0.048145801452177554
0.04813349698596922
0.04812108898840685
0.04810864420865163
0.048096171086371084
0.048083621980267326
0.04807109079640927
0.04805853935921091
0.048045914704975046
0.048033156564351205
0.048020327977760915
0.0480073760334196
0.04799432625062949
0.04798142987026244
0.04796852161828287
0.04795552614074605
0.047942468735481726
0.04792936983455759
0.04791622974097719
0.04790307320527459
0.04788989248793373
0.04787663981066242
0.047863244512147504
0.04784968660033896
0.04783608229807495
0.047822414665022274
0.04780892228871401
0.047795387923347456
0.04778173952012368
0.04776803053801866
0.04775433302855048
0.047740567980685926
0.04772673830349681
0.047712897284602845
0.04769894141528465
0.04768469865393805
0.04767044332615751
0.04765620317172126
0.04764205510674426
0.04762786625206817
0.0476136598160285
0.04759938632164124
0.04758501563356249
0.047570629960646794
0.047556176436194884
0.047541639145671735
0.04752693528061418
0.04751209207256151
0.04749716638891964
0.04748229161665949
0.0474675405921791
0.047452749291731385
0.047437897445920384
0.04742295648802387
0.04740794853075704
0.047392856272323376
0.047377704694375265
0.047362429397379675
0.04734693130595517
0.047331354891153116
0.04731584559624999
0.04730039929453284
0.04728503386052844
0.047269578785986865
0.04725403278431703
0.04723835665764471
0.04722261744122339
0.047206807005729795
0.04719083684623071
0.047174649188781455
0.047158431082617955
0.04714232976077271
0.0471262519048218
0.04711022380997481
0.04709415697887756
0.04707793832198109
0.04706157474690174
0.04704514751662714
0.047028596514006794
0.04701184211938178
0.04699495755671502
0.046978245610036974
0.04696149613870947
0.046944764660474245
0.04692806934743037
0.046911298223846216
0.046894353293630786
0.0468772125787938
0.04686001999821722
0.046842663798885874
0.0468251436724532
0.046807791735553994
0.046790378463930686
0.046772981438526595
0.04675561276354979
0.04673820201594016
0.04672061595204991
0.0467027824016589
0.04668490149161876
0.04666683265096289
0.04664875738246895
0.046630711986433045
0.046612618157936485
0.04659456420740695
0.0465765331657337
0.046558405201611926
0.04654002728516895
0.04652152104107072
0.046502904406707096
0.046484137317797034
0.04646545771241864
0.04644673488323227
0.04642795526743387
0.046409237543126654
0.046390442666716575
0.046371517771460674
0.04635235763760464
0.04633312752985103
0.04631373136719763
0.04629440872792801
0.04627496717410994
0.04625549167965877
0.046236125892868
0.04621658789746326
0.04619694505425556
0.04617722385622577
0.04615730786915923
0.046137273219219066
0.04611723690805084
0.04609713789264667
0.04607699398371922
0.04605679410518722
0.04603655145674046
0.04601629491858141
0.04599586259200405
0.0459752149888764
0.045954557525880416
0.045933815888603985
0.04591297327351088
0.04589203947997512
0.0458711312680881
0.0458502168176311
0.045829195594896774
0.04580800533453794
0.045786699906113545
0.04576529427470393
0.04574376809737935
0.045722053477488304
0.045700507032572155
0.045678905448932154
0.0456572564320742
0.0456354499709045
0.04561350461323916
0.04559138453144054
0.04556913400456796
0.04554675168628437
0.045524507441581416
0.04550220595725159
0.04547983642744787
0.045457386119252076
0.04543473646194265
0.04541192733702122
0.04538889922998553
0.04536583780345805
0.04534289914685283
0.045319851025854965
0.045296775997153836
0.04527359565980608
0.045250244605498015
0.045226634407917035
0.04520288766213548
0.04517916135575781
0.04515547305763613
0.04513163569936804
0.04510793144688912
0.04508392244941751
0.045059752725686374
0.04503536224583714
0.045010857669859
0.044986457341995544
0.04496194742460942
0.04493756892476882
0.04491294358294647
0.04488807700291787
0.044863056200054
0.04483787510968837
0.044812689200316586
0.044787456754773816
0.04476237711668099
0.044737180184123225
0.04471156141910629
0.04468579367957094
0.04465991591758376
0.0446339848029818
0.044608065930413256
0.044582357626358475
0.04455632543815048
0.04452999757777577
0.04450347583478122
0.044476867706168516
0.04445021237996975
0.04442369607462925
0.044397228936934235
0.04437030965944341
0.04434321100336594
0.044315943311592755
0.044288559824589985
0.044261232184010936
0.044234212893492886
0.044206687523283196
0.04417894678890789
0.0441510507174484
0.04412304462611118
0.04409488426668823
0.04406706606374671
0.0440390953397234
0.04401065466008933
0.0439820513372801
0.043953317877805015
0.04392457506594182
0.04389593689437193
0.04386722286022336
0.043838139517568306
0.043808916180767585
0.043779466528589335
0.043749957784620284
0.04372049914592727
0.04369118867626576
0.043661388000768374
0.04363133944102246
0.0436012801451313
0.043571085719151484
0.04354077219909375
0.04351061819476905
0.04348022234671371
0.04344945357425702
0.04341858398099238
0.043387592433555944
0.043356574720154466
0.043325648737106565
0.04329443050830348
0.043262908464120405
0.04323133602804015
0.043199538946020424
0.0431676635165212
0.04313599849922988
0.04310396439795392
0.04307165744988592
0.04303925324366157
0.043006656793804054
0.04297405148956661
0.04294150516782167
0.04290861581165055
0.042875611971377285
0.04284240018985397
0.04280887873854572
0.042775443313922475
0.04274210780646439
0.04270845694074355
0.04267451997823939
0.042640246370191634
0.042606043779482676
0.04257199458659352
0.042537626290229086
0.04250305433262376
0.04246811092511889
0.04243310014051875
0.04239811945389265
0.042363176542658
0.04232784839343776
0.0422922916872604
0.042256464899013
0.04222071306333964
0.042184982816368656
0.0421489238688565
0.0421125694248806
0.04207600755279316
0.0420394854336157
0.042002938995194423
0.04196614995879599
0.041928944788270625
0.04189160488909866
0.04185438144392716
0.04181696130135081
0.04177933786574636
0.041741261043382855
0.041703204560323566
0.04166531985482425
0.041626926324171275
0.041588431028099525
0.041549486040905595
0.04151072157272915
0.041471929006575495
0.04143271686089834
0.04139331180237179
0.04135357196711194
0.04131393943484595
0.04127425612336733
0.04123422902287046
0.04119382017527128
0.04115322199436292
0.04111279075388276
0.04107222805198574
0.04103137557225211
0.04098992769885371
0.04094848498457057
0.04090718638857428
0.04086574356561099
0.04082377366636201
0.04078145018927767
0.04073922049732531
0.04069702615253964
0.040654629531748636
0.04061154240910018
0.04056826365996682
0.040525270207982245
0.040482104232030115
0.040438658304701745
0.04039447006589697
0.040350464535120034
0.04030650914081071
0.04026236246646056
0.040217578438116026
0.040172545129542936
0.0401277494705348
0.04008286822667623
0.04003749228885297
0.039991451151084836
0.03994574314025751
0.0399000539490654
0.03985389822438455
0.039807200511546514
0.03976039094755907
0.03971385334852423
0.03966689946398638
0.03961953298586912
0.03957167132842094
0.039524256762447564
0.03947644891012322
0.0394282624618409
0.03937948162752262
0.03933109920133676
0.03928242753219569
0.03923334233141393
0.03918375415848259
0.03913439581592152
0.03908480536191031
0.039034800705485206
0.03898435659687721
0.03893404758756352
0.03888346597818294
0.03883249802809055
0.03878121159097123
0.03872993757551641
0.038678380961620656
0.03862639509824422
0.03857419918748506
0.03852191919751025
0.03846936148332157
0.03841632568380802
0.038363242061333534
0.03830992804177159
0.038256288090683224
0.03820229029539256
0.03814823626176904
0.038093779248110936
0.03803910191369674
0.03798414067949891
0.0379290831761476
0.03787344068936544
0.037817741478534526
0.03776180107778443
0.0377056166934747
0.0376487668105015
0.03759208342980586
0.03753508988289789
0.037477711717903844
0.03741973770364096
0.03736199864282559
0.03730386811862972
0.03724529520534384
0.03718631820534956
0.037127332168227806
0.03706809364434145
0.03700825454373469
0.03694824505631824
0.036888024771135945
0.036827531570355704
0.03676655869573957
0.03670536970722616
0.03664385126808486
0.036582155009295104
0.03651994491700642
0.036457602702503165
0.0363948537827951
0.03633176149091542
0.036268373461251426
0.036204697856768865
0.03614074324565709
0.03607629066229304
0.03601174262432895
0.035946775870978435
0.035881342833011164
0.035815617445025504
0.03574975126593229
0.035683563177830904
0.03561661633526459
0.035549495342611113
0.035482499362764305
0.03541475789467284
0.035346438438711214
0.03527797980347238
0.03520944149351497
0.035140129305587
0.035070498213860914
0.03500098059271978
0.034930526846485954
0.034859680845843385
0.0347889839290382
0.03471781866716519
0.034645814568692805
0.03457351209622377
0.034501317944518405
0.034428385998552254
0.03435484147953906
0.03428145994178255
0.034207437802506034
0.03413256060173083
0.03405784016172957
0.0339828372154787
0.03390683389901742
0.03383059929391873
0.03375449603241222
0.03367737780705994
0.03359973660606199
0.03352233413209019
0.033443877770368946
0.03336512501977635
0.03328631729914014
0.03320659705700639
0.0331263838287954
0.033046183265034904
0.032965366435486955
0.03288374604737129
0.032802137936523014
0.032719763681711866
0.03263690407185449
0.03255389239299885
0.03247011821440506
0.03238576120691837
0.03230127487468017
0.032216142156932366
0.03213031440358301
0.03204425889788591
0.031957530303418816
0.031870343185319706
0.03178272484578885
0.03169448879055971
0.03160567492657106
0.03151642989141539
0.03142672329076081
0.03133630050113855
0.03124539561673809
0.031153977339521934
0.031061999841053258
0.030969378425739914
0.030876306543510795
0.030782648022845478
0.03068826070316669
0.030593402449966004
0.030498033080210984
0.0304019596311382
0.030305324002586783
0.030208108405751485
0.030110045071019928
0.03001152107582333
0.029912561038234257
0.02981279616559773
0.02971230485549137
0.02961119763491118
0.0295094306098067
0.029407118598759163
0.02930426115351731
0.029200351583875257
0.029095762504462122
0.028990718188235252
0.028884881154582088
0.028778446646357266
0.02867118065751683
0.028563014009283936
0.02845425539073977
0.028344870282756406
0.028234591154714873
0.028123556719665356
0.028011833424273873
0.027899190656755113
0.02778579277537722
0.027671586384878696
0.02755648781621506
0.02744074532068763
0.027324174019541254
0.02720654486473357
0.02708808688068342
0.026968793506182195
0.026848632937461744
0.026727698996227876
0.026605652075742725
0.026482602989519592
0.026358860627370497
0.026234087280965643
0.026108280818928336
0.025981530412786526
0.02585362066312538
0.02572493529804282
0.02559536554916835
0.025464400621255878
0.025332374076195978
0.025199316221400505
0.02506518601729179
0.024930339649797
0.02479397329382419
0.024656246855275375
0.024517546287251595
0.024377608568676514
0.024236903345248327
0.02409460022190951
0.02395071674270778
0.023805842671301244
0.023659628380936076
0.023512456317589157
0.023363676042980404
0.023213186025374043
0.023061417557048765
0.022908314712955076
0.022754130833789254
0.0225983425160558
0.022440868772719492
0.022281918931788113
0.02212148862634486
0.02195965627168993
0.021796180910707955
0.021630913821573863
0.021463979243232952
0.021295452670389695
0.021125214723729382
0.020952981524178214
0.020778722846618185
0.02060250317300284
0.020424753175270063
0.020245098780616946
0.020063168730157177
0.01987877971366149
0.01969187486821348
0.01950315777816983
0.019312301601847933
0.019119128655806526
0.018923306799749927
0.01872448691102934
0.018523059399018306
0.01831898939874034
0.018112424278691794
0.01790284439297835
0.017690039325488138
0.017473872215031924
0.017254423990405207
0.017031780330675796
0.01680548626046137
0.01657554256737555
0.016341629355730372
0.016103760391896434
0.01586208618806194
0.015616127879918996
0.015365806290281147
0.015110750501557446
0.014850725053073905
0.014585646928882222
0.014315002017260502
0.014038698244538692
0.01375631158254056
0.013467230504753382
0.013171090456214582
0.01286733228854722
0.012555568338547806
0.012235045471770681
0.011905260732768704
0.011565327131363259
0.011214017605709748
0.01085013110516356
0.010472706530251681
0.010080171435043793
0.009670654629251846
0.009242064690906444
0.008791046613655403
0.008314130566673853
0.007806803757490777
0.007262681850388576
0.006673939612532739
0.006027045709096211
0.005300059323638046
0.004454211749512197
0.003401233757802046
0.0018080610720084675
0.0
0.0
0.0
0.0
0.0
0.0
0.0
0.0
0.0
0.0
0.0
0.0
0.0
0.0
0.0
0.0
0.0
0.0
0.0
0.0
0.0
0.0
0.0
0.0
0.0
0.0
0.0
0.0
0.0
0.0
0.0
0.0
0.0
0.0
0.0
0.0
0.0
0.0
0.0
0.0
0.0
0.0
0.0
0.0
0.0
0.0
0.0
0.0
0.0
0.0
0.0
0.0
0.0
0.0
0.0
0.0
0.0
0.0
0.0
0.0
0.0
0.0
0.0
0.0
0.0
0.0
0.0
0.0
0.0
0.0
0.0
0.0
0.0
0.0
0.0
0.0
0.0
0.0
0.0
0.0
0.0
0.0
0.0
0.0
0.0
0.0
0.0
0.0
0.0
0.0
0.0
0.0
0.0
0.0
0.0
0.0
0.0
0.0
0.0
0.0
0.0
0.0
0.0
0.0
0.0
0.0
0.0
0.0
0.0
0.0
0.0
0.0
0.0
0.0
0.0
0.0
0.0
0.0
0.0
0.0
0.0
0.0
0.0
0.0
0.0
0.0
0.0
0.0
0.0
0.0
0.0
0.0
0.0
0.0
0.0
0.0
0.0
0.0
0.0
0.0
0.0
0.0
0.0
0.0
0.0
0.0
0.0
0.0
0.0
0.0
0.0
0.0
0.0
0.0
0.0
0.0
0.0
0.0
0.0
0.0
0.0
0.0
0.0
0.0
0.0
0.0
0.0
0.0
0.0
0.0
0.0
0.0
0.0
0.0
0.0
0.0
0.0
0.0
0.0
0.0
0.0
0.0
0.0
0.0
0.0
0.0
0.0
0.0
0.0
0.0
0.0
0.0
0.0
0.0
0.0
0.0
0.0
0.0
0.0
0.0
0.0
0.0
0.0
0.0
0.0
0.0
0.0
0.0
0.0
0.0
0.0
0.0
0.0
0.0
0.0
0.0
0.0
0.0
0.0
0.0
0.0
0.0
0.0
0.0
0.0
0.0
0.0
0.0
0.0
0.0
0.0
0.0
0.0
0.0
0.0
0.0
0.0
0.0
0.0
0.0
0.0
0.0
0.0
0.0
0.0
0.0
0.0
0.0
0.0
0.0
0.0
0.0
0.0
0.0
0.0
0.0
0.0
0.0
0.0
0.0
0.0
0.0
0.0
0.0
0.0
0.0
0.0
0.0
0.0
0.0
0.0
0.0
0.0
0.0
0.0
0.0
0.0
0.0
0.0
0.0
0.0
0.0
0.0
0.0
0.0
0.0
0.0
0.0
0.0
0.0
0.0
0.0
0.0
0.0
0.0
0.0
0.0
0.0
0.0
0.0
0.0
0.0
0.0
0.0
0.0
0.0
0.0
0.0
0.0
0.0
0.0
0.0
0.0
0.0
0.0
0.0
0.0
0.0
0.0
0.0
0.0
0.0
0.0
0.0
0.0
0.0
0.0
0.0
0.0
0.0
0.0
0.0
0.0
0.0
0.0
0.0
0.0
0.0
0.0
0.0
0.0
0.0
0.0
0.0
0.0
0.0
0.0
0.0
0.0
0.0
0.0
0.0
0.0
0.0
0.0
0.0
0.0
0.0
0.0
0.0
0.0
0.0
0.0
0.0
0.0
0.0
0.0
0.0
0.0
0.0
0.0
0.0
0.0
0.0
0.0
0.0
0.0
0.0
0.0
0.0
0.0
0.0
0.0
0.0
0.0
0.0
0.0
0.0
0.0
0.0
0.0
0.0
0.0
0.0
0.0
0.0
0.0
0.0
0.0
0.0
0.0
0.0
0.0
0.0
0.0
0.0
0.0
0.0
0.0
0.0
0.0
0.0
0.0
0.0
0.0
0.0
0.0
0.0
0.0
0.0
0.0
0.0
0.0
0.0
0.0
0.0
0.0
0.0
0.0
0.0
0.0
0.0
0.0
0.0
0.0
0.0
0.0
0.0
0.0
0.0
0.0
0.0
0.0
0.0
0.0
0.0
0.0
0.0
0.0
0.0
0.0
0.0
0.0
0.0
0.0
0.0
0.0
0.0
0.0
0.0
0.0
0.0
0.0
0.0
0.0
0.0
0.0
0.0
0.0
0.0
0.0
0.0
0.0
0.0
0.0
0.0
0.0
0.0
0.0
0.0
0.0
0.0
0.0
0.0
0.0
0.0
0.0
0.0
0.0
0.0
0.0
0.0
0.0
0.0
0.0
0.0
0.0
0.0
0.0
0.0
0.0
0.0
0.0
0.0
0.0
0.0
0.0
0.0
0.0
0.0
0.0
0.0
0.0
0.0
0.0
0.0
0.0
0.0
0.0
0.0
0.0
0.0
0.0
0.0
0.0
0.0
0.0
0.0
0.0
0.0
0.0
0.0
0.0
0.0
0.0
0.0
0.0
0.0
0.0
0.0
0.0
0.0
0.0
0.0
0.0
0.0
0.0
0.0
0.0
0.0
0.0
0.0
0.0
0.0
0.0
0.0
0.0
0.0
0.0
0.0
0.0
0.0
0.0
0.0
0.0
0.0
0.0
0.0
0.0
0.0
0.0
0.0
0.0
0.0
0.0
0.0
0.0
0.0
0.0
0.0
0.0
0.0
0.0
0.0
0.0
0.0
0.0
0.0
0.0
0.0
0.0
0.0
0.0
0.0
0.0
0.0
0.0
0.0
0.0
0.0
0.0
0.0
0.0
0.0
0.0
0.0
0.0
0.0
0.0
0.0
0.0
0.0
0.0
0.0
0.0
0.0
0.0
0.0
0.0
0.0
0.0
0.0
0.0
0.0
0.0
0.0
0.0
0.0
0.0
0.0
0.0
0.0
0.0
0.0
0.0
0.0
0.0
0.0
0.0
0.0
0.0
0.0
0.0
0.0
0.0
0.0
0.0
0.0
0.0
0.0
0.0
0.0
0.0
0.0
0.0
0.0
0.0
0.0
0.0
0.0
0.0
0.0
0.0
0.0
0.0
0.0
0.0
0.0
0.0
0.0
0.0
0.0
0.0
0.0
0.0
0.0
0.0
0.0
0.0
0.0
0.0
0.0
0.0
0.0
0.0
0.0
0.0
0.0
0.0
0.0
0.0
0.0
0.0
0.0
0.0
0.0
0.0
0.0
0.0
0.0
0.0
0.0
0.0
0.0
0.0
0.0
0.0
0.0
0.0
0.0
0.0
0.0
0.0
0.0
0.0
0.0
0.0
0.0
0.0
0.0
0.0
0.0
0.0
0.0
0.0
0.0
0.0
0.0
0.0
0.0
0.0
0.0
0.0
0.0
0.0
0.0
0.0
0.0
0.0
0.0
0.0
0.0
0.0
0.0
0.0
0.0
0.0
0.0
0.0
0.0
0.0
0.0
0.0
0.0
0.0
0.0
0.0
0.0
0.0
0.0
0.0
0.0
0.0
0.0
0.0
0.0
0.0
0.0
0.0
0.0
0.0
0.0
0.0
0.0
0.0
0.0
0.0
0.0
0.0
0.0
0.0
0.0
0.0
0.0
0.0
0.0
0.0
0.0
0.0
0.0
0.0
0.0
0.0
0.0
0.0
0.0
0.0
0.0
0.0
0.0
0.0
0.0
0.0
0.0
0.0
0.0
0.0
0.0
0.0
0.0
0.0
0.0
0.0
0.0
0.0
0.0
0.0
0.0
0.0
0.0
0.0
0.0
0.0
0.0
0.0
0.0
0.0
0.0
0.0
0.0
0.0
0.0
0.0
0.0
0.0
0.0
0.0
0.0
0.0
0.0
0.0
0.0
0.0
0.0
0.0
0.0
0.0
0.0
0.0
0.0
0.0
0.0
0.0
0.0
0.0
0.0
0.0
0.0
0.0
0.0
0.0
0.0
0.0
0.0
0.0
0.0
0.0
0.0
0.0
0.0
0.0
0.0
0.0
0.0
0.0
0.0
0.0
0.0
0.0
0.0
0.0
0.0
0.0
0.0
0.0
0.0
0.0
0.0
0.0
0.0
0.0
0.0
0.0
0.0
0.0
0.0
0.0
0.0
0.0
0.0
0.0
0.0
0.0
0.0
0.0
0.0
0.0
0.0
0.0
0.0
0.0
0.0
0.0
0.0
0.0
0.0
0.0
0.0
0.0
0.0
0.0
0.0
0.0
0.0
0.0
0.0
0.0
0.0
0.0
0.0
0.0
0.0
0.0
0.0
0.0
0.0
0.0
0.0
0.0
0.0
0.0
0.0
0.0
0.0
0.0
0.0
0.0
0.0
0.0
0.0
0.0
0.0
0.0
0.0
0.0
0.0
0.0
0.0
0.0
0.0
0.0
0.0
0.0
0.0
0.0
0.0
0.0
0.0
0.0
0.0
0.0
0.0
0.0
0.0
0.0
0.0
0.0
0.0
0.0
0.0
0.0
0.0
0.0
0.0
0.0
0.0
0.0
0.0
0.0
0.0
0.0
0.0
0.0
0.0
0.0
0.0
0.0
0.0
0.0
0.0
0.0
0.0
0.0
0.0
0.0
0.0
0.0
0.0
0.0
0.0
0.0
0.0
0.0
0.0
0.0
0.0
0.0
0.0
0.0
0.0
0.0
0.0
0.0
0.0
0.0
0.0
0.0
0.0
0.0
0.0
0.0
0.0
0.0
0.0
0.0
0.0
0.0
0.0
0.0
0.0
0.0
0.0
0.0
0.0
0.0
0.0
0.0
0.0
0.0
0.0
0.0
0.0
0.0
0.0
0.0
0.0
0.0
0.0
0.0
0.0
0.0
0.0
0.0
0.0
0.0
0.0
0.0
0.0
0.0
0.0
0.0
0.0
0.0
0.0
0.0
0.0
0.0
0.0
0.0
0.0
0.0
0.0
0.0
0.0
0.0
0.0
0.0
0.0
0.0
0.0
0.0
0.0
0.0
0.0
0.0
0.0
0.0
0.0
0.0
0.0
0.0
0.0
0.0
0.0
0.0
0.0
0.0
0.0
0.0
0.0
0.0
0.0
0.0
0.0
0.0
0.0
0.0
0.0
0.0
0.0
0.0
0.0
0.0
0.0
0.0
0.0
0.0
0.0
0.0
0.0
0.0
0.0
0.0
0.0
0.0
0.0
0.0
0.0
0.0
0.0
0.0
0.0
0.0
0.0
0.0
0.0
0.0
0.0
0.0
0.0
0.0
0.0
0.0
0.0
0.0
0.0
0.0
0.0
0.0
0.0
0.0
0.0
0.0
0.0
0.0
0.0
0.0
0.0
0.0
0.0
0.0
0.0
0.0
0.0
0.0
0.0
0.0
0.0
0.0
0.0
0.0
0.0
0.0
0.0
0.0
0.0
0.0
0.0
0.0
0.0
0.0
0.0
0.0
0.0
0.0
0.0
0.0
0.0
0.0
0.0
0.0
0.0
0.0
0.0
0.0
0.0
0.0
0.0
0.0
0.0
0.0
0.0
0.0
0.0
0.0
0.0
0.0
0.0
0.0
0.0
0.0
0.0
0.0
0.0
0.0
0.0
0.0
0.0
0.0
0.0
0.0
0.0
0.0
0.0
0.0
0.0
0.0
0.0
0.0
0.0
0.0
0.0
0.0
0.0
0.0
0.0
0.0
0.0
0.0
0.0
0.0
0.0
0.0
0.0
0.0
0.0
0.0
0.0
0.0
0.0
0.0
0.0
0.0
0.0
0.0
0.0
0.0
0.0
0.0
0.0
0.0
0.0
0.0
0.0
0.0
0.0
0.0
0.0
0.0
0.0
0.0
0.0
0.0
0.0
0.0
0.0
0.0
0.0
0.0
0.0
0.0
0.0
0.0
0.0
0.0
0.0
0.0
0.0
0.0
0.0
0.0
0.0
0.0
0.0
0.0
0.0
0.0
0.0
0.0
0.0
0.0
0.0
0.0
0.0
0.0
0.0
0.0
0.0
0.0
0.0
0.0
0.0
0.0
0.0
0.0
0.0
0.0
0.0
0.0
0.0
0.0
0.0
0.0
0.0
0.0
0.0
0.0
0.0
0.0
0.0
0.0
0.0
0.0
0.0
0.0
0.0
0.0
0.0
0.0
0.0
0.0
0.0
0.0
0.0
0.0
0.0
0.0
0.0
0.0
0.0
0.0
0.0
0.0
0.0
0.0
0.0
0.0
0.0
0.0
0.0
0.0
0.0
0.0
0.0
0.0
0.0
0.0
0.0
0.0
0.0
0.0
0.0
0.0
0.0
0.0
0.0
0.0
0.0
0.0
0.0
0.0
0.0
0.0
0.0
0.0
0.0
0.0
0.0
0.0
0.0
0.0
0.0
0.0
0.0
0.0
0.0
0.0
0.0
0.0
0.0
0.0
0.0
0.0
0.0
0.0
0.0
0.0
0.0
0.0
0.0
0.0
0.0
0.0
0.0
0.0
0.0
0.0
0.0
0.0
0.0
0.0
0.0
0.0
0.0
0.0
0.0
0.0
0.0
0.0
0.0
0.0
0.0
0.0
0.0
0.0
0.0
0.0
0.0
0.0
0.0
0.0
0.0
0.0
0.0
0.0
0.0
0.0
0.0
0.0
0.0
0.0
0.0
0.0
0.0
0.0
0.0
0.0
0.0
0.0
0.0
0.0
0.0
0.0
0.0
0.0
0.0
0.0
0.0
0.0
0.0
0.0
0.0
0.0
0.0
0.0
0.0
0.0
0.0
0.0
0.0
0.0
0.0
0.0
0.0
0.0
0.0
0.0
0.0
0.0
0.0
0.0
0.0
0.0
0.0
0.0
0.0
0.0
0.0
0.0
0.0
0.0
0.0
0.0
0.0
0.0
0.0
0.0
0.0
0.0
0.0
0.0
0.0
0.0
0.0
0.0
0.0
0.0
0.0
0.0
0.0
0.0
0.0
0.0
0.0
0.0
0.0
0.0
0.0
0.0
0.0
0.0
0.0
0.0
0.0
0.0
0.0
0.0
0.0
0.0
0.0
0.0
0.0
0.0
0.0
0.0
0.0
0.0
0.0
0.0
0.0
0.0
0.0
0.0
0.0
0.0
0.0
0.0
0.0
0.0
0.0
0.0
0.0
0.0
0.0
0.0
0.0
0.0
0.0
0.0
0.0
0.0
0.0
0.0
0.0
0.0
0.0
0.0
0.0
0.0
0.0
0.0
0.0
0.0
0.0
0.0
0.0
0.0
0.0
0.0
0.0
0.0
0.0
0.0
0.0
0.0
0.0
0.0
0.0
0.0
0.0
0.0
0.0
0.0
0.0
0.0
0.0
0.0
0.0
0.0
0.0
0.0
0.0
0.0
0.0
0.0
0.0
0.0
0.0
0.0
0.0
0.0
0.0
0.0
0.0
0.0
0.0
0.0
0.0
0.0
0.0
0.0
0.0
0.0
0.0
0.0
0.0
0.0
0.0
0.0
0.0
0.0
0.0
0.0
0.0
0.0
