0.10042914762970659
0.10042922808494711
0.10042929505313876
0.10042935268169673
0.10042940320483537
0.10042944810903019
0.10042948838098954
0.10042952455550362
0.10042955781555257
0.10042958840744085
0.10042961680796515
0.10042964333444586
0.10042966813508024
0.10042969143235549
0.1004297132476302
0.10042973388891638
0.10042975346350667
0.10042977204071231
0.1004297896429086
0.1004298063130493
0.1004298221981803
0.10042983726708055
0.10042985163197451
0.10042986532215503
0.10042987836455866
0.1004298907973234
0.10042990265556594
0.10042991395909288
0.10042992469358693
0.10042993488116697
0.10042994459003798
0.10042995383977413
0.10042996264589182
0.10042997101969786
0.10042997896889201
0.1004299864992672
0.10042999359898912
0.10043000029726343
0.10043000661341676
0.10043001257114405
0.1004300181815165
0.10043002344840682
0.10043002837536173
0.1004300329656959
0.10043003721495769
0.1004300411407279
0.10043004474995083
0.10043004804968485
0.10043005104085942
0.10043005372792951
0.10043005612020875
0.10043005822253871
0.10043006003538477
0.1004300615672049
0.10043006282101892
0.10043006379905106
0.10043006450360806
0.10043006493684899
0.10043006510090914
0.10043006499913264
0.10043006463643983
0.10043006401846652
0.10043006314988637
0.10043006203312002
0.1004300606695375
0.10043005906023998
0.1004300572064648
0.10043005511012291
0.10043005277281879
0.10043005020154401
0.10043004739729693
0.10043004435974538
0.10043004108902766
0.10043003758583215
0.10043003385231414
0.10043002989224607
0.10043002570886223
0.10043002130606513
0.10043001668984626
0.1004300118554796
0.10043000680586088
0.10043000154112634
0.10042999605970093
0.10042999036056278
0.10042998444404061
0.10042997831012859
0.10042997196154917
0.10042996540221837
0.10042995863097738
0.10042995165257901
0.10042994446678978
0.10042993707350473
0.10042992947474359
0.10042992167247658
0.10042991366581758
0.10042990545607078
0.10042989704667016
0.10042988843200595
0.1004298796088704
0.10042987057948223
0.10042986134376201
0.10042985190135009
0.10042984225508626
0.10042983241137901
0.1004298223762066
0.10042981214365926
0.10042980171476623
0.10042979108074689
0.10042978024365434
0.10042976920441501
0.10042975796432799
0.1004297465252375
0.10042973488869936
0.1004297230548374
0.10042971102125577
0.10042969879680352
0.10042968638414101
0.10042967377653608
0.10042966097554977
0.10042964797761006
0.10042963477975099
0.10042962138167945
0.1004296077839468
0.10042959398583204
0.10042957998596531
0.10042956578681933
0.10042955138959177
0.1004295367921788
0.100429522006406
0.1004295070239138
0.10042949184173806
0.10042947646155735
0.10042946088528497
0.10042944511451203
0.10042942914911578
0.10042941298717568
0.10042939663313848
0.10042938008359309
0.10042936333463309
0.10042934638408507
0.10042932923451348
0.10042931188666089
0.10042929433657954
0.1004292765806523
0.10042925861984237
0.1004292404556233
0.10042922209217377
0.10042920353506304
0.10042918477959449
0.1004291658250937
0.10042914666949615
0.10042912730843376
0.10042910773966202
0.10042908796822819
0.10042906800255794
0.10042904784187466
0.10042902747340914
0.10042900690057267
0.10042898613438912
0.10042896516428286
0.10042894399009016
0.1004289226143759
0.10042890102500406
0.10042887922537798
0.10042885722616451
0.10042883502342152
0.10042881260904721
0.10042878998690954
0.1004287671503245
0.10042874410518071
0.10042872086108655
0.10042869740677589
0.10042867374615205
0.1004286498636777
0.10042862576908823
0.10042860145954717
0.1004285769316107
0.10042855218993471
0.10042852723656526
0.1004285020663543
0.10042847668024481
0.10042845107924643
0.10042842528363632
0.10042839928124696
0.10042837307882553
0.10042834665179945
0.10042832000583375
0.10042829314075874
0.10042826605632504
0.10042823874997783
0.10042821121911523
0.1004281834655815
0.10042815548881708
0.10042812728038532
0.1004280988542794
0.10042807019201389
0.10042804133052338
0.10042801222841917
0.1004279829166882
0.10042795338788349
0.10042792362510751
0.10042789363203952
0.10042786341050677
0.10042783296012682
0.10042780228559414
0.10042777138242433
0.1004277402378316
0.1004277088685128
0.10042767727487786
0.10042764543575802
0.10042761337087816
0.10042758106973719
0.10042754853857733
0.10042751578983934
0.10042748279529529
0.10042744956039232
0.10042741609543336
0.1004273823922349
0.10042734844448899
0.10042731425444634
0.10042727982532394
0.10042724515762405
0.10042721023023636
0.10042717507115108
0.10042713968094931
0.10042710403132676
0.10042706813467324
0.10042703199587238
0.10042699560438065
0.10042695896162016
0.10042692208093813
0.10042688494807708
0.10042684755088893
0.10042680990707359
0.10042677201591724
0.10042673387320537
0.10042669547702625
0.10042665681856834
0.10042661790795561
0.10042657874649816
0.10042653933431887
0.10042649966712863
0.10042645971113348
0.10042641950179175
0.10042637905198123
0.10042633834778185
0.10042629738037534
0.10042625615165086
0.10042621466393291
0.10042617290747739
0.10042613086673612
0.10042608856456607
0.10042604597991979
0.10042600312243145
0.1004259600144172
0.10042591663867752
0.10042587298842232
0.10042582906288773
0.10042578483488034
0.10042574032792201
0.10042569555258278
0.10042565050895931
0.10042560518292352
0.10042555956686831
0.10042551366749047
0.10042546748779892
0.10042542103187688
0.10042537428153982
0.10042532723953018
0.10042527992607118
0.10042523234618705
0.10042518448620275
0.10042513630172685
0.1004250878342184
0.10042503909221982
0.10042499006825334
0.10042494074801403
0.1004248911360153
0.1004248412328429
0.10042479103270863
0.10042474051471642
0.1004246896786602
0.10042463855703102
0.1004245871488773
0.1004245354375851
0.10042448338665737
0.10042443103275138
0.1004243783902261
0.1004243254464796
0.1004242721951775
0.10042421863687638
0.10042416474066164
0.10042411053339553
0.10042405602105449
0.10042400119635554
0.10042394605699992
0.10042389060468826
0.10042383483751993
0.10042377875061267
0.10042372233956728
0.10042366560266046
0.10042360853756876
0.10042355113733754
0.10042349340662089
0.10042343535689267
0.10042337699115648
0.10042331830285281
0.10042325926956318
0.10042319989558586
0.10042314007738207
0.10042307958825109
0.10042301878064343
0.10042295763826138
0.10042289614982698
0.10042283431945574
0.10042277214971679
0.10042270963651205
0.10042264677454543
0.10042258355788457
0.10042251999394966
0.10042245609658522
0.10042239184909219
0.10042232722863792
0.10042226224933229
0.10042219691567056
0.10042213122971619
0.100422065187684
0.10042199878022541
0.10042193202183003
0.1004218649102667
0.10042179743958306
0.1004217295995755
0.10042166138238653
0.10042159277890826
0.10042152378632326
0.10042145441620148
0.1004213846792193
0.10042131457738944
0.10042124410513774
0.10042117324986682
0.10042110199772832
0.10042103034589649
0.10042095830899311
0.10042088590337288
0.10042081312566621
0.10042073997072336
0.10042066641658638
0.10042059243365051
0.10042051805948785
0.10042044332595894
0.10042036820648713
0.1004202926858103
0.10042021678169313
0.10042014048948901
0.10042006379468975
0.10041998668990744
0.10041990917834535
0.10041983126849464
0.10041975296714324
0.1004196742577654
0.10041959511199407
0.10041951552267932
0.10041943550078865
0.10041935505918737
0.10041927420600773
0.10041919293646104
0.10041911123756762
0.1004190291017462
0.10041894653247606
0.10041886353602507
0.10041878012510129
0.10041869630104898
0.10041861204986927
0.10041852734972549
0.10041844221565013
0.10041835663920552
0.10041827061741172
0.10041818417995763
0.10041809727682695
0.10041800992838845
0.10041792213308122
0.10041783388501627
0.10041774518498739
0.1004176560260916
0.10041756640002453
0.10041747631598821
0.10041738578276262
0.10041729479607832
0.10041720335255444
0.10041711145538505
0.10041701910096938
0.10041692626206514
0.10041683291643148
0.10041673909042478
0.10041664479252906
0.10041655003032726
0.100416454802487
0.10041635909418799
0.10041626288677373
0.10041616617648809
0.1004160689765542
0.10041597134795872
0.10041587321021352
0.10041577459045753
0.1004156754707799
0.10041557585015265
0.10041547572915487
0.10041537509317247
0.10041527392830259
0.10041517225932342
0.1004150701069124
0.1004149674681513
0.10041486429536269
0.10041476059428808
0.1004146563844667
0.10041455165621513
0.10041444639883362
0.10041434061281901
0.10041423430766318
0.10041412750010327
0.10041402017533108
0.10041391228120793
0.1004138038366175
0.10041369484560023
0.10041358532313464
0.10041347525477015
0.10041336463016758
0.10041325346347679
0.10041314180660525
0.10041302952448537
0.10041291669674784
0.10041280332750964
0.10041268941852018
0.10041257498914331
0.10041245995488264
0.10041234438094374
0.1004122282722379
0.10041211152849007
0.10041199419650058
0.10041187628784853
0.10041175779999274
0.10041163873813694
0.10041151912196251
0.10041139896645278
0.10041127817924837
0.1004111567606494
0.10041103475905111
0.10041091217935703
0.10041078902280173
0.10041066530340459
0.10041054101695158
0.10041041610197365
0.10041029052368959
0.10041016431349875
0.10041003746990045
0.10040991001054711
0.10040978196399862
0.10040965331973054
0.10040952396961043
0.10040939401747868
0.1004092634671417
0.10040913232214474
0.10040900056585515
0.10040886818064002
0.10040873506869713
0.1004086012444574
0.10040846679747616
0.10040833172934033
0.10040819604701501
0.10040805982645516
0.1004079228410084
0.10040778515945743
0.10040764685631157
0.10040750793300851
0.10040736831380413
0.10040722807576359
0.10040708714818417
0.10040694550785717
0.10040680313994295
0.10040666006851506
0.10040651633083544
0.10040637197671987
0.10040622692174507
0.10040608115763229
0.10040593470833872
0.1004057875401649
0.10040563966001144
0.10040549108309572
0.10040534176796674
0.10040519171386507
0.10040504100416
0.1004048896438363
0.10040473759368593
0.10040458478165072
0.1004044311208528
0.10040427673629114
0.10040412164527238
0.1004039658704751
0.10040380940051329
0.10040365208807096
0.10040349395600193
0.10040333509020469
0.10040317544976932
0.10040301512079221
0.10040285408295314
0.10040269219307213
0.10040252950874436
0.100402366142784
0.1004022021145449
0.10040203731067518
0.10040187154821972
0.10040170502298967
0.10040153767907095
0.10040136961733157
0.10040120083843265
0.10040103119593603
0.10040086080367863
0.10040068957981879
0.10040051749059394
0.10040034463159363
0.10040017090539809
0.10039999637730232
0.10039982116028179
0.10039964510437269
0.10039946816451048
0.1003992903104337
0.10039911159945697
0.10039893210415202
0.10039875183195235
0.1003985706944719
0.10039838859236873
0.10039820556104702
0.10039802169259852
0.10039783710100869
0.10039765164458227
0.1003974651380643
0.10039727775460415
0.10039708955210307
0.10039690055773702
0.10039671073903116
0.10039651997377559
0.10039632831431167
0.10039613573061855
0.10039594222844857
0.10039574773623905
0.10039555226248681
0.10039535590756689
0.10039515868851236
0.1003949607196765
0.10039476174873053
0.10039456189448664
0.100394361029379
0.10039415919260404
0.10039395645299232
0.1003937527148837
0.10039354819564444
0.10039334284452277
0.10039313642910555
0.10039292880243757
0.10039272028147621
0.1003925108665842
0.10039230078943186
0.10039208937566217
0.10039187691195305
0.10039166340089489
0.10039144907185123
0.10039123401595343
0.10039101767183667
0.10039080018366033
0.1003905817837774
0.10039036263691954
0.10039014229338764
0.10038992089343554
0.1003896984425424
0.10038947503222434
0.10038925066387235
0.10038902512731195
0.10038879851338066
0.10038857094194689
0.1003883423890654
0.10038811272635609
0.10038788193956458
0.10038765008352615
0.10038741724656862
0.10038718322769728
0.1003869480673916
0.10038671186204438
0.10038647473659564
0.10038623650834075
0.10038599710044678
0.10038575650140204
0.10038551476561512
0.10038527186220926
0.10038502785764088
0.1003847829584931
0.1003845370991367
0.10038428991834202
0.10038404130451993
0.10038379164039744
0.10038354104796128
0.10038328928957642
0.10038303610024384
0.10038278172986775
0.10038252640628116
0.1003822700893063
0.1003820124505743
0.10038175344225996
0.1003814932944596
0.10038123209382221
0.10038096959968891
0.10038070574454415
0.10038044081947885
0.10038017485408707
0.10037990762920035
0.10037963910883196
0.10037936940146143
0.10037909844123467
0.10037882617206652
0.10037855258663352
0.10037827768539892
0.10037800181310869
0.10037772444430683
0.10037744591204652
0.10037716605624768
0.10037688520656093
0.10037660287302914
0.1003763192847629
0.10037603421265903
0.10037574815476842
0.10037546042654173
0.1003751713404537
0.10037488112229
0.1003745898143375
0.10037429710090535
0.10037400310883249
0.10037370784221772
0.1003734112521166
0.10037311313779988
0.10037281411230742
0.10037251346109839
0.10037221111656182
0.10037190727036881
0.10037160242896967
0.10037129686130145
0.10037098931494966
0.10037067993423439
0.10037036927795229
0.10037005796373488
0.10036974470349451
0.10036942988138797
0.10036911364600229
0.10036879637430385
0.10036847722993233
0.10036815660934086
0.10036783476164682
0.10036751180842826
0.1003671870016124
0.10036686054796956
0.10036653272600453
0.10036620355109087
0.10036587276296415
0.10036554047451277
0.10036520696173848
0.10036487174565055
0.10036453485384633
0.1003641964299932
0.10036385667150961
0.10036351531631729
0.10036317236103251
0.10036282794695771
0.10036248200296763
0.1003621343612916
0.10036178509532526
0.10036143451493088
0.10036108218637911
0.10036072826398267
0.10036037281086191
0.10036001578810437
0.1003596569426888
0.10035929645301482
0.10035893453220977
0.100358571028467
0.10035820585947954
0.10035783903919887
0.10035747061449139
0.10035710025182377
0.1003567282600772
0.10035635484167743
0.10035597971013109
0.10035560272685706
0.10035522422047466
0.1003548443169785
0.10035446211705126
0.10035407787044576
0.10035369249266496
0.10035330588804363
0.10035291706155282
0.10035252596777393
0.10035213358080565
0.10035173978794801
0.10035134383615828
0.10035094577175047
0.10035054630863081
0.10035014529852761
0.1003497422529663
0.10034933733088186
0.10034893055651609
0.10034852186922522
0.1003481114748955
0.10034769965924954
0.10034728594654597
0.10034686981161592
0.10034645182325179
0.10034603232334781
0.10034561102761463
0.10034518769878015
0.10034476247373564
0.10034433535751067
0.10034390622659412
0.100343475427491
0.10034304267676027
0.10034260774448565
0.10034217084512423
0.10034173216285497
0.10034129176879426
0.1003408490360806
0.10034040441931384
0.10033995775804067
0.10033950916178908
0.10033905862483704
0.1003386063420772
0.10033815182742109
0.1003376950501657
0.10033723648673339
0.10033677596048915
0.10033631314448557
0.10033584843277206
0.10033538162207785
0.10033491256551291
0.10033444150611219
0.10033396876751706
0.1003334938137583
0.10033301622577698
0.100332536948479
0.10033205562784943
0.10033157179629731
0.10033108604216698
0.10033059848723284
0.10033010830792678
0.10032961551892336
0.10032912150917586
0.1003286255878314
0.10032812603724728
0.10032762460348339
0.10032712181435813
0.10032661681007725
0.10032610853358134
0.10032559871977421
0.10032508722893077
0.10032457237916241
0.10032405520873046
0.10032353662553362
0.10032301599627665
0.10032249186336092
0.10032196562658122
0.10032143785212394
0.10032090763729991
0.10032037474353708
0.10031983956540298
0.1003193018274601
0.10031876197884984
0.10031821993482042
0.10031767526559862
0.1003171280156749
0.10031657852752181
0.10031602688752952
0.10031547245818129
0.10031491569902118
0.10031435695962006
0.1003137951194598
0.10031323076336686
0.10031266412881185
0.1003120952701298
0.10031152403306191
0.10031095004012903
0.10031037334596413
0.10030979397369008
0.10030921269835648
0.10030862905958693
0.10030804187104324
0.10030745242746351
0.10030686070363336
0.1003062664732517
0.1003056695432705
0.10030506978050065
0.10030446756792857
0.10030386252667149
0.10030325529941232
0.10030264525179418
0.10030203211592503
0.10030141699290213
0.10030079902556786
0.10030017770715816
0.10029955412885633
0.10029892817395304
0.10029830009488147
0.10029767039080685
0.10029703834301038
0.1002964032100191
0.1002957651551123
0.10029512486720293
0.10029448171405482
0.10029383494249036
0.10029318640875404
0.10029253537620307
0.10029187990624788
0.10029122212952622
0.10029056253244151
0.10028989938438357
0.10028923299474263
0.1002885644134413
0.10028789282654677
0.10028721743623434
0.10028654024874376
0.10028586049932284
0.1002851759367302
0.10028448934975386
0.10028380117456208
0.10028310836946543
0.10028241208358747
0.10028171393910541
0.1002810131494735
0.10028030821505766
0.1002796006189592
0.10027889082906315
0.10027817682027301
0.10027745980788626
0.10027674038906526
0.10027601741748567
0.10027529140616341
0.10027456268644615
0.10027383055763625
0.10027309525016613
0.10027235672202865
0.10027161473708923
0.10027086963972477
0.10027012176238446
0.10026937032685675
0.10026861557235313
0.10026785807537424
0.10026709720365587
0.10026633247611998
0.10026556488937521
0.10026479474072292
0.10026402044304228
0.10026324253504484
0.10026246196826809
0.10026167763700962
0.10026089029113701
0.10026009948592206
0.10025930471967552
0.10025850727735881
0.10025770626202418
0.10025690152253204
0.10025609351431496
0.10025528221801883
0.10025446742150763
0.10025364887893576
0.10025282716434297
0.10025200184956759
0.10025117259956837
0.10025034049680204
0.10024950483857992
0.1002486648768517
0.10024782185992592
0.10024697525208834
0.10024612473680171
0.10024527133410226
0.10024441368480588
0.10024355190300449
0.10024268730873126
0.10024181880200454
0.10024094597360621
0.1002400701417529
0.10023919099227592
0.10023830714608989
0.10023741969749457
0.10023652924656495
0.10023563435663857
0.10023473569700952
0.10023383385096922
0.1002329274560635
0.10023201698051788
0.10023110355923695
0.10023018574438222
0.10022926334487495
0.10022833861729553
0.10022740952976313
0.10022647501226557
0.10022553860062278
0.10022459805880166
0.10022365133350834
0.10022270051220103
0.10022174579855755
0.10022078536212471
0.10021982149138255
0.10021885487332481
0.10021788305802412
0.10021690651631021
0.10021592723150081
0.10021494352912226
0.10021395606352054
0.10021296583262684
0.10021197130233526
0.1002109713591607
0.1002099687094244
0.10020896187232334
0.1002079489765905
0.10020693284938713
0.10020591317425571
0.10020488802099564
0.10020385878994696
0.10020282595036635
0.10020178842385263
0.1002007463507654
0.1001996999408968
0.10019864922132346
0.10019759400648082
0.10019653326570954
0.10019546763166907
0.10019439840749263
0.10019332434425583
0.10019224482839555
0.10019116172093745
0.10019007414125601
0.10018898129449515
0.1001878844449205
0.10018678369204526
0.1001856766785313
0.10018456549840805
0.1001834496413248
0.10018232841762091
0.10018120239317047
0.1001800724173931
0.10017893776077624
0.10017779759666244
0.10017665345585813
0.10017550495836583
0.10017435031133923
0.10017319124939734
0.10017202750356324
0.10017085875047244
0.10016968536602473
0.10016850673672609
0.10016732376776728
0.10016613600219454
0.10016494232258409
0.1001637449682318
0.10016254388166991
0.10016133640092195
0.10016012445782686
0.10015890877157536
0.10015768638422468
0.10015645890300374
0.10015522748898276
0.100153989665853
0.10015274726255584
0.10015150027569378
0.10015024694406434
0.1001489888181498
0.1001477265136944
0.10014645738370449
0.10014518336083966
0.10014390577472856
0.10014262075808061
0.10014133054928918
0.10014003674131143
0.1001387354322517
0.10013742884883942
0.10013611920344187
0.10013480213815897
0.10013347954666307
0.10013215396097705
0.10013082037606771
0.10012948078634953
0.10012813839464779
0.10012678791277468
0.10012543142756461
0.10012407209784922
0.10012270584141157
0.10012133249149689
0.10011995557275664
0.10011857317177314
0.10011718292904066
0.10011578728668803
0.10011438194568137
0.10011296845249223
0.10011155132758011
0.10011012946764943
0.10010869797721442
0.10010726352597202
0.10010582470601756
0.1001043744192414
0.1001029213353457
0.10010146542051536
0.10009999727409527
0.1000985248231831
0.10009705062389926
0.1000955650259987
0.10009407363362628
0.10009258087665743
0.10009107793691029
0.10008956800059296
0.10008805600198237
0.10008653483847323
0.10008500615459621
0.10008347511544535
0.100081935284302
0.10008038786450162
0.10007883717320644
0.10007727876659024
0.10007571258961445
0.10007414253950042
0.10007256561356997
0.10007098011002814
0.10006938991681592
0.10006779357410542
0.10006618899580358
0.10006457935694969
0.10006296329362989
0.1000613392235573
0.10005970956403065
0.10005807287324163
0.10005642897739003
0.10005477975821181
0.10005312248827308
0.1000514584405501
0.10004978907301866
0.10004811131197423
0.1000464285104203
0.10004473986341375
0.10004304148443936
0.10004133835738607
0.1000396293342694
0.10003790991534019
0.10003618565247299
0.10003445545812455
0.10003271481729317
0.10003096888004491
0.10002921756792812
0.10002745668135213
0.10002568944324505
0.10002391601235573
0.10002213369368289
0.10002034506461226
0.1000185497379831
0.10001674577166053
0.1000149356775325
0.10001311850436537
0.10001129246587138
0.10000946006574145
0.10000762011965061
0.10000577120678154
0.10000391638389497
0.10000205411242614
0.10000018329072022
0.09999830651784376
0.09999642146406132
0.0999945276758718
0.09999262772367942
0.09999071923894425
0.09998880164461998
0.09998687872520479
0.09998494766122998
0.09998300676619144
0.09998106060009841
0.09997910650441982
0.09997714186128494
0.09997517183453156
0.09997319418500115
0.09997120568688082
0.09996921136091935
0.09996721502686985
0.09996520851201213
0.09996319636869053
0.0999611760906571
0.09995914572744584
0.09995710962141252
0.09995506467543622
0.09995300974170088
0.09995094879419747
0.09994887838913045
0.09994679858156545
0.09994471323919608
0.09994261789367709
0.09994051306365209
0.09993840259481572
0.09993628173318872
0.09993415181349068
0.09993201607676323
0.09992986875767904
0.09992771225524186
0.09992555077687364
0.09992337789217373
0.09992119533818099
0.09991900765867112
0.09991680895903207
0.09991460051574451
0.09991238667329297
0.09991016156863816
0.09990792631887856
0.0999056853424108
0.09990343304175404
0.0999011710408914
0.09989890369450291
0.09989662468449169
0.09989433587813286
0.09989204129848847
0.09988973119113256
0.09988740935837791
0.09988508216511548
0.09988274263771149
0.09988039312707057
0.0998780380394645
0.09987567021396251
0.09987329214089967
0.09987090918222033
0.09986851349260881
0.09986610690262614
0.0998636989779738
0.09986127782784451
0.09985884602852255
0.09985641014852296
0.09985395997178352
0.09985149844323546
0.09984903108668311
0.09984654904817068
0.09984405167711469
0.09984155038395018
0.09983903710899161
0.09983651119682263
0.09983398197855538
0.09983144141492559
0.0998288884093502
0.0998263312723886
0.09982376084963157
0.0998211783484432
0.09981859122750511
0.09981599040551968
0.09981337715518267
0.09981075734739747
0.09980812492891863
0.09980548098038822
0.09980282945915318
0.09980016635894588
0.09979749186125551
0.09979480869354854
0.09979211445072265
0.09978940823457443
0.09978669296154465
0.0997839676557503
0.09978122845102343
0.09977847924650328
0.09977572064734246
0.0997729497372083
0.09977016695095461
0.09976737448511284
0.09976457193352806
0.09976175654263855
0.09975892944468902
0.09975608375744904
0.0997532235523341
0.09975035277776065
0.09974747474715115
0.09974458151531601
0.09974167637820534
0.09973876435526158
0.09973583658369062
0.09973289667777083
0.0997299506452494
0.09972698884963731
0.09972401472153299
0.09972103346619506
0.09971803648525282
0.0997150278844258
0.09971200962121786
0.09970897788277668
0.09970593421400234
0.09970287935802073
0.09969981388765763
0.09969673560541058
0.09969364467356287
0.09969054521225369
0.09968743195967344
0.09968430525660718
0.09968116877761769
0.09967801996186794
0.09967485676606805
0.09967168266037145
0.09966849884638669
0.09966529963510129
0.09966208672344228
0.0996588651447927
0.09965562885411153
0.09965237795624256
0.09964911885532585
0.0996458458357132
0.09964255593872583
0.0996392572382629
0.09963594534671558
0.09963261668840508
0.09962928078694167
0.09962593122449558
0.09962256498941907
0.09961920056314162
0.09961582168155972
0.09961242536139926
0.0996090215599177
0.09960560309253697
0.099602168218346
0.099598726158069
0.09959526813966711
0.09959179339997008
0.09958831104568774
0.09958481205389993
0.09958129634652362
0.09957777298019167
0.0995742341910588
0.09957067896144939
0.09956711408899872
0.09956353316572929
0.09955993662736055
0.09955633049351488
0.09955270763905924
0.09954906978671481
0.09954541528581799
0.09954174225792116
0.09953805498946668
0.09953435842331726
0.09953064261739589
0.099526912983744
0.0995231729219316
0.09951941098666502
0.0995156377026496
0.0995118564601424
0.09950805210952636
0.09950423637722022
0.09950041647663946
0.09949657408836782
0.09949272242381149
0.09948884823922755
0.09948495372660661
0.09948105185808769
0.09947714121989783
0.0994732052583371
0.09946925826105911
0.09946530274059012
0.09946132212322878
0.09945732940803421
0.09945332835250006
0.09944930294656218
0.09944526322618674
0.09944121408937628
0.09943714115591729
0.09943305511659317
0.09942895872296915
0.09942483972487469
0.09942070838456214
0.09941656526735945
0.09941239836992959
0.09940821893105359
0.09940402788589849
0.09939981265834077
0.09939558580044859
0.09939133973485516
0.09938706006533428
0.09938277011621376
0.09937846797768274
0.09937413765326161
0.09936979783915227
0.0993654470937003
0.09936106850173464
0.09935667985020527
0.09935227921598035
0.09934785064504541
0.09934341112465389
0.09933896012152545
0.09933448147799814
0.09932999070636375
0.09932549203582146
0.09932096617538755
0.09931642643310175
0.09931187740776182
0.09930730125196476
0.09930271035573392
0.09929810957278438
0.09929348011318266
0.09928883518619946
0.09928418231774969
0.09927950230057835
0.09927480496538435
0.09927010975135092
0.09926539164006318
0.0992606571299828
0.09925590976797947
0.0992511396925838
0.09924635269889198
0.09924155041287898
0.09923672568060483
0.09923188427645943
0.09922702640401697
0.09922214913497322
0.09921725351586856
0.09921233844755904
0.09920740788182697
0.09920244944623814
0.09919746744400047
0.09919246968728865
0.09918745203209905
0.0991824134105432
0.09917735916592306
0.09917228582789053
0.09916719108502454
0.09916208002835106
0.09915695338904854
0.0991518057466226
0.09914664460916471
0.09914146142426179
0.09913624667910874
0.09913101730272236
0.09912577110447471
0.0991205022879891
0.09911522131458801
0.09910991548142996
0.09910458709107649
0.09909924939661721
0.09909388612559134
0.09908849668799176
0.0990831001340245
0.09907767755347831
0.09907222611430673
0.09906676748897018
0.09906128393252113
0.09905577206392341
0.09905024868897747
0.09904470247022513
0.0990391330838279
0.0990335473988623
0.09902793893790542
0.0990222944612451
0.09901662380867746
0.0990109303101798
0.09900521885673963
0.09899948509290118
0.09899372709792098
0.0989879511392543
0.09898215460386167
0.09897633224571184
0.09897049038461167
0.09896463457624659
0.09895875022580576
0.09895284470717981
0.09894692665232549
0.09894097497161251
0.09893500227493794
0.09892902025201558
0.09892301565116822
0.09891699868350555
0.09891096969166588
0.09890489984485899
0.09889881566423014
0.09889271999911034
0.09888658089146582
0.0988804285531077
0.09887426752755495
0.09886806280865951
0.09886183353655989
0.09885558896031696
0.09884930007085704
0.09884299639461348
0.09883668477447018
0.09883032833971446
0.09882396311865718
0.09881758649280131
0.0988111634270019
0.0988047255360953
0.0987982756311099
0.09879178046682954
0.09878525983060818
0.09877871674710471
0.09877213604786139
0.09876555458115502
0.09875895723999971
0.09875231565948524
0.09874565979549002
0.09873898653451672
0.09873227322605764
0.09872554317589557
0.09871879622431788
0.09871201152577785
0.09870520793864605
0.09869838482667916
0.09869152557786971
0.09868464596739927
0.09867774670648868
0.0986708116727802
0.09866385563982207
0.09865686879566408
0.09864983376255251
0.09864277616704378
0.09863569909963026
0.09862858537813605
0.09862144972308272
0.09861429303898607
0.09860709886028786
0.09859989005263932
0.09859266178968992
0.09858539408925517
0.09857812232478962
0.09857083716090215
0.09856351081837637
0.0985561662811863
0.0985488016669389
0.09854139463462064
0.09853396730093324
0.09852651845583761
0.09851901477704779
0.09851148636189273
0.0985039410457324
0.09849636286403171
0.09848876189966946
0.09848114414361213
0.09847348580079905
0.09846579666802883
0.09845808903736426
0.09845034410249924
0.09844257205595913
0.0984347650673627
0.09842691171606359
0.09841903532538808
0.09841114879667567
0.0984032333161211
0.09839528597193185
0.09838732316705587
0.09837931766626751
0.09837128314891859
0.09836323672019935
0.09835514305054979
0.0983470188015292
0.09833888764677602
0.09833070576665395
0.09832248914533326
0.09831427135868497
0.09830599849940969
0.098297690886919
0.09828935843616475
0.09828096797779402
0.09827253897532748
0.09826410536821388
0.09825562457820347
0.09824710537463462
0.0982385875745768
0.09823005335906128
0.09822147036615807
0.09821287998206944
0.09820425886537255
0.0981955805658207
0.09818688014988147
0.09817814685519166
0.0981693583960675
0.09816056390390678
0.0981517410359465
0.09814286233915147
0.09813396825442543
0.09812504510498964
0.09811607587031365
0.09810708738270679
0.0980980680085478
0.0980889879838928
0.09807986779899855
0.09807071377766859
0.0980615551160817
0.09805234585863801
0.09804310813315037
0.09803385793039134
0.09802456658416803
0.09801523114855137
0.09800587799873095
0.09799648598416341
0.09798704784496638
0.09797758997349128
0.09796810034042247
0.0979585630899144
0.09794899979321965
0.09793940695989398
0.09792975850269572
0.09792005550007307
0.09791032018201405
0.09790054728994661
0.09789076654347699
0.09788096197890757
0.09787112203807222
0.09786123925856992
0.09785130765349231
0.09784134681078925
0.09783134135689187
0.09782131231911524
0.09781124515810892
0.09780113362528721
0.09779099633749105
0.09778082011120581
0.09777060054666799
0.09776035727329561
0.09775006963635262
0.09773969816948168
0.09772930238314255
0.09771888307946794
0.09770843021535648
0.09769794025976385
0.09768741985447711
0.09767685707040444
0.09766627052187038
0.0976556478952635
0.09764497102958247
0.09763427061110068
0.09762352949034399
0.09761273580536169
0.09760191743962843
0.09759106254446664
0.09758016160799163
0.09756921153475603
0.0975582172553744
0.09754719803540104
0.09753613204183056
0.0975250274227899
0.09751388310537272
0.09750269326708381
0.09749146392961308
0.0974801946373597
0.0974688832198667
0.0974575350347325
0.09744614784459081
0.09743472155450753
0.09742325174815121
0.09741173404103734
0.09740015523310806
0.09738852662831457
0.09737684194941074
0.0973651579937877
0.09735343396769393
0.0973416452151316
0.09732983504090276
0.09731799517058687
0.09730608627268196
0.09729415771778692
0.09728219340692691
0.0972701611464729
0.0972580997473033
0.09724601275381903
0.0972338539233647
0.09722168331545931
0.09720949210715428
0.09719719653309976
0.09718484052089922
0.09717247301803332
0.09716004586998672
0.0971475660628952
0.09713507418569292
0.09712251791133265
0.09710990412414175
0.09709727680222968
0.09708458549884737
0.09707183962136766
0.09705902726577925
0.09704617157292646
0.09703324453583821
0.09702031441556908
0.0970073573748726
0.09699430344119166
0.0969812242934524
0.09696813852216912
0.09695496844557291
0.09694177618492109
0.09692854803708889
0.09691522604681002
0.0969018862996389
0.09688855409048241
0.09687515585742226
0.09686169539413955
0.0968481749415697
0.09683456772529526
0.09682091620248874
0.09680724116559936
0.09679350880592297
0.09677971479596159
0.09676589352067838
0.09675201306469877
0.09673806453354408
0.09672407239302518
0.09671000075643008
0.09669585138167457
0.09668170825993824
0.09666753234586095
0.09665326098256798
0.09663896694523111
0.0966246173391587
0.09661019926870226
0.09659575761412031
0.09658128391544432
0.09656674643899109
0.09655220710409725
0.09653761965692217
0.09652294877902828
0.09650821844281142
0.09649345409175135
0.09647858025152245
0.0964636386208148
0.09644868403530629
0.09643367558153962
0.09641858401315206
0.09640346465034297
0.09638827181809988
0.09637296773488421
0.09635764210620545
0.0963422763247788
0.09632685242950492
0.09631137753004614
0.09629584088097515
0.09628023762285531
0.09626461093875814
0.0962489650195055
0.09623325238510913
0.09621749317613106
0.09620171569161791
0.0961858458203322
0.09616991188148738
0.09615397110676753
0.09613791498251817
0.09612174798208109
0.09610558121016011
0.09608934274364586
0.0960730110784573
0.09605665212648559
0.09604020215772088
0.09602364015287847
0.09600702879022177
0.09599044581612572
0.09597377331796692
0.0959570138145906
0.09594026943442167
0.09592342977429354
0.09590651154043492
0.09588961332387758
0.09587265198677179
0.09585560375932262
0.09583852293573535
0.09582138370280381
0.09580416678201319
0.09578688983621778
0.09576951948622145
0.09575207105496905
0.09573454964422001
0.09571696107002978
0.09569927099570123
0.09568150213359052
0.09566369728571555
0.09564588462627817
0.0956280104737529
0.09561006226276639
0.09559205193787705
0.09557395821596779
0.09555586448872361
0.09553770016104679
0.09551948880125272
0.09550122086655279
0.09548286815973561
0.09546447179833734
0.09544600983196405
0.09542744345767239
0.09540878399847898
0.09539004447039202
0.09537119406249926
0.09535226375636077
0.095333291834567
0.09531432786736717
0.09529527072310233
0.09527615194754765
0.09525691994115411
0.09523766543923406
0.09521836272583899
0.09519902727523176
0.09517962721876629
0.09516015056719677
0.09514060728106245
0.09512099445779437
0.09510130001294065
0.09508155928491603
0.09506168167870242
0.09504164518705559
0.09502158633170357
0.09500146227876603
0.09498129172136748
0.09496107389290638
0.09494074026624776
0.09492036313714221
0.09489993416957682
0.09487945585730793
0.09485891842320524
0.0948383005343488
0.09481763865487476
0.09479689471104033
0.09477605794127814
0.09475517007679822
0.09473423015996377
0.0947130805703664
0.09469185645713606
0.09467057966480831
0.09464925309237787
0.0946278112670947
0.09460633063155016
0.09458481045261807
0.0945632028096616
0.09454153642950548
0.09451979763814165
0.09449800933818464
0.09447613694854005
0.0944541831958342
0.09443218224170886
0.09441013376819536
0.09438794946036415
0.09436559208993506
0.09434316372584362
0.09432064686363205
0.09429803781494107
0.09427545166233114
0.09425279416224898
0.09423001100933573
0.09420715245567836
0.09418425132040684
0.09416129597512998
0.09413822923874443
0.09411515781854818
0.09409203409105503
0.09406874172413503
0.09404534799806859
0.09402186868852291
0.09399814822117293
0.09397439665373991
0.09395069177160334
0.09392691472957058
0.09390300420683985
0.09387902935823594
0.0938550061569267
0.09383084455596352
0.0938066973221608
0.09378251185253472
0.0937581914463505
0.09373373235644437
0.09370917997972485
0.09368447423009406
0.09365957353847784
0.09363476378461708
0.09360989141310258
0.09358489404711394
0.09355982878510316
0.09353469129172673
0.09350944373592471
0.09348416399931275
0.09345886121588744
0.09343342815010362
0.09340785046311
0.09338211095220449
0.09335626667402644
0.09333028464021488
0.09330438017396607
0.09327840084673278
0.0932522366144516
0.09322601692522695
0.09319978018522246
0.09317342270464396
0.09314695064700318
0.0931204957551739
0.09309389755452069
0.0930669816165253
0.09304004509113932
0.09301308359938372
0.09298609010671319
0.09295895923605993
0.09293180415758798
0.0929045431101997
0.09287712741301192
0.09284969286784595
0.09282215696979043
0.09279448192011923
0.09276667158014673
0.09273873342597407
0.09271065032597553
0.09268253461400565
0.09265450353179884
0.09262632629017138
0.09259800020301728
0.09256958886319482
0.09254109795915276
0.09251246128837938
0.09248372115580338
0.0924548799594531
0.09242583305338256
0.09239665075557371
0.09236750235266467
0.09233833921497685
0.09230915795586472
0.09227980918992318
0.09225034723850972
0.09222071712473408
0.09219097981778378
0.0921611749280355
0.0921311731461936
0.09210096019395715
0.09207070971865883
0.0920405083005661
0.09201023940249235
0.09197995009835627
0.09194960046599956
0.09191899435149516
0.09188820427755497
0.09185735896295658
0.09182637416369717
0.09179513987460715
0.09176377065530725
0.0917325645483092
0.0917012460617804
0.09166983590408304
0.09163844055171722
0.09160691291691986
0.09157513052650759
0.09154312582594744
0.0915110812492319
0.0914788424895787
0.0914463993586616
0.09141409586809593
0.09138169310533363
0.09134923957988016
0.09131672633044813
0.09128415030568432
0.09125134103898667
0.09121824293569551
0.0911850710979954
0.09115169010742588
0.091118263754652
0.09108481591578714
0.09105130847012896
0.091017768744317
0.09098418211851994
0.09095046798737134
0.09091646615979167
0.09088228535843398
0.09084794362264832
0.09081343578953152
0.09077895425340655
0.09074443058270559
0.09070980333077154
0.09067513278177308
0.09064037047563779
0.09060546616150576
0.09057025539477434
0.09053489939503333
0.0904993851261591
0.0904638879599396
0.09042819371568944
0.0903924871868496
0.0903568180912935
0.09032094119435527
0.09028490759164028
0.09024877805481428
0.09021237991541264
0.090175803123673
0.09013917970313608
0.09010246103620084
0.09006568933487252
0.09002880285760718
0.08999184319005057
0.0899548118481919
0.0899175857129307
0.08988007125636051
0.08984248748566064
0.08980477540217684
0.08976691059311408
0.0897289679592236
0.08969100572520483
0.08965295625504736
0.08961475714045343
0.08957641206528799
0.0895378438351106
0.08949911772127839
0.08946022566153597
0.0894211385602154
0.08938217686231371
0.08934310750388012
0.08930394212870432
0.08926460672518936
0.08922510130959165
0.08918531640409126
0.0891453711121198
0.08910526811843066
0.08906523797163562
0.08902513827737712
0.08898488480824553
0.08894454656556178
0.0889040251419374
0.08886322564216462
0.08882214760558511
0.08878101627056338
0.08873994505857961
0.0886987361727595
0.08865742787540806
0.0886160362633197
0.08857448783294902
0.08853254653981159
0.08849041043598382
0.08844826550413852
0.0884060942479401
0.08836374541709965
0.08832145519717265
0.08827893857446732
0.0882362099797266
0.08819316442148963
0.08814993821412552
0.08810676488024666
0.08806342536913041
0.08802016185967673
0.08797666939116573
0.08793295789174353
0.0878890502106223
0.08784488295675677
0.0878006321187636
0.0877562338460179
0.08771197992446632
0.0876676028085302
0.08762285468338757
0.08757789015962643
0.08753278230703428
0.08748750033018855
0.08744214610964306
0.08739691049512514
0.08735142585324568
0.08730568166892187
0.08725968190011758
0.08721357322395124
0.08716728438923345
0.0871210257038482
0.08707472150587243
0.08702808611819703
0.08698129940023236
0.08693428006686503
0.08688710170897666
0.08683985720306943
0.08679277794172181
0.08674519029210848
0.08669744001864521
0.08664958257333606
0.08660158042380246
0.08655331800529112
0.08650521197487687
0.08645694253242696
0.08640825247881093
0.08635935457164343
0.08631036024330328
0.08626134145810675
0.08621231271579809
0.08616300628494125
0.08611339656744417
0.08606367869534753
0.08601370909788904
0.08596363506851856
0.0859136087034208
0.08586361382171508
0.08581300315456707
0.0857621509159887
0.08571137576952287
0.08566043282942905
0.08560928034236495
0.0855582112045259
0.08550687892340245
0.08545511005405436
0.08540320485605174
0.08535122966725661
0.08529921590341348
0.08524717398302675
0.08519480288022789
0.08514207031261961
0.08508926218422605
0.08503624992930367
0.08498313329719821
0.08493016917766483
0.08487683658636372
0.08482306976280422
0.08476919168226356
0.08471523596924233
0.08466119207002928
0.08460708488244818
0.08455268854375725
0.08449810535220141
0.08444324716760579
0.08438810806989759
0.08433301218727245
0.08427799249925055
0.08422267621784182
0.08416691504163164
0.08411081635870422
0.08405481891119526
0.08399893062881789
0.08394268995065038
0.08388623660672946
0.08382931129916171
0.08377232667378552
0.08371536045549317
0.08365837139433789
0.08360100550509557
0.08354343964038313
0.08348545563847104
0.08342754599170839
0.08336961263153786
0.08331139367380609
0.08325288866543157
0.08319412033147154
0.08313524246059349
0.08307639126178164
0.083017305456998
0.08295780921146986
0.08289815192823899
0.08283848365244183
0.0827786228976478
0.08271855063743801
0.08265806095878217
0.08259758225278817
0.08253720948326662
0.08247619357146672
0.08241514150051485
0.08235369689561635
0.08229239894685474
0.08223098582306339
0.08216909323153337
0.08210703746658095
0.0820446972333984
0.08198237655661336
0.08191999437141045
0.08185724297716465
0.08179409174921431
0.08173076143060182
0.081667559147594
0.08160422472665388
0.08154060777610594
0.08147630559397229
0.08141204688414577
0.08134790522706264
0.08128362417456719
0.08121883512704063
0.08115357864380139
0.08108845577492067
0.08102336508593262
0.0809580584303952
0.08089212323587741
0.08082584125884128
0.08075988481552275
0.08069376463661461
0.08062737553505316
0.08056029212888716
0.08049323290007629
0.08042628345448315
0.08035915370302585
0.08029141589098064
0.08022341590247481
0.08015554681712377
0.08008765851231583
0.08001927808736396
0.07995027264894798
0.07988152482992772
0.07981279788275443
0.07974363214392713
0.07967391202840003
0.07960412674662315
0.07953453833514876
0.07946457339030263
0.07939417392679467
0.07932333065635175
0.07925296110001627
0.07918211138258263
0.07911090768075249
0.07903913589960045
0.0789678106408252
0.07889615581279422
0.07882406330152304
0.0787515044488671
0.07867922686925438
0.07860674207753165
0.07853374978512162
0.07846036451959566
0.07838717930040104
0.07831374944900973
0.07823986401049877
0.0781656805660006
0.07809158154766489
0.07801724557886218
0.07794243564105732
0.07786738110318579
0.07779233800468431
0.07771708033884639
0.07764128766771848
0.07756545564868228
0.07748945317646685
0.07741318263100526
0.07733652923506175
0.07725985201550836
0.07718277821234308
0.0771055606821396
0.07702806313129397
0.07695051946314357
0.07687235051964195
0.07679422617805433
0.07671589399277098
0.07663733419011079
0.07655806958428621
0.07647910522391597
0.07639988000865097
0.07632026203370043
0.0762400149686284
0.0761601465482324
0.07607994215136153
0.07599928808207843
0.07591823006339458
0.07583725682315776
0.07575612541991765
0.07567436401239747
0.07559249214582756
0.07551046430529233
0.0754282542652418
0.07534557034561619
0.07526272563104697
0.07517958913763381
0.07509639489328733
0.07501268650919679
0.07492893765231066
0.0748448081466695
0.07476040879420152
0.07467578662416978
0.0745909343553614
0.0745058829038518
0.0744203497354808
0.07433487585968906
0.07424901433223957
0.07416270577338757
0.07407619362138312
0.07398970199894161
0.07390296078645185
0.07381537553954771
0.07372775297599955
0.07364056580424409
0.07355250571419437
0.07346386820363723
0.07337528700935514
0.07328687012437264
0.07319749729998754
0.07310792474185492
0.07301888153319673
0.0729286763925872
0.07283811431770797
0.07274809395471828
0.07265770937990357
0.0725662773803502
0.07247472358736554
0.07238371364738092
0.07229181729546792
0.07219920483379258
0.07210735732792638
0.07201484719851314
0.07192118281810683
0.07182821278597616
0.07173521045447871
0.07164087591409914
0.07154656382825261
0.07145298015094276
0.07135797289727781
0.07126252473346273
0.07116810516441967
0.07107214623696131
0.070976059861666
0.07088059427452056
0.07078388831850135
0.07068673937296605
0.07059027960908179
0.07049305389864512
0.07039489417757208
0.07029750419550397
0.07019919572103377
0.07010033594460248
0.07000203937320947
0.06990286296219667
0.06980305895549452
0.06970381310332245
0.06960381373172696
0.06950313720709451
0.06940285550420801
0.06930179906359381
0.06920041732421998
0.06909911919267456
0.0689971830870111
0.06889484341735087
0.0687924762102981
0.06868976658867777
0.06858650243866872
0.06848307107328423
0.06837932303395129
0.06827527995545751
0.06817074381473284
0.06806607120547843
0.0679611833262137
0.06785552651282427
0.06774981622560054
0.06764409805835861
0.06753751677851279
0.06743077800615109
0.06732398607762265
0.06721634567422072
0.06710851952328455
0.06700086461046256
0.06689247765291972
0.06678360754736723
0.06667469176626453
0.06656524953453868
0.06645542802529422
0.06634587811650612
0.0662351452083651
0.06612415430217587
0.06601347522937231
0.06590158297087943
0.06579012503004954
0.0656781791902782
0.06556518470060617
0.06545251706900797
0.0653395251135097
0.06522574334095103
0.06511190188587304
0.06499790059640703
0.06488294033365362
0.06476802168287032
0.06465264779928555
0.0645367541079705
0.06442105215798727
0.0643043808138503
0.06418750318007324
0.06407047526639024
0.06395261870774419
0.06383497603951335
0.06371665215408505
0.06359773167204248
0.0634787066712347
0.06335906770643084
0.0632396237557097
0.06311930049074267
0.06299855593491173
0.06287745145187458
0.06275602761113395
0.06263471808148442
0.06251216564732658
0.06238938831741855
0.062266419092051384
0.06214305521909038
0.0620197292957048
0.061895230923227886
0.06177051906501747
0.061645428508049965
0.061520195075628954
0.06139451891431197
0.06126811602504623
0.06114157921441171
0.061013829252565425
0.06088708033995711
0.06075879302954546
0.06063081880204264
0.060502056236148995
0.06037190481539461
0.06024339129224847
0.0601123698973203
0.059982830760160685
0.0598513743772928
0.05971968079654023
0.059588607096917594
0.05945537065831957
0.059323801576345245
0.059189729473061774
0.05905634696921212
0.05892238494254617
0.05878745875860453
0.0586531672261481
0.058516822996933865
0.05838142856196675
0.058244808732586716
0.0581082102164257
0.05797120909845475
0.05783269235144215
0.05769484071034491
0.057555139056254846
0.057416752651127854
0.05727668763249919
0.0571369933882155
0.05699583259081875
0.05685422960598001
0.05671287872484377
0.0565701098662835
0.05642826921508831
0.056284272336782376
0.05614104702645063
0.055996243808255644
0.055851548726456444
0.05570648695974039
0.0555604121956641
0.055414706234857045
0.055267091792696746
0.05512023766762452
0.054971782859360795
0.054823470661533695
0.054674336020366
0.054524495147323
0.05437475593972069
0.0542235722666527
0.054072885241510306
0.05392059429018376
0.05376871812271669
0.053615267605199
0.053461835229737215
0.053307596190451736
0.053152685019519204
0.05299759641149079
0.05284160245364749
0.05268535053678469
0.05252805360454467
0.052370436448837175
0.05221213598847758
0.05205322202289943
0.051893896282177304
0.051733724419819514
0.051573047432540334
0.05141158112603877
0.05124975383761613
0.051086988317180504
0.0509240300714034
0.05075971474939892
0.050595404746445034
0.05042979013003097
0.05026433137113957
0.05009754032829139
0.04993074266035353
0.04976241042430802
0.04959410353743251
0.04942441903510866
0.0492548520050687
0.0490840200001708
0.04891309116172967
0.04874073864001606
0.0485682883595002
0.048394303876817105
0.048220346623915354
0.04804508602453388
0.04786977416924964
0.047693117744433335
0.047516340543008156
0.0473380672064652
0.04715960238119743
0.04697980073852245
0.04679959929077129
0.046618531057246344
0.04643691690540631
0.04625446089692435
0.046071036357092254
0.04588682280743537
0.04570150354290284
0.04551577077358086
0.045328790252982844
0.0451418299106037
0.044952916579840754
0.044764416681400965
0.04457340913269488
0.04438298811798208
0.044190097347128365
0.043997886307923686
0.04380371692940429
0.04360936235481626
0.04341373185839749
0.043217079952669164
0.04301983423038597
0.04282093234286989
0.04262184355197377
0.04242104775351037
0.04221989985755222
0.04201720544031213
0.041814058521442675
0.04160942128677689
0.041403937420958034
0.04119729455104964
0.04098949199110214
0.04078059552581734
0.04057061026293113
0.040359912193448234
0.040147587391753996
0.03993469818859705
0.039719797302011785
0.03950436381380269
0.03928731423362848
0.03906943020016195
0.03885019652034044
0.03862966526816057
0.03840815893072708
0.03818450899488052
0.037960455763826666
0.03773439564857075
0.03750758898118797
0.037279228193621006
0.037049355663383424
0.036818235515065856
0.0365851897750408
0.036350920692251626
0.036115107225828405
0.03587791513958055
0.035639455219259625
0.03539937641775669
0.035157412238487784
0.03491372567180114
0.034668313287854295
0.034421395607854864
0.034172632794906975
0.033922405781627064
0.03367042924708912
0.0334164022038518
0.03316051465366974
0.03290250184458082
0.03264279134466602
0.03238095847576714
0.03211728336406288
0.031851633633722246
0.03158370889137205
0.03131346835009591
0.03104073628826071
0.030766035751301334
0.030488943254979584
0.030209613362208808
0.02992792533565319
0.029643591718737854
0.029356658408481572
0.029066713535646518
0.02877396031338207
0.028478303740478193
0.028179904345085532
0.027878707050072126
0.02757450516118603
0.027267296703112027
0.02695652974899051
0.026642605476783238
0.026325072222199784
0.02600362798478572
0.025678860963173716
0.025350106306074833
0.025017569148688575
0.024681163986412187
0.024340242877561605
0.02399506606871527
0.023645119792776222
0.02329003855884237
0.022929795239194098
0.022563917013107622
0.022192675018326953
0.02181537096133076
0.02143178907784843
0.021041763833793078
0.02064474999698384
0.020240587994779336
0.019828632046880054
0.019408068108174508
0.018978836058600127
0.01854027426003325
0.0180917132031928
0.01763281390104971
0.017162462635486715
0.016679620372096055
0.016183455701860725
0.015672573713870472
0.015145167647036719
0.014599836884853244
0.014033509752084177
0.013444226906650645
0.012828796303222456
0.01218297342113255
0.0115015431860697
0.010778139146879565
0.010003618510010885
0.00916519543042347
0.008243338525949278
0.007207019277604631
0.005997237378353477
0.004474234782171102
0.0020206682912381497
0.0
0.0
0.0
0.0
0.0
0.0
0.0
0.0
0.0
0.0
0.0
0.0
0.0
0.0
0.0
0.0
0.0
0.0
0.0
0.0
0.0
0.0
0.0
0.0
0.0
0.0
0.0
0.0
0.0
0.0
0.0
0.0
0.0
0.0
0.0
0.0
0.0
0.0
0.0
0.0
0.0
0.0
0.0
0.0
0.0
0.0
0.0
0.0
0.0
0.0
0.0
0.0
0.0
0.0
0.0
0.0
0.0
0.0
0.0
0.0
0.0
0.0
0.0
0.0
0.0
0.0
0.0
0.0
0.0
0.0
0.0
0.0
0.0
0.0
0.0
0.0
0.0
0.0
0.0
0.0
0.0
0.0
0.0
0.0
0.0
0.0
0.0
0.0
0.0
0.0
0.0
0.0
0.0
0.0
0.0
0.0
0.0
0.0
0.0
0.0
0.0
0.0
0.0
0.0
0.0
0.0
0.0
0.0
0.0
0.0
0.0
0.0
0.0
0.0
0.0
0.0
0.0
0.0
0.0
0.0
0.0
0.0
0.0
0.0
0.0
0.0
0.0
0.0
0.0
0.0
0.0
0.0
0.0
0.0
0.0
0.0
0.0
0.0
0.0
0.0
0.0
0.0
0.0
0.0
0.0
0.0
0.0
0.0
0.0
0.0
0.0
0.0
0.0
0.0
0.0
0.0
0.0
0.0
0.0
0.0
0.0
0.0
0.0
0.0
0.0
0.0
0.0
0.0
0.0
0.0
0.0
0.0
0.0
0.0
0.0
0.0
0.0
0.0
0.0
0.0
0.0
0.0
0.0
0.0
0.0
0.0
0.0
0.0
0.0
0.0
0.0
0.0
0.0
0.0
0.0
0.0
0.0
0.0
0.0
0.0
0.0
0.0
0.0
0.0
0.0
0.0
0.0
0.0
0.0
0.0
0.0
0.0
0.0
0.0
0.0
0.0
0.0
0.0
0.0
0.0
0.0
0.0
0.0
0.0
0.0
0.0
0.0
0.0
0.0
0.0
0.0
0.0
0.0
0.0
0.0
0.0
0.0
0.0
0.0
0.0
0.0
0.0
0.0
0.0
0.0
0.0
0.0
0.0
0.0
0.0
0.0
0.0
0.0
0.0
0.0
0.0
0.0
0.0
0.0
0.0
0.0
0.0
0.0
0.0
0.0
0.0
0.0
0.0
0.0
0.0
0.0
0.0
0.0
0.0
0.0
0.0
0.0
0.0
0.0
0.0
0.0
0.0
0.0
0.0
0.0
0.0
0.0
0.0
0.0
0.0
0.0
0.0
0.0
0.0
0.0
0.0
0.0
0.0
0.0
0.0
0.0
0.0
0.0
0.0
0.0
0.0
0.0
0.0
0.0
0.0
0.0
0.0
0.0
0.0
0.0
0.0
0.0
0.0
0.0
0.0
0.0
0.0
0.0
0.0
0.0
0.0
0.0
0.0
0.0
0.0
0.0
0.0
0.0
0.0
0.0
0.0
0.0
0.0
0.0
0.0
0.0
0.0
0.0
0.0
0.0
0.0
0.0
0.0
0.0
0.0
0.0
0.0
0.0
0.0
0.0
0.0
0.0
0.0
0.0
0.0
0.0
0.0
0.0
0.0
0.0
0.0
0.0
0.0
0.0
0.0
0.0
0.0
0.0
0.0
0.0
0.0
0.0
0.0
0.0
0.0
0.0
0.0
0.0
0.0
0.0
0.0
0.0
0.0
0.0
0.0
0.0
0.0
0.0
0.0
0.0
0.0
0.0
0.0
0.0
0.0
0.0
0.0
0.0
0.0
0.0
0.0
0.0
0.0
0.0
0.0
0.0
0.0
0.0
0.0
0.0
0.0
0.0
0.0
0.0
0.0
0.0
0.0
0.0
0.0
0.0
0.0
0.0
0.0
0.0
0.0
0.0
0.0
0.0
0.0
0.0
0.0
0.0
0.0
0.0
0.0
0.0
0.0
0.0
0.0
0.0
0.0
0.0
0.0
0.0
0.0
0.0
0.0
0.0
0.0
0.0
0.0
0.0
0.0
0.0
0.0
0.0
0.0
0.0
0.0
0.0
0.0
0.0
0.0
0.0
0.0
0.0
0.0
0.0
0.0
0.0
0.0
0.0
0.0
0.0
0.0
0.0
0.0
0.0
0.0
0.0
0.0
0.0
0.0
0.0
0.0
0.0
0.0
0.0
0.0
0.0
0.0
0.0
0.0
0.0
0.0
0.0
0.0
0.0
0.0
0.0
0.0
0.0
0.0
0.0
0.0
0.0
0.0
0.0
0.0
0.0
0.0
0.0
0.0
0.0
0.0
0.0
0.0
0.0
0.0
0.0
0.0
0.0
0.0
0.0
0.0
0.0
0.0
0.0
0.0
0.0
0.0
0.0
0.0
0.0
0.0
0.0
0.0
0.0
0.0
0.0
0.0
0.0
0.0
0.0
0.0
0.0
0.0
0.0
0.0
0.0
0.0
0.0
0.0
0.0
0.0
0.0
0.0
0.0
0.0
0.0
0.0
0.0
0.0
0.0
0.0
0.0
0.0
0.0
0.0
0.0
0.0
0.0
0.0
0.0
0.0
0.0
0.0
0.0
0.0
0.0
0.0
0.0
0.0
0.0
0.0
0.0
0.0
0.0
0.0
0.0
0.0
0.0
0.0
0.0
0.0
0.0
0.0
0.0
0.0
0.0
0.0
0.0
0.0
0.0
0.0
0.0
0.0
0.0
0.0
0.0
0.0
0.0
0.0
0.0
0.0
0.0
0.0
0.0
0.0
0.0
0.0
0.0
0.0
0.0
0.0
0.0
0.0
0.0
0.0
0.0
0.0
0.0
0.0
0.0
0.0
0.0
0.0
0.0
0.0
0.0
0.0
0.0
0.0
0.0
0.0
0.0
0.0
0.0
0.0
0.0
0.0
0.0
0.0
0.0
0.0
0.0
0.0
0.0
0.0
0.0
0.0
0.0
0.0
0.0
0.0
0.0
0.0
0.0
0.0
0.0
0.0
0.0
0.0
0.0
0.0
0.0
0.0
0.0
0.0
0.0
0.0
0.0
0.0
0.0
0.0
0.0
0.0
0.0
0.0
0.0
0.0
0.0
0.0
0.0
0.0
0.0
0.0
0.0
0.0
0.0
0.0
0.0
0.0
0.0
0.0
0.0
0.0
0.0
0.0
0.0
0.0
0.0
0.0
0.0
0.0
0.0
0.0
0.0
0.0
0.0
0.0
0.0
0.0
0.0
0.0
0.0
0.0
0.0
0.0
0.0
0.0
0.0
0.0
0.0
0.0
0.0
0.0
0.0
0.0
0.0
0.0
0.0
0.0
0.0
0.0
0.0
0.0
0.0
0.0
0.0
0.0
0.0
0.0
0.0
0.0
0.0
0.0
0.0
0.0
0.0
0.0
0.0
0.0
0.0
0.0
0.0
0.0
0.0
0.0
0.0
0.0
0.0
0.0
0.0
0.0
0.0
0.0
0.0
0.0
0.0
0.0
0.0
0.0
0.0
0.0
0.0
0.0
0.0
0.0
0.0
0.0
0.0
0.0
0.0
0.0
0.0
0.0
0.0
0.0
0.0
0.0
0.0
0.0
0.0
0.0
0.0
0.0
0.0
0.0
0.0
0.0
0.0
0.0
0.0
0.0
0.0
0.0
0.0
0.0
0.0
0.0
0.0
0.0
0.0
0.0
0.0
0.0
0.0
0.0
0.0
0.0
0.0
0.0
0.0
0.0
0.0
0.0
0.0
0.0
0.0
0.0
0.0
0.0
0.0
0.0
0.0
0.0
0.0
0.0
0.0
0.0
0.0
0.0
0.0
0.0
0.0
0.0
0.0
0.0
0.0
0.0
0.0
0.0
0.0
0.0
0.0
0.0
0.0
0.0
0.0
0.0
0.0
0.0
0.0
0.0
0.0
0.0
0.0
0.0
0.0
0.0
0.0
0.0
0.0
0.0
0.0
0.0
0.0
0.0
0.0
0.0
0.0
0.0
0.0
0.0
0.0
0.0
0.0
0.0
0.0
0.0
0.0
0.0
0.0
0.0
0.0
0.0
0.0
0.0
0.0
0.0
0.0
0.0
0.0
0.0
0.0
0.0
0.0
0.0
0.0
0.0
0.0
0.0
0.0
0.0
0.0
0.0
0.0
0.0
0.0
0.0
0.0
0.0
0.0
0.0
0.0
0.0
0.0
0.0
0.0
0.0
0.0
0.0
0.0
0.0
0.0
0.0
0.0
0.0
0.0
0.0
0.0
0.0
0.0
0.0
0.0
0.0
0.0
0.0
0.0
0.0
0.0
0.0
0.0
0.0
0.0
0.0
0.0
0.0
0.0
0.0
0.0
0.0
0.0
0.0
0.0
0.0
0.0
0.0
0.0
0.0
0.0
0.0
0.0
0.0
0.0
0.0
0.0
0.0
0.0
0.0
0.0
0.0
0.0
0.0
0.0
0.0
0.0
0.0
0.0
0.0
0.0
0.0
0.0
0.0
0.0
0.0
0.0
0.0
0.0
0.0
0.0
0.0
0.0
0.0
0.0
0.0
0.0
0.0
0.0
0.0
0.0
0.0
0.0
0.0
0.0
0.0
0.0
0.0
0.0
0.0
0.0
0.0
0.0
0.0
0.0
0.0
0.0
0.0
0.0
0.0
0.0
0.0
0.0
0.0
0.0
0.0
0.0
0.0
0.0
0.0
0.0
0.0
0.0
0.0
0.0
0.0
0.0
0.0
0.0
0.0
0.0
0.0
0.0
0.0
0.0
0.0
0.0
0.0
0.0
0.0
0.0
0.0
0.0
0.0
0.0
0.0
0.0
0.0
0.0
0.0
0.0
0.0
0.0
0.0
0.0
0.0
0.0
0.0
0.0
0.0
0.0
0.0
0.0
0.0
0.0
0.0
0.0
0.0
0.0
0.0
0.0
0.0
0.0
0.0
0.0
0.0
0.0
0.0
0.0
0.0
0.0
0.0
0.0
0.0
0.0
0.0
0.0
0.0
0.0
0.0
0.0
0.0
0.0
0.0
0.0
0.0
0.0
0.0
0.0
0.0
0.0
0.0
0.0
0.0
0.0
0.0
0.0
0.0
0.0
0.0
0.0
0.0
0.0
0.0
0.0
0.0
0.0
0.0
0.0
0.0
0.0
0.0
0.0
0.0
0.0
0.0
0.0
0.0
0.0
0.0
0.0
0.0
0.0
0.0
0.0
0.0
0.0
0.0
0.0
0.0
0.0
0.0
0.0
0.0
0.0
0.0
0.0
0.0
0.0
0.0
0.0
0.0
0.0
0.0
0.0
0.0
0.0
0.0
0.0
0.0
0.0
0.0
0.0
0.0
0.0
0.0
0.0
0.0
0.0
0.0
0.0
0.0
0.0
0.0
0.0
0.0
0.0
0.0
0.0
0.0
0.0
0.0
0.0
0.0
0.0
0.0
0.0
0.0
0.0
0.0
0.0
0.0
0.0
0.0
0.0
0.0
0.0
0.0
0.0
0.0
0.0
0.0
0.0
0.0
0.0
0.0
0.0
0.0
0.0
0.0
0.0
0.0
0.0
0.0
0.0
0.0
0.0
0.0
0.0
0.0
0.0
0.0
0.0
0.0
0.0
0.0
0.0
0.0
0.0
0.0
0.0
0.0
0.0
0.0
0.0
0.0
0.0
0.0
0.0
0.0
0.0
0.0
0.0
0.0
0.0
0.0
0.0
0.0
0.0
0.0
0.0
0.0
0.0
0.0
0.0
0.0
0.0
0.0
0.0
0.0
0.0
0.0
0.0
0.0
0.0
0.0
0.0
0.0
0.0
0.0
0.0
0.0
0.0
0.0
0.0
0.0
0.0
0.0
0.0
0.0
0.0
0.0
0.0
0.0
0.0
0.0
0.0
0.0
0.0
0.0
0.0
0.0
0.0
0.0
0.0
0.0
0.0
0.0
0.0
0.0
0.0
0.0
0.0
0.0
0.0
0.0
0.0
0.0
0.0
0.0
0.0
0.0
0.0
0.0
0.0
0.0
0.0
0.0
0.0
0.0
0.0
0.0
0.0
0.0
0.0
0.0
0.0
0.0
0.0
0.0
0.0
0.0
0.0
0.0
0.0
0.0
0.0
0.0
0.0
0.0
0.0
0.0
0.0
0.0
0.0
0.0
0.0
0.0
0.0
0.0
0.0
0.0
0.0
0.0
0.0
0.0
0.0
0.0
0.0
0.0
0.0
0.0
0.0
0.0
0.0
0.0
0.0
0.0
0.0
0.0
0.0
0.0
0.0
0.0
0.0
0.0
0.0
0.0
0.0
0.0
0.0
0.0
0.0
0.0
0.0
0.0
0.0
0.0
0.0
0.0
0.0
0.0
0.0
0.0
0.0
0.0
0.0
0.0
0.0
0.0
0.0
0.0
0.0
0.0
0.0
0.0
0.0
0.0
0.0
0.0
0.0
0.0
0.0
0.0
0.0
0.0
0.0
0.0
0.0
0.0
0.0
0.0
0.0
0.0
0.0
0.0
0.0
0.0
0.0
0.0
0.0
0.0
0.0
0.0
0.0
0.0
0.0
0.0
0.0
0.0
0.0
0.0
0.0
0.0
0.0
0.0
0.0
0.0
0.0
0.0
0.0
0.0
0.0
0.0
0.0
0.0
0.0
0.0
0.0
0.0
0.0
0.0
0.0
0.0
0.0
0.0
0.0
0.0
0.0
