0.5260953245088401
0.5260952259331719
0.5260950882832998
0.5260949191718514
0.5260947266687479
0.5260945165216394
0.5260942933543106
0.5260940627533532
0.5260938241354601
0.5260935802060172
0.5260933313233874
0.5260930777274794
0.5260928205654667
0.5260925599135741
0.5260922978655203
0.5260920329629276
0.5260917650941178
0.5260914943796086
0.526091221632882
0.5260909475856138
0.5260906710070694
0.5260903933752284
0.5260901137350108
0.5260898322322632
0.5260895490534606
0.5260892640881645
0.5260889771194254
0.5260886881568381
0.5260883982395049
0.526088107811652
0.526087815814344
0.5260875221134867
0.526087226591154
0.5260869291874823
0.5260866299381411
0.5260863289790658
0.5260860274276971
0.5260857250014052
0.5260854216113569
0.5260851167124688
0.5260848100414036
0.5260845015914453
0.5260841913744619
0.5260838794341918
0.5260835665981021
0.5260832523478489
0.5260829366183516
0.526082619187225
0.5260823003647287
0.5260819803912592
0.5260816589237198
0.5260813357777304
0.5260810115519349
0.5260806857666608
0.5260803583484419
0.5260800293097929
0.5260796986399212
0.5260793663200745
0.5260790324341732
0.5260786972922228
0.5260783609480751
0.526078023601499
0.5260776849709933
0.5260773448187974
0.5260770030547259
0.5260766596539497
0.5260763146349202
0.526075968084574
0.5260756199835414
0.5260752709233228
0.5260749204810552
0.5260745683998935
0.5260742146239443
0.5260738591748128
0.52607350218172
0.5260731438381286
0.5260727842103304
0.5260724233931036
0.5260720615971376
0.5260716982374184
0.5260713334540205
0.5260709671635952
0.526070599208301
0.5260702295147385
0.5260698581081726
0.5260694849851101
0.526069110290425
0.5260687341913858
0.5260683565482489
0.5260679775594459
0.5260675971284848
0.5260672151908465
0.5260668317994648
0.5260664469941813
0.526066060677728
0.5260656728725127
0.5260652836907292
0.5260648928340333
0.5260645001631747
0.5260641057893426
0.5260637097081939
0.5260633119039319
0.5260629124894903
0.5260625116978362
0.5260621097086129
0.526061706225316
0.5260613012579913
0.5260608944544541
0.5260604859070241
0.5260600756532701
0.5260596637381718
0.5260592502192138
0.5260588351360713
0.5260584184747931
0.526058000138946
0.5260575804178852
0.5260571593628686
0.5260567367149634
0.5260563125128074
0.5260558866272964
0.5260554589628678
0.5260550295172343
0.52605459831377
0.5260541653338112
0.5260537305406922
0.5260532940159254
0.5260528557945966
0.5260524158111601
0.5260519744118292
0.526051531327775
0.526051086469797
0.5260506398881757
0.5260501916350587
0.5260497417490579
0.5260492902180772
0.5260488369816654
0.5260483821578689
0.5260479256428098
0.5260474673278022
0.5260470071586733
0.5260465452101326
0.5260460815031198
0.5260456159346881
0.5260451484178154
0.5260446789888535
0.5260442076939456
0.5260437346441322
0.5260432599772646
0.5260427835655583
0.5260423053897493
0.52604182539749
0.5260413434834406
0.5260408596004091
0.5260403738801515
0.5260398865268489
0.5260393975121801
0.5260389065251828
0.5260384136553734
0.5260379191652165
0.5260374227977851
0.5260369245526652
0.5260364244921801
0.5260359223379184
0.5260354181809912
0.5260349122718886
0.5260344045175678
0.5260338947366819
0.5260333830244617
0.526032869236692
0.5260323535138298
0.5260318360707209
0.5260313166547044
0.5260307953558018
0.5260302718385104
0.5260297463280732
0.526029218768826
0.5260286890944822
0.5260281574136344
0.5260276237743937
0.5260270880709036
0.5260265503297332
0.5260260105772391
0.5260254692382619
0.5260249260484998
0.5260243811445008
0.5260238340155471
0.5260232847893759
0.5260227334695171
0.5260221800574734
0.5260216245080581
0.526021066776725
0.5260205069092727
0.5260199449015094
0.5260193805933027
0.5260188142728258
0.5260182455786986
0.5260176752479041
0.5260171024619174
0.5260165278390092
0.526015951230157
0.5260153723099922
0.5260147911601464
0.5260142078234726
0.5260136222988742
0.5260130346814795
0.5260124448892638
0.5260118526864619
0.5260112583990852
0.5260106620366792
0.5260100632060809
0.5260094622871895
0.526008859087144
0.5260082537282575
0.5260076464427488
0.5260070367095981
0.5260064246399538
0.5260058104294509
0.5260051939318102
0.5260045750392238
0.5260039538013632
0.5260033302834426
0.5260027044998593
0.5260020760785099
0.5260014455323813
0.5260008128722146
0.5260001775976271
0.5259995399404999
0.5259988999935983
0.5259982575764672
0.525997612722768
0.5259969656726838
0.5259963161799733
0.5259956640418517
0.525995009576266
0.5259943527750067
0.5259936935699709
0.5259930319341787
0.5259923677234463
0.5259917011195598
0.5259910321496946
0.5259903608199642
0.5259896870618309
0.5259890103119483
0.5259883311836814
0.525987649896091
0.5259869662153378
0.5259862799984637
0.5259855912837451
0.5259849001156187
0.5259842063378305
0.5259835097024442
0.5259828105981563
0.5259821086846431
0.5259814041308185
0.5259806973084085
0.5259799879374122
0.5259792759132595
0.5259785612312444
0.5259778434600991
0.5259771229947112
0.5259764000125485
0.5259756745189865
0.5259749462920301
0.5259742152184805
0.5259734814149596
0.5259727449367394
0.5259720058547028
0.525971263886515
0.5259705190854436
0.525969771778067
0.525969022045376
0.5259682696742619
0.5259675139768698
0.5259667556161647
0.5259659947295297
0.5259652312031083
0.5259644648198777
0.5259636956574117
0.5259629237311626
0.525962148958118
0.5259613710255022
0.5259605899428961
0.5259598062183058
0.525959019840202
0.5259582305593418
0.5259574378299787
0.5259566422233414
0.5259558439625837
0.5259550428603809
0.5259542388271702
0.5259534318783174
0.5259526215577834
0.5259518082808894
0.525950992143358
0.5259501730421426
0.5259493509498682
0.5259485258987177
0.5259476978669099
0.5259468667889411
0.5259460326075167
0.5259451953054909
0.5259443548570848
0.525943511169066
0.5259426643192663
0.5259418144832645
0.5259409617102259
0.5259401059094425
0.5259392467618837
0.5259383843403989
0.5259375179217082
0.5259366466285945
0.5259357724200147
0.5259348950662646
0.525934014412984
0.5259331305275259
0.5259322434538637
0.5259313531406176
0.5259304595201186
0.5259295625166979
0.5259286622440976
0.5259277589045763
0.5259268522675634
0.5259259420200987
0.525925028371545
0.5259241113932107
0.5259231911210921
0.5259222675091481
0.5259213404346434
0.5259204101075176
0.5259194765024591
0.5259185395430406
0.525917599095141
0.5259166550589001
0.5259157073186453
0.5259147558467101
0.5259138008129779
0.5259128423723706
0.5259118805589117
0.5259109153024027
0.52590994643795
0.5259089737858877
0.5259079973187826
0.5259070172458948
0.5259060337967348
0.5259050469307648
0.5259040565840413
0.5259030624669655
0.5259020641911225
0.5259010622753055
0.5259000571542455
0.5258990484743624
0.5258980360381308
0.5258970200911542
0.5258960005770769
0.525894977309204
0.52589395019777
0.5258929192944474
0.525891884720002
0.525890846570995
0.5258898046348898
0.5258887585458978
0.525887708222107
0.5258866538204402
0.5258855955204222
0.5258845334370493
0.5258834675147326
0.5258823975915989
0.5258813235780571
0.5258802455295191
0.5258791635367628
0.5258780777727942
0.5258769882610903
0.5258758948261337
0.52587479719329
0.5258736955669341
0.5258725898463354
0.525871480001935
0.5258703664242923
0.5258692484766644
0.525868126431409
0.5258670002769782
0.525865869946517
0.5258647354590381
0.5258635967352671
0.5258624536787937
0.525861306416673
0.5258601550687921
0.5258589995883312
0.5258578399400688
0.5258566761721986
0.525855508246418
0.525854335827128
0.5258531586453993
0.5258519770456085
0.5258507911437597
0.5258496010430845
0.5258484067340166
0.5258472080382411
0.5258460047319996
0.5258447967793819
0.5258435843558353
0.5258423682281568
0.5258411473990553
0.5258399222159192
0.5258386924647069
0.525837458142205
0.5258362192649667
0.5258349756619355
0.5258337271725649
0.5258324741134326
0.5258312167471128
0.5258299550438897
0.5258286884262083
0.5258274169759106
0.5258261409423197
0.5258248602153995
0.525823574673766
0.5258222843336445
0.525820989320121
0.5258196898447763
0.5258183857343873
0.5258170763656318
0.5258157619802368
0.5258144426379422
0.525813118529698
0.5258117894898074
0.5258104554036519
0.5258091164518499
0.5258077732661703
0.5258064242307611
0.5258050703162734
0.5258037115804551
0.525802348052023
0.5258009799692763
0.5257996063310774
0.5257982279272392
0.5257968448230134
0.5257954558342929
0.5257940615322412
0.5257926620651062
0.5257912574125906
0.5257898476458801
0.5257884330062059
0.5257870136769881
0.5257855885760946
0.5257841577212504
0.52578272169463
0.5257812805625038
0.5257798343472182
0.5257783832207127
0.5257769271400281
0.5257754653938931
0.5257739975888922
0.5257725241060416
0.5257710449397843
0.5257695603070945
0.525768070549392
0.5257665755516057
0.5257650740690062
0.5257635673206655
0.5257620553582176
0.5257605382297316
0.5257590157499622
0.5257574877237685
0.525755953035487
0.5257544118689954
0.5257528652686556
0.5257513132606858
0.5257497559324741
0.525748194159992
0.5257466253528342
0.5257450503161535
0.5257434699130846
0.5257418841667484
0.5257402922216051
0.5257386949664684
0.5257370916041981
0.5257354818836301
0.5257338656501876
0.5257322431907712
0.5257306149388734
0.5257289814658034
0.5257273418236392
0.5257256959304116
0.5257240440675781
0.5257223858657826
0.5257207214146243
0.5257190508962208
0.5257173738555576
0.5257156902966403
0.5257140011654731
0.5257123065236043
0.5257106059386055
0.5257088986152493
0.5257071835994859
0.5257054623027893
0.5257037349276945
0.5257020017346652
0.5257002626040663
0.525698515910452
0.52569676192534
0.5256950016154973
0.5256932345384762
0.5256914616571197
0.5256896827530485
0.525687896256223
0.525686102818169
0.5256843036921494
0.5256824990951354
0.5256806877863859
0.525678867771886
0.5256770412198143
0.525675207528334
0.5256733678132303
0.5256715220876121
0.5256696687601589
0.5256678090873043
0.5256659421859283
0.5256640677022787
0.5256621866902441
0.5256602981010329
0.5256584026576155
0.5256565015938353
0.5256545932893001
0.5256526772694303
0.5256507532227939
0.5256488217850626
0.5256468837514436
0.5256449396144023
0.525642988372558
0.5256410286232157
0.525639060765748
0.5256370858043977
0.5256351049706925
0.5256331167504549
0.5256311191745152
0.5256291141165297
0.5256271022063767
0.5256250837418114
0.525623058382871
0.5256210248369222
0.5256189836760605
0.5256169345937064
0.5256148776647824
0.525612812143659
0.5256107381378962
0.5256086567264774
0.5256065680995687
0.5256044734738631
0.5256023701876258
0.5256002595105328
0.5255981401084061
0.5255960124109652
0.5255938771464865
0.5255917332971487
0.52558958319306
0.5255874263040191
0.5255852601999204
0.5255830833613434
0.5255808991310187
0.5255787075210024
0.5255765109578994
0.525574302401384
0.5255720848733236
0.5255698584172672
0.5255676254354553
0.5255653868774012
0.525563136910189
0.525560877059611
0.5255586097552254
0.5255563367102412
0.5255540532684748
0.5255517609034006
0.5255494596864525
0.5255471505764222
0.5255448335963183
0.5255425065895843
0.5255401705116045
0.5255378266101225
0.5255354746469895
0.5255331133131398
0.5255307424784447
0.525528362721371
0.5255259749597756
0.5255235771454204
0.5255211697111575
0.5255187536581519
0.5255163302725336
0.525513897695265
0.5255114551573496
0.5255090025591325
0.525506540472321
0.5255040685979759
0.5255015876271186
0.5254990996681052
0.5254966040570105
0.5254940971398058
0.5254915778105628
0.5254890499686062
0.5254865148547945
0.5254839700726529
0.5254814129637002
0.5254788460743356
0.5254762717132112
0.5254736894785653
0.5254710960742279
0.5254684910410282
0.5254658767116258
0.5254632539663101
0.5254606204004655
0.5254579753567284
0.5254553217688648
0.5254526599398032
0.5254499876860329
0.5254473046645205
0.5254446119745924
0.5254419089721133
0.5254391951136099
0.5254364703439784
0.5254337346854453
0.5254309915789628
0.5254282358108415
0.525425470708981
0.5254226946964436
0.5254199110535891
0.5254171149349208
0.5254143086288872
0.5254114898857114
0.5254086636435733
0.5254058231521331
0.5254029715218378
0.5254001109921606
0.5253972419850128
0.525394359578406
0.5253914656842074
0.5253885615274144
0.5253856466396616
0.5253827190658844
0.5253797848372478
0.5253768369505395
0.5253738747709108
0.5253709002019492
0.5253679182128
0.5253649314268753
0.5253619276116184
0.5253589082151714
0.525355878714744
0.5253528451314117
0.5253497949195727
0.5253467318511469
0.525343657390318
0.5253405752095026
0.525337477196932
0.5253343672280613
0.5253312477312881
0.525328119888432
0.5253249764681822
0.5253218194996717
0.5253186516943282
0.5253154732112024
0.5253122815518574
0.5253090778241789
0.5253058646998185
0.525302637576745
0.5252993967438072
0.5252961436027187
0.5252928800640179
0.5252896036223557
0.5252863142637609
0.5252830133593156
0.5252797002407299
0.5252763733190148
0.525273033316368
0.5252696832091215
0.5252663188655223
0.525262941779121
0.5252595525673435
0.5252561508730318
0.5252527343048129
0.5252493045827713
0.5252458637483012
0.5252424103691893
0.5252389436792053
0.525235463828194
0.5252319712766099
0.5252284628827063
0.5252249415942819
0.5252214093393692
0.5252178634197459
0.525214302545527
0.5252107298381681
0.5252071464948046
0.5252035440527769
0.5251999249009265
0.5251962976765412
0.5251926614749701
0.5251890069516217
0.5251853337151874
0.5251816509353344
0.5251779575557679
0.5251742465294059
0.5251705183210894
0.5251667796352254
0.5251630291401543
0.5251592622538391
0.5251554804635536
0.5251516840150011
0.5251478723615771
0.5251440474404473
0.5251402119234625
0.5251363613895093
0.5251324909779083
0.5251286060073754
0.5251247096676815
0.5251207993275281
0.525116872803047
0.5251129313842726
0.5251089751357455
0.5251050029324775
0.5251010179980619
0.5250970177235064
0.5250930000059236
0.5250889668494074
0.5250849199700509
0.5250808600346978
0.5250767812834031
0.5250726879281092
0.5250685785086343
0.5250644540509606
0.5250603145188829
0.5250561617164067
0.525051991196403
0.5250478027028685
0.5250436006238224
0.5250393833531714
0.5250351479167666
0.525030897941545
0.5250266315843437
0.5250223475239619
0.5250180480002739
0.5250137359784383
0.525009406581596
0.5250050560184829
0.5250006929189521
0.5249963140700579
0.524991915240044
0.5249875017999517
0.5249830748665144
0.5249786269805302
0.5249741583077225
0.5249696814570134
0.5249651901661242
0.524960668912015
0.5249561335370027
0.5249515888173794
0.5249470269853628
0.5249424385243885
0.5249378391241705
0.5249332275235891
0.5249285885820583
0.5249239316930796
0.5249192650406742
0.5249145829271452
0.5249098722705586
0.5249051456904614
0.5249004082801245
0.5248956519441641
0.5248908745684643
0.5248860797145338
0.5248812649351249
0.5248764342716178
0.5248715869786696
0.5248667192321742
0.524861831455716
0.5248569267286429
0.5248520058353954
0.5248470631090056
0.5248421026706684
0.5248371276469287
0.5248321280809396
0.5248271092076365
0.5248220731567311
0.5248170204247145
0.5248119496559615
0.5248068575205274
0.5248017445286521
0.5247966109106404
0.5247914635484427
0.5247862983734491
0.5247811049158498
0.5247758946583087
0.52477066738993
0.5247654211263527
0.5247601541829358
0.5247548654091324
0.5247495582038844
0.5247442292476256
0.5247388842193084
0.5247335175504937
0.5247281269119572
0.5247227220036477
0.5247172953059432
0.5247118423988123
0.524706372884159
0.5247008857481278
0.5246953743900797
0.5246898411798249
0.5246842906317544
0.524678716253382
0.524673119505008
0.5246675064461943
0.5246618715487191
0.5246562082444964
0.5246505328076592
0.5246448387950856
0.5246391092852387
0.5246333629402702
0.5246276040113176
0.5246218174023276
0.524616005847936
0.5246101785226492
0.5246043283450852
0.5245984483976128
0.5245925561675305
0.5245866450029235
0.5245806953624583
0.5245747315207762
0.5245687572605268
0.5245627461955494
0.5245567083452739
0.5245506577917396
0.524544587720542
0.5245384851703973
0.524532363012309
0.5245262253023888
0.5245200545507791
0.5245138612967701
0.5245076507114764
0.5245014129159381
0.5244951523638656
0.5244888719283822
0.5244825655900702
0.5244762353589065
0.5244698808959668
0.5244635001947909
0.5244570962410816
0.5244506719091123
0.5244442205333066
0.5244377441949225
0.524431247858444
0.5244247261163919
0.524418174876458
0.5244116027014284
0.5244050121467887
0.5243983896515255
0.5243917398588676
0.5243850709214113
0.5243783734106237
0.524371653753329
0.5243649081723976
0.524358132417242
0.5243513374651609
0.5243445156885963
0.5243376658269927
0.5243307917815809
0.5243238934057928
0.5243169689171506
0.5243100162509576
0.5243030403060666
0.5242960374666658
0.5242890049174874
0.5242819518591103
0.5242748723502036
0.5242677600826245
0.5242606256525183
0.5242534645426452
0.5242462741007418
0.5242390629698885
0.5242318196847976
0.5242245452423477
0.5242172508059245
0.5242099271107862
0.5242025707367595
0.5241951928177843
0.5241877907183219
0.5241803528542083
0.5241728884658966
0.5241654026154967
0.5241578832451536
0.524150336008751
0.5241427658217752
0.5241351612703853
0.5241275263153263
0.52411987049152
0.5241121816813522
0.5241044583187827
0.5240967192239315
0.5240889473946146
0.5240811340188878
0.5240733086807855
0.5240654526974954
0.5240575489618582
0.5240496294545818
0.524041684936395
0.5240336967009577
0.5240256838170283
0.5240176520022755
0.5240095809181676
0.5240014745151518
0.523993349274776
0.5239851909618225
0.5239770035681681
0.5239687972031309
0.5239605591630613
0.5239522802586276
0.5239439829206338
0.5239356549028984
0.5239272807651932
0.5239188839135133
0.5239104617410009
0.52390199833014
0.5238935052720978
0.5238849863515985
0.5238764325248891
0.5238678452510898
0.5238592262834877
0.5238505758681183
0.5238418983671733
0.52383318836839
0.5238244422541294
0.5238156707416735
0.5238068636037629
0.523798015842745
0.5237891427374181
0.5237802370877238
0.523771292413389
0.5237623190879908
0.523753310766364
0.523744266829782
0.52373519297786
0.5237260850630773
0.5237169374852764
0.5237077548915112
0.5236985442273442
0.5236892995635929
0.5236800141942722
0.523670700610992
0.5236613557339826
0.5236519650058118
0.523642542566352
0.5236330862482561
0.5236235934476845
0.5236140672406696
0.5236045025292865
0.5235949067986723
0.5235852763845901
0.5235756022560408
0.5235658981932526
0.5235561622298739
0.5235463786946017
0.52353656327113
0.5235267217947978
0.5235168303443359
0.5235069019621655
0.5234969460559228
0.5234869426278148
0.5234769064884878
0.5234668376264294
0.5234567218475168
0.523446571694784
0.5234363921512338
0.5234261618967115
0.5234158965437934
0.5234056068153241
0.5233952615851118
0.5233848789166237
0.5233744716407176
0.52336400839489
0.5233535071225762
0.5233429856132822
0.5233324088743642
0.5233217921516132
0.5233111557802428
0.5233004596213167
0.5232897197166128
0.5232789617549952
0.5232681433760412
0.523257281341686
0.5232464009563501
0.5232354695566928
0.5232244858504785
0.523213478048392
0.5232024308599397
0.5231913254661057
0.523180184208891
0.5231689808479671
0.5231577169728555
0.5231464286184808
0.5231351070135739
0.5231237132160258
0.5231123003452421
0.5231008571935701
0.5230893273536235
0.5230777797933811
0.5230662142886889
0.5230545596297517
0.5230428753351544
0.5230311816755011
0.523019402127665
0.5230075811857754
0.5229957539560088
0.5229838505858196
0.5229718963640809
0.5229599303615533
0.5229478963816561
0.5229358074835876
0.522923704519301
0.522911536798848
0.5228993137304282
0.522887069401709
0.522874768734571
0.5228624113347121
0.5228500279686722
0.522837594964146
0.5228250989413247
0.5228125705696395
0.5227999983578803
0.5227873659066774
0.5227746982380163
0.5227619846308925
0.5227492126671608
0.522736401381851
0.5227235394594335
0.5227106255624928
0.5226976744922848
0.5226846648521869
0.5226716066659994
0.5226585113902521
0.522645346797179
0.5226321437516391
0.5226188995102725
0.5226055836229383
0.5225922351939118
0.5225788452304115
0.5225653785112238
0.5225518785511065
0.5225383368400711
0.5225247180736246
0.5225110625780746
0.5224973697430495
0.522483606758197
0.5224697988427879
0.522455947254714
0.5224420309691848
0.5224280701370053
0.5224140617510431
0.5223999906824994
0.522385876546711
0.5223717119261782
0.5223574829358959
0.5223432091151601
0.5223288812553485
0.5223144883219198
0.5223000541329144
0.5222855667275862
0.522271017560904
0.5222564268664007
0.5222417765480705
0.5222270631117014
0.5222123065480113
0.5221974884785757
0.5221826044548618
0.522167683867392
0.5221527048509284
0.5221376543558075
0.522122567762396
0.5221074244705931
0.5220922042259126
0.5220769470562194
0.522061635626201
0.52204624498992
0.5220308140317919
0.5220153249995829
0.5219997591056466
0.5219841543527516
0.5219684913130973
0.5219527548926507
0.5219369787662439
0.5219211389498758
0.5219052265833289
0.5218892724585288
0.5218732499311707
0.5218571594571245
0.5218410309710837
0.5218248299278895
0.5218085602286574
0.5217922515934595
0.5217758674610802
0.521759418173096
0.5217429287712653
0.5217263547601045
0.5217097146933983
0.5216930410445215
0.5216762842232948
0.5216594576604087
0.5216425963892544
0.5216256546168844
0.5216086424764251
0.5215915935573986
0.521574462721541
0.521557258602652
0.5215400150989032
0.521522688711595
0.521505292523559
0.5214878600348565
0.5214703426815969
0.5214527548480139
0.5214351274574158
0.5214174091941719
0.5213996204789857
0.5213817954923204
0.521363880833676
0.5213458945370809
0.5213278703410036
0.5213097534544032
0.5212915629638208
0.521273339891398
0.5212550242529903
0.5212366300690225
0.5212182279085181
0.5211997294520948
0.5211811544260606
0.5211625530070773
0.521143847192503
0.5211250595046928
0.5211062615450217
0.5210873578950784
0.5210683724312078
0.5210493677984521
0.5210302492023574
0.521011039248799
0.5209918083482163
0.5209724767230931
0.5209530551924199
0.5209336069694009
0.5209140624315497
0.520894430808779
0.5208747688022268
0.5208550074046167
0.5208351563203989
0.5208152601565423
0.5207952731011347
0.5207752034099433
0.5207550809599094
0.520734875356981
0.5207145879993923
0.5206942395884339
0.5206738118921902
0.5206532981221432
0.5206327204009801
0.520612071340176
0.5205913216678877
0.520570500940059
0.5205496158982355
0.5205286467670385
0.5205075924427512
0.5204864695575414
0.5204652750437907
0.5204439880957201
0.5204226198972762
0.5204011352044765
0.5203795455511636
0.520357880759131
0.5203361658377388
0.5203143408521862
0.5202924306912573
0.5202704732121856
0.5202484015746132
0.5202262430635283
0.5202040429742297
0.5201817286986805
0.520159326106427
0.5201368744109539
0.5201143087428741
0.5200916598588311
0.5200689428051685
0.5200461288933381
0.5200232297595302
0.520000251010521
0.5199771969646116
0.5199540511020075
0.5199308146609419
0.5199075016404222
0.5198840859735345
0.5198605736625915
0.5198369923486184
0.5198133227847797
0.5197895496276891
0.5197656989694416
0.519741779838689
0.519717749509374
0.5196936207483567
0.5196694313601571
0.5196451359499653
0.519620735332874
0.5195962775777417
0.5195717197706209
0.5195470397617654
0.519522298134775
0.519497461982229
0.5194725045087693
0.5194474971223944
0.5194223917144386
0.5193971597282362
0.5193718705960625
0.5193464771752062
0.5193209570711292
0.5192953851099317
0.5192697069410643
0.5192439092126393
0.5192180610722866
0.5191920974171775
0.5191660125369018
0.5191398747977024
0.5191136164809178
0.5190872370221048
0.5190608043767493
0.5190342602994603
0.5190075971766345
0.5189808659940789
0.5189540186950415
0.5189270585325729
0.5189000306638907
0.5188728816962
0.5188456245550966
0.5188183012537391
0.518790848297666
0.5187632931958521
0.5187356731713983
0.5187079135635743
0.5186800548205133
0.5186521223299485
0.5186240306309213
0.5185958583308854
0.518567630728801
0.5185392347309091
0.5185107578891202
0.5184822513383132
0.5184535703798646
0.5184248202863658
0.5183960349621751
0.5183670512376178
0.51833798323143
0.518308853899228
0.518279539967853
0.5182501478791337
0.5182206963349234
0.5181910619390374
0.5181613414737318
0.5181315629137054
0.51810160710944
0.5180715581264682
0.5180414435706113
0.5180111559944992
0.5179807749097288
0.5179503207712892
0.5179197025177794
0.5178889964424365
0.5178582067398662
0.517827244209809
0.5177961923821089
0.5177650582019623
0.5177337482604392
0.5177023557796758
0.5176708398573177
0.5176390938866458
0.5176072755055301
0.5175753705356236
0.5175432603680933
0.5175110836506175
0.5174788296669317
0.5174463730413944
0.5174138456387888
0.5173812331916707
0.5173484174859827
0.517315524408413
0.517282549995542
0.5172493745654263
0.5172161068003756
0.5171827611712733
0.5171492177220565
0.5171155750858633
0.5170818672967565
0.517047961285231
0.5170139496149371
0.5169798683672111
0.5169455783652191
0.5169111772084826
0.516876719136548
0.5168420635833664
0.51680728342562
0.5167724217603783
0.5167373818356049
0.5167022237312476
0.5166669737898782
0.5166315587904917
0.5165960217700711
0.5165603748038485
0.5165245647882015
0.5164886345444237
0.5164525856160124
0.5164163962875895
0.5163800743450292
0.5163436116390946
0.516307037491449
0.5162703186190899
0.5162334503708543
0.516196469050852
0.5161593440008633
0.5161220673193013
0.5160846785400183
0.5160471520027979
0.516009470624313
0.5159716679173829
0.5159337176575695
0.5158956153225838
0.5158574165486429
0.5158190580486911
0.5157805718954879
0.5157420342660799
0.5157033066506007
0.5156644160501587
0.515625444088776
0.5155862921083529
0.515546977114564
0.5155075969001961
0.515468031402561
0.5154282762787942
0.5153884718850658
0.5153484782821663
0.5153082751967039
0.515268022516766
0.5152275893977455
0.5151869509254626
0.5151462310197387
0.5151053460768293
0.5150642937429214
0.5150231246669746
0.5149817911071362
0.5149402244976866
0.5148984785811849
0.5148565676112072
0.514814528316503
0.5147723281347266
0.5147299529569294
0.5146874489646968
0.5146447969436093
0.5146019577123027
0.5145589773923654
0.5145158720691049
0.5144725474273926
0.5144290703054316
0.5143855042755462
0.5143416941029816
0.5142977326224378
0.5142537058875677
0.5142094122212743
0.5141649894975092
0.5141204813496075
0.5140756749941535
0.5140307662209251
0.5139857760674424
0.513940468680059
0.513895066773817
0.5138496034842743
0.5138038211610169
0.5137579228072024
0.5137119549683836
0.5136656643527261
0.5136192682717035
0.5135728171558862
0.5135260396700655
0.5134791504877806
0.5134321802208638
0.5133848713550697
0.5133374567696256
0.5132899665833559
0.5132421535745233
0.5131942592883261
0.5131462671823569
0.5130979577659581
0.5130496244901253
0.5130011781775938
0.5129524112451517
0.5129035431800366
0.5128545509285212
0.5128052678739138
0.5127558638160646
0.5127063392979753
0.51265654133517
0.5126066083749414
0.5125565356827019
0.512506201406678
0.51245572139813
0.5124050999286947
0.5123542192672232
0.5123031870307501
0.5122519566520382
0.5122004015484338
0.512148684870254
0.5120968292776302
0.5120447089097913
0.5119924315554104
0.5119400039476042
0.5118873014392818
0.5118344521875086
0.5117814641839245
0.5117281909633584
0.5116747763925146
0.511621205339289
0.5115673354043956
0.5115133356237019
0.5114591921028854
0.5114047407203816
0.5113501441080047
0.5112954186946234
0.5112403930152877
0.5111851900515286
0.5111298676010989
0.5110742702552717
0.5110184869237104
0.5109625898150212
0.5109064115137244
0.5108500115857734
0.5107934802322421
0.5107366793450401
0.5106796818250442
0.5106225828468213
0.5105651998785212
0.510507576351784
0.5104498696187945
0.5103919657591063
0.5103338333135428
0.5102755923082732
0.510217043586374
0.5101582872491469
0.5100994468817445
0.5100402654289452
0.5099808650772794
0.5099214188762116
0.5098616065191137
0.5098015449664911
0.5097414796971543
0.5096810167527924
0.5096203046660331
0.509559460533545
0.5094982102352807
0.5094366835663353
0.5093751281913399
0.5093132340030986
0.5092510540385811
0.5091887830267119
0.5091262474365421
0.5090633596327674
0.5090004229120125
0.5089372662998174
0.5088736959633409
0.5088100778178858
0.5087462622788823
0.5086820004148648
0.5086176931349685
0.5085531851867146
0.5084882746483084
0.5084232572666227
0.5083580329578158
0.5082924774697676
0.5082267867224948
0.5081608749370589
0.5080946658661464
0.5080282665027295
0.507961602736898
0.50789475145008
0.5078276312791025
0.5077603053925145
0.5076928939948441
0.5076251890320007
0.507557169122127
0.5074890278595557
0.5074206098554054
0.5073518621862199
0.5072829773228681
0.5072138677139386
0.5071444179635285
0.5070747852268973
0.5070049441973505
0.5069347295790652
0.5068641675273584
0.5067933762986457
0.5067222875574566
0.5066509265602219
0.506579339584477
0.5065075014256177
0.5064353595343337
0.5063630450231263
0.5062904549075611
0.5062175471021803
0.5061444749313109
0.5060711325462084
0.5059974745087769
0.5059236364913833
0.5058495224680599
0.5057750995643276
0.5057005110381835
0.5056256167937911
0.5055503833259517
0.5054749800582108
0.5053993168514567
0.5053233114819146
0.5052471490697826
0.5051707715668926
0.5050940918741774
0.5050172482491416
0.5049401513797823
0.5048626694823479
0.5047850254593417
0.5047070947520257
0.5046287890978751
0.5045503134346822
0.5044715818977245
0.5043925255078106
0.5043131436182544
0.5042333368064569
0.5041532486991983
0.5040728519552183
0.5039921765898294
0.5039112565028268
0.5038300156920952
0.5037484980332401
0.5036666993469138
0.5035846015406803
0.5035022470162868
0.5034196195081393
0.503336718614278
0.5032535124431339
0.5031699693534222
0.5030862168326781
0.503002197872942
0.5029177845627492
0.5028331260023453
0.5027482698426113
0.5026630188854706
0.5025776218257049
0.5024920179109564
0.502405926418178
0.5023197052904429
0.5022332380849396
0.5021462916140518
0.5020591463845419
0.5019718280404348
0.5018840232734815
0.5017959440838681
0.5017076220910813
0.5016186694533716
0.5015293744497893
0.5014399320496146
0.5013500617247021
0.5012598234758078
0.5011695108508916
0.5010787454731989
0.5009875775485648
0.5008963250861281
0.5008046226843191
0.5007125369399456
0.5006202435332382
0.5005277351827357
0.5004347274005588
0.5003414475829469
0.500248005589787
0.5001539989709696
0.5000598251961097
0.49996561331772105
0.4998708083418544
0.4997758584967325
0.4996806896658783
0.49958487458099027
0.49948894614366307
0.49939278238193335
0.49929606532225657
0.499199078842083
0.4991017231345203
0.49900380207269873
0.49890550477134543
0.4988070318400633
0.4987081622854426
0.49860886519586267
0.49850938840815107
0.4984095023289249
0.49830914296497686
0.49820866327617763
0.4981078291917381
0.4980064553820712
0.49790497985147675
0.4978031250888103
0.497700741332539
0.49759826084522496
0.49749543001152535
0.4973921302409467
0.49728867929696857
0.4971850013165723
0.4970807737580606
0.496976248729869
0.4968715748232204
0.49676632140107707
0.4966606606852572
0.4965548091277954
0.49644823705130636
0.49634111568558925
0.49623392138360317
0.4961263609751273
0.49601822493815056
0.4959099101974949
0.49580125086599663
0.49569206776590424
0.4955827527506422
0.4954730546246769
0.49536274524148693
0.49525219832860917
0.4951413480729187
0.49503004159895503
0.49491853111204204
0.49480682103542006
0.49469458100703784
0.4945819786775703
0.4944692683986692
0.4943559211692148
0.4942421392208641
0.4941283307368156
0.49401375924085333
0.4938984173584684
0.4937830633547221
0.4936672218241761
0.4935507397877623
0.49343416146871005
0.49331732615016277
0.4931997498792551
0.49308185095055285
0.49296380178552923
0.49284513779119044
0.4927260705907598
0.49260702007708623
0.4924873190399293
0.49236715728073066
0.49224695131977464
0.4921263230999497
0.4920051036121547
0.49188367958789997
0.4917618674452261
0.4916395279892327
0.49151680555792315
0.4913934347707727
0.49126951739289815
0.4911451252167271
0.49102056481234985
0.49089555223169984
0.4907700135754686
0.4906441339246717
0.4905178743707283
0.4903911316690424
0.4902641024107289
0.49013673262477286
0.4900088326454771
0.48988071154456325
0.48975212049241557
0.4896232259589102
0.48949396027538794
0.48936412075517083
0.48923400163109115
0.4891034508999593
0.4889722253115794
0.48884038946456665
0.4887081257123048
0.488575525445105
0.48844239658118227
0.4883089060724609
0.48817503504444026
0.4880404926471521
0.48790576947509445
0.4877706520706419
0.4876349213638971
0.4874988857387997
0.4873626428236854
0.48722597960481984
0.487088813029622
0.4869512415775071
0.48681324410107313
0.4866747094761403
0.48653582280850427
0.48639610113701526
0.4862558170444745
0.48611525600636857
0.48597424510662734
0.48583261707828684
0.4856905888189679
0.4855482173982513
0.48540538169257247
0.4852620446003452
0.48511840149084795
0.48497438171582563
0.4848299018404621
0.48468515383995125
0.4845398730983268
0.4843939842727522
0.4842477763622183
0.4841011387285118
0.4839535268986448
0.4838054626108647
0.48365707400785374
0.48350811117015435
0.48335853287566277
0.48320861476809507
0.4830583015263147
0.4829074377097619
0.4827562640987121
0.48260463040217166
0.48245268818103776
0.48230020477749475
0.4821472008740046
0.4819939151828686
0.4818401436951426
0.4816858105610312
0.48153054360836045
0.4813748572998484
0.48121875008691145
0.481061792921165
0.48090464066278615
0.4807471311596505
0.48058887670093375
0.48043014936100253
0.48027117633648686
0.4801118776214504
0.47995185741700913
0.4797917179997304
0.4796311676616591
0.4794697541973825
0.4793079615799604
0.47914571650760923
0.4789823242438819
0.47881836564642793
0.47865416086423246
0.4784894799663167
0.47832418792712594
0.4781585077144604
0.477992547012628
0.4778256771958333
0.4776587549424522
0.4774915973988243
0.477323562438636
0.47715513518868263
0.4769862918117004
0.47681683546112064
0.4766462043333719
0.47647525955047854
0.47630371982980646
0.47613153233232447
0.475959125746915
0.47578628058826766
0.4756125545060124
0.47543860482310346
0.47526456042906023
0.4750896841021176
0.47491443247819487
0.47473879546520165
0.4745624063686394
0.474385091884283
0.4742072416070516
0.4740289322293368
0.4738495308776261
0.4736700359545964
0.47349026395361155
0.47330973328404397
0.4731284874676577
0.4729474679169456
0.4727658446689233
0.4725831441689754
0.47240034818495535
0.47221716962298765
0.4720328707128198
0.4718475383738188
0.47166211372740996
0.4714760619744201
0.47128911882811264
0.4711021221112015
0.4709145950084863
0.470726204640656
0.4705377009800093
0.47034898775856687
0.470159373404516
0.4699689603095028
0.469778443838154
0.4695868041076801
0.4693940718657391
0.46920115621828856
0.4690079466444055
0.46881384572806156
0.46861911428939124
0.4684243206341635
0.4682290788728755
0.4680330111477434
0.467836756594825
0.4676398145503351
0.4674419715392534
0.46724321643183775
0.4670440365898519
0.466844091474401
0.4666435105139287
0.46644282003271487
0.4662413208517955
0.46603926285878206
0.4658370400467028
0.465634357090588
0.46543073160621773
0.4652264680898137
0.46502196471144625
0.46481605709977286
0.46460933413952177
0.4644025729928696
0.4641953440258567
0.4639870827330506
0.46377838394052456
0.4635699856052916
0.463360661385073
0.46315017592121094
0.462939572789982
0.4627282354671266
0.4625157083615266
0.4623023952007014
0.4620891147302433
0.46187508571681185
0.4616601883519153
0.4614452984179428
0.46122983352507496
0.46101368386982233
0.46079665165659334
0.460579307489886
0.46036104425420715
0.46014176124592104
0.4599220875639417
0.4597017012363735
0.4594808676875248
0.45925947640018494
0.45903780514079784
0.4588154514480175
0.45859241236775794
0.4583688093786845
0.4581442658162641
0.4579189728873695
0.4576928419279755
0.45746615028099463
0.4572390069132208
0.4570117107813361
0.45678371929436606
0.4565547376189092
0.45632543478652143
0.4560956902397545
0.45586467876426673
0.4556327724012335
0.45540052967533773
0.45516785355245176
0.4549340131913008
0.4547002242493234
0.4544659343082268
0.4542308532947994
0.4539949431083827
0.45375863348756235
0.45352126964325357
0.4532829193402815
0.45304407881711933
0.45280474034729584
0.45256512491491013
0.452324694538379
0.4520838531572844
0.45184234924165595
0.45160017186128276
0.4513568511841373
0.4511128930292703
0.45086824767607503
0.45062278968476227
0.4503771807805908
0.450131109525639
0.44988415402551274
0.44963645836223565
0.4493885666335222
0.4491394085500112
0.4488894155497347
0.4486386313448437
0.4483873214809671
0.4481358331352768
0.4478836445769412
0.44763082673218263
0.4473774398852341
0.4471233772268658
0.44686796810570656
0.44661191853408827
0.4463552619369667
0.44609817442470057
0.44584074993129974
0.44558222980783857
0.4453234257314913
0.4450642757987502
0.4448036509584379
0.44454189898778834
0.4442798563717105
0.4440174099589376
0.4437542735695438
0.44349029073409585
0.4432262323308778
0.442961895704867
0.44269560101961125
0.44242846859014506
0.4421610836110562
0.4418930524607906
0.44162422093023085
0.44135489438754516
0.44108563174426324
0.44081539394608044
0.44054373535843916
0.4402711977721058
0.43999837054980195
0.4397245698065823
0.4394503840667587
0.4391757521478823
0.43890074639366533
0.4386248971861697
0.4383478384533548
0.43806995404711147
0.43779083101998256
0.4375118335471063
0.4372324481391559
0.4369525429607076
0.4366715181568778
0.436389961147804
0.4361071799813962
0.43582348866350984
0.4355391667632056
0.43525479064441425
0.434970058530897
0.43468415202107435
0.4343977847712498
0.4341101488025831
0.43382165129884526
0.4335321283076422
0.4332427219252032
0.43295315738153567
0.43266245742559545
0.4323709865651234
0.4320785530097806
0.43178531466480363
0.4314907660787454
0.43119613917967026
0.4309016331196716
0.4306064628490413
0.43030970592623224
0.43001192838764785
0.4297137474320686
0.429414902019539
0.42911501059910984
0.42881514791495373
0.42851507163761393
0.4282139181345985
0.42791060442021017
0.42760718680310517
0.4273036687357114
0.4269991890586176
0.42669401225894066
0.42638890263593204
0.4260828415746073
0.42577450191442895
0.42546562048521697
0.4251574788206322
0.42484857585422015
0.4245383236651981
0.4242275381193918
0.4239161579953678
0.423603306900022
0.4232896486658597
0.42297613777647186
0.42266238036184883
0.42234740712412516
0.42203136756330745
0.42171427649946397
0.42139666849007074
0.42107853648296556
0.4207598634541353
0.42044095607263837
0.4201211544831732
0.41979919701778273
0.41947683783638023
0.4191550805188028
0.4188322858430676
0.41850816342708647
0.41818380581377723
0.4178586261947981
0.4175322524109172
0.41720518987347
0.41687773254399085
0.41655013983509015
0.4162219759277292
0.41589159442050944
0.41556050734834754
0.41522956260059657
0.41489834697581257
0.41456594376431655
0.41423290322460854
0.4138982022649922
0.41356333072548473
0.41322807188433586
0.4128920746709217
0.4125552502794651
0.4122181980349839
0.41187918760343695
0.41153999985581574
0.4112000908397191
0.41085988918627
0.41051909268745884
0.41017721898049636
0.40983378156195044
0.40949052517840107
0.4091467231590709
0.4088020380968281
0.40845660621661795
0.4081100060127952
0.4077629446613104
0.4074150820911018
0.4070666436553124
0.40671793411465373
0.4063686265463842
0.40601692393976824
0.40566540304726567
0.40531359506335385
0.40496145519248355
0.40460794823545726
0.4042531305947867
0.4038980834116326
0.40354277534247834
0.40318627824585174
0.40282930950626705
0.4024714130883973
0.4021126253711282
0.4017532175702995
0.40139329049773126
0.4010328663766055
0.4006718776243208
0.40030892084860853
0.3999459478163958
0.3995825170405084
0.3992186154116566
0.39885383592358425
0.39848728486800783
0.3981207857580446
0.39775393721142804
0.39738625421187324
0.3970179976606824
0.3966477040060028
0.39627763963073814
0.39590706852768504
0.3955358569091455
0.3951638962831262
0.3947902107796119
0.3944166958009441
0.3940426323921205
0.39366772481615075
0.3932920013643416
0.3929150234687691
0.3925381606400288
0.39216031482984115
0.39178173092350743
0.39140219046922303
0.39102233754242705
0.3906417913136612
0.3902599781394676
0.3898780203074154
0.3894951415994119
0.38911181168687353
0.3887272037001444
0.38834224031620024
0.38795722423446927
0.3875706772347546
0.3871833626454034
0.3867953563959342
0.3864073127765958
0.38601813854679856
0.38562786731488946
0.38523712671751725
0.38484616384886333
0.3844546772606812
0.3840613873722162
0.38366780369221903
0.38327410790479766
0.3828798067127558
0.3824837745376974
0.382087345333406
0.3816908475196022
0.3812939732177086
0.380895366711667
0.38049573170608714
0.38009635320432156
0.37969695282686244
0.37929547141505576
0.3788932442660553
0.3784909969036201
0.37808871856779924
0.3776846440594514
0.37727990381263105
0.37687460703353126
0.3764695029273152
0.3760628439815343
0.3756554938530916
0.3752474095605506
0.37483955773199856
0.37443046434096544
0.37402005327701987
0.37360908932804854
0.37319848329520355
0.3727871444841132
0.3723740970484983
0.37196030756134413
0.3715466650498317
0.3711328140644251
0.3707173699743103
0.370300914975316
0.36988418735080686
0.3694676345352532
0.3690496558599019
0.3686307312554225
0.36821132886351504
0.36779209236233806
0.3673714634613225
0.36694978479622586
0.366527727752224
0.36610578744790556
0.36568261280898623
0.3652583688114107
0.364833541470485
0.3644087853493584
0.36398339191403806
0.3635565724508402
0.36312905654637756
0.3627015418308875
0.3622735069106594
0.3618441516886951
0.3614141512850336
0.3609840713567751
0.3605537397594044
0.36012183958089095
0.3596889815950662
0.3592560203854769
0.35882346033624135
0.358389366996466
0.3579540442962708
0.35751791854914156
0.35708226008342303
0.356645859813974
0.3562086592158367
0.3557704719441623
0.3553315525540315
0.3548922131797912
0.3544527191757003
0.35401315980272874
0.3535715662260499
0.35312906903528724
0.3526865072083572
0.3522445627248689
0.3518011934961617
0.35135642716852084
0.35091205247941587
0.35046622868029803
0.3500200479396362
0.3495736369775718
0.3491268005870934
0.3486783870713197
0.3482299615180313
0.34778187850769676
0.3473317484954728
0.34688108006796464
0.3464300634980979
0.3459798405796901
0.3455273920845399
0.3450740715818748
0.34462152705186216
0.3441675010356596
0.3437131835340991
0.343258313849507
0.34280315912605747
0.3423459400281737
0.3418895943797723
0.3414333811334657
0.3409744674411776
0.3405156413283819
0.3400576123566511
0.33959787288898946
0.33913700260022767
0.33867661917850095
0.33821521899153234
0.33775316173303854
0.33729079290269787
0.33682825068390587
0.33636387186309297
0.3358995979437602
0.3354361167098926
0.3349699309112477
0.3345038354171434
0.33403814257930675
0.3335709093470575
0.3331029610001691
0.33263558668457277
0.3321669290776984
0.33169714849858023
0.33122776088235284
0.330757801641866
0.33028679140856176
0.3298158070795765
0.32934427757548806
0.32887071602075896
0.32839788190683367
0.3279254606184891
0.32745113455572694
0.3269763208080932
0.32650140197670774
0.3260252578164576
0.32554955756826337
0.3250742416158378
0.3245960324480165
0.32411760725910804
0.32364022731801756
0.32316132051418256
0.3226824701319746
0.32220324835255454
0.3217220092775039
0.3212411035278246
0.32076081720788885
0.3202786015924443
0.3197962496324918
0.3193142848150001
0.31883038213368786
0.3183466255564717
0.3178627615453654
0.3173771730738622
0.3168925686444519
0.3164075947008604
0.31592051466180726
0.3154339117531922
0.31494681217393
0.3144587927129911
0.31397166036844415
0.3134826785515805
0.31299265015094074
0.3125041810348246
0.31201402217637997
0.3115231010809032
0.3110329667573216
0.31054027973194764
0.3100486949167758
0.3095578053468853
0.3090637304222732
0.30857037658156655
0.30807646358240715
0.3075815239617388
0.3070889974422267
0.30659332848315235
0.30609682279125955
0.3056014158286195
0.305104028939712
0.30460859983832084
0.3041114528012599
0.30361214877739656
0.3031141272520955
0.3026154963120281
0.30211700000939723
0.30161850390480005
0.30111719558340677
0.3006161794364039
0.30011608385733307
0.29961454843437174
0.29911421008494427
0.29861127208213467
0.2981082130029196
0.2976061528623502
0.29710182856037815
0.2965991651784618
0.2960944187204939
0.2955894563699243
0.29508537661219403
0.2945795466686221
0.2940741665472495
0.2935673655367731
0.2930598951304096
0.29255397174246295
0.29204700158387203
0.2915398857488253
0.29103129195332084
0.2905211339039278
0.2900123115667844
0.28950324656348597
0.2889941675796713
0.2884848355960286
0.28797293982840627
0.2874619979715374
0.28694994760420794
0.2864388616972764
0.2859276575822999
0.28541454742806854
0.28490211127036474
0.2843876576888464
0.28387473198227975
0.2833607750318708
0.28284636196261204
0.28233243707592415
0.2818161815219594
0.2813015128761945
0.2807852261206355
0.2802693446178794
0.2797529884161429
0.2792353302063452
0.27871874945206776
0.2782000707172985
0.27768260374571957
0.27716411648764944
0.2766455156709541
0.27612672287716516
0.2756065309467544
0.2750873276469237
0.27456625856438144
0.27404635542425115
0.27352536889948387
0.2730044339749895
0.27248288556348044
0.2719603979942569
0.2714390849741001
0.2709155760967124
0.2703937582609318
0.2698698324424407
0.26934664591538715
0.2688223019404837
0.2682984088954565
0.2677743340438316
0.2672493510444179
0.2667245457884407
0.26619804389936425
0.26567275207661434
0.26514612316206876
0.2646205699022746
0.2640935350429486
0.2635664973269557
0.2630386081542261
0.26251066170866333
0.2619829672129332
0.2614548804414101
0.26092706861915194
0.2603976799854254
0.25986918043736323
0.25933842746629243
0.25880916566082895
0.25827840302692523
0.25774881077954026
0.25721785607290654
0.2566878622238562
0.25615596639428556
0.25562492855760266
0.25509244639359774
0.2545604121388912
0.254027874151341
0.25349616067251995
0.25296348418971554
0.2524307576577468
0.25189707874455886
0.25136316406578096
0.25082907217631645
0.2502950147894083
0.24976116721668376
0.2492266814182257
0.24869255984662877
0.24815683721170212
0.24762186445960604
0.24708517182210424
0.24655005932481572
0.24601366096377342
0.24547792229881127
0.2449411696583555
0.244404787008003
0.2438676601894289
0.2433304776022883
0.2427928786209499
0.24225535205161006
0.24171720330625987
0.24117949964074098
0.24064121966572832
0.2401030758138069
0.2395640431871023
0.23902563818372372
0.2384859287853734
0.23794668402735208
0.23740690056695624
0.23686796647884503
0.23632795609556054
0.23578851037226514
0.23524755959497443
0.23470740966896358
0.23416649762137035
0.2336260189729163
0.2330852651819615
0.23254422732143504
0.23200369555996547
0.23146097314980185
0.23092036275205266
0.23037758508314857
0.2298365911078858
0.22929446027821743
0.22875239955713184
0.22821018745990013
0.22766696733765288
0.2271239494556655
0.22658090248236318
0.2260378712078331
0.2254953965762656
0.2249529620795479
0.22440913530687676
0.22386552435515172
0.2233210048113626
0.22277748004726985
0.2222329588059064
0.2216895597622766
0.22114571044279732
0.22060123716579152
0.22005742172887904
0.21951170704001022
0.21896775542944377
0.21842228519526127
0.21787773547452532
0.2173335523971868
0.21678827499138023
0.21624366750692714
0.21569764668384672
0.21515221626556402
0.2146064528839766
0.21406191415309903
0.21351648950989358
0.21297118258521472
0.21242640335462984
0.2118792677742985
0.2113339431857222
0.21078717240917905
0.2102407148188276
0.20969604957567126
0.20914895202253025
0.2086041602287724
0.20805827252540052
0.20751141257139155
0.20696603152596832
0.20641871204854545
0.20587195041399775
0.20532534374902908
0.20477906129600806
0.20423299922337212
0.20368605949490481
0.20314048798129405
0.20259395009207287
0.20204733632784536
0.2015014539063391
0.20095349035274063
0.20040727567289315
0.1998609860322419
0.19931361633294162
0.19876761146493624
0.19822090939924913
0.1976747675029598
0.19712919192900175
0.19658179513696405
0.19603607687200514
0.19548981870584742
0.19494200831544736
0.1943964054540032
0.1938500318266762
0.19330273964147993
0.19275752597288326
0.192211351355705
0.19166509656163286
0.19112024599406546
0.19057348027363386
0.1900275445803064
0.18948203996437035
0.18893548115963335
0.1883897888511232
0.18784394545800787
0.18729772130351516
0.18675298102460763
0.18620738284894311
0.18566179277461486
0.1851171136751525
0.18457136164620835
0.18402584705263836
0.1834819399117329
0.18293622419630245
0.18239026476891151
0.18184699956633973
0.1813018993908834
0.18075656352051414
0.1802132471187417
0.17966942639215244
0.179123982557437
0.17858014436079936
0.17803758664301125
0.17749266548607556
0.17694846626400906
0.17640614634995597
0.1758628837444226
0.17531888451590105
0.17477605982400804
0.1742337201267277
0.17369083403847438
0.17314809777264356
0.17260513791426205
0.17206376231300197
0.17152236092904327
0.17097970476587096
0.1704373020676587
0.16989652709676953
0.1693563857107734
0.16881407913741095
0.16827266935242938
0.1677325552809289
0.1671921071274379
0.16665107666608583
0.16611100624062333
0.16557178168087858
0.16503169149683097
0.16449193633909312
0.16395277683723264
0.16341367184836567
0.1628740191633098
0.16233574253075725
0.16179760981731617
0.16125919598702668
0.1607205471978472
0.16018294223620555
0.15964622655649863
0.15910829964895526
0.15857092012157728
0.15803462001291105
0.15749887743816443
0.15696193620429152
0.1564255973023988
0.15589008958472128
0.15535529216875657
0.15481993478970066
0.15428428328426377
0.15374969253175919
0.15321630133774952
0.15268215543788305
0.1521483342945606
0.15161430633974157
0.15108202999585366
0.1505491064139468
0.150016561888513
0.1494843425451408
0.14895245616784622
0.14842127846223646
0.1478899213655397
0.14735896930873377
0.14682833760321573
0.14629812916018872
0.14576768044542388
0.14523828145465856
0.14470960067900415
0.14418131474281803
0.14365218753084805
0.1431240495530254
0.14259581643420938
0.14206835272526672
0.14154188919135488
0.14101486155478438
0.1404878648116039
0.1399623140614466
0.13943650356563975
0.1389112177159476
0.13838624315394152
0.1378610037635467
0.13733650864274727
0.13681328981875845
0.13629035820632876
0.1357672059338062
0.13524411621365603
0.1347212235433654
0.134199422421233
0.1336783058194601
0.13315860775644442
0.13263873451036992
0.13211857931335094
0.13159840277529325
0.1310783778865722
0.1305589923703603
0.1300408273683383
0.12952338536125518
0.1290065248208816
0.1284899126283089
0.12797327109217005
0.12745682533871117
0.12694087076157973
0.12642494829663592
0.12590959576502236
0.12539576954676426
0.12488247081293513
0.12436962689923656
0.12385699284036142
0.12334435395994094
0.12283193046516146
0.12232008363572601
0.12180880251860626
0.12129851935778864
0.12078898167010337
0.12027993550009733
0.11977183781530674
0.11926404047131071
0.11875579863438232
0.11824784725400382
0.1177404020458141
0.11723341247940966
0.11672696032127487
0.11622141529730518
0.11571660524351914
0.11521235666012665
0.11470870996485058
0.11420547374572514
0.11370265532430782
0.11320065075932305
0.11269898631381102
0.11219746066396137
0.11169653433793238
0.11119621078144579
0.11069638342098895
0.11019704202449805
0.10969854530163922
0.10920086193991468
0.10870390242139504
0.10820753601851185
0.10771151795723873
0.10721592893012476
0.10672095986636425
0.10622657370509164
0.10573277979211693
0.10523963623441968
0.10474714815771088
0.10425517781546326
0.10376341784865302
0.10327239893791892
0.10278201736412888
0.10229223907690803
0.10180304937666608
0.10131456188561017
0.10082697099259323
0.10034014919902176
0.0998539840889432
0.09936844953329765
0.09888349432880268
0.09839910516247419
0.09791519101318863
0.09743182996449685
0.09694912131432508
0.09646703027413495
0.09598551153266519
0.09550457722981794
0.09502427483934332
0.09454459452841774
0.09406540373592591
0.09358681042342915
0.09310881957014527
0.0926314472382848
0.09215477662548825
0.09167874455183246
0.09120333657729594
0.09072855030401876
0.09025441296357947
0.08978091671987755
0.08930805010436617
0.08883585852458602
0.08836433158402184
0.08789345561549676
0.0874232527412143
0.08695374413092631
0.0864849314852956
0.08601681900070608
0.08554936778547492
0.08508259974166564
0.08461650941706306
0.0841510621313969
0.08368628669457967
0.08322222848140733
0.08275900161930506
0.08229663443399456
0.0818349525438651
0.08137388449193622
0.08091339452797436
0.08045344106061612
0.07999429457201113
0.0795361433791233
0.07907795241770091
0.07862045661673589
0.07816367672242291
0.0777075904798212
0.07725218443148422
0.07679758875967273
0.0763437254674012
0.07589080272926393
0.07543856921900781
0.07498705149848284
0.07453618496450155
0.0740860948798985
0.07363710685408724
0.07318904853440214
0.07274177793120984
0.07229507207646779
0.07184832293130697
0.07140202654918681
0.0709564609988765
0.07051166002597584
0.07006749222981053
0.06962391429013821
0.06918121639337883
0.06873952169125686
0.0682985337148858
0.0678587384653287
0.06741997173199298
0.06698192660327189
0.0665441320900535
0.06610605886524518
0.06566875850273705
0.06523212645060077
0.06479603635911729
0.06436067610764472
0.06392666576375572
0.06349346474098913
0.06306174589269715
0.06263066382786446
0.06219973795538354
0.06176842097861124
0.061337775474650115
0.06090768559514596
0.06047816803869423
0.060049894952046545
0.05962252960822715
0.05919679614450619
0.0587716073341144
0.05834627427636235
0.05792063139336343
0.05749568905348772
0.05707123088294637
0.05664790066519824
0.05622559334302578
0.0558050651769651
0.055384969842879765
0.054964172938778706
0.054543746736492524
0.05412373577732223
0.05370458868791412
0.05328659885611114
0.05287008554140447
0.0524543702025547
0.05203760485541573
0.05162115889796938
0.051205147023380526
0.0507903258374439
0.05037628192089855
0.04996393288261064
0.0495514116682022
0.0491380735989389
0.048725241676477876
0.048313365683076516
0.047902335354627616
0.04749254406680693
0.04708297503652497
0.04667261283384478
0.046262577902750374
0.04585372214465639
0.04544533992824171
0.04503808847618731
0.04463072771895775
0.04422247728755964
0.04381509516554217
0.04340859797361924
0.043002621393178404
0.04259716195543855
0.04219120973040736
0.04178523700104194
0.041380216649038966
0.040975461156979615
0.040571217054065446
0.040166699200828916
0.039762041321721814
0.039357921710406724
0.03895404490147982
0.0385504011080174
0.03814668878112092
0.0377427525592091
0.03733898331197928
0.036935485245478884
0.036531961656898385
0.03612820634516005
0.035724284515793986
0.03532035336366681
0.03491633265446883
0.03451227859480696
0.034107711834051285
0.033702846913884865
0.033297845715076074
0.03289260092442845
0.03248681764328157
0.032080554495809176
0.03167389576069859
0.03126669201997124
0.03085882802221813
0.030450445893393022
0.030041322836827984
0.029631384242104486
0.02922044112928242
0.028808809395878668
0.028396152606622337
0.027982409339702086
0.027567247072280084
0.02715097661909996
0.026733457849614985
0.02631449176319719
0.02589412893986939
0.025472194547826902
0.025048780947233708
0.024623326432631796
0.024195959597688395
0.023766618229039582
0.023335334439466265
0.02290105559436182
0.022464035420639634
0.02202475987529644
0.021581946291084283
0.0211356745152146
0.020686046981569416
0.020232283026922784
0.019774306045284535
0.01931198198401067
0.018844537946294863
0.018371511413879864
0.017892432352073266
0.01740718426590388
0.016915597398438995
0.01641648367257703
0.015909319026485527
0.015392725650548144
0.014866220917034711
0.014328294688169235
0.013776945733904696
0.01321117239770458
0.012628741832426672
0.012027249989177976
0.011403537634868986
0.01075324095412112
0.01007112992871422
0.009350375002789332
0.008581086497627349
0.007748577679491398
0.006830465337407528
0.005787084407811142
0.004531112221033384
0.002786556033537516
0.0
0.0
0.0
0.0
0.0
0.0
0.0
0.0
0.0
0.0
0.0
0.0
0.0
0.0
0.0
0.0
0.0
0.0
0.0
0.0
0.0
0.0
0.0
0.0
0.0
0.0
0.0
0.0
0.0
0.0
0.0
0.0
0.0
0.0
0.0
0.0
0.0
0.0
0.0
0.0
0.0
0.0
0.0
0.0
0.0
0.0
0.0
0.0
0.0
0.0
0.0
0.0
0.0
0.0
0.0
0.0
0.0
0.0
0.0
0.0
0.0
0.0
0.0
0.0
0.0
0.0
0.0
0.0
0.0
0.0
0.0
0.0
0.0
0.0
0.0
0.0
0.0
0.0
0.0
0.0
0.0
0.0
0.0
0.0
0.0
0.0
0.0
0.0
0.0
0.0
0.0
0.0
0.0
0.0
0.0
0.0
0.0
0.0
0.0
0.0
0.0
0.0
0.0
0.0
0.0
0.0
0.0
0.0
0.0
0.0
0.0
0.0
0.0
0.0
0.0
0.0
0.0
0.0
0.0
0.0
0.0
0.0
0.0
0.0
0.0
0.0
0.0
0.0
0.0
0.0
0.0
0.0
0.0
0.0
0.0
0.0
0.0
0.0
0.0
0.0
0.0
0.0
0.0
0.0
0.0
0.0
0.0
0.0
0.0
0.0
0.0
0.0
0.0
0.0
0.0
0.0
0.0
0.0
0.0
0.0
0.0
0.0
0.0
0.0
0.0
0.0
0.0
0.0
0.0
0.0
0.0
0.0
0.0
0.0
0.0
0.0
0.0
0.0
0.0
0.0
0.0
0.0
0.0
0.0
0.0
0.0
0.0
0.0
0.0
0.0
0.0
0.0
0.0
0.0
0.0
0.0
0.0
0.0
0.0
0.0
0.0
0.0
0.0
0.0
0.0
0.0
0.0
0.0
0.0
0.0
0.0
0.0
0.0
0.0
0.0
0.0
0.0
0.0
0.0
0.0
0.0
0.0
0.0
0.0
0.0
0.0
0.0
0.0
0.0
0.0
0.0
0.0
0.0
0.0
0.0
0.0
0.0
0.0
0.0
0.0
0.0
0.0
0.0
0.0
0.0
0.0
0.0
0.0
0.0
0.0
0.0
0.0
0.0
0.0
0.0
0.0
0.0
0.0
0.0
0.0
0.0
0.0
0.0
0.0
0.0
0.0
0.0
0.0
0.0
0.0
0.0
0.0
0.0
0.0
0.0
0.0
0.0
0.0
0.0
0.0
0.0
0.0
0.0
0.0
0.0
0.0
0.0
0.0
0.0
0.0
0.0
0.0
0.0
0.0
0.0
0.0
0.0
0.0
0.0
0.0
0.0
0.0
0.0
0.0
0.0
0.0
0.0
0.0
0.0
0.0
0.0
0.0
0.0
0.0
0.0
0.0
0.0
0.0
0.0
0.0
0.0
0.0
0.0
0.0
0.0
0.0
0.0
0.0
0.0
0.0
0.0
0.0
0.0
0.0
0.0
0.0
0.0
0.0
0.0
0.0
0.0
0.0
0.0
0.0
0.0
0.0
0.0
0.0
0.0
0.0
0.0
0.0
0.0
0.0
0.0
0.0
0.0
0.0
0.0
0.0
0.0
0.0
0.0
0.0
0.0
0.0
0.0
0.0
0.0
0.0
0.0
0.0
0.0
0.0
0.0
0.0
0.0
0.0
0.0
0.0
0.0
0.0
0.0
0.0
0.0
0.0
0.0
0.0
0.0
0.0
0.0
0.0
0.0
0.0
0.0
0.0
0.0
0.0
0.0
0.0
0.0
0.0
0.0
0.0
0.0
0.0
0.0
0.0
0.0
0.0
0.0
0.0
0.0
0.0
0.0
0.0
0.0
0.0
0.0
0.0
0.0
0.0
0.0
0.0
0.0
0.0
0.0
0.0
0.0
0.0
0.0
0.0
0.0
0.0
0.0
0.0
0.0
0.0
0.0
0.0
0.0
0.0
0.0
0.0
0.0
0.0
0.0
0.0
0.0
0.0
0.0
0.0
0.0
0.0
0.0
0.0
0.0
0.0
0.0
0.0
0.0
0.0
0.0
0.0
0.0
0.0
0.0
0.0
0.0
0.0
0.0
0.0
0.0
0.0
0.0
0.0
0.0
0.0
0.0
0.0
0.0
0.0
0.0
0.0
0.0
0.0
0.0
0.0
0.0
0.0
0.0
0.0
0.0
0.0
0.0
0.0
0.0
0.0
0.0
0.0
0.0
0.0
0.0
0.0
0.0
0.0
0.0
0.0
0.0
0.0
0.0
0.0
0.0
0.0
0.0
0.0
0.0
0.0
0.0
0.0
0.0
0.0
0.0
0.0
0.0
0.0
0.0
0.0
0.0
0.0
0.0
0.0
0.0
0.0
0.0
0.0
0.0
0.0
0.0
0.0
0.0
0.0
0.0
0.0
0.0
0.0
0.0
0.0
0.0
0.0
0.0
0.0
0.0
0.0
0.0
0.0
0.0
0.0
0.0
0.0
0.0
0.0
0.0
0.0
0.0
0.0
0.0
0.0
0.0
0.0
0.0
0.0
0.0
0.0
0.0
0.0
0.0
0.0
0.0
0.0
0.0
0.0
0.0
0.0
0.0
0.0
0.0
0.0
0.0
0.0
0.0
0.0
0.0
0.0
0.0
0.0
0.0
0.0
0.0
0.0
0.0
0.0
0.0
0.0
0.0
0.0
0.0
0.0
0.0
0.0
0.0
0.0
0.0
0.0
0.0
0.0
0.0
0.0
0.0
0.0
0.0
0.0
0.0
0.0
0.0
0.0
0.0
0.0
0.0
0.0
0.0
0.0
0.0
0.0
0.0
0.0
0.0
0.0
0.0
0.0
0.0
0.0
0.0
0.0
0.0
0.0
0.0
0.0
0.0
0.0
0.0
0.0
0.0
0.0
0.0
0.0
0.0
0.0
0.0
0.0
0.0
0.0
0.0
0.0
0.0
0.0
0.0
0.0
0.0
0.0
0.0
0.0
0.0
0.0
0.0
0.0
0.0
0.0
0.0
0.0
0.0
0.0
0.0
0.0
0.0
0.0
0.0
0.0
0.0
0.0
0.0
0.0
0.0
0.0
0.0
0.0
0.0
0.0
0.0
0.0
0.0
0.0
0.0
0.0
0.0
0.0
0.0
0.0
0.0
0.0
0.0
0.0
0.0
0.0
0.0
0.0
0.0
0.0
0.0
0.0
0.0
0.0
0.0
0.0
0.0
0.0
0.0
0.0
0.0
0.0
0.0
0.0
0.0
0.0
0.0
0.0
0.0
0.0
0.0
0.0
0.0
0.0
0.0
0.0
0.0
0.0
0.0
0.0
0.0
0.0
0.0
0.0
0.0
0.0
0.0
0.0
0.0
0.0
0.0
0.0
0.0
0.0
0.0
0.0
0.0
0.0
0.0
0.0
0.0
0.0
0.0
0.0
0.0
0.0
0.0
0.0
0.0
0.0
0.0
0.0
0.0
0.0
0.0
0.0
0.0
0.0
0.0
0.0
0.0
0.0
0.0
0.0
0.0
0.0
0.0
0.0
0.0
0.0
0.0
0.0
0.0
0.0
0.0
0.0
0.0
0.0
0.0
0.0
0.0
0.0
0.0
0.0
0.0
0.0
0.0
0.0
0.0
0.0
0.0
0.0
0.0
0.0
0.0
0.0
0.0
0.0
0.0
0.0
0.0
0.0
0.0
0.0
0.0
0.0
0.0
0.0
0.0
0.0
0.0
0.0
0.0
0.0
0.0
0.0
0.0
0.0
0.0
0.0
0.0
0.0
0.0
0.0
0.0
0.0
0.0
0.0
0.0
0.0
0.0
0.0
0.0
0.0
0.0
0.0
0.0
0.0
0.0
0.0
0.0
0.0
0.0
0.0
0.0
0.0
0.0
0.0
0.0
0.0
0.0
0.0
0.0
0.0
0.0
0.0
0.0
0.0
0.0
0.0
0.0
0.0
0.0
0.0
0.0
0.0
0.0
0.0
0.0
0.0
0.0
0.0
0.0
0.0
0.0
0.0
0.0
0.0
0.0
0.0
0.0
0.0
0.0
0.0
0.0
0.0
0.0
0.0
0.0
0.0
0.0
0.0
0.0
0.0
0.0
0.0
0.0
0.0
0.0
0.0
0.0
0.0
0.0
0.0
0.0
0.0
0.0
0.0
0.0
0.0
0.0
0.0
0.0
0.0
0.0
0.0
0.0
0.0
0.0
0.0
0.0
0.0
0.0
0.0
0.0
0.0
0.0
0.0
0.0
0.0
0.0
0.0
0.0
0.0
0.0
0.0
0.0
0.0
0.0
0.0
0.0
0.0
0.0
0.0
0.0
0.0
0.0
0.0
0.0
0.0
0.0
0.0
0.0
0.0
0.0
0.0
0.0
0.0
0.0
0.0
0.0
0.0
0.0
0.0
0.0
0.0
0.0
0.0
0.0
0.0
0.0
0.0
0.0
0.0
0.0
0.0
0.0
0.0
0.0
0.0
0.0
0.0
0.0
0.0
0.0
0.0
0.0
0.0
0.0
0.0
0.0
0.0
0.0
0.0
0.0
0.0
0.0
0.0
0.0
0.0
0.0
0.0
0.0
0.0
0.0
0.0
0.0
0.0
0.0
0.0
0.0
0.0
0.0
0.0
0.0
0.0
0.0
0.0
0.0
0.0
0.0
0.0
0.0
0.0
0.0
0.0
0.0
0.0
0.0
0.0
0.0
0.0
0.0
0.0
0.0
0.0
0.0
0.0
0.0
0.0
0.0
0.0
0.0
0.0
0.0
0.0
0.0
0.0
0.0
0.0
0.0
0.0
0.0
0.0
0.0
0.0
0.0
0.0
0.0
0.0
0.0
0.0
0.0
0.0
0.0
0.0
0.0
0.0
0.0
0.0
0.0
0.0
0.0
0.0
0.0
0.0
0.0
0.0
0.0
0.0
0.0
0.0
0.0
0.0
0.0
0.0
0.0
0.0
0.0
0.0
0.0
0.0
0.0
0.0
0.0
0.0
0.0
0.0
0.0
0.0
0.0
0.0
0.0
0.0
0.0
0.0
0.0
