0.0013565641224254762
0.0013573732881077868
0.001358063681965272
0.0013586915959519022
0.001359278318881068
0.001359834935339
0.0013603681443174588
0.0013608824018303866
0.0013613808498359025
0.0013618658117966
0.0013623390863252087
0.0013628021003774524
0.0013632559877230532
0.0013637016910043195
0.0013641400193128374
0.001364570538145913
0.0013649948526112332
0.001365412939904841
0.001365825732550472
0.0013662338779918937
0.0013666377240559092
0.0013670375357376983
0.0013674335554151582
0.0013678260085530367
0.001368215098250804
0.0013686010064768218
0.0013689839061086203
0.001369363955508377
0.0013697412968126015
0.0013701160638931414
0.0013704883725512984
0.0013708579331589488
0.0013712251774605033
0.0013715903338366556
0.0013719534930099742
0.0013723145458934523
0.0013726735771686712
0.0013730308152031874
0.0013733863875991501
0.0013737403637147844
0.001374092807059638
0.0013744437712699237
0.0013747933151955674
0.0013751414922065115
0.0013754883488613801
0.001375833930834147
0.001376178284197734
0.0013765214551009495
0.0013768632171992563
0.0013772038377794116
0.0013775434040463198
0.0013778819639549613
0.0013782195396191954
0.001378556155184225
0.0013788918172807389
0.001379226449696986
0.0013795601490447895
0.001379893030871498
0.0013802251116369708
0.0013805564203289993
0.001380886990630243
0.0013812168407321141
0.0013815459841714681
0.0013818744434368642
0.0013822022481706849
0.0013825294213461166
0.0013828557878561938
0.001383181534395723
0.0013835067092086545
0.0013838313296003094
0.0013841554123241247
0.001384478973735054
0.0013848020279595228
0.0013851245885598087
0.0013854466644157215
0.0013857682038550577
0.001386089221641292
0.0013864097961770027
0.001386729950328321
0.0013870497042504319
0.0013873690622408623
0.0013876880443934056
0.0013880066786310207
0.001388324928514116
0.0013886428640606876
0.0013889603275424511
0.0013892774494653176
0.0013895942459884257
0.001389910768740627
0.001390226986622455
0.0013905429373837058
0.0013908586158495454
0.00139117402388635
0.0013914891962960281
0.001391804124521903
0.0013921188123117336
0.0013924332763585899
0.0013927474684572142
0.0013930613790037818
0.0013933750949464685
0.0013936886059967074
0.0013940019288267425
0.0013943150920230807
0.001394628096422261
0.0013949409260914406
0.0013952535368881662
0.00139556593094648
0.0013958781900528115
0.0013961903263678373
0.0013965023401543558
0.0013968142271246415
0.0013971260008329607
0.0013974376638586808
0.0013977492246747601
0.0013980606821626736
0.0013983720402502495
0.001398683311264723
0.0013989945098158425
0.001399305630509242
0.0013996166775225721
0.0013999276327241945
0.0014002384649163548
0.001400549214576361
0.0014008599082605698
0.0014011705519848614
0.0014014811490122901
0.0014017917014298156
0.001402102143736851
0.001402412546614062
0.0014027229209428484
0.0014030332672613588
0.0014033435852565531
0.0014036538841986502
0.0014039641817891408
0.0014042744878319134
0.0014045847910652302
0.0014048950832320827
0.001405205360710542
0.001405515653804377
0.001405825978904008
0.001406136313866946
0.0014064466521094287
0.0014067570079898369
0.0014070673937635729
0.0014073778173821294
0.0014076882486040827
0.0014079986791028405
0.0014083090966919033
0.0014086195708444028
0.0014089301140695824
0.0014092406568168105
0.001409551188497413
0.0014098618045837443
0.0014101724174560453
0.001410483135908208
0.001410793916727251
0.0014111047213388038
0.00141141561895122
0.0014117265736913126
0.0014120376119660435
0.0014123487192798496
0.0014126598986097883
0.0014129711601940187
0.0014132824912862743
0.0014135939094212543
0.0014139054077867352
0.0014142169862503744
0.0014145286674892609
0.0014148404148810812
0.0014151523041648077
0.001415464241103854
0.0014157763066417362
0.0014160884379488294
0.0014164006626917918
0.0014167129435825813
0.0014170253446791946
0.0014173378092539122
0.0014176503615073732
0.0014179630211227008
0.0014182757920844168
0.0014185886846984352
0.001418901673587745
0.0014192148102365732
0.001419528035042075
0.0014198414128032113
0.0014201548990508868
0.0014204685109668498
0.0014207822532235148
0.001421096094885778
0.0014214100871732483
0.001421724227057945
0.0014220384837963713
0.0014223528843528774
0.0014226674058513608
0.0014229820570482458
0.0014232968781486945
0.0014236117940201478
0.001423926851601698
0.0014242421216722994
0.0014245574606544735
0.0014248729743164866
0.0014251886454736287
0.0014255044039598402
0.0014258203431214778
0.001426136369194163
0.001426452470834688
0.0014267687971263737
0.0014270852654349711
0.0014274018519701331
0.0014277186019652983
0.0014280355495903201
0.001428352624597719
0.0014286698481698033
0.001428987258235082
0.0014293048170366106
0.001429622527906006
0.0014299404026352582
0.0014302584484676064
0.0014305766601637267
0.0014308950321859906
0.0014312135729682945
0.0014315322870575744
0.0014318511713708926
0.00143217021011848
0.0014324894095699028
0.0014328088092937022
0.001433128376329536
0.001433448098214806
0.0014337679720466993
0.0014340880587962975
0.0014344083376027026
0.0014347287524825829
0.0014350493157521025
0.0014353700470043516
0.0014356910514315634
0.001436012123999232
0.0014363332923299447
0.0014366546205306263
0.0014369762110240465
0.0014372979738813054
0.0014376198806435108
0.0014379419464708662
0.0014382642056165078
0.001438586685302056
0.0014389093556021677
0.0014392321806882917
0.0014395551663084977
0.0014398783504683326
0.0014402017292143878
0.0014405253164623147
0.0014408490845312367
0.00144117301034882
0.0014414971239224016
0.001441821439796388
0.0014421459380230142
0.0014424706271287527
0.001442795519556212
0.001443120581206451
0.0014434458319688567
0.0014437712837506692
0.0014440969190747071
0.0014444227230072922
0.0014447487188712401
0.0014450749434406713
0.001445401340945017
0.0014457279426751367
0.001446054737580876
0.0014463816989023913
0.001446708840582002
0.0014470361665753697
0.0014473636445059479
0.0014476913700455568
0.0014480193046281491
0.0014483473832147635
0.001448675632516784
0.0014490040635001874
0.0014493326803018784
0.0014496614860885896
0.0014499904808265506
0.001450319665375882
0.001450649096886806
0.0014509787487711659
0.0014513085712135494
0.0014516385663541338
0.0014519687457602746
0.0014522991125970077
0.0014526296646515662
0.0014529604034083639
0.0014532913336337432
0.0014536224725032396
0.0014539538252342525
0.0014542853677234268
0.0014546170899667101
0.0014549490148050167
0.0014552811507269653
0.0014556134680778793
0.0014559459678812126
0.0014562786552401715
0.0014566115318203415
0.0014569445993355202
0.0014572778587285827
0.0014576113173188202
0.0014579449862863162
0.0014582788557827853
0.001458612900208602
0.0014589471307034632
0.001459281549187959
0.0014596161564524907
0.001459950952903926
0.0014602859258117105
0.001460621074402089
0.0014609564120276395
0.00146129193888095
0.001461627654810746
0.0014619635550131929
0.0014622996247513535
0.0014626358804086098
0.0014629723245685822
0.0014633089793130436
0.0014636458200799618
0.0014639828419771657
0.0014643200753092765
0.0014646574943844083
0.0014649950889627239
0.0014653328638878978
0.0014656708211251523
0.0014660089602288845
0.0014663472664794646
0.0014666857566803758
0.001467024429648698
0.0014673632848422114
0.0014677023220194996
0.001468041540552786
0.0014683809398982183
0.0014687205197334342
0.0014690602795269412
0.0014694002185967386
0.0014697403372578085
0.0014700806337460742
0.0014704211071142773
0.0014707617557532145
0.0014711025759573987
0.0014714435669841907
0.0014717847427791184
0.0014721261073137755
0.0014724676476356305
0.0014728093624237332
0.0014731512505327363
0.0014734933112823762
0.0014738355440141251
0.0014741779479750447
0.0014745205222832778
0.001474863266269443
0.0014752061801755441
0.0014755492625162902
0.0014758925046377362
0.0014762358985265797
0.0014765794580276896
0.0014769231821680482
0.0014772670698861765
0.0014776111202174868
0.0014779553335022063
0.001478299706910252
0.0014786442379521702
0.0014789889089426914
0.0014793337306302883
0.001479678698544551
0.0014800238188996224
0.0014803691107905658
0.0014807145395143591
0.0014810601620442912
0.0014814059571269325
0.0014817519128542892
0.0014820980267749822
0.0014824442912887918
0.001482790705988143
0.0014831372696868833
0.0014834839803623985
0.0014838308366534898
0.0014841778370724929
0.0014845249800464451
0.0014848722637509967
0.0014852196868194109
0.0014855672452215407
0.0014859149293906507
0.001486262741471192
0.0014866107100804595
0.001486958835171282
0.001487307085185599
0.001487655473742426
0.0014880040172696252
0.0014883527057338412
0.0014887015232310373
0.0014890504678835791
0.001489399537448728
0.0014897487298282512
0.001490098039701962
0.001490447454644104
0.0014907969799741762
0.001491146681454635
0.001491496499920881
0.0014918464327131032
0.0014921964741160642
0.0014925466116851652
0.0014928968642517596
0.0014932472786772768
0.001493597800002072
0.001493948423227302
0.0014942991360646328
0.001494649947631282
0.0014950009551584892
0.0014953520950265803
0.0014957033240722718
0.0014960546539576462
0.0014964060965058027
0.0014967576042116317
0.0014971091666308685
0.0014974608844529201
0.001497812663852724
0.0014981645809642437
0.0014985166227046614
0.0014988687578122353
0.0014992209790580025
0.0014995732780111247
0.0014999256432541837
0.001500278076733839
0.0015006305569597012
0.001500983065332294
0.0015013357655670866
0.0015016885874602544
0.0015020414836109373
0.001502394449490714
0.001502747481113743
0.0015031005738072162
0.0015034537200358086
0.0015038069007994013
0.0015041601052705863
0.001504513445197543
0.001504866913526298
0.0015052204454799583
0.0015055740298126235
0.001505927662958678
0.0015062813365611738
0.0015066350313826897
0.001506988758719389
0.0015073425548877265
0.0015076964398515226
0.001508050406640158
0.0015084044258706181
0.00150875847619035
0.0015091125488694652
0.0015094666204346647
0.0015098207313338757
0.0015101749215118722
0.0015105291285931791
0.00151088340413835
0.0015112377325454825
0.0015115920718747097
0.0015119463940926722
0.0015123007186694988
0.0015126551493422867
0.0015130095746586634
0.001513363993850021
0.0015137184516230751
0.001514072938005372
0.0015144273429981638
0.0015147817200536397
0.0015151362006393108
0.0015154906656170313
0.0015158451011734223
0.0015161995271054888
0.001516553983190536
0.0015169084247940617
0.0015172628349486407
0.001517617324954439
0.0015179717861622105
0.0015183262046197926
0.0015186805753843906
0.0015190349360132247
0.00151938925196409
0.0015197436562392871
0.0015200980394124762
0.0015204523780672592
0.0015208066493780752
0.0015211608356257601
0.0015215149873455272
0.0015218691454806966
0.0015222233450470557
0.0015225774909982585
0.0015229315702612988
0.0015232855499453157
0.0015236393928884384
0.0015239932586813359
0.001524347172769256
0.0015247010292772977
0.001525054806509987
0.0015254084907509102
0.001525762046992536
0.0015261154906001163
0.0015264690237022653
0.0015268225075417414
0.0015271758887801228
0.0015275291624980696
0.0015278822984956103
0.0015282352794647764
0.0015285883228656008
0.0015289413270243295
0.0015292942214991305
0.0015296469913295477
0.0015299995819604232
0.0015303520137287163
0.001530704458531074
0.001531056854119077
0.0015314091252573339
0.0015317612517002617
0.0015321131795996154
0.0015324649988876062
0.0015328167905802983
0.0015331685034110597
0.0015335200754759664
0.0015338714719242547
0.0015342226956807843
0.0015345737893724648
0.0015349248041973914
0.0015352757216347142
0.0015356264800660516
0.001535977016231951
0.0015363274188488635
0.001536677706608045
0.0015370278403215765
0.001537377846644947
0.001537727660082837
0.0015380772796481075
0.001538426752852277
0.0015387760727400208
0.001539125242644207
0.0015394742444236047
0.0015398230282507213
0.0015401716373844726
0.0015405200857534008
0.0015408683100373779
0.0015412163718918166
0.0015415642153850133
0.0015419118459732667
0.0015422593399576452
0.0015426065802394923
0.0015429535915379294
0.0015433003768659716
0.001543646943871801
0.0015439933722271252
0.0015443395216324517
0.0015446853939509314
0.0015450310204862484
0.001545376417399561
0.0015457216901952208
0.0015460666696366667
0.0015464113307971268
0.0015467557223095563
0.001547099874430028
0.0015474439417166416
0.0015477877159666292
0.001548131216397728
0.00154847440924288
0.001548817284253911
0.0015491600636807425
0.0015495025235780489
0.001549844644006545
0.0015501863984815941
0.0015505278131259046
0.0015508691413909034
0.0015512101306341516
0.0015515507590344066
0.0015518909956939643
0.001552230859324202
0.001552570628503826
0.0015529100393819962
0.0015532490680182213
0.0015535876755492152
0.0015539258932345148
0.0015542639951373171
0.0015546017152916806
0.0015549390310226274
0.0015552758895772231
0.0015556123685465826
0.0015559486902071355
0.0015562846018118983
0.0015566200796496947
0.0015569550279884233
0.0015572897005744078
0.0015576241133501891
0.001557958096102086
0.0015582916170579178
0.0015586245977615243
0.0015589573109760474
0.001559289700757168
0.0015596215864657331
0.0015599529053174405
0.0015602837230344036
0.001560614218823541
0.0015609443453283032
0.001561273987182268
0.0015616030232340613
0.0015619316977328085
0.001562259989835557
0.0015625878378758163
0.001562915160293949
0.001563241910687739
0.0015635682042805896
0.0015638941432053117
0.001564219576965945
0.00156454441184846
0.0015648687559966818
0.0015651925645393202
0.0015655159468816603
0.001565838785141008
0.0015661610045304183
0.0015664827417050345
0.001566803959066171
0.0015671246707608878
0.001567444761308167
0.0015677643212680475
0.0015680832806907994
0.0015684017571853364
0.001568719617168333
0.0015690368188496678
0.0015693534809518952
0.0015696695288238837
0.0015699850137702424
0.0015702998219215085
0.0015706140958757905
0.0015709277309903273
0.0015712407446582652
0.0015715531308585593
0.001571864859763309
0.001572175980645764
0.0015724864134078103
0.0015727962041630114
0.0015731053024566157
0.0015734137889573969
0.0015737215949041343
0.0015740287181695632
0.0015743351073327716
0.0015746408725564429
0.0015749459702277045
0.0015752502827429068
0.0015755538611713462
0.0015758567326175116
0.0015761589178920191
0.0015764603308636219
0.0015767609447824593
0.0015770607860509365
0.001577359930323707
0.0015776583283262707
0.0015779558725978542
0.0015782525656985588
0.0015785485579868771
0.0015788438158367986
0.001579138180874205
0.0015794316918599743
0.0015797244822515328
0.0015800165042143535
0.0015803076856916165
0.0015805979860687499
0.001580887415164279
0.0015811760577073097
0.0015814638550823092
0.0015817506814942753
0.0015820365596436712
0.0015823216214281362
0.0015826058426568345
0.0015828890531641036
0.0015831712501533435
0.0015834525932638653
0.0015837330918919473
0.0015840125675671344
0.001584290968998387
0.001584568419964754
0.001584845024505235
0.001585120600637246
0.0015853950636151423
0.001585668494350348
0.0015859410408625171
0.0015862125564869846
0.0015864829336307376
0.0015867522024451057
0.0015870205171230032
0.0015872878095796144
0.0015875538309846659
0.001587818635878784
0.001588082426896515
0.00158834518421204
0.0015886067454423183
0.001588867088539207
0.0015891263112332856
0.0015893844740449648
0.001589641433838168
0.00158989712821398
0.0015901516265741438
0.0015904050320213604
0.0015906571774714415
0.0015909080103500028
0.001591157578486837
0.0015914060135916752
0.0015916531878827555
0.0015918990000602824
0.0015921434690579256
0.0015923867084230844
0.0015926286530301345
0.0015928691859983374
0.0015931083274216477
0.001593346238865928
0.0015935828148801842
0.0015938179366772301
0.0015940516126557074
0.0015942839902384261
0.0015945149726016533
0.001594744471796554
0.00159497248070604
0.001595199161620208
0.0015954243864002879
0.0015956480912068076
0.00159587024772333
0.0015960909662155545
0.0015963101657548715
0.0015965277856404556
0.0015967437915868803
0.0015969582952577845
0.0015971712143141449
0.0015973825233587436
0.0015975921825806566
0.0015978002687343847
0.0015980067074264405
0.0015982114817315242
0.001598414555102391
0.0015986160556999138
0.001598815837743587
0.0015990138785813388
0.0015992102040240624
0.0015994048740679138
0.0015995977580370636
0.0015997888591077584
0.0015999781352213892
0.0016001656136043674
0.0016003512303524082
0.0016005349985620475
0.0016007168876123275
0.0016008968942708788
0.0016010749665416114
0.0016012511138529099
0.0016014253346770273
0.0016015975845460808
0.0016017678174142006
0.0016019360339305493
0.0016021023091530387
0.001602266496440586
0.0016024285908590782
0.001602588594764061
0.0016027465832726161
0.0016029022363312636
0.0016030556981000556
0.0016032069968586978
0.001603356188713437
0.0016035031290768747
0.0016036478124080102
0.001603790261857018
0.0016039305050006042
0.0016040684102304058
0.0016042039390042465
0.0016043371574091221
0.0016044680658192352
0.0016045965355455053
0.0016047225110074736
0.0016048460992891705
0.0016049672697793043
0.0016050859279871153
0.0016052020584469643
0.0016053157289738606
0.0016054268664696285
0.0016055353946269311
0.0016056412836037111
0.0016057447289372594
0.0016058455015593499
0.0016059435667912297
0.0016060389118753094
0.0016061316079952902
0.00160622151704283
0.0016063086152403798
0.0016063929247511512
0.0016064744747600797
0.001606553141532557
0.0016066288840987314
0.0016067017593644946
0.0016067717248460225
0.0016068386999033568
0.0016069027298778117
0.0016069638060461223
0.0016070218385945234
0.0016070767073114943
0.0016071285375901796
0.0016071773697746753
0.0016072230171980443
0.0016072654452146298
0.0016073046147833073
0.0016073405679845611
0.0016073732138872144
0.00160740251818317
0.001607428448018274
0.0016074510098970738
0.0016074701369661827
0.0016074857959376865
0.0016074979623675006
0.0016075066083825916
0.0016075116871482316
0.0016075131679105304
0.0016075110186054569
0.0016075051444709137
0.0016074953943478046
0.0016074819154762322
0.0016074646444019355
0.0016074435541146433
0.001607418618307695
0.0016073898139366664
0.0016073570311654901
0.0016073202515204802
0.0016072794240448484
0.0016072345297160064
0.0016071855036935896
0.0016071323593641435
0.0016070750908481312
0.0016070135900397209
0.0016069478039064337
0.0016068777769391131
0.001606803505179876
0.0016067248109931328
0.0016066416475173382
0.001606554030140066
0.0016064619704823208
0.0016063652945057113
0.001606264002490468
0.0016061581160895524
0.0016060475806610511
0.0016059321970407498
0.0016058120459814603
0.0016056871546735179
0.0016055573886315678
0.0016054226955185434
0.0016052830567276357
0.001605138403798508
0.001604988656892494
0.0016048338087054869
0.001604673915304207
0.0016045088365360355
0.001604338417153984
0.0016041626128992718
0.0016039815455004224
0.0016037949665119193
0.0016036028273937993
0.0016034051353550594
0.0016032019427075093
0.0016029930584220541
0.00160277831775021
0.0016025578547044178
0.001602331621159938
0.0016020994670421632
0.0016018610962063385
0.0016016167310588254
0.001601366198231244
0.0016011095365568856
0.0016008466050317295
0.0016005775364391342
0.0016003019052030834
0.0016000198212677945
0.0015997312816569778
0.0015994362908015743
0.0015991347337566454
0.001598826366139132
0.0015985114851667273
0.0015981896732825812
0.001597861071436756
0.0015975254047085235
0.0015971828821724004
0.0015968331564058498
0.001596476327868688
0.001596112219295904
0.0015957408759179849
0.0015953621513035722
0.0015949758920045457
0.001594582272342049
0.0015941809449354306
0.0015937721220290165
0.0015933553188571435
0.00159293075735648
0.0015924982119509964
0.0015920579025163256
0.0015916094731128552
0.001591152901868457
0.00159068802772776
0.0015902148622174727
0.0015897333794678164
0.0015892430665025942
0.001588744432174943
0.0015882368597022107
0.0015877206477697876
0.0015871953650028873
0.0015866613506807362
0.0015861181419116544
0.001585565594907992
0.0015850035720497257
0.0015844323638800107
0.0015838517260104532
0.0015832610667571054
0.0015826609139341732
0.0015820510186312922
0.0015814312650153464
0.0015808014021527635
0.0015801618000798878
0.0015795119057440575
0.0015788514829811813
0.0015781806756987055
0.0015774996692844525
0.001576808021307615
0.0015761052178700048
0.0015753918024277295
0.0015746676040205825
0.0015739321624436745
0.0015731852795232617
0.0015724277289231345
0.0015716587163633422
0.001570877508741349
0.0015700846412959092
0.0015692805688496232
0.0015684644320485173
0.0015676359368144027
0.0015667955190792884
0.0015659431410330524
0.0015650778603099242
0.0015641997815118353
0.001563309624790868
0.0015624064488301205
0.0015614895993770516
0.0015605597765015542
0.0015596172995531394
0.0015586610057855411
0.0015576905783316335
0.0015567065061423873
0.001555709170377421
0.0015546966299211705
0.0015536698814599375
0.0015526297069449171
0.0015515746750367674
0.0015505042809198283
0.0015494192980727165
0.0015483202006953277
0.0015472051575136096
0.0015460744002537886
0.0015449286102664876
0.0015437678923945607
0.0015425900375643608
0.0015413962100983376
0.0015401873290558875
0.0015389615192250166
0.0015377184732024562
0.0015364589652707022
0.001535183787201185
0.001533889848989709
0.0015325785209797408
0.0015312505359606683
0.0015299054698460907
0.0015285411073574242
0.0015271587408033677
0.001525759524610794
0.0015243404050704476
0.0015229020211812454
0.0015214451761506025
0.0015199704853692138
0.0015184744593314573
0.001516958706437219
0.0015154236345809866
0.001513868693066344
0.0015122921032293109
0.0015106951593187746
0.0015090794428531575
0.0015074401729520256
0.0015057794776290158
0.001504098024284642
0.001502395904974395
0.0015006697100692992
0.0014989212981772824
0.0014971518106914423
0.0014953586076525385
0.0014935413465614945
0.0014917012661393734
0.001489839449892618
0.0014879508478571673
0.0014860379581488024
0.0014841017856174856
0.0014821412933740958
0.0014801539129848293
0.0014781413924690938
0.0014761069102928513
0.0014740518445676477
0.001471977157344102
0.0014698841927702892
0.0014677733806832028
0.0014656401729313262
0.0014634870212163066
0.0014613155349916522
0.0014591220104121542
0.0014569063017661863
0.0014546700584852064
0.001452413933888497
0.001450134150141449
0.001447831685800393
0.001445508289865548
0.0014431624322429673
0.001440791128558758
0.0014383968548908727
0.0014359805367462246
0.0014335389997445194
0.0014310716932896936
0.001428580605892436
0.0014260651106349537
0.0014235218810128025
0.0014209525250930685
0.0014183586930281637
0.0014157373279026682
0.001413086799441525
0.0014104094837040424
0.0014077052339900135
0.0014049712706980702
0.001402207123359828
0.0013994155814984152
0.001396593465707718
0.001393738396501275
0.0013908530117342148
0.001387937561379953
0.0013849894242116117
0.001382006888747623
0.0013789932163653777
0.0013759454404324912
0.001372862969043018
0.001369745068203529
0.0013665938166220577
0.0013634064299681682
0.0013601800787674141
0.0013569181337038274
0.0013536188102825425
0.0013502808315843792
0.0013469022170699068
0.0013434863656984128
0.0013400284769303117
0.0013365293864454478
0.0013329884289281523
0.001329405907626579
0.0013257801942216207
0.0013221076238290575
0.001318393112872152
0.0013146303243751368
0.0013108221840420502
0.0013069652853581943
0.0013030614416409936
0.0012991076049126216
0.0012951024447849066
0.0012910481982026942
0.0012869395595053804
0.0012827798056450552
0.0012785635862057878
0.0012742948282165195
0.0012699678774257292
0.0012655847115524326
0.0012611426461836153
0.0012566406542487054
0.001252079716992834
0.0012474531340776636
0.001242766530604093
0.0012380124167000784
0.001233194931282506
0.0012283081280386827
0.0012233533657795674
0.0012183275349535194
0.0012132307195106711
0.001208062017069699
0.0012028140923321473
0.0011974933938384584
0.001192090693957587
0.0011866099824371387
0.001181045071831769
0.001175399136736382
0.0011696681938340799
0.0011638439090557427
0.0011579329949587115
0.0011519301825364666
0.0011458335104967314
0.001139636465572291
0.001133345066653058
0.0011269494346393845
0.001120448081230012
0.0011138399696820841
0.001107124993173095
0.0011002967526509337
0.0010933476001453546
0.0010862839401710141
0.0010790971124267886
0.0010717829829581796
0.0010643376218911695
0.0010567636007883243
0.0010490510483259403
0.001041190201562806
0.0010331873944885365
0.001025037275724277
0.0010167292194800054
0.001008257548710306
0.000999627243111376
0.0009908236676942851
0.0009818340380694528
0.0009726650600914717
0.0009633115417394494
0.0009537571069670621
0.0009439923647283796
0.0009340202173143625
0.0009238311337418206
0.0009134032135969066
0.0009027359502154038
0.0008918267930535362
0.0008806519436818888
0.0008691953583382287
0.0008574583197230186
0.0008454285757106652
0.0008330751528995451
0.0008203874940180959
0.0008073585926228142
0.0007939667889940161
0.000780167199208938
0.0007659611709720021
0.0007513264384637868
0.0007362138279744532
0.0007205938735233221
0.0007044465574317271
0.0006877358665433988
0.0006703729757759344
0.0006523404016864965
0.0006335812519494924
0.0006140128385982499
0.000593531048226698
0.0005720664698445159
0.0005495029849716699
0.0005256508572494082
0.0005003463170156872
0.000473369161257054
0.0004444048246856316
0.000412967674217234
0.00037850020549429637
0.00034007888353391585
0.00029610501575497877
0.00024356549305804668
0.0001749782073066821
3.9378577021408697e-5
0.0
0.0
0.0
0.0
0.0
0.0
0.0
0.0
0.0
0.0
0.0
0.0
0.0
0.0
0.0
0.0
0.0
0.0
0.0
0.0
0.0
0.0
0.0
0.0
0.0
0.0
0.0
0.0
0.0
0.0
0.0
0.0
0.0
0.0
0.0
0.0
0.0
0.0
0.0
0.0
0.0
0.0
0.0
0.0
0.0
0.0
0.0
0.0
0.0
0.0
0.0
0.0
0.0
0.0
0.0
0.0
0.0
0.0
0.0
0.0
0.0
0.0
0.0
0.0
0.0
0.0
0.0
0.0
0.0
0.0
0.0
0.0
0.0
0.0
0.0
0.0
0.0
0.0
0.0
0.0
0.0
0.0
0.0
0.0
0.0
0.0
0.0
0.0
0.0
0.0
0.0
0.0
0.0
0.0
0.0
0.0
0.0
0.0
0.0
0.0
0.0
0.0
0.0
0.0
0.0
0.0
0.0
0.0
0.0
0.0
0.0
0.0
0.0
0.0
0.0
0.0
0.0
0.0
0.0
0.0
0.0
0.0
0.0
0.0
0.0
0.0
0.0
0.0
0.0
0.0
0.0
0.0
0.0
0.0
0.0
0.0
0.0
0.0
0.0
0.0
0.0
0.0
0.0
0.0
0.0
0.0
0.0
0.0
0.0
0.0
0.0
0.0
0.0
0.0
0.0
0.0
0.0
0.0
0.0
0.0
0.0
0.0
0.0
0.0
0.0
0.0
0.0
0.0
0.0
0.0
0.0
0.0
0.0
0.0
0.0
0.0
0.0
0.0
0.0
0.0
0.0
0.0
0.0
0.0
0.0
0.0
0.0
0.0
0.0
0.0
0.0
0.0
0.0
0.0
0.0
0.0
0.0
0.0
0.0
0.0
0.0
0.0
0.0
0.0
0.0
0.0
0.0
0.0
0.0
0.0
0.0
0.0
0.0
0.0
0.0
0.0
0.0
0.0
0.0
0.0
0.0
0.0
0.0
0.0
0.0
0.0
0.0
0.0
0.0
0.0
0.0
0.0
0.0
0.0
0.0
0.0
0.0
0.0
0.0
0.0
0.0
0.0
0.0
0.0
0.0
0.0
0.0
0.0
0.0
0.0
0.0
0.0
0.0
0.0
0.0
0.0
0.0
0.0
0.0
0.0
0.0
0.0
0.0
0.0
0.0
0.0
0.0
0.0
0.0
0.0
0.0
0.0
0.0
0.0
0.0
0.0
0.0
0.0
0.0
0.0
0.0
0.0
0.0
0.0
0.0
0.0
0.0
0.0
0.0
0.0
0.0
0.0
0.0
0.0
0.0
0.0
0.0
0.0
0.0
0.0
0.0
0.0
0.0
0.0
0.0
0.0
0.0
0.0
0.0
0.0
0.0
0.0
0.0
0.0
0.0
0.0
0.0
0.0
0.0
0.0
0.0
0.0
0.0
0.0
0.0
0.0
0.0
0.0
0.0
0.0
0.0
0.0
0.0
0.0
0.0
0.0
0.0
0.0
0.0
0.0
0.0
0.0
0.0
0.0
0.0
0.0
0.0
0.0
0.0
0.0
0.0
0.0
0.0
0.0
0.0
0.0
0.0
0.0
0.0
0.0
0.0
0.0
0.0
0.0
0.0
0.0
0.0
0.0
0.0
0.0
0.0
0.0
0.0
0.0
0.0
0.0
0.0
0.0
0.0
0.0
0.0
0.0
0.0
0.0
0.0
0.0
0.0
0.0
0.0
0.0
0.0
0.0
0.0
0.0
0.0
0.0
0.0
0.0
0.0
0.0
0.0
0.0
0.0
0.0
0.0
0.0
0.0
0.0
0.0
0.0
0.0
0.0
0.0
0.0
0.0
0.0
0.0
0.0
0.0
0.0
0.0
0.0
0.0
0.0
0.0
0.0
0.0
0.0
0.0
0.0
0.0
0.0
0.0
0.0
0.0
0.0
0.0
0.0
0.0
0.0
0.0
0.0
0.0
0.0
0.0
0.0
0.0
0.0
0.0
0.0
0.0
0.0
0.0
0.0
0.0
0.0
0.0
0.0
0.0
0.0
0.0
0.0
0.0
0.0
0.0
0.0
0.0
0.0
0.0
0.0
0.0
0.0
0.0
0.0
0.0
0.0
0.0
0.0
0.0
0.0
0.0
0.0
0.0
0.0
0.0
0.0
0.0
0.0
0.0
0.0
0.0
0.0
0.0
0.0
0.0
0.0
0.0
0.0
0.0
0.0
0.0
0.0
0.0
0.0
0.0
0.0
0.0
0.0
0.0
0.0
0.0
0.0
0.0
0.0
0.0
0.0
0.0
0.0
0.0
0.0
0.0
0.0
0.0
0.0
0.0
0.0
0.0
0.0
0.0
0.0
0.0
0.0
0.0
0.0
0.0
0.0
0.0
0.0
0.0
0.0
0.0
0.0
0.0
0.0
0.0
0.0
0.0
0.0
0.0
0.0
0.0
0.0
0.0
0.0
0.0
0.0
0.0
0.0
0.0
0.0
0.0
0.0
0.0
0.0
0.0
0.0
0.0
0.0
0.0
0.0
0.0
0.0
0.0
0.0
0.0
0.0
0.0
0.0
0.0
0.0
0.0
0.0
0.0
0.0
0.0
0.0
0.0
0.0
0.0
0.0
0.0
0.0
0.0
0.0
0.0
0.0
0.0
0.0
0.0
0.0
0.0
0.0
0.0
0.0
0.0
0.0
0.0
0.0
0.0
0.0
0.0
0.0
0.0
0.0
0.0
0.0
0.0
0.0
0.0
0.0
0.0
0.0
0.0
0.0
0.0
0.0
0.0
0.0
0.0
0.0
0.0
0.0
0.0
0.0
0.0
0.0
0.0
0.0
0.0
0.0
0.0
0.0
0.0
0.0
0.0
0.0
0.0
0.0
0.0
0.0
0.0
0.0
0.0
0.0
0.0
0.0
0.0
0.0
0.0
0.0
0.0
0.0
0.0
0.0
0.0
0.0
0.0
0.0
0.0
0.0
0.0
0.0
0.0
0.0
0.0
0.0
0.0
0.0
0.0
0.0
0.0
0.0
0.0
0.0
0.0
0.0
0.0
0.0
0.0
0.0
0.0
0.0
0.0
0.0
0.0
0.0
0.0
0.0
0.0
0.0
0.0
0.0
0.0
0.0
0.0
0.0
0.0
0.0
0.0
0.0
0.0
0.0
0.0
0.0
0.0
0.0
0.0
0.0
0.0
0.0
0.0
0.0
0.0
0.0
0.0
0.0
0.0
0.0
0.0
0.0
0.0
0.0
0.0
0.0
0.0
0.0
0.0
0.0
0.0
0.0
0.0
0.0
0.0
0.0
0.0
0.0
0.0
0.0
0.0
0.0
0.0
0.0
0.0
0.0
0.0
0.0
0.0
0.0
0.0
0.0
0.0
0.0
0.0
0.0
0.0
0.0
0.0
0.0
0.0
0.0
0.0
0.0
0.0
0.0
0.0
0.0
0.0
0.0
0.0
0.0
0.0
0.0
0.0
0.0
0.0
0.0
0.0
0.0
0.0
0.0
0.0
0.0
0.0
0.0
0.0
0.0
0.0
0.0
0.0
0.0
0.0
0.0
0.0
0.0
0.0
0.0
0.0
0.0
0.0
0.0
0.0
0.0
0.0
0.0
0.0
0.0
0.0
0.0
0.0
0.0
0.0
0.0
0.0
0.0
0.0
0.0
0.0
0.0
0.0
0.0
0.0
0.0
0.0
0.0
0.0
0.0
0.0
0.0
0.0
0.0
0.0
0.0
0.0
0.0
0.0
0.0
0.0
0.0
0.0
0.0
0.0
0.0
0.0
0.0
0.0
0.0
0.0
0.0
0.0
0.0
0.0
0.0
0.0
0.0
0.0
0.0
0.0
0.0
0.0
0.0
0.0
0.0
0.0
0.0
0.0
0.0
0.0
0.0
0.0
0.0
0.0
0.0
0.0
0.0
0.0
0.0
0.0
0.0
0.0
0.0
0.0
0.0
0.0
0.0
0.0
0.0
0.0
0.0
0.0
0.0
0.0
0.0
0.0
0.0
0.0
0.0
0.0
0.0
0.0
0.0
0.0
0.0
0.0
0.0
0.0
0.0
0.0
0.0
0.0
0.0
0.0
0.0
0.0
0.0
0.0
0.0
0.0
0.0
0.0
0.0
0.0
0.0
0.0
0.0
0.0
0.0
0.0
0.0
0.0
0.0
0.0
0.0
0.0
0.0
0.0
0.0
0.0
0.0
0.0
0.0
0.0
0.0
0.0
0.0
0.0
0.0
0.0
0.0
0.0
0.0
0.0
0.0
0.0
0.0
0.0
0.0
0.0
0.0
0.0
0.0
0.0
0.0
0.0
0.0
0.0
0.0
0.0
0.0
0.0
0.0
0.0
0.0
0.0
0.0
0.0
0.0
0.0
0.0
0.0
0.0
0.0
0.0
0.0
0.0
0.0
0.0
0.0
0.0
0.0
0.0
0.0
0.0
0.0
0.0
0.0
0.0
0.0
0.0
0.0
0.0
0.0
0.0
0.0
0.0
0.0
0.0
0.0
0.0
0.0
0.0
0.0
0.0
0.0
0.0
0.0
0.0
0.0
0.0
0.0
0.0
0.0
0.0
0.0
0.0
0.0
0.0
0.0
0.0
0.0
0.0
0.0
0.0
0.0
0.0
0.0
0.0
0.0
0.0
0.0
0.0
0.0
0.0
0.0
0.0
0.0
0.0
0.0
0.0
0.0
0.0
0.0
0.0
0.0
0.0
0.0
0.0
0.0
0.0
0.0
0.0
0.0
0.0
0.0
0.0
0.0
0.0
0.0
0.0
0.0
0.0
0.0
0.0
0.0
0.0
0.0
0.0
0.0
0.0
0.0
0.0
0.0
0.0
0.0
0.0
0.0
0.0
0.0
0.0
0.0
0.0
0.0
0.0
0.0
0.0
0.0
0.0
0.0
0.0
0.0
0.0
0.0
0.0
0.0
0.0
0.0
0.0
0.0
0.0
0.0
0.0
0.0
0.0
0.0
0.0
0.0
0.0
0.0
0.0
0.0
0.0
0.0
0.0
0.0
0.0
0.0
0.0
0.0
0.0
0.0
0.0
0.0
0.0
0.0
0.0
0.0
0.0
0.0
0.0
0.0
0.0
0.0
0.0
0.0
0.0
0.0
0.0
0.0
0.0
0.0
0.0
0.0
0.0
0.0
0.0
0.0
0.0
0.0
0.0
0.0
0.0
0.0
0.0
0.0
0.0
0.0
0.0
0.0
0.0
0.0
0.0
0.0
0.0
0.0
0.0
0.0
0.0
0.0
0.0
0.0
0.0
0.0
0.0
0.0
0.0
0.0
0.0
0.0
0.0
0.0
0.0
0.0
0.0
0.0
0.0
0.0
0.0
0.0
0.0
0.0
0.0
0.0
0.0
0.0
0.0
0.0
0.0
0.0
0.0
0.0
0.0
0.0
0.0
0.0
0.0
0.0
0.0
0.0
0.0
0.0
0.0
0.0
0.0
0.0
0.0
0.0
0.0
0.0
0.0
0.0
0.0
0.0
0.0
0.0
0.0
0.0
0.0
0.0
0.0
0.0
0.0
0.0
0.0
0.0
0.0
0.0
0.0
0.0
0.0
0.0
0.0
0.0
0.0
0.0
0.0
0.0
0.0
0.0
0.0
0.0
0.0
0.0
0.0
0.0
0.0
0.0
0.0
0.0
0.0
0.0
0.0
0.0
0.0
0.0
0.0
0.0
0.0
0.0
0.0
0.0
0.0
0.0
0.0
0.0
0.0
0.0
0.0
0.0
0.0
0.0
0.0
0.0
0.0
0.0
0.0
0.0
0.0
0.0
0.0
0.0
0.0
0.0
0.0
0.0
0.0
0.0
0.0
0.0
0.0
0.0
0.0
0.0
0.0
0.0
0.0
0.0
0.0
0.0
0.0
0.0
0.0
0.0
0.0
0.0
0.0
0.0
0.0
0.0
0.0
0.0
0.0
0.0
0.0
0.0
0.0
0.0
0.0
0.0
0.0
0.0
0.0
0.0
0.0
0.0
0.0
0.0
0.0
0.0
0.0
0.0
0.0
0.0
0.0
0.0
0.0
0.0
0.0
0.0
0.0
0.0
0.0
0.0
0.0
0.0
0.0
0.0
0.0
0.0
0.0
0.0
0.0
0.0
0.0
0.0
0.0
0.0
0.0
0.0
0.0
0.0
0.0
0.0
0.0
0.0
0.0
0.0
0.0
0.0
0.0
0.0
0.0
0.0
0.0
0.0
0.0
0.0
0.0
0.0
0.0
0.0
0.0
0.0
0.0
0.0
0.0
0.0
0.0
0.0
0.0
0.0
0.0
0.0
0.0
0.0
0.0
0.0
0.0
0.0
0.0
0.0
0.0
0.0
0.0
0.0
0.0
0.0
0.0
0.0
0.0
0.0
0.0
0.0
0.0
0.0
0.0
0.0
0.0
0.0
0.0
0.0
0.0
0.0
0.0
0.0
0.0
0.0
0.0
0.0
0.0
0.0
0.0
0.0
0.0
0.0
0.0
0.0
0.0
0.0
0.0
0.0
0.0
0.0
0.0
0.0
0.0
0.0
0.0
0.0
0.0
0.0
0.0
0.0
0.0
0.0
0.0
0.0
0.0
0.0
0.0
0.0
0.0
0.0
0.0
0.0
0.0
0.0
0.0
0.0
0.0
0.0
0.0
0.0
0.0
0.0
0.0
0.0
0.0
0.0
0.0
0.0
0.0
0.0
0.0
0.0
0.0
0.0
0.0
0.0
0.0
0.0
0.0
0.0
0.0
0.0
0.0
0.0
0.0
0.0
0.0
0.0
0.0
0.0
0.0
0.0
0.0
0.0
0.0
0.0
0.0
0.0
0.0
0.0
0.0
0.0
0.0
0.0
0.0
0.0
0.0
0.0
0.0
0.0
0.0
0.0
0.0
0.0
0.0
0.0
0.0
0.0
0.0
0.0
0.0
0.0
0.0
0.0
0.0
0.0
0.0
0.0
0.0
0.0
0.0
0.0
0.0
0.0
0.0
0.0
0.0
0.0
0.0
0.0
0.0
0.0
0.0
0.0
0.0
0.0
0.0
0.0
0.0
0.0
0.0
0.0
0.0
0.0
0.0
0.0
0.0
0.0
0.0
0.0
0.0
0.0
0.0
0.0
0.0
0.0
0.0
0.0
0.0
0.0
0.0
0.0
0.0
0.0
0.0
0.0
0.0
0.0
0.0
0.0
0.0
0.0
0.0
0.0
0.0
0.0
0.0
0.0
0.0
0.0
0.0
0.0
0.0
0.0
0.0
0.0
0.0
0.0
0.0
0.0
0.0
0.0
0.0
0.0
0.0
0.0
0.0
0.0
0.0
0.0
0.0
0.0
0.0
0.0
0.0
0.0
0.0
0.0
0.0
0.0
0.0
0.0
0.0
0.0
0.0
0.0
0.0
0.0
0.0
0.0
0.0
0.0
0.0
0.0
0.0
0.0
0.0
0.0
0.0
0.0
0.0
0.0
0.0
0.0
0.0
0.0
0.0
0.0
0.0
0.0
0.0
0.0
0.0
0.0
0.0
0.0
0.0
0.0
0.0
0.0
0.0
0.0
0.0
0.0
0.0
0.0
0.0
0.0
0.0
0.0
0.0
0.0
0.0
0.0
0.0
0.0
0.0
0.0
0.0
0.0
0.0
0.0
0.0
0.0
0.0
0.0
0.0
0.0
0.0
0.0
0.0
0.0
0.0
0.0
0.0
0.0
0.0
0.0
0.0
0.0
0.0
0.0
0.0
0.0
0.0
0.0
0.0
0.0
0.0
0.0
0.0
0.0
0.0
0.0
0.0
0.0
0.0
0.0
0.0
0.0
0.0
0.0
0.0
0.0
0.0
0.0
0.0
0.0
0.0
0.0
0.0
0.0
0.0
0.0
0.0
0.0
0.0
0.0
0.0
0.0
0.0
0.0
0.0
0.0
0.0
0.0
0.0
0.0
0.0
0.0
0.0
0.0
0.0
0.0
0.0
0.0
0.0
0.0
0.0
0.0
0.0
0.0
0.0
0.0
0.0
0.0
0.0
0.0
0.0
0.0
0.0
0.0
0.0
0.0
0.0
0.0
0.0
0.0
0.0
0.0
0.0
0.0
0.0
0.0
0.0
0.0
0.0
0.0
0.0
0.0
0.0
0.0
0.0
0.0
0.0
0.0
0.0
0.0
0.0
0.0
0.0
0.0
0.0
0.0
0.0
0.0
0.0
0.0
0.0
0.0
0.0
0.0
0.0
0.0
0.0
0.0
0.0
0.0
0.0
0.0
0.0
0.0
0.0
0.0
0.0
0.0
0.0
0.0
0.0
0.0
0.0
0.0
0.0
0.0
0.0
0.0
0.0
0.0
0.0
0.0
0.0
0.0
0.0
0.0
0.0
0.0
0.0
0.0
0.0
0.0
0.0
0.0
0.0
0.0
0.0
0.0
0.0
0.0
0.0
0.0
0.0
0.0
0.0
0.0
0.0
0.0
0.0
0.0
0.0
0.0
0.0
0.0
0.0
0.0
0.0
0.0
0.0
0.0
0.0
0.0
0.0
0.0
0.0
0.0
0.0
0.0
0.0
0.0
0.0
0.0
0.0
0.0
0.0
0.0
0.0
0.0
0.0
0.0
0.0
0.0
0.0
0.0
0.0
0.0
0.0
0.0
0.0
0.0
0.0
0.0
0.0
0.0
0.0
0.0
0.0
0.0
0.0
0.0
0.0
0.0
0.0
0.0
0.0
0.0
0.0
0.0
0.0
0.0
0.0
0.0
0.0
0.0
0.0
0.0
0.0
0.0
0.0
0.0
0.0
0.0
0.0
0.0
0.0
0.0
0.0
0.0
0.0
0.0
0.0
0.0
0.0
0.0
0.0
0.0
0.0
0.0
0.0
0.0
0.0
0.0
0.0
0.0
0.0
0.0
0.0
0.0
0.0
0.0
0.0
0.0
0.0
0.0
0.0
0.0
0.0
0.0
0.0
0.0
0.0
0.0
0.0
0.0
0.0
0.0
0.0
0.0
0.0
0.0
0.0
0.0
0.0
0.0
0.0
0.0
0.0
0.0
0.0
0.0
0.0
0.0
0.0
0.0
0.0
0.0
0.0
0.0
0.0
0.0
0.0
0.0
0.0
0.0
0.0
0.0
0.0
0.0
0.0
0.0
0.0
0.0
0.0
0.0
0.0
0.0
0.0
0.0
0.0
0.0
0.0
0.0
0.0
0.0
0.0
0.0
0.0
0.0
0.0
0.0
0.0
0.0
0.0
0.0
0.0
0.0
0.0
0.0
0.0
0.0
0.0
0.0
0.0
0.0
0.0
0.0
0.0
0.0
0.0
0.0
0.0
0.0
0.0
0.0
0.0
0.0
0.0
0.0
0.0
0.0
0.0
0.0
0.0
0.0
0.0
0.0
0.0
0.0
0.0
0.0
0.0
0.0
0.0
0.0
0.0
0.0
0.0
0.0
0.0
0.0
0.0
0.0
0.0
0.0
0.0
0.0
0.0
0.0
0.0
0.0
0.0
0.0
0.0
0.0
0.0
0.0
0.0
0.0
0.0
0.0
0.0
0.0
0.0
0.0
0.0
0.0
0.0
0.0
0.0
0.0
0.0
0.0
0.0
0.0
0.0
0.0
0.0
0.0
0.0
0.0
0.0
0.0
0.0
0.0
0.0
0.0
0.0
0.0
0.0
0.0
0.0
0.0
0.0
0.0
0.0
0.0
0.0
0.0
0.0
0.0
0.0
0.0
0.0
0.0
0.0
0.0
0.0
0.0
0.0
0.0
0.0
0.0
0.0
0.0
0.0
0.0
0.0
0.0
0.0
0.0
0.0
0.0
0.0
0.0
0.0
0.0
0.0
0.0
0.0
0.0
0.0
0.0
0.0
0.0
0.0
0.0
0.0
0.0
0.0
0.0
0.0
0.0
0.0
0.0
0.0
0.0
0.0
0.0
0.0
0.0
0.0
0.0
0.0
0.0
0.0
0.0
0.0
0.0
0.0
0.0
0.0
0.0
0.0
0.0
0.0
0.0
0.0
0.0
0.0
0.0
0.0
0.0
0.0
0.0
0.0
0.0
0.0
0.0
0.0
0.0
0.0
0.0
0.0
0.0
0.0
0.0
0.0
0.0
0.0
0.0
0.0
0.0
0.0
0.0
0.0
0.0
0.0
0.0
0.0
0.0
0.0
0.0
0.0
0.0
0.0
0.0
0.0
0.0
0.0
0.0
0.0
0.0
0.0
0.0
0.0
0.0
0.0
0.0
0.0
0.0
0.0
0.0
0.0
0.0
0.0
0.0
0.0
0.0
0.0
0.0
0.0
0.0
0.0
0.0
0.0
0.0
0.0
0.0
0.0
0.0
0.0
0.0
0.0
0.0
0.0
0.0
0.0
0.0
0.0
0.0
0.0
0.0
0.0
0.0
0.0
0.0
0.0
0.0
0.0
0.0
0.0
0.0
0.0
0.0
0.0
0.0
0.0
0.0
0.0
0.0
0.0
0.0
0.0
0.0
0.0
0.0
0.0
0.0
0.0
0.0
0.0
0.0
0.0
0.0
0.0
0.0
0.0
0.0
0.0
0.0
0.0
0.0
0.0
0.0
0.0
0.0
0.0
0.0
0.0
0.0
0.0
0.0
0.0
0.0
0.0
0.0
0.0
0.0
0.0
0.0
0.0
0.0
0.0
0.0
0.0
0.0
0.0
0.0
0.0
0.0
0.0
0.0
0.0
0.0
0.0
0.0
0.0
0.0
0.0
0.0
0.0
0.0
0.0
0.0
0.0
0.0
0.0
0.0
0.0
0.0
0.0
0.0
0.0
0.0
0.0
0.0
0.0
0.0
0.0
0.0
0.0
0.0
0.0
0.0
0.0
0.0
0.0
0.0
0.0
0.0
0.0
0.0
0.0
0.0
0.0
0.0
0.0
0.0
0.0
0.0
0.0
0.0
0.0
0.0
0.0
0.0
0.0
0.0
0.0
0.0
0.0
0.0
0.0
0.0
0.0
0.0
0.0
0.0
0.0
0.0
0.0
0.0
0.0
0.0
0.0
0.0
0.0
0.0
0.0
0.0
0.0
0.0
0.0
0.0
0.0
0.0
0.0
0.0
0.0
0.0
0.0
0.0
0.0
0.0
0.0
0.0
0.0
0.0
0.0
0.0
0.0
0.0
0.0
0.0
0.0
0.0
0.0
0.0
0.0
0.0
0.0
0.0
0.0
0.0
0.0
0.0
0.0
0.0
0.0
0.0
0.0
0.0
0.0
0.0
0.0
0.0
0.0
0.0
0.0
0.0
0.0
0.0
0.0
0.0
0.0
0.0
0.0
0.0
0.0
0.0
0.0
0.0
0.0
0.0
0.0
0.0
0.0
0.0
0.0
0.0
0.0
0.0
0.0
0.0
0.0
0.0
0.0
0.0
0.0
0.0
0.0
0.0
0.0
0.0
0.0
0.0
0.0
0.0
0.0
0.0
0.0
0.0
0.0
0.0
0.0
0.0
0.0
0.0
0.0
0.0
0.0
0.0
0.0
0.0
0.0
0.0
0.0
0.0
0.0
0.0
0.0
0.0
0.0
0.0
0.0
0.0
0.0
0.0
0.0
0.0
0.0
0.0
0.0
0.0
0.0
0.0
0.0
0.0
0.0
0.0
0.0
0.0
0.0
0.0
0.0
0.0
0.0
0.0
0.0
0.0
0.0
0.0
0.0
0.0
0.0
0.0
0.0
0.0
0.0
0.0
0.0
0.0
0.0
0.0
0.0
0.0
0.0
0.0
0.0
0.0
0.0
0.0
0.0
0.0
0.0
0.0
0.0
0.0
0.0
0.0
0.0
0.0
0.0
0.0
0.0
0.0
0.0
0.0
0.0
0.0
0.0
0.0
0.0
0.0
0.0
0.0
0.0
0.0
0.0
0.0
0.0
0.0
0.0
0.0
0.0
0.0
0.0
0.0
0.0
0.0
0.0
0.0
0.0
0.0
0.0
0.0
0.0
0.0
0.0
0.0
0.0
0.0
0.0
0.0
0.0
0.0
0.0
0.0
0.0
0.0
0.0
0.0
0.0
0.0
0.0
0.0
0.0
0.0
0.0
0.0
0.0
0.0
0.0
0.0
0.0
0.0
0.0
0.0
0.0
0.0
0.0
0.0
0.0
0.0
0.0
0.0
0.0
0.0
0.0
0.0
0.0
0.0
0.0
0.0
0.0
0.0
0.0
0.0
0.0
0.0
0.0
0.0
0.0
0.0
0.0
0.0
0.0
0.0
0.0
0.0
0.0
0.0
0.0
0.0
0.0
0.0
0.0
0.0
0.0
0.0
0.0
0.0
0.0
0.0
0.0
0.0
0.0
0.0
0.0
0.0
0.0
0.0
0.0
0.0
0.0
0.0
0.0
0.0
0.0
0.0
0.0
0.0
0.0
0.0
0.0
0.0
0.0
0.0
0.0
0.0
0.0
0.0
0.0
0.0
0.0
0.0
0.0
0.0
0.0
0.0
0.0
0.0
0.0
0.0
0.0
0.0
0.0
0.0
0.0
0.0
0.0
0.0
0.0
0.0
0.0
0.0
0.0
0.0
0.0
0.0
0.0
0.0
0.0
0.0
0.0
0.0
0.0
0.0
0.0
0.0
0.0
0.0
0.0
0.0
0.0
0.0
0.0
0.0
0.0
