0.00015246336422388974
0.0001532406161603233
0.00015390496881099005
0.00015451017655278634
0.00015507645444490004
0.00015561431813010496
0.00015613011973587344
0.00015662808325607924
0.0001571111859275554
0.000157581628607372
0.00015804111484216552
0.0001584909960237056
0.0001589323451848124
0.0001593660544905351
0.00015979289016022005
0.00016021240878428793
0.00016062615556930668
0.00016103409297244474
0.0001614371167550652
0.00016183584776095558
0.00016223061614887573
0.0001626216721551436
0.00016300924470115662
0.0001633935468914045
0.00016377477060107914
0.00016415308759360972
0.00016452866125404587
0.00016490164122759892
0.00016527216167919003
0.00016564034905785472
0.00016600631241940107
0.0001663697621290208
0.00016673111784090008
0.00016709060026131895
0.00016744829510872134
0.00016780409130371987
0.00016815806854289582
0.00016851044858215452
0.00016886135434503616
0.00016921085156218208
0.0001695590003542281
0.00016990585123102843
0.00017025145998572915
0.0001705958771284758
0.00017093914654954986
0.00017128131137015694
0.00017162241521045363
0.0001719625018729481
0.00017230134494516477
0.00017263920727476797
0.00017297617363683669
0.0001733122900401634
0.00017364757692548284
0.00017398205676327975
0.0001743157346875004
0.00017464853341591787
0.00017498054746992381
0.00017531189047507008
0.00017564257762474163
0.0001759726366281645
0.00017630209993801246
0.00017663098462667956
0.00017695930315587554
0.00017728707694682525
0.00017761433461269116
0.0001779410981658505
0.00017826719165366437
0.00017859280050028876
0.00017891797207472853
0.00017924272289074244
0.00017956706894318173
0.00017989102585952294
0.00018021460706606863
0.0001805378254492837
0.00018086068922467448
0.00018118314586773262
0.0001815052094046096
0.00018182695779355676
0.00018214841338778782
0.00018246959586424558
0.0001827905089985623
0.00018311117245781497
0.0001834316138268103
0.0001837517959678887
0.0001840717888460055
0.0001843914331709647
0.00018471086145658303
0.00018503008845420957
0.000185349165148612
0.0001856680598150977
0.00018598681014021632
0.0001863054105526862
0.0001866238625766131
0.00018694220101636452
0.00018726041692238566
0.00018757851376286202
0.00018789650810740514
0.00018821435087839212
0.00018853203196575135
0.0001888496390258313
0.0001891671613861938
0.00018948461567613577
0.0001898020306088611
0.0001901194068589823
0.00019043672807423585
0.0001907539492132302
0.0001910710689520075
0.0001913881663164117
0.0001917052603802794
0.00019202235126593433
0.00019233943208312097
0.00019265651257315342
0.00019297360145305678
0.00019329070721634415
0.00019360782860254012
0.00019392496948673294
0.00019424214184173263
0.00019455935389623162
0.0001948766070694746
0.00019519390553315858
0.00019551123069076772
0.0001958285505588968
0.00019614591217505215
0.0001964633388428571
0.00019678083455449793
0.00019709840259271794
0.0001974160450420808
0.00019773369480502267
0.00019805142408900152
0.00019836924399725033
0.00019868715505393436
0.0001990051569107409
0.0001993232590445238
0.00019964147960029825
0.00019995982865446591
0.00020027829466143544
0.0002005968691016432
0.00020091554830359984
0.0002012343633988295
0.000201553331276124
0.0002018724292218971
0.00020219165048323772
0.00020251100984893926
0.00020283051997204408
0.00020315018909677736
0.00020346998612257505
0.00020378990247407953
0.00020410992557687833
0.00020443012707818873
0.0002047505198561268
0.00020507103112846174
0.0002053916511501137
0.00020571247853776075
0.000206033422859075
0.00020635459659161607
0.00020667595520521164
0.00020699745887556458
0.00020731917927144168
0.00020764107938754905
0.0002079631866609917
0.0002082854861950083
0.000208607981174524
0.00020893068227098634
0.00020925357639082768
0.00020957668186722786
0.00020989999175351958
0.00021022350602451647
0.00021054724835548215
0.00021087118082852423
0.0002111953822871342
0.00021151975491853534
0.00021184438300594642
0.00021216920133379914
0.00021249423879417397
0.0002128194566674448
0.00021314492177633968
0.0002134705751496632
0.00021379644210005644
0.000214122543278357
0.0002144488829910733
0.00021477547215304691
0.00021510228442755516
0.00021542937373798628
0.000215756677994774
0.00021608426505107518
0.00021641208854436702
0.00021674016668098674
0.000217068504525817
0.00021739706986028943
0.00021772591647205406
0.00021805504140207728
0.00021838441262442076
0.00021871405857197743
0.00021904395544264122
0.00021937411258799252
0.0002197045723997741
0.0002200352561976159
0.00022036621341815557
0.00022069751866056296
0.00022102902124868041
0.0002213608325172409
0.00022169293462927835
0.00022202525392838192
0.00022235788882245646
0.00022269074069503246
0.0002230237977247956
0.00022335721721205933
0.00022369091232511766
0.00022402485814523802
0.00022435910256416632
0.00022469368188838624
0.0002250285221892752
0.0002253636460088846
0.00022569909363988002
0.00022603482540989813
0.00022637084503631112
0.00022670716519720407
0.00022704379378012625
0.00022738072546575104
0.0002277179546063633
0.00022805549035157338
0.0002283933376986349
0.0002287314935784273
0.00022906994153620099
0.00022940868842416943
0.0002297477764722043
0.0002300871709388956
0.00023042685879560965
0.00023076683714952573
0.0002311071710406132
0.00023144783856877314
0.00023178878040045777
0.00023213000980783926
0.0002324715495575865
0.0002328135369124287
0.00023315572714997847
0.00023349814976387378
0.00023384087313370067
0.00023418400684487722
0.00023452745528764995
0.0002348711882790654
0.0002352152221837148
0.00023555959381022285
0.00023590433252236535
0.00023624940660608236
0.00023659477795730764
0.00023694045291394644
0.00023728647237300846
0.00023763283235653083
0.00023797954803018976
0.0002383265899870271
0.00023867393363508044
0.00023902161133612093
0.00023936963902167842
0.0002397179955291469
0.00024006669024168552
0.000240415736768962
0.000240765098708583
0.00024111479764875874
0.00024146484663275876
0.00024181522710064535
0.00024216592319121092
0.0002425169602189683
0.0002428683780457332
0.00024322011680762967
0.0002435722103644772
0.0002439246471675577
0.0002442773985665968
0.0002446304797955902
0.0002449838953328734
0.0002453376104064625
0.00024569172858255483
0.0002460462084835533
0.00024640098000664964
0.00024675607219089757
0.00024711149708977386
0.0002474672593831081
0.00024782336253704237
0.00024817980689431656
0.00024853659359884217
0.00024889378485022905
0.0002492513521125736
0.000249609241575549
0.00024996745573392057
0.00025032600732733
0.0002506848999858042
0.00025104413502248925
0.00025140371379552126
0.0002517636384151551
0.0002521239279218992
0.00025248458831494
0.0002528455935791656
0.0002532069330075556
0.0002535686316732467
0.0002539306990483978
0.0002542931030103016
0.0002546558448487476
0.00025501893030809963
0.00025538236138806375
0.0002557461399953028
0.0002561102674437363
0.0002564747519673526
0.00025683960599122673
0.0002572048189536182
0.00025757036302520884
0.0002579362505499607
0.00025830248379678694
0.0002586690637971991
0.000259035991162831
0.0002594032519725666
0.0002597708455527644
0.00026013878729202393
0.0002605070772122242
0.00026087571514055364
0.0002612446959522915
0.00026161400358932135
0.00026198365618981963
0.00026235365673600775
0.0002627240296636807
0.0002630947479183013
0.00026346580643618817
0.0002638372387401909
0.0002642090166891887
0.0002645811291200191
0.0002649535814810248
0.00026532637605285756
0.0002656995133986098
0.0002660729911859234
0.0002664468132014592
0.000266820978378637
0.00026719548626717997
0.00026757033670027597
0.0002679455290805096
0.00026832106289921787
0.00026869693788839
0.00026907315354517505
0.00026944970918135156
0.00026982660502488726
0.00027020383940536455
0.0002705814113406659
0.0002709593191083958
0.00027133755865237585
0.00027171612919480164
0.00027209504627207176
0.00027247431436397683
0.00027285391896600625
0.0002732338587445724
0.00027361413253350884
0.0002739947396096754
0.00027437567926441125
0.00027475695067934023
0.0002751385528865339
0.00027552048514938553
0.0002759027475587337
0.00027628533856579294
0.00027666824858099996
0.00027705146863181565
0.0002774350141351974
0.00027781888398015377
0.00027820307695100105
0.0002785875919258138
0.00027897242898774414
0.00027935758518510473
0.0002797430576757494
0.00028012882659353454
0.00028051490387417146
0.00028090128442144734
0.00028128797509995035
0.00028167499704851096
0.0002820623113528078
0.0002824499819067122
0.00028283798481795687
0.00028322629937823366
0.0002836149239960932
0.00028400385595717977
0.00028439309452040395
0.0002847826382169252
0.0002851724847664277
0.0002855626324807473
0.000285953079519561
0.00028634382393824363
0.0002867348634992471
0.0002871261962783342
0.0002875178176110057
0.0002879097166065198
0.0002883018954454607
0.00028869438617834563
0.0002890871885580537
0.00028948026675019593
0.00028987363556207937
0.00029026731361171275
0.00029066128933966074
0.00029105554450356216
0.0002914500767013104
0.0002918448831025053
0.00029223996084618145
0.00029263530361954256
0.00029303089715966476
0.0002934267483332431
0.0002938229366296729
0.00029421938823144783
0.0002946160996495691
0.0002950130638919654
0.00029541026666734935
0.0002958077289239682
0.0002962055034722321
0.00029660352755452046
0.00029700179496428404
0.00029740029111249605
0.0002977990261373521
0.00029819808708793664
0.0002985973900972695
0.0002989969195618287
0.0002993966845883583
0.0002997966825094841
0.00030019689169472963
0.00030059729578471204
0.0003009979990762546
0.00030139889415145506
0.0003018000669560943
0.00030220150218029934
0.0003026031618071635
0.0003030050371239306
0.00030340711964233966
0.0003038093956299591
0.0003042118663218596
0.00030461450680574584
0.00030501729507963915
0.0003054204175462216
0.00030582379338789427
0.00030622736748174567
0.0003066311340432275
0.00030703508786535615
0.00030743922281805
0.0003078435294694851
0.00030824798506993696
0.00030865257626086235
0.0003090574304605734
0.0003094625388539316
0.00030986782640108533
0.00031027327922534897
0.0003106788921170917
0.00031108465486526774
0.0003114905444295127
0.00031189657277902374
0.00031230278052955525
0.0003127091894172443
0.000313115790836285
0.00031352255005146374
0.0003139294414884331
0.0003143364539086592
0.0003147435590365449
0.000315150802540307
0.0003155582292741095
0.00031596576638176727
0.0003163734718325819
0.00031678132653356524
0.0003171892812430951
0.0003175973024283066
0.0003180054112209359
0.0003184137255232312
0.0003188221159703993
0.00031923058044764496
0.00031963916915096936
0.0003200478813541514
0.00032045663000792825
0.00032086542227824697
0.0003212744084351385
0.0003216834496600407
0.0003220925282024227
0.0003225016655606501
0.0003229109063115071
0.0003233201974143828
0.0003237295175777903
0.0003241389935513185
0.0003245484986467253
0.0003249580150987617
0.000325367535501763
0.0003257771011017751
0.00032618667049601083
0.0003265963957995615
0.00032700614898658595
0.000327415900849619
0.00032782562332332493
0.00032823529417962675
0.00032864496996037407
0.0003290546958907657
0.00032946451062203425
0.00032987430253424616
0.000330284054518058
0.00033069373760344643
0.00033110329769446025
0.00033151291526012616
0.0003319226177458335
0.00033233228031082627
0.00033274187654898206
0.0003331513880349675
0.00033356077159631055
0.00033397004245878915
0.00033437943234543153
0.00033478877863058046
0.0003351980172075888
0.00033560713964104143
0.00033601610855075445
0.0003364249016022649
0.0003368337681364978
0.0003372425875705264
0.00033765127602647095
0.0003380598136772271
0.00033846814668758225
0.0003388763017792983
0.0003392844574406563
0.0003396925388958602
0.0003401004560866155
0.0003405081824714041
0.00034091565318390964
0.00034132296938431264
0.0003417302215401813
0.0003421373475293732
0.00034254427286191185
0.0003429509540489958
0.00034335739081472783
0.0003437636298245177
0.0003441697271020394
0.00034457565766885423
0.00034498134700835836
0.0003453867188552637
0.00034579187232839026
0.0003461968250881255
0.00034660152890317867
0.00034700601104101187
0.0003474101918436774
0.0003478140666979584
0.00034821768696826206
0.00034862103113762955
0.00034902409466616566
0.0003494268670618076
0.00034982928693164805
0.000350231399637002
0.00035063321780020223
0.0003510346643932738
0.0003514358059557503
0.0003518365740745695
0.00035223697100308547
0.0003526370800876596
0.0003530367620850652
0.000353436041426233
0.000353834916982852
0.00035423339268862
0.0003546315661370652
0.00035502926456373266
0.0003554264816879177
0.0003558232493026342
0.0003562195811451498
0.000356615592729616
0.0003570110856187987
0.0003574060262893302
0.00035780046482006067
0.0003581944312286584
0.0003585880544385173
0.00035898112639938626
0.0003593736247985474
0.0003597655290564696
0.0003601568640379232
0.0003605478581564797
0.0003609382503950073
0.0003613280117842165
0.00036171710693301047
0.0003621055598576499
0.00036249365218977856
0.0003628810911763311
0.000363267845982691
0.0003636538748512594
0.0003640391934923602
0.0003644241110855551
0.0003648083217743864
0.0003651917925693996
0.0003655744727824627
0.0003659563909869793
0.00036633785010255665
0.00036671854269151806
0.00036709843643014154
0.00036747746532668734
0.00036785570910204156
0.00036823341058106457
0.00036861027854998625
0.00036898627848786246
0.0003693612964815233
0.0003697356088053231
0.000370109225083824
0.00037048194769432745
0.00037085373293056567
0.00037122448584983266
0.0003715945021812554
0.00037196371012374
0.00037233194418242056
0.00037269913902375295
0.0003730653040756593
0.00037343062934744304
0.0003737950528562195
0.00037415843873849647
0.0003745206447706577
0.0003748819303376954
0.0003752422635386481
0.00037560156666288224
0.000375959741145817
0.0003763167270078653
0.0003766726400190662
0.0003770275837208555
0.00037738138183331874
0.0003777339227000771
0.0003780853165566072
0.0003784355172029149
0.00037878461671640636
0.0003791324765023225
0.00037947900573837256
0.0003798243404655189
0.00038016842875767635
0.0003805112748018276
0.0003808527432358662
0.00038119291969070264
0.0003815317177676956
0.0003818692503154918
0.0003822053976049684
0.00038254007476449614
0.00038287338982416437
0.0003832052510796355
0.0003835356999652576
0.00038386460430256934
0.00038419209986963323
0.00038451806441822117
0.0003848425022271962
0.00038516539394153855
0.00038548669445861777
0.00038580644091769085
0.00038612453655704327
0.0003864410143834345
0.0003867558083948441
0.0003870689856200272
0.0003873804559964835
0.0003876901842831889
0.0003879981267917712
0.0003883043779217172
0.0003886088780342162
0.00038891149357693305
0.00038921225963182954
0.00038951118638265783
0.00038980827724827393
0.0003901034305107429
0.0003903966140234254
0.000390687829210609
0.00039097712751711626
0.00039126444311017545
0.0003915496541550384
0.00039183274579888744
0.0003921138420851427
0.00039239289107080154
0.0003926697179026112
0.0003929443315304682
0.00039321682066368105
0.0003934871504351716
0.000393755213422549
0.0003940209405478991
0.0003942843512340864
0.00039454550073022936
0.0003948043133464158
0.00039506065434377006
0.00039531452271331124
0.0003955660126213977
0.00039581507834196425
0.00039606154755396665
0.00039630539551081524
0.0003965467360496542
0.00039678555105137
0.0003970216633796986
0.00039725500606966767
0.0003974856577753369
0.0003977136773895679
0.0003979388876488599
0.0003981611939179165
0.0003983806357904333
0.0003985973030843756
0.00039881104946860933
0.0003990217628119974
0.0003992294392228575
0.0003994341676231423
0.0003996358640321294
0.0003998343602699915
0.0004000296413568006
0.00040022180463431195
0.00040041080150091606
0.000400596481838226
0.00040077879893098546
0.0004009577885311837
0.000401133456537194
0.000401305669870707
0.0004014743534387553
0.00040163951826900396
0.0004018011938169229
0.0004019592456919545
0.00040211359438469555
0.0004022642324475859
0.00040241119918894207
0.00040255437709904286
0.00040269366880738656
0.0004028290513073241
0.00040296055436038876
0.00040308808416574497
0.00040321153658588564
0.0004033308817383216
0.0004034461535891802
0.0004035572526362053
0.00040366407799781185
0.00040376658903357464
0.00040386480224591535
0.00040395862381804556
0.00040404797005623043
0.0004041327887836623
0.00040421308382413475
0.0004042887592634395
0.0004043597397405324
0.0004044259656201004
0.0004044874121942505
0.00040454399853166576
0.00040459565178712823
0.0004046423064872802
0.00040468392831393535
0.0004047204360025238
0.00040475176406153465
0.00040477784608747514
0.00040479862413190333
0.0004048140244522106
0.00040482397637115657
0.00040482841484535255
0.00040482728542422995
0.00040482049562746145
0.000404807968767992
0.000404789652946315
0.00040476546857376667
0.0004047353302638958
0.0004046991559316106
0.00040465687409661246
0.0004046083946558489
0.00040455364717175535
0.0004044925438813338
0.00040442500383214606
0.00040435093627713643
0.0004042702730308575
0.00040418291274398093
0.00040408875815995873
0.0004039877338945735
0.00040387976464814135
0.0004037647507960016
0.0004036425270990505
0.0004035130864160691
0.00040337633106030845
0.000403232146612054
0.0004030803387982334
0.0004029208934437714
0.00040275373284117967
0.0004025787241128907
0.00040239566823392837
0.00040220460210838233
0.00040200540309948113
0.0004017979054751651
0.0004015819112885176
0.0004013574661876652
0.000401124431580565
0.0004008826049753688
0.000400631810660817
0.000400372093651097
0.00040010330175139873
0.000399825174960011
0.00039953759000058424
0.00039924058614580424
0.0003989340182264044
0.0003986175029983055
0.00039829102589755873
0.0003979545966569892
0.0003976081196643827
0.00039725091274751503
0.0003968832808702548
0.0003965051253008973
0.00039611627024672166
0.0003957160513871205
0.0003953047957849324
0.0003948824138958016
0.00039444858625414293
0.0003940027697196038
0.0003935452788146316
0.0003930760672200927
0.00039259442583847935
0.0003921002142567325
0.0003915936160957396
0.00039107463163548425
0.00039054230225749124
0.0003899967024572789
0.0003894379295052657
0.00038886614614987386
0.00038827976462319543
0.00038767949765993365
0.00038706524556491565
0.0003864369937668368
0.000385793257492538
0.0003851347318047859
0.0003844613318259022
0.0003837728320189831
0.00038306793276318533
0.00038234726474302747
0.00038161077996854467
0.00038085790496510114
0.0003800876823460828
0.0003793006304766467
0.00037849683701931364
0.00037767497982631247
0.0003768348536351852
0.0003759767198738687
0.0003751007762719346
0.00037420495418046305
0.00037328987570180654
0.0003723555912100365
0.0003714020730467806
0.00037042706780336996
0.0003694315313905638
0.0003684154191171241
0.0003673782290034371
0.00036631816048272224
0.0003652360209127122
0.0003641320314393452
0.00036300442390559167
0.0003618526189095511
0.0003606770628813228
0.0003594778166343707
0.0003582527992547995
0.00035700181315237336
0.0003557251797166376
0.0003544226386616951
0.00035309200784569854
0.00035173341147205924
0.0003503471415843821
0.0003489324236469213
0.00034748669413876214
0.0003460109269848915
0.0003445053350843149
0.00034296759779655413
0.0003413965947855102
0.0003397928493161541
0.0003381560772674412
0.0003364840335758056
0.00033477567030462836
0.00033303147612190814
0.0003312504368645823
0.00032943046833029996
0.00032757068598623836
0.0003256719098206866
0.000323731023451066
0.00032174698594605617
0.0003197192838103996
0.00031764780204864837
0.00031552987427479193
0.00031336308179322626
0.0003111479703751853
0.0003088831669623185
0.00030656621582624
0.00030419457121780595
0.0003017690593996632
0.00029928561987502646
0.000296743354392078
0.00029413948994968186
0.00029147387253386096
0.00028874220967170283
0.00028594230878717635
0.00028307223474372765
0.0002801299965134603
0.00027711222784224213
0.00027401377136480274
0.0002708348412793881
0.0002675690848502408
0.0002642147231946263
0.0002607655246058332
0.0002572199677337637
0.0002535704275655512
0.0002498135110137068
0.0002459424765799193
0.00024195242384432403
0.00023783581719500696
0.00023358432908971498
0.00022919245502822948
0.0002246464486336804
0.00021994096917501667
0.00021506015740524112
0.00020999501947920523
0.00020472691473454618
0.00019924256881667665
0.0001935193609915023
0.0001875360362197377
0.00018126458563098033
0.00017467409062607003
0.00016772647051783906
0.00016036732866583822
0.00015254520645848342
0.00014417410034813123
0.00013515723018521223
0.00012534664173941584
0.00011454537555640768
0.00010242904999352277
8.845776137966604e-5
7.154890027975717e-5
4.8738819332995174e-5
0.0
0.0
0.0
0.0
0.0
0.0
0.0
0.0
0.0
0.0
0.0
0.0
0.0
0.0
0.0
0.0
0.0
0.0
0.0
0.0
0.0
0.0
0.0
0.0
0.0
0.0
0.0
0.0
0.0
0.0
0.0
0.0
0.0
0.0
0.0
0.0
0.0
0.0
0.0
0.0
0.0
0.0
0.0
0.0
0.0
0.0
0.0
0.0
0.0
0.0
0.0
0.0
0.0
0.0
0.0
0.0
0.0
0.0
0.0
0.0
0.0
0.0
0.0
0.0
0.0
0.0
0.0
0.0
0.0
0.0
0.0
0.0
0.0
0.0
0.0
0.0
0.0
0.0
0.0
0.0
0.0
0.0
0.0
0.0
0.0
0.0
0.0
0.0
0.0
0.0
0.0
0.0
0.0
0.0
0.0
0.0
0.0
0.0
0.0
0.0
0.0
0.0
0.0
0.0
0.0
0.0
0.0
0.0
0.0
0.0
0.0
0.0
0.0
0.0
0.0
0.0
0.0
0.0
0.0
0.0
0.0
0.0
0.0
0.0
0.0
0.0
0.0
0.0
0.0
0.0
0.0
0.0
0.0
0.0
0.0
0.0
0.0
0.0
0.0
0.0
0.0
0.0
0.0
0.0
0.0
0.0
0.0
0.0
0.0
0.0
0.0
0.0
0.0
0.0
0.0
0.0
0.0
0.0
0.0
0.0
0.0
0.0
0.0
0.0
0.0
0.0
0.0
0.0
0.0
0.0
0.0
0.0
0.0
0.0
0.0
0.0
0.0
0.0
0.0
0.0
0.0
0.0
0.0
0.0
0.0
0.0
0.0
0.0
0.0
0.0
0.0
0.0
0.0
0.0
0.0
0.0
0.0
0.0
0.0
0.0
0.0
0.0
0.0
0.0
0.0
0.0
0.0
0.0
0.0
0.0
0.0
0.0
0.0
0.0
0.0
0.0
0.0
0.0
0.0
0.0
0.0
0.0
0.0
0.0
0.0
0.0
0.0
0.0
0.0
0.0
0.0
0.0
0.0
0.0
0.0
0.0
0.0
0.0
0.0
0.0
0.0
0.0
0.0
0.0
0.0
0.0
0.0
0.0
0.0
0.0
0.0
0.0
0.0
0.0
0.0
0.0
0.0
0.0
0.0
0.0
0.0
0.0
0.0
0.0
0.0
0.0
0.0
0.0
0.0
0.0
0.0
0.0
0.0
0.0
0.0
0.0
0.0
0.0
0.0
0.0
0.0
0.0
0.0
0.0
0.0
0.0
0.0
0.0
0.0
0.0
0.0
0.0
0.0
0.0
0.0
0.0
0.0
0.0
0.0
0.0
0.0
0.0
0.0
0.0
0.0
0.0
0.0
0.0
0.0
0.0
0.0
0.0
0.0
0.0
0.0
0.0
0.0
0.0
0.0
0.0
0.0
0.0
0.0
0.0
0.0
0.0
0.0
0.0
0.0
0.0
0.0
0.0
0.0
0.0
0.0
0.0
0.0
0.0
0.0
0.0
0.0
0.0
0.0
0.0
0.0
0.0
0.0
0.0
0.0
0.0
0.0
0.0
0.0
0.0
0.0
0.0
0.0
0.0
0.0
0.0
0.0
0.0
0.0
0.0
0.0
0.0
0.0
0.0
0.0
0.0
0.0
0.0
0.0
0.0
0.0
0.0
0.0
0.0
0.0
0.0
0.0
0.0
0.0
0.0
0.0
0.0
0.0
0.0
0.0
0.0
0.0
0.0
0.0
0.0
0.0
0.0
0.0
0.0
0.0
0.0
0.0
0.0
0.0
0.0
0.0
0.0
0.0
0.0
0.0
0.0
0.0
0.0
0.0
0.0
0.0
0.0
0.0
0.0
0.0
0.0
0.0
0.0
0.0
0.0
0.0
0.0
0.0
0.0
0.0
0.0
0.0
0.0
0.0
0.0
0.0
0.0
0.0
0.0
0.0
0.0
0.0
0.0
0.0
0.0
0.0
0.0
0.0
0.0
0.0
0.0
0.0
0.0
0.0
0.0
0.0
0.0
0.0
0.0
0.0
0.0
0.0
0.0
0.0
0.0
0.0
0.0
0.0
0.0
0.0
0.0
0.0
0.0
0.0
0.0
0.0
0.0
0.0
0.0
0.0
0.0
0.0
0.0
0.0
0.0
0.0
0.0
0.0
0.0
0.0
0.0
0.0
0.0
0.0
0.0
0.0
0.0
0.0
0.0
0.0
0.0
0.0
0.0
0.0
0.0
0.0
0.0
0.0
0.0
0.0
0.0
0.0
0.0
0.0
0.0
0.0
0.0
0.0
0.0
0.0
0.0
0.0
0.0
0.0
0.0
0.0
0.0
0.0
0.0
0.0
0.0
0.0
0.0
0.0
0.0
0.0
0.0
0.0
0.0
0.0
0.0
0.0
0.0
0.0
0.0
0.0
0.0
0.0
0.0
0.0
0.0
0.0
0.0
0.0
0.0
0.0
0.0
0.0
0.0
0.0
0.0
0.0
0.0
0.0
0.0
0.0
0.0
0.0
0.0
0.0
0.0
0.0
0.0
0.0
0.0
0.0
0.0
0.0
0.0
0.0
0.0
0.0
0.0
0.0
0.0
0.0
0.0
0.0
0.0
0.0
0.0
0.0
0.0
0.0
0.0
0.0
0.0
0.0
0.0
0.0
0.0
0.0
0.0
0.0
0.0
0.0
0.0
0.0
0.0
0.0
0.0
0.0
0.0
0.0
0.0
0.0
0.0
0.0
0.0
0.0
0.0
0.0
0.0
0.0
0.0
0.0
0.0
0.0
0.0
0.0
0.0
0.0
0.0
0.0
0.0
0.0
0.0
0.0
0.0
0.0
0.0
0.0
0.0
0.0
0.0
0.0
0.0
0.0
0.0
0.0
0.0
0.0
0.0
0.0
0.0
0.0
0.0
0.0
0.0
0.0
0.0
0.0
0.0
0.0
0.0
0.0
0.0
0.0
0.0
0.0
0.0
0.0
0.0
0.0
0.0
0.0
0.0
0.0
0.0
0.0
0.0
0.0
0.0
0.0
0.0
0.0
0.0
0.0
0.0
0.0
0.0
0.0
0.0
0.0
0.0
0.0
0.0
0.0
0.0
0.0
0.0
0.0
0.0
0.0
0.0
0.0
0.0
0.0
0.0
0.0
0.0
0.0
0.0
0.0
0.0
0.0
0.0
0.0
0.0
0.0
0.0
0.0
0.0
0.0
0.0
0.0
0.0
0.0
0.0
0.0
0.0
0.0
0.0
0.0
0.0
0.0
0.0
0.0
0.0
0.0
0.0
0.0
0.0
0.0
0.0
0.0
0.0
0.0
0.0
0.0
0.0
0.0
0.0
0.0
0.0
0.0
0.0
0.0
0.0
0.0
0.0
0.0
0.0
0.0
0.0
0.0
0.0
0.0
0.0
0.0
0.0
0.0
0.0
0.0
0.0
0.0
0.0
0.0
0.0
0.0
0.0
0.0
0.0
0.0
0.0
0.0
0.0
0.0
0.0
0.0
0.0
0.0
0.0
0.0
0.0
0.0
0.0
0.0
0.0
0.0
0.0
0.0
0.0
0.0
0.0
0.0
0.0
0.0
0.0
0.0
0.0
0.0
0.0
0.0
0.0
0.0
0.0
0.0
0.0
0.0
0.0
0.0
0.0
0.0
0.0
0.0
0.0
0.0
0.0
0.0
0.0
0.0
0.0
0.0
0.0
0.0
0.0
0.0
0.0
0.0
0.0
0.0
0.0
0.0
0.0
0.0
0.0
0.0
0.0
0.0
0.0
0.0
0.0
0.0
0.0
0.0
0.0
0.0
0.0
0.0
0.0
0.0
0.0
0.0
0.0
0.0
0.0
0.0
0.0
0.0
0.0
0.0
0.0
0.0
0.0
0.0
0.0
0.0
0.0
0.0
0.0
0.0
0.0
0.0
0.0
0.0
0.0
0.0
0.0
0.0
0.0
0.0
0.0
0.0
0.0
0.0
0.0
0.0
0.0
0.0
0.0
0.0
0.0
0.0
0.0
0.0
0.0
0.0
0.0
0.0
0.0
0.0
0.0
0.0
0.0
0.0
0.0
0.0
0.0
0.0
0.0
0.0
0.0
0.0
0.0
0.0
0.0
0.0
0.0
0.0
0.0
0.0
0.0
0.0
0.0
0.0
0.0
0.0
0.0
0.0
0.0
0.0
0.0
0.0
0.0
0.0
0.0
0.0
0.0
0.0
0.0
0.0
0.0
0.0
0.0
0.0
0.0
0.0
0.0
0.0
0.0
0.0
0.0
0.0
0.0
0.0
0.0
0.0
0.0
0.0
0.0
0.0
0.0
0.0
0.0
0.0
0.0
0.0
0.0
0.0
0.0
0.0
0.0
0.0
0.0
0.0
0.0
0.0
0.0
0.0
0.0
0.0
0.0
0.0
0.0
0.0
0.0
0.0
0.0
0.0
0.0
0.0
0.0
0.0
0.0
0.0
0.0
0.0
0.0
0.0
0.0
0.0
0.0
0.0
0.0
0.0
0.0
0.0
0.0
0.0
0.0
0.0
0.0
0.0
0.0
0.0
0.0
0.0
0.0
0.0
0.0
0.0
0.0
0.0
0.0
0.0
0.0
0.0
0.0
0.0
0.0
0.0
0.0
0.0
0.0
0.0
0.0
0.0
0.0
0.0
0.0
0.0
0.0
0.0
0.0
0.0
0.0
0.0
0.0
0.0
0.0
0.0
0.0
0.0
0.0
0.0
0.0
0.0
0.0
0.0
0.0
0.0
0.0
0.0
0.0
0.0
0.0
0.0
0.0
0.0
0.0
0.0
0.0
0.0
0.0
0.0
0.0
0.0
0.0
0.0
0.0
0.0
0.0
0.0
0.0
0.0
0.0
0.0
0.0
0.0
0.0
0.0
0.0
0.0
0.0
0.0
0.0
0.0
0.0
0.0
0.0
0.0
0.0
0.0
0.0
0.0
0.0
0.0
0.0
0.0
0.0
0.0
0.0
0.0
0.0
0.0
0.0
0.0
0.0
0.0
0.0
0.0
0.0
0.0
0.0
0.0
0.0
0.0
0.0
0.0
0.0
0.0
0.0
0.0
0.0
0.0
0.0
0.0
0.0
0.0
0.0
0.0
0.0
0.0
0.0
0.0
0.0
0.0
0.0
0.0
0.0
0.0
0.0
0.0
0.0
0.0
0.0
0.0
0.0
0.0
0.0
0.0
0.0
0.0
0.0
0.0
0.0
0.0
0.0
0.0
0.0
0.0
0.0
0.0
0.0
0.0
0.0
0.0
0.0
0.0
0.0
0.0
0.0
0.0
0.0
0.0
0.0
0.0
0.0
0.0
0.0
0.0
0.0
0.0
0.0
0.0
0.0
0.0
0.0
0.0
0.0
0.0
0.0
0.0
0.0
0.0
0.0
0.0
0.0
0.0
0.0
0.0
0.0
0.0
0.0
0.0
0.0
0.0
0.0
0.0
0.0
0.0
0.0
0.0
0.0
0.0
0.0
0.0
0.0
0.0
0.0
0.0
0.0
0.0
0.0
0.0
0.0
0.0
0.0
0.0
0.0
0.0
0.0
0.0
0.0
0.0
0.0
0.0
0.0
0.0
0.0
0.0
0.0
0.0
0.0
0.0
0.0
0.0
0.0
0.0
0.0
0.0
0.0
0.0
0.0
0.0
0.0
0.0
0.0
0.0
0.0
0.0
0.0
0.0
0.0
0.0
0.0
0.0
0.0
0.0
0.0
0.0
0.0
0.0
0.0
0.0
0.0
0.0
0.0
0.0
0.0
0.0
0.0
0.0
0.0
0.0
0.0
0.0
0.0
0.0
0.0
0.0
0.0
0.0
0.0
0.0
0.0
0.0
0.0
0.0
0.0
0.0
0.0
0.0
0.0
0.0
0.0
0.0
0.0
0.0
0.0
0.0
0.0
0.0
0.0
0.0
0.0
0.0
0.0
0.0
0.0
0.0
0.0
0.0
0.0
0.0
0.0
0.0
0.0
0.0
0.0
0.0
0.0
0.0
0.0
0.0
0.0
0.0
0.0
0.0
0.0
0.0
0.0
0.0
0.0
0.0
0.0
0.0
0.0
0.0
0.0
0.0
0.0
0.0
0.0
0.0
0.0
0.0
0.0
0.0
0.0
0.0
0.0
0.0
0.0
0.0
0.0
0.0
0.0
0.0
0.0
0.0
0.0
0.0
0.0
0.0
0.0
0.0
0.0
0.0
0.0
0.0
0.0
0.0
0.0
0.0
0.0
0.0
0.0
0.0
0.0
0.0
0.0
0.0
0.0
0.0
0.0
0.0
0.0
0.0
0.0
0.0
0.0
0.0
0.0
0.0
0.0
0.0
0.0
0.0
0.0
0.0
0.0
0.0
0.0
0.0
0.0
0.0
0.0
0.0
0.0
0.0
0.0
0.0
0.0
0.0
0.0
0.0
0.0
0.0
0.0
0.0
0.0
0.0
0.0
0.0
0.0
0.0
0.0
0.0
0.0
0.0
0.0
0.0
0.0
0.0
0.0
0.0
0.0
0.0
0.0
0.0
0.0
0.0
0.0
0.0
0.0
0.0
0.0
0.0
0.0
0.0
0.0
0.0
0.0
0.0
0.0
0.0
0.0
0.0
0.0
0.0
0.0
0.0
0.0
0.0
0.0
0.0
0.0
0.0
0.0
0.0
0.0
0.0
0.0
0.0
0.0
0.0
0.0
0.0
0.0
0.0
0.0
0.0
0.0
0.0
0.0
0.0
0.0
0.0
0.0
0.0
0.0
0.0
0.0
0.0
0.0
0.0
0.0
0.0
0.0
0.0
0.0
0.0
0.0
0.0
0.0
0.0
0.0
0.0
0.0
0.0
0.0
0.0
0.0
0.0
0.0
0.0
0.0
0.0
0.0
0.0
0.0
0.0
0.0
0.0
0.0
0.0
0.0
0.0
0.0
0.0
0.0
0.0
0.0
0.0
0.0
0.0
0.0
0.0
0.0
0.0
0.0
0.0
0.0
0.0
0.0
0.0
0.0
0.0
0.0
0.0
0.0
0.0
0.0
0.0
0.0
0.0
0.0
0.0
0.0
0.0
0.0
0.0
0.0
0.0
0.0
0.0
0.0
0.0
0.0
0.0
0.0
0.0
0.0
0.0
0.0
0.0
0.0
0.0
0.0
0.0
0.0
0.0
0.0
0.0
0.0
0.0
0.0
0.0
0.0
0.0
0.0
0.0
0.0
0.0
0.0
0.0
0.0
0.0
0.0
0.0
0.0
0.0
0.0
0.0
0.0
0.0
0.0
0.0
0.0
0.0
0.0
0.0
0.0
0.0
0.0
0.0
0.0
0.0
0.0
0.0
0.0
0.0
0.0
0.0
0.0
0.0
0.0
0.0
0.0
0.0
0.0
0.0
0.0
0.0
0.0
0.0
0.0
0.0
0.0
0.0
0.0
0.0
0.0
0.0
0.0
0.0
0.0
0.0
0.0
0.0
0.0
0.0
0.0
0.0
0.0
0.0
0.0
0.0
0.0
0.0
0.0
0.0
0.0
0.0
0.0
0.0
0.0
0.0
0.0
0.0
0.0
0.0
0.0
0.0
0.0
0.0
0.0
0.0
0.0
0.0
0.0
0.0
0.0
0.0
0.0
0.0
0.0
0.0
0.0
0.0
0.0
0.0
0.0
0.0
0.0
0.0
0.0
0.0
0.0
0.0
0.0
0.0
0.0
0.0
0.0
0.0
0.0
0.0
0.0
0.0
0.0
0.0
0.0
0.0
0.0
0.0
0.0
0.0
0.0
0.0
0.0
0.0
0.0
0.0
0.0
0.0
0.0
0.0
0.0
0.0
0.0
0.0
0.0
0.0
0.0
0.0
0.0
0.0
0.0
0.0
0.0
0.0
0.0
0.0
0.0
0.0
0.0
0.0
0.0
0.0
0.0
0.0
0.0
0.0
0.0
0.0
0.0
0.0
0.0
0.0
0.0
0.0
0.0
0.0
0.0
0.0
0.0
0.0
0.0
0.0
0.0
0.0
0.0
0.0
0.0
0.0
0.0
0.0
0.0
0.0
0.0
0.0
0.0
0.0
0.0
0.0
0.0
0.0
0.0
0.0
0.0
0.0
0.0
0.0
0.0
0.0
0.0
0.0
0.0
0.0
0.0
0.0
0.0
0.0
0.0
0.0
0.0
0.0
0.0
0.0
0.0
0.0
0.0
0.0
0.0
0.0
0.0
0.0
0.0
0.0
0.0
0.0
0.0
0.0
0.0
0.0
0.0
0.0
0.0
0.0
0.0
0.0
0.0
0.0
0.0
0.0
0.0
0.0
0.0
0.0
0.0
0.0
0.0
0.0
0.0
0.0
0.0
0.0
0.0
0.0
0.0
0.0
0.0
0.0
0.0
0.0
0.0
0.0
0.0
0.0
0.0
0.0
0.0
0.0
0.0
0.0
0.0
0.0
0.0
0.0
0.0
0.0
0.0
0.0
0.0
0.0
0.0
0.0
0.0
0.0
0.0
0.0
0.0
0.0
0.0
0.0
0.0
0.0
0.0
0.0
0.0
0.0
0.0
0.0
0.0
0.0
0.0
0.0
0.0
0.0
0.0
0.0
0.0
0.0
0.0
0.0
0.0
0.0
0.0
0.0
0.0
0.0
0.0
0.0
0.0
0.0
0.0
0.0
0.0
0.0
0.0
0.0
0.0
0.0
0.0
0.0
0.0
0.0
0.0
0.0
0.0
0.0
0.0
0.0
0.0
0.0
0.0
0.0
0.0
0.0
0.0
0.0
0.0
0.0
0.0
0.0
0.0
0.0
0.0
0.0
0.0
0.0
0.0
0.0
0.0
0.0
0.0
0.0
0.0
0.0
0.0
0.0
0.0
0.0
0.0
0.0
0.0
0.0
0.0
0.0
0.0
0.0
0.0
0.0
0.0
0.0
0.0
0.0
0.0
0.0
0.0
0.0
0.0
0.0
0.0
0.0
0.0
0.0
0.0
0.0
0.0
0.0
0.0
0.0
0.0
0.0
0.0
0.0
0.0
0.0
0.0
0.0
0.0
0.0
0.0
0.0
0.0
0.0
0.0
0.0
0.0
0.0
0.0
0.0
0.0
0.0
0.0
0.0
0.0
0.0
0.0
0.0
0.0
0.0
0.0
0.0
0.0
0.0
0.0
0.0
0.0
0.0
0.0
0.0
0.0
0.0
0.0
0.0
0.0
0.0
0.0
0.0
0.0
0.0
0.0
0.0
0.0
0.0
0.0
0.0
0.0
0.0
0.0
0.0
0.0
0.0
0.0
0.0
0.0
0.0
0.0
0.0
0.0
0.0
0.0
0.0
0.0
0.0
0.0
0.0
0.0
0.0
0.0
0.0
0.0
0.0
0.0
0.0
0.0
0.0
0.0
0.0
0.0
0.0
0.0
0.0
0.0
0.0
0.0
0.0
0.0
0.0
0.0
0.0
0.0
0.0
0.0
0.0
0.0
0.0
0.0
0.0
0.0
0.0
0.0
0.0
0.0
0.0
0.0
0.0
0.0
0.0
0.0
0.0
0.0
0.0
0.0
0.0
0.0
0.0
0.0
0.0
0.0
0.0
0.0
0.0
0.0
0.0
0.0
0.0
0.0
0.0
0.0
0.0
0.0
0.0
0.0
0.0
0.0
0.0
0.0
0.0
0.0
0.0
0.0
0.0
0.0
0.0
0.0
0.0
0.0
0.0
0.0
0.0
0.0
0.0
0.0
0.0
0.0
0.0
0.0
0.0
0.0
0.0
0.0
0.0
0.0
0.0
0.0
0.0
0.0
0.0
0.0
0.0
0.0
0.0
0.0
0.0
0.0
0.0
0.0
0.0
0.0
0.0
0.0
0.0
0.0
0.0
0.0
0.0
0.0
0.0
0.0
0.0
0.0
0.0
0.0
0.0
0.0
0.0
0.0
0.0
0.0
0.0
0.0
0.0
0.0
0.0
0.0
0.0
0.0
0.0
0.0
0.0
0.0
0.0
0.0
0.0
0.0
0.0
0.0
0.0
0.0
0.0
0.0
0.0
0.0
0.0
0.0
0.0
0.0
0.0
0.0
0.0
0.0
0.0
0.0
0.0
0.0
0.0
0.0
0.0
0.0
0.0
0.0
0.0
0.0
0.0
0.0
0.0
0.0
0.0
0.0
0.0
0.0
0.0
0.0
0.0
0.0
0.0
0.0
0.0
0.0
0.0
0.0
0.0
0.0
0.0
0.0
0.0
0.0
0.0
0.0
0.0
0.0
0.0
0.0
0.0
0.0
0.0
0.0
0.0
0.0
0.0
0.0
0.0
0.0
0.0
0.0
0.0
0.0
0.0
0.0
0.0
0.0
0.0
0.0
0.0
0.0
0.0
0.0
0.0
0.0
0.0
0.0
0.0
0.0
0.0
0.0
0.0
0.0
0.0
0.0
0.0
0.0
0.0
0.0
0.0
0.0
0.0
0.0
0.0
0.0
0.0
0.0
0.0
0.0
0.0
0.0
0.0
0.0
0.0
0.0
0.0
0.0
0.0
0.0
0.0
0.0
0.0
0.0
0.0
0.0
0.0
0.0
0.0
0.0
0.0
0.0
0.0
0.0
0.0
0.0
0.0
0.0
0.0
0.0
0.0
0.0
0.0
0.0
0.0
0.0
0.0
0.0
0.0
0.0
0.0
0.0
0.0
0.0
0.0
0.0
0.0
0.0
0.0
0.0
0.0
0.0
0.0
0.0
0.0
0.0
0.0
0.0
0.0
0.0
0.0
0.0
0.0
0.0
0.0
0.0
0.0
0.0
0.0
0.0
0.0
0.0
0.0
0.0
0.0
0.0
0.0
0.0
0.0
0.0
0.0
0.0
0.0
0.0
0.0
0.0
0.0
0.0
0.0
0.0
0.0
0.0
0.0
0.0
0.0
0.0
0.0
0.0
0.0
0.0
0.0
0.0
0.0
0.0
0.0
0.0
0.0
0.0
0.0
0.0
0.0
0.0
0.0
0.0
0.0
0.0
0.0
0.0
0.0
0.0
0.0
0.0
0.0
0.0
0.0
0.0
0.0
0.0
0.0
0.0
0.0
0.0
0.0
0.0
0.0
0.0
0.0
0.0
0.0
0.0
0.0
0.0
0.0
0.0
0.0
0.0
0.0
0.0
0.0
0.0
0.0
0.0
0.0
0.0
0.0
0.0
0.0
0.0
0.0
0.0
0.0
0.0
0.0
0.0
0.0
0.0
0.0
0.0
0.0
0.0
0.0
0.0
0.0
0.0
0.0
0.0
0.0
0.0
0.0
0.0
0.0
0.0
0.0
0.0
0.0
0.0
0.0
0.0
0.0
0.0
0.0
0.0
0.0
0.0
0.0
0.0
0.0
0.0
0.0
0.0
0.0
0.0
0.0
0.0
0.0
0.0
0.0
0.0
0.0
0.0
0.0
0.0
0.0
0.0
0.0
0.0
0.0
0.0
0.0
0.0
0.0
0.0
0.0
0.0
0.0
0.0
0.0
0.0
0.0
0.0
0.0
0.0
0.0
0.0
0.0
0.0
0.0
0.0
0.0
0.0
0.0
0.0
0.0
0.0
0.0
0.0
0.0
0.0
0.0
0.0
0.0
0.0
0.0
0.0
0.0
0.0
0.0
0.0
0.0
0.0
0.0
0.0
0.0
0.0
0.0
0.0
0.0
0.0
0.0
0.0
0.0
0.0
0.0
0.0
0.0
0.0
0.0
0.0
0.0
0.0
0.0
0.0
0.0
0.0
0.0
0.0
0.0
0.0
0.0
0.0
0.0
0.0
0.0
0.0
0.0
0.0
0.0
0.0
0.0
0.0
0.0
0.0
0.0
0.0
0.0
0.0
0.0
0.0
0.0
0.0
0.0
0.0
0.0
0.0
0.0
0.0
0.0
0.0
0.0
0.0
0.0
0.0
0.0
0.0
0.0
0.0
0.0
0.0
0.0
0.0
0.0
0.0
0.0
0.0
0.0
0.0
0.0
0.0
0.0
0.0
0.0
0.0
0.0
0.0
0.0
0.0
0.0
0.0
0.0
0.0
0.0
0.0
0.0
0.0
0.0
0.0
0.0
0.0
0.0
0.0
0.0
0.0
0.0
0.0
0.0
0.0
0.0
0.0
0.0
0.0
0.0
0.0
0.0
0.0
0.0
0.0
0.0
0.0
0.0
0.0
0.0
0.0
0.0
0.0
0.0
0.0
0.0
0.0
0.0
0.0
0.0
0.0
0.0
0.0
0.0
0.0
0.0
0.0
0.0
0.0
0.0
0.0
0.0
0.0
0.0
0.0
0.0
0.0
0.0
0.0
0.0
0.0
0.0
0.0
0.0
0.0
0.0
0.0
0.0
0.0
0.0
0.0
0.0
0.0
0.0
0.0
0.0
0.0
0.0
0.0
0.0
0.0
0.0
0.0
0.0
0.0
0.0
0.0
0.0
0.0
0.0
0.0
0.0
0.0
0.0
0.0
0.0
0.0
0.0
0.0
0.0
0.0
0.0
0.0
0.0
0.0
0.0
0.0
0.0
0.0
0.0
0.0
0.0
0.0
0.0
0.0
0.0
0.0
0.0
0.0
0.0
0.0
0.0
0.0
0.0
0.0
0.0
0.0
0.0
0.0
0.0
0.0
0.0
0.0
0.0
0.0
0.0
0.0
0.0
0.0
0.0
0.0
0.0
0.0
0.0
0.0
0.0
0.0
0.0
0.0
0.0
0.0
0.0
0.0
0.0
0.0
0.0
0.0
0.0
0.0
0.0
0.0
0.0
0.0
0.0
0.0
0.0
0.0
0.0
0.0
0.0
0.0
0.0
0.0
0.0
0.0
0.0
0.0
0.0
0.0
0.0
0.0
0.0
0.0
0.0
0.0
0.0
0.0
0.0
0.0
0.0
0.0
0.0
0.0
0.0
0.0
0.0
0.0
0.0
0.0
0.0
0.0
0.0
0.0
0.0
0.0
0.0
0.0
0.0
0.0
0.0
0.0
0.0
0.0
0.0
0.0
0.0
0.0
0.0
0.0
0.0
0.0
0.0
0.0
0.0
0.0
0.0
0.0
0.0
0.0
0.0
0.0
0.0
0.0
0.0
0.0
0.0
0.0
0.0
0.0
0.0
0.0
0.0
0.0
0.0
0.0
0.0
0.0
0.0
0.0
0.0
0.0
0.0
0.0
0.0
0.0
0.0
0.0
0.0
0.0
0.0
0.0
0.0
0.0
0.0
0.0
0.0
0.0
0.0
0.0
0.0
0.0
0.0
0.0
0.0
0.0
0.0
0.0
0.0
0.0
0.0
0.0
0.0
0.0
0.0
0.0
0.0
0.0
0.0
0.0
0.0
0.0
0.0
0.0
0.0
0.0
0.0
0.0
0.0
0.0
0.0
0.0
0.0
0.0
0.0
0.0
0.0
0.0
0.0
0.0
0.0
0.0
0.0
0.0
0.0
0.0
0.0
0.0
0.0
0.0
0.0
0.0
0.0
0.0
0.0
0.0
0.0
0.0
0.0
0.0
0.0
0.0
0.0
0.0
0.0
0.0
0.0
0.0
0.0
0.0
0.0
0.0
0.0
0.0
0.0
0.0
0.0
0.0
0.0
0.0
0.0
0.0
0.0
0.0
0.0
0.0
0.0
0.0
0.0
0.0
0.0
0.0
0.0
0.0
0.0
0.0
0.0
0.0
0.0
0.0
0.0
0.0
0.0
0.0
0.0
0.0
0.0
0.0
0.0
0.0
0.0
0.0
0.0
0.0
0.0
0.0
0.0
0.0
