0.001246520442842407
0.0012473399945494865
0.0012480393332221726
0.0012486754516875989
0.0012492698938826664
0.0012498338765752903
0.001250374178509053
0.0012508953087149684
0.001251400446494753
0.0012518919428986743
0.0012523716179053364
0.0012528409154266517
0.0012533009826686855
0.0012537527734550987
0.0012541971065125838
0.0012546335400232624
0.001255063699867075
0.001255487561918629
0.001255906070648532
0.0012563198817404718
0.0012567293472394434
0.0012571347352738544
0.001257536291090252
0.001257934242832056
0.0012583287960064768
0.0012587201347303114
0.0012591084339352364
0.0012594938538638529
0.0012598765383318345
0.001260256622798193
0.001260634224417333
0.0012610090491366505
0.0012613815345376604
0.0012617519120147697
0.0012621202733703826
0.0012624865077344289
0.0012628507007720836
0.0012632130839264042
0.001263573786460519
0.0012639328785718333
0.0012642904245344017
0.0012646464786143807
0.0012650011003750249
0.0012653543438279008
0.0012657062560813583
0.0012660568833523587
0.0012664062722684904
0.0012667544695412441
0.001267101245385131
0.0012674468708766726
0.0012677914344004987
0.0012681349845254368
0.0012684775436035637
0.0012688191360481504
0.0012691597685032963
0.0012694993635391939
0.0012698380191070902
0.001270175852391826
0.0012705128800298321
0.00127084913137424
0.0012711846405467876
0.0012715194259501233
0.001271853501264517
0.0012721868892570972
0.0012725196199598959
0.001272851716638568
0.0012731830014891703
0.0012735136639529356
0.0012738437529531536
0.00127417328601169
0.0012745022800922988
0.0012748307517558937
0.001275158715302345
0.001275486184460895
0.0012758131682076889
0.0012761396140415114
0.0012764655369055169
0.001276791016359534
0.0012771160755860888
0.0012774407350173611
0.0012777649989867649
0.00127808888786716
0.0012784124299841282
0.0012787355883095543
0.0012790584339139519
0.00127938080660289
0.001279702839049885
0.001280024547522758
0.0012803459843598896
0.0012806671179583146
0.0012809879866332691
0.0012813085851103023
0.0012816289152647864
0.00128194901242331
0.00128226886787899
0.0012825884854202746
0.0012829078819852641
0.0012832270085939754
0.0012835458554687742
0.0012838645109059
0.0012841829644405836
0.001284501232994062
0.0012848193455904228
0.001285137303070268
0.0012854550892384977
0.001285772659238037
0.0012860900148777144
0.001286407238826044
0.0012867243441683403
0.001287041331163844
0.0012873581951933718
0.0012876749496024595
0.0012879915976731018
0.0012883081480073776
0.001288624599462572
0.001288940956023016
0.0012892572301575515
0.0012895734360029143
0.0012898895688244667
0.0012902056328622969
0.001290521609687571
0.0012908374675904015
0.0012911532483213576
0.0012914689784626217
0.0012917846639006493
0.0012921003079489155
0.0012924159127261849
0.0012927314116609376
0.0012930468765780872
0.001293362318535386
0.0012936777380786015
0.0012939931348885702
0.0012943085183865731
0.0012946239065645974
0.0012949393093892245
0.0012952547154153708
0.0012955701162478037
0.0012958855082084385
0.0012962009221013466
0.0012965163745908776
0.0012968318431721348
0.0012971473211538622
0.0012974628231338294
0.001297778361573813
0.001298093944561344
0.0012984095413551174
0.0012987251434905612
0.0012990407385775015
0.0012993563972492227
0.001299672132217451
0.0012999878726572551
0.001300303607929918
0.0013006194351099063
0.0013009352651124264
0.001301251208562553
0.0013015672215294226
0.0013018832647935612
0.001302199408734529
0.0013025156168815105
0.0013028319160935673
0.0013031482916376013
0.001303464746547234
0.0013037812912385842
0.0013040979127564379
0.0013044146289422685
0.0013047314328759325
0.0013050483244295913
0.0013053653266751693
0.0013056824023725986
0.0013059996285644836
0.0013063169094106374
0.0013066343272482477
0.0013069518181791848
0.001307269410351067
0.0013075870658410516
0.0013079048498163541
0.0013082227045796814
0.001308540654754938
0.0013088587203726064
0.0013091769054958942
0.0013094952206185754
0.0013098136399337633
0.0013101322158286068
0.0013104508876757648
0.0013107697214098308
0.0013110886717954875
0.0013114077563280459
0.001311726979772386
0.0013120463106628135
0.0013123658011247015
0.0013126854480901248
0.001313005220288123
0.0013133251451668195
0.0013136451994593566
0.0013139653920867225
0.0013142857639745526
0.0013146062386772126
0.0013149268639712566
0.0013152477119017464
0.0013155686363638156
0.0013158897450079995
0.0013162110203591459
0.0013165323910159083
0.001316853951993858
0.0013171756078667932
0.0013174973470970667
0.0013178193214398067
0.0013181414468021071
0.0013184636989786846
0.0013187861240234295
0.0013191087567336257
0.0013194315256164206
0.001319754452244749
0.0013200775752430173
0.0013204008561890147
0.0013207242984866025
0.0013210479141531055
0.0013213717105765154
0.0013216956824372674
0.0013220198241105465
0.0013223441441967965
0.001322668647336666
0.00132299333040436
0.0013233181773401879
0.00132364319454046
0.0013239684223094684
0.0013242938271016815
0.0013246193962397283
0.0013249451267794536
0.0013252710808230896
0.0013255972371451637
0.0013259235387485923
0.0013262499981860517
0.0013265766355907138
0.001326903560542732
0.0013272305616541414
0.0013275576670611724
0.0013278849420583717
0.0013282124909849236
0.0013285402222673074
0.001328868106931277
0.0013291961604296205
0.0013295244176663157
0.0013298529063869395
0.0013301815961261794
0.0013305104504008724
0.0013308394750782412
0.001331168708888783
0.001331498147821517
0.0013318278060694036
0.0013321576554485895
0.0013324876724633082
0.0013328178876969154
0.0013331483159882912
0.0013334789370291567
0.001333809759522062
0.0013341407961603448
0.0013344720122156763
0.0013348034279674818
0.00133513505556458
0.0013354668772135444
0.0013357988777108042
0.0013361310808363016
0.0013364635240818335
0.0013367961506278365
0.0013371289923730621
0.0013374620380783191
0.0013377952604861154
0.001338128673818422
0.0013384622821205462
0.0013387960524072825
0.0013391300822036838
0.0013394643322213568
0.0013397987361826523
0.00134013332132425
0.001340468098837129
0.0013408030729514186
0.0013411382469005046
0.001341473620673235
0.001341809195160618
0.0013421450286396986
0.0013424810940254055
0.001342817340548562
0.001343153770403063
0.0013434903953943999
0.0013438272187631939
0.0013441642386298163
0.0013445014564746733
0.0013448388768392784
0.0013451765172653287
0.0013455143830937704
0.001345852449762931
0.0013461907070852247
0.001346529178365233
0.0013468678722748624
0.0013472067585884916
0.0013475458383624124
0.0013478851168139683
0.0013482245956548135
0.001348564276638853
0.0013489041607461488
0.0013492442554580274
0.0013495845721919729
0.0013499251009189668
0.0013502658155416748
0.001350606727434016
0.001350947838568133
0.0013512891497625492
0.001351630661445327
0.00135197236063631
0.0013523142465591445
0.0013526563329037309
0.0013529986198432442
0.0013533411072189842
0.0013536837901427469
0.0013540266535908584
0.0013543697142892458
0.001354712974885766
0.0013550564579215784
0.0013554001383399503
0.001355744011170395
0.0013560881073465577
0.0013564324006668572
0.0013567768806937981
0.0013571215523799046
0.0013574664177410027
0.001357811476429213
0.001358156714844703
0.0013585021486347817
0.001358847776609805
0.0013591935982287967
0.0013595396132554886
0.001359885821059139
0.0013602322210947036
0.0013605788130428623
0.0013609255963703605
0.001361272570389894
0.001361619735421881
0.0013619670896854775
0.0013623146322225917
0.0013626623613990049
0.0013630102734402023
0.001363358367595761
0.001363706658109747
0.0013640551490459142
0.001364403827181302
0.0013647526911792875
0.0013651017398818807
0.0013654509726018732
0.0013658003886739178
0.0013661499873358117
0.0013664997676936341
0.0013668497290699841
0.0013671998717087036
0.00136755019410447
0.0013679006874293008
0.00136825134350479
0.0013686021764723276
0.0013689531853429233
0.0013693043690371698
0.0013696557265735732
0.001370007258290439
0.0013703589613143197
0.0013707108331060063
0.0013710628556053833
0.0013714150397907089
0.0013717673810976947
0.0013721198858743075
0.0013724725736175068
0.001372825408886307
0.0013731784498828125
0.001373531674901608
0.0013738850710461705
0.0013742386359425957
0.0013745923624289605
0.0013749462500810298
0.001375300297686806
0.0013756545031862095
0.001376008865187387
0.001376363382168614
0.0013767180525206205
0.001377072874377238
0.0013774278463288064
0.0013777829642583493
0.0013781382183920875
0.0013784936109154152
0.0013788491710655384
0.001379204898792142
0.001379560761843767
0.0013799167741157519
0.001380272952406287
0.001380629286458648
0.0013809857600134063
0.0013813423711453094
0.0013816991175545838
0.0013820559970796446
0.0013824130042755093
0.0013827701264397007
0.001383127369119465
0.0013834848000574104
0.0013838423581211301
0.0013842000405754878
0.0013845578415604832
0.0013849157483539045
0.001385273780191587
0.0013856319849657273
0.0013859903064852833
0.0013863487396211626
0.0013867072717873294
0.001387065912300522
0.0013874247582315125
0.0013877837434099786
0.0013881428271082814
0.001388502020872156
0.0013888613352073687
0.0013892207248293778
0.0013895801786477234
0.0013899397986042988
0.001390299488749046
0.0013906593268958078
0.0013910192996574565
0.0013913793748617869
0.0013917395451098795
0.001392099801934768
0.001392460133634856
0.0013928205421596522
0.0013931810055220677
0.0013935415046712877
0.0013939022070102386
0.0013942630407258083
0.0013946239573050414
0.0013949849520958526
0.0013953460209986642
0.001395707159204788
0.0013960683589760024
0.0013964296008382004
0.0013967908736774804
0.0013971522917753788
0.0013975138478929995
0.0013978754757432287
0.0013982371637838232
0.0013985989083216896
0.0013989607007872096
0.0013993225214623951
0.0013996843818634334
0.001400046319098415
0.0014004083535435535
0.001400770478050646
0.0014011326625228133
0.0014014948850743455
0.0014018571367245113
0.001402219393404222
0.0014025816964651895
0.00140294408673461
0.001403306500350696
0.0014036689900137063
0.001404031539716598
0.001404394106510967
0.0014047566616610086
0.0014051192250364587
0.0014054819027210547
0.00140584458063546
0.0014062072579443296
0.0014065699803428298
0.0014069327387163095
0.0014072954243313587
0.0014076580868191326
0.001408020860666573
0.001408383623897185
0.0014087463622971348
0.0014091090960732086
0.0014094718658835617
0.0014098346259869383
0.0014101973589476446
0.0014105601786061487
0.0014109229737183223
0.00141128572993703
0.0014116484421334858
0.0014120111486569304
0.0014123738140848204
0.0014127365744916831
0.0014130993178232453
0.0014134620200215763
0.0014138246576548778
0.0014141872125144471
0.0014145497362506264
0.0014149122706871226
0.0014152748515957564
0.0014156373816198412
0.0014159998472969512
0.0014163622159965288
0.0014167244486952215
0.001417086708451704
0.0014174490212388537
0.001417811278579555
0.0014181734582694092
0.0014185355461267912
0.0014188975061819034
0.0014192593540560043
0.0014196212965916098
0.0014199831916600716
0.0014203449845610389
0.0014207066701431787
0.001421068217388652
0.001421429608482732
0.0014217910659669172
0.001422152485633659
0.0014225137952726564
0.001422874979466014
0.0014232359834488054
0.0014235968285485749
0.0014239576888432815
0.0014243185004961035
0.0014246791863582369
0.0014250397255726281
0.001425400062903863
0.0014257602903108618
0.0014261204906122762
0.0014264806112110184
0.0014268405886131643
0.0014272003870066858
0.0014275600092330766
0.0014279194988344069
0.0014282789081066136
0.0014286382179457381
0.0014289973651325175
0.0014293562847710111
0.0014297150675578248
0.0014300737324719048
0.0014304322392781463
0.0014307906151299718
0.0014311487928059237
0.0014315067711572738
0.0014318645986920802
0.0014322222671721615
0.0014325797794141597
0.0014329371181041727
0.0014332942320707037
0.0014336511654201144
0.0014340079322845188
0.0014343644676750877
0.0014347208345364716
0.0014350769754500222
0.001435432895843985
0.0014357886736615017
0.001436144188841422
0.0014364994665358004
0.0014368545096480635
0.0014372093258159004
0.001437563997471703
0.001437918380108846
0.0014382724751017414
0.001438626314339653
0.0014389799141817279
0.0014393333824217647
0.0014396865456489155
0.0014400393781510198
0.0014403919294874467
0.0014407442304578
0.0014410964347539368
0.0014414483326692143
0.001441799939696046
0.001442151223425239
0.0014425021774478514
0.0014428530270281699
0.0014432035427448034
0.0014435537039442835
0.0014439034833219563
0.001444252907394245
0.001444602235300606
0.001444951208283925
0.0014452998037822675
0.0014456479899145082
0.001445995785623375
0.0014463434757425134
0.0014466907900151712
0.0014470377037265547
0.0014473841768512575
0.0014477302411160708
0.0014480761767066003
0.0014484217112283354
0.0014487668212297808
0.0014491114524941208
0.0014494556841120382
0.0014497997432316094
0.0014501433710307028
0.0014504865429526292
0.0014508291608272522
0.001451171483920175
0.0014515135282460881
0.0014518551194461027
0.0014521962247164904
0.0014525367635423898
0.0014528770145897372
0.0014532169202772544
0.0014535562998259281
0.0014538950899856183
0.001454233352243864
0.0014545712695469815
0.0014549087931323343
0.0014552458047530962
0.0014555821802356786
0.0014559181689295228
0.0014562537492256028
0.0014565888577341955
0.0014569234107693492
0.0014572573605773494
0.0014575908245562286
0.0014579239069470143
0.0014582564534053068
0.0014585883678215788
0.00145891976065135
0.0014592505870789148
0.0014595809568319017
0.0014599107490876194
0.001460239887097502
0.0014605685100732323
0.0014608965792154939
0.001461224108609786
0.0014615509799073005
0.001461877285219322
0.001462202952713258
0.0014625281020650002
0.0014628526001684986
0.001463176400872839
0.0014634996243887677
0.0014638221940751035
0.0014641441618876124
0.0014644654111867297
0.001464786087048788
0.0014651060822704804
0.0014654254141386696
0.001465744076090605
0.0014660620372239925
0.0014663793473602101
0.0014666959243352018
0.0014670118147121682
0.0014673269665787963
0.001467641461694244
0.001467955228882457
0.0014682682634812264
0.0014685805152035165
0.001468892095789419
0.0014692029603031675
0.0014695129884029848
0.0014698222316233583
0.0014701307170488483
0.0014704384653418264
0.0014707453882552366
0.0014710514593102482
0.0014713567040095367
0.0014716611983663825
0.0014719648916764413
0.0014722676739990451
0.0014725695474141513
0.0014728706643010693
0.001473170989828408
0.0014734703616213088
0.0014737688174435437
0.00147406649043831
0.0014743633350970727
0.001474659275105808
0.0014749542671385514
0.0014752483244204523
0.001475541532391427
0.0014758338308406328
0.001476125091369454
0.0014764153364038295
0.0014767046991862195
0.001476993154452812
0.0014772805288343661
0.0014775668188421137
0.0014778521857379107
0.0014781366383040582
0.0014784199948380773
0.0014787022026599382
0.001478983386499827
0.0014792636510204962
0.0014795428110923247
0.0014798207801521278
0.0014800976394209054
0.0014803735379608721
0.0014806483264826918
0.0014809218953365424
0.0014811942742809123
0.001481465618457207
0.001481735858144151
0.0014820047480224388
0.001482272338568497
0.0014825388306529976
0.0014828042033668595
0.0014830682917022903
0.0014833310725682947
0.0014835926437405495
0.001483853065334549
0.0014841121920227212
0.0014843699600051003
0.0014846264383338943
0.0014848817299668812
0.0014851356677254843
0.0014853881955606693
0.0014856393606784647
0.0014858892945870464
0.001486137867665639
0.001486384977058669
0.0014866306418810221
0.0014868749776056314
0.0014871179141976037
0.001487359333239294
0.001487599253898539
0.0014878378370991293
0.0014880749758840604
0.0014883105500756461
0.0014885445670021022
0.0014887771731169263
0.0014890082702014992
0.0014892377690991436
0.00148946566110282
0.001489692104783825
0.001489916973572535
0.0014901402024362956
0.0014903617619248719
0.0014905817606318827
0.0014908001165072353
0.001491016768869692
0.0014912316815855176
0.0014914449639240738
0.0014916565324803437
0.0014918663606049499
0.0014920744067210326
0.0014922807459955695
0.0014924853032259522
0.001492688060044654
0.0014928889778987211
0.0014930881788866662
0.0014932855210732284
0.001493480981677804
0.0014936745803078386
0.0014938663739869143
0.0014940562355590594
0.0014942441662943347
0.0014944301230935667
0.001494614130870506
0.0014947961249854914
0.00149497611645964
0.0014951540732959891
0.00149532999032795
0.001495503814823351
0.0014956755538724602
0.0014958452038712337
0.001496012719391328
0.0014961780534582408
0.0014963412046143179
0.001496502243320848
0.001496661025076208
0.0014968175429176868
0.0014969717967597458
0.0014971238563085756
0.0014972734149823832
0.0014974206055339263
0.0014975654521236328
0.001497708005668291
0.0014978481250763603
0.0014979858024134864
0.0014981210569938333
0.0014982539116889576
0.001498384238701372
0.0014985119992316762
0.0014986372519979084
0.0014987599937253426
0.0014988801005223972
0.001498997517243914
0.0014991123401168426
0.0014992245367849689
0.0014993340160428536
0.0014994407599458709
0.0014995448267016288
0.0014996461449689846
0.0014997446408574816
0.0014998402834999684
0.0014999332464695758
0.00150002331621578
0.001500110457315487
0.0015001946540765402
0.0015002759624579537
0.0015003542555231727
0.0015004295083202032
0.0015005017355363486
0.0015005709543144182
0.0015006370523858717
0.0015006999898473242
0.00150075980677126
0.0015008164595639885
0.0015008698751080094
0.0015009200949329192
0.0015009670925055856
0.0015010107844344314
0.0015010510601173458
0.0015010880389799042
0.0015011217265916662
0.001501151962838904
0.001501178713453059
0.0015012019419435062
0.0015012216559729579
0.0015012377855630548
0.0015012502974755624
0.0015012591567585287
0.0015012643409396608
0.0015012658023878262
0.001501263510114437
0.0015012574292896398
0.001501247512734993
0.0015012337300825472
0.0015012160564660704
0.0015011944323320865
0.0015011687659589378
0.0015011389246240626
0.0015011050528432616
0.0015010670435152526
0.001501024888884852
0.001500978568450744
0.0015009280631502653
0.0015008732179668733
0.001500814042627165
0.0015007504922714314
0.001500682540401056
0.0015006100851098726
0.001500533163530015
0.0015004517803149458
0.0015003657946966197
0.0015002751475355403
0.0015001798969616713
0.001500080046571621
0.001499975383754646
0.0014998658661498044
0.0014997515229784632
0.001499632365378927
0.0014995081827180188
0.0014993789861478444
0.0014992448115131397
0.0014991055966415178
0.0014989610994158593
0.001498811429614084
0.001498656627848264
0.001498496519860957
0.0014983310393192424
0.0014981601941407995
0.0014979839257325063
0.0014978021151462512
0.0014976147423401264
0.001497421886101866
0.0014972234053783713
0.0014970191188471993
0.0014968089797641638
0.0014965931390688314
0.0014963713059568957
0.001496143428779356
0.0014959095217924215
0.0014956696518361135
0.0014954235980320775
0.001495171171970943
0.0014949125365757514
0.001494647639858364
0.0014943763107724067
0.0014940982421926428
0.0014938136915734188
0.0014935224347750193
0.001493224521680133
0.001492919793358099
0.0014926084084712654
0.0014922899141596375
0.0014919644067609198
0.001491631886658818
0.0014912923628799461
0.0014909457066615303
0.0014905916344288873
0.0014902304876334115
0.0014898618059868754
0.0014894857521236097
0.0014891020140002488
0.0014887108343544897
0.001488311819952417
0.0014879050890787937
0.0014874904432709722
0.00148706793757858
0.001486637408745657
0.0014861986858600864
0.001485751969667114
0.0014852968410203557
0.0014848335735047399
0.001484361626786733
0.0014838812638253457
0.0014833921969156093
0.001482894678174939
0.0014823883145059292
0.001481873097986018
0.001481348849817486
0.0014808155859042796
0.0014802732797027807
0.001479721356423889
0.0014791603917122108
0.0014785896943700638
0.0014780096029628866
0.0014774196353941546
0.00147682017518149
0.0014762107050927918
0.0014755910901371413
0.0014749611873170316
0.0014743212923677485
0.0014736711397791702
0.0014730100810696344
0.0014723387031866356
0.0014716567183639835
0.001470963999131747
0.0014702602500111797
0.0014695459078213377
0.0014688203533168556
0.0014680833239887807
0.0014673349824654326
0.0014665755370832788
0.0014658044959909122
0.001465021288251781
0.0014642265212124837
0.0014634200063258739
0.0014626012325067563
0.0014617699801077343
0.001460927082075967
0.0014600716848853544
0.001459202980257864
0.001458321579761653
0.0014574279452838834
0.0014565211412740499
0.0014556008171158197
0.0014546674881418622
0.0014537211127860945
0.0014527606454457906
0.0014517862031585937
0.001450798585423363
0.0014497967480263582
0.001448779965945648
0.0014477490157292334
0.0014467042515522626
0.0014456443843859537
0.001444569079032151
0.0014434789064371638
0.0014423742666784948
0.0014412529864430853
0.0014401161743982781
0.001438964684988139
0.0014377969376731237
0.0014366123737859068
0.0014354118484708699
0.0014341958850361857
0.0014329624561706367
0.0014317118183853575
0.0014304447228054096
0.0014291612832225426
0.0014278590553190452
0.0014265393248231416
0.0014252031008022512
0.0014238482855347383
0.0014224745642177153
0.0014210827990979954
0.0014196738720653036
0.0014182443220689801
0.0014167956834158096
0.001415328732264882
0.0014138430225074288
0.0014123361090317623
0.0014108094157091234
0.0014092642131249805
0.001407697124488433
0.0014061117587149735
0.0014045122310897401
0.0014028992489509597
0.0014012690396449307
0.00139962342056817
0.001397962916833828
0.001396286905930278
0.0013945935050139653
0.0013928841594562469
0.0013911605775695664
0.0013894176963973653
0.0013876578241197519
0.0013858816960266715
0.0013840894299765386
0.0013822774695079036
0.0013804478032081006
0.0013786016448305136
0.001376736262813397
0.0013748513204095588
0.0013729481334411138
0.0013710278421056152
0.0013690852759255998
0.0013671230225823221
0.0013651421129691431
0.0013631415089758187
0.0013611185896781545
0.0013590751740103673
0.0013570124991394753
0.0013549266600486577
0.001352818300576761
0.0013506887402700586
0.0013485383723596629
0.001346362512796085
0.0013441636242517115
0.001341943298000394
0.0013396977196610395
0.00133742665507856
0.0013351317459479144
0.0013328136100399077
0.001330468308356364
0.0013280967876443234
0.0013257007945274325
0.0013232786970151422
0.0013208273512142555
0.0013183492534248856
0.0013158453049628494
0.0013133121354527016
0.0013107491207874887
0.001308158266005577
0.0013055388769653
0.001302887396296241
0.001300205415206036
0.001297494604593132
0.001294751675840634
0.0012919748616193121
0.0012891665803112706
0.0012863266016419394
0.001283451929603492
0.0012805419853564324
0.0012775996463732947
0.001274621464420211
0.0012716048156705914
0.001268552435361293
0.0012654645029713664
0.0012623381277763472
0.0012591713868804735
0.0012559676408169897
0.0012527236364477355
0.0012494386365177281
0.001246111748327668
0.0012427450810211212
0.0012393355390245778
0.0012358799581510239
0.001232381848522711
0.0012288391851016526
0.0012252504788650737
0.0012216134263455824
0.0012179315555553175
0.0012141995639832388
0.0012104181597839435
0.0012065865131195056
0.0012027048010182391
0.0011987711041537422
0.0011947812904036454
0.0011907405093720773
0.001186641675993937
0.0011824877969469306
0.0011782749786872172
0.001174005050999366
0.0011696744242173922
0.0011652814077383572
0.0011608282307328161
0.0011563088301373087
0.0011517265662871529
0.0011470752908935725
0.0011423590420023683
0.0011375713153691312
0.0011327140232077926
0.0011277839182260183
0.0011227795323458035
0.0011177015834863554
0.0011125422942283153
0.0011073075836607713
0.0011019886578589686
0.0010965898181132497
0.0010911039814433738
0.0010855322534107424
0.0010798706496121697
0.0010741187959443944
0.0010682751759561043
0.0010623309570204017
0.0010562929542245615
0.0010501500754376365
0.0010439061900917189
0.001037553584795881
0.0010310951880986479
0.0010245257167271124
0.0010178347729111034
0.0010110292556141545
0.0010041022415540712
0.000997050556988961
0.0009898656423991737
0.0009825533595869487
0.0009751011203048631
0.0009675059782123589
0.0009597653535786491
0.0009518777695594903
0.0009438342501592659
0.0009356241330779403
0.0009272532459334047
0.0009187094770534554
0.0009099858786471834
0.0009010755576607575
0.0008919793739181511
0.0008826828204557269
0.0008731712524672285
0.0008634492629646871
0.0008535070518816177
0.0008433279653412974
0.000832901048600961
0.0008222280719507377
0.000811286176856121
0.0008000539208614321
0.000788533624188881
0.0007767122753214602
0.0007645617673310802
0.0007520616097725148
0.0007392062696760349
0.0007259729791552206
0.0007123212070969979
0.0006982364431815945
0.0006836997424307209
0.0006686613300110365
0.000653078404785262
0.0006369280826920971
0.0006201647350517836
0.0006027107743579804
0.0005845096341672447
0.0005655016691301432
0.0005455947300502863
0.0005246457626113838
0.0005025604854389628
0.00047918213987158917
0.00045427067817592454
0.0004275580380827008
0.00039870617268070174
0.00036721156770522044
0.0003322239107146455
0.0002925693885068271
0.0002459979437431582
0.00018736033732711039
9.659138083040779e-5
0.0
0.0
0.0
0.0
0.0
0.0
0.0
0.0
0.0
0.0
0.0
0.0
0.0
0.0
0.0
0.0
0.0
0.0
0.0
0.0
0.0
0.0
0.0
0.0
0.0
0.0
0.0
0.0
0.0
0.0
0.0
0.0
0.0
0.0
0.0
0.0
0.0
0.0
0.0
0.0
0.0
0.0
0.0
0.0
0.0
0.0
0.0
0.0
0.0
0.0
0.0
0.0
0.0
0.0
0.0
0.0
0.0
0.0
0.0
0.0
0.0
0.0
0.0
0.0
0.0
0.0
0.0
0.0
0.0
0.0
0.0
0.0
0.0
0.0
0.0
0.0
0.0
0.0
0.0
0.0
0.0
0.0
0.0
0.0
0.0
0.0
0.0
0.0
0.0
0.0
0.0
0.0
0.0
0.0
0.0
0.0
0.0
0.0
0.0
0.0
0.0
0.0
0.0
0.0
0.0
0.0
0.0
0.0
0.0
0.0
0.0
0.0
0.0
0.0
0.0
0.0
0.0
0.0
0.0
0.0
0.0
0.0
0.0
0.0
0.0
0.0
0.0
0.0
0.0
0.0
0.0
0.0
0.0
0.0
0.0
0.0
0.0
0.0
0.0
0.0
0.0
0.0
0.0
0.0
0.0
0.0
0.0
0.0
0.0
0.0
0.0
0.0
0.0
0.0
0.0
0.0
0.0
0.0
0.0
0.0
0.0
0.0
0.0
0.0
0.0
0.0
0.0
0.0
0.0
0.0
0.0
0.0
0.0
0.0
0.0
0.0
0.0
0.0
0.0
0.0
0.0
0.0
0.0
0.0
0.0
0.0
0.0
0.0
0.0
0.0
0.0
0.0
0.0
0.0
0.0
0.0
0.0
0.0
0.0
0.0
0.0
0.0
0.0
0.0
0.0
0.0
0.0
0.0
0.0
0.0
0.0
0.0
0.0
0.0
0.0
0.0
0.0
0.0
0.0
0.0
0.0
0.0
0.0
0.0
0.0
0.0
0.0
0.0
0.0
0.0
0.0
0.0
0.0
0.0
0.0
0.0
0.0
0.0
0.0
0.0
0.0
0.0
0.0
0.0
0.0
0.0
0.0
0.0
0.0
0.0
0.0
0.0
0.0
0.0
0.0
0.0
0.0
0.0
0.0
0.0
0.0
0.0
0.0
0.0
0.0
0.0
0.0
0.0
0.0
0.0
0.0
0.0
0.0
0.0
0.0
0.0
0.0
0.0
0.0
0.0
0.0
0.0
0.0
0.0
0.0
0.0
0.0
0.0
0.0
0.0
0.0
0.0
0.0
0.0
0.0
0.0
0.0
0.0
0.0
0.0
0.0
0.0
0.0
0.0
0.0
0.0
0.0
0.0
0.0
0.0
0.0
0.0
0.0
0.0
0.0
0.0
0.0
0.0
0.0
0.0
0.0
0.0
0.0
0.0
0.0
0.0
0.0
0.0
0.0
0.0
0.0
0.0
0.0
0.0
0.0
0.0
0.0
0.0
0.0
0.0
0.0
0.0
0.0
0.0
0.0
0.0
0.0
0.0
0.0
0.0
0.0
0.0
0.0
0.0
0.0
0.0
0.0
0.0
0.0
0.0
0.0
0.0
0.0
0.0
0.0
0.0
0.0
0.0
0.0
0.0
0.0
0.0
0.0
0.0
0.0
0.0
0.0
0.0
0.0
0.0
0.0
0.0
0.0
0.0
0.0
0.0
0.0
0.0
0.0
0.0
0.0
0.0
0.0
0.0
0.0
0.0
0.0
0.0
0.0
0.0
0.0
0.0
0.0
0.0
0.0
0.0
0.0
0.0
0.0
0.0
0.0
0.0
0.0
0.0
0.0
0.0
0.0
0.0
0.0
0.0
0.0
0.0
0.0
0.0
0.0
0.0
0.0
0.0
0.0
0.0
0.0
0.0
0.0
0.0
0.0
0.0
0.0
0.0
0.0
0.0
0.0
0.0
0.0
0.0
0.0
0.0
0.0
0.0
0.0
0.0
0.0
0.0
0.0
0.0
0.0
0.0
0.0
0.0
0.0
0.0
0.0
0.0
0.0
0.0
0.0
0.0
0.0
0.0
0.0
0.0
0.0
0.0
0.0
0.0
0.0
0.0
0.0
0.0
0.0
0.0
0.0
0.0
0.0
0.0
0.0
0.0
0.0
0.0
0.0
0.0
0.0
0.0
0.0
0.0
0.0
0.0
0.0
0.0
0.0
0.0
0.0
0.0
0.0
0.0
0.0
0.0
0.0
0.0
0.0
0.0
0.0
0.0
0.0
0.0
0.0
0.0
0.0
0.0
0.0
0.0
0.0
0.0
0.0
0.0
0.0
0.0
0.0
0.0
0.0
0.0
0.0
0.0
0.0
0.0
0.0
0.0
0.0
0.0
0.0
0.0
0.0
0.0
0.0
0.0
0.0
0.0
0.0
0.0
0.0
0.0
0.0
0.0
0.0
0.0
0.0
0.0
0.0
0.0
0.0
0.0
0.0
0.0
0.0
0.0
0.0
0.0
0.0
0.0
0.0
0.0
0.0
0.0
0.0
0.0
0.0
0.0
0.0
0.0
0.0
0.0
0.0
0.0
0.0
0.0
0.0
0.0
0.0
0.0
0.0
0.0
0.0
0.0
0.0
0.0
0.0
0.0
0.0
0.0
0.0
0.0
0.0
0.0
0.0
0.0
0.0
0.0
0.0
0.0
0.0
0.0
0.0
0.0
0.0
0.0
0.0
0.0
0.0
0.0
0.0
0.0
0.0
0.0
0.0
0.0
0.0
0.0
0.0
0.0
0.0
0.0
0.0
0.0
0.0
0.0
0.0
0.0
0.0
0.0
0.0
0.0
0.0
0.0
0.0
0.0
0.0
0.0
0.0
0.0
0.0
0.0
0.0
0.0
0.0
0.0
0.0
0.0
0.0
0.0
0.0
0.0
0.0
0.0
0.0
0.0
0.0
0.0
0.0
0.0
0.0
0.0
0.0
0.0
0.0
0.0
0.0
0.0
0.0
0.0
0.0
0.0
0.0
0.0
0.0
0.0
0.0
0.0
0.0
0.0
0.0
0.0
0.0
0.0
0.0
0.0
0.0
0.0
0.0
0.0
0.0
0.0
0.0
0.0
0.0
0.0
0.0
0.0
0.0
0.0
0.0
0.0
0.0
0.0
0.0
0.0
0.0
0.0
0.0
0.0
0.0
0.0
0.0
0.0
0.0
0.0
0.0
0.0
0.0
0.0
0.0
0.0
0.0
0.0
0.0
0.0
0.0
0.0
0.0
0.0
0.0
0.0
0.0
0.0
0.0
0.0
0.0
0.0
0.0
0.0
0.0
0.0
0.0
0.0
0.0
0.0
0.0
0.0
0.0
0.0
0.0
0.0
0.0
0.0
0.0
0.0
0.0
0.0
0.0
0.0
0.0
0.0
0.0
0.0
0.0
0.0
0.0
0.0
0.0
0.0
0.0
0.0
0.0
0.0
0.0
0.0
0.0
0.0
0.0
0.0
0.0
0.0
0.0
0.0
0.0
0.0
0.0
0.0
0.0
0.0
0.0
0.0
0.0
0.0
0.0
0.0
0.0
0.0
0.0
0.0
0.0
0.0
0.0
0.0
0.0
0.0
0.0
0.0
0.0
0.0
0.0
0.0
0.0
0.0
0.0
0.0
0.0
0.0
0.0
0.0
0.0
0.0
0.0
0.0
0.0
0.0
0.0
0.0
0.0
0.0
0.0
0.0
0.0
0.0
0.0
0.0
0.0
0.0
0.0
0.0
0.0
0.0
0.0
0.0
0.0
0.0
0.0
0.0
0.0
0.0
0.0
0.0
0.0
0.0
0.0
0.0
0.0
0.0
0.0
0.0
0.0
0.0
0.0
0.0
0.0
0.0
0.0
0.0
0.0
0.0
0.0
0.0
0.0
0.0
0.0
0.0
0.0
0.0
0.0
0.0
0.0
0.0
0.0
0.0
0.0
0.0
0.0
0.0
0.0
0.0
0.0
0.0
0.0
0.0
0.0
0.0
0.0
0.0
0.0
0.0
0.0
0.0
0.0
0.0
0.0
0.0
0.0
0.0
0.0
0.0
0.0
0.0
0.0
0.0
0.0
0.0
0.0
0.0
0.0
0.0
0.0
0.0
0.0
0.0
0.0
0.0
0.0
0.0
0.0
0.0
0.0
0.0
0.0
0.0
0.0
0.0
0.0
0.0
0.0
0.0
0.0
0.0
0.0
0.0
0.0
0.0
0.0
0.0
0.0
0.0
0.0
0.0
0.0
0.0
0.0
0.0
0.0
0.0
0.0
0.0
0.0
0.0
0.0
0.0
0.0
0.0
0.0
0.0
0.0
0.0
0.0
0.0
0.0
0.0
0.0
0.0
0.0
0.0
0.0
0.0
0.0
0.0
0.0
0.0
0.0
0.0
0.0
0.0
0.0
0.0
0.0
0.0
0.0
0.0
0.0
0.0
0.0
0.0
0.0
0.0
0.0
0.0
0.0
0.0
0.0
0.0
0.0
0.0
0.0
0.0
0.0
0.0
0.0
0.0
0.0
0.0
0.0
0.0
0.0
0.0
0.0
0.0
0.0
0.0
0.0
0.0
0.0
0.0
0.0
0.0
0.0
0.0
0.0
0.0
0.0
0.0
0.0
0.0
0.0
0.0
0.0
0.0
0.0
0.0
0.0
0.0
0.0
0.0
0.0
0.0
0.0
0.0
0.0
0.0
0.0
0.0
0.0
0.0
0.0
0.0
0.0
0.0
0.0
0.0
0.0
0.0
0.0
0.0
0.0
0.0
0.0
0.0
0.0
0.0
0.0
0.0
0.0
0.0
0.0
0.0
0.0
0.0
0.0
0.0
0.0
0.0
0.0
0.0
0.0
0.0
0.0
0.0
0.0
0.0
0.0
0.0
0.0
0.0
0.0
0.0
0.0
0.0
0.0
0.0
0.0
0.0
0.0
0.0
0.0
0.0
0.0
0.0
0.0
0.0
0.0
0.0
0.0
0.0
0.0
0.0
0.0
0.0
0.0
0.0
0.0
0.0
0.0
0.0
0.0
0.0
0.0
0.0
0.0
0.0
0.0
0.0
0.0
0.0
0.0
0.0
0.0
0.0
0.0
0.0
0.0
0.0
0.0
0.0
0.0
0.0
0.0
0.0
0.0
0.0
0.0
0.0
0.0
0.0
0.0
0.0
0.0
0.0
0.0
0.0
0.0
0.0
0.0
0.0
0.0
0.0
0.0
0.0
0.0
0.0
0.0
0.0
0.0
0.0
0.0
0.0
0.0
0.0
0.0
0.0
0.0
0.0
0.0
0.0
0.0
0.0
0.0
0.0
0.0
0.0
0.0
0.0
0.0
0.0
0.0
0.0
0.0
0.0
0.0
0.0
0.0
0.0
0.0
0.0
0.0
0.0
0.0
0.0
0.0
0.0
0.0
0.0
0.0
0.0
0.0
0.0
0.0
0.0
0.0
0.0
0.0
0.0
0.0
0.0
0.0
0.0
0.0
0.0
0.0
0.0
0.0
0.0
0.0
0.0
0.0
0.0
0.0
0.0
0.0
0.0
0.0
0.0
0.0
0.0
0.0
0.0
0.0
0.0
0.0
0.0
0.0
0.0
0.0
0.0
0.0
0.0
0.0
0.0
0.0
0.0
0.0
0.0
0.0
0.0
0.0
0.0
0.0
0.0
0.0
0.0
0.0
0.0
0.0
0.0
0.0
0.0
0.0
0.0
0.0
0.0
0.0
0.0
0.0
0.0
0.0
0.0
0.0
0.0
0.0
0.0
0.0
0.0
0.0
0.0
0.0
0.0
0.0
0.0
0.0
0.0
0.0
0.0
0.0
0.0
0.0
0.0
0.0
0.0
0.0
0.0
0.0
0.0
0.0
0.0
0.0
0.0
0.0
0.0
0.0
0.0
0.0
0.0
0.0
0.0
0.0
0.0
0.0
0.0
0.0
0.0
0.0
0.0
0.0
0.0
0.0
0.0
0.0
0.0
0.0
0.0
0.0
0.0
0.0
0.0
0.0
0.0
0.0
0.0
0.0
0.0
0.0
0.0
0.0
0.0
0.0
0.0
0.0
0.0
0.0
0.0
0.0
0.0
0.0
0.0
0.0
0.0
0.0
0.0
0.0
0.0
0.0
0.0
0.0
0.0
0.0
0.0
0.0
0.0
0.0
0.0
0.0
0.0
0.0
0.0
0.0
0.0
0.0
0.0
0.0
0.0
0.0
0.0
0.0
0.0
0.0
0.0
0.0
0.0
0.0
0.0
0.0
0.0
0.0
0.0
0.0
0.0
0.0
0.0
0.0
0.0
0.0
0.0
0.0
0.0
0.0
0.0
0.0
0.0
0.0
0.0
0.0
0.0
0.0
0.0
0.0
0.0
0.0
0.0
0.0
0.0
0.0
0.0
0.0
0.0
0.0
0.0
0.0
0.0
0.0
0.0
0.0
0.0
0.0
0.0
0.0
0.0
0.0
0.0
0.0
0.0
0.0
0.0
0.0
0.0
0.0
0.0
0.0
0.0
0.0
0.0
0.0
0.0
0.0
0.0
0.0
0.0
0.0
0.0
0.0
0.0
0.0
0.0
0.0
0.0
0.0
0.0
0.0
0.0
0.0
0.0
0.0
0.0
0.0
0.0
0.0
0.0
0.0
0.0
0.0
0.0
0.0
0.0
0.0
0.0
0.0
0.0
0.0
0.0
0.0
0.0
0.0
0.0
0.0
0.0
0.0
0.0
0.0
0.0
0.0
0.0
0.0
0.0
0.0
0.0
0.0
0.0
0.0
0.0
0.0
0.0
0.0
0.0
0.0
0.0
0.0
0.0
0.0
0.0
0.0
0.0
0.0
0.0
0.0
0.0
0.0
0.0
0.0
0.0
0.0
0.0
0.0
0.0
0.0
0.0
0.0
0.0
0.0
0.0
0.0
0.0
0.0
0.0
0.0
0.0
0.0
0.0
0.0
0.0
0.0
0.0
0.0
0.0
0.0
0.0
0.0
0.0
0.0
0.0
0.0
0.0
0.0
0.0
0.0
0.0
0.0
0.0
0.0
0.0
0.0
0.0
0.0
0.0
0.0
0.0
0.0
0.0
0.0
0.0
0.0
0.0
0.0
0.0
0.0
0.0
0.0
0.0
0.0
0.0
0.0
0.0
0.0
0.0
0.0
0.0
0.0
0.0
0.0
0.0
0.0
0.0
0.0
0.0
0.0
0.0
0.0
0.0
0.0
0.0
0.0
0.0
0.0
0.0
0.0
0.0
0.0
0.0
0.0
0.0
0.0
0.0
0.0
0.0
0.0
0.0
0.0
0.0
0.0
0.0
0.0
0.0
0.0
0.0
0.0
0.0
0.0
0.0
0.0
0.0
0.0
0.0
0.0
0.0
0.0
0.0
0.0
0.0
0.0
0.0
0.0
0.0
0.0
0.0
0.0
0.0
0.0
0.0
0.0
0.0
0.0
0.0
0.0
0.0
0.0
0.0
0.0
0.0
0.0
0.0
0.0
0.0
0.0
0.0
0.0
0.0
0.0
0.0
0.0
0.0
0.0
0.0
0.0
0.0
0.0
0.0
0.0
0.0
0.0
0.0
0.0
0.0
0.0
0.0
0.0
0.0
0.0
0.0
0.0
0.0
0.0
0.0
0.0
0.0
0.0
0.0
0.0
0.0
0.0
0.0
0.0
0.0
0.0
0.0
0.0
0.0
0.0
0.0
0.0
0.0
0.0
0.0
0.0
0.0
0.0
0.0
0.0
0.0
0.0
0.0
0.0
0.0
0.0
0.0
0.0
0.0
0.0
0.0
0.0
0.0
0.0
0.0
0.0
0.0
0.0
0.0
0.0
0.0
0.0
0.0
0.0
0.0
0.0
0.0
0.0
0.0
0.0
0.0
0.0
0.0
0.0
0.0
0.0
0.0
0.0
0.0
0.0
0.0
0.0
0.0
0.0
0.0
0.0
0.0
0.0
0.0
0.0
0.0
0.0
0.0
0.0
0.0
0.0
0.0
0.0
0.0
0.0
0.0
0.0
0.0
0.0
0.0
0.0
0.0
0.0
0.0
0.0
0.0
0.0
0.0
0.0
0.0
0.0
0.0
0.0
0.0
0.0
0.0
0.0
0.0
0.0
0.0
0.0
0.0
0.0
0.0
0.0
0.0
0.0
0.0
0.0
0.0
0.0
0.0
0.0
0.0
0.0
0.0
0.0
0.0
0.0
0.0
0.0
0.0
0.0
0.0
0.0
0.0
0.0
0.0
0.0
0.0
0.0
0.0
0.0
0.0
0.0
0.0
0.0
0.0
0.0
0.0
0.0
0.0
0.0
0.0
0.0
0.0
0.0
0.0
0.0
0.0
0.0
0.0
0.0
0.0
0.0
0.0
0.0
0.0
0.0
0.0
0.0
0.0
0.0
0.0
0.0
0.0
0.0
0.0
0.0
0.0
0.0
0.0
0.0
0.0
0.0
0.0
0.0
0.0
0.0
0.0
0.0
0.0
0.0
0.0
0.0
0.0
0.0
0.0
0.0
0.0
0.0
0.0
0.0
0.0
0.0
0.0
0.0
0.0
0.0
0.0
0.0
0.0
0.0
0.0
0.0
0.0
0.0
0.0
0.0
0.0
0.0
0.0
0.0
0.0
0.0
0.0
0.0
0.0
0.0
0.0
0.0
0.0
0.0
0.0
0.0
0.0
0.0
0.0
0.0
0.0
0.0
0.0
0.0
0.0
0.0
0.0
0.0
0.0
0.0
0.0
0.0
0.0
0.0
0.0
0.0
0.0
0.0
0.0
0.0
0.0
0.0
0.0
0.0
0.0
0.0
0.0
0.0
0.0
0.0
0.0
0.0
0.0
0.0
0.0
0.0
0.0
0.0
0.0
0.0
0.0
0.0
0.0
0.0
0.0
0.0
0.0
0.0
0.0
0.0
0.0
0.0
0.0
0.0
0.0
0.0
0.0
0.0
0.0
0.0
0.0
0.0
0.0
0.0
0.0
0.0
0.0
0.0
0.0
0.0
0.0
0.0
0.0
0.0
0.0
0.0
0.0
0.0
0.0
0.0
0.0
0.0
0.0
0.0
0.0
0.0
0.0
0.0
0.0
0.0
0.0
0.0
0.0
0.0
0.0
0.0
0.0
0.0
0.0
0.0
0.0
0.0
0.0
0.0
0.0
0.0
0.0
0.0
0.0
0.0
0.0
0.0
0.0
0.0
0.0
0.0
0.0
0.0
0.0
0.0
0.0
0.0
0.0
0.0
0.0
0.0
0.0
0.0
0.0
0.0
0.0
0.0
0.0
0.0
0.0
0.0
0.0
0.0
0.0
0.0
0.0
0.0
0.0
0.0
0.0
0.0
0.0
0.0
0.0
0.0
0.0
0.0
0.0
0.0
0.0
0.0
0.0
0.0
0.0
0.0
0.0
0.0
0.0
0.0
0.0
0.0
0.0
0.0
0.0
0.0
0.0
0.0
0.0
0.0
0.0
0.0
0.0
0.0
0.0
0.0
0.0
0.0
0.0
0.0
0.0
0.0
0.0
0.0
0.0
0.0
0.0
0.0
0.0
0.0
0.0
0.0
0.0
0.0
0.0
0.0
0.0
0.0
0.0
0.0
0.0
0.0
0.0
0.0
0.0
0.0
0.0
0.0
0.0
0.0
0.0
0.0
0.0
0.0
0.0
0.0
0.0
0.0
0.0
0.0
0.0
0.0
0.0
0.0
0.0
0.0
0.0
0.0
0.0
0.0
0.0
0.0
0.0
0.0
0.0
0.0
0.0
0.0
0.0
0.0
0.0
0.0
0.0
0.0
0.0
0.0
0.0
0.0
0.0
0.0
0.0
0.0
0.0
0.0
0.0
0.0
0.0
0.0
0.0
0.0
0.0
0.0
0.0
0.0
0.0
0.0
0.0
0.0
0.0
0.0
0.0
0.0
0.0
0.0
0.0
0.0
0.0
0.0
0.0
0.0
0.0
0.0
0.0
0.0
0.0
0.0
0.0
0.0
0.0
0.0
0.0
0.0
0.0
0.0
0.0
0.0
0.0
0.0
0.0
0.0
0.0
0.0
0.0
0.0
0.0
0.0
0.0
0.0
0.0
0.0
0.0
0.0
0.0
0.0
0.0
0.0
0.0
0.0
0.0
0.0
0.0
0.0
0.0
0.0
0.0
0.0
0.0
0.0
0.0
0.0
0.0
0.0
0.0
0.0
0.0
0.0
0.0
0.0
0.0
0.0
0.0
0.0
0.0
0.0
0.0
0.0
0.0
0.0
0.0
0.0
0.0
0.0
0.0
0.0
0.0
0.0
0.0
0.0
0.0
0.0
0.0
0.0
0.0
0.0
0.0
0.0
0.0
0.0
0.0
0.0
0.0
0.0
0.0
0.0
0.0
0.0
0.0
0.0
0.0
0.0
0.0
0.0
0.0
0.0
0.0
0.0
0.0
0.0
0.0
0.0
0.0
0.0
0.0
0.0
0.0
0.0
0.0
0.0
0.0
0.0
0.0
0.0
0.0
0.0
0.0
0.0
0.0
0.0
0.0
0.0
0.0
0.0
0.0
0.0
0.0
0.0
0.0
0.0
0.0
0.0
0.0
0.0
0.0
0.0
0.0
0.0
0.0
0.0
0.0
0.0
0.0
0.0
0.0
0.0
0.0
0.0
0.0
0.0
0.0
0.0
0.0
0.0
0.0
0.0
0.0
0.0
0.0
0.0
0.0
0.0
0.0
0.0
0.0
0.0
0.0
0.0
0.0
0.0
0.0
0.0
0.0
0.0
0.0
0.0
0.0
0.0
0.0
0.0
0.0
0.0
0.0
0.0
0.0
0.0
0.0
0.0
0.0
0.0
0.0
0.0
0.0
0.0
0.0
0.0
0.0
0.0
0.0
0.0
0.0
0.0
0.0
0.0
0.0
0.0
0.0
0.0
0.0
0.0
0.0
0.0
0.0
0.0
0.0
0.0
0.0
0.0
0.0
0.0
0.0
0.0
0.0
0.0
0.0
0.0
0.0
0.0
0.0
0.0
0.0
0.0
0.0
0.0
0.0
0.0
0.0
0.0
0.0
0.0
0.0
0.0
0.0
0.0
0.0
0.0
0.0
0.0
0.0
0.0
0.0
0.0
0.0
0.0
0.0
0.0
0.0
0.0
0.0
0.0
0.0
0.0
0.0
0.0
0.0
0.0
0.0
0.0
0.0
0.0
0.0
0.0
0.0
0.0
0.0
0.0
0.0
0.0
0.0
0.0
0.0
0.0
0.0
0.0
0.0
0.0
0.0
0.0
0.0
0.0
0.0
0.0
0.0
0.0
0.0
0.0
0.0
0.0
0.0
0.0
0.0
0.0
0.0
0.0
0.0
0.0
0.0
0.0
0.0
0.0
0.0
0.0
0.0
0.0
0.0
0.0
0.0
0.0
0.0
0.0
0.0
0.0
0.0
0.0
0.0
0.0
0.0
0.0
0.0
0.0
0.0
0.0
0.0
0.0
0.0
0.0
0.0
0.0
0.0
0.0
0.0
0.0
0.0
0.0
0.0
0.0
0.0
0.0
0.0
0.0
0.0
0.0
0.0
0.0
0.0
0.0
0.0
0.0
0.0
0.0
0.0
0.0
0.0
0.0
0.0
0.0
0.0
0.0
0.0
0.0
0.0
0.0
0.0
0.0
0.0
0.0
0.0
0.0
0.0
0.0
0.0
0.0
0.0
0.0
0.0
0.0
0.0
0.0
0.0
0.0
0.0
0.0
0.0
0.0
0.0
0.0
0.0
0.0
0.0
0.0
0.0
0.0
0.0
0.0
0.0
0.0
0.0
0.0
0.0
0.0
0.0
0.0
0.0
0.0
0.0
0.0
0.0
0.0
0.0
0.0
0.0
0.0
0.0
0.0
0.0
0.0
0.0
0.0
0.0
0.0
0.0
0.0
0.0
0.0
0.0
0.0
0.0
0.0
0.0
0.0
0.0
0.0
0.0
0.0
0.0
0.0
0.0
0.0
0.0
0.0
0.0
0.0
0.0
0.0
0.0
0.0
0.0
0.0
0.0
0.0
0.0
0.0
0.0
0.0
0.0
0.0
0.0
0.0
0.0
0.0
0.0
0.0
0.0
0.0
0.0
0.0
0.0
0.0
0.0
0.0
0.0
0.0
0.0
0.0
0.0
0.0
0.0
0.0
0.0
0.0
0.0
0.0
0.0
0.0
0.0
0.0
0.0
0.0
0.0
0.0
0.0
0.0
0.0
0.0
0.0
0.0
0.0
0.0
0.0
0.0
0.0
0.0
0.0
0.0
0.0
0.0
0.0
0.0
0.0
0.0
0.0
0.0
0.0
0.0
0.0
0.0
0.0
0.0
0.0
0.0
0.0
0.0
0.0
0.0
0.0
0.0
0.0
0.0
0.0
0.0
0.0
0.0
0.0
0.0
0.0
0.0
0.0
0.0
0.0
0.0
0.0
0.0
0.0
0.0
0.0
0.0
0.0
0.0
0.0
0.0
0.0
0.0
0.0
0.0
0.0
0.0
0.0
0.0
0.0
0.0
0.0
0.0
0.0
0.0
0.0
0.0
0.0
0.0
0.0
0.0
0.0
0.0
0.0
0.0
0.0
0.0
0.0
0.0
0.0
0.0
0.0
0.0
0.0
0.0
0.0
0.0
0.0
0.0
0.0
0.0
0.0
0.0
0.0
0.0
0.0
0.0
0.0
0.0
