0.0003954402400281638
0.0003963027674832252
0.0003970394680807882
0.00039771014212714535
0.00039833731747922874
0.000398932717643489
0.0003995034262978694
0.0004000541548851734
0.00040058822499967434
0.000401108092610592
0.0004016156589403316
0.00040211243236298216
0.00040259961096603613
0.00040307819093773266
0.00040354902766641414
0.00040401164154413267
0.0004044677452796018
0.0004049173047824803
0.0004053613139147716
0.0004058004621366337
0.0004062351178270764
0.0004066655608596002
0.0004070920472473423
0.00040751481523565534
0.0004079340793858164
0.00040835003184775006
0.0004087628552962179
0.0004091727170575214
0.00040957976722778323
0.0004099841472281155
0.00041038597919787695
0.000410784947574157
0.0004111815154506013
0.0004115759270563269
0.00041196827826448385
0.0004123584490710626
0.00041274652874530266
0.00041313276211200586
0.0004135172854039961
0.0004139001720432835
0.00041428148922135257
0.00041466129353074087
0.0004150396472813637
0.00041541660693089475
0.0004157922216307051
0.000416166539635689
0.0004165396096928776
0.0004169114806940729
0.00041728190613793734
0.0004176511744501378
0.00041801937917275255
0.00041838657139882444
0.00041875277424513853
0.0004191180130355176
0.00041948229412875525
0.00041984553393586635
0.0004202078364162393
0.0004205693262493935
0.0004209300206329886
0.00042128995039396615
0.00042164915149812444
0.0004220076431123704
0.0004223654393617237
0.00042272256411773104
0.0004230790490611351
0.00042343491865323013
0.0004237899818183459
0.00042414444101597135
0.0004244983482583046
0.0004248517219344418
0.0004252045798515071
0.00042555693940066533
0.0004259088155625319
0.00042626022271775795
0.0004266111701569559
0.0004269616011648706
0.0004273115313849848
0.0004276610458818215
0.00042801016925157797
0.00042835892316098396
0.00042870731199667227
0.000429055357386857
0.00042940308953056023
0.00042975046838865686
0.00043009757012085737
0.00043044422222768855
0.00043079056840130184
0.00043113662507889347
0.0004314824478647789
0.0004318280025772519
0.00043217333025735266
0.00043251842505861657
0.00043286328882436326
0.00043320795942451836
0.0004335524273363572
0.0004338966964855564
0.00043424078496919746
0.0004345846398593319
0.00043492825042350795
0.00043527171164777867
0.0004356150121315778
0.00043595816999308327
0.00043630121640774323
0.0004366441522036957
0.00043698695982231824
0.00043732959074671015
0.0004376720443106367
0.00043801440669463573
0.00043835669728529427
0.00043869891629912035
0.00043904105683684425
0.0004393831302308472
0.000439725144791501
0.0004400671097553478
0.00044040902383550194
0.0004407508912831868
0.00044109272516049185
0.00044143453563146257
0.0004417763229630911
0.0004421180917050462
0.00044245982188764814
0.0004428014791505468
0.000443143113116123
0.00044348474962342053
0.00044382639340257227
0.0004441680480241381
0.00044450971576638843
0.00044485132451845455
0.0004451929519981605
0.000445534610172893
0.0004458762996316895
0.0004462180200256537
0.0004465597815614264
0.00044690160374693866
0.00044724349740790875
0.000447585450154727
0.0004479274528748714
0.00044826950161509516
0.00044861162979817647
0.00044895385553757534
0.0004492961544556695
0.0004496385193130244
0.00044998096597357803
0.00045032350799791395
0.00045066615420973023
0.00045100887126650645
0.0004513516499895414
0.00045169447692563347
0.00045203742882708503
0.00045238051947587
0.00045272367112281903
0.0004530668731324209
0.0004534102310581794
0.0004537536481004764
0.00045409724459355075
0.0004544409728490926
0.00045478479025583935
0.0004551287734327266
0.00045547288277403335
0.0004558171475768317
0.0004561615518807473
0.0004565060990566519
0.0004568508004938748
0.0004571956421644178
0.00045754064359191136
0.00045788579731786993
0.0004582311032788046
0.00045857658669933444
0.00045892220707523246
0.0004592680484768105
0.00045961400651309227
0.0004599601710388364
0.00046030647246285915
0.00046065294155739806
0.00046099953702142
0.00046134633003457135
0.0004616932577200398
0.0004620403470188621
0.00046238761988434874
0.00046273508085157373
0.00046308274148511763
0.0004634305736986671
0.00046377863482570446
0.00046412685873847246
0.00046447531758101406
0.00046482396200415
0.00046517281127687703
0.00046552187072353184
0.0004658711060422532
0.00046622057434865316
0.00046657027242261455
0.00046692016617436903
0.0004672702857507001
0.00046762060581026797
0.00046797113623016324
0.00046832192194672475
0.0004686728793808335
0.0004690240609551185
0.00046937554573785303
0.0004697271738095262
0.0004700790632207135
0.00047043119497379644
0.0004707834909230414
0.00047113605534109156
0.0004714887836880743
0.00047184166340321563
0.00047219486107203496
0.0004725482846204754
0.0004729019076089819
0.00047325578069881707
0.00047360994224442625
0.00047396431391904804
0.00047431891953057597
0.00047467380164321036
0.0004750289182138706
0.0004753842731180744
0.00047573987970183013
0.00047609574623702156
0.00047645186703172167
0.00047680823605327546
0.000477164862907235
0.00047752175283074995
0.0004778789025293108
0.0004782362945256886
0.0004785939360014147
0.00047895187147153066
0.00047931006419001224
0.0004796685003517268
0.00048002717685713994
0.0004803861622558535
0.0004807454333635128
0.00048110492755216875
0.000481464658782161
0.0004818246506275627
0.0004821850421348117
0.00048254558123067776
0.0004829062990073182
0.00048326726753286214
0.00048362860211431826
0.00048399020196448453
0.000484352035265245
0.000484714119211353
0.00048507649249292294
0.00048543918593617536
0.00048580216610332686
0.000486165392869145
0.0004865288728666558
0.0004868926490531658
0.00048725671718692843
0.000487621093147876
0.0004879857459745449
0.0004883506498252867
0.0004887158386721958
0.0004890813291560011
0.0004894470990031188
0.0004898131580229543
0.0004901795204537571
0.0004905461480466515
0.0004909130634240964
0.0004912802802278609
0.0004916477789467187
0.0004920155429177227
0.0004923835986596349
0.0004927519879177956
0.0004931206479143772
0.000493489614149934
0.0004938588744244559
0.0004942283986987029
0.000494598202917104
0.0004949682917505092
0.0004953386287782458
0.0004957093224060791
0.0004960803292688596
0.0004964515759845015
0.0004968230929486735
0.0004971948927668659
0.0004975669803253251
0.0004979393593242197
0.0004983120300279531
0.0004986849936228725
0.0004990583151015742
0.0004994319646007024
0.0004998058858798492
0.0005001800815578999
0.0005005545649514405
0.0005009293398573728
0.0005013044070179661
0.0005016797679393275
0.0005020554254514187
0.0005024313994005292
0.0005028076959995466
0.0005031842881097786
0.0005035611645806886
0.00050393835158066
0.0005043158589947195
0.0005046936533468677
0.0005050717360110583
0.0005054501130046454
0.0005058287864406985
0.000506207758409755
0.000506587030262691
0.0005069666105833902
0.0005073465123386529
0.0005077267245587686
0.0005081072183142597
0.000508488006505863
0.0005088690915430359
0.000509250474550027
0.0005096321562152224
0.0005100141221775174
0.0005103963717841426
0.0005107789209693384
0.0005111617698801761
0.0005115449184312176
0.0005119283613652749
0.0005123120820739492
0.0005126960994835152
0.0005130804167698782
0.000513465059388508
0.0005138499994133918
0.0005142352315824144
0.0005146207907780254
0.000515006647872024
0.0005153927913776363
0.0005157792270530372
0.0005161659573696281
0.0005165529828513684
0.0005169402987297193
0.0005173279117507793
0.0005177158208601063
0.0005181040256887001
0.0005184925261873417
0.0005188813218642253
0.0005192704123232254
0.0005196597974219842
0.0005200494767777636
0.0005204394498274005
0.0005208297170503328
0.0005212202767639567
0.0005216111281065498
0.0005220022694546919
0.0005223936967748998
0.0005227854094326786
0.0005231774236741276
0.0005235697443016772
0.0005239623565699777
0.0005243552592352406
0.0005247484512450391
0.0005251419320440428
0.0005255357010976049
0.0005259297577614641
0.0005263241012429233
0.0005267187309920886
0.0005271136474085187
0.0005275088490610056
0.0005279043262365296
0.0005283000699070579
0.0005286960962347938
0.0005290924043147504
0.0005294889931392615
0.0005298858618065349
0.0005302830107832017
0.0005306804371605748
0.0005310781382760248
0.0005314760939137035
0.0005318743166752197
0.0005322728015952787
0.0005326715560499503
0.0005330706022177134
0.000533469900241756
0.0005338695162488414
0.0005342694259080966
0.0005346696094666239
0.0005350700653865157
0.0005354707901579527
0.0005358717834286294
0.000536273044028427
0.0005366745698931369
0.0005370763596431801
0.000537478411749774
0.0005378807245838748
0.0005382832962221553
0.0005386861251627388
0.0005390892069616765
0.0005394925307618498
0.0005398960992214161
0.0005402999457347256
0.0005407040704586529
0.00054110843695164
0.0005415130610319806
0.0005419179621435988
0.0005423231288376078
0.0005427285428112802
0.0005431342020615844
0.0005435401041541795
0.0005439462467173549
0.0005443526237408508
0.0005447592210003029
0.0005451660458585038
0.0005455731795859524
0.0005459805479684026
0.0005463881480053179
0.0005467959731175779
0.0005472040090713174
0.0005476122779503375
0.0005480208345598515
0.0005484296150066682
0.0005488386135489583
0.000549247815884997
0.0005496572329167812
0.0005500669586417537
0.0005504769094975537
0.0005508870641899182
0.0005512974333904675
0.0005517080177549208
0.0005521187899506613
0.0005525297345461733
0.0005529409609762658
0.0005533523596888063
0.0005537640197010212
0.0005541759259472575
0.0005545880404152924
0.000555000354878155
0.0005554128610711561
0.0005558255456882546
0.000556238410913519
0.0005566514318239775
0.000557064586658046
0.0005574780674157473
0.0005578917919941797
0.0005583057047927524
0.0005587198006579313
0.000559134075050014
0.0005595485225499532
0.0005599631343666367
0.0005603778881395171
0.0005607927711187686
0.0005612079147713769
0.0005616233109686326
0.0005620388836964553
0.0005624546197282042
0.0005628705147887061
0.0005632865592519007
0.0005637027304943433
0.0005641190418046177
0.0005645355358946005
0.00056495223619453
0.0005653691347746253
0.0005657861970829672
0.0005662033979793774
0.0005666207270969414
0.0005670381566371925
0.0005674557344246347
0.000567873507592555
0.0005682914025897996
0.0005687094801285446
0.0005691277218222152
0.0005695460782817541
0.0005699645163442797
0.0005703830589240049
0.0005708018283544201
0.0005712206931126075
0.0005716396522766
0.000572058758641271
0.0005724780103946904
0.00057289731144052
0.0005733166809926983
0.0005737362745932799
0.0005741559512181926
0.0005745756942121433
0.0005749955269957757
0.0005754154966991034
0.0005758355503637559
0.0005762556676838482
0.000576675980377837
0.0005770963597794454
0.0005775167891999615
0.0005779372626051468
0.0005783578241380962
0.0005787784327433689
0.0005791992462624548
0.0005796201348436159
0.0005800410703127707
0.0005804620254552215
0.0005808829790747804
0.0005813039910109899
0.0005817251096287125
0.0005821463764610489
0.0005825676784805816
0.0005829889999266992
0.0005834103110268331
0.0005838315595601552
0.0005842529333431875
0.0005846744625768893
0.0005850960208839868
0.0005855175829515344
0.0005859391317863991
0.0005863606250238067
0.0005867820804817298
0.0005872037389306123
0.0005876254349020581
0.0005880471044938905
0.0005884687413041125
0.0005888903089543903
0.0005893117865099058
0.0005897334333331731
0.000590155127580794
0.0005905767849452007
0.0005909983872423147
0.0005914198792226678
0.000591841289981088
0.0005922628091446264
0.0005926843620136865
0.0005931058581374069
0.0005935272727017754
0.000593948541006933
0.0005943697702061295
0.0005947910566908827
0.0005952123388394945
0.0005956335421968535
0.0005960546244705954
0.0005964755883096198
0.0005968964846071739
0.0005973173742789933
0.0005977382344952281
0.0005981589908983035
0.0005985795671781978
0.000599000069148145
0.0005994205184035371
0.0005998408677227999
0.0006002611485522197
0.0006006812814230194
0.0006011012646150615
0.000601521154683952
0.0006019409342036052
0.0006023606026055506
0.000602780149832396
0.0006031995153103593
0.0006036187499729798
0.0006040378702642572
0.0006044567993476924
0.0006048756104062999
0.0006052942355582655
0.0006057126807195757
0.0006061310368614842
0.0006065491622073057
0.0006069670859308564
0.0006073848107490252
0.0006078023448247525
0.0006082197925923184
0.0006086369781361115
0.0006090538995970943
0.0006094705941758896
0.0006098870804701889
0.0006103034844684249
0.0006107196016267117
0.0006111354008855759
0.0006115509395054075
0.0006119662533673074
0.0006123814901290134
0.0006127964292373187
0.000613211058028537
0.0006136253554304077
0.0006140393455537081
0.0006144532782001995
0.0006148668820621324
0.0006152801315082192
0.0006156929936849697
0.000616105498980646
0.0006165179520938953
0.0006169300471245769
0.0006173417564560158
0.0006177530410358623
0.0006181639226069141
0.0006185747366820855
0.0006189851628425841
0.0006193951711832979
0.0006198047131253109
0.000620213824911169
0.0006206228370651692
0.0006210314263663724
0.0006214395640048475
0.0006218471848603485
0.0006222543808870894
0.00062266142000553
0.0006230679950505841
0.0006234740753051006
0.0006238795437078583
0.0006242847056513698
0.0006246895788499928
0.0006250939560416395
0.0006254977967281624
0.0006259010043408232
0.0006263039076077515
0.0006267064363724922
0.0006271084095425899
0.0006275097607354527
0.000627910517679851
0.00062831089598567
0.0006287108361229734
0.0006291101968347415
0.0006295088293647961
0.0006299070272992118
0.0006303047640008641
0.0006307019624751427
0.0006310985221071514
0.0006314943846823514
0.0006318896872851607
0.0006322845538010071
0.0006326787978939034
0.0006330723039295801
0.0006334652035177421
0.0006338574524586491
0.0006342491661385657
0.0006346401991113488
0.0006350304587104864
0.0006354201080489885
0.0006358090990158302
0.0006361974467750054
0.0006365850085299097
0.0006369718918688421
0.0006373580093767541
0.0006377435008562735
0.0006381282356817878
0.0006385121323387282
0.000638895326949763
0.000639277726022842
0.0006396593892290933
0.0006400401759049755
0.0006404202556160901
0.0006407994992198784
0.0006411779244206718
0.0006415555215479822
0.0006419322510240105
0.000642308169813661
0.0006426831778010972
0.0006430573276416281
0.000643430555324696
0.000643802954834112
0.0006441744347193711
0.000644544970276148
0.000644914520510579
0.0006452832142803183
0.0006456509960792257
0.0006460177203284532
0.0006463834452597853
0.0006467481998087496
0.0006471120054000909
0.0006474747547357888
0.0006478364237031368
0.0006481970326319106
0.0006485566642100905
0.0006489152557955336
0.0006492726737112724
0.000649628917645141
0.0006499841633531413
0.0006503383665688789
0.0006506913261717152
0.0006510430745286511
0.0006513937485283331
0.0006517433219816574
0.0006520916809239783
0.0006524387588419678
0.0006527845991385272
0.0006531292985477648
0.0006534727821375011
0.0006538148951219603
0.0006541556596942491
0.0006544952282006605
0.000654833566647195
0.0006551704675194795
0.0006555059223232164
0.0006558401156710896
0.0006561730532120659
0.0006565045178210961
0.0006568344431965236
0.0006571629703166589
0.0006574902164764853
0.0006578159610857021
0.000658140098056333
0.0006584627174315182
0.0006587839873927652
0.0006591037292068135
0.0006594218097229734
0.0006597382588071597
0.0006600532506543285
0.0006603666993052887
0.0006606783784270406
0.0006609883062590525
0.000661296681313497
0.0006616034741403418
0.0006619084865412812
0.0006622116861269148
0.0006625131795083237
0.0006628130295750505
0.0006631110626883627
0.000663407198946445
0.0006637015114865255
0.0006639941115568021
0.0006642848202686375
0.0006645735468364306
0.0006648603388223543
0.0006651453387133178
0.0006654283915113887
0.0006657093728502215
0.0006659883065169086
0.0006662653384205652
0.0006665403491379158
0.000666813197386845
0.000667083896663611
0.0006673526205002622
0.0006676192396322512
0.0006678836106195057
0.0006681457336054962
0.0006684057633571922
0.0006686635812774959
0.0006689190785385453
0.0006691722328193612
0.0006694231883878581
0.0006696718210574026
0.000669918049498179
0.0006701618312079062
0.0006704032758313084
0.0006706422825886974
0.0006708787855736338
0.0006711127287749053
0.0006713442153075037
0.0006715731436831053
0.000671799473623801
0.0006720231427766256
0.0006722442257023991
0.0006724626301027939
0.000672678324491552
0.0006728912467117039
0.0006731014814520162
0.0006733089061559329
0.0006735134958441811
0.0006737152140302648
0.000673914101896511
0.00067411004857751
0.0006743030409869725
0.0006744930202952414
0.0006746799971747566
0.00067486389076998
0.0006750446966037773
0.0006752223666283166
0.000675396879372812
0.0006755681659846667
0.0006757362167005204
0.0006759010103320805
0.0006760624848533928
0.0006762205772418397
0.0006763752680118204
0.0006765266050784064
0.0006766744326149531
0.0006768187244298564
0.0006769594605731661
0.0006770966826293243
0.000677230162199633
0.0006773599358880941
0.0006774859959873999
0.0006776083627247399
0.0006777268908256435
0.0006778415506249432
0.0006779523339588318
0.000678059232379657
0.0006781621171665593
0.000678260943235667
0.0006783557174731185
0.0006784464070762373
0.0006785328961121915
0.0006786151278571983
0.0006786931234732244
0.0006787668271886865
0.0006788361464521085
0.0006789010376669537
0.0006789615001536913
0.0006790174539266853
0.0006790688208103446
0.0006791155493530407
0.0006791576802432041
0.0006791950692443794
0.0006792276614200844
0.000679255410305044
0.0006792782807312284
0.0006792961841330396
0.0006793090709194741
0.0006793168975007772
0.0006793195998883638
0.0006793171099294757
0.0006793093763456911
0.0006792963282307195
0.0006792778963575309
0.0006792540311817863
0.0006792247226597421
0.0006791898316528107
0.0006791492943015622
0.0006791030441194184
0.000679051125172356
0.0006789933197234935
0.0006789296138727298
0.0006788599553228792
0.0006787843035249711
0.0006787024306317366
0.0006786143747386631
0.0006785200878423065
0.0006784195008199831
0.0006783123815654905
0.0006781987825265638
0.0006780786649460678
0.0006779519028335841
0.0006778182962099868
0.000677677899108867
0.0006775307023316722
0.0006773764351224145
0.0006772150045710663
0.0006770463892194244
0.0006768706739776997
0.0006766874202556953
0.0006764967261052084
0.0006762985843075857
0.000676092977034444
0.0006758793964707965
0.0006756580248068634
0.0006754288330253724
0.0006751917099824528
0.0006749462482335657
0.0006746926268041823
0.000674430897935922
0.0006741606439081333
0.0006738817241486248
0.0006735942645345729
0.0006732982927728396
0.0006729932927685463
0.0006726792186892865
0.000672356169911191
0.0006720241174095958
0.0006716825238468455
0.0006713314453574421
0.0006709709909739969
0.0006706009988425062
0.0006702208378632704
0.0006698308080124879
0.0006694310176837749
0.0006690209244391438
0.0006686003001237141
0.000668169322352379
0.0006677279662174312
0.0006672757410947566
0.0006668124712715876
0.0006663383765527142
0.0006658532536721729
0.0006653566446740699
0.0006648484255516979
0.0006643289469134325
0.000663797492520211
0.0006632539237506912
0.0006626982572920361
0.0006621306304381661
0.000661550494862212
0.0006609573839585434
0.0006603516564914349
0.0006597331610630197
0.0006591014678549711
0.0006584560907794486
0.000657797542557772
0.000657125060799264
0.0006564387235063586
0.0006557381263732632
0.0006550235959151584
0.0006542943214577606
0.0006535502049696175
0.0006527911950265608
0.0006520172603950564
0.0006512280504787373
0.000650422809838256
0.0006496022264092079
0.0006487653111506873
0.0006479123475057136
0.0006470425509018168
0.0006461564023760203
0.0006452529380475257
0.0006443323496429469
0.0006433941098033524
0.000642438262020476
0.0006414643517753942
0.0006404719040980184
0.0006394612771867968
0.0006384311893612644
0.0006373824101487363
0.0006363136623927007
0.0006352255069749849
0.0006341168759209933
0.0006329882293249436
0.0006318386089938342
0.0006306679918056076
0.0006294758426702979
0.0006282620645036095
0.0006270264582837815
0.0006257675696092635
0.0006244865630985041
0.0006231817061351968
0.0006218536117555139
0.0006205010094555916
0.0006191246053172954
0.0006177230328178792
0.0006162960192776447
0.0006148431258396591
0.0006133645274335622
0.0006118594612864645
0.0006103263160226658
0.0006087661706891598
0.0006071780193187479
0.0006055613235242509
0.0006039149769304793
0.0006022399478840505
0.0006005344839771646
0.0005987976746417092
0.0005970296093573884
0.0005952304798541741
0.0005933988088048646
0.0005915329076860319
0.0005896338803277142
0.0005877009327028132
0.0005857324715222582
0.0005837275734947361
0.0005816875530515606
0.000579610233782977
0.0005774932693774978
0.0005753378479616437
0.0005731441742744296
0.0005709096623004106
0.0005686326632434209
0.0005663142363020908
0.0005639537319578685
0.0005615479599413296
0.0005590965963647704
0.0005566010269617526
0.0005540579597991184
0.0005514648470394212
0.0005488229320213873
0.0005461323834266777
0.0005433890926343012
0.0005405915273131342
0.000537740644307474
0.0005348363339941303
0.0005318716438881753
0.000528848527760221
0.0005257680980499057
0.0005226250846680345
0.0005194167904123669
0.0005161442842233098
0.0005128077248041782
0.0005094001799942201
0.000505920890102473
0.0005023704068403896
0.0004987474709124158
0.0004950434533101634
0.0004912601569958832
0.0004873985391917091
0.0004834502203411283
0.00047941242190168337
0.00047528548307839466
0.00047106977818250575
0.00046675171768417907
0.00046233337775925616
0.00045781375244046123
0.00045318870763274053
0.00044844724139661264
0.00044359008677209054
0.00043861742021841213
0.00043351411175484173
0.00042827771663586623
0.0004229061502688205
0.0004173963847663461
0.00041172943403456957
0.0004059050835256483
0.00039991904420067837
0.00039376021615212094
0.00038741276323946226
0.00038087276515499913
0.00037413642331956154
0.0003671722729545161
0.00035997616612397484
0.0003525366682869382
0.0003448382212246924
0.0003368468594672032
0.00032854986761697363
0.0003199288202976107
0.0003109430433258783
0.0003015572097798733
0.00029173928586918846
0.00028145014278363646
0.0002706067458672435
0.00025915358903827516
0.0002470109679507788
0.00023406474886097383
0.00022015246681381996
0.00020509175302287403
0.0001886170020732104
0.00017028092161701857
0.00014940463244911606
0.00012473327499008395
9.330615680287978e-5
4.1818143008984556e-5
0.0
0.0
0.0
0.0
0.0
0.0
0.0
0.0
0.0
0.0
0.0
0.0
0.0
0.0
0.0
0.0
0.0
0.0
0.0
0.0
0.0
0.0
0.0
0.0
0.0
0.0
0.0
0.0
0.0
0.0
0.0
0.0
0.0
0.0
0.0
0.0
0.0
0.0
0.0
0.0
0.0
0.0
0.0
0.0
0.0
0.0
0.0
0.0
0.0
0.0
0.0
0.0
0.0
0.0
0.0
0.0
0.0
0.0
0.0
0.0
0.0
0.0
0.0
0.0
0.0
0.0
0.0
0.0
0.0
0.0
0.0
0.0
0.0
0.0
0.0
0.0
0.0
0.0
0.0
0.0
0.0
0.0
0.0
0.0
0.0
0.0
0.0
0.0
0.0
0.0
0.0
0.0
0.0
0.0
0.0
0.0
0.0
0.0
0.0
0.0
0.0
0.0
0.0
0.0
0.0
0.0
0.0
0.0
0.0
0.0
0.0
0.0
0.0
0.0
0.0
0.0
0.0
0.0
0.0
0.0
0.0
0.0
0.0
0.0
0.0
0.0
0.0
0.0
0.0
0.0
0.0
0.0
0.0
0.0
0.0
0.0
0.0
0.0
0.0
0.0
0.0
0.0
0.0
0.0
0.0
0.0
0.0
0.0
0.0
0.0
0.0
0.0
0.0
0.0
0.0
0.0
0.0
0.0
0.0
0.0
0.0
0.0
0.0
0.0
0.0
0.0
0.0
0.0
0.0
0.0
0.0
0.0
0.0
0.0
0.0
0.0
0.0
0.0
0.0
0.0
0.0
0.0
0.0
0.0
0.0
0.0
0.0
0.0
0.0
0.0
0.0
0.0
0.0
0.0
0.0
0.0
0.0
0.0
0.0
0.0
0.0
0.0
0.0
0.0
0.0
0.0
0.0
0.0
0.0
0.0
0.0
0.0
0.0
0.0
0.0
0.0
0.0
0.0
0.0
0.0
0.0
0.0
0.0
0.0
0.0
0.0
0.0
0.0
0.0
0.0
0.0
0.0
0.0
0.0
0.0
0.0
0.0
0.0
0.0
0.0
0.0
0.0
0.0
0.0
0.0
0.0
0.0
0.0
0.0
0.0
0.0
0.0
0.0
0.0
0.0
0.0
0.0
0.0
0.0
0.0
0.0
0.0
0.0
0.0
0.0
0.0
0.0
0.0
0.0
0.0
0.0
0.0
0.0
0.0
0.0
0.0
0.0
0.0
0.0
0.0
0.0
0.0
0.0
0.0
0.0
0.0
0.0
0.0
0.0
0.0
0.0
0.0
0.0
0.0
0.0
0.0
0.0
0.0
0.0
0.0
0.0
0.0
0.0
0.0
0.0
0.0
0.0
0.0
0.0
0.0
0.0
0.0
0.0
0.0
0.0
0.0
0.0
0.0
0.0
0.0
0.0
0.0
0.0
0.0
0.0
0.0
0.0
0.0
0.0
0.0
0.0
0.0
0.0
0.0
0.0
0.0
0.0
0.0
0.0
0.0
0.0
0.0
0.0
0.0
0.0
0.0
0.0
0.0
0.0
0.0
0.0
0.0
0.0
0.0
0.0
0.0
0.0
0.0
0.0
0.0
0.0
0.0
0.0
0.0
0.0
0.0
0.0
0.0
0.0
0.0
0.0
0.0
0.0
0.0
0.0
0.0
0.0
0.0
0.0
0.0
0.0
0.0
0.0
0.0
0.0
0.0
0.0
0.0
0.0
0.0
0.0
0.0
0.0
0.0
0.0
0.0
0.0
0.0
0.0
0.0
0.0
0.0
0.0
0.0
0.0
0.0
0.0
0.0
0.0
0.0
0.0
0.0
0.0
0.0
0.0
0.0
0.0
0.0
0.0
0.0
0.0
0.0
0.0
0.0
0.0
0.0
0.0
0.0
0.0
0.0
0.0
0.0
0.0
0.0
0.0
0.0
0.0
0.0
0.0
0.0
0.0
0.0
0.0
0.0
0.0
0.0
0.0
0.0
0.0
0.0
0.0
0.0
0.0
0.0
0.0
0.0
0.0
0.0
0.0
0.0
0.0
0.0
0.0
0.0
0.0
0.0
0.0
0.0
0.0
0.0
0.0
0.0
0.0
0.0
0.0
0.0
0.0
0.0
0.0
0.0
0.0
0.0
0.0
0.0
0.0
0.0
0.0
0.0
0.0
0.0
0.0
0.0
0.0
0.0
0.0
0.0
0.0
0.0
0.0
0.0
0.0
0.0
0.0
0.0
0.0
0.0
0.0
0.0
0.0
0.0
0.0
0.0
0.0
0.0
0.0
0.0
0.0
0.0
0.0
0.0
0.0
0.0
0.0
0.0
0.0
0.0
0.0
0.0
0.0
0.0
0.0
0.0
0.0
0.0
0.0
0.0
0.0
0.0
0.0
0.0
0.0
0.0
0.0
0.0
0.0
0.0
0.0
0.0
0.0
0.0
0.0
0.0
0.0
0.0
0.0
0.0
0.0
0.0
0.0
0.0
0.0
0.0
0.0
0.0
0.0
0.0
0.0
0.0
0.0
0.0
0.0
0.0
0.0
0.0
0.0
0.0
0.0
0.0
0.0
0.0
0.0
0.0
0.0
0.0
0.0
0.0
0.0
0.0
0.0
0.0
0.0
0.0
0.0
0.0
0.0
0.0
0.0
0.0
0.0
0.0
0.0
0.0
0.0
0.0
0.0
0.0
0.0
0.0
0.0
0.0
0.0
0.0
0.0
0.0
0.0
0.0
0.0
0.0
0.0
0.0
0.0
0.0
0.0
0.0
0.0
0.0
0.0
0.0
0.0
0.0
0.0
0.0
0.0
0.0
0.0
0.0
0.0
0.0
0.0
0.0
0.0
0.0
0.0
0.0
0.0
0.0
0.0
0.0
0.0
0.0
0.0
0.0
0.0
0.0
0.0
0.0
0.0
0.0
0.0
0.0
0.0
0.0
0.0
0.0
0.0
0.0
0.0
0.0
0.0
0.0
0.0
0.0
0.0
0.0
0.0
0.0
0.0
0.0
0.0
0.0
0.0
0.0
0.0
0.0
0.0
0.0
0.0
0.0
0.0
0.0
0.0
0.0
0.0
0.0
0.0
0.0
0.0
0.0
0.0
0.0
0.0
0.0
0.0
0.0
0.0
0.0
0.0
0.0
0.0
0.0
0.0
0.0
0.0
0.0
0.0
0.0
0.0
0.0
0.0
0.0
0.0
0.0
0.0
0.0
0.0
0.0
0.0
0.0
0.0
0.0
0.0
0.0
0.0
0.0
0.0
0.0
0.0
0.0
0.0
0.0
0.0
0.0
0.0
0.0
0.0
0.0
0.0
0.0
0.0
0.0
0.0
0.0
0.0
0.0
0.0
0.0
0.0
0.0
0.0
0.0
0.0
0.0
0.0
0.0
0.0
0.0
0.0
0.0
0.0
0.0
0.0
0.0
0.0
0.0
0.0
0.0
0.0
0.0
0.0
0.0
0.0
0.0
0.0
0.0
0.0
0.0
0.0
0.0
0.0
0.0
0.0
0.0
0.0
0.0
0.0
0.0
0.0
0.0
0.0
0.0
0.0
0.0
0.0
0.0
0.0
0.0
0.0
0.0
0.0
0.0
0.0
0.0
0.0
0.0
0.0
0.0
0.0
0.0
0.0
0.0
0.0
0.0
0.0
0.0
0.0
0.0
0.0
0.0
0.0
0.0
0.0
0.0
0.0
0.0
0.0
0.0
0.0
0.0
0.0
0.0
0.0
0.0
0.0
0.0
0.0
0.0
0.0
0.0
0.0
0.0
0.0
0.0
0.0
0.0
0.0
0.0
0.0
0.0
0.0
0.0
0.0
0.0
0.0
0.0
0.0
0.0
0.0
0.0
0.0
0.0
0.0
0.0
0.0
0.0
0.0
0.0
0.0
0.0
0.0
0.0
0.0
0.0
0.0
0.0
0.0
0.0
0.0
0.0
0.0
0.0
0.0
0.0
0.0
0.0
0.0
0.0
0.0
0.0
0.0
0.0
0.0
0.0
0.0
0.0
0.0
0.0
0.0
0.0
0.0
0.0
0.0
0.0
0.0
0.0
0.0
0.0
0.0
0.0
0.0
0.0
0.0
0.0
0.0
0.0
0.0
0.0
0.0
0.0
0.0
0.0
0.0
0.0
0.0
0.0
0.0
0.0
0.0
0.0
0.0
0.0
0.0
0.0
0.0
0.0
0.0
0.0
0.0
0.0
0.0
0.0
0.0
0.0
0.0
0.0
0.0
0.0
0.0
0.0
0.0
0.0
0.0
0.0
0.0
0.0
0.0
0.0
0.0
0.0
0.0
0.0
0.0
0.0
0.0
0.0
0.0
0.0
0.0
0.0
0.0
0.0
0.0
0.0
0.0
0.0
0.0
0.0
0.0
0.0
0.0
0.0
0.0
0.0
0.0
0.0
0.0
0.0
0.0
0.0
0.0
0.0
0.0
0.0
0.0
0.0
0.0
0.0
0.0
0.0
0.0
0.0
0.0
0.0
0.0
0.0
0.0
0.0
0.0
0.0
0.0
0.0
0.0
0.0
0.0
0.0
0.0
0.0
0.0
0.0
0.0
0.0
0.0
0.0
0.0
0.0
0.0
0.0
0.0
0.0
0.0
0.0
0.0
0.0
0.0
0.0
0.0
0.0
0.0
0.0
0.0
0.0
0.0
0.0
0.0
0.0
0.0
0.0
0.0
0.0
0.0
0.0
0.0
0.0
0.0
0.0
0.0
0.0
0.0
0.0
0.0
0.0
0.0
0.0
0.0
0.0
0.0
0.0
0.0
0.0
0.0
0.0
0.0
0.0
0.0
0.0
0.0
0.0
0.0
0.0
0.0
0.0
0.0
0.0
0.0
0.0
0.0
0.0
0.0
0.0
0.0
0.0
0.0
0.0
0.0
0.0
0.0
0.0
0.0
0.0
0.0
0.0
0.0
0.0
0.0
0.0
0.0
0.0
0.0
0.0
0.0
0.0
0.0
0.0
0.0
0.0
0.0
0.0
0.0
0.0
0.0
0.0
0.0
0.0
0.0
0.0
0.0
0.0
0.0
0.0
0.0
0.0
0.0
0.0
0.0
0.0
0.0
0.0
0.0
0.0
0.0
0.0
0.0
0.0
0.0
0.0
0.0
0.0
0.0
0.0
0.0
0.0
0.0
0.0
0.0
0.0
0.0
0.0
0.0
0.0
0.0
0.0
0.0
0.0
0.0
0.0
0.0
0.0
0.0
0.0
0.0
0.0
0.0
0.0
0.0
0.0
0.0
0.0
0.0
0.0
0.0
0.0
0.0
0.0
0.0
0.0
0.0
0.0
0.0
0.0
0.0
0.0
0.0
0.0
0.0
0.0
0.0
0.0
0.0
0.0
0.0
0.0
0.0
0.0
0.0
0.0
0.0
0.0
0.0
0.0
0.0
0.0
0.0
0.0
0.0
0.0
0.0
0.0
0.0
0.0
0.0
0.0
0.0
0.0
0.0
0.0
0.0
0.0
0.0
0.0
0.0
0.0
0.0
0.0
0.0
0.0
0.0
0.0
0.0
0.0
0.0
0.0
0.0
0.0
0.0
0.0
0.0
0.0
0.0
0.0
0.0
0.0
0.0
0.0
0.0
0.0
0.0
0.0
0.0
0.0
0.0
0.0
0.0
0.0
0.0
0.0
0.0
0.0
0.0
0.0
0.0
0.0
0.0
0.0
0.0
0.0
0.0
0.0
0.0
0.0
0.0
0.0
0.0
0.0
0.0
0.0
0.0
0.0
0.0
0.0
0.0
0.0
0.0
0.0
0.0
0.0
0.0
0.0
0.0
0.0
0.0
0.0
0.0
0.0
0.0
0.0
0.0
0.0
0.0
0.0
0.0
0.0
0.0
0.0
0.0
0.0
0.0
0.0
0.0
0.0
0.0
0.0
0.0
0.0
0.0
0.0
0.0
0.0
0.0
0.0
0.0
0.0
0.0
0.0
0.0
0.0
0.0
0.0
0.0
0.0
0.0
0.0
0.0
0.0
0.0
0.0
0.0
0.0
0.0
0.0
0.0
0.0
0.0
0.0
0.0
0.0
0.0
0.0
0.0
0.0
0.0
0.0
0.0
0.0
0.0
0.0
0.0
0.0
0.0
0.0
0.0
0.0
0.0
0.0
0.0
0.0
0.0
0.0
0.0
0.0
0.0
0.0
0.0
0.0
0.0
0.0
0.0
0.0
0.0
0.0
0.0
0.0
0.0
0.0
0.0
0.0
0.0
0.0
0.0
0.0
0.0
0.0
0.0
0.0
0.0
0.0
0.0
0.0
0.0
0.0
0.0
0.0
0.0
0.0
0.0
0.0
0.0
0.0
0.0
0.0
0.0
0.0
0.0
0.0
0.0
0.0
0.0
0.0
0.0
0.0
0.0
0.0
0.0
0.0
0.0
0.0
0.0
0.0
0.0
0.0
0.0
0.0
0.0
0.0
0.0
0.0
0.0
0.0
0.0
0.0
0.0
0.0
0.0
0.0
0.0
0.0
0.0
0.0
0.0
0.0
0.0
0.0
0.0
0.0
0.0
0.0
0.0
0.0
0.0
0.0
0.0
0.0
0.0
0.0
0.0
0.0
0.0
0.0
0.0
0.0
0.0
0.0
0.0
0.0
0.0
0.0
0.0
0.0
0.0
0.0
0.0
0.0
0.0
0.0
0.0
0.0
0.0
0.0
0.0
0.0
0.0
0.0
0.0
0.0
0.0
0.0
0.0
0.0
0.0
0.0
0.0
0.0
0.0
0.0
0.0
0.0
0.0
0.0
0.0
0.0
0.0
0.0
0.0
0.0
0.0
0.0
0.0
0.0
0.0
0.0
0.0
0.0
0.0
0.0
0.0
0.0
0.0
0.0
0.0
0.0
0.0
0.0
0.0
0.0
0.0
0.0
0.0
0.0
0.0
0.0
0.0
0.0
0.0
0.0
0.0
0.0
0.0
0.0
0.0
0.0
0.0
0.0
0.0
0.0
0.0
0.0
0.0
0.0
0.0
0.0
0.0
0.0
0.0
0.0
0.0
0.0
0.0
0.0
0.0
0.0
0.0
0.0
0.0
0.0
0.0
0.0
0.0
0.0
0.0
0.0
0.0
0.0
0.0
0.0
0.0
0.0
0.0
0.0
0.0
0.0
0.0
0.0
0.0
0.0
0.0
0.0
0.0
0.0
0.0
0.0
0.0
0.0
0.0
0.0
0.0
0.0
0.0
0.0
0.0
0.0
0.0
0.0
0.0
0.0
0.0
0.0
0.0
0.0
0.0
0.0
0.0
0.0
0.0
0.0
0.0
0.0
0.0
0.0
0.0
0.0
0.0
0.0
0.0
0.0
0.0
0.0
0.0
0.0
0.0
0.0
0.0
0.0
0.0
0.0
0.0
0.0
0.0
0.0
0.0
0.0
0.0
0.0
0.0
0.0
0.0
0.0
0.0
0.0
0.0
0.0
0.0
0.0
0.0
0.0
0.0
0.0
0.0
0.0
0.0
0.0
0.0
0.0
0.0
0.0
0.0
0.0
0.0
0.0
0.0
0.0
0.0
0.0
0.0
0.0
0.0
0.0
0.0
0.0
0.0
0.0
0.0
0.0
0.0
0.0
0.0
0.0
0.0
0.0
0.0
0.0
0.0
0.0
0.0
0.0
0.0
0.0
0.0
0.0
0.0
0.0
0.0
0.0
0.0
0.0
0.0
0.0
0.0
0.0
0.0
0.0
0.0
0.0
0.0
0.0
0.0
0.0
0.0
0.0
0.0
0.0
0.0
0.0
0.0
0.0
0.0
0.0
0.0
0.0
0.0
0.0
0.0
0.0
0.0
0.0
0.0
0.0
0.0
0.0
0.0
0.0
0.0
0.0
0.0
0.0
0.0
0.0
0.0
0.0
0.0
0.0
0.0
0.0
0.0
0.0
0.0
0.0
0.0
0.0
0.0
0.0
0.0
0.0
0.0
0.0
0.0
0.0
0.0
0.0
0.0
0.0
0.0
0.0
0.0
0.0
0.0
0.0
0.0
0.0
0.0
0.0
0.0
0.0
0.0
0.0
0.0
0.0
0.0
0.0
0.0
0.0
0.0
0.0
0.0
0.0
0.0
0.0
0.0
0.0
0.0
0.0
0.0
0.0
0.0
0.0
0.0
0.0
0.0
0.0
0.0
0.0
0.0
0.0
0.0
0.0
0.0
0.0
0.0
0.0
0.0
0.0
0.0
0.0
0.0
0.0
0.0
0.0
0.0
0.0
0.0
0.0
0.0
0.0
0.0
0.0
0.0
0.0
0.0
0.0
0.0
0.0
0.0
0.0
0.0
0.0
0.0
0.0
0.0
0.0
0.0
0.0
0.0
0.0
0.0
0.0
0.0
0.0
0.0
0.0
0.0
0.0
0.0
0.0
0.0
0.0
0.0
0.0
0.0
0.0
0.0
0.0
0.0
0.0
0.0
0.0
0.0
0.0
0.0
0.0
0.0
0.0
0.0
0.0
0.0
0.0
0.0
0.0
0.0
0.0
0.0
0.0
0.0
0.0
0.0
0.0
0.0
0.0
0.0
0.0
0.0
0.0
0.0
0.0
0.0
0.0
0.0
0.0
0.0
0.0
0.0
0.0
0.0
0.0
0.0
0.0
0.0
0.0
0.0
0.0
0.0
0.0
0.0
0.0
0.0
0.0
0.0
0.0
0.0
0.0
0.0
0.0
0.0
0.0
0.0
0.0
0.0
0.0
0.0
0.0
0.0
0.0
0.0
0.0
0.0
0.0
0.0
0.0
0.0
0.0
0.0
0.0
0.0
0.0
0.0
0.0
0.0
0.0
0.0
0.0
0.0
0.0
0.0
0.0
0.0
0.0
0.0
0.0
0.0
0.0
0.0
0.0
0.0
0.0
0.0
0.0
0.0
0.0
0.0
0.0
0.0
0.0
0.0
0.0
0.0
0.0
0.0
0.0
0.0
0.0
0.0
0.0
0.0
0.0
0.0
0.0
0.0
0.0
0.0
0.0
0.0
0.0
0.0
0.0
0.0
0.0
0.0
0.0
0.0
0.0
0.0
0.0
0.0
0.0
0.0
0.0
0.0
0.0
0.0
0.0
0.0
0.0
0.0
0.0
0.0
0.0
0.0
0.0
0.0
0.0
0.0
0.0
0.0
0.0
0.0
0.0
0.0
0.0
0.0
0.0
0.0
0.0
0.0
0.0
0.0
0.0
0.0
0.0
0.0
0.0
0.0
0.0
0.0
0.0
0.0
0.0
0.0
0.0
0.0
0.0
0.0
0.0
0.0
0.0
0.0
0.0
0.0
0.0
0.0
0.0
0.0
0.0
0.0
0.0
0.0
0.0
0.0
0.0
0.0
0.0
0.0
0.0
0.0
0.0
0.0
0.0
0.0
0.0
0.0
0.0
0.0
0.0
0.0
0.0
0.0
0.0
0.0
0.0
0.0
0.0
0.0
0.0
0.0
0.0
0.0
0.0
0.0
0.0
0.0
0.0
0.0
0.0
0.0
0.0
0.0
0.0
0.0
0.0
0.0
0.0
0.0
0.0
0.0
0.0
0.0
0.0
0.0
0.0
0.0
0.0
0.0
0.0
0.0
0.0
0.0
0.0
0.0
0.0
0.0
0.0
0.0
0.0
0.0
0.0
0.0
0.0
0.0
0.0
0.0
0.0
0.0
0.0
0.0
0.0
0.0
0.0
0.0
0.0
0.0
0.0
0.0
0.0
0.0
0.0
0.0
0.0
0.0
0.0
0.0
0.0
0.0
0.0
0.0
0.0
0.0
0.0
0.0
0.0
0.0
0.0
0.0
0.0
0.0
0.0
0.0
0.0
0.0
0.0
0.0
0.0
0.0
0.0
0.0
0.0
0.0
0.0
0.0
0.0
0.0
0.0
0.0
0.0
0.0
0.0
0.0
0.0
0.0
0.0
0.0
0.0
0.0
0.0
0.0
0.0
0.0
0.0
0.0
0.0
0.0
0.0
0.0
0.0
0.0
0.0
0.0
0.0
0.0
0.0
0.0
0.0
0.0
0.0
0.0
0.0
0.0
0.0
0.0
0.0
0.0
0.0
0.0
0.0
0.0
0.0
0.0
0.0
0.0
0.0
0.0
0.0
0.0
0.0
0.0
0.0
0.0
0.0
0.0
0.0
0.0
0.0
0.0
0.0
0.0
0.0
0.0
0.0
0.0
0.0
0.0
0.0
0.0
0.0
0.0
0.0
0.0
0.0
0.0
0.0
0.0
0.0
0.0
0.0
0.0
0.0
0.0
0.0
0.0
0.0
0.0
0.0
0.0
0.0
0.0
0.0
0.0
0.0
0.0
0.0
0.0
0.0
0.0
0.0
0.0
0.0
0.0
0.0
0.0
0.0
0.0
0.0
0.0
0.0
0.0
0.0
0.0
0.0
0.0
0.0
0.0
0.0
0.0
0.0
0.0
0.0
0.0
0.0
0.0
0.0
0.0
0.0
0.0
0.0
0.0
0.0
0.0
0.0
0.0
0.0
0.0
0.0
0.0
0.0
0.0
0.0
0.0
0.0
0.0
0.0
0.0
0.0
0.0
0.0
0.0
0.0
0.0
0.0
0.0
0.0
0.0
0.0
0.0
0.0
0.0
0.0
0.0
0.0
0.0
0.0
0.0
0.0
0.0
0.0
0.0
0.0
0.0
0.0
0.0
0.0
0.0
0.0
0.0
0.0
0.0
0.0
0.0
0.0
0.0
0.0
0.0
0.0
0.0
0.0
0.0
0.0
0.0
0.0
0.0
0.0
0.0
0.0
0.0
0.0
0.0
0.0
0.0
0.0
0.0
0.0
0.0
0.0
0.0
0.0
0.0
0.0
0.0
0.0
0.0
0.0
0.0
0.0
0.0
0.0
0.0
0.0
0.0
0.0
0.0
0.0
0.0
0.0
0.0
0.0
0.0
0.0
0.0
0.0
0.0
0.0
0.0
0.0
0.0
0.0
0.0
0.0
0.0
0.0
0.0
0.0
0.0
0.0
0.0
0.0
0.0
0.0
0.0
0.0
0.0
0.0
0.0
0.0
0.0
0.0
0.0
0.0
0.0
0.0
0.0
0.0
0.0
0.0
0.0
0.0
0.0
0.0
0.0
0.0
0.0
0.0
0.0
0.0
0.0
0.0
0.0
0.0
0.0
0.0
0.0
0.0
0.0
0.0
0.0
0.0
0.0
0.0
0.0
0.0
0.0
0.0
0.0
0.0
0.0
0.0
0.0
0.0
0.0
0.0
0.0
0.0
0.0
0.0
0.0
0.0
0.0
0.0
0.0
0.0
0.0
0.0
0.0
0.0
0.0
0.0
0.0
0.0
0.0
0.0
0.0
0.0
0.0
0.0
0.0
0.0
0.0
0.0
0.0
0.0
0.0
0.0
0.0
0.0
0.0
0.0
0.0
0.0
0.0
0.0
0.0
0.0
0.0
0.0
0.0
0.0
0.0
0.0
0.0
0.0
0.0
0.0
0.0
0.0
0.0
0.0
0.0
0.0
0.0
0.0
0.0
0.0
0.0
0.0
0.0
0.0
0.0
0.0
0.0
0.0
0.0
0.0
0.0
0.0
0.0
0.0
0.0
0.0
0.0
0.0
0.0
0.0
0.0
0.0
0.0
0.0
0.0
0.0
0.0
0.0
0.0
0.0
0.0
0.0
0.0
0.0
0.0
0.0
0.0
0.0
0.0
0.0
0.0
0.0
0.0
0.0
0.0
0.0
0.0
0.0
0.0
0.0
0.0
0.0
0.0
0.0
0.0
0.0
0.0
0.0
0.0
0.0
0.0
0.0
0.0
0.0
0.0
0.0
0.0
0.0
0.0
0.0
0.0
0.0
0.0
0.0
0.0
0.0
0.0
0.0
0.0
0.0
0.0
0.0
0.0
0.0
0.0
0.0
0.0
0.0
0.0
0.0
0.0
0.0
0.0
0.0
0.0
0.0
0.0
0.0
0.0
0.0
0.0
0.0
0.0
0.0
0.0
0.0
0.0
0.0
0.0
0.0
0.0
0.0
0.0
0.0
0.0
0.0
0.0
0.0
0.0
0.0
0.0
0.0
0.0
0.0
0.0
0.0
0.0
0.0
0.0
0.0
0.0
0.0
0.0
0.0
0.0
0.0
0.0
0.0
0.0
0.0
0.0
0.0
0.0
0.0
0.0
0.0
0.0
0.0
0.0
0.0
0.0
0.0
0.0
0.0
0.0
0.0
0.0
0.0
0.0
0.0
0.0
0.0
0.0
0.0
0.0
0.0
0.0
0.0
0.0
0.0
0.0
0.0
0.0
0.0
0.0
0.0
0.0
0.0
0.0
0.0
0.0
0.0
0.0
0.0
0.0
0.0
0.0
0.0
0.0
0.0
0.0
0.0
0.0
0.0
0.0
0.0
0.0
0.0
0.0
0.0
0.0
0.0
0.0
0.0
0.0
0.0
0.0
0.0
0.0
0.0
0.0
0.0
0.0
0.0
0.0
0.0
0.0
0.0
0.0
0.0
0.0
0.0
0.0
0.0
0.0
0.0
0.0
0.0
0.0
0.0
0.0
0.0
0.0
0.0
0.0
0.0
0.0
0.0
0.0
0.0
0.0
0.0
0.0
0.0
0.0
0.0
0.0
0.0
0.0
0.0
0.0
0.0
0.0
0.0
0.0
0.0
0.0
0.0
0.0
0.0
0.0
0.0
0.0
0.0
0.0
0.0
0.0
0.0
0.0
0.0
0.0
0.0
0.0
0.0
0.0
0.0
0.0
0.0
0.0
0.0
0.0
0.0
0.0
0.0
0.0
0.0
0.0
0.0
0.0
0.0
0.0
0.0
0.0
0.0
0.0
0.0
0.0
0.0
0.0
0.0
0.0
0.0
0.0
0.0
0.0
0.0
0.0
0.0
0.0
0.0
0.0
0.0
0.0
0.0
0.0
0.0
0.0
0.0
0.0
0.0
0.0
0.0
0.0
0.0
0.0
0.0
0.0
0.0
0.0
0.0
0.0
0.0
0.0
0.0
0.0
0.0
0.0
0.0
0.0
0.0
0.0
0.0
0.0
0.0
0.0
0.0
0.0
0.0
0.0
0.0
0.0
0.0
0.0
0.0
0.0
0.0
0.0
0.0
0.0
0.0
0.0
0.0
0.0
0.0
0.0
0.0
0.0
0.0
0.0
0.0
0.0
0.0
0.0
0.0
0.0
0.0
0.0
0.0
0.0
0.0
0.0
0.0
0.0
0.0
0.0
0.0
0.0
0.0
0.0
0.0
0.0
0.0
0.0
0.0
0.0
0.0
0.0
0.0
0.0
0.0
0.0
0.0
0.0
0.0
0.0
0.0
