0.0012132720886291444
0.0012140946810868345
0.0012147966390899786
0.0012154351605270053
0.0012160318639030977
0.0012165980046157721
0.00121714038471557
0.0012176635287270898
0.0012181706268657466
0.0012186640382438043
0.0012191455890837037
0.0012196167282530015
0.0012200786068846225
0.0012205321820693213
0.0012209782753502194
0.0012214164427571197
0.0012218483162520475
0.0012222738713162035
0.0012226940559179427
0.001223109528152272
0.0012235206412979573
0.001223927664398959
0.001224330843540096
0.0012247304076476902
0.0012251265629327406
0.0012255194941397703
0.0012259093768007864
0.0012262963717079374
0.0012266806231676858
0.0012270622671027222
0.001227441421062725
0.0012278177896959074
0.0012281918122940343
0.001228563721134047
0.0012289336083340697
0.0012293013624994614
0.0012296670695832873
0.0012300309619289764
0.0012303931692864355
0.001230753762097936
0.0012311128048612576
0.0012314703520263847
0.0012318264633650452
0.0012321811930763708
0.0012325345884292016
0.0012328866957990725
0.0012332375619758349
0.001233587233835162
0.001233935480581614
0.0012342825744027118
0.001234628604028576
0.0012349736182076347
0.0012353176393613723
0.0012356606919810874
0.0012360027827144093
0.0012363438337735148
0.001236683943502113
0.0012370232295652052
0.001237361708650504
0.0012376994102175933
0.001238036368517105
0.0012383726020130177
0.001238708124427328
0.0012390429586086706
0.0012393771347028626
0.0012397106760610231
0.0012400434040872005
0.0012403755090287078
0.0012407070400073522
0.0012410380146082737
0.0012413684498567275
0.0012416983623734792
0.0012420277665095363
0.0012423566760421524
0.0012426850999758625
0.0012430129855655698
0.0012433403478070604
0.0012436672665994298
0.001243993765217535
0.0012443198641747895
0.0012446455678146538
0.0012449708965918127
0.0012452958789496424
0.0012456204776868521
0.0012459447641828285
0.0012462685775190218
0.0012465920510060424
0.0012469152009427994
0.0012472380798746376
0.0012475606560509095
0.0012478829679524646
0.0012482050102753065
0.0012485267848972002
0.0012488483272985846
0.0012491696287280788
0.001249490692986031
0.0012498115370819466
0.0012501321118083579
0.001250452407336519
0.0012507725123577283
0.0012510924163554
0.001251412136323598
0.0012517317014145537
0.0012520511124699003
0.0012523703532171492
0.0012526893785895434
0.0012530081902975788
0.0012533268712652762
0.0012536454348547619
0.0012539638813238985
0.0012542822059539768
0.0012546004220261352
0.0012549185330334206
0.0012552365476150749
0.0012555544646213252
0.001255872288053075
0.0012561900304195823
0.0012565077057137598
0.0012568253093996438
0.001257142845735753
0.0012574602962054724
0.0012577776289484051
0.0012580948860930383
0.0012584120942260462
0.0012587292591940277
0.001259046384325079
0.0012593634717470831
0.0012596804545737495
0.0012599974049657065
0.0012603143340321175
0.0012606312423208846
0.0012609481295106238
0.0012612650050666725
0.0012615818870662958
0.0012618987855233367
0.001262215688938733
0.001262532588876418
0.0012628494816414562
0.0012631663981847274
0.0012634833552504017
0.0012638003302272178
0.0012641173163920037
0.0012644343284127731
0.001264751378811121
0.0012650684757143692
0.0012653855882345452
0.0012657027078662292
0.0012660198221589249
0.0012663370020864493
0.0012666542604191312
0.0012669715259573996
0.0012672887880482541
0.0012676061442363036
0.0012679235050062046
0.0012682409815202172
0.0012685585296367066
0.0012688761099463877
0.001269193793172197
0.0012695115426677183
0.0012698293854246626
0.00127014730663937
0.0012704653093622593
0.0012707834040611356
0.0012711015777191826
0.001271419848267764
0.0012717382087544314
0.0012720566590526028
0.0012723752223496923
0.0012726938612241353
0.0012730126531006012
0.0012733315016681974
0.0012736504896724609
0.0012739695529016709
0.001274288719644072
0.0012746079517904907
0.00127492731483291
0.0012752467507896957
0.0012755662844080528
0.0012758859358203182
0.0012762057091123778
0.0012765256148329894
0.0012768456270484398
0.0012771657984105849
0.0012774860679913816
0.0012778065020577231
0.0012781270551495876
0.0012784477448536961
0.0012787685759619745
0.001279089516852358
0.001279410619915719
0.0012797318820720414
0.0012800532718952333
0.0012803748169747736
0.0012806964939292148
0.0012810183117270076
0.0012813403115050914
0.0012816624164319547
0.001281984674529628
0.0012823071582139668
0.0012826297206387325
0.0012829524700055618
0.0012832753887543381
0.001283598405120514
0.0012839216146088243
0.0012842449213058245
0.0012845683136158555
0.001284891944077154
0.001285215728168982
0.0012855396415636041
0.0012858637305552304
0.0012861880301247698
0.0012865124684133798
0.0012868370671085493
0.001287161865037918
0.0012874868235838882
0.001287811946171013
0.0012881372448823195
0.0012884627271478215
0.0012887883876235007
0.0012891142206590317
0.0012894402349028977
0.0012897664350229252
0.0012900928178800409
0.0012904193673351784
0.0012907460898209557
0.001291073025857202
0.001291400141726064
0.0012917274246867865
0.0012920548717826352
0.0012923825454468647
0.0012927104243465636
0.001293038451186909
0.001293366638589692
0.0012936950068465638
0.0012940236668405253
0.0012943524053029975
0.0012946812505198835
0.0012950102681330048
0.001295339563042829
0.0012956690431935142
0.0012959986794587829
0.0012963284873768633
0.0012966585020414917
0.0012969887513516775
0.0012973192046830293
0.0012976498253597626
0.001297980619283919
0.0012983116253975078
0.0012986428396717013
0.0012989742763807517
0.0012993059071923635
0.0012996377084860489
0.0012999697110134428
0.0013003019296989116
0.0013006343441281083
0.0013009669630543385
0.0013012997992436835
0.0013016328177828877
0.0013019660390648428
0.0013022994753083775
0.001302633108626941
0.0013029669237369522
0.001303300944551963
0.0013036352087725262
0.0013039696592718878
0.001304304328125577
0.0013046392040385758
0.0013049742596067879
0.0013053095091332607
0.001305644956689052
0.0013059805691097589
0.0013063164444622748
0.00130665254324601
0.001306988798819883
0.0013073252385736253
0.0013076618737629898
0.0013079987086449545
0.0013083357464714
0.0013086729872368906
0.0013090104318409254
0.0013093481388894129
0.0013096860811506697
0.0013100242075758004
0.0013103625203736327
0.001310701031418476
0.0013110397439719099
0.0013113786562539476
0.001311717769742556
0.001312057088909772
0.0013123966314040278
0.0013127364026010709
0.0013130763778043976
0.0013134165467719187
0.0013137569329427134
0.0013140975450413712
0.0013144383526744077
0.0013147793569067109
0.0013151205629880192
0.0013154619726424102
0.001315803587634406
0.0013161454089541825
0.0013164874441292532
0.001316829704645659
0.0013171721804201204
0.0013175148452091107
0.0013178577104539925
0.0013182007781404102
0.0013185440490946776
0.001318887523749461
0.0013192311890507717
0.0013195750442203753
0.0013199191030459662
0.0013202633656936196
0.0013206078320014288
0.0013209524970552097
0.0013212973457461944
0.001321642394899446
0.0013219876471804064
0.0013223331252631334
0.0013226788039449673
0.0013230246782317714
0.0013233707792394878
0.0013237170806163184
0.0013240635718657899
0.0013244102579711024
0.0013247571409614068
0.0013251042205169056
0.0013254514833747092
0.0013257989448314073
0.0013261466036937175
0.0013264944594197513
0.0013268425117736575
0.0013271907601223039
0.0013275392039187833
0.0013278878428433134
0.0013282366763608749
0.0013285857037810378
0.0013289349254243495
0.0013292843395036498
0.0013296339450563866
0.0013299837404394052
0.001330333721856522
0.0013306838885536918
0.0013310342548605168
0.0013313848248660528
0.0013317355852667755
0.0013320865347200086
0.0013324376720625704
0.00133278899660367
0.0013331405076742612
0.001333492204507882
0.001333844086205398
0.0013341961520854245
0.0013345484023905999
0.0013349008356080625
0.0013352534428577346
0.0013356062159109565
0.001335959168994009
0.0013363123011112903
0.0013366656111766864
0.0013370190982018187
0.0013373727625227685
0.0013377266012515225
0.0013380806118326572
0.0013384347760946607
0.0013387891050813234
0.0013391435941987925
0.0013394982498321575
0.0013398530915937172
0.0013402080838255327
0.0013405632850852713
0.0013409186735343153
0.0013412742359799575
0.0013416299700695947
0.0013419858687723253
0.0013423419316569351
0.0013426981575017662
0.0013430545442338787
0.00134341109045022
0.0013437677946169834
0.0013441246551125817
0.0013444816700557943
0.0013448388380230436
0.0013451961548693
0.0013455536107583954
0.0013459112078857045
0.0013462689756662638
0.0013466269140462606
0.001346984990570745
0.0013473432192125218
0.0013477016168754468
0.0013480601732353895
0.0013484188719269793
0.0013487777110087586
0.0013491366881620203
0.001349495801204179
0.0013498550446514963
0.0013502144057184631
0.0013505738900172059
0.0013509335658678705
0.001351293371557557
0.0013516533043268616
0.0013520133582709327
0.0013523735205843105
0.0013527338106176156
0.0013530942765595717
0.0013534548618585349
0.0013538155613451485
0.0013541763623441286
0.0013545372742273343
0.0013548983939942023
0.001355259654721129
0.001355621016416274
0.001355982490585187
0.0013563440873337483
0.0013567057620498862
0.0013570675034487905
0.0013574294138226943
0.0013577913966030706
0.0013581535300868318
0.0013585158007957245
0.0013588781762888075
0.001359240649114352
0.0013596032107938709
0.0013599658495396757
0.001360328567299204
0.0013606913419380506
0.0013610541542713721
0.0013614171727662108
0.0013617803251399086
0.0013621435625540163
0.0013625068803172426
0.0013628702742935733
0.0013632337396313648
0.001363597268529978
0.0013639608413746889
0.0013643244469651481
0.0013646882003115984
0.001365052094117511
0.0013654160616554999
0.00136578009129383
0.0013661441792986527
0.001366508317034898
0.0013668724846420785
0.0013672366936954203
0.001367600981527922
0.0013679653686307265
0.001368329847800031
0.00136869438872866
0.0013690589693727585
0.001369423580675125
0.0013697881983902392
0.0013701528641261872
0.0013705176189606498
0.0013708823985984944
0.0013712472560636745
0.00137161217522827
0.0013719771128482834
0.0013723420399811563
0.0013727069766069232
0.0013730720294804826
0.001373437083761008
0.0013738021385894187
0.001374167239940571
0.001374532378953401
0.0013748974472950007
0.0013752624934390628
0.0013756276527359325
0.0013759928023872406
0.0013763579280591275
0.0013767230500708945
0.0013770882093285623
0.001377453359767438
0.0013778184838119233
0.0013781836960266927
0.0013785488844164234
0.001378914034515475
0.0013792791411359954
0.0013796442428488178
0.0013800093039727699
0.001380374461458098
0.0013807396024907112
0.0013811047028225586
0.001381469738842506
0.0013818346921954687
0.0013821996148451828
0.0013825645488614805
0.001382929530226325
0.001383294460914843
0.0013836593273466378
0.001384024096973365
0.0013843887302216864
0.0013847533911328842
0.0013851181058240987
0.0013854827650667822
0.0013858473465055783
0.0013862118358183323
0.0013865761967529857
0.0013869404449973668
0.0013873047887327627
0.001387669084860416
0.0013880332782837625
0.0013883973637783297
0.0013887613100855177
0.001389125099239064
0.0013894889552214722
0.0013898527730947506
0.0013902164801370622
0.0013905800607923722
0.0013909434602439432
0.0013913067001024885
0.0013916699550340296
0.001392033160741094
0.0013923962395223945
0.0013927591703385696
0.0013931218975518811
0.0013934845136887738
0.001393847102071138
0.0013942096097150237
0.0013945719726660862
0.0013949341548307355
0.001395296159018019
0.0013956580290208499
0.0013960198174365415
0.0013963815049863543
0.0013967430279883182
0.001397104321073245
0.0013974654754890551
0.0013978265102865294
0.0013981873849238857
0.0013985481266854728
0.0013989086678517974
0.0013992690072182107
0.0013996291935640423
0.0013999892182640363
0.0014003490839721011
0.0014007087736177214
0.0014010682356398033
0.0014014275143729067
0.0014017866239950804
0.0014021454990361618
0.0014025042027928476
0.0014028626774165761
0.0014032209283156172
0.0014035790338835599
0.0014039368732143736
0.001404294471570018
0.0014046518318112976
0.0014050089615605052
0.0014053659440281723
0.0014057226335040221
0.0014060790312081224
0.001406435169180895
0.0014067910638237448
0.0014071468235575752
0.0014075022737903816
0.0014078573885776037
0.0014082122177242061
0.0014085667921675759
0.001408921265267135
0.001409275426946572
0.0014096292915756641
0.0014099828271511856
0.0014103360283967054
0.0014106891213620468
0.001411041875087615
0.0014113942687067746
0.001411746274672626
0.0014120979195950763
0.0014124494641747822
0.0014128006479426074
0.0014131514481159045
0.0014135018325257724
0.001413851820162941
0.0014142016975712526
0.001414551192707299
0.0014149002806254593
0.0014152489209631222
0.0014155971455590464
0.0014159452362649037
0.0014162929188985054
0.0014166401697768079
0.001416986934263004
0.0014173332918414078
0.0014176794709752929
0.001418025211156995
0.0014183704875798061
0.0014187152013876423
0.0014190596133345514
0.0014194037394327432
0.0014197474041705849
0.001420090574443323
0.0014204331691552328
0.0014207754685560342
0.0014211174145951863
0.00142145882652786
0.0014217996409850897
0.001422139918160627
0.0014224798419891543
0.0014228193633027226
0.0014231583630522015
0.001423496716226097
0.0014238346735243657
0.001424172213104886
0.0014245092710883074
0.0014248457631925121
0.0014251816412764406
0.0014255170232949938
0.001425852014029157
0.0014261864580735212
0.001426520258652394
0.001426853526818043
0.0014271862177804467
0.0014275184412744755
0.0014278500756678733
0.0014281810436634786
0.001428511485118876
0.0014288413608869773
0.0014291706850037584
0.0014294993383350456
0.001429827413367463
0.0014301548377418818
0.0014304817316416068
0.0014308079621651846
0.0014311334818936502
0.001431458411370508
0.0014317826734017729
0.0014321063200752036
0.0014324292339980263
0.0014327515608488666
0.0014330731927248241
0.0014333941468478782
0.0014337144164753809
0.0014340339703911198
0.00143435285851416
0.0014346709981127904
0.0014349884358223631
0.0014353051193177547
0.001435621130589778
0.0014359363977829642
0.0014362509154748867
0.0014365646337200658
0.0014368776646066766
0.0014371899628173022
0.0014375014072819956
0.0014378120496013847
0.0014381219168041962
0.0014384310294625665
0.001438739298756779
0.0014390466982812141
0.001439353253224446
0.0014396590396092716
0.001439964006325078
0.001440268042778304
0.0014405711508754299
0.0014408734834168739
0.001441175005214093
0.0014414755528498384
0.0014417751637303823
0.0014420739707516434
0.001442371929082943
0.0014426689612158305
0.0014429650230465118
0.0014432601287392881
0.0014435543638161299
0.0014438476676266144
0.0014441399111120947
0.001444431116561607
0.0014447214174279476
0.0014450107881219818
0.001445299054493774
0.0014455862128229572
0.001445872424621707
0.0014461576984403372
0.0014464418518043605
0.0014467248316555141
0.0014470067628124424
0.0014472877499481817
0.0014475676071974283
0.0014478462475373192
0.00144812375213503
0.0014484002701216372
0.001448675651585037
0.0014489497863806587
0.0014492227040684583
0.001449494559812974
0.0014497652834555787
0.0014500346309379
0.0014503026514681233
0.001450569545098852
0.001450835290577009
0.0014510997223251502
0.0014513628169349011
0.0014516246719986964
0.0014518853473656534
0.0014521446972385018
0.001452402657462334
0.0014526592968224282
0.0014529147180119498
0.0014531687540125348
0.0014534213478318463
0.0014536725463561346
0.0014539224807496296
0.0014541710210152332
0.001454418063969927
0.0014546636286790378
0.0014549078308644064
0.0014551505991738877
0.001455391814897757
0.0014556314968438482
0.0014558698053637289
0.001456106633199612
0.0014563418599438773
0.001456575492532784
0.0014568076767666185
0.0014570383141428635
0.0014572673152771056
0.0014574946709543322
0.0014577205382831908
0.0014579447912986823
0.0014581673646874118
0.0014583882286697482
0.0014586074910084702
0.001458825069439384
0.0014590409033251055
0.0014592549560150491
0.0014594673357384894
0.0014596779588926972
0.0014598867984486445
0.0014600938123564445
0.0014602990750035955
0.0014605025110663507
0.0014607041017043669
0.0014609038078279906
0.0014611017494245988
0.0014612977858473257
0.001461491894206142
0.0014616840922962824
0.0014618744360056185
0.0014620627993617752
0.0014622491829567636
0.001462433543422568
0.0014626159047955527
0.001462796202319981
0.0014629744462608752
0.0014631506042045307
0.0014633246703097777
0.0014634965917079874
0.0014636663746405776
0.0014638340147769147
0.001463999466453913
0.0014641626824719693
0.0014643236606326792
0.0014644824695923318
0.0014646389659392035
0.0014647931420203734
0.0014649449968830238
0.001465094598147983
0.001465241643832555
0.001465386263129789
0.0014655284787737578
0.001465668339720191
0.0014658057064447438
0.0014659405701811612
0.0014660729488376353
0.0014662028635539321
0.001466330188172546
0.0014664548837072366
0.0014665770063163584
0.001466696551429623
0.0014668133970568964
0.0014669274880789404
0.0014670389169836964
0.0014671476508685973
0.0014672535999137115
0.0014673567453318906
0.0014674571417677197
0.0014675547186741745
0.001467649403193291
0.0014677411641826794
0.0014678301672859573
0.0014679162046563512
0.0014679992406896683
0.0014680792586860853
0.001468156308920761
0.001468230268784894
0.0014683011130367737
0.0014683688537252076
0.0014684335036013502
0.0014684949547350092
0.0014685531677014847
0.0014686081764611794
0.0014686599371224519
0.0014687083794313641
0.0014687535439627697
0.0014687953974791986
0.0014688338589541844
0.0014688688211417216
0.0014689004020808788
0.0014689285946119358
0.001468953248091066
0.0014689743284662926
0.0014689918002451145
0.0014690056587562726
0.0014690158416740511
0.0014690223162214648
0.0014690250467525162
0.0014690240004988219
0.0014690191368131136
0.0014690104256029324
0.0014689978283998289
0.001468981291220883
0.0014689607896571067
0.0014689363010068847
0.0014689077560134313
0.0014688750639543378
0.0014688380983477627
0.0014687970033515473
0.001468751656483234
0.0014687020568881356
0.0014686481861876152
0.0014685900267867732
0.0014685274077638085
0.0014684603488121992
0.0014683888071952487
0.001468312753912622
0.0014682320742320182
0.0014681468136970434
0.0014680569807162525
0.0014679624231416534
0.0014678630797737686
0.0014677590136880322
0.0014676502311838351
0.0014675365073927521
0.0014674178015392431
0.0014672941477404814
0.00146716555711593
0.0014670318063159373
0.0014668929103432685
0.0014667489100323092
0.0014665997406479905
0.0014664451452306745
0.0014662852436917364
0.0014661200813467473
0.0014659494703484622
0.0014657733396781312
0.001465591706266057
0.001465404514790263
0.0014652116331161356
0.0014650130370478763
0.0014648088132215124
0.0014645988200949935
0.0014643828674182563
0.0014641609076465941
0.001463933101823542
0.0014636991446158557
0.0014634589833599184
0.00146321263478467
0.0014629601707632114
0.0014627013602103458
0.0014624360066474672
0.0014621642829618958
0.0014618861358794053
0.0014616013872073006
0.0014613097257493526
0.0014610114210696966
0.0014607062319707271
0.001460394212156788
0.0014600751966062644
0.0014597493528562095
0.0014594162183596301
0.0014590758852418622
0.0014587283550738467
0.0014583736384804313
0.0014580116020131023
0.0014576419488495401
0.0014572650355933426
0.0014568803872506255
0.001456488173901284
0.001456088070900905
0.0014556803324702785
0.0014552645498078786
0.0014548408472853218
0.0014544090192510483
0.0014539691241121674
0.001453520992910263
0.0014530644488177534
0.001452599701574313
0.0014521263080102664
0.0014516445621994476
0.0014511539048898464
0.0014506546128696684
0.0014501463777836143
0.0014496294626851808
0.0014491034618099835
0.001448568371803684
0.001448024007855901
0.0014474703873513196
0.00144690748351172
0.0014463347006118898
0.001445752636902561
0.0014451605759858005
0.0014445588699128007
0.0014439470194104016
0.0014433254229448968
0.001442693544883995
0.001442051252916611
0.0014413984021003454
0.001440735290275541
0.0014400616446881437
0.0014393767974944123
0.0014386813556653895
0.0014379750184056648
0.0014372576542754482
0.001436528952919475
0.0014357893734034156
0.0014350382741218034
0.001434275383634069
0.001433500870834861
0.0014327149517481055
0.0014319171177803096
0.0014311067786846356
0.001430284563298496
0.0014294502770593168
0.0014286033916427903
0.0014277436800879681
0.0014268719956154253
0.0014259874642679187
0.0014250892522546291
0.0014241779966059473
0.0014232541620377323
0.0014223167869697813
0.0014213655019243382
0.001420400848517442
0.001419422783796678
0.0014184302272306699
0.0014174232999199072
0.0014164028279756297
0.0014153677323568389
0.0014143172640389324
0.001413252225200181
0.0014121729815926292
0.0014110782014551456
0.001409967543046269
0.001408841604415419
0.001407700792089528
0.0014065428545783996
0.0014053689380338792
0.001404179921264407
0.001402974173156187
0.0014017511166519833
0.001400511634197423
0.00139925626542141
0.00139798291666437
0.00139669185251708
0.0013953838473782947
0.0013940590177879786
0.001392714839798777
0.0013913526397832407
0.0013899734569257957
0.0013885751184144954
0.0013871573062633534
0.0013857209119372189
0.0013842694738734312
0.0013828025242852212
0.0013813217033164025
0.0013798278351307273
0.0013783205043772099
0.0013767972768930245
0.0013752596396003466
0.0013737089017401849
0.0013721417121140907
0.0013705588207164028
0.0013689611434595072
0.0013673493758636398
0.0013657197372631772
0.0013640740344285176
0.0013624127901113244
0.0013607353620350786
0.0013590398526645462
0.0013573276994837678
0.001355600602644316
0.0013538534772917022
0.001352088623820659
0.0013503067682669881
0.0013485080181235103
0.0013466887914324514
0.0013448510713382138
0.0013429960654798812
0.0013411210169606389
0.0013392255699986161
0.0013373110357069516
0.0013353785514325783
0.0013334229037619773
0.001331446678993182
0.0013294508983001591
0.001327434506463457
0.0013253948402089802
0.0013233337242623425
0.001321252393358247
0.0013191468921903296
0.0013170178539740546
0.0013148665956735266
0.001312693499632462
0.0013104938153666516
0.0013082700199410942
0.001306023704902118
0.0013037510019146587
0.0013014516455458556
0.0012991272814244126
0.0012967785172788178
0.0012944013426253733
0.0012919966968219297
0.001289566332131027
0.001287108574581937
0.001284620212707225
0.0012821037588751345
0.00127956010875188
0.0012769858108693222
0.0012743802126704922
0.0012717453314571572
0.0012690804461924436
0.0012663819056896745
0.0012636513000286577
0.0012608903118998232
0.0012580955593725677
0.0012552652198860289
0.0012524017333478434
0.001249504837871815
0.0012465714500693402
0.0012436009494816492
0.0012405962515821148
0.0012375538007136275
0.0012344708768883595
0.0012313502553444001
0.0012281920886231938
0.0012249933796683362
0.0012217521223407163
0.0012184717190792495
0.0012151488024415404
0.0012117825779800742
0.0012083720903537964
0.0012049194613627271
0.0012014214719115416
0.0011978748255579018
0.0011942830863801417
0.0011906441326762337
0.0011869563899583723
0.0011832174278091135
0.0011794308230720035
0.00117559107279856
0.0011716988345539293
0.0011677532089296267
0.0011637543196963717
0.001159700129198367
0.001155586317226898
0.001151418120082581
0.0011471881551710394
0.001142899453844217
0.0011385479246729096
0.0011341353936682366
0.0011296580534041582
0.0011251140637956933
0.0011205056402959635
0.0011158264133364262
0.0011110797628418182
0.0011062592160495975
0.0011013688400830315
0.0010964017825990122
0.0010913599116272497
0.001086239740002144
0.001081039606931948
0.0010757601063343507
0.0010703930143286448
0.0010649443369363776
0.0010594047432373203
0.001053778563002107
0.0010480582338251536
0.0010422447231365538
0.0010363336632377023
0.0010303244546512559
0.0010242152907312594
0.0010179966958882686
0.001011675568672604
0.0010052400188966836
0.000998693800538284
0.000992028520383906
0.0009852469271367714
0.0009783431312434855
0.0009713058144111417
0.0009641418409294472
0.0009568435070316621
0.0009494070217756149
0.0009418228586980021
0.0009340966622317566
0.0009262145733595198
0.0009181728604470661
0.0009099681057986194
0.0009015980390566194
0.0008930523667369916
0.000884318893200551
0.0008754028884624078
0.0008662904491105463
0.0008569730506314356
0.0008474421056042946
0.0008376972471005272
0.0008277214391996014
0.0008174973043250636
0.000807027963520795
0.0007963008753604715
0.0007852958192557482
0.0007739984378182544
0.0007624078568832605
0.000750496122593611
0.0007382362226533293
0.0007256265651490137
0.0007126483163890644
0.0006992652707140985
0.0006854485691356199
0.000671184943202776
0.0006564407991640371
0.0006411610386455174
0.000625317585855091
0.0006088751660971329
0.0005917605312620817
0.0005739040408617472
0.0005552537428977676
0.000535724954743004
0.0005151862583464319
0.0004935175900362934
0.00047057776947406554
0.00044616068417007516
0.00041995678932942173
0.0003916537094087949
0.0003607573201052209
0.00032647423156573495
0.0002875940460071183
0.00024194781387942916
0.00018457887191058536
9.608567063934389e-5
0.0
0.0
0.0
0.0
0.0
0.0
0.0
0.0
0.0
0.0
0.0
0.0
0.0
0.0
0.0
0.0
0.0
0.0
0.0
0.0
0.0
0.0
0.0
0.0
0.0
0.0
0.0
0.0
0.0
0.0
0.0
0.0
0.0
0.0
0.0
0.0
0.0
0.0
0.0
0.0
0.0
0.0
0.0
0.0
0.0
0.0
0.0
0.0
0.0
0.0
0.0
0.0
0.0
0.0
0.0
0.0
0.0
0.0
0.0
0.0
0.0
0.0
0.0
0.0
0.0
0.0
0.0
0.0
0.0
0.0
0.0
0.0
0.0
0.0
0.0
0.0
0.0
0.0
0.0
0.0
0.0
0.0
0.0
0.0
0.0
0.0
0.0
0.0
0.0
0.0
0.0
0.0
0.0
0.0
0.0
0.0
0.0
0.0
0.0
0.0
0.0
0.0
0.0
0.0
0.0
0.0
0.0
0.0
0.0
0.0
0.0
0.0
0.0
0.0
0.0
0.0
0.0
0.0
0.0
0.0
0.0
0.0
0.0
0.0
0.0
0.0
0.0
0.0
0.0
0.0
0.0
0.0
0.0
0.0
0.0
0.0
0.0
0.0
0.0
0.0
0.0
0.0
0.0
0.0
0.0
0.0
0.0
0.0
0.0
0.0
0.0
0.0
0.0
0.0
0.0
0.0
0.0
0.0
0.0
0.0
0.0
0.0
0.0
0.0
0.0
0.0
0.0
0.0
0.0
0.0
0.0
0.0
0.0
0.0
0.0
0.0
0.0
0.0
0.0
0.0
0.0
0.0
0.0
0.0
0.0
0.0
0.0
0.0
0.0
0.0
0.0
0.0
0.0
0.0
0.0
0.0
0.0
0.0
0.0
0.0
0.0
0.0
0.0
0.0
0.0
0.0
0.0
0.0
0.0
0.0
0.0
0.0
0.0
0.0
0.0
0.0
0.0
0.0
0.0
0.0
0.0
0.0
0.0
0.0
0.0
0.0
0.0
0.0
0.0
0.0
0.0
0.0
0.0
0.0
0.0
0.0
0.0
0.0
0.0
0.0
0.0
0.0
0.0
0.0
0.0
0.0
0.0
0.0
0.0
0.0
0.0
0.0
0.0
0.0
0.0
0.0
0.0
0.0
0.0
0.0
0.0
0.0
0.0
0.0
0.0
0.0
0.0
0.0
0.0
0.0
0.0
0.0
0.0
0.0
0.0
0.0
0.0
0.0
0.0
0.0
0.0
0.0
0.0
0.0
0.0
0.0
0.0
0.0
0.0
0.0
0.0
0.0
0.0
0.0
0.0
0.0
0.0
0.0
0.0
0.0
0.0
0.0
0.0
0.0
0.0
0.0
0.0
0.0
0.0
0.0
0.0
0.0
0.0
0.0
0.0
0.0
0.0
0.0
0.0
0.0
0.0
0.0
0.0
0.0
0.0
0.0
0.0
0.0
0.0
0.0
0.0
0.0
0.0
0.0
0.0
0.0
0.0
0.0
0.0
0.0
0.0
0.0
0.0
0.0
0.0
0.0
0.0
0.0
0.0
0.0
0.0
0.0
0.0
0.0
0.0
0.0
0.0
0.0
0.0
0.0
0.0
0.0
0.0
0.0
0.0
0.0
0.0
0.0
0.0
0.0
0.0
0.0
0.0
0.0
0.0
0.0
0.0
0.0
0.0
0.0
0.0
0.0
0.0
0.0
0.0
0.0
0.0
0.0
0.0
0.0
0.0
0.0
0.0
0.0
0.0
0.0
0.0
0.0
0.0
0.0
0.0
0.0
0.0
0.0
0.0
0.0
0.0
0.0
0.0
0.0
0.0
0.0
0.0
0.0
0.0
0.0
0.0
0.0
0.0
0.0
0.0
0.0
0.0
0.0
0.0
0.0
0.0
0.0
0.0
0.0
0.0
0.0
0.0
0.0
0.0
0.0
0.0
0.0
0.0
0.0
0.0
0.0
0.0
0.0
0.0
0.0
0.0
0.0
0.0
0.0
0.0
0.0
0.0
0.0
0.0
0.0
0.0
0.0
0.0
0.0
0.0
0.0
0.0
0.0
0.0
0.0
0.0
0.0
0.0
0.0
0.0
0.0
0.0
0.0
0.0
0.0
0.0
0.0
0.0
0.0
0.0
0.0
0.0
0.0
0.0
0.0
0.0
0.0
0.0
0.0
0.0
0.0
0.0
0.0
0.0
0.0
0.0
0.0
0.0
0.0
0.0
0.0
0.0
0.0
0.0
0.0
0.0
0.0
0.0
0.0
0.0
0.0
0.0
0.0
0.0
0.0
0.0
0.0
0.0
0.0
0.0
0.0
0.0
0.0
0.0
0.0
0.0
0.0
0.0
0.0
0.0
0.0
0.0
0.0
0.0
0.0
0.0
0.0
0.0
0.0
0.0
0.0
0.0
0.0
0.0
0.0
0.0
0.0
0.0
0.0
0.0
0.0
0.0
0.0
0.0
0.0
0.0
0.0
0.0
0.0
0.0
0.0
0.0
0.0
0.0
0.0
0.0
0.0
0.0
0.0
0.0
0.0
0.0
0.0
0.0
0.0
0.0
0.0
0.0
0.0
0.0
0.0
0.0
0.0
0.0
0.0
0.0
0.0
0.0
0.0
0.0
0.0
0.0
0.0
0.0
0.0
0.0
0.0
0.0
0.0
0.0
0.0
0.0
0.0
0.0
0.0
0.0
0.0
0.0
0.0
0.0
0.0
0.0
0.0
0.0
0.0
0.0
0.0
0.0
0.0
0.0
0.0
0.0
0.0
0.0
0.0
0.0
0.0
0.0
0.0
0.0
0.0
0.0
0.0
0.0
0.0
0.0
0.0
0.0
0.0
0.0
0.0
0.0
0.0
0.0
0.0
0.0
0.0
0.0
0.0
0.0
0.0
0.0
0.0
0.0
0.0
0.0
0.0
0.0
0.0
0.0
0.0
0.0
0.0
0.0
0.0
0.0
0.0
0.0
0.0
0.0
0.0
0.0
0.0
0.0
0.0
0.0
0.0
0.0
0.0
0.0
0.0
0.0
0.0
0.0
0.0
0.0
0.0
0.0
0.0
0.0
0.0
0.0
0.0
0.0
0.0
0.0
0.0
0.0
0.0
0.0
0.0
0.0
0.0
0.0
0.0
0.0
0.0
0.0
0.0
0.0
0.0
0.0
0.0
0.0
0.0
0.0
0.0
0.0
0.0
0.0
0.0
0.0
0.0
0.0
0.0
0.0
0.0
0.0
0.0
0.0
0.0
0.0
0.0
0.0
0.0
0.0
0.0
0.0
0.0
0.0
0.0
0.0
0.0
0.0
0.0
0.0
0.0
0.0
0.0
0.0
0.0
0.0
0.0
0.0
0.0
0.0
0.0
0.0
0.0
0.0
0.0
0.0
0.0
0.0
0.0
0.0
0.0
0.0
0.0
0.0
0.0
0.0
0.0
0.0
0.0
0.0
0.0
0.0
0.0
0.0
0.0
0.0
0.0
0.0
0.0
0.0
0.0
0.0
0.0
0.0
0.0
0.0
0.0
0.0
0.0
0.0
0.0
0.0
0.0
0.0
0.0
0.0
0.0
0.0
0.0
0.0
0.0
0.0
0.0
0.0
0.0
0.0
0.0
0.0
0.0
0.0
0.0
0.0
0.0
0.0
0.0
0.0
0.0
0.0
0.0
0.0
0.0
0.0
0.0
0.0
0.0
0.0
0.0
0.0
0.0
0.0
0.0
0.0
0.0
0.0
0.0
0.0
0.0
0.0
0.0
0.0
0.0
0.0
0.0
0.0
0.0
0.0
0.0
0.0
0.0
0.0
0.0
0.0
0.0
0.0
0.0
0.0
0.0
0.0
0.0
0.0
0.0
0.0
0.0
0.0
0.0
0.0
0.0
0.0
0.0
0.0
0.0
0.0
0.0
0.0
0.0
0.0
0.0
0.0
0.0
0.0
0.0
0.0
0.0
0.0
0.0
0.0
0.0
0.0
0.0
0.0
0.0
0.0
0.0
0.0
0.0
0.0
0.0
0.0
0.0
0.0
0.0
0.0
0.0
0.0
0.0
0.0
0.0
0.0
0.0
0.0
0.0
0.0
0.0
0.0
0.0
0.0
0.0
0.0
0.0
0.0
0.0
0.0
0.0
0.0
0.0
0.0
0.0
0.0
0.0
0.0
0.0
0.0
0.0
0.0
0.0
0.0
0.0
0.0
0.0
0.0
0.0
0.0
0.0
0.0
0.0
0.0
0.0
0.0
0.0
0.0
0.0
0.0
0.0
0.0
0.0
0.0
0.0
0.0
0.0
0.0
0.0
0.0
0.0
0.0
0.0
0.0
0.0
0.0
0.0
0.0
0.0
0.0
0.0
0.0
0.0
0.0
0.0
0.0
0.0
0.0
0.0
0.0
0.0
0.0
0.0
0.0
0.0
0.0
0.0
0.0
0.0
0.0
0.0
0.0
0.0
0.0
0.0
0.0
0.0
0.0
0.0
0.0
0.0
0.0
0.0
0.0
0.0
0.0
0.0
0.0
0.0
0.0
0.0
0.0
0.0
0.0
0.0
0.0
0.0
0.0
0.0
0.0
0.0
0.0
0.0
0.0
0.0
0.0
0.0
0.0
0.0
0.0
0.0
0.0
0.0
0.0
0.0
0.0
0.0
0.0
0.0
0.0
0.0
0.0
0.0
0.0
0.0
0.0
0.0
0.0
0.0
0.0
0.0
0.0
0.0
0.0
0.0
0.0
0.0
0.0
0.0
0.0
0.0
0.0
0.0
0.0
0.0
0.0
0.0
0.0
0.0
0.0
0.0
0.0
0.0
0.0
0.0
0.0
0.0
0.0
0.0
0.0
0.0
0.0
0.0
0.0
0.0
0.0
0.0
0.0
0.0
0.0
0.0
0.0
0.0
0.0
0.0
0.0
0.0
0.0
0.0
0.0
0.0
0.0
0.0
0.0
0.0
0.0
0.0
0.0
0.0
0.0
0.0
0.0
0.0
0.0
0.0
0.0
0.0
0.0
0.0
0.0
0.0
0.0
0.0
0.0
0.0
0.0
0.0
0.0
0.0
0.0
0.0
0.0
0.0
0.0
0.0
0.0
0.0
0.0
0.0
0.0
0.0
0.0
0.0
0.0
0.0
0.0
0.0
0.0
0.0
0.0
0.0
0.0
0.0
0.0
0.0
0.0
0.0
0.0
0.0
0.0
0.0
0.0
0.0
0.0
0.0
0.0
0.0
0.0
0.0
0.0
0.0
0.0
0.0
0.0
0.0
0.0
0.0
0.0
0.0
0.0
0.0
0.0
0.0
0.0
0.0
0.0
0.0
0.0
0.0
0.0
0.0
0.0
0.0
0.0
0.0
0.0
0.0
0.0
0.0
0.0
0.0
0.0
0.0
0.0
0.0
0.0
0.0
0.0
0.0
0.0
0.0
0.0
0.0
0.0
0.0
0.0
0.0
0.0
0.0
0.0
0.0
0.0
0.0
0.0
0.0
0.0
0.0
0.0
0.0
0.0
0.0
0.0
0.0
0.0
0.0
0.0
0.0
0.0
0.0
0.0
0.0
0.0
0.0
0.0
0.0
0.0
0.0
0.0
0.0
0.0
0.0
0.0
0.0
0.0
0.0
0.0
0.0
0.0
0.0
0.0
0.0
0.0
0.0
0.0
0.0
0.0
0.0
0.0
0.0
0.0
0.0
0.0
0.0
0.0
0.0
0.0
0.0
0.0
0.0
0.0
0.0
0.0
0.0
0.0
0.0
0.0
0.0
0.0
0.0
0.0
0.0
0.0
0.0
0.0
0.0
0.0
0.0
0.0
0.0
0.0
0.0
0.0
0.0
0.0
0.0
0.0
0.0
0.0
0.0
0.0
0.0
0.0
0.0
0.0
0.0
0.0
0.0
0.0
0.0
0.0
0.0
0.0
0.0
0.0
0.0
0.0
0.0
0.0
0.0
0.0
0.0
0.0
0.0
0.0
0.0
0.0
0.0
0.0
0.0
0.0
0.0
0.0
0.0
0.0
0.0
0.0
0.0
0.0
0.0
0.0
0.0
0.0
0.0
0.0
0.0
0.0
0.0
0.0
0.0
0.0
0.0
0.0
0.0
0.0
0.0
0.0
0.0
0.0
0.0
0.0
0.0
0.0
0.0
0.0
0.0
0.0
0.0
0.0
0.0
0.0
0.0
0.0
0.0
0.0
0.0
0.0
0.0
0.0
0.0
0.0
0.0
0.0
0.0
0.0
0.0
0.0
0.0
0.0
0.0
0.0
0.0
0.0
0.0
0.0
0.0
0.0
0.0
0.0
0.0
0.0
0.0
0.0
0.0
0.0
0.0
0.0
0.0
0.0
0.0
0.0
0.0
0.0
0.0
0.0
0.0
0.0
0.0
0.0
0.0
0.0
0.0
0.0
0.0
0.0
0.0
0.0
0.0
0.0
0.0
0.0
0.0
0.0
0.0
0.0
0.0
0.0
0.0
0.0
0.0
0.0
0.0
0.0
0.0
0.0
0.0
0.0
0.0
0.0
0.0
0.0
0.0
0.0
0.0
0.0
0.0
0.0
0.0
0.0
0.0
0.0
0.0
0.0
0.0
0.0
0.0
0.0
0.0
0.0
0.0
0.0
0.0
0.0
0.0
0.0
0.0
0.0
0.0
0.0
0.0
0.0
0.0
0.0
0.0
0.0
0.0
0.0
0.0
0.0
0.0
0.0
0.0
0.0
0.0
0.0
0.0
0.0
0.0
0.0
0.0
0.0
0.0
0.0
0.0
0.0
0.0
0.0
0.0
0.0
0.0
0.0
0.0
0.0
0.0
0.0
0.0
0.0
0.0
0.0
0.0
0.0
0.0
0.0
0.0
0.0
0.0
0.0
0.0
0.0
0.0
0.0
0.0
0.0
0.0
0.0
0.0
0.0
0.0
0.0
0.0
0.0
0.0
0.0
0.0
0.0
0.0
0.0
0.0
0.0
0.0
0.0
0.0
0.0
0.0
0.0
0.0
0.0
0.0
0.0
0.0
0.0
0.0
0.0
0.0
0.0
0.0
0.0
0.0
0.0
0.0
0.0
0.0
0.0
0.0
0.0
0.0
0.0
0.0
0.0
0.0
0.0
0.0
0.0
0.0
0.0
0.0
0.0
0.0
0.0
0.0
0.0
0.0
0.0
0.0
0.0
0.0
0.0
0.0
0.0
0.0
0.0
0.0
0.0
0.0
0.0
0.0
0.0
0.0
0.0
0.0
0.0
0.0
0.0
0.0
0.0
0.0
0.0
0.0
0.0
0.0
0.0
0.0
0.0
0.0
0.0
0.0
0.0
0.0
0.0
0.0
0.0
0.0
0.0
0.0
0.0
0.0
0.0
0.0
0.0
0.0
0.0
0.0
0.0
0.0
0.0
0.0
0.0
0.0
0.0
0.0
0.0
0.0
0.0
0.0
0.0
0.0
0.0
0.0
0.0
0.0
0.0
0.0
0.0
0.0
0.0
0.0
0.0
0.0
0.0
0.0
0.0
0.0
0.0
0.0
0.0
0.0
0.0
0.0
0.0
0.0
0.0
0.0
0.0
0.0
0.0
0.0
0.0
0.0
0.0
0.0
0.0
0.0
0.0
0.0
0.0
0.0
0.0
0.0
0.0
0.0
0.0
0.0
0.0
0.0
0.0
0.0
0.0
0.0
0.0
0.0
0.0
0.0
0.0
0.0
0.0
0.0
0.0
0.0
0.0
0.0
0.0
0.0
0.0
0.0
0.0
0.0
0.0
0.0
0.0
0.0
0.0
0.0
0.0
0.0
0.0
0.0
0.0
0.0
0.0
0.0
0.0
0.0
0.0
0.0
0.0
0.0
0.0
0.0
0.0
0.0
0.0
0.0
0.0
0.0
0.0
0.0
0.0
0.0
0.0
0.0
0.0
0.0
0.0
0.0
0.0
0.0
0.0
0.0
0.0
0.0
0.0
0.0
0.0
0.0
0.0
0.0
0.0
0.0
0.0
0.0
0.0
0.0
0.0
0.0
0.0
0.0
0.0
0.0
0.0
0.0
0.0
0.0
0.0
0.0
0.0
0.0
0.0
0.0
0.0
0.0
0.0
0.0
0.0
0.0
0.0
0.0
0.0
0.0
0.0
0.0
0.0
0.0
0.0
0.0
0.0
0.0
0.0
0.0
0.0
0.0
0.0
0.0
0.0
0.0
0.0
0.0
0.0
0.0
0.0
0.0
0.0
0.0
0.0
0.0
0.0
0.0
0.0
0.0
0.0
0.0
0.0
0.0
0.0
0.0
0.0
0.0
0.0
0.0
0.0
0.0
0.0
0.0
0.0
0.0
0.0
0.0
0.0
0.0
0.0
0.0
0.0
0.0
0.0
0.0
0.0
0.0
0.0
0.0
0.0
0.0
0.0
0.0
0.0
0.0
0.0
0.0
0.0
0.0
0.0
0.0
0.0
0.0
0.0
0.0
0.0
0.0
0.0
0.0
0.0
0.0
0.0
0.0
0.0
0.0
0.0
0.0
0.0
0.0
0.0
0.0
0.0
0.0
0.0
0.0
0.0
0.0
0.0
0.0
0.0
0.0
0.0
0.0
0.0
0.0
0.0
0.0
0.0
0.0
0.0
0.0
0.0
0.0
0.0
0.0
0.0
0.0
0.0
0.0
0.0
0.0
0.0
0.0
0.0
0.0
0.0
0.0
0.0
0.0
0.0
0.0
0.0
0.0
0.0
0.0
0.0
0.0
0.0
0.0
0.0
0.0
0.0
0.0
0.0
0.0
0.0
0.0
0.0
0.0
0.0
0.0
0.0
0.0
0.0
0.0
0.0
0.0
0.0
0.0
0.0
0.0
0.0
0.0
0.0
0.0
0.0
0.0
0.0
0.0
0.0
0.0
0.0
0.0
0.0
0.0
0.0
0.0
0.0
0.0
0.0
0.0
0.0
0.0
0.0
0.0
0.0
0.0
0.0
0.0
0.0
0.0
0.0
0.0
0.0
0.0
0.0
0.0
0.0
0.0
0.0
0.0
0.0
0.0
0.0
0.0
0.0
0.0
0.0
0.0
0.0
0.0
0.0
0.0
0.0
0.0
0.0
0.0
0.0
0.0
0.0
0.0
0.0
0.0
0.0
0.0
0.0
0.0
0.0
0.0
0.0
0.0
0.0
0.0
0.0
0.0
0.0
0.0
0.0
0.0
0.0
0.0
0.0
0.0
0.0
0.0
0.0
0.0
0.0
0.0
0.0
0.0
0.0
0.0
0.0
0.0
0.0
0.0
0.0
0.0
0.0
0.0
0.0
0.0
0.0
0.0
0.0
0.0
0.0
0.0
0.0
0.0
0.0
0.0
0.0
0.0
0.0
0.0
0.0
0.0
0.0
0.0
0.0
0.0
0.0
0.0
0.0
0.0
0.0
0.0
0.0
0.0
0.0
0.0
0.0
0.0
0.0
0.0
0.0
0.0
0.0
0.0
0.0
0.0
0.0
0.0
0.0
0.0
0.0
0.0
0.0
0.0
0.0
0.0
0.0
0.0
0.0
0.0
0.0
0.0
0.0
0.0
0.0
0.0
0.0
0.0
0.0
0.0
0.0
0.0
0.0
0.0
0.0
0.0
0.0
0.0
0.0
0.0
0.0
0.0
0.0
0.0
0.0
0.0
0.0
0.0
0.0
0.0
0.0
0.0
0.0
0.0
0.0
0.0
0.0
0.0
0.0
0.0
0.0
0.0
0.0
0.0
0.0
0.0
0.0
0.0
0.0
0.0
0.0
0.0
0.0
0.0
0.0
0.0
0.0
0.0
0.0
0.0
0.0
0.0
0.0
0.0
0.0
0.0
0.0
0.0
0.0
0.0
0.0
0.0
0.0
0.0
0.0
0.0
0.0
0.0
0.0
0.0
0.0
0.0
0.0
0.0
0.0
0.0
0.0
0.0
0.0
0.0
0.0
0.0
0.0
0.0
0.0
0.0
0.0
0.0
0.0
0.0
0.0
0.0
0.0
0.0
0.0
0.0
0.0
0.0
0.0
0.0
0.0
0.0
0.0
0.0
0.0
0.0
0.0
0.0
0.0
0.0
0.0
0.0
0.0
0.0
0.0
0.0
0.0
0.0
0.0
0.0
0.0
0.0
0.0
0.0
0.0
0.0
0.0
0.0
0.0
0.0
0.0
0.0
0.0
0.0
0.0
0.0
0.0
0.0
0.0
0.0
0.0
0.0
0.0
0.0
0.0
0.0
0.0
0.0
0.0
0.0
0.0
0.0
0.0
0.0
0.0
0.0
0.0
0.0
0.0
0.0
0.0
0.0
0.0
0.0
0.0
0.0
0.0
0.0
0.0
0.0
0.0
0.0
0.0
0.0
0.0
0.0
0.0
0.0
0.0
0.0
0.0
0.0
0.0
0.0
0.0
0.0
0.0
0.0
0.0
0.0
0.0
0.0
0.0
0.0
0.0
0.0
0.0
0.0
0.0
0.0
0.0
0.0
0.0
0.0
0.0
0.0
0.0
0.0
0.0
0.0
0.0
0.0
0.0
0.0
0.0
0.0
0.0
0.0
0.0
0.0
0.0
0.0
0.0
0.0
0.0
0.0
0.0
0.0
0.0
0.0
0.0
0.0
0.0
0.0
0.0
0.0
0.0
0.0
0.0
0.0
0.0
0.0
0.0
0.0
0.0
0.0
0.0
0.0
0.0
0.0
0.0
0.0
0.0
0.0
0.0
0.0
0.0
0.0
0.0
0.0
0.0
0.0
0.0
0.0
0.0
0.0
0.0
0.0
0.0
0.0
0.0
0.0
0.0
0.0
0.0
0.0
0.0
0.0
0.0
0.0
0.0
0.0
0.0
0.0
0.0
0.0
0.0
0.0
0.0
0.0
0.0
0.0
0.0
0.0
0.0
0.0
0.0
0.0
0.0
0.0
0.0
0.0
0.0
0.0
0.0
0.0
0.0
0.0
0.0
0.0
0.0
0.0
0.0
0.0
0.0
0.0
0.0
0.0
0.0
0.0
0.0
0.0
0.0
0.0
0.0
0.0
0.0
0.0
0.0
0.0
0.0
0.0
0.0
0.0
0.0
0.0
0.0
0.0
0.0
0.0
0.0
0.0
0.0
0.0
0.0
0.0
0.0
0.0
0.0
0.0
0.0
0.0
0.0
0.0
0.0
0.0
0.0
0.0
0.0
0.0
0.0
0.0
0.0
0.0
0.0
0.0
0.0
0.0
0.0
0.0
0.0
0.0
0.0
0.0
0.0
0.0
0.0
0.0
0.0
0.0
0.0
0.0
0.0
0.0
0.0
0.0
0.0
0.0
0.0
0.0
0.0
0.0
0.0
0.0
0.0
0.0
0.0
0.0
0.0
0.0
0.0
0.0
0.0
0.0
0.0
0.0
0.0
0.0
0.0
0.0
0.0
0.0
0.0
0.0
0.0
0.0
0.0
0.0
0.0
0.0
0.0
0.0
0.0
0.0
0.0
0.0
0.0
0.0
0.0
0.0
0.0
0.0
0.0
0.0
0.0
0.0
0.0
0.0
0.0
0.0
0.0
0.0
0.0
0.0
0.0
0.0
0.0
0.0
0.0
0.0
0.0
0.0
0.0
0.0
0.0
0.0
0.0
0.0
0.0
0.0
0.0
0.0
0.0
0.0
0.0
0.0
0.0
0.0
0.0
0.0
0.0
0.0
0.0
0.0
0.0
0.0
0.0
0.0
0.0
0.0
0.0
0.0
0.0
0.0
0.0
0.0
0.0
0.0
0.0
0.0
0.0
0.0
0.0
0.0
0.0
0.0
0.0
0.0
0.0
0.0
0.0
0.0
0.0
0.0
0.0
0.0
0.0
0.0
0.0
0.0
0.0
0.0
0.0
0.0
0.0
0.0
0.0
0.0
0.0
0.0
0.0
0.0
0.0
0.0
0.0
0.0
0.0
0.0
0.0
0.0
0.0
0.0
0.0
0.0
0.0
0.0
0.0
0.0
0.0
0.0
0.0
0.0
0.0
0.0
0.0
0.0
0.0
0.0
0.0
0.0
0.0
0.0
0.0
0.0
0.0
0.0
0.0
0.0
0.0
0.0
0.0
0.0
0.0
0.0
0.0
0.0
0.0
0.0
0.0
0.0
0.0
0.0
0.0
0.0
0.0
0.0
0.0
0.0
0.0
0.0
0.0
0.0
0.0
0.0
0.0
0.0
0.0
0.0
0.0
0.0
0.0
0.0
0.0
0.0
0.0
0.0
0.0
0.0
0.0
0.0
0.0
0.0
0.0
0.0
0.0
0.0
0.0
0.0
0.0
0.0
0.0
0.0
0.0
0.0
0.0
0.0
0.0
0.0
0.0
0.0
0.0
0.0
0.0
0.0
0.0
0.0
0.0
0.0
0.0
0.0
0.0
0.0
0.0
0.0
0.0
0.0
0.0
0.0
0.0
0.0
0.0
0.0
0.0
0.0
0.0
0.0
0.0
0.0
0.0
0.0
0.0
0.0
0.0
0.0
0.0
0.0
0.0
0.0
0.0
0.0
0.0
0.0
0.0
0.0
0.0
0.0
0.0
0.0
0.0
0.0
0.0
0.0
0.0
0.0
0.0
0.0
0.0
0.0
0.0
0.0
0.0
0.0
0.0
0.0
0.0
0.0
0.0
0.0
0.0
0.0
0.0
0.0
0.0
0.0
0.0
0.0
0.0
0.0
0.0
0.0
0.0
0.0
0.0
0.0
0.0
0.0
0.0
0.0
0.0
0.0
0.0
