0.0029027069975592406
0.0029033687609839585
0.0029039322122625163
0.0029044436945871153
0.002904920874275993
0.0029053729590056833
0.0029058055153195804
0.0029062222464042477
0.002906625763939522
0.0029070179996372723
0.002907400448713421
0.0029077742973337736
0.0029081404884603044
0.0029084998059464005
0.0029088529220546973
0.0029091995059988183
0.002909540868017083
0.0029098770039958713
0.0029102086768469705
0.0029105364170268055
0.002910860512448693
0.0029111811835949605
0.0029114986320880037
0.002911813045334448
0.0029121245922206496
0.0029124334241855186
0.00291273968491705
0.0029130435060491407
0.002913345005849796
0.002913644295631001
0.002913941471954624
0.002914236307967378
0.0029145291525216896
0.002914820191190812
0.002915109499334124
0.002915396993152749
0.0029156827433323663
0.002915966934552792
0.002916249670803015
0.0029165310094988596
0.0029168110032676644
0.0029170896967719144
0.0029173671387056027
0.0029176433732970427
0.002917918439271737
0.0029181923745651476
0.0029184652173415678
0.0029187370057347233
0.002919007562235837
0.0029192771002859276
0.0029195456903029398
0.002919813371494035
0.0029200801625623345
0.0029203460838124837
0.0029206111416579333
0.0029208752771619655
0.0029211385678798714
0.002921401106064209
0.002921662905637917
0.0029219239903684733
0.0029221843876674953
0.002922444112693292
0.002922703176917032
0.0029229615988319666
0.0029232194025158057
0.0029234766067518345
0.0029237330747314107
0.0029239889540830758
0.002924244283365984
0.0029244990767724696
0.0029247533480348344
0.0029250071105467006
0.0029252603759299277
0.0029255131553443713
0.0029257654562635555
0.0029260172387669983
0.0029262685150299923
0.002926519346964841
0.0029267697529071377
0.00292701974903136
0.002927269339092063
0.0029275185391745397
0.002927767371439552
0.0029280158077818826
0.002928263903205137
0.002928511535027614
0.002928758802911604
0.0029290057214104836
0.0029292523320149483
0.00292949861074528
0.0029297445872653186
0.0029299902577787085
0.002930235623981028
0.0029304807131665086
0.0029307255188766052
0.00293097004423216
0.0029312143024013354
0.0029314582561614866
0.002931701898340053
0.002931945296655168
0.0029321884432780376
0.002932431351296247
0.002932674043018865
0.0029329165191758883
0.0029331587675274036
0.0029334007540569714
0.002933642485435676
0.0029338840307720536
0.0029341253891325943
0.002934366560776824
0.0029346075460523623
0.002934848361368778
0.0029350889993529704
0.0029353294665892932
0.0029355697622533224
0.0029358098894166716
0.00293604985832766
0.0029362896901674995
0.0029365293702151474
0.00293676890169768
0.002937008270673272
0.002937247453190422
0.00293748647162816
0.0029377253520506013
0.002937964102225192
0.002938202724637152
0.002938441220864814
0.0029386795406277613
0.0029389177382251144
0.002939155821969974
0.002939393792228992
0.002939631648718001
0.0029398693984934677
0.002940107055050097
0.002940344625805402
0.00294058210205748
0.002940819477453254
0.0029410567491153497
0.002941293940141235
0.002941531062944343
0.0029417681004912377
0.0029420050476671156
0.0029422419153468113
0.0029424787127738787
0.0029427154458890174
0.00294295209151857
0.0029431886432422743
0.0029434250917181035
0.0029436614897728245
0.0029438978469520215
0.002944134111814754
0.002944370274449247
0.00294460640735406
0.002944842443781545
0.002945078466274835
0.0029453144418052695
0.002945550340950039
0.0029457862160936744
0.0029460220398344313
0.002946257832030839
0.0029464935815111054
0.0029467292903616487
0.0029469649661988152
0.002947200599182644
0.0029474362023753677
0.002947671770432432
0.00294790730307117
0.002948142817235111
0.0029483782850577077
0.0029486137635341397
0.002948849181297086
0.0029490845992512847
0.002949319969782477
0.0029495553135782462
0.0029497906023579577
0.0029500258842024884
0.0029502611161829084
0.0029504963163510443
0.002950731499314332
0.0029509666678440615
0.0029512018294516134
0.0029514369648354966
0.0029516721124326806
0.0029519072272367534
0.002952142357665609
0.002952377470138286
0.0029526125772388074
0.002952847682213169
0.0029530827616414076
0.0029533178536433244
0.002953552955658213
0.002953788044409281
0.0029540231398130002
0.002954258224494847
0.002954493304746527
0.002954728410315837
0.002954963484820021
0.0029551985630628394
0.002955433697521614
0.0029556687808158094
0.002955903891560775
0.002956139016624261
0.00295637410348624
0.002956609221386665
0.002956844300330245
0.0029570793316634997
0.0029573144259281204
0.002957549521343887
0.002957784599970892
0.0029580196951190484
0.0029582548318015586
0.0029584899575730624
0.0029587250878644576
0.0029589602504621164
0.0029591954170561673
0.0029594305898127163
0.0029596657771471424
0.002959900984083398
0.002960136206410822
0.002960371439708111
0.002960606689877764
0.0029608419599744295
0.002961077247402437
0.00296131254011998
0.002961547842431427
0.002961783183148314
0.00296201853761283
0.0029622538963161894
0.0029624892568054983
0.0029627246635821123
0.002962960100896947
0.0029631955272525984
0.0029634309514010937
0.0029636663850330413
0.0029639018704432597
0.002964137293527445
0.0029643726743489225
0.0029646080597024544
0.00296484352415083
0.002965079001369889
0.002965314470194207
0.0029655499413921474
0.0029657854396426832
0.0029660209844166625
0.0029662565534279216
0.002966492120154809
0.002966727688449567
0.0029669632856551033
0.0029671989084768635
0.002967434566633733
0.002967670239552053
0.0029679059101207733
0.00296814159981801
0.0029683773187411445
0.0029686130519780423
0.0029688488053218644
0.0029690845873863265
0.002969320373017061
0.0029695561762514773
0.0029697920053016894
0.0029700278470820144
0.002970263690385609
0.002970499551699725
0.0029707354571791534
0.0029709713660787365
0.0029712073006654
0.0029714432524214946
0.002971679201618603
0.0029719151579259313
0.002972151123785478
0.0029723870754670063
0.0029726230814679966
0.00297285911350789
0.0029730951243602255
0.0029733311328726396
0.0029735671465229443
0.00297380316786003
0.0029740391988615617
0.0029742752389344063
0.0029745112882551806
0.0029747473873157444
0.002974983516529875
0.0029752196397529133
0.002975455758105923
0.0029756918794412745
0.0029759280055844323
0.0029761641293687127
0.002976400252069649
0.0029766363813472163
0.002976872528779245
0.002977108697519995
0.0029773448699041195
0.0029775810383529198
0.002977817218665528
0.0029780534163852874
0.0029782896099409314
0.0029785257996074667
0.002978761988550624
0.0029789981774847813
0.0029792343672697674
0.002979470558018177
0.0029797067543932336
0.0029799429638076073
0.0029801791787767607
0.0029804153807077203
0.002980651577013527
0.0029808877685718336
0.0029811239554561955
0.0029813601374664004
0.0029815963052396343
0.0029818324577360724
0.002982068603073822
0.0029823047413982985
0.002982540872342738
0.002982776992033607
0.0029830130896335624
0.002983249176163538
0.0029834852529395228
0.0029837213349438916
0.002983957404575599
0.002984193457755672
0.002984429515178297
0.0029846655583220675
0.0029849015795226216
0.00298513758167058
0.00298537356563717
0.0029856095292375325
0.0029858454416540536
0.0029860813355587043
0.00298631720950566
0.002986553062563003
0.0029867888940431912
0.0029870247029891027
0.0029872604885007406
0.0029874962498315904
0.002987731986088156
0.0029879676962840116
0.002988203380268313
0.0029884390361239583
0.0029886746626686046
0.0029889102582622406
0.0029891458198188993
0.0029893813463057754
0.0029896168468201696
0.002989852323546468
0.002990087767134299
0.002990323176062693
0.002990558548947324
0.002990793884778157
0.002991029182563956
0.002991264441247984
0.002991499659684915
0.0029917348368746965
0.00299196997258759
0.002992205065177076
0.0029924401081192513
0.002992675095407916
0.002992910035992766
0.002993144928665092
0.0029933797721563094
0.0029936145652699484
0.0029938493078970185
0.002994083997355093
0.002994318631406373
0.0029945531974838145
0.002994787702388507
0.0029950221425557423
0.00299525652168052
0.002995490852316688
0.002995725110304223
0.00299595933363921
0.0029961935073039812
0.0029964276331450206
0.0029966617071042994
0.0029968957149023186
0.0029971296558324472
0.002997363528539048
0.0029975973309929473
0.0029978310617274646
0.0029980647191921
0.0029982983017807145
0.002998531807720441
0.0029987652357024957
0.00299899858241527
0.0029992318408189524
0.0029994650118325018
0.0029996981140856874
0.002999931146950975
0.0030001640887385903
0.003000396948267752
0.00300062973569727
0.003000862443729233
0.0030010950611958436
0.003001327586293441
0.0030015600169819145
0.0030017923514698047
0.003002024585663935
0.0030022567106718556
0.0030024887277760237
0.0030027206723635446
0.0030029525139415726
0.0030031842502970256
0.003003415877220972
0.0030036473857835097
0.0030038787879205528
0.0030041101139979417
0.0030043413271308977
0.0030045724235722255
0.003004803394854115
0.003005034246271813
0.00300526507446195
0.0030054958530173065
0.0030057265040229235
0.0030059570398042116
0.0030061874900567612
0.00300641777567686
0.0030066478949675748
0.003006877927495436
0.003007107811321067
0.0030073375958689585
0.0030075672718725462
0.003007796821042468
0.0030080262379329277
0.003008255513994415
0.0030084846413421123
0.0030087136210174724
0.0030089424383250157
0.003009171080785686
0.003009399654020942
0.0030096281118165836
0.0030098564231074696
0.0030100845843445616
0.0030103125923591715
0.0030105404436467325
0.0030107681328707344
0.0030109956474681974
0.00301122298012675
0.003011450202055264
0.003011677308034503
0.0030119042558445887
0.0030121310378568725
0.003012357651484824
0.0030125840906553465
0.003012810342622049
0.0030130364141948062
0.0030132623281880896
0.0030134880969954064
0.003013713715297028
0.0030139391638202826
0.0030141644284967664
0.003014389503438645
0.003014614373468592
0.003014839063616696
0.0030150635987033067
0.003015287938671278
0.003015512115869038
0.0030157361198867977
0.0030159599235509583
0.0030161835087762156
0.003016406887489788
0.0030166301248741776
0.0030168531499698806
0.003017075961821496
0.0030172985880999427
0.0030175210053352713
0.003017743087177372
0.0030179649401542094
0.00301818664607419
0.003018408129864204
0.003018629382810596
0.0030188504167736876
0.0030190712559849536
0.0030192918721799683
0.003019512254538139
0.003019732472001716
0.0030199524562441876
0.0030201721982567836
0.003020391694664657
0.003020610968771243
0.003020829998737579
0.0030210488662173267
0.003021267502839834
0.0030214858940886746
0.0030217040254438086
0.0030219218856144276
0.003022139505404228
0.0030223569097789092
0.0030225741196990307
0.0030227910761783045
0.003023007770875969
0.0030232241670121013
0.0030234402547659046
0.003023656134621718
0.0030238718214949585
0.003024087250542325
0.003024302406890173
0.0030245172825965885
0.0030247318567394304
0.0030249461387152473
0.0030251602506813175
0.0030253741077515923
0.003025587677327778
0.003025800956506956
0.0030260139268368973
0.0030262265775789004
0.0030264390393859373
0.0030266512508249775
0.003026863168986965
0.0030270747845764045
0.0030272860470476146
0.0030274969594974066
0.003027707651085658
0.0030279180840717926
0.003028128213350466
0.00302833802690302
0.003028547492226545
0.003028756662765684
0.0030289655866814003
0.0030291742329224547
0.0030293825643181757
0.003029590560151356
0.0030297982225658306
0.0030300055761567453
0.0030302126508907953
0.003030419435786593
0.003030625894253847
0.003030831988778383
0.0030310377715349135
0.0030312432537302004
0.0030314484116351625
0.0030316532606780937
0.0030318577627425087
0.003032061917055706
0.0030322657510961416
0.003032469275128761
0.0030326724976868845
0.003032875386926855
0.003033077913819535
0.0030332801040223365
0.0030334819649372132
0.0030336834597686157
0.0030338846245463514
0.003034085426655272
0.003034285869068583
0.0030344859958876696
0.0030346857396669363
0.0030348851143413807
0.0030350841218096864
0.0030352827668135764
0.0030354810791002112
0.003035678988660623
0.003035876502123134
0.0030360736369002455
0.0030362704022371657
0.003036466858693312
0.003036662909242664
0.003036858539932225
0.0030370537791940527
0.003037248643717452
0.003037443286241592
0.0030376375343103626
0.0030378314590137666
0.003038025005751077
0.0030382181041207646
0.003038410909507245
0.003038603295636713
0.0030387952521847613
0.003038986764124384
0.0030391778463765913
0.0030393686413939668
0.003039559007107584
0.0030397489316518153
0.0030399383988425383
0.003040127418844522
0.003040316146699564
0.0030405044360903456
0.0030406922734962393
0.0030408796381335918
0.0030410665480052044
0.0030412531540923555
0.003041439309845377
0.0030416250030662526
0.003041810204916889
0.00304199495921449
0.0030421793875326573
0.0030423633510727904
0.00304254683803756
0.003042729796022693
0.0030429123643553402
0.0030430945518596757
0.0030432762654024315
0.0030434574887765646
0.0030436381797831788
0.0030438184866313505
0.0030439983803281626
0.003044177696015576
0.003044356380702454
0.0030445345563249997
0.003044712319279891
0.003044889644855492
0.0030450664709126365
0.0030452427332787945
0.0030454185639770728
0.0030455939512634604
0.0030457688630613797
0.0030459432560720444
0.0030461171061974333
0.0030462904760742964
0.0030464634164560573
0.0030466358511388723
0.0030468077310917647
0.003046979109312873
0.003047149940834454
0.003047320310141352
0.003047490156233854
0.0030476594401406816
0.0030478282344010366
0.003047996520134988
0.003048164304583903
0.0030483315288484954
0.0030484982402635406
0.00304866440335531
0.003048830080017971
0.003048995141720396
0.00304915961766709
0.0030493235789090228
0.0030494869882057903
0.003049649872219834
0.0030498121731533743
0.003049973965428321
0.003050135195343342
0.0030502958733430994
0.0030504559961689976
0.0030506155502326962
0.0030507745607645585
0.0030509329880661126
0.0030510908563960875
0.0030512481407413785
0.0030514048832878007
0.003051561059188791
0.0030517167020492142
0.003051871743034978
0.0030520262397463823
0.003052180169894746
0.0030523334756573264
0.003052486183438404
0.0030526383079797293
0.0030527898604872463
0.003052940798491491
0.003053091088222367
0.0030532407577865198
0.00305338985380033
0.0030535383515470286
0.003053686199634359
0.0030538333995105346
0.003053980027917469
0.003054126068387293
0.003054271456279028
0.003054416230171774
0.0030545604911922956
0.0030547041513271254
0.003054847218768918
0.0030549896995742
0.0030551315330962273
0.0030552727614504395
0.003055413357075443
0.003055553259505028
0.0030556924813994017
0.003055831087874937
0.003055969068079464
0.0030561063403377873
0.0030562429050347475
0.0030563788404115388
0.003056514151869819
0.003056648754137731
0.0030567826243253584
0.003056915823720746
0.0030570484033000376
0.0030571802757922597
0.003057311402638106
0.003057441823471405
0.0030575716105344826
0.003057700694087672
0.0030578290252316603
0.0030579566188454624
0.0030580835503117064
0.0030582097869860606
0.003058335077398191
0.0030584595227786267
0.0030585832799052367
0.003058706338593178
0.003058828627206535
0.0030589501366796714
0.0030590709142750143
0.003059190989134394
0.0030593102954923315
0.0030594288064157873
0.0030595465549730734
0.003059663590071841
0.003059779791526523
0.003059895181296334
0.003060009781967891
0.0030601236559460957
0.003060236745042414
0.003060349004463613
0.003060460423295027
0.003060571002743364
0.0030606807874966166
0.003060789724740857
0.003060897826368182
0.003061005165821275
0.003061111696768804
0.0030612173671553393
0.003061322181956265
0.00306142620950765
0.0030615294062145268
0.00306163173520312
0.0030617332036465637
0.003061833938425207
0.003061933821440182
0.0030620328249502753
0.003062130939152779
0.0030622282129063897
0.003062324612064921
0.0030624200843663626
0.003062514631291164
0.00306260831543577
0.0030627011005295137
0.003062792977414866
0.0030628839459516622
0.0030629740263946655
0.0030630631867714798
0.003063151419810937
0.0030632387344239156
0.003063325270569427
0.003063410860052753
0.0030634954626080806
0.0030635792070786193
0.003063662132204266
0.0030637440881739354
0.003063825077228675
0.0030639050831661524
0.0030639841179869198
0.00306406215514226
0.0030641392022841673
0.003064215246972954
0.003064290288714846
0.0030643643078219437
0.0030644373082470214
0.0030645092907057277
0.0030645802381357554
0.0030646501317431714
0.0030647189734989257
0.003064786791864513
0.0030648535273693723
0.0030649191825062403
0.003064983758966406
0.0030650472871674296
0.003065109395867002
0.0030651703611075903
0.0030652302202122395
0.0030652889967120556
0.0030653466330960197
0.0030654031279089703
0.0030654584918586225
0.003065512734996148
0.00306556580281153
0.003065617630837504
0.0030656682989632744
0.003065717806654711
0.0030657660790813237
0.0030658130257457113
0.003065858782938225
0.0030659033391512262
0.0030659466597028114
0.0030659887386520947
0.003066029600413872
0.003066069218294299
0.0030661075638122337
0.003066144631050632
0.003066180574357374
0.0030662152212410894
0.0030662485596217423
0.003066280585554284
0.0030663112899478795
0.0030663406364735105
0.0030663686360607326
0.0030663953133008184
0.0030664206617150446
0.0030664446347314707
0.003066467219712555
0.0030664884309936887
0.00306650825229149
0.003066526658863284
0.003066543804815777
0.003066559570691672
0.003066573892811299
0.0030665866400213103
0.0030665981376892006
0.0030666083074177785
0.0030666169856194336
0.0030666241616062804
0.003066629823854276
0.003066633969102496
0.0030666365752864983
0.0030666376321324814
0.0030666371210387494
0.0030666350343127504
0.0030666313589117547
0.0030666260859951527
0.0030666192012189374
0.0030666106826443963
0.0030666005237184706
0.0030665887188160677
0.003066575239813849
0.0030665599721562044
0.0030665426901880133
0.0030665237118231835
0.00306650298553594
0.003066480513708183
0.003066456292017164
0.00306643031666555
0.0030664024943267503
0.003066372810682525
0.003066341208735658
0.00306630771039626
0.00306627232629898
0.003066235079805306
0.003066195977387851
0.0030661549565986243
0.0030661119937855762
0.0030660671725341367
0.003066020501692254
0.003065971832173341
0.003065921119408933
0.003065868385211882
0.0030658136868730664
0.0030657569106117403
0.0030656980636294025
0.003065637165612847
0.0030655741924974695
0.0030655090387815332
0.0030654417575606114
0.00306537237043738
0.003065300873038021
0.00306522728856045
0.0030651515050754024
0.0030650733997864034
0.003064993070603703
0.003064910610571094
0.0030648260326625806
0.0030647391544356946
0.003064649903698442
0.0030645582632753653
0.003064464302019205
0.0030643678963988177
0.003064269027050644
0.003064167702981151
0.003064063955829853
0.003063957693845651
0.0030638488385729477
0.003063737462799795
0.003063623547084789
0.0030635070208339154
0.0030633875406686655
0.0030632652620756306
0.0030631402633588822
0.0030630125687588104
0.003062882112545595
0.0030627489617091365
0.003062612686069421
0.003062473569107574
0.0030623316169145023
0.003062186836125966
0.003062039175713261
0.0030618885673801134
0.003061735185929864
0.0030615787333988765
0.0030614193009425457
0.0030612567681140676
0.003061091240133762
0.0030609225537535974
0.003060750761840389
0.0030605757832655412
0.0030603976438375183
0.0030602162774891473
0.003060031615138001
0.003059843747753386
0.0030596527147383054
0.0030594584104580626
0.0030592605669705806
0.0030590592329865886
0.0030588545626194096
0.00305864666126335
0.003058435320522883
0.0030582204336121787
0.003058001928774117
0.003057779815295945
0.0030575540851694996
0.0030573245019931182
0.003057091307694886
0.0030568542177281414
0.0030566133757174243
0.0030563685841979724
0.003056120005451297
0.003055867428060486
0.0030556106092014227
0.003055349421585761
0.0030550842501557442
0.0030548149380309423
0.0030545411259889615
0.0030542631103400732
0.003053980867644752
0.003053694348700216
0.0030534035766296105
0.00305310855785769
0.0030528090676781774
0.003052505009331464
0.0030521964529904265
0.003051883488480708
0.0030515659168388284
0.003051243506467403
0.003050916510856324
0.0030505848509223385
0.003050248320905139
0.0030499068400398175
0.0030495610028509995
0.003049210215181773
0.003048854101793567
0.0030484927897570643
0.0030481268523547284
0.003047755751054338
0.0030473795616904153
0.003046998240817644
0.0030466117764966433
0.0030462197467613665
0.0030458222038780894
0.003045419479064025
0.0030450111520868464
0.0030445969324435686
0.003044177144089592
0.0030437519344568642
0.0030433207849869534
0.003042883428505915
0.0030424398487150484
0.0030419904015455486
0.0030415344112520977
0.0030410722910485734
0.0030406044864466322
0.003040130319675364
0.0030396495656482628
0.0030391625787806204
0.0030386695788256527
0.0030381697521751658
0.003037663199926339
0.003037150242801584
0.00303663093708961
0.0030361043027728224
0.0030355708678003264
0.003035031089553323
0.00303448433082095
0.003033930233942592
0.0030333690760332654
0.003032801133221601
0.003032225413189787
0.003031642338858423
0.0030310525005285446
0.003030455497788859
0.0030298503118832147
0.003029237524536067
0.003028617658155383
0.0030279893718541747
0.0030273529590072678
0.0030267087866408604
0.003026057138392717
0.0030253964853341067
0.0030247274274242974
0.0030240496963587324
0.0030233636207552977
0.0030226685184439805
0.003021964838047789
0.003021253360474969
0.003020531985515056
0.003019801675670223
0.003019062739903143
0.0030183152352801423
0.0030175576812442695
0.003016790910302473
0.003016015440319905
0.003015230133100078
0.003014435041557125
0.003013630657220501
0.0030128173601536253
0.0030119927654477957
0.003011158174244434
0.0030103142482180334
0.0030094603632402966
0.0030085957568132364
0.003007720900509459
0.003006836325569485
0.003005940378095617
0.0030050333518258665
0.003004115837674981
0.003003188052886111
0.0030022480062848207
0.0030012965309544016
0.0030003344529721193
0.002999359843530976
0.0029983730413183705
0.0029973747179538562
0.002996365234126479
0.0029953429487615283
0.002994308311400483
0.002993262127376805
0.0029922037282077547
0.0029911317854180546
0.002990047438304257
0.0029889511295360994
0.002987841711431366
0.0029867187514935343
0.0029855831232255326
0.002984434310611409
0.002983271135509479
0.0029820945189247194
0.0029809050556388345
0.002979701684199055
0.0029784834746881634
0.0029772514807631005
0.00297600572041692
0.002974744934980457
0.0029734689414797474
0.0029721788234966197
0.002970873349253423
0.0029695517015119357
0.0029682147022451902
0.002966862508825077
0.002965494207008715
0.002964109141395768
0.0029627089305423963
0.0029612922730946315
0.0029598589738896413
0.0029584087743484444
0.0029569427297000115
0.0029554597402098428
0.002953958730395222
0.0029524411182595325
0.0029509060753903633
0.002949353007435233
0.002947781488397474
0.0029461931648937416
0.00294458580420612
0.0029429603555300057
0.002941316229784454
0.002939653674707372
0.002937972035093931
0.00293626959738305
0.0029345489762186397
0.002932807514426967
0.0029310466447071753
0.0029292648248367198
0.002927462630730578
0.002925639286562259
0.0029237944917751336
0.0029219294903781614
0.0029200420533997355
0.0029181339032252097
0.002916202811548109
0.0029142510794464634
0.0029122762144281316
0.002910279255655288
0.002908259017174416
0.0029062154225954952
0.0029041496189380843
0.0029020586132336885
0.002899945207226258
0.002897806781457968
0.0028956449833229883
0.002893457553306725
0.0028912453238965105
0.002889007536114875
0.002886744526599065
0.0028844562945068227
0.002882140014530498
0.0028797984148591733
0.0028774281261216093
0.0028750316637712204
0.002872606837425141
0.0028701555372748584
0.002867676558897775
0.0028651671789202584
0.0028626306612072328
0.00286006522959603
0.0028574704780511854
0.002854844384236867
0.002852190558104783
0.002849505364221706
0.002846788759922431
0.0028440415023454685
0.0028412641312987198
0.0028384546486176334
0.0028356109028248038
0.002832736448163537
0.0028298287169230252
0.002826887064900037
0.0028239109941189658
0.002820901805296146
0.002817857405397816
0.0028147753683083806
0.002811659484762371
0.0028085091095769944
0.0028053218394261553
0.0028020967040134456
0.0027988370843280213
0.0027955387914971506
0.0027921992551283663
0.002788823074745746
0.0027854099651772736
0.0027819560823826974
0.002778460876948439
0.0027749270322128005
0.0027713537575420138
0.0027677360536641654
0.0027640766207911996
0.002760377559906281
0.002756634007572722
0.0027528436264564627
0.0027490104121871
0.0027451348849021457
0.0027412114249123843
0.00273724180871666
0.002733228303761791
0.0027291695311371256
0.0027250574996633046
0.002720899207900661
0.002716695480362865
0.0027124397126437228
0.002708132279127026
0.002703776675043429
0.0026993737355783228
0.0026949114218007904
0.002690398432669151
0.002685834993683459
0.0026812175159718695
0.002676540801579207
0.0026718109598278792
0.0026670274672522727
0.0026621818107433427
0.0026572785835722985
0.0026523199817732445
0.0026473045344162526
0.0026422215697364548
0.0026370800543611835
0.0026318804030865954
0.0026266163111352526
0.0026212855765492256
0.002615893822087088
0.002610441657357151
0.002604914195561226
0.002599322041291533
0.002593665435116206
0.002587940738894038
0.002582140002012429
0.0025762716374155515
0.0025703345565950297
0.0025643181340062717
0.002558227570395608
0.0025520658056174344
0.0025458304845240127
0.002539508736182987
0.002533111768034449
0.002526639942171623
0.002520085207885536
0.0025134436574910804
0.002506723893960771
0.002499924267617638
0.002493028576224905
0.0024860480803584276
0.002478983864878166
0.0024718307841150263
0.0024645782588328885
0.0024572365817863077
0.002449806617693796
0.0024422727475033826
0.0024346408055959884
0.0024269151933288347
0.0024190924368005036
0.0024111571908387894
0.0024031216671058964
0.0023949862314264193
0.002386741874241787
0.002378382470443333
0.0023699174900667485
0.002361344737566937
0.0023526487287627096
0.002343835851038605
0.0023349104088532355
0.0023258646183572855
0.002316685839017284
0.002307387061784581
0.0022979676773394295
0.0022884091723066094
0.0022787158281872607
0.002268894056611225
0.002258939002339394
0.0022488357371014175
0.0022385906827074825
0.0022282076633891915
0.002217674689837576
0.0022069834416481525
0.002196164421906689
0.0021852267095696875
0.0021741514045351177
0.0021629416822673145
0.0021516043825780145
0.0021401316230040025
0.0021285094645171806
0.002116743887705581
0.0021048373665895916
0.002092771916926959
0.0020805459534551088
0.0020681652021704057
0.0020556255844259956
0.002042906627875854
0.002030011738043398
0.002016945424423975
0.002003696122890098
0.001990250295115693
0.0019766122858242484
0.001962780690677908
0.001948732103467561
0.0019344699651254599
0.0019199949129195325
0.0019052987485170024
0.0018903592202719787
0.001875178259371295
0.001859757475227843
0.0018440779616921016
0.0018281274046860825
0.001811906011362404
0.0017954068175711308
0.0017786034477232158
0.0017614943540161325
0.0017440743891170896
0.0017263296061004814
0.0017082326637516403
0.001689782411740701
0.0016709713528375596
0.0016517690259135454
0.0016321627154763103
0.0016121420250324087
0.0015916893787536206
0.0015707695899783202
0.0015493716042164947
0.0015274759692023088
0.001505053260493567
0.0014820639511171814
0.0014584939088014975
0.0014343104292983428
0.0014094611415641383
0.0013839162154995028
0.0013576372256686345
0.0013305768776568764
0.0013026666829667895
0.001273857130948499
0.0012440832841999912
0.0012132630160534758
0.0011813016358794717
0.0011481136593679742
0.001113575870902264
0.0010775356935980734
0.0010398405800639814
0.001000303547457066
0.0009586879372662772
0.000914682159783965
0.0008679266429493225
0.0008179380400699395
0.0007640627780512016
0.0007053926459428209
0.0006406171867896161
0.0005675992883933958
0.00048256372631259387
0.0003774874970219865
0.00022588216093004097
0.0
0.0
0.0
0.0
0.0
0.0
0.0
0.0
0.0
0.0
0.0
0.0
0.0
0.0
0.0
0.0
0.0
0.0
0.0
0.0
0.0
0.0
0.0
0.0
0.0
0.0
0.0
0.0
0.0
0.0
0.0
0.0
0.0
0.0
0.0
0.0
0.0
0.0
0.0
0.0
0.0
0.0
0.0
0.0
0.0
0.0
0.0
0.0
0.0
0.0
0.0
0.0
0.0
0.0
0.0
0.0
0.0
0.0
0.0
0.0
0.0
0.0
0.0
0.0
0.0
0.0
0.0
0.0
0.0
0.0
0.0
0.0
0.0
0.0
0.0
0.0
0.0
0.0
0.0
0.0
0.0
0.0
0.0
0.0
0.0
0.0
0.0
0.0
0.0
0.0
0.0
0.0
0.0
0.0
0.0
0.0
0.0
0.0
0.0
0.0
0.0
0.0
0.0
0.0
0.0
0.0
0.0
0.0
0.0
0.0
0.0
0.0
0.0
0.0
0.0
0.0
0.0
0.0
0.0
0.0
0.0
0.0
0.0
0.0
0.0
0.0
0.0
0.0
0.0
0.0
0.0
0.0
0.0
0.0
0.0
0.0
0.0
0.0
0.0
0.0
0.0
0.0
0.0
0.0
0.0
0.0
0.0
0.0
0.0
0.0
0.0
0.0
0.0
0.0
0.0
0.0
0.0
0.0
0.0
0.0
0.0
0.0
0.0
0.0
0.0
0.0
0.0
0.0
0.0
0.0
0.0
0.0
0.0
0.0
0.0
0.0
0.0
0.0
0.0
0.0
0.0
0.0
0.0
0.0
0.0
0.0
0.0
0.0
0.0
0.0
0.0
0.0
0.0
0.0
0.0
0.0
0.0
0.0
0.0
0.0
0.0
0.0
0.0
0.0
0.0
0.0
0.0
0.0
0.0
0.0
0.0
0.0
0.0
0.0
0.0
0.0
0.0
0.0
0.0
0.0
0.0
0.0
0.0
0.0
0.0
0.0
0.0
0.0
0.0
0.0
0.0
0.0
0.0
0.0
0.0
0.0
0.0
0.0
0.0
0.0
0.0
0.0
0.0
0.0
0.0
0.0
0.0
0.0
0.0
0.0
0.0
0.0
0.0
0.0
0.0
0.0
0.0
0.0
0.0
0.0
0.0
0.0
0.0
0.0
0.0
0.0
0.0
0.0
0.0
0.0
0.0
0.0
0.0
0.0
0.0
0.0
0.0
0.0
0.0
0.0
0.0
0.0
0.0
0.0
0.0
0.0
0.0
0.0
0.0
0.0
0.0
0.0
0.0
0.0
0.0
0.0
0.0
0.0
0.0
0.0
0.0
0.0
0.0
0.0
0.0
0.0
0.0
0.0
0.0
0.0
0.0
0.0
0.0
0.0
0.0
0.0
0.0
0.0
0.0
0.0
0.0
0.0
0.0
0.0
0.0
0.0
0.0
0.0
0.0
0.0
0.0
0.0
0.0
0.0
0.0
0.0
0.0
0.0
0.0
0.0
0.0
0.0
0.0
0.0
0.0
0.0
0.0
0.0
0.0
0.0
0.0
0.0
0.0
0.0
0.0
0.0
0.0
0.0
0.0
0.0
0.0
0.0
0.0
0.0
0.0
0.0
0.0
0.0
0.0
0.0
0.0
0.0
0.0
0.0
0.0
0.0
0.0
0.0
0.0
0.0
0.0
0.0
0.0
0.0
0.0
0.0
0.0
0.0
0.0
0.0
0.0
0.0
0.0
0.0
0.0
0.0
0.0
0.0
0.0
0.0
0.0
0.0
0.0
0.0
0.0
0.0
0.0
0.0
0.0
0.0
0.0
0.0
0.0
0.0
0.0
0.0
0.0
0.0
0.0
0.0
0.0
0.0
0.0
0.0
0.0
0.0
0.0
0.0
0.0
0.0
0.0
0.0
0.0
0.0
0.0
0.0
0.0
0.0
0.0
0.0
0.0
0.0
0.0
0.0
0.0
0.0
0.0
0.0
0.0
0.0
0.0
0.0
0.0
0.0
0.0
0.0
0.0
0.0
0.0
0.0
0.0
0.0
0.0
0.0
0.0
0.0
0.0
0.0
0.0
0.0
0.0
0.0
0.0
0.0
0.0
0.0
0.0
0.0
0.0
0.0
0.0
0.0
0.0
0.0
0.0
0.0
0.0
0.0
0.0
0.0
0.0
0.0
0.0
0.0
0.0
0.0
0.0
0.0
0.0
0.0
0.0
0.0
0.0
0.0
0.0
0.0
0.0
0.0
0.0
0.0
0.0
0.0
0.0
0.0
0.0
0.0
0.0
0.0
0.0
0.0
0.0
0.0
0.0
0.0
0.0
0.0
0.0
0.0
0.0
0.0
0.0
0.0
0.0
0.0
0.0
0.0
0.0
0.0
0.0
0.0
0.0
0.0
0.0
0.0
0.0
0.0
0.0
0.0
0.0
0.0
0.0
0.0
0.0
0.0
0.0
0.0
0.0
0.0
0.0
0.0
0.0
0.0
0.0
0.0
0.0
0.0
0.0
0.0
0.0
0.0
0.0
0.0
0.0
0.0
0.0
0.0
0.0
0.0
0.0
0.0
0.0
0.0
0.0
0.0
0.0
0.0
0.0
0.0
0.0
0.0
0.0
0.0
0.0
0.0
0.0
0.0
0.0
0.0
0.0
0.0
0.0
0.0
0.0
0.0
0.0
0.0
0.0
0.0
0.0
0.0
0.0
0.0
0.0
0.0
0.0
0.0
0.0
0.0
0.0
0.0
0.0
0.0
0.0
0.0
0.0
0.0
0.0
0.0
0.0
0.0
0.0
0.0
0.0
0.0
0.0
0.0
0.0
0.0
0.0
0.0
0.0
0.0
0.0
0.0
0.0
0.0
0.0
0.0
0.0
0.0
0.0
0.0
0.0
0.0
0.0
0.0
0.0
0.0
0.0
0.0
0.0
0.0
0.0
0.0
0.0
0.0
0.0
0.0
0.0
0.0
0.0
0.0
0.0
0.0
0.0
0.0
0.0
0.0
0.0
0.0
0.0
0.0
0.0
0.0
0.0
0.0
0.0
0.0
0.0
0.0
0.0
0.0
0.0
0.0
0.0
0.0
0.0
0.0
0.0
0.0
0.0
0.0
0.0
0.0
0.0
0.0
0.0
0.0
0.0
0.0
0.0
0.0
0.0
0.0
0.0
0.0
0.0
0.0
0.0
0.0
0.0
0.0
0.0
0.0
0.0
0.0
0.0
0.0
0.0
0.0
0.0
0.0
0.0
0.0
0.0
0.0
0.0
0.0
0.0
0.0
0.0
0.0
0.0
0.0
0.0
0.0
0.0
0.0
0.0
0.0
0.0
0.0
0.0
0.0
0.0
0.0
0.0
0.0
0.0
0.0
0.0
0.0
0.0
0.0
0.0
0.0
0.0
0.0
0.0
0.0
0.0
0.0
0.0
0.0
0.0
0.0
0.0
0.0
0.0
0.0
0.0
0.0
0.0
0.0
0.0
0.0
0.0
0.0
0.0
0.0
0.0
0.0
0.0
0.0
0.0
0.0
0.0
0.0
0.0
0.0
0.0
0.0
0.0
0.0
0.0
0.0
0.0
0.0
0.0
0.0
0.0
0.0
0.0
0.0
0.0
0.0
0.0
0.0
0.0
0.0
0.0
0.0
0.0
0.0
0.0
0.0
0.0
0.0
0.0
0.0
0.0
0.0
0.0
0.0
0.0
0.0
0.0
0.0
0.0
0.0
0.0
0.0
0.0
0.0
0.0
0.0
0.0
0.0
0.0
0.0
0.0
0.0
0.0
0.0
0.0
0.0
0.0
0.0
0.0
0.0
0.0
0.0
0.0
0.0
0.0
0.0
0.0
0.0
0.0
0.0
0.0
0.0
0.0
0.0
0.0
0.0
0.0
0.0
0.0
0.0
0.0
0.0
0.0
0.0
0.0
0.0
0.0
0.0
0.0
0.0
0.0
0.0
0.0
0.0
0.0
0.0
0.0
0.0
0.0
0.0
0.0
0.0
0.0
0.0
0.0
0.0
0.0
0.0
0.0
0.0
0.0
0.0
0.0
0.0
0.0
0.0
0.0
0.0
0.0
0.0
0.0
0.0
0.0
0.0
0.0
0.0
0.0
0.0
0.0
0.0
0.0
0.0
0.0
0.0
0.0
0.0
0.0
0.0
0.0
0.0
0.0
0.0
0.0
0.0
0.0
0.0
0.0
0.0
0.0
0.0
0.0
0.0
0.0
0.0
0.0
0.0
0.0
0.0
0.0
0.0
0.0
0.0
0.0
0.0
0.0
0.0
0.0
0.0
0.0
0.0
0.0
0.0
0.0
0.0
0.0
0.0
0.0
0.0
0.0
0.0
0.0
0.0
0.0
0.0
0.0
0.0
0.0
0.0
0.0
0.0
0.0
0.0
0.0
0.0
0.0
0.0
0.0
0.0
0.0
0.0
0.0
0.0
0.0
0.0
0.0
0.0
0.0
0.0
0.0
0.0
0.0
0.0
0.0
0.0
0.0
0.0
0.0
0.0
0.0
0.0
0.0
0.0
0.0
0.0
0.0
0.0
0.0
0.0
0.0
0.0
0.0
0.0
0.0
0.0
0.0
0.0
0.0
0.0
0.0
0.0
0.0
0.0
0.0
0.0
0.0
0.0
0.0
0.0
0.0
0.0
0.0
0.0
0.0
0.0
0.0
0.0
0.0
0.0
0.0
0.0
0.0
0.0
0.0
0.0
0.0
0.0
0.0
0.0
0.0
0.0
0.0
0.0
0.0
0.0
0.0
0.0
0.0
0.0
0.0
0.0
0.0
0.0
0.0
0.0
0.0
0.0
0.0
0.0
0.0
0.0
0.0
0.0
0.0
0.0
0.0
0.0
0.0
0.0
0.0
0.0
0.0
0.0
0.0
0.0
0.0
0.0
0.0
0.0
0.0
0.0
0.0
0.0
0.0
0.0
0.0
0.0
0.0
0.0
0.0
0.0
0.0
0.0
0.0
0.0
0.0
0.0
0.0
0.0
0.0
0.0
0.0
0.0
0.0
0.0
0.0
0.0
0.0
0.0
0.0
0.0
0.0
0.0
0.0
0.0
0.0
0.0
0.0
0.0
0.0
0.0
0.0
0.0
0.0
0.0
0.0
0.0
0.0
0.0
0.0
0.0
0.0
0.0
0.0
0.0
0.0
0.0
0.0
0.0
0.0
0.0
0.0
0.0
0.0
0.0
0.0
0.0
0.0
0.0
0.0
0.0
0.0
0.0
0.0
0.0
0.0
0.0
0.0
0.0
0.0
0.0
0.0
0.0
0.0
0.0
0.0
0.0
0.0
0.0
0.0
0.0
0.0
0.0
0.0
0.0
0.0
0.0
0.0
0.0
0.0
0.0
0.0
0.0
0.0
0.0
0.0
0.0
0.0
0.0
0.0
0.0
0.0
0.0
0.0
0.0
0.0
0.0
0.0
0.0
0.0
0.0
0.0
0.0
0.0
0.0
0.0
0.0
0.0
0.0
0.0
0.0
0.0
0.0
0.0
0.0
0.0
0.0
0.0
0.0
0.0
0.0
0.0
0.0
0.0
0.0
0.0
0.0
0.0
0.0
0.0
0.0
0.0
0.0
0.0
0.0
0.0
0.0
0.0
0.0
0.0
0.0
0.0
0.0
0.0
0.0
0.0
0.0
0.0
0.0
0.0
0.0
0.0
0.0
0.0
0.0
0.0
0.0
0.0
0.0
0.0
0.0
0.0
0.0
0.0
0.0
0.0
0.0
0.0
0.0
0.0
0.0
0.0
0.0
0.0
0.0
0.0
0.0
0.0
0.0
0.0
0.0
0.0
0.0
0.0
0.0
0.0
0.0
0.0
0.0
0.0
0.0
0.0
0.0
0.0
0.0
0.0
0.0
0.0
0.0
0.0
0.0
0.0
0.0
0.0
0.0
0.0
0.0
0.0
0.0
0.0
0.0
0.0
0.0
0.0
0.0
0.0
0.0
0.0
0.0
0.0
0.0
0.0
0.0
0.0
0.0
0.0
0.0
0.0
0.0
0.0
0.0
0.0
0.0
0.0
0.0
0.0
0.0
0.0
0.0
0.0
0.0
0.0
0.0
0.0
0.0
0.0
0.0
0.0
0.0
0.0
0.0
0.0
0.0
0.0
0.0
0.0
0.0
0.0
0.0
0.0
0.0
0.0
0.0
0.0
0.0
0.0
0.0
0.0
0.0
0.0
0.0
0.0
0.0
0.0
0.0
0.0
0.0
0.0
0.0
0.0
0.0
0.0
0.0
0.0
0.0
0.0
0.0
0.0
0.0
0.0
0.0
0.0
0.0
0.0
0.0
0.0
0.0
0.0
0.0
0.0
0.0
0.0
0.0
0.0
0.0
0.0
0.0
0.0
0.0
0.0
0.0
0.0
0.0
0.0
0.0
0.0
0.0
0.0
0.0
0.0
0.0
0.0
0.0
0.0
0.0
0.0
0.0
0.0
0.0
0.0
0.0
0.0
0.0
0.0
0.0
0.0
0.0
0.0
0.0
0.0
0.0
0.0
0.0
0.0
0.0
0.0
0.0
0.0
0.0
0.0
0.0
0.0
0.0
0.0
0.0
0.0
0.0
0.0
0.0
0.0
0.0
0.0
0.0
0.0
0.0
0.0
0.0
0.0
0.0
0.0
0.0
0.0
0.0
0.0
0.0
0.0
0.0
0.0
0.0
0.0
0.0
0.0
0.0
0.0
0.0
0.0
0.0
0.0
0.0
0.0
0.0
0.0
0.0
0.0
0.0
0.0
0.0
0.0
0.0
0.0
0.0
0.0
0.0
0.0
0.0
0.0
0.0
0.0
0.0
0.0
0.0
0.0
0.0
0.0
0.0
0.0
0.0
0.0
0.0
0.0
0.0
0.0
0.0
0.0
0.0
0.0
0.0
0.0
0.0
0.0
0.0
0.0
0.0
0.0
0.0
0.0
0.0
0.0
0.0
0.0
0.0
0.0
0.0
0.0
0.0
0.0
0.0
0.0
0.0
0.0
0.0
0.0
0.0
0.0
0.0
0.0
0.0
0.0
0.0
0.0
0.0
0.0
0.0
0.0
0.0
0.0
0.0
0.0
0.0
0.0
0.0
0.0
0.0
0.0
0.0
0.0
0.0
0.0
0.0
0.0
0.0
0.0
0.0
0.0
0.0
0.0
0.0
0.0
0.0
0.0
0.0
0.0
0.0
0.0
0.0
0.0
0.0
0.0
0.0
0.0
0.0
0.0
0.0
0.0
0.0
0.0
0.0
0.0
0.0
0.0
0.0
0.0
0.0
0.0
0.0
0.0
0.0
0.0
0.0
0.0
0.0
0.0
0.0
0.0
0.0
0.0
0.0
0.0
0.0
0.0
0.0
0.0
0.0
0.0
0.0
0.0
0.0
0.0
0.0
0.0
0.0
0.0
0.0
0.0
0.0
0.0
0.0
0.0
0.0
0.0
0.0
0.0
0.0
0.0
0.0
0.0
0.0
0.0
0.0
0.0
0.0
0.0
0.0
0.0
0.0
0.0
0.0
0.0
0.0
0.0
0.0
0.0
0.0
0.0
0.0
0.0
0.0
0.0
0.0
0.0
0.0
0.0
0.0
0.0
0.0
0.0
0.0
0.0
0.0
0.0
0.0
0.0
0.0
0.0
0.0
0.0
0.0
0.0
0.0
0.0
0.0
0.0
0.0
0.0
0.0
0.0
0.0
0.0
0.0
0.0
0.0
0.0
0.0
0.0
0.0
0.0
0.0
0.0
0.0
0.0
0.0
0.0
0.0
0.0
0.0
0.0
0.0
0.0
0.0
0.0
0.0
0.0
0.0
0.0
0.0
0.0
0.0
0.0
0.0
0.0
0.0
0.0
0.0
0.0
0.0
0.0
0.0
0.0
0.0
0.0
0.0
0.0
0.0
0.0
0.0
0.0
0.0
0.0
0.0
0.0
0.0
0.0
0.0
0.0
0.0
0.0
0.0
0.0
0.0
0.0
0.0
0.0
0.0
0.0
0.0
0.0
0.0
0.0
0.0
0.0
0.0
0.0
0.0
0.0
0.0
0.0
0.0
0.0
0.0
0.0
0.0
0.0
0.0
0.0
0.0
0.0
0.0
0.0
0.0
0.0
0.0
0.0
0.0
0.0
0.0
0.0
0.0
0.0
0.0
0.0
0.0
0.0
0.0
0.0
0.0
0.0
0.0
0.0
0.0
0.0
0.0
0.0
0.0
0.0
0.0
0.0
0.0
0.0
0.0
0.0
0.0
0.0
0.0
0.0
0.0
0.0
0.0
0.0
0.0
0.0
0.0
0.0
0.0
0.0
0.0
0.0
0.0
0.0
0.0
0.0
0.0
0.0
0.0
0.0
0.0
0.0
0.0
0.0
0.0
0.0
0.0
0.0
0.0
0.0
0.0
0.0
0.0
0.0
0.0
0.0
0.0
0.0
0.0
0.0
0.0
0.0
0.0
0.0
0.0
0.0
0.0
0.0
0.0
0.0
0.0
0.0
0.0
0.0
0.0
0.0
0.0
0.0
0.0
0.0
0.0
0.0
0.0
0.0
0.0
0.0
0.0
0.0
0.0
0.0
0.0
0.0
0.0
0.0
0.0
0.0
0.0
0.0
0.0
0.0
0.0
0.0
0.0
0.0
0.0
0.0
0.0
0.0
0.0
0.0
0.0
0.0
0.0
0.0
0.0
0.0
0.0
0.0
0.0
0.0
0.0
0.0
0.0
0.0
0.0
0.0
0.0
0.0
0.0
0.0
0.0
0.0
0.0
0.0
0.0
0.0
0.0
0.0
0.0
0.0
0.0
0.0
0.0
0.0
0.0
0.0
0.0
0.0
0.0
0.0
0.0
0.0
0.0
0.0
0.0
0.0
0.0
0.0
0.0
0.0
0.0
0.0
0.0
0.0
0.0
0.0
0.0
0.0
0.0
0.0
0.0
0.0
0.0
0.0
0.0
0.0
0.0
0.0
0.0
0.0
0.0
0.0
0.0
0.0
0.0
0.0
0.0
0.0
0.0
0.0
0.0
0.0
0.0
0.0
0.0
0.0
0.0
0.0
0.0
0.0
0.0
0.0
0.0
0.0
0.0
0.0
0.0
0.0
0.0
0.0
0.0
0.0
0.0
0.0
0.0
0.0
0.0
0.0
0.0
0.0
0.0
0.0
0.0
0.0
0.0
0.0
0.0
0.0
0.0
0.0
0.0
0.0
0.0
0.0
0.0
0.0
0.0
0.0
0.0
0.0
0.0
0.0
0.0
0.0
0.0
0.0
0.0
0.0
0.0
0.0
0.0
0.0
0.0
0.0
0.0
0.0
0.0
0.0
0.0
0.0
0.0
0.0
0.0
0.0
0.0
0.0
0.0
0.0
0.0
0.0
0.0
0.0
0.0
0.0
0.0
0.0
0.0
0.0
0.0
0.0
0.0
0.0
0.0
0.0
0.0
0.0
0.0
0.0
0.0
0.0
0.0
0.0
0.0
0.0
0.0
0.0
0.0
0.0
0.0
0.0
0.0
0.0
0.0
0.0
0.0
0.0
0.0
0.0
0.0
0.0
0.0
0.0
0.0
0.0
0.0
0.0
0.0
0.0
0.0
0.0
0.0
0.0
0.0
0.0
0.0
0.0
0.0
0.0
0.0
0.0
0.0
0.0
0.0
0.0
0.0
0.0
0.0
0.0
0.0
0.0
0.0
0.0
0.0
0.0
0.0
0.0
0.0
0.0
0.0
0.0
0.0
0.0
0.0
0.0
0.0
0.0
0.0
0.0
0.0
0.0
0.0
0.0
0.0
0.0
0.0
0.0
0.0
0.0
0.0
0.0
0.0
0.0
0.0
0.0
0.0
0.0
0.0
0.0
0.0
0.0
0.0
0.0
0.0
0.0
0.0
0.0
0.0
0.0
0.0
0.0
0.0
0.0
0.0
0.0
0.0
0.0
0.0
0.0
0.0
0.0
0.0
0.0
0.0
0.0
0.0
0.0
0.0
0.0
0.0
0.0
0.0
0.0
0.0
0.0
0.0
0.0
0.0
0.0
0.0
0.0
0.0
0.0
0.0
0.0
0.0
0.0
0.0
0.0
0.0
0.0
0.0
0.0
0.0
0.0
0.0
0.0
0.0
0.0
0.0
0.0
0.0
0.0
0.0
0.0
0.0
0.0
0.0
0.0
0.0
0.0
0.0
0.0
0.0
0.0
0.0
0.0
0.0
0.0
0.0
0.0
0.0
0.0
0.0
0.0
0.0
0.0
0.0
0.0
0.0
0.0
0.0
0.0
0.0
0.0
0.0
0.0
0.0
0.0
0.0
0.0
0.0
0.0
0.0
0.0
0.0
0.0
0.0
0.0
0.0
0.0
0.0
0.0
0.0
0.0
0.0
0.0
0.0
0.0
0.0
0.0
0.0
0.0
0.0
0.0
0.0
0.0
0.0
0.0
0.0
0.0
0.0
0.0
0.0
0.0
0.0
0.0
0.0
0.0
0.0
0.0
0.0
0.0
0.0
0.0
0.0
0.0
0.0
0.0
0.0
0.0
0.0
0.0
0.0
0.0
0.0
0.0
0.0
0.0
0.0
0.0
0.0
0.0
0.0
0.0
0.0
0.0
0.0
0.0
0.0
0.0
0.0
0.0
0.0
0.0
0.0
0.0
0.0
0.0
0.0
0.0
0.0
0.0
0.0
0.0
0.0
0.0
0.0
0.0
0.0
0.0
0.0
0.0
0.0
0.0
0.0
0.0
0.0
0.0
0.0
0.0
0.0
0.0
0.0
0.0
0.0
0.0
0.0
0.0
0.0
0.0
0.0
0.0
0.0
0.0
0.0
0.0
0.0
0.0
0.0
0.0
0.0
0.0
0.0
0.0
0.0
0.0
0.0
0.0
0.0
0.0
0.0
0.0
0.0
0.0
0.0
0.0
0.0
0.0
0.0
0.0
0.0
0.0
0.0
0.0
0.0
0.0
0.0
0.0
0.0
0.0
0.0
0.0
0.0
0.0
0.0
0.0
0.0
0.0
0.0
0.0
0.0
0.0
0.0
0.0
0.0
0.0
0.0
0.0
0.0
0.0
0.0
0.0
0.0
0.0
0.0
0.0
0.0
0.0
0.0
0.0
0.0
0.0
0.0
0.0
0.0
0.0
0.0
0.0
0.0
0.0
0.0
0.0
0.0
0.0
0.0
0.0
0.0
0.0
0.0
0.0
0.0
0.0
0.0
0.0
0.0
0.0
0.0
0.0
0.0
0.0
0.0
0.0
0.0
0.0
0.0
0.0
0.0
0.0
0.0
0.0
0.0
0.0
0.0
0.0
0.0
0.0
0.0
0.0
0.0
0.0
0.0
0.0
0.0
0.0
0.0
0.0
0.0
0.0
0.0
0.0
0.0
0.0
0.0
0.0
0.0
0.0
0.0
0.0
0.0
0.0
0.0
0.0
0.0
0.0
0.0
0.0
0.0
0.0
0.0
0.0
0.0
0.0
0.0
0.0
0.0
0.0
0.0
0.0
0.0
0.0
0.0
0.0
0.0
0.0
0.0
0.0
0.0
0.0
0.0
0.0
0.0
0.0
0.0
0.0
0.0
0.0
0.0
0.0
0.0
0.0
0.0
0.0
0.0
0.0
0.0
0.0
0.0
0.0
0.0
0.0
0.0
0.0
0.0
0.0
0.0
0.0
0.0
0.0
0.0
0.0
0.0
0.0
0.0
0.0
0.0
0.0
0.0
0.0
0.0
0.0
0.0
0.0
0.0
0.0
0.0
0.0
0.0
0.0
0.0
0.0
0.0
0.0
0.0
0.0
0.0
0.0
0.0
0.0
0.0
0.0
0.0
0.0
0.0
0.0
0.0
0.0
0.0
0.0
0.0
0.0
0.0
0.0
0.0
0.0
0.0
0.0
0.0
0.0
0.0
0.0
0.0
0.0
0.0
0.0
0.0
0.0
0.0
0.0
0.0
0.0
0.0
0.0
0.0
0.0
0.0
0.0
0.0
0.0
0.0
0.0
0.0
0.0
0.0
0.0
0.0
0.0
0.0
0.0
0.0
0.0
0.0
0.0
0.0
0.0
0.0
0.0
0.0
0.0
0.0
