3.055745613031258e-5
3.11195803340252e-5
3.160030405211787e-5
3.2038432887667593e-5
3.244854480182644e-5
3.28382206896773e-5
3.321203880043007e-5
3.3573042933700694e-5
3.392337800138271e-5
3.426462924035443e-5
3.459802352045774e-5
3.492453396094122e-5
3.524493300035307e-5
3.555986281864299e-5
3.586987498928601e-5
3.617464286898546e-5
3.6475284783983503e-5
3.6771769882359914e-5
3.7064745912722386e-5
3.735466145515322e-5
3.764175415673916e-5
3.7926203782749494e-5
3.820817478530923e-5
3.848782028232575e-5
3.876527810150236e-5
3.9040671572346344e-5
3.93141180507558e-5
3.958572500565582e-5
3.985558873717044e-5
4.0123800019714506e-5
4.039043704212882e-5
4.0655287494930887e-5
4.091865592579603e-5
4.118070210896061e-5
4.144148752907014e-5
4.170093020409248e-5
4.1959087244254995e-5
4.2216119447415545e-5
4.247211563496959e-5
4.2727122965888414e-5
4.298118454444309e-5
4.3234336495791836e-5
4.348661883273404e-5
4.3738067743151455e-5
4.398871461052253e-5
4.423859028175326e-5
4.448772599340302e-5
4.473615313952307e-5
4.498370570164647e-5
4.523057508430015e-5
4.547682268040545e-5
4.572248159016466e-5
4.5967566245759776e-5
4.6212092568783765e-5
4.64560638230742e-5
4.669942300585251e-5
4.694223873707885e-5
4.7184593656616176e-5
4.742649844530049e-5
4.766797294939142e-5
4.790904049895418e-5
4.814971318346317e-5
4.8389999725825426e-5
4.862991541348571e-5
4.886948080887459e-5
4.910871165425925e-5
4.9347478736974915e-5
4.958591742814636e-5
4.9824062060678946e-5
5.0061924384577984e-5
5.029951577709666e-5
5.0536847352838936e-5
5.077392861983931e-5
5.101076869570673e-5
5.124737328030547e-5
5.148370355554867e-5
5.171976946868304e-5
5.195562784224703e-5
5.2191294758957214e-5
5.242678434751928e-5
5.266209908257132e-5
5.289725309490441e-5
5.3132266329376425e-5
5.3367111264221075e-5
5.360183893477895e-5
5.383633220378844e-5
5.407068810051964e-5
5.43049170983165e-5
5.4539056294473376e-5
5.477308214298039e-5
5.500702203407723e-5
5.5240871616232416e-5
5.547463174462046e-5
5.5708327706967935e-5
5.594195267687897e-5
5.617550894210101e-5
5.640900841178488e-5
5.664241478853689e-5
5.6875720379342496e-5
5.7108989298051936e-5
5.7342213455133595e-5
5.7575404813114525e-5
5.780858420966183e-5
5.804175190030534e-5
5.827489562678949e-5
5.850798204159357e-5
5.874100969917502e-5
5.8974036166791236e-5
5.920707567615141e-5
5.944012807470545e-5
5.96731878962194e-5
5.990626179699939e-5
6.013935635516589e-5
6.037247757103317e-5
6.060562427398733e-5
6.0838799068296614e-5
6.107201048079908e-5
6.130526388231141e-5
6.153856053758115e-5
6.177190326944268e-5
6.20052781543711e-5
6.223866141764188e-5
6.24720877889313e-5
6.270557391272606e-5
6.293912233928221e-5
6.317273523543769e-5
6.340641388551189e-5
6.364010867306308e-5
6.387387246350891e-5
6.410771317436871e-5
6.434163093936472e-5
6.457562524860136e-5
6.480970282091295e-5
6.504387675408777e-5
6.527815420960291e-5
6.551252643264268e-5
6.574698688527914e-5
6.598153261638529e-5
6.621618627700873e-5
6.645096003791257e-5
6.668583691894374e-5
6.692081168410875e-5
6.71558949517081e-5
6.739109576840259e-5
6.762641993499371e-5
6.786184428573368e-5
6.809736223209998e-5
6.833296423849676e-5
6.856870277386643e-5
6.88045870361085e-5
6.904056309002683e-5
6.92766235537031e-5
6.951284075003167e-5
6.97491478111268e-5
6.998562726503074e-5
7.022224603865415e-5
7.045897451751819e-5
7.06958651790678e-5
7.093289048176485e-5
7.117007033149875e-5
7.14073934607571e-5
7.164486191332089e-5
7.1882483233566e-5
7.2120247476645e-5
7.235816784084176e-5
7.259623890040873e-5
7.283446032353985e-5
7.307284922788136e-5
7.331137737432934e-5
7.355010249866668e-5
7.378895225390373e-5
7.402798837459629e-5
7.426716251141405e-5
7.450649560625301e-5
7.474595881399989e-5
7.49856009992873e-5
7.522537840145806e-5
7.546530931456102e-5
7.570540859724155e-5
7.59456790720746e-5
7.618612842308471e-5
7.642673690584697e-5
7.666754386195684e-5
7.690850321988208e-5
7.714966456446229e-5
7.739099338567159e-5
7.76325027306099e-5
7.787419595344224e-5
7.811604896069095e-5
7.835810096345213e-5
7.860034939877326e-5
7.8842770306484e-5
7.908538422164374e-5
7.932817323127134e-5
7.957114381914343e-5
7.981432677889186e-5
8.005766380496898e-5
8.030119086594348e-5
8.054496243723225e-5
8.078886723630623e-5
8.103298675656974e-5
8.127730744776001e-5
8.15217746946591e-5
8.176646045612711e-5
8.201129173976418e-5
8.22562594219562e-5
8.250147875730302e-5
8.27468854315227e-5
8.299246066605284e-5
8.323823922083687e-5
8.348424732654275e-5
8.373043015678502e-5
8.397680381437858e-5
8.422339744229919e-5
8.447018139407117e-5
8.471715791654128e-5
8.496433583707459e-5
8.52117204552994e-5
8.545930736050456e-5
8.570709189629511e-5
8.595508027439885e-5
8.620327564156848e-5
8.645167521569754e-5
8.670026639725357e-5
8.694905368926791e-5
8.719806756745769e-5
8.744728197497918e-5
8.769668679888493e-5
8.794627936551161e-5
8.819610686252841e-5
8.84461526440788e-5
8.869637259270387e-5
8.894677587973418e-5
8.919737876494338e-5
8.944828326424225e-5
8.969930721558199e-5
8.995047167690956e-5
9.020182619494565e-5
9.045345053075726e-5
9.07052739534447e-5
9.09572737147423e-5
9.120946118960544e-5
9.146186272566823e-5
9.171449919563017e-5
9.196734670404691e-5
9.222037667817926e-5
9.247359310720508e-5
9.272702528178046e-5
9.298066961000484e-5
9.323453651096006e-5
9.348860376077236e-5
9.37428526562258e-5
9.399730618335654e-5
9.425197530162583e-5
9.450684380648612e-5
9.476191783853038e-5
9.501720661813895e-5
9.527268278260855e-5
9.552836137491712e-5
9.578425117453083e-5
9.604033785095746e-5
9.62966090465763e-5
9.655308248567946e-5
9.680978649805695e-5
9.70666765519157e-5
9.732377656402743e-5
9.75810773050638e-5
9.783855704478176e-5
9.809622608354062e-5
9.835408685851199e-5
9.861211316625004e-5
9.887037969923864e-5
9.912885540383455e-5
9.938748830103875e-5
9.964629869806238e-5
9.990529450056055e-5
0.00010016447822662328
0.00010042385147748142
0.00010068341361166235
0.0001009431645400387
0.00010120314859941196
0.00010146334405599851
0.00010172371079911354
0.00010198424969255213
0.0001022449690371968
0.0001025058704940917
0.00010276695423976889
0.0001030282202332743
0.00010328966879487155
0.0001035513127380713
0.00010381315538478299
0.00010407517679852555
0.0001043373681576907
0.00010459974659028846
0.00010486231788151042
0.00010512505764611292
0.00010538796572604575
0.00010565104517909729
0.00010591429633452723
0.00010617771942578793
0.00010644131427021897
0.00010670508567392787
0.00010696904145044639
0.0001072331727680677
0.00010749745830876226
0.00010776190579936207
0.00010802651566406067
0.00010829128741918715
0.0001085562202640944
0.00010882130288555471
0.00010908653354252345
0.00010935192209974768
0.0001096174672572509
0.00010988316757198872
0.00011014901802983845
0.00011041500573474676
0.00011068114240964975
0.00011094742883859234
0.00011121388121895803
0.00011148047866943514
0.00011174721616113284
0.00011201411636260777
0.00011228115760506179
0.0001125483304238742
0.00011281563727131133
0.00011308307830604106
0.00011335065249084062
0.00011361835742925958
0.00011388619345722661
0.00011415415827626288
0.00011442225000727997
0.00011469046695449002
0.00011495880709760565
0.00011522726846326559
0.00011549584923402127
0.00011576454740698259
0.00011603336082928176
0.00011630228797326229
0.00011657132596526194
0.00011684047239253266
0.00011710972429771484
0.00011737907704544303
0.0001176485283204281
0.00011791808739209054
0.00011818775562879364
0.00011845752087570573
0.00011872738034563406
0.0001189973313507524
0.00011926737149529385
0.00011953749837397566
0.00011980770948377507
0.00012007800219631608
0.0001203483740264024
0.00012061882304692355
0.00012088934616156373
0.0001211599345721323
0.0001214305799065994
0.00012170129099435618
0.00012197206496186318
0.00012224289883984422
0.0001225137897037921
0.00012278473544805155
0.00012305573182375384
0.00012332677463184707
0.00012359784769482154
0.00012386895717126005
0.0001241400972249981
0.00012441127038894306
0.0001246824891540277
0.00012495372390897014
0.00012522501701183418
0.00012549634929868013
0.00012576770346973872
0.00012603907603061823
0.00012631046292102923
0.00012658186112162554
0.0001268532670801179
0.0001271246766547797
0.00012739608608928563
0.0001276674914956619
0.00012793888888750404
0.00012821027404897505
0.00012848164295595338
0.00012875298965998026
0.00012902430388126864
0.00012929558437180697
0.00012956685048291905
0.00012983809916409795
0.00013010930278867212
0.00013038046868090185
0.00013065160670929738
0.00013092270590997176
0.00013119375071840627
0.00013146473645579733
0.00013173565811924572
0.0001320065106610523
0.0001322772866356349
0.00013254797313548908
0.00013281857175285834
0.00013308913379378286
0.00013335960519870926
0.0001336299802953646
0.00013390025099954222
0.00013417040422924553
0.00013444045084208444
0.0001347104232094162
0.00013498027519610276
0.00013524999908828906
0.000135519581485024
0.0001357890256629247
0.0001360583856527494
0.00013632760057160595
0.00013659665777904692
0.000136865559513913
0.00013713429948512468
0.00013740286083457342
0.00013767122858535802
0.00013793946822207587
0.0001382075038229005
0.00013847538883027876
0.00013874310883454257
0.0001390106342230438
0.00013927795504226496
0.00013954506153659045
0.00013981194037514084
0.00014007858815696074
0.00014034498407637926
0.00014061110931531308
0.00014087708249059064
0.00014114284553608467
0.0001414083575441114
0.0001416736101047972
0.00014193859514959278
0.00014220330397794116
0.00014246772569481112
0.00014273184070988853
0.0001429956355729057
0.00014325918836095787
0.00014352248811689373
0.0001437854809093567
0.00014404815265687602
0.00014431049488598251
0.0001445724957808348
0.00014483413527877905
0.0001450954158586462
0.00014535635827633394
0.00014561697096218085
0.00014587724268213433
0.00014613714552987625
0.0001463966575191939
0.00014665576584468572
0.000146914446871416
0.0001471727237978962
0.0001474306190553538
0.00014768808048044952
0.00014794513862819851
0.0001482017752029582
0.00014845795296135355
0.0001487136446984244
0.00014896885744713302
0.000149223658436897
0.00014947796025476255
0.0001497317550962475
0.00014998506749081434
0.00015023789065725328
0.0001504901657400671
0.00015074188814377527
0.00015099314326826022
0.00015124383857481277
0.00015149395623370357
0.0001517435022218108
0.00015199249630964355
0.00015224089875414884
0.00015248868925123898
0.00015273593682527378
0.00015298255701405017
0.0001532285314630504
0.0001534738480158095
0.00015371852359598935
0.00015396252533692893
0.00015420593543441044
0.00015444866923032928
0.0001546907011800599
0.00015493200634320104
0.00015517256327323762
0.00015541239664465964
0.00015565152408408522
0.00015588995885654078
0.000156127626707213
0.00015636450868649428
0.00015660057934494887
0.00015683579838315895
0.00015707025985051213
0.00015730396926036446
0.00015753684539734745
0.0001577688635287481
0.00015800000329063314
0.00015823023053704815
0.00015845954407907447
0.00015868806300428493
0.0001589156852647745
0.00015914236459142408
0.00015936808587127456
0.00015959281788088453
0.00015981653770713155
0.00016003937031459914
0.0001602612380243852
0.00016048208359557668
0.0001607018848090117
0.00016092060148994902
0.00016113823678839056
0.00016135487296772748
0.00016157045732990684
0.00016178492975951525
0.0001619982640225196
0.0001622104137505893
0.00016242141901297375
0.00016263131328681605
0.0001628400505476226
0.0001630475788899267
0.00016325386278342817
0.00016345888891820148
0.00016366266670762814
0.0001638652097119112
0.00016406649070902337
0.00016426645795235436
0.000164465059340825
0.00016466232872948904
0.00016485825947741754
0.00016505281226824976
0.00016524598434286105
0.00016543772197694833
0.0001656280070875935
0.00016581684743194398
0.00016600421630486606
0.0001661900948564404
0.0001663744607405583
0.0001665572686971233
0.00016673852232078828
0.00016691820890128747
0.00016709627592643707
0.000167272734861499
0.00016744753679802968
0.00016762066389630335
0.00016779213285461904
0.00016796186448382445
0.0001681298495845849
0.00016829606796031412
0.00016846050127883834
0.00016862316797940912
0.00016878397636586073
0.0001689429038524657
0.00016909994155651234
0.00016925507305524563
0.0001694083209194195
0.00016955958476157443
0.000169708829735455
0.00016985605271052138
0.00017000124084099147
0.00017014441753852337
0.000170285481503353
0.00017042440149272193
0.00017056114528018272
0.0001706956959255808
0.00017082810481839177
0.00017095825578852968
0.00017108611377772664
0.00017121164065396914
0.00017133481757832244
0.0001714557048727392
0.0001715741804415856
0.000171690206710419
0.00017180374367810886
0.000171914766693345
0.00017202333281114173
0.0001721293232896491
0.00017223269780821703
0.0001723334125295685
0.00017243144422480957
0.0001725268350944912
0.00017261947295698653
0.0001727093166074873
0.00017279631705515125
0.00017288045942689
0.00017296175890857803
0.0001730401140000932
0.0001731154823637523
0.00017318780500121802
0.00017325709755755832
0.00017332331978174787
0.00017338639476792466
0.00017344627653136856
0.0001735029108075855
0.00017355630028128283
0.00017360638955723129
0.00017365310699722487
0.000173696400925937
0.00017373623468973674
0.00017377258152195962
0.00017380538649916912
0.00017383458830556915
0.0001738601299950037
0.00017388198204471822
0.00017390008803120678
0.00017391439175764821
0.0001739248368320078
0.0001739313703727206
0.00017393394229973073
0.00017393249328438777
0.00017392696626368216
0.0001739173068146367
0.00017390345386767174
0.0001738853481057741
0.0001738629227129609
0.00017383612388274943
0.0001738048963721523
0.00017376916362409276
0.00017372886377070416
0.00017368392585641326
0.0001736343007407489
0.00017357990480452
0.00017352068066875246
0.00017345653375958
0.00017338740204133192
0.00017331323500723213
0.0001732339298483268
0.000173149429093069
0.00017305963842193547
0.00017296451130283647
0.00017286392275865225
0.0001727578199614595
0.0001726461141349075
0.00017252871777239233
0.0001724055561471841
0.00017227651661648003
0.00017214154121961207
0.0001720005156627647
0.000171853366618869
0.0001716999573605558
0.0001715402222643613
0.00017137407814196907
0.0001712014277940399
0.00017102210406480916
0.00017083601622654686
0.00017064312731715346
0.00017044329234763432
0.0001702363770113337
0.00017002224480727496
0.00016980083312202637
0.0001695720276008805
0.00016933568868463016
0.00016909163062577256
0.00016883975210954554
0.0001685800126581678
0.00016831227114624966
0.00016803625127905487
0.00016775182529125393
0.0001674590083755715
0.00016715762502868622
0.0001668474088988591
0.00016652818626506255
0.00016619990430038806
0.00016586246227661688
0.00016551562077449775
0.00016515909239460017
0.00016479275940649025
0.00016441659361038767
0.00016403037942127726
0.00016363373513229594
0.0001632264791565108
0.0001628086434651937
0.00016238002652740836
0.0001619401606827493
0.0001614887884053677
0.00016102595517283373
0.00016055151527999935
0.0001600650111173998
0.00015956599003657713
0.0001590545008422515
0.0001585304391108049
0.00015799337235984903
0.00015744271002050386
0.0001568784269286135
0.00015630044709395344
0.00015570838854848238
0.00015510158034532124
0.00015447980460985366
0.00015384305882610848
0.00015319098187810176
0.00015252280437068149
0.0001518381493936861
0.0001511370340516298
0.00015041910127876825
0.0001496836437646257
0.00014893001029253156
0.0001481581255815972
0.00014736769492943428
0.00014655798680917668
0.00014572812146396218
0.0001448779539990783
0.0001440071989178214
0.00014311507838735103
0.00014220046818770433
0.0001412631369023453
0.0001403027750867305
0.00013931853424722272
0.00013830901308298164
0.00013727385793479264
0.00013621270723603572
0.0001351246091601417
0.00013400784961963802
0.00013286188684210118
0.000131686242904073
0.00013047977430821503
0.0001292405275625078
0.0001279677002666673
0.00012666045183995874
0.00012531744394383466
0.0001239363954863028
0.0001225161598833246
0.00012105537489379103
0.00011955238953181389
0.00011800439768328043
0.00011640975140776841
0.00011476639057273928
0.0001130720960736847
0.00011132326517990579
0.00010951744331856278
0.00010765150203480631
0.00010572221788103335
0.0001037246855229923
0.0001016550568636025
9.950839623577037e-5
9.727959008629366e-5
9.496140680765531e-5
9.25473109467134e-5
9.002892954576759e-5
8.739720947699317e-5
8.464007048340626e-5
8.174500374008649e-5
7.869583722386816e-5
7.547371248664248e-5
7.205392202192006e-5
6.840697236113712e-5
6.449294966264477e-5
6.025922275770728e-5
5.5631482115779756e-5
5.050151814354645e-5
4.4694457946397704e-5
3.789807659038489e-5
2.943422044971282e-5
1.696695310341453e-5
0.0
0.0
0.0
0.0
0.0
0.0
0.0
0.0
0.0
0.0
0.0
0.0
0.0
0.0
0.0
0.0
0.0
0.0
0.0
0.0
0.0
0.0
0.0
0.0
0.0
0.0
0.0
0.0
0.0
0.0
0.0
0.0
0.0
0.0
0.0
0.0
0.0
0.0
0.0
0.0
0.0
0.0
0.0
0.0
0.0
0.0
0.0
0.0
0.0
0.0
0.0
0.0
0.0
0.0
0.0
0.0
0.0
0.0
0.0
0.0
0.0
0.0
0.0
0.0
0.0
0.0
0.0
0.0
0.0
0.0
0.0
0.0
0.0
0.0
0.0
0.0
0.0
0.0
0.0
0.0
0.0
0.0
0.0
0.0
0.0
0.0
0.0
0.0
0.0
0.0
0.0
0.0
0.0
0.0
0.0
0.0
0.0
0.0
0.0
0.0
0.0
0.0
0.0
0.0
0.0
0.0
0.0
0.0
0.0
0.0
0.0
0.0
0.0
0.0
0.0
0.0
0.0
0.0
0.0
0.0
0.0
0.0
0.0
0.0
0.0
0.0
0.0
0.0
0.0
0.0
0.0
0.0
0.0
0.0
0.0
0.0
0.0
0.0
0.0
0.0
0.0
0.0
0.0
0.0
0.0
0.0
0.0
0.0
0.0
0.0
0.0
0.0
0.0
0.0
0.0
0.0
0.0
0.0
0.0
0.0
0.0
0.0
0.0
0.0
0.0
0.0
0.0
0.0
0.0
0.0
0.0
0.0
0.0
0.0
0.0
0.0
0.0
0.0
0.0
0.0
0.0
0.0
0.0
0.0
0.0
0.0
0.0
0.0
0.0
0.0
0.0
0.0
0.0
0.0
0.0
0.0
0.0
0.0
0.0
0.0
0.0
0.0
0.0
0.0
0.0
0.0
0.0
0.0
0.0
0.0
0.0
0.0
0.0
0.0
0.0
0.0
0.0
0.0
0.0
0.0
0.0
0.0
0.0
0.0
0.0
0.0
0.0
0.0
0.0
0.0
0.0
0.0
0.0
0.0
0.0
0.0
0.0
0.0
0.0
0.0
0.0
0.0
0.0
0.0
0.0
0.0
0.0
0.0
0.0
0.0
0.0
0.0
0.0
0.0
0.0
0.0
0.0
0.0
0.0
0.0
0.0
0.0
0.0
0.0
0.0
0.0
0.0
0.0
0.0
0.0
0.0
0.0
0.0
0.0
0.0
0.0
0.0
0.0
0.0
0.0
0.0
0.0
0.0
0.0
0.0
0.0
0.0
0.0
0.0
0.0
0.0
0.0
0.0
0.0
0.0
0.0
0.0
0.0
0.0
0.0
0.0
0.0
0.0
0.0
0.0
0.0
0.0
0.0
0.0
0.0
0.0
0.0
0.0
0.0
0.0
0.0
0.0
0.0
0.0
0.0
0.0
0.0
0.0
0.0
0.0
0.0
0.0
0.0
0.0
0.0
0.0
0.0
0.0
0.0
0.0
0.0
0.0
0.0
0.0
0.0
0.0
0.0
0.0
0.0
0.0
0.0
0.0
0.0
0.0
0.0
0.0
0.0
0.0
0.0
0.0
0.0
0.0
0.0
0.0
0.0
0.0
0.0
0.0
0.0
0.0
0.0
0.0
0.0
0.0
0.0
0.0
0.0
0.0
0.0
0.0
0.0
0.0
0.0
0.0
0.0
0.0
0.0
0.0
0.0
0.0
0.0
0.0
0.0
0.0
0.0
0.0
0.0
0.0
0.0
0.0
0.0
0.0
0.0
0.0
0.0
0.0
0.0
0.0
0.0
0.0
0.0
0.0
0.0
0.0
0.0
0.0
0.0
0.0
0.0
0.0
0.0
0.0
0.0
0.0
0.0
0.0
0.0
0.0
0.0
0.0
0.0
0.0
0.0
0.0
0.0
0.0
0.0
0.0
0.0
0.0
0.0
0.0
0.0
0.0
0.0
0.0
0.0
0.0
0.0
0.0
0.0
0.0
0.0
0.0
0.0
0.0
0.0
0.0
0.0
0.0
0.0
0.0
0.0
0.0
0.0
0.0
0.0
0.0
0.0
0.0
0.0
0.0
0.0
0.0
0.0
0.0
0.0
0.0
0.0
0.0
0.0
0.0
0.0
0.0
0.0
0.0
0.0
0.0
0.0
0.0
0.0
0.0
0.0
0.0
0.0
0.0
0.0
0.0
0.0
0.0
0.0
0.0
0.0
0.0
0.0
0.0
0.0
0.0
0.0
0.0
0.0
0.0
0.0
0.0
0.0
0.0
0.0
0.0
0.0
0.0
0.0
0.0
0.0
0.0
0.0
0.0
0.0
0.0
0.0
0.0
0.0
0.0
0.0
0.0
0.0
0.0
0.0
0.0
0.0
0.0
0.0
0.0
0.0
0.0
0.0
0.0
0.0
0.0
0.0
0.0
0.0
0.0
0.0
0.0
0.0
0.0
0.0
0.0
0.0
0.0
0.0
0.0
0.0
0.0
0.0
0.0
0.0
0.0
0.0
0.0
0.0
0.0
0.0
0.0
0.0
0.0
0.0
0.0
0.0
0.0
0.0
0.0
0.0
0.0
0.0
0.0
0.0
0.0
0.0
0.0
0.0
0.0
0.0
0.0
0.0
0.0
0.0
0.0
0.0
0.0
0.0
0.0
0.0
0.0
0.0
0.0
0.0
0.0
0.0
0.0
0.0
0.0
0.0
0.0
0.0
0.0
0.0
0.0
0.0
0.0
0.0
0.0
0.0
0.0
0.0
0.0
0.0
0.0
0.0
0.0
0.0
0.0
0.0
0.0
0.0
0.0
0.0
0.0
0.0
0.0
0.0
0.0
0.0
0.0
0.0
0.0
0.0
0.0
0.0
0.0
0.0
0.0
0.0
0.0
0.0
0.0
0.0
0.0
0.0
0.0
0.0
0.0
0.0
0.0
0.0
0.0
0.0
0.0
0.0
0.0
0.0
0.0
0.0
0.0
0.0
0.0
0.0
0.0
0.0
0.0
0.0
0.0
0.0
0.0
0.0
0.0
0.0
0.0
0.0
0.0
0.0
0.0
0.0
0.0
0.0
0.0
0.0
0.0
0.0
0.0
0.0
0.0
0.0
0.0
0.0
0.0
0.0
0.0
0.0
0.0
0.0
0.0
0.0
0.0
0.0
0.0
0.0
0.0
0.0
0.0
0.0
0.0
0.0
0.0
0.0
0.0
0.0
0.0
0.0
0.0
0.0
0.0
0.0
0.0
0.0
0.0
0.0
0.0
0.0
0.0
0.0
0.0
0.0
0.0
0.0
0.0
0.0
0.0
0.0
0.0
0.0
0.0
0.0
0.0
0.0
0.0
0.0
0.0
0.0
0.0
0.0
0.0
0.0
0.0
0.0
0.0
0.0
0.0
0.0
0.0
0.0
0.0
0.0
0.0
0.0
0.0
0.0
0.0
0.0
0.0
0.0
0.0
0.0
0.0
0.0
0.0
0.0
0.0
0.0
0.0
0.0
0.0
0.0
0.0
0.0
0.0
0.0
0.0
0.0
0.0
0.0
0.0
0.0
0.0
0.0
0.0
0.0
0.0
0.0
0.0
0.0
0.0
0.0
0.0
0.0
0.0
0.0
0.0
0.0
0.0
0.0
0.0
0.0
0.0
0.0
0.0
0.0
0.0
0.0
0.0
0.0
0.0
0.0
0.0
0.0
0.0
0.0
0.0
0.0
0.0
0.0
0.0
0.0
0.0
0.0
0.0
0.0
0.0
0.0
0.0
0.0
0.0
0.0
0.0
0.0
0.0
0.0
0.0
0.0
0.0
0.0
0.0
0.0
0.0
0.0
0.0
0.0
0.0
0.0
0.0
0.0
0.0
0.0
0.0
0.0
0.0
0.0
0.0
0.0
0.0
0.0
0.0
0.0
0.0
0.0
0.0
0.0
0.0
0.0
0.0
0.0
0.0
0.0
0.0
0.0
0.0
0.0
0.0
0.0
0.0
0.0
0.0
0.0
0.0
0.0
0.0
0.0
0.0
0.0
0.0
0.0
0.0
0.0
0.0
0.0
0.0
0.0
0.0
0.0
0.0
0.0
0.0
0.0
0.0
0.0
0.0
0.0
0.0
0.0
0.0
0.0
0.0
0.0
0.0
0.0
0.0
0.0
0.0
0.0
0.0
0.0
0.0
0.0
0.0
0.0
0.0
0.0
0.0
0.0
0.0
0.0
0.0
0.0
0.0
0.0
0.0
0.0
0.0
0.0
0.0
0.0
0.0
0.0
0.0
0.0
0.0
0.0
0.0
0.0
0.0
0.0
0.0
0.0
0.0
0.0
0.0
0.0
0.0
0.0
0.0
0.0
0.0
0.0
0.0
0.0
0.0
0.0
0.0
0.0
0.0
0.0
0.0
0.0
0.0
0.0
0.0
0.0
0.0
0.0
0.0
0.0
0.0
0.0
0.0
0.0
0.0
0.0
0.0
0.0
0.0
0.0
0.0
0.0
0.0
0.0
0.0
0.0
0.0
0.0
0.0
0.0
0.0
0.0
0.0
0.0
0.0
0.0
0.0
0.0
0.0
0.0
0.0
0.0
0.0
0.0
0.0
0.0
0.0
0.0
0.0
0.0
0.0
0.0
0.0
0.0
0.0
0.0
0.0
0.0
0.0
0.0
0.0
0.0
0.0
0.0
0.0
0.0
0.0
0.0
0.0
0.0
0.0
0.0
0.0
0.0
0.0
0.0
0.0
0.0
0.0
0.0
0.0
0.0
0.0
0.0
0.0
0.0
0.0
0.0
0.0
0.0
0.0
0.0
0.0
0.0
0.0
0.0
0.0
0.0
0.0
0.0
0.0
0.0
0.0
0.0
0.0
0.0
0.0
0.0
0.0
0.0
0.0
0.0
0.0
0.0
0.0
0.0
0.0
0.0
0.0
0.0
0.0
0.0
0.0
0.0
0.0
0.0
0.0
0.0
0.0
0.0
0.0
0.0
0.0
0.0
0.0
0.0
0.0
0.0
0.0
0.0
0.0
0.0
0.0
0.0
0.0
0.0
0.0
0.0
0.0
0.0
0.0
0.0
0.0
0.0
0.0
0.0
0.0
0.0
0.0
0.0
0.0
0.0
0.0
0.0
0.0
0.0
0.0
0.0
0.0
0.0
0.0
0.0
0.0
0.0
0.0
0.0
0.0
0.0
0.0
0.0
0.0
0.0
0.0
0.0
0.0
0.0
0.0
0.0
0.0
0.0
0.0
0.0
0.0
0.0
0.0
0.0
0.0
0.0
0.0
0.0
0.0
0.0
0.0
0.0
0.0
0.0
0.0
0.0
0.0
0.0
0.0
0.0
0.0
0.0
0.0
0.0
0.0
0.0
0.0
0.0
0.0
0.0
0.0
0.0
0.0
0.0
0.0
0.0
0.0
0.0
0.0
0.0
0.0
0.0
0.0
0.0
0.0
0.0
0.0
0.0
0.0
0.0
0.0
0.0
0.0
0.0
0.0
0.0
0.0
0.0
0.0
0.0
0.0
0.0
0.0
0.0
0.0
0.0
0.0
0.0
0.0
0.0
0.0
0.0
0.0
0.0
0.0
0.0
0.0
0.0
0.0
0.0
0.0
0.0
0.0
0.0
0.0
0.0
0.0
0.0
0.0
0.0
0.0
0.0
0.0
0.0
0.0
0.0
0.0
0.0
0.0
0.0
0.0
0.0
0.0
0.0
0.0
0.0
0.0
0.0
0.0
0.0
0.0
0.0
0.0
0.0
0.0
0.0
0.0
0.0
0.0
0.0
0.0
0.0
0.0
0.0
0.0
0.0
0.0
0.0
0.0
0.0
0.0
0.0
0.0
0.0
0.0
0.0
0.0
0.0
0.0
0.0
0.0
0.0
0.0
0.0
0.0
0.0
0.0
0.0
0.0
0.0
0.0
0.0
0.0
0.0
0.0
0.0
0.0
0.0
0.0
0.0
0.0
0.0
0.0
0.0
0.0
0.0
0.0
0.0
0.0
0.0
0.0
0.0
0.0
0.0
0.0
0.0
0.0
0.0
0.0
0.0
0.0
0.0
0.0
0.0
0.0
0.0
0.0
0.0
0.0
0.0
0.0
0.0
0.0
0.0
0.0
0.0
0.0
0.0
0.0
0.0
0.0
0.0
0.0
0.0
0.0
0.0
0.0
0.0
0.0
0.0
0.0
0.0
0.0
0.0
0.0
0.0
0.0
0.0
0.0
0.0
0.0
0.0
0.0
0.0
0.0
0.0
0.0
0.0
0.0
0.0
0.0
0.0
0.0
0.0
0.0
0.0
0.0
0.0
0.0
0.0
0.0
0.0
0.0
0.0
0.0
0.0
0.0
0.0
0.0
0.0
0.0
0.0
0.0
0.0
0.0
0.0
0.0
0.0
0.0
0.0
0.0
0.0
0.0
0.0
0.0
0.0
0.0
0.0
0.0
0.0
0.0
0.0
0.0
0.0
0.0
0.0
0.0
0.0
0.0
0.0
0.0
0.0
0.0
0.0
0.0
0.0
0.0
0.0
0.0
0.0
0.0
0.0
0.0
0.0
0.0
0.0
0.0
0.0
0.0
0.0
0.0
0.0
0.0
0.0
0.0
0.0
0.0
0.0
0.0
0.0
0.0
0.0
0.0
0.0
0.0
0.0
0.0
0.0
0.0
0.0
0.0
0.0
0.0
0.0
0.0
0.0
0.0
0.0
0.0
0.0
0.0
0.0
0.0
0.0
0.0
0.0
0.0
0.0
0.0
0.0
0.0
0.0
0.0
0.0
0.0
0.0
0.0
0.0
0.0
0.0
0.0
0.0
0.0
0.0
0.0
0.0
0.0
0.0
0.0
0.0
0.0
0.0
0.0
0.0
0.0
0.0
0.0
0.0
0.0
0.0
0.0
0.0
0.0
0.0
0.0
0.0
0.0
0.0
0.0
0.0
0.0
0.0
0.0
0.0
0.0
0.0
0.0
0.0
0.0
0.0
0.0
0.0
0.0
0.0
0.0
0.0
0.0
0.0
0.0
0.0
0.0
0.0
0.0
0.0
0.0
0.0
0.0
0.0
0.0
0.0
0.0
0.0
0.0
0.0
0.0
0.0
0.0
0.0
0.0
0.0
0.0
0.0
0.0
0.0
0.0
0.0
0.0
0.0
0.0
0.0
0.0
0.0
0.0
0.0
0.0
0.0
0.0
0.0
0.0
0.0
0.0
0.0
0.0
0.0
0.0
0.0
0.0
0.0
0.0
0.0
0.0
0.0
0.0
0.0
0.0
0.0
0.0
0.0
0.0
0.0
0.0
0.0
0.0
0.0
0.0
0.0
0.0
0.0
0.0
0.0
0.0
0.0
0.0
0.0
0.0
0.0
0.0
0.0
0.0
0.0
0.0
0.0
0.0
0.0
0.0
0.0
0.0
0.0
0.0
0.0
0.0
0.0
0.0
0.0
0.0
0.0
0.0
0.0
0.0
0.0
0.0
0.0
0.0
0.0
0.0
0.0
0.0
0.0
0.0
0.0
0.0
0.0
0.0
0.0
0.0
0.0
0.0
0.0
0.0
0.0
0.0
0.0
0.0
0.0
0.0
0.0
0.0
0.0
0.0
0.0
0.0
0.0
0.0
0.0
0.0
0.0
0.0
0.0
0.0
0.0
0.0
0.0
0.0
0.0
0.0
0.0
0.0
0.0
0.0
0.0
0.0
0.0
0.0
0.0
0.0
0.0
0.0
0.0
0.0
0.0
0.0
0.0
0.0
0.0
0.0
0.0
0.0
0.0
0.0
0.0
0.0
0.0
0.0
0.0
0.0
0.0
0.0
0.0
0.0
0.0
0.0
0.0
0.0
0.0
0.0
0.0
0.0
0.0
0.0
0.0
0.0
0.0
0.0
0.0
0.0
0.0
0.0
0.0
0.0
0.0
0.0
0.0
0.0
0.0
0.0
0.0
0.0
0.0
0.0
0.0
0.0
0.0
0.0
0.0
0.0
0.0
0.0
0.0
0.0
0.0
0.0
0.0
0.0
0.0
0.0
0.0
0.0
0.0
0.0
0.0
0.0
0.0
0.0
0.0
0.0
0.0
0.0
0.0
0.0
0.0
0.0
0.0
0.0
0.0
0.0
0.0
0.0
0.0
0.0
0.0
0.0
0.0
0.0
0.0
0.0
0.0
0.0
0.0
0.0
0.0
0.0
0.0
0.0
0.0
0.0
0.0
0.0
0.0
0.0
0.0
0.0
0.0
0.0
0.0
0.0
0.0
0.0
0.0
0.0
0.0
0.0
0.0
0.0
0.0
0.0
0.0
0.0
0.0
0.0
0.0
0.0
0.0
0.0
0.0
0.0
0.0
0.0
0.0
0.0
0.0
0.0
0.0
0.0
0.0
0.0
0.0
0.0
0.0
0.0
0.0
0.0
0.0
0.0
0.0
0.0
0.0
0.0
0.0
0.0
0.0
0.0
0.0
0.0
0.0
0.0
0.0
0.0
0.0
0.0
0.0
0.0
0.0
0.0
0.0
0.0
0.0
0.0
0.0
0.0
0.0
0.0
0.0
0.0
0.0
0.0
0.0
0.0
0.0
0.0
0.0
0.0
0.0
0.0
0.0
0.0
0.0
0.0
0.0
0.0
0.0
0.0
0.0
0.0
0.0
0.0
0.0
0.0
0.0
0.0
0.0
0.0
0.0
0.0
0.0
0.0
0.0
0.0
0.0
0.0
0.0
0.0
0.0
0.0
0.0
0.0
0.0
0.0
0.0
0.0
0.0
0.0
0.0
0.0
0.0
0.0
0.0
0.0
0.0
0.0
0.0
0.0
0.0
0.0
0.0
0.0
0.0
0.0
0.0
0.0
0.0
0.0
0.0
0.0
0.0
0.0
0.0
0.0
0.0
0.0
0.0
0.0
0.0
0.0
0.0
0.0
0.0
0.0
0.0
0.0
0.0
0.0
0.0
0.0
0.0
0.0
0.0
0.0
0.0
0.0
0.0
0.0
0.0
0.0
0.0
0.0
0.0
0.0
0.0
0.0
0.0
0.0
0.0
0.0
0.0
0.0
0.0
0.0
0.0
0.0
0.0
0.0
0.0
0.0
0.0
0.0
0.0
0.0
0.0
0.0
0.0
0.0
0.0
0.0
0.0
0.0
0.0
0.0
0.0
0.0
0.0
0.0
0.0
0.0
0.0
0.0
0.0
0.0
0.0
0.0
0.0
0.0
0.0
0.0
0.0
0.0
0.0
0.0
0.0
0.0
0.0
0.0
0.0
0.0
0.0
0.0
0.0
0.0
0.0
0.0
0.0
0.0
0.0
0.0
0.0
0.0
0.0
0.0
0.0
0.0
0.0
0.0
0.0
0.0
0.0
0.0
0.0
0.0
0.0
0.0
0.0
0.0
0.0
0.0
0.0
0.0
0.0
0.0
0.0
0.0
0.0
0.0
0.0
0.0
0.0
0.0
0.0
0.0
0.0
0.0
0.0
0.0
0.0
0.0
0.0
0.0
0.0
0.0
0.0
0.0
0.0
0.0
0.0
0.0
0.0
0.0
0.0
0.0
0.0
0.0
0.0
0.0
0.0
0.0
0.0
0.0
0.0
0.0
0.0
0.0
0.0
0.0
0.0
0.0
0.0
0.0
0.0
0.0
0.0
0.0
0.0
0.0
0.0
0.0
0.0
0.0
0.0
0.0
0.0
0.0
0.0
0.0
0.0
0.0
0.0
0.0
0.0
0.0
0.0
0.0
0.0
0.0
0.0
0.0
0.0
0.0
0.0
0.0
0.0
0.0
0.0
0.0
0.0
0.0
0.0
0.0
0.0
0.0
0.0
0.0
0.0
0.0
0.0
0.0
0.0
0.0
0.0
0.0
0.0
0.0
0.0
0.0
0.0
0.0
0.0
0.0
0.0
0.0
0.0
0.0
0.0
0.0
0.0
0.0
0.0
0.0
0.0
0.0
0.0
0.0
0.0
0.0
0.0
0.0
0.0
0.0
0.0
0.0
0.0
0.0
0.0
0.0
0.0
0.0
0.0
0.0
0.0
0.0
0.0
0.0
0.0
0.0
0.0
0.0
0.0
0.0
0.0
0.0
0.0
0.0
0.0
0.0
0.0
0.0
0.0
0.0
0.0
0.0
0.0
0.0
0.0
0.0
0.0
0.0
0.0
0.0
0.0
0.0
0.0
0.0
0.0
0.0
0.0
0.0
0.0
0.0
0.0
0.0
0.0
0.0
0.0
0.0
0.0
0.0
0.0
0.0
0.0
0.0
0.0
0.0
0.0
0.0
0.0
0.0
0.0
0.0
0.0
0.0
0.0
0.0
0.0
0.0
0.0
0.0
0.0
0.0
0.0
0.0
0.0
0.0
0.0
0.0
0.0
0.0
0.0
0.0
0.0
0.0
0.0
0.0
0.0
0.0
0.0
0.0
0.0
0.0
0.0
0.0
0.0
0.0
0.0
0.0
0.0
0.0
0.0
0.0
0.0
0.0
0.0
0.0
0.0
0.0
0.0
0.0
0.0
0.0
0.0
0.0
0.0
0.0
0.0
0.0
0.0
0.0
0.0
0.0
0.0
0.0
0.0
0.0
0.0
0.0
0.0
0.0
0.0
0.0
0.0
0.0
0.0
0.0
0.0
0.0
0.0
0.0
0.0
0.0
0.0
0.0
0.0
0.0
0.0
0.0
0.0
0.0
0.0
0.0
0.0
0.0
0.0
0.0
0.0
0.0
0.0
0.0
0.0
0.0
0.0
0.0
0.0
0.0
0.0
0.0
0.0
0.0
0.0
0.0
0.0
0.0
0.0
0.0
0.0
0.0
0.0
0.0
0.0
0.0
0.0
0.0
0.0
0.0
0.0
0.0
0.0
0.0
0.0
0.0
0.0
0.0
0.0
0.0
0.0
0.0
0.0
0.0
0.0
0.0
0.0
0.0
0.0
0.0
0.0
0.0
0.0
0.0
0.0
0.0
0.0
0.0
0.0
0.0
0.0
0.0
0.0
0.0
0.0
0.0
0.0
0.0
0.0
0.0
0.0
0.0
0.0
0.0
0.0
0.0
0.0
0.0
0.0
0.0
0.0
0.0
0.0
0.0
0.0
0.0
0.0
0.0
0.0
0.0
0.0
0.0
0.0
0.0
0.0
0.0
0.0
0.0
0.0
0.0
0.0
0.0
0.0
0.0
0.0
0.0
0.0
0.0
0.0
0.0
0.0
0.0
0.0
0.0
0.0
0.0
0.0
0.0
0.0
0.0
0.0
0.0
0.0
0.0
0.0
0.0
0.0
0.0
0.0
0.0
0.0
0.0
0.0
0.0
0.0
0.0
0.0
0.0
0.0
0.0
0.0
0.0
0.0
0.0
0.0
0.0
0.0
0.0
0.0
0.0
0.0
0.0
0.0
0.0
0.0
0.0
0.0
0.0
0.0
0.0
0.0
0.0
0.0
0.0
0.0
0.0
0.0
0.0
0.0
0.0
0.0
0.0
0.0
0.0
0.0
0.0
0.0
0.0
0.0
0.0
0.0
0.0
0.0
0.0
0.0
0.0
0.0
0.0
0.0
0.0
0.0
0.0
0.0
0.0
0.0
0.0
0.0
0.0
0.0
0.0
0.0
0.0
0.0
0.0
0.0
0.0
0.0
0.0
0.0
0.0
0.0
0.0
0.0
0.0
0.0
0.0
0.0
0.0
0.0
0.0
0.0
0.0
0.0
0.0
0.0
0.0
0.0
0.0
0.0
0.0
0.0
0.0
0.0
0.0
0.0
0.0
0.0
0.0
0.0
0.0
0.0
0.0
0.0
0.0
0.0
0.0
0.0
0.0
0.0
0.0
0.0
0.0
0.0
0.0
0.0
0.0
0.0
0.0
0.0
0.0
0.0
0.0
0.0
0.0
0.0
0.0
0.0
0.0
0.0
0.0
0.0
0.0
0.0
0.0
0.0
0.0
0.0
0.0
0.0
0.0
0.0
0.0
0.0
0.0
0.0
0.0
0.0
0.0
0.0
0.0
0.0
0.0
0.0
0.0
0.0
0.0
0.0
0.0
0.0
0.0
0.0
0.0
0.0
0.0
0.0
0.0
0.0
0.0
0.0
0.0
0.0
0.0
0.0
0.0
0.0
0.0
0.0
0.0
0.0
0.0
0.0
0.0
0.0
0.0
0.0
0.0
0.0
0.0
0.0
0.0
0.0
0.0
0.0
0.0
0.0
0.0
0.0
0.0
0.0
0.0
0.0
0.0
0.0
0.0
0.0
0.0
0.0
0.0
0.0
0.0
0.0
0.0
0.0
0.0
0.0
0.0
0.0
0.0
0.0
0.0
0.0
0.0
0.0
0.0
0.0
0.0
0.0
0.0
0.0
0.0
0.0
0.0
0.0
0.0
0.0
0.0
0.0
0.0
0.0
0.0
0.0
0.0
0.0
0.0
0.0
0.0
0.0
0.0
0.0
0.0
0.0
0.0
0.0
0.0
0.0
0.0
0.0
0.0
0.0
0.0
0.0
0.0
0.0
0.0
0.0
0.0
0.0
0.0
0.0
0.0
0.0
0.0
0.0
0.0
0.0
0.0
0.0
0.0
0.0
0.0
0.0
0.0
0.0
0.0
0.0
0.0
0.0
0.0
0.0
0.0
0.0
0.0
0.0
0.0
0.0
0.0
0.0
0.0
0.0
0.0
0.0
0.0
0.0
0.0
0.0
0.0
0.0
0.0
0.0
0.0
0.0
0.0
0.0
0.0
0.0
0.0
0.0
0.0
0.0
0.0
0.0
0.0
0.0
0.0
0.0
0.0
0.0
0.0
0.0
0.0
0.0
0.0
0.0
0.0
0.0
0.0
0.0
0.0
0.0
0.0
0.0
0.0
0.0
0.0
0.0
0.0
0.0
0.0
0.0
0.0
0.0
0.0
0.0
0.0
0.0
0.0
0.0
0.0
0.0
0.0
0.0
0.0
0.0
0.0
0.0
0.0
0.0
0.0
0.0
0.0
0.0
0.0
0.0
0.0
0.0
0.0
0.0
0.0
0.0
0.0
0.0
0.0
0.0
0.0
0.0
0.0
0.0
0.0
0.0
0.0
0.0
0.0
0.0
0.0
0.0
0.0
0.0
0.0
0.0
0.0
0.0
0.0
0.0
0.0
0.0
0.0
0.0
0.0
0.0
0.0
0.0
0.0
0.0
0.0
0.0
0.0
0.0
0.0
0.0
0.0
0.0
0.0
0.0
0.0
0.0
0.0
0.0
0.0
0.0
0.0
0.0
0.0
0.0
0.0
0.0
0.0
0.0
0.0
0.0
0.0
0.0
0.0
0.0
0.0
0.0
0.0
0.0
0.0
0.0
0.0
0.0
0.0
0.0
0.0
0.0
0.0
0.0
0.0
0.0
0.0
0.0
0.0
0.0
0.0
0.0
0.0
0.0
0.0
0.0
0.0
0.0
0.0
0.0
0.0
0.0
0.0
0.0
0.0
0.0
0.0
0.0
0.0
0.0
0.0
0.0
0.0
0.0
0.0
0.0
0.0
0.0
0.0
0.0
0.0
0.0
0.0
0.0
0.0
0.0
0.0
0.0
0.0
0.0
0.0
0.0
0.0
0.0
0.0
0.0
0.0
0.0
0.0
0.0
0.0
0.0
0.0
0.0
0.0
0.0
0.0
0.0
0.0
0.0
0.0
0.0
0.0
0.0
0.0
0.0
0.0
0.0
0.0
0.0
0.0
0.0
0.0
0.0
0.0
0.0
0.0
0.0
0.0
0.0
0.0
0.0
0.0
0.0
0.0
0.0
0.0
0.0
0.0
0.0
0.0
0.0
0.0
0.0
0.0
0.0
0.0
0.0
0.0
0.0
0.0
0.0
0.0
0.0
0.0
0.0
0.0
0.0
0.0
0.0
0.0
0.0
0.0
0.0
0.0
0.0
0.0
0.0
0.0
0.0
0.0
0.0
0.0
0.0
0.0
0.0
0.0
0.0
0.0
0.0
0.0
0.0
0.0
0.0
0.0
0.0
0.0
0.0
0.0
0.0
0.0
0.0
0.0
0.0
0.0
0.0
0.0
0.0
0.0
0.0
0.0
0.0
0.0
0.0
0.0
0.0
0.0
0.0
0.0
0.0
0.0
0.0
0.0
0.0
0.0
0.0
0.0
0.0
0.0
0.0
0.0
0.0
0.0
0.0
0.0
0.0
0.0
0.0
0.0
0.0
0.0
0.0
0.0
0.0
0.0
0.0
0.0
0.0
0.0
0.0
0.0
0.0
0.0
0.0
0.0
0.0
0.0
0.0
0.0
0.0
0.0
0.0
0.0
0.0
0.0
0.0
0.0
0.0
0.0
0.0
0.0
0.0
0.0
0.0
0.0
0.0
0.0
0.0
0.0
0.0
0.0
0.0
0.0
0.0
0.0
0.0
0.0
0.0
0.0
0.0
0.0
0.0
0.0
0.0
0.0
0.0
0.0
0.0
0.0
0.0
0.0
0.0
0.0
