6.534879063022756e-7
6.616023993833796e-7
6.693337450493857e-7
6.765790955690813e-7
6.837742977339934e-7
6.908469101504295e-7
6.975293072935339e-7
7.041975091632681e-7
7.107873766036419e-7
7.172162360219652e-7
7.236011483299333e-7
7.298336136302028e-7
7.359066015958765e-7
7.419641444571362e-7
7.479521033451353e-7
7.538660271609788e-7
7.597646923773335e-7
7.655618204188381e-7
7.712578614872421e-7
7.769316793205834e-7
7.825292247563764e-7
7.880649518853928e-7
7.935926255337346e-7
7.990649287397023e-7
8.044697746427155e-7
8.098744390363461e-7
8.15259377335819e-7
8.206074478122892e-7
8.259495600395517e-7
8.312516266792696e-7
8.364223865804786e-7
8.415877406381087e-7
8.467532410623763e-7
8.518880636344323e-7
8.570322770597927e-7
8.621833628905826e-7
8.672583670754208e-7
8.723431893970631e-7
8.774360030906582e-7
8.824921090324523e-7
8.875312574717394e-7
8.925607232492063e-7
8.975390942369451e-7
9.024993907358867e-7
9.074647866435387e-7
9.12426123774232e-7
9.173649298851843e-7
9.2230514466701e-7
9.272446700515842e-7
9.32143691853369e-7
9.37047391943401e-7
9.4195981290303e-7
9.468662844991584e-7
9.517600312793474e-7
9.566546616294444e-7
9.615429917504502e-7
9.664132479693323e-7
9.712899620060435e-7
9.761712266212026e-7
9.810288912428982e-7
9.858554739832127e-7
9.906807856106745e-7
9.95513564429834e-7
1.000337744395736e-6
1.0051734182096799e-6
1.0100188965168203e-6
1.0148507438369727e-6
1.0196789887221815e-6
1.0245121061763861e-6
1.0293471061184874e-6
1.0341655654906518e-6
1.0389934111863388e-6
1.043826671851752e-6
1.0486422908499411e-6
1.0534578402948252e-6
1.058283321550791e-6
1.0631186533323427e-6
1.0679514646241497e-6
1.0727789953885686e-6
1.0776042346587762e-6
1.082422388657123e-6
1.0872314151630029e-6
1.0920528312237736e-6
1.096885144532392e-6
1.1017179561955779e-6
1.1065387493670234e-6
1.1113657834202661e-6
1.1161996539204242e-6
1.1210273575333696e-6
1.1258555172598786e-6
1.1306944140511628e-6
1.1355443191345265e-6
1.1403855846860845e-6
1.145236574343173e-6
1.1501003655088027e-6
1.154976451353724e-6
1.159851652335777e-6
1.1647311116866008e-6
1.1696089495012588e-6
1.1744792068760526e-6
1.179339642212359e-6
1.1842056408177186e-6
1.1890800127095206e-6
1.1939637851096903e-6
1.1988436328136333e-6
1.2037239282928322e-6
1.2086135745499468e-6
1.213517722492613e-6
1.2184200421986814e-6
1.2233279084582876e-6
1.2282469756671911e-6
1.2331782188560262e-6
1.2381014771376215e-6
1.2430389743658474e-6
1.2479863783117324e-6
1.2529414212006394e-6
1.257903285880179e-6
1.2628578085462696e-6
1.2678159826147061e-6
1.2727803609996823e-6
1.2777500290543685e-6
1.2827256312596238e-6
1.287715202308657e-6
1.2927169653111503e-6
1.2977274062835074e-6
1.302733040507934e-6
1.3077507178780683e-6
1.3127746026799393e-6
1.3178002647743688e-6
1.3228228399696948e-6
1.327855625860297e-6
1.3328998294415427e-6
1.3379544047025553e-6
1.3430152570628309e-6
1.3480795904081084e-6
1.3531548404329358e-6
1.35824133440744e-6
1.3633387496814937e-6
1.3684286807694515e-6
1.3735263397627093e-6
1.3786360309872936e-6
1.3837585977749615e-6
1.3888905869907676e-6
1.39402526516412e-6
1.3991724745083485e-6
1.4043296346194834e-6
1.4094942398030761e-6
1.4146628518034908e-6
1.4198378766094664e-6
1.4250231408525295e-6
1.430219353615256e-6
1.435427238884579e-6
1.440633626802026e-6
1.4458506483365305e-6
1.451076435888645e-6
1.4563096820792127e-6
1.46154777230931e-6
1.4667881923117276e-6
1.4720419653935446e-6
1.4773043539175997e-6
1.4825727178381347e-6
1.4878485998204835e-6
1.4931346985572691e-6
1.4984373437384075e-6
1.5037547527412837e-6
1.509084656327934e-6
1.5144221466387998e-6
1.5197543040439363e-6
1.5250965007659203e-6
1.5304519266061957e-6
1.5358212723876712e-6
1.5411979482985665e-6
1.5465775282683955e-6
1.5519681387351843e-6
1.557371034421412e-6
1.562786417724388e-6
1.5682104549690126e-6
1.573638236046164e-6
1.5790828569611246e-6
1.5845410589268814e-6
1.5900080352848363e-6
1.5954777110882485e-6
1.6009594462482832e-6
1.6064510808223076e-6
1.6119516366851392e-6
1.6174636730054742e-6
1.622992439921631e-6
1.6285212539802156e-6
1.6340580095969583e-6
1.6396033429982641e-6
1.6451568552306875e-6
1.6507200913231935e-6
1.6563019757025041e-6
1.6618845165579142e-6
1.667487824436052e-6
1.6731048157784228e-6
1.6787286364410206e-6
1.684360058689541e-6
1.6899994602846612e-6
1.6956478429686788e-6
1.7013131671525196e-6
1.7069946174279805e-6
1.712688866543484e-6
1.7184007364551608e-6
1.724111009372075e-6
1.7298382898495595e-6
1.735576983277151e-6
1.7413258657581107e-6
1.747089360632485e-6
1.7528532174803105e-6
1.7586334676473336e-6
1.7644234421754585e-6
1.7702224665926854e-6
1.776032334534495e-6
1.7818552089269323e-6
1.7876834292627534e-6
1.7935392673761014e-6
1.7994030880016272e-6
1.8052779659005082e-6
1.8111658174099717e-6
1.8170541633319384e-6
1.822955600128434e-6
1.8288745326260295e-6
1.834799271986476e-6
1.8407372099896769e-6
1.8466943974595195e-6
1.8526641175433266e-6
1.8586395811579486e-6
1.864633769088372e-6
1.8706388720053483e-6
1.8766575297314296e-6
1.8826922579974516e-6
1.8887410879731416e-6
1.8947961310207996e-6
1.900871830314091e-6
1.906956465497807e-6
1.9130483954720604e-6
1.9191514902735423e-6
1.925269735741289e-6
1.931397571810458e-6
1.9375313344627104e-6
1.9436821089243624e-6
1.949849633694702e-6
1.9560333541657454e-6
1.962228817237976e-6
1.968429446676369e-6
1.9746598854217385e-6
1.980893855154537e-6
1.9871398823960498e-6
1.993404960675473e-6
1.999688586956924e-6
2.0059839529877045e-6
2.012283859694922e-6
2.0185881992675948e-6
2.024917670504143e-6
2.031262792829312e-6
2.0376187781000044e-6
2.0439845788487647e-6
2.050363710033142e-6
2.0567663960651055e-6
2.063176680581778e-6
2.069597852571474e-6
2.0760300952535997e-6
2.0824725524638237e-6
2.0889324433560457e-6
2.095416585155447e-6
2.101908638428079e-6
2.1084082338338947e-6
2.1149254885036725e-6
2.121464039185701e-6
2.1280215468454624e-6
2.1345921503298744e-6
2.1411717279291837e-6
2.147763580191476e-6
2.154373208464509e-6
2.1609990639793592e-6
2.167641526238149e-6
2.174299348099991e-6
2.180970151545251e-6
2.187650880391904e-6
2.1943414081217358e-6
2.2010547080092047e-6
2.2077839727640717e-6
2.214523971003314e-6
2.2212805110158844e-6
2.2280543338858895e-6
2.234839912180016e-6
2.2416343972769315e-6
2.2484471337377036e-6
2.255279980891717e-6
2.2621292656144166e-6
2.268990413532774e-6
2.275871370808928e-6
2.2827695340263256e-6
2.2896780759589684e-6
2.296595282451473e-6
2.3035300222251883e-6
2.310495942099838e-6
2.3174571559695935e-6
2.3244420983439057e-6
2.331446973302375e-6
2.338469019031539e-6
2.3455067019277775e-6
2.3525590747058395e-6
2.3596271947383243e-6
2.366714929415063e-6
2.3738224356947748e-6
2.380940763189898e-6
2.3880718380366432e-6
2.3952176636420224e-6
2.4023803820861596e-6
2.4095637101642516e-6
2.416768289469761e-6
2.423979337831725e-6
2.431208334008525e-6
2.438460550813079e-6
2.4457288394004194e-6
2.453011088547598e-6
2.460310381720621e-6
2.46762835584074e-6
2.4749623118951662e-6
2.4823093088034694e-6
2.4896757181578796e-6
2.4970510628594813e-6
2.5044413992979998e-6
2.5118543914912913e-6
2.5192895777945452e-6
2.526740648446052e-6
2.5342063859019143e-6
2.541689392440987e-6
2.54918777917164e-6
2.556699874466298e-6
2.5642425234102013e-6
2.571805165241217e-6
2.579384295194556e-6
2.586975826178959e-6
2.594579807061727e-6
2.602203081776552e-6
2.60984869863337e-6
2.6175121749765793e-6
2.6251947086402533e-6
2.6328943053370118e-6
2.6406129616219717e-6
2.6483483836027537e-6
2.6560985254051764e-6
2.6638650602083903e-6
2.6716533959345008e-6
2.679465959082497e-6
2.6872963718419814e-6
2.6951366537667784e-6
2.7029961116454084e-6
2.7108851867874497e-6
2.718784478074205e-6
2.726699943866554e-6
2.734635003950821e-6
2.7425948051644e-6
2.750577300250566e-6
2.75857763260813e-6
2.7665940435946137e-6
2.774627865877533e-6
2.782679635514377e-6
2.790752592901207e-6
2.798839468258373e-6
2.8069407905384086e-6
2.815059751672846e-6
2.8231998272445823e-6
2.83136797018985e-6
2.839561069257006e-6
2.8477718025654496e-6
2.855998286208415e-6
2.864243712819319e-6
2.8725087981216754e-6
2.880790742164707e-6
2.889099143934795e-6
2.897424786965503e-6
2.905765688020269e-6
2.9141228960366107e-6
2.922500327109194e-6
2.9309039051044106e-6
2.9393335152581707e-6
2.9477853812316387e-6
2.9562582137139237e-6
2.964750194063236e-6
2.9732567306299735e-6
2.9817789587870157e-6
2.9903247667822746e-6
2.9989002944505108e-6
3.007495285531255e-6
3.0161072475751146e-6
3.0247366728309085e-6
3.0333847996750993e-6
3.042053746201958e-6
3.050746642251067e-6
3.059465213308116e-6
3.068206366823373e-6
3.0769646535944244e-6
3.085739959573537e-6
3.094535148685588e-6
3.103345970765727e-6
3.1121799678450707e-6
3.1210363179310245e-6
3.1299189877630795e-6
3.1388336898959843e-6
3.1477745340925366e-6
3.1567327571601027e-6
3.165706537076606e-6
3.1746965129393734e-6
3.1837053408963764e-6
3.192737106984129e-6
3.201791298462114e-6
3.2108609215631063e-6
3.2199689609428656e-6
3.229100380871229e-6
3.2382547553524054e-6
3.2474307104922496e-6
3.25663054616838e-6
3.2658507992302476e-6
3.2750863129609073e-6
3.2843382310368755e-6
3.2936091548065673e-6
3.302902585365044e-6
3.3122370944872014e-6
3.321596629209982e-6
3.3309801669916433e-6
3.3403862094043994e-6
3.349814847054261e-6
3.3592624335185436e-6
3.3687263658997818e-6
3.3782052695266237e-6
3.3877230068629186e-6
3.3972730015788224e-6
3.40684292231587e-6
3.416434910805372e-6
3.4260495385461226e-6
3.435684018292426e-6
3.4453359784348554e-6
3.4550062778549393e-6
3.4647066119374897e-6
3.474446416151597e-6
3.484206606897014e-6
3.493988540292058e-6
3.5037902008906567e-6
3.513611830945764e-6
3.523450108869331e-6
3.5333098640034033e-6
3.543210234531691e-6
3.5531504554305147e-6
3.5631160008229804e-6
3.573098390968893e-6
3.5830939127203973e-6
3.593098851425589e-6
3.6031161322158997e-6
3.6131934292828084e-6
3.6232998591833726e-6
3.633425616985028e-6
3.6435713024985424e-6
3.653747750501555e-6
3.6639418987602954e-6
3.674158066096045e-6
3.684416142599329e-6
3.6947034500004565e-6
3.705011289272547e-6
3.7153372780365416e-6
3.725678267957576e-6
3.7360358813134042e-6
3.7464259912562658e-6
3.7568563228410793e-6
3.7673117710813435e-6
3.7777970037095505e-6
3.78831325633889e-6
3.7988442398217423e-6
3.80940159161428e-6
3.820001954160136e-6
3.830625818347407e-6
3.841271894884815e-6
3.851937583384265e-6
3.862605324749168e-6
3.873326046673932e-6
3.884081113849937e-6
3.894855077250258e-6
3.905653973628745e-6
3.916476165948813e-6
3.927318230810352e-6
3.938196459059879e-6
3.949118584456595e-6
3.960069879375676e-6
3.971044392611881e-6
3.982031910350621e-6
3.9930357170046904e-6
4.004094467047879e-6
4.015172039760623e-6
4.02626649588934e-6
4.03739601752571e-6
4.048521221663847e-6
4.059720368020791e-6
4.070952248876759e-6
4.08220968144115e-6
4.093482949189079e-6
4.104749624769628e-6
4.116061460373471e-6
4.127415736509864e-6
4.138809590519868e-6
4.150237452216595e-6
4.1616729543705424e-6
4.173139055307972e-6
4.18465486633571e-6
4.196193002596694e-6
4.207751209591015e-6
4.219320344252833e-6
4.2309141745718146e-6
4.242594872565371e-6
4.25429437839493e-6
4.266011482051225e-6
4.277741602903473e-6
4.289488666621243e-6
4.3012969919176674e-6
4.313120623965475e-6
4.324961924073227e-6
4.336818393060538e-6
4.348727217226919e-6
4.36068177563494e-6
4.372667889180184e-6
4.3846780839146795e-6
4.396693749748336e-6
4.408757759747704e-6
4.4208647187412585e-6
4.433001625616857e-6
4.445157021049139e-6
4.457338893050963e-6
4.469570221210083e-6
4.481843693514319e-6
4.4941286571972045e-6
4.506420095918189e-6
4.518754208807821e-6
4.531147037560085e-6
4.5435664196599906e-6
4.556003896747642e-6
4.568442788013077e-6
4.5809576953304185e-6
4.593501131436941e-6
4.6060788295330844e-6
4.6186749527000585e-6
4.631297379037256e-6
4.643978965526008e-6
4.6566711787268145e-6
4.669368689079847e-6
4.682084480047635e-6
4.694900744873959e-6
4.707751355515376e-6
4.720616670088791e-6
4.733475360842757e-6
4.746392430945793e-6
4.759368242876233e-6
4.77237632759038e-6
4.785376539834374e-6
4.798419192849203e-6
4.811508654144096e-6
4.824617685543999e-6
4.837750474367431e-6
4.850939806175705e-6
4.864193513351323e-6
4.87747820369667e-6
4.890767529034579e-6
4.90406803924641e-6
4.917421715839896e-6
4.9308227302417995e-6
4.944244852202703e-6
4.957689338461021e-6
4.971189404849613e-6
4.984729586938908e-6
4.998294985331477e-6
5.011888823573617e-6
5.025533483795324e-6
5.0392130543055266e-6
5.0528939628124395e-6
5.066585114113088e-6
5.080402193582994e-6
5.094258500895424e-6
5.1081213591745484e-6
5.1219535729378365e-6
5.135859945493982e-6
5.149832462525195e-6
5.163819334110423e-6
5.177794142931261e-6
5.191862020345922e-6
5.205955228891212e-6
5.220092006144765e-6
5.234239500376178e-6
5.248451930118227e-6
5.2626899571152654e-6
5.276931207430934e-6
5.29120954756202e-6
5.305583093558259e-6
5.320008672248687e-6
5.334434784193886e-6
5.348867400611665e-6
5.3633481784969754e-6
5.377889957728074e-6
5.392451837746802e-6
5.407070449785295e-6
5.421751491726291e-6
5.436445222475324e-6
5.451149182535085e-6
5.4658939502861725e-6
5.480698903653582e-6
5.495517918252298e-6
5.510361701468069e-6
5.525282632967651e-6
5.5402718323042115e-6
5.555258068634281e-6
5.570235334724731e-6
5.585296782054275e-6
5.600442166588977e-6
5.615589830951748e-6
5.630741090493408e-6
5.645957761068981e-6
5.661200829821179e-6
5.676478976481632e-6
5.691825496369023e-6
5.707236894642009e-6
5.722645546090994e-6
5.738067276059805e-6
5.753600219240187e-6
5.769129586001764e-6
5.784650135939377e-6
5.800224059477276e-6
5.815926150140103e-6
5.831647031926856e-6
5.847319118019773e-6
5.863112927939347e-6
5.878957279329294e-6
5.894828804688251e-6
5.910688118471207e-6
5.926630521798525e-6
5.942603420137515e-6
5.958581707742129e-6
5.97469573346141e-6
5.990823730694814e-6
6.006938436336545e-6
6.023096480056007e-6
6.03932992492813e-6
6.055589490142658e-6
6.071824268435754e-6
6.088229336325436e-6
6.1046767570328814e-6
6.121114825476251e-6
6.137532689130863e-6
6.154066109142348e-6
6.170647106491914e-6
6.187218561635819e-6
6.203874065965874e-6
6.22055747843269e-6
6.237290214066101e-6
6.2540716057242295e-6
6.270896964701218e-6
6.287741541133138e-6
6.304592729633171e-6
6.321555992367582e-6
6.338569890089981e-6
6.355552909230365e-6
6.37264239087932e-6
6.389788572344272e-6
6.406941723114951e-6
6.424127682349443e-6
6.441415232192482e-6
6.458753272651499e-6
6.476054833129833e-6
6.493418886657689e-6
6.510870127528334e-6
6.528341128244722e-6
6.5458716665975985e-6
6.563449018341622e-6
6.5810494716309495e-6
6.598687737073028e-6
6.616387090890299e-6
6.634115756197198e-6
6.651868203484106e-6
6.669728540055614e-6
6.6876580872677976e-6
6.705550068041613e-6
6.7235300083069305e-6
6.741593178403327e-6
6.759650548043219e-6
6.77773444064751e-6
6.795921828702227e-6
6.814155302145418e-6
6.832360141928413e-6
6.850646199665342e-6
6.8690400629421264e-6
6.887426157352354e-6
6.905837360867437e-6
6.924296825592529e-6
6.942781370022119e-6
6.9613761879664325e-6
6.98003092677224e-6
6.9986917601229834e-6
7.0174275651965064e-6
7.036234507689112e-6
7.055038161273997e-6
7.073879403561351e-6
7.092831109629892e-6
7.111832593378821e-6
7.130802005534747e-6
7.149836994999903e-6
7.168956113108055e-6
7.188070973211154e-6
7.207292321681913e-6
7.2266246229154e-6
7.245906202730393e-6
7.265224555642539e-6
7.284662079705765e-6
7.3041329001290535e-6
7.323622055001067e-6
7.343161738585705e-6
7.362759335920055e-6
7.382413368048754e-6
7.4021116252941194e-6
7.42184550017494e-6
7.441618719001231e-6
7.461485687588974e-6
7.481406986438258e-6
7.501338216870667e-6
7.5213717380836134e-6
7.541458342295082e-6
7.561511667931228e-6
7.581661863196625e-6
7.601905409038267e-6
7.6221178500610715e-6
7.642420239338029e-6
7.662821425148679e-6
7.683189309743467e-6
7.703655451508582e-6
7.724231273891056e-6
7.744780212230657e-6
7.765347049778587e-6
7.786004205150926e-6
7.806732746372489e-6
7.827516006082242e-6
7.84835010775034e-6
7.869217648058891e-6
7.890155083001593e-6
7.911159091637675e-6
7.932170151246941e-6
7.95324986687952e-6
7.974454160793037e-6
7.995687617143787e-6
8.01693191885505e-6
8.038276085690855e-6
8.059648741969912e-6
8.081028223276825e-6
8.1025453656713e-6
8.124081867493137e-6
8.145579123828998e-6
8.167219277459205e-6
8.188933506645989e-6
8.210667036104522e-6
8.232514490696254e-6
8.254394810933349e-6
8.276221053669747e-6
8.298192398180106e-6
8.320267093737618e-6
8.342296102993906e-6
8.364410398529335e-6
8.386621656313036e-6
8.408866195601975e-6
8.431196872482346e-6
8.453486341974854e-6
8.475848032697361e-6
8.498370188134767e-6
8.520863552213163e-6
8.543405186365374e-6
8.566114972008355e-6
8.588810663366908e-6
8.611442615607141e-6
8.634305022791243e-6
8.65719671438813e-6
8.680031982763344e-6
8.703084613014315e-6
8.726116477825314e-6
8.749086636600279e-6
8.772348787900488e-6
8.795592954332373e-6
8.818782992802422e-6
8.842132740871998e-6
8.865495819335452e-6
8.888849037436001e-6
8.91237500665439e-6
8.935954340217691e-6
8.959490023193465e-6
8.983181537707572e-6
9.007012922549231e-6
9.030788927118692e-6
9.054628310555634e-6
9.078527115433408e-6
9.102490713109387e-6
9.126505517534815e-6
9.150527826136769e-6
9.174715721236306e-6
9.198971316125349e-6
9.223168739499166e-6
9.247469322357591e-6
9.271853290469898e-6
9.296226686001693e-6
9.320758191592562e-6
9.3453558589481e-6
9.369931623238806e-6
9.394602684098373e-6
9.419348522594649e-6
9.444144623351965e-6
9.469057507051869e-6
9.494010747159433e-6
9.518926817884947e-6
9.543982557167442e-6
9.56909257992103e-6
9.5942403768597e-6
9.619522986776079e-6
9.644777795560381e-6
9.67007795571421e-6
9.695566590752671e-6
9.721046776234537e-6
9.746515028865966e-6
9.772152467223402e-6
9.797842852561507e-6
9.823562167652585e-6
9.849311507273218e-6
9.875145168645535e-6
9.90110568885119e-6
9.927006553913684e-6
9.953021095885719e-6
9.979211785710213e-6
1.0005355537712181e-5
1.0031523568933628e-5
1.0057879897227513e-5
1.0084172977407587e-5
1.0110539032151403e-5
1.0137076532039337e-5
1.0163573743367122e-5
1.0190230691938473e-5
1.0216980436286089e-5
1.0243566348611588e-5
1.0270383804467066e-5
1.0297255959654972e-5
1.0324077272095694e-5
1.0351168282694714e-5
1.0378219435645608e-5
1.0405240890233146e-5
1.0432481828643786e-5
1.0459804514304523e-5
1.0487028574050659e-5
1.0514417715383748e-5
1.0541843017512376e-5
1.056927638504893e-5
1.059690807808903e-5
1.0624545057553666e-5
1.0652183417129867e-5
1.0679988617301484e-5
1.0707841660379173e-5
1.073567341092388e-5
1.0763576957529826e-5
1.0791604006433879e-5
1.0819701765716748e-5
1.0847772000950232e-5
1.0876022241938479e-5
1.090436090598654e-5
1.0932647742317445e-5
1.0961084568389667e-5
1.0989602110473521e-5
1.101808486676629e-5
1.1046700996434826e-5
1.1075366667536169e-5
1.1104044927763037e-5
1.1132883967540858e-5
1.1161749641931218e-5
1.1190659951829563e-5
1.1219717096816874e-5
1.1248726170033218e-5
1.127788652431769e-5
1.1307138222235485e-5
1.1336310678195151e-5
1.1365673893236016e-5
1.1395108155635967e-5
1.1424484683441314e-5
1.1454035050441733e-5
1.1483626566285782e-5
1.1513253674171707e-5
1.154309009987098e-5
1.1572906781739288e-5
1.1602676425643178e-5
1.1632598279984483e-5
1.1662538435054034e-5
1.1692652469923773e-5
1.1722818284227116e-5
1.1752876403919772e-5
1.1783178685250307e-5
1.1813553367232113e-5
1.1843866340112191e-5
1.1874343233012406e-5
1.1904920194451975e-5
1.1935503281100446e-5
1.1966135507495858e-5
1.1996818858439412e-5
1.2027638175101316e-5
1.2058474225777781e-5
1.2089356810006543e-5
1.2120431175800683e-5
1.2151434116939803e-5
1.2182505618171995e-5
1.2213762797552394e-5
1.2244966932972738e-5
1.227629011368606e-5
1.2307733597468927e-5
1.2339145330440738e-5
1.237068456086118e-5
1.2402269966147042e-5
1.243389820003691e-5
1.2465655780294845e-5
1.2497363039654058e-5
1.252923816693336e-5
1.2561206853965545e-5
1.2593106922152863e-5
1.2625197908841642e-5
1.2657344242071144e-5
1.2689474343154121e-5
1.272178337341086e-5
1.2754066755645491e-5
1.27863988271862e-5
1.2818884701574283e-5
1.2851246763544707e-5
1.288395023071951e-5
1.291666229016862e-5
1.2949225899490055e-5
1.2982099963986957e-5
1.3014955504248529e-5
1.3047719415737463e-5
1.3080768124898675e-5
1.3113809791669443e-5
1.3146887204807993e-5
1.318013248627247e-5
1.3213265666291297e-5
1.3246556078865751e-5
1.3279994704642498e-5
1.3313369198831485e-5
1.3346841048089528e-5
1.3380449501297855e-5
1.3414054384455693e-5
1.344771203657476e-5
1.3481493342333338e-5
1.3515293907197935e-5
1.3549094170104964e-5
1.358311887911595e-5
1.361716519815913e-5
1.3651127764042884e-5
1.3685305335542928e-5
1.371951429023742e-5
1.3753734044704268e-5
1.3788148238830747e-5
1.3822487377818858e-5
1.3856912385859302e-5
1.3891485209682999e-5
1.3925922116394031e-5
1.3960657720057529e-5
1.3995369973950467e-5
1.40300148459469e-5
1.4064953320442386e-5
1.409981542976394e-5
1.4134726425227461e-5
1.416978198375959e-5
1.4204764972469883e-5
1.4239966838311284e-5
1.427517805468202e-5
1.4310294949902203e-5
1.434574010528847e-5
1.4381065948201252e-5
1.4416438614079643e-5
1.44520313849363e-5
1.4487529725085454e-5
1.4523136165472259e-5
1.4558818576408675e-5
1.4594504301888915e-5
1.463039037545659e-5
1.4666201915822873e-5
1.4702076603605469e-5
1.4738105039975512e-5
1.4774070917409407e-5
1.481018097082135e-5
1.484633366041111e-5
1.4882469088874036e-5
1.4918785564471466e-5
1.4954990350015526e-5
1.4991369794863016e-5
1.502791810517601e-5
1.5064234055869977e-5
1.5100772550229907e-5
1.5137531713465203e-5
1.5174090229748477e-5
1.5210759804692284e-5
1.5247478808929677e-5
1.528436436628398e-5
1.5321183544389615e-5
1.5358083910125902e-5
1.53951343277226e-5
1.5432105123017645e-5
1.5469153282904263e-5
1.550631609952368e-5
1.554346252483877e-5
1.558072861736915e-5
1.56179439702481e-5
1.5655220318301887e-5
1.5692706148563514e-5
1.5730109473537183e-5
1.576756162862907e-5
1.5805105495920595e-5
1.5842683137542643e-5
1.5880316563705344e-5
1.5917922634859772e-5
1.5955687230157827e-5
1.5993478316886855e-5
1.6031228961919932e-5
1.606916137695266e-5
1.610705706772592e-5
1.6145014412843103e-5
1.618304912169029e-5
1.6220898614591613e-5
1.625911426605301e-5
1.6297292813790772e-5
1.6335331202524423e-5
1.637365821031716e-5
1.6411837996461928e-5
1.645014651660227e-5
1.6488571540643824e-5
1.652670866712089e-5
1.656530601175776e-5
1.660377417332982e-5
1.6642157471022252e-5
1.6680826503593e-5
1.6719349809048177e-5
1.675792008327431e-5
1.679661182269258e-5
1.683521611299826e-5
1.687399301069234e-5
1.6912729111803346e-5
1.6951483198777527e-5
1.699035901013926e-5
1.7029143246406604e-5
1.706805548554916e-5
1.710694331278504e-5
1.714583778171631e-5
1.7184913488134507e-5
1.7223822534114697e-5
1.7262879671529767e-5
1.7302017583612414e-5
1.7340997080460165e-5
1.7380203696227193e-5
1.7419352651159943e-5
1.745846731415177e-5
1.749774430226763e-5
1.75368432084739e-5
1.757613273161878e-5
1.7615467680335322e-5
1.7654615315606305e-5
1.7693959552387635e-5
1.773331006420389e-5
1.7772630770737758e-5
1.781199358913677e-5
1.785134083757811e-5
1.789080484946618e-5
1.7930226523256624e-5
1.7969631796573436e-5
1.8009068466842828e-5
1.8048504570902313e-5
1.808799365966274e-5
1.812744036404112e-5
1.8166905782083204e-5
1.820644066609002e-5
1.824594185280833e-5
1.8285441795836292e-5
1.8324916109374164e-5
1.8364462267553713e-5
1.8404019719380343e-5
1.8443490151843334e-5
1.8483103668915994e-5
1.852264437452278e-5
1.8562141314773874e-5
1.860172112141241e-5
1.8641168074429896e-5
1.8680754193928752e-5
1.8720255712809665e-5
1.87597150758145e-5
1.879929965015097e-5
1.883876934028597e-5
1.8878281062045072e-5
1.891781126619227e-5
1.8957171034797936e-5
1.899673126767212e-5
1.9036204321265618e-5
1.9075575285514992e-5
1.9115056786581784e-5
1.915445449775079e-5
1.919383683467979e-5
1.9233142393137097e-5
1.927248780216253e-5
1.9311892331283634e-5
1.93511376302757e-5
1.939044732488688e-5
1.942970131837859e-5
1.9468887160957697e-5
1.9508117308341735e-5
1.9547167422555824e-5
1.9586373687071235e-5
1.962544417582526e-5
1.9664417551166972e-5
1.9703573261142465e-5
1.974247750777858e-5
1.9781435296644114e-5
1.9820427108081382e-5
1.9859095525125222e-5
1.9898050447349767e-5
1.9936795013612316e-5
1.9975450589743774e-5
2.00141878391719e-5
2.0052674208515067e-5
2.0091323377461156e-5
2.0129807287020374e-5
2.016813789038591e-5
2.020670902474577e-5
2.0244968042888147e-5
2.0283222784619927e-5
2.0321492988951708e-5
2.0359527910372293e-5
2.039767725562576e-5
2.0435614577466006e-5
2.0473495382491405e-5
2.0511463363516905e-5
2.054913706491128e-5
2.0586884592211766e-5
2.0624478023402787e-5
2.066199909629646e-5
2.0699527201358005e-5
2.073682792106978e-5
2.0774129087399473e-5
2.0811342273870763e-5
2.084837793129226e-5
2.0885433174751573e-5
2.0922186268019015e-5
2.095903133752721e-5
2.0995788728167903e-5
2.1032293956042275e-5
2.1068831403887893e-5
2.1105219320762417e-5
2.1141467266116814e-5
2.1177616715811964e-5
2.12136076146636e-5
2.124957175434659e-5
2.128532738074771e-5
2.1320969132973253e-5
2.1356528408758234e-5
2.1391905043201026e-5
2.1427201866157413e-5
2.1462306706253814e-5
2.149729626788174e-5
2.1532194755739533e-5
2.156688686698619e-5
2.160145345887542e-5
2.1635803182443726e-5
2.167008377598443e-5
2.1704226429969725e-5
2.173814212063162e-5
2.1771936732447278e-5
2.1805537264991308e-5
2.1839004070824317e-5
2.1872311124257115e-5
2.190530158791468e-5
2.193829831849014e-5
2.197105168997108e-5
2.2003527677430748e-5
2.2035873001086746e-5
2.2068085340354686e-5
2.210006811862143e-5
2.2131813919540925e-5
2.2163375362166494e-5
2.219478079303035e-5
2.2225885560731765e-5
2.2256819106440886e-5
2.2287522167285124e-5
2.2317983883604176e-5
2.2348266547368518e-5
2.2378278527791032e-5
2.240809844757004e-5
2.2437656123255013e-5
2.2466966328387556e-5
2.2496069476304815e-5
2.2524810214327503e-5
2.2553423180658117e-5
2.258174495278315e-5
2.2609741143134443e-5
2.263753849395651e-5
2.2664997933277523e-5
2.2692236298087328e-5
2.2719174393563735e-5
2.274573278597713e-5
2.2772142377270714e-5
2.2798196467854688e-5
2.282392421646992e-5
2.2849366947648537e-5
2.28744732689327e-5
2.2899305004852875e-5
2.2923749069921343e-5
2.2947896100872032e-5
2.2971730870796837e-5
2.2995187512157137e-5
2.3018332835499605e-5
2.3041075267792485e-5
2.3063502308558933e-5
2.3085547543668283e-5
2.3107214923286807e-5
2.3128548933117284e-5
2.3149414644746952e-5
2.3169986320124215e-5
2.3190141033301906e-5
2.320980363035723e-5
2.3229216875608978e-5
2.3248094819880946e-5
2.326656153411378e-5
2.3284685384616465e-5
2.330218291531072e-5
2.3319458021629618e-5
2.3336213985404132e-5
2.3352408871732064e-5
2.3368291046606683e-5
2.3383612548870306e-5
2.3398451287097493e-5
2.3412833467130184e-5
2.3426670273396714e-5
2.3440083662695664e-5
2.3452926982560345e-5
2.3465259667998702e-5
2.3477094764585416e-5
2.3488353426171466e-5
2.3499095171596237e-5
2.350925874736795e-5
2.3518866163396328e-5
2.352791021409846e-5
2.3536348101802764e-5
2.3544223195425948e-5
2.3551460329507506e-5
2.3558111605277304e-5
2.3564154040140717e-5
2.356952609645159e-5
2.357428642643077e-5
2.357838632283471e-5
2.358181187116695e-5
2.3584578519564054e-5
2.3586642821525574e-5
2.3588024814746905e-5
2.3588693132577483e-5
2.3588640692606416e-5
2.3587853989210473e-5
2.358632566973207e-5
2.3584038525998062e-5
2.3580979155466476e-5
2.357715157894881e-5
2.3572505294954052e-5
2.3567063791889346e-5
2.3560809253135018e-5
2.3553701337460478e-5
2.3545752302490396e-5
2.353692086040072e-5
2.3527221982380936e-5
2.351662166387589e-5
2.3505115995810358e-5
2.3492704166348466e-5
2.3479300321624242e-5
2.346499086589795e-5
2.3449674873315826e-5
2.343333928358982e-5
2.3416059782194556e-5
2.3397709147573108e-5
2.3378347177249726e-5
2.3357883370374418e-5
2.3336310775412852e-5
2.331373405130797e-5
2.3289916941911753e-5
2.3264987264607732e-5
2.3238944642041642e-5
2.321166764399574e-5
2.3183268188081807e-5
2.31535098907462e-5
2.3122565469293003e-5
2.309039598223017e-5
2.3056809477462834e-5
2.302196602209046e-5
2.2985767219144926e-5
2.294820475260569e-5
2.2909242614390685e-5
2.286878397539349e-5
2.282695592853973e-5
2.27835992865463e-5
2.273879111308821e-5
2.2692403770632257e-5
2.2644328548241112e-5
2.259474432611211e-5
2.2543484943808957e-5
2.249057338037552e-5
2.2435941878159973e-5
2.2379531441212225e-5
2.2321642843956003e-5
2.226156034838987e-5
2.219955746688802e-5
2.2136026460578628e-5
2.2070211383411267e-5
2.2002611656614762e-5
2.193295369427599e-5
2.186112784455568e-5
2.1787430413613614e-5
2.1711288225761965e-5
2.1633021029522254e-5
2.1552589994039287e-5
2.1469737724641857e-5
2.1384605033253404e-5
2.129677034004805e-5
2.120658119550745e-5
2.1113916770078986e-5
2.101847763525997e-5
2.092053536046611e-5
2.0819770267737263e-5
2.0716160772741446e-5
2.0609582379605284e-5
2.049989728714609e-5
2.038732214830421e-5
2.0271519045826288e-5
2.015257819218437e-5
2.0030265652122553e-5
1.9904310928894547e-5
1.9775077967825917e-5
1.9642165123756617e-5
1.9505170988652494e-5
1.9364465393639482e-5
1.9219920816817707e-5
1.9071256929039592e-5
1.8917777092171768e-5
1.8760380087234347e-5
1.8598278643510372e-5
1.843149932658889e-5
1.8259623495517042e-5
1.808258478037378e-5
1.790067996736562e-5
1.771284265798218e-5
1.751910723993247e-5
1.731976047618796e-5
1.7113790242274613e-5
1.6901725518009002e-5
1.668250512569322e-5
1.6455995578195623e-5
1.622230626067023e-5
1.5979931231259894e-5
1.572971089639202e-5
1.547062671547255e-5
1.5201889551870836e-5
1.4924291038747393e-5
1.463495301510706e-5
1.4334965333612424e-5
1.4022695960891365e-5
1.3696683883547193e-5
1.335811842027874e-5
1.300283198939058e-5
1.263137622898745e-5
1.2243699354096847e-5
1.1832897098986215e-5
1.1401746285464969e-5
1.0945625665097684e-5
1.0460365001765505e-5
9.9440854039821e-6
9.386273600701653e-6
8.785099577998831e-6
8.128136466765054e-6
7.397607543565719e-6
6.575256584626066e-6
5.615003573049342e-6
4.430896297150326e-6
2.7452061639114862e-6
0.0
0.0
0.0
0.0
0.0
0.0
0.0
0.0
0.0
0.0
0.0
0.0
0.0
0.0
0.0
0.0
0.0
0.0
0.0
0.0
0.0
0.0
0.0
0.0
0.0
0.0
0.0
0.0
0.0
0.0
0.0
0.0
0.0
0.0
0.0
0.0
0.0
0.0
0.0
0.0
0.0
0.0
0.0
0.0
0.0
0.0
0.0
0.0
0.0
0.0
0.0
0.0
0.0
0.0
0.0
0.0
0.0
0.0
0.0
0.0
0.0
0.0
0.0
0.0
0.0
0.0
0.0
0.0
0.0
0.0
0.0
0.0
0.0
0.0
0.0
0.0
0.0
0.0
0.0
0.0
0.0
0.0
0.0
0.0
0.0
0.0
0.0
0.0
0.0
0.0
0.0
0.0
0.0
0.0
0.0
0.0
0.0
0.0
0.0
0.0
0.0
0.0
0.0
0.0
0.0
0.0
0.0
0.0
0.0
0.0
0.0
0.0
0.0
0.0
0.0
0.0
0.0
0.0
0.0
0.0
0.0
0.0
0.0
0.0
0.0
0.0
0.0
0.0
0.0
0.0
0.0
0.0
0.0
0.0
0.0
0.0
0.0
0.0
0.0
0.0
0.0
0.0
0.0
0.0
0.0
0.0
0.0
0.0
0.0
0.0
0.0
0.0
0.0
0.0
0.0
0.0
0.0
0.0
0.0
0.0
0.0
0.0
0.0
0.0
0.0
0.0
0.0
0.0
0.0
0.0
0.0
0.0
0.0
0.0
0.0
0.0
0.0
0.0
0.0
0.0
0.0
0.0
0.0
0.0
0.0
0.0
0.0
0.0
0.0
0.0
0.0
0.0
0.0
0.0
0.0
0.0
0.0
0.0
0.0
0.0
0.0
0.0
0.0
0.0
0.0
0.0
0.0
0.0
0.0
0.0
0.0
0.0
0.0
0.0
0.0
0.0
0.0
0.0
0.0
0.0
0.0
0.0
0.0
0.0
0.0
0.0
0.0
0.0
0.0
0.0
0.0
0.0
0.0
0.0
0.0
0.0
0.0
0.0
0.0
0.0
0.0
0.0
0.0
0.0
0.0
0.0
0.0
0.0
0.0
0.0
0.0
0.0
0.0
0.0
0.0
0.0
0.0
0.0
0.0
0.0
0.0
0.0
0.0
0.0
0.0
0.0
0.0
0.0
0.0
0.0
0.0
0.0
0.0
0.0
0.0
0.0
0.0
0.0
0.0
0.0
0.0
0.0
0.0
0.0
0.0
0.0
0.0
0.0
0.0
0.0
0.0
0.0
0.0
0.0
0.0
0.0
0.0
0.0
0.0
0.0
0.0
0.0
0.0
0.0
0.0
0.0
0.0
0.0
0.0
0.0
0.0
0.0
0.0
0.0
0.0
0.0
0.0
0.0
0.0
0.0
0.0
0.0
0.0
0.0
0.0
0.0
0.0
0.0
0.0
0.0
0.0
0.0
0.0
0.0
0.0
0.0
0.0
0.0
0.0
0.0
0.0
0.0
0.0
0.0
0.0
0.0
0.0
0.0
0.0
0.0
0.0
0.0
0.0
0.0
0.0
0.0
0.0
0.0
0.0
0.0
0.0
0.0
0.0
0.0
0.0
0.0
0.0
0.0
0.0
0.0
0.0
0.0
0.0
0.0
0.0
0.0
0.0
0.0
0.0
0.0
0.0
0.0
0.0
0.0
0.0
0.0
0.0
0.0
0.0
0.0
0.0
0.0
0.0
0.0
0.0
0.0
0.0
0.0
0.0
0.0
0.0
0.0
0.0
0.0
0.0
0.0
0.0
0.0
0.0
0.0
0.0
0.0
0.0
0.0
0.0
0.0
0.0
0.0
0.0
0.0
0.0
0.0
0.0
0.0
0.0
0.0
0.0
0.0
0.0
0.0
0.0
0.0
0.0
0.0
0.0
0.0
0.0
0.0
0.0
0.0
0.0
0.0
0.0
0.0
0.0
0.0
0.0
0.0
0.0
0.0
0.0
0.0
0.0
0.0
0.0
0.0
0.0
0.0
0.0
0.0
0.0
0.0
0.0
0.0
0.0
0.0
0.0
0.0
0.0
0.0
0.0
0.0
0.0
0.0
0.0
0.0
0.0
0.0
0.0
0.0
0.0
0.0
0.0
0.0
0.0
0.0
0.0
0.0
0.0
0.0
0.0
0.0
0.0
0.0
0.0
0.0
0.0
0.0
0.0
0.0
0.0
0.0
0.0
0.0
0.0
0.0
0.0
0.0
0.0
0.0
0.0
0.0
0.0
0.0
0.0
0.0
0.0
0.0
0.0
0.0
0.0
0.0
0.0
0.0
0.0
0.0
0.0
0.0
0.0
0.0
0.0
0.0
0.0
0.0
0.0
0.0
0.0
0.0
0.0
0.0
0.0
0.0
0.0
0.0
0.0
0.0
0.0
0.0
0.0
0.0
0.0
0.0
0.0
0.0
0.0
0.0
0.0
0.0
0.0
0.0
0.0
0.0
0.0
0.0
0.0
0.0
0.0
0.0
0.0
0.0
0.0
0.0
0.0
0.0
0.0
0.0
0.0
0.0
0.0
0.0
0.0
0.0
0.0
0.0
0.0
0.0
0.0
0.0
0.0
0.0
0.0
0.0
0.0
0.0
0.0
0.0
0.0
0.0
0.0
0.0
0.0
0.0
0.0
0.0
0.0
0.0
0.0
0.0
0.0
0.0
0.0
0.0
0.0
0.0
0.0
0.0
0.0
0.0
0.0
0.0
0.0
0.0
0.0
0.0
0.0
0.0
0.0
0.0
0.0
0.0
0.0
0.0
0.0
0.0
0.0
0.0
0.0
0.0
0.0
0.0
0.0
0.0
0.0
0.0
0.0
0.0
0.0
0.0
0.0
0.0
0.0
0.0
0.0
0.0
0.0
0.0
0.0
0.0
0.0
0.0
0.0
0.0
0.0
0.0
0.0
0.0
0.0
0.0
0.0
0.0
0.0
0.0
0.0
0.0
0.0
0.0
0.0
0.0
0.0
0.0
0.0
0.0
0.0
0.0
0.0
0.0
0.0
0.0
0.0
0.0
0.0
0.0
0.0
0.0
0.0
0.0
0.0
0.0
0.0
0.0
0.0
0.0
0.0
0.0
0.0
0.0
0.0
0.0
0.0
0.0
0.0
0.0
0.0
0.0
0.0
0.0
0.0
0.0
0.0
0.0
0.0
0.0
0.0
0.0
0.0
0.0
0.0
0.0
0.0
0.0
0.0
0.0
0.0
0.0
0.0
0.0
0.0
0.0
0.0
0.0
0.0
0.0
0.0
0.0
0.0
0.0
0.0
0.0
0.0
0.0
0.0
0.0
0.0
0.0
0.0
0.0
0.0
0.0
0.0
0.0
0.0
0.0
0.0
0.0
0.0
0.0
0.0
0.0
0.0
0.0
0.0
0.0
0.0
0.0
0.0
0.0
0.0
0.0
0.0
0.0
0.0
0.0
0.0
0.0
0.0
0.0
0.0
0.0
0.0
0.0
0.0
0.0
0.0
0.0
0.0
0.0
0.0
0.0
0.0
0.0
0.0
0.0
0.0
0.0
0.0
0.0
0.0
0.0
0.0
0.0
0.0
0.0
0.0
0.0
0.0
0.0
0.0
0.0
0.0
0.0
0.0
0.0
0.0
0.0
0.0
0.0
0.0
0.0
0.0
0.0
0.0
0.0
0.0
0.0
0.0
0.0
0.0
0.0
0.0
0.0
0.0
0.0
0.0
0.0
0.0
0.0
0.0
0.0
0.0
0.0
0.0
0.0
0.0
0.0
0.0
0.0
0.0
0.0
0.0
0.0
0.0
0.0
0.0
0.0
0.0
0.0
0.0
0.0
0.0
0.0
0.0
0.0
0.0
0.0
0.0
0.0
0.0
0.0
0.0
0.0
0.0
0.0
0.0
0.0
0.0
0.0
0.0
0.0
0.0
0.0
0.0
0.0
0.0
0.0
0.0
0.0
0.0
0.0
0.0
0.0
0.0
0.0
0.0
0.0
0.0
0.0
0.0
0.0
0.0
0.0
0.0
0.0
0.0
0.0
0.0
0.0
0.0
0.0
0.0
0.0
0.0
0.0
0.0
0.0
0.0
0.0
0.0
0.0
0.0
0.0
0.0
0.0
0.0
0.0
0.0
0.0
0.0
0.0
0.0
0.0
0.0
0.0
0.0
0.0
0.0
0.0
0.0
0.0
0.0
0.0
0.0
0.0
0.0
0.0
0.0
0.0
0.0
0.0
0.0
0.0
0.0
0.0
0.0
0.0
0.0
0.0
0.0
0.0
0.0
0.0
0.0
0.0
0.0
0.0
0.0
0.0
0.0
0.0
0.0
0.0
0.0
0.0
0.0
0.0
0.0
0.0
0.0
0.0
0.0
0.0
0.0
0.0
0.0
0.0
0.0
0.0
0.0
0.0
0.0
0.0
0.0
0.0
0.0
0.0
0.0
0.0
0.0
0.0
0.0
0.0
0.0
0.0
0.0
0.0
0.0
0.0
0.0
0.0
0.0
0.0
0.0
0.0
0.0
0.0
0.0
0.0
0.0
0.0
0.0
0.0
0.0
0.0
0.0
0.0
0.0
0.0
0.0
0.0
0.0
0.0
0.0
0.0
0.0
0.0
0.0
0.0
0.0
0.0
0.0
0.0
0.0
0.0
0.0
0.0
0.0
0.0
0.0
0.0
0.0
0.0
0.0
0.0
0.0
0.0
0.0
0.0
0.0
0.0
0.0
0.0
0.0
0.0
0.0
0.0
0.0
0.0
0.0
0.0
0.0
0.0
0.0
0.0
0.0
0.0
0.0
0.0
0.0
0.0
0.0
0.0
0.0
0.0
0.0
0.0
0.0
0.0
0.0
0.0
0.0
0.0
0.0
0.0
0.0
0.0
0.0
0.0
0.0
0.0
0.0
0.0
0.0
0.0
0.0
0.0
0.0
0.0
0.0
0.0
0.0
0.0
0.0
0.0
0.0
0.0
0.0
0.0
0.0
0.0
0.0
0.0
0.0
0.0
0.0
0.0
0.0
0.0
0.0
0.0
0.0
0.0
0.0
0.0
0.0
0.0
0.0
0.0
0.0
0.0
0.0
0.0
0.0
0.0
0.0
0.0
0.0
0.0
0.0
0.0
0.0
0.0
0.0
0.0
0.0
0.0
0.0
0.0
0.0
0.0
0.0
0.0
0.0
0.0
0.0
0.0
0.0
0.0
0.0
0.0
0.0
0.0
0.0
0.0
0.0
0.0
0.0
0.0
0.0
0.0
0.0
0.0
0.0
0.0
0.0
0.0
0.0
0.0
0.0
0.0
0.0
0.0
0.0
0.0
0.0
0.0
0.0
0.0
0.0
0.0
0.0
0.0
0.0
0.0
0.0
0.0
0.0
0.0
0.0
0.0
0.0
0.0
0.0
0.0
0.0
0.0
0.0
0.0
0.0
0.0
0.0
0.0
0.0
0.0
0.0
0.0
0.0
0.0
0.0
0.0
0.0
0.0
0.0
0.0
0.0
0.0
0.0
0.0
0.0
0.0
0.0
0.0
0.0
0.0
0.0
0.0
0.0
0.0
0.0
0.0
0.0
0.0
0.0
0.0
0.0
0.0
0.0
0.0
0.0
0.0
0.0
0.0
0.0
0.0
0.0
0.0
0.0
0.0
0.0
0.0
0.0
0.0
0.0
0.0
0.0
0.0
0.0
0.0
0.0
0.0
0.0
0.0
0.0
0.0
0.0
0.0
0.0
0.0
0.0
0.0
0.0
0.0
0.0
0.0
0.0
0.0
0.0
0.0
0.0
0.0
0.0
0.0
0.0
0.0
0.0
0.0
0.0
0.0
0.0
0.0
0.0
0.0
0.0
0.0
0.0
0.0
0.0
0.0
0.0
0.0
0.0
0.0
0.0
0.0
0.0
0.0
0.0
0.0
0.0
0.0
0.0
0.0
0.0
0.0
0.0
0.0
0.0
0.0
0.0
0.0
0.0
0.0
0.0
0.0
0.0
0.0
0.0
0.0
0.0
0.0
0.0
0.0
0.0
0.0
0.0
0.0
0.0
0.0
0.0
0.0
0.0
0.0
0.0
0.0
0.0
0.0
0.0
0.0
0.0
0.0
0.0
0.0
0.0
0.0
0.0
0.0
0.0
0.0
0.0
0.0
0.0
0.0
0.0
0.0
0.0
0.0
0.0
0.0
0.0
0.0
0.0
0.0
0.0
0.0
0.0
0.0
0.0
0.0
0.0
0.0
0.0
0.0
0.0
0.0
0.0
0.0
0.0
0.0
0.0
0.0
0.0
0.0
0.0
0.0
0.0
0.0
0.0
0.0
0.0
0.0
0.0
0.0
0.0
0.0
0.0
0.0
0.0
0.0
0.0
0.0
0.0
0.0
0.0
0.0
0.0
0.0
0.0
0.0
0.0
0.0
0.0
0.0
0.0
0.0
0.0
0.0
0.0
0.0
0.0
0.0
0.0
0.0
0.0
0.0
0.0
0.0
0.0
0.0
0.0
0.0
0.0
0.0
0.0
0.0
0.0
0.0
0.0
0.0
0.0
0.0
0.0
0.0
0.0
0.0
0.0
0.0
0.0
0.0
0.0
0.0
0.0
0.0
0.0
0.0
0.0
0.0
0.0
0.0
0.0
0.0
0.0
0.0
0.0
0.0
0.0
0.0
0.0
0.0
0.0
0.0
0.0
0.0
0.0
0.0
0.0
0.0
0.0
0.0
0.0
0.0
0.0
0.0
0.0
0.0
0.0
0.0
0.0
0.0
0.0
0.0
0.0
0.0
0.0
0.0
0.0
0.0
0.0
0.0
0.0
0.0
0.0
0.0
0.0
0.0
0.0
0.0
0.0
0.0
0.0
0.0
0.0
0.0
0.0
0.0
0.0
0.0
0.0
0.0
0.0
0.0
0.0
0.0
0.0
0.0
0.0
0.0
0.0
0.0
0.0
0.0
0.0
0.0
0.0
0.0
0.0
0.0
0.0
0.0
0.0
0.0
0.0
0.0
0.0
0.0
0.0
0.0
0.0
0.0
0.0
0.0
0.0
0.0
0.0
0.0
0.0
0.0
0.0
0.0
0.0
0.0
0.0
0.0
0.0
0.0
0.0
0.0
0.0
0.0
0.0
0.0
0.0
0.0
0.0
0.0
0.0
0.0
0.0
0.0
0.0
0.0
0.0
0.0
0.0
0.0
0.0
0.0
0.0
0.0
0.0
0.0
0.0
0.0
0.0
0.0
0.0
0.0
0.0
0.0
0.0
0.0
0.0
0.0
0.0
0.0
0.0
0.0
0.0
0.0
0.0
0.0
0.0
0.0
0.0
0.0
0.0
0.0
0.0
0.0
0.0
0.0
0.0
0.0
0.0
0.0
0.0
0.0
0.0
0.0
0.0
0.0
0.0
0.0
0.0
0.0
0.0
0.0
0.0
0.0
0.0
0.0
0.0
0.0
0.0
0.0
0.0
0.0
0.0
0.0
0.0
0.0
0.0
0.0
0.0
0.0
0.0
0.0
0.0
0.0
0.0
0.0
0.0
0.0
0.0
0.0
0.0
0.0
0.0
0.0
0.0
0.0
0.0
0.0
0.0
0.0
0.0
0.0
0.0
0.0
0.0
0.0
0.0
0.0
0.0
0.0
0.0
0.0
0.0
0.0
0.0
0.0
0.0
0.0
0.0
0.0
0.0
0.0
0.0
0.0
0.0
0.0
0.0
0.0
0.0
0.0
0.0
0.0
0.0
0.0
0.0
0.0
0.0
0.0
0.0
0.0
0.0
0.0
0.0
0.0
0.0
0.0
0.0
0.0
0.0
0.0
0.0
0.0
0.0
0.0
0.0
0.0
0.0
0.0
0.0
0.0
0.0
0.0
0.0
0.0
0.0
0.0
0.0
0.0
0.0
0.0
0.0
0.0
0.0
0.0
0.0
0.0
0.0
0.0
0.0
0.0
0.0
0.0
0.0
0.0
0.0
0.0
0.0
0.0
0.0
0.0
0.0
0.0
0.0
0.0
0.0
0.0
0.0
0.0
0.0
0.0
0.0
0.0
0.0
0.0
0.0
0.0
0.0
0.0
0.0
0.0
0.0
0.0
0.0
0.0
0.0
0.0
0.0
0.0
0.0
0.0
0.0
0.0
0.0
0.0
0.0
0.0
0.0
0.0
0.0
0.0
0.0
0.0
0.0
0.0
0.0
0.0
0.0
0.0
0.0
0.0
0.0
0.0
0.0
0.0
0.0
0.0
0.0
0.0
0.0
0.0
0.0
0.0
0.0
0.0
0.0
0.0
0.0
0.0
0.0
0.0
0.0
0.0
0.0
0.0
0.0
0.0
0.0
0.0
0.0
0.0
0.0
0.0
0.0
0.0
0.0
0.0
0.0
0.0
0.0
0.0
0.0
0.0
0.0
0.0
0.0
0.0
0.0
0.0
0.0
0.0
0.0
0.0
0.0
0.0
0.0
0.0
0.0
0.0
0.0
0.0
0.0
0.0
0.0
0.0
0.0
0.0
0.0
0.0
0.0
0.0
0.0
0.0
0.0
0.0
0.0
0.0
0.0
0.0
0.0
0.0
0.0
0.0
0.0
0.0
0.0
0.0
0.0
0.0
0.0
0.0
0.0
0.0
0.0
0.0
0.0
0.0
0.0
0.0
0.0
0.0
0.0
0.0
0.0
0.0
0.0
0.0
0.0
0.0
0.0
0.0
0.0
0.0
0.0
0.0
0.0
0.0
0.0
0.0
0.0
0.0
0.0
0.0
0.0
0.0
0.0
0.0
0.0
0.0
0.0
0.0
0.0
0.0
0.0
0.0
0.0
0.0
0.0
0.0
0.0
0.0
0.0
0.0
0.0
0.0
0.0
0.0
0.0
0.0
0.0
0.0
0.0
0.0
0.0
0.0
0.0
0.0
0.0
0.0
0.0
0.0
0.0
0.0
0.0
0.0
0.0
0.0
0.0
0.0
0.0
0.0
0.0
0.0
0.0
0.0
0.0
0.0
0.0
0.0
0.0
0.0
0.0
0.0
0.0
0.0
0.0
0.0
0.0
0.0
0.0
0.0
0.0
0.0
0.0
0.0
0.0
0.0
0.0
0.0
0.0
0.0
0.0
0.0
0.0
0.0
0.0
0.0
0.0
0.0
0.0
0.0
0.0
0.0
0.0
0.0
0.0
0.0
0.0
0.0
0.0
0.0
0.0
0.0
0.0
0.0
0.0
0.0
0.0
0.0
0.0
0.0
0.0
0.0
0.0
0.0
0.0
0.0
0.0
0.0
0.0
0.0
0.0
0.0
0.0
0.0
0.0
0.0
0.0
0.0
0.0
0.0
0.0
0.0
0.0
0.0
0.0
0.0
0.0
0.0
0.0
0.0
0.0
0.0
0.0
0.0
0.0
0.0
0.0
0.0
0.0
0.0
0.0
0.0
0.0
0.0
0.0
0.0
0.0
0.0
0.0
0.0
0.0
0.0
0.0
0.0
0.0
0.0
0.0
0.0
0.0
0.0
0.0
0.0
0.0
0.0
0.0
0.0
0.0
0.0
0.0
0.0
0.0
0.0
0.0
0.0
0.0
0.0
0.0
0.0
0.0
0.0
0.0
0.0
0.0
0.0
0.0
0.0
0.0
0.0
0.0
0.0
0.0
0.0
0.0
0.0
0.0
0.0
0.0
0.0
0.0
0.0
0.0
0.0
0.0
0.0
0.0
0.0
0.0
0.0
0.0
0.0
0.0
0.0
0.0
0.0
0.0
0.0
0.0
0.0
0.0
0.0
0.0
0.0
0.0
0.0
0.0
0.0
0.0
0.0
0.0
0.0
0.0
0.0
0.0
0.0
0.0
0.0
0.0
0.0
0.0
0.0
0.0
0.0
0.0
0.0
0.0
0.0
0.0
0.0
0.0
0.0
0.0
0.0
0.0
0.0
0.0
0.0
0.0
0.0
0.0
0.0
0.0
0.0
0.0
0.0
0.0
0.0
0.0
0.0
0.0
0.0
0.0
0.0
0.0
0.0
0.0
0.0
0.0
0.0
0.0
0.0
0.0
0.0
0.0
0.0
0.0
0.0
0.0
0.0
0.0
0.0
0.0
0.0
0.0
0.0
0.0
0.0
0.0
0.0
0.0
0.0
0.0
0.0
0.0
0.0
0.0
0.0
0.0
0.0
0.0
0.0
0.0
0.0
0.0
0.0
0.0
0.0
0.0
0.0
0.0
0.0
0.0
0.0
0.0
0.0
0.0
0.0
0.0
0.0
0.0
0.0
0.0
0.0
0.0
0.0
0.0
0.0
0.0
0.0
0.0
0.0
0.0
0.0
0.0
0.0
0.0
0.0
0.0
0.0
0.0
0.0
0.0
0.0
0.0
0.0
0.0
0.0
0.0
0.0
0.0
0.0
0.0
0.0
0.0
0.0
0.0
0.0
0.0
0.0
0.0
0.0
0.0
0.0
0.0
0.0
0.0
0.0
0.0
0.0
0.0
0.0
0.0
0.0
0.0
0.0
0.0
0.0
0.0
0.0
0.0
0.0
0.0
0.0
0.0
0.0
0.0
0.0
0.0
0.0
0.0
0.0
0.0
0.0
0.0
0.0
0.0
0.0
0.0
0.0
0.0
0.0
0.0
0.0
0.0
0.0
0.0
0.0
0.0
0.0
0.0
0.0
0.0
0.0
0.0
0.0
0.0
0.0
0.0
0.0
0.0
0.0
0.0
0.0
0.0
0.0
0.0
0.0
0.0
0.0
0.0
0.0
0.0
0.0
0.0
0.0
0.0
0.0
0.0
0.0
0.0
0.0
0.0
0.0
0.0
0.0
0.0
0.0
0.0
0.0
0.0
0.0
0.0
0.0
0.0
0.0
0.0
0.0
0.0
0.0
0.0
0.0
0.0
0.0
0.0
0.0
0.0
0.0
0.0
0.0
0.0
0.0
0.0
0.0
0.0
0.0
0.0
0.0
0.0
0.0
0.0
0.0
0.0
0.0
0.0
0.0
0.0
0.0
0.0
0.0
0.0
0.0
0.0
0.0
0.0
0.0
0.0
0.0
0.0
0.0
0.0
0.0
0.0
0.0
0.0
0.0
0.0
0.0
0.0
0.0
0.0
0.0
0.0
0.0
0.0
0.0
0.0
0.0
0.0
0.0
0.0
0.0
0.0
0.0
0.0
0.0
0.0
0.0
0.0
0.0
0.0
0.0
0.0
0.0
0.0
0.0
0.0
0.0
0.0
0.0
0.0
0.0
0.0
0.0
0.0
0.0
0.0
0.0
0.0
0.0
0.0
0.0
0.0
0.0
0.0
0.0
0.0
0.0
0.0
0.0
0.0
0.0
0.0
0.0
0.0
0.0
0.0
0.0
0.0
0.0
0.0
0.0
0.0
0.0
0.0
0.0
0.0
0.0
0.0
0.0
0.0
0.0
0.0
0.0
0.0
0.0
0.0
0.0
0.0
0.0
0.0
0.0
0.0
0.0
0.0
0.0
0.0
0.0
0.0
0.0
0.0
0.0
0.0
0.0
0.0
0.0
0.0
0.0
0.0
0.0
0.0
0.0
0.0
0.0
0.0
0.0
0.0
0.0
0.0
0.0
0.0
0.0
0.0
0.0
0.0
0.0
0.0
0.0
0.0
0.0
0.0
0.0
0.0
0.0
0.0
