4.394598923774451e-8
4.800941061325797e-8
5.188098389967002e-8
5.550920305543121e-8
5.911232250117675e-8
6.265406487226162e-8
6.60004096631633e-8
6.933965493504392e-8
7.263968070480653e-8
7.585908539910846e-8
7.9056489188083e-8
8.217755707839993e-8
8.521876749786315e-8
8.825224787950185e-8
9.125088602876416e-8
9.421245237018426e-8
9.7166380489716e-8
1.000694633505437e-7
1.0292192578147738e-7
1.0576326078784579e-7
1.0856640107932582e-7
1.1133858469598496e-7
1.1410673573005191e-7
1.168471582412222e-7
1.1955379910356044e-7
1.2226034848522547e-7
1.2495701815755825e-7
1.2763522409174352e-7
1.3031044462696286e-7
1.3296560906617541e-7
1.355550157884699e-7
1.3814171299324204e-7
1.4072848080926675e-7
1.4329988287423212e-7
1.4587598447356392e-7
1.4845552398775308e-7
1.5099695996529526e-7
1.535433087014555e-7
1.5609365497783681e-7
1.586256144850278e-7
1.6114907756077954e-7
1.6366768675754924e-7
1.6616070409623945e-7
1.6864466489860242e-7
1.7113117371642334e-7
1.736156442124424e-7
1.760888257698696e-7
1.785627065980179e-7
1.8103623562813945e-7
1.834894752484305e-7
1.8594505055621163e-7
1.8840498590047262e-7
1.908619345097314e-7
1.9331250351804358e-7
1.9576350710044878e-7
1.9821134765456566e-7
2.0065012933327436e-7
2.0309213630827247e-7
2.055364131802366e-7
2.0796886347105525e-7
2.1038574046376054e-7
2.1280197176406202e-7
2.1522193262316263e-7
2.1763757787259254e-7
2.2005896852523006e-7
2.2248525837320863e-7
2.249047121865475e-7
2.2732235135126544e-7
2.2974241952537653e-7
2.321634190521158e-7
2.3457612500630637e-7
2.369935190644539e-7
2.394136127100443e-7
2.4182486098551635e-7
2.442360620601323e-7
2.46652223457736e-7
2.490733043606205e-7
2.5149311018572075e-7
2.539102587571768e-7
2.563262465235526e-7
2.58738672965678e-7
2.6114651544631515e-7
2.635605471924233e-7
2.6598002054529336e-7
2.6839972873623004e-7
2.708134046029171e-7
2.732301901550631e-7
2.7565038316810017e-7
2.7806747278179017e-7
2.804847751332088e-7
2.8290743698286214e-7
2.8533559391687366e-7
2.8775940862443883e-7
2.9018807500095014e-7
2.926231333096816e-7
2.9506432929212756e-7
2.9750506451425277e-7
2.9994791358848343e-7
3.023899324684796e-7
3.0482813785442413e-7
3.072614073502352e-7
3.0969744314362213e-7
3.121376515797186e-7
3.145825465115306e-7
3.170254568231741e-7
3.1946857129012334e-7
3.2191634663813603e-7
3.243713609358358e-7
3.2682543907742204e-7
3.2928227254331094e-7
3.3174469159913166e-7
3.342131838051086e-7
3.366776569511165e-7
3.391492353864097e-7
3.4162574994074095e-7
3.441060653884533e-7
3.4658977201930335e-7
3.4906977993674907e-7
3.515515916452379e-7
3.5403648478975824e-7
3.565240009721445e-7
3.5901446274978e-7
3.61511891285029e-7
3.6401539647102997e-7
3.6652321935017566e-7
3.6902861012775613e-7
3.7154000216188887e-7
3.740544741597681e-7
3.7656980851713784e-7
3.7908357054509864e-7
3.8160241514747527e-7
3.8412694604591403e-7
3.866566391708571e-7
3.8918944496129663e-7
3.917239636906805e-7
3.9426391631816405e-7
3.9680946602690297e-7
3.993604509599536e-7
4.0190765993022e-7
4.0445870527660064e-7
4.070157404699104e-7
4.095791873415688e-7
4.121473170756329e-7
4.1471675994486953e-7
4.172924406337615e-7
4.198730673609539e-7
4.2245738567790077e-7
4.2504367512470616e-7
4.276331387562374e-7
4.3022769115735177e-7
4.3282768651934736e-7
4.354334867061803e-7
4.3803850150341083e-7
4.406488003200538e-7
4.432634483279682e-7
4.4588179086145654e-7
4.485025192654045e-7
4.5112437524664834e-7
4.5375287355624764e-7
4.563856432591357e-7
4.590213631174263e-7
4.6166080428585363e-7
4.6430531673906797e-7
4.669580661618636e-7
4.696181602440647e-7
4.7228446300952127e-7
4.749545187550774e-7
4.776218643018925e-7
4.802941888792495e-7
4.82973087699185e-7
4.856589053892492e-7
4.883483453199506e-7
4.910391930403995e-7
4.937355126791345e-7
4.964379313362828e-7
4.991465497432987e-7
5.018594496030257e-7
5.045741746151425e-7
5.072972743124625e-7
5.100271178892183e-7
5.127613009261358e-7
5.154967844284374e-7
5.182382492410652e-7
5.209846143007898e-7
5.237353897625578e-7
5.264918550058285e-7
5.292566346498404e-7
5.320213852953003e-7
5.347900540560978e-7
5.375629585094231e-7
5.403398986414858e-7
5.431216462845049e-7
5.459126631284659e-7
5.487039524924127e-7
5.515055687431744e-7
5.543139695722132e-7
5.571257270946506e-7
5.599412270820371e-7
5.627606574609454e-7
5.655845187349605e-7
5.684167894947461e-7
5.712570615404211e-7
5.741036704592195e-7
5.769590259824349e-7
5.798135205020509e-7
5.826764534892753e-7
5.855450276796098e-7
5.884186302207954e-7
5.912994714468413e-7
5.941804279081436e-7
5.970695115911636e-7
5.999633885358174e-7
6.028617208911777e-7
6.057654042369996e-7
6.086755189412905e-7
6.115882356521879e-7
6.145146838474302e-7
6.174450497703685e-7
6.203808692492218e-7
6.233230991766719e-7
6.262655027932088e-7
6.292143738519971e-7
6.321719123316363e-7
6.351322767238715e-7
6.380991596906028e-7
6.410755834752608e-7
6.440581909542863e-7
6.470435893132746e-7
6.500382631382817e-7
6.530383096680701e-7
6.560450467049069e-7
6.590597302728329e-7
6.620813753157676e-7
6.651060407588529e-7
6.681409399592243e-7
6.71180217360353e-7
6.742230526722282e-7
6.772713778225432e-7
6.803271827201512e-7
6.83387689178145e-7
6.864510665958756e-7
6.895228502576453e-7
6.92602908006922e-7
6.956909619770772e-7
6.98784787185622e-7
7.018810985855335e-7
7.049922006209918e-7
7.081049702656198e-7
7.112236638853595e-7
7.143517724991431e-7
7.174890431469254e-7
7.20632075924863e-7
7.237772752181376e-7
7.26924586560056e-7
7.300843423249523e-7
7.332518080064245e-7
7.364245922661158e-7
7.396021711539782e-7
7.427862980381465e-7
7.459820749607723e-7
7.491815363696657e-7
7.523863226185935e-7
7.555965241236956e-7
7.588117125708971e-7
7.620354893586776e-7
7.652712549559926e-7
7.685108540231497e-7
7.717541015309505e-7
7.750060442789977e-7
7.782684955160206e-7
7.815402862017723e-7
7.848184908903869e-7
7.881010516437762e-7
7.913896140603096e-7
7.946869212323374e-7
7.979921988047304e-7
8.013056347105724e-7
8.046266052561554e-7
8.079539227515525e-7
8.112860616365446e-7
8.14622957630724e-7
8.179710792646011e-7
8.213270301197788e-7
8.246881994532589e-7
8.280574826709991e-7
8.314352473695543e-7
8.348187358669057e-7
8.382065264691936e-7
8.416032769588706e-7
8.45009912471417e-7
8.48424599858281e-7
8.51845057100789e-7
8.552752437469848e-7
8.587138601329825e-7
8.621575014065497e-7
8.656053119568352e-7
8.690617104774933e-7
8.725334966511681e-7
8.760027833533537e-7
8.794837403230371e-7
8.829744735451016e-7
8.864736046880696e-7
8.899803678162546e-7
8.934942889773192e-7
8.970158934094714e-7
9.005471059624922e-7
9.04088002452092e-7
9.076341223637586e-7
9.11186423429092e-7
9.147459018769836e-7
9.183136227277558e-7
9.218914354867399e-7
9.254796569032504e-7
9.290709232964592e-7
9.326709495808134e-7
9.362823591436726e-7
9.399015898498231e-7
9.435275883475296e-7
9.471618881760774e-7
9.508053018412808e-7
9.544564835792845e-7
9.581139672190852e-7
9.61780922427281e-7
9.65452132038722e-7
9.691306086106788e-7
9.72820164723492e-7
9.76520567621998e-7
9.80228674818387e-7
9.839438783856026e-7
9.876674707096425e-7
9.91398509811929e-7
9.951361620056566e-7
9.988888054992156e-7
1.002651183009004e-6
1.0064215487213464e-6
1.0101978670478977e-6
1.0139801603511532e-6
1.017771830559831e-6
1.0215743910537682e-6
1.0253856095481067e-6
1.0292060792977617e-6
1.0330348059221417e-6
1.0368727794493283e-6
1.0407188569372092e-6
1.0445720186937599e-6
1.0484330938776334e-6
1.052304768492254e-6
1.0561882456440694e-6
1.0600803516975302e-6
1.063977118161216e-6
1.067883167794071e-6
1.071803686596472e-6
1.0757290300540945e-6
1.0796621567636702e-6
1.0836047631403547e-6
1.0875594030695647e-6
1.0915250560961038e-6
1.0954993064424823e-6
1.0994812774194962e-6
1.1034716284405769e-6
1.1074706227012649e-6
1.1114798665703286e-6
1.1154957466081891e-6
1.1195185229093037e-6
1.1235497777508421e-6
1.1275912334336606e-6
1.1316463384047943e-6
1.1357135439034444e-6
1.1397892120084512e-6
1.14387240439076e-6
1.147964702573772e-6
1.1520664584757166e-6
1.156176279423084e-6
1.1602989250563922e-6
1.164429818640272e-6
1.1685679728804075e-6
1.172713905134048e-6
1.1768695550228253e-6
1.1810378568673601e-6
1.1852187497305145e-6
1.1894103562544935e-6
1.1936120333723746e-6
1.1978228754627615e-6
1.2020406024909193e-6
1.2062657740118048e-6
1.2105022973343481e-6
1.2147532116582314e-6
1.2190134285981123e-6
1.2232817090101672e-6
1.227558293407383e-6
1.2318437919296868e-6
1.2361392501142844e-6
1.2404462147340019e-6
1.2447655360069241e-6
1.2490956774293279e-6
1.2534339354648082e-6
1.257780249975111e-6
1.2621360357412249e-6
1.2664991838589007e-6
1.2708734251106437e-6
1.2752583481084712e-6
1.2796559118695164e-6
1.2840689393029066e-6
1.2884945090708955e-6
1.2929282788284988e-6
1.297369343228878e-6
1.301818014496685e-6
1.3062756031660638e-6
1.3107441264291441e-6
1.3152233256156072e-6
1.319709736967117e-6
1.3242147242721566e-6
1.328730844749466e-6
1.333257882744083e-6
1.3377951537352566e-6
1.3423437900664638e-6
1.3469020743416644e-6
1.3514674529168615e-6
1.356040487179839e-6
1.3606224581903932e-6
1.3652150915971155e-6
1.3698275586522222e-6
1.3744519202633932e-6
1.3790876655074785e-6
1.3837340488156978e-6
1.3883911094404846e-6
1.3930570414196317e-6
1.3977305544189915e-6
1.4024109652394346e-6
1.4071100501818437e-6
1.4118245548570983e-6
1.416548385685364e-6
1.4212825942794864e-6
1.4260274572973312e-6
1.430781593365383e-6
1.435543827520289e-6
1.4403145781692437e-6
1.4450996091831096e-6
1.4499035670067009e-6
1.4547170320236208e-6
1.4595406671780747e-6
1.4643734728746081e-6
1.4692155632723017e-6
1.4740652952340771e-6
1.4789250439160526e-6
1.483804234627882e-6
1.4887024810384752e-6
1.4936126173479443e-6
1.4985304593308703e-6
1.5034541726165257e-6
1.508381923215578e-6
1.5133151474196394e-6
1.5182773145602282e-6
1.5232532067272574e-6
1.528237989618535e-6
1.5332319522226545e-6
1.5382404209019688e-6
1.5432569595761649e-6
1.548283687482757e-6
1.5533303826193724e-6
1.5583907981533194e-6
1.5634606478186203e-6
1.568538753322872e-6
1.573623560773686e-6
1.5787158620300025e-6
1.5838234535679534e-6
1.5889501230887601e-6
1.5940884370948423e-6
1.5992406811824756e-6
1.6044074536774255e-6
1.6095807441123818e-6
1.6147662623418381e-6
1.6199721726546525e-6
1.6251888844464199e-6
1.6304157568487423e-6
1.6356515058186735e-6
1.6408875065511584e-6
1.646148747046543e-6
1.6514260693997614e-6
1.656711884413799e-6
1.6620091461108688e-6
1.667317043057001e-6
1.6726338885614583e-6
1.6779676621040498e-6
1.683322143753462e-6
1.688690102138209e-6
1.6940686109152484e-6
1.6994526571261826e-6
1.704843843782701e-6
1.7102610977668515e-6
1.7156867128518676e-6
1.7211197322732625e-6
1.726569050115334e-6
1.732015376587907e-6
1.7374970119474552e-6
1.7429937703578233e-6
1.7485021257288088e-6
1.7540173156189974e-6
1.7595283633409e-6
1.7650605748393099e-6
1.77061260591404e-6
1.7761830430463427e-6
1.7817691501092945e-6
1.787358029591585e-6
1.792960893415979e-6
1.7985870663750278e-6
1.8042231562071635e-6
1.809868052500681e-6
1.8155172820920986e-6
1.8211775594423918e-6
1.8268792192810669e-6
1.8325890220619488e-6
1.838306368331874e-6
1.8440290148069453e-6
1.8497588688371556e-6
1.8555175328663603e-6
1.8612825814397938e-6
1.867055157119086e-6
1.8728340329814845e-6
1.8786373202252436e-6
1.8844617745563898e-6
1.890300472270612e-6
1.8961497607389334e-6
1.9020005676200446e-6
1.9078737572981962e-6
1.9137666854283615e-6
1.9196730090872146e-6
1.92558713970747e-6
1.9315129530666402e-6
1.9374616114358093e-6
1.943429540558507e-6
1.949401822825386e-6
1.9553760123040825e-6
1.9613696909830016e-6
1.9673906342370664e-6
1.973423198113351e-6
1.979463262383814e-6
1.98550271814099e-6
1.9915777700967546e-6
1.997665345146246e-6
2.0037682106899798e-6
2.009878669013577e-6
2.016000529298431e-6
2.0221497084353885e-6
2.0283026563287606e-6
2.034456781491235e-6
2.0406183674862763e-6
2.046827216959947e-6
2.0530512664098694e-6
2.0592809885007273e-6
2.0655060492047514e-6
2.0717579027909083e-6
2.0780366992363236e-6
2.084329609242764e-6
2.090617201781069e-6
2.096923799279922e-6
2.103251492018768e-6
2.109587095269458e-6
2.115932618990638e-6
2.122303884027366e-6
2.128704646511517e-6
2.1351187564293017e-6
2.14153347964402e-6
2.1479519687553915e-6
2.154394464849987e-6
2.160858130949391e-6
2.1673302963746064e-6
2.173811552526037e-6
2.180317890660774e-6
2.1868418330305398e-6
2.1933761816663967e-6
2.199922472346647e-6
2.2064914612723806e-6
2.2130754644481215e-6
2.2196583094936156e-6
2.226244272255449e-6
2.2328889673333394e-6
2.239550660158991e-6
2.2462136241341087e-6
2.2528599797032345e-6
2.2595400685714527e-6
2.2662500047527854e-6
2.2729648935097644e-6
2.2796720443897844e-6
2.286421890204774e-6
2.2931818978919886e-6
2.299960792841111e-6
2.3067428028250066e-6
2.3135538946453053e-6
2.3203751889844107e-6
2.3271959522964248e-6
2.334032388184754e-6
2.3409122849171135e-6
2.34781493711032e-6
2.3547156818418954e-6
2.3616173659490667e-6
2.3685398887800866e-6
2.375489355219484e-6
2.382446192002105e-6
2.3894278730670356e-6
2.396437082980838e-6
2.4034500475848285e-6
2.4104655785244145e-6
2.4174982444980233e-6
2.4245572547828264e-6
2.4316205903950533e-6
2.4386933363931686e-6
2.4458004163929222e-6
2.452937555594679e-6
2.460070811571527e-6
2.467197318620447e-6
2.4743613716999827e-6
2.4815628027706933e-6
2.488762753069141e-6
2.4959618366198413e-6
2.503189397214123e-6
2.5104268710682004e-6
2.517678353110301e-6
2.5249596090293907e-6
2.5322689354946354e-6
2.5395742317958815e-6
2.546882987751272e-6
2.554241667893465e-6
2.561595850830261e-6
2.568943047767947e-6
2.5763126753851448e-6
2.5837400652677983e-6
2.5911734284575533e-6
2.5985808047703763e-6
2.60604275784362e-6
2.6135255968210165e-6
2.621018251937017e-6
2.628502113931867e-6
2.6360221222804825e-6
2.6435534232828375e-6
2.651084156755961e-6
2.6586757040448707e-6
2.666270642329436e-6
2.6738561201922384e-6
2.681458772730994e-6
2.689093637813065e-6
2.6967374938535758e-6
2.7043663956067908e-6
2.7120719538191732e-6
2.7197939966739464e-6
2.727508225042569e-6
2.735209541557642e-6
2.7429615855731158e-6
2.750732418176748e-6
2.7584952436756843e-6
2.766293866503492e-6
2.7741019492715643e-6
2.781929474998208e-6
2.789776085055352e-6
2.7976395417129674e-6
2.805508242181654e-6
2.813376274461864e-6
2.8212928253133396e-6
2.8292291513858632e-6
2.837147207492886e-6
2.8451109852750558e-6
2.8530972228862973e-6
2.861082719369263e-6
2.8690794737584208e-6
2.877119427291947e-6
2.885178744292941e-6
2.893216976433019e-6
2.901280080098069e-6
2.9093794512870177e-6
2.917483739700376e-6
2.925611350797168e-6
2.9337563289014596e-6
2.9419076423475577e-6
2.9500720639646718e-6
2.9582603123742163e-6
2.9664576345562823e-6
2.9746614351205278e-6
2.9829105129687883e-6
2.9911869164761327e-6
2.9994413252230982e-6
3.007731611471045e-6
3.016055507511518e-6
3.0243719359934444e-6
3.0326957556750583e-6
3.041062323728771e-6
3.049445149812172e-6
3.0578098541631967e-6
3.066206869257338e-6
3.074648305136705e-6
3.0830810590372116e-6
3.091520181740759e-6
3.099976233318618e-6
3.108438541793431e-6
3.1169460298716907e-6
3.1254755647990594e-6
3.1340024845969627e-6
3.1425582040624824e-6
3.1511408851378196e-6
3.159716509834775e-6
3.1683036822017313e-6
3.176935526232948e-6
3.1855843053226863e-6
3.194212732425491e-6
3.2028651844492915e-6
3.2115500006235795e-6
3.220226969879443e-6
3.228946291287836e-6
3.2377098624122386e-6
3.2464443400758656e-6
3.2551893394399304e-6
3.2639820594880018e-6
3.2727835538197273e-6
3.281587007037219e-6
3.290406900924936e-6
3.299246488181028e-6
3.308105017332264e-6
3.316976906929231e-6
3.325858211539765e-6
3.3347505420600514e-6
3.343678268620498e-6
3.3526235719755443e-6
3.3615664528035636e-6
3.370548263002769e-6
3.379546829117485e-6
3.388523421029671e-6
3.3975362329777473e-6
3.406583558263587e-6
3.4156097094751634e-6
3.424668680732468e-6
3.4337642847440393e-6
3.4428375589954356e-6
3.451947039527745e-6
3.4610976613316804e-6
3.470228610497466e-6
3.4793597570868972e-6
3.4885231571308172e-6
3.4977102851088386e-6
3.5069136456636297e-6
3.5161314252290704e-6
3.5253558382422356e-6
3.534602902414518e-6
3.543871033247205e-6
3.5531338843979484e-6
3.5624185316615988e-6
3.5717494505183554e-6
3.5810845208616634e-6
3.590415625570751e-6
3.5997817565600117e-6
3.609151472814301e-6
3.618515213950557e-6
3.6279301508015218e-6
3.6373443784004837e-6
3.646732249687857e-6
3.6561731972258024e-6
3.665637012325497e-6
3.675099717510573e-6
3.6846023797846775e-6
3.694109599843125e-6
3.7035835691497508e-6
3.7131106373042767e-6
3.7226724859461747e-6
3.73220447245342e-6
3.7417631940045892e-6
3.751353523830003e-6
3.7609478265027013e-6
3.7705687663425566e-6
3.7801613968940708e-6
3.789774461941374e-6
3.7994456788853255e-6
3.809093632901061e-6
3.8187513116718715e-6
3.828469865152792e-6
3.838171134876671e-6
3.847833904579108e-6
3.857583601715547e-6
3.867334185820631e-6
3.877049114852995e-6
3.88684468690127e-6
3.896619507520862e-6
3.906356207737969e-6
3.916204475886955e-6
3.9260328043618425e-6
3.935825907890136e-6
3.945673944554533e-6
3.955514976155545e-6
3.965339169531568e-6
3.97522314960234e-6
3.985116507781239e-6
3.994978466677815e-6
4.0048924542301875e-6
4.0148514754754325e-6
4.024773796901653e-6
4.034708904992295e-6
4.0446549761284455e-6
4.054614068354267e-6
4.064580363463763e-6
4.074535602278391e-6
4.084545070568862e-6
4.094567978665133e-6
4.1045522315014305e-6
4.114564281316746e-6
4.124595734776215e-6
4.134607794472261e-6
4.144669536903499e-6
4.1547429600853235e-6
4.164791877481869e-6
4.174864061262557e-6
4.184950889817856e-6
4.195042166935007e-6
4.205164717854934e-6
4.215287249691842e-6
4.225378224269072e-6
4.235509071906998e-6
4.245644986018516e-6
4.255779120219352e-6
4.265950312629969e-6
4.276092942549373e-6
4.28623627776901e-6
4.2964373616468456e-6
4.306617096123472e-6
4.316774014787309e-6
4.326980083595499e-6
4.337188691976565e-6
4.347390106062815e-6
4.357584593675002e-6
4.3677934231147114e-6
4.378033065132236e-6
4.388229772169251e-6
4.398451614240757e-6
4.408722699555163e-6
4.418955283531876e-6
4.4291771550824605e-6
4.439452023027536e-6
4.449681563104366e-6
4.459918646624223e-6
4.470201097845358e-6
4.480446600165948e-6
4.490732230281975e-6
4.50103172704127e-6
4.511246244535967e-6
4.521527479511855e-6
4.531807149202059e-6
4.54204474595382e-6
4.552362209762467e-6
4.562641220516935e-6
4.572885594097639e-6
4.583189417121283e-6
4.593500056482558e-6
4.60374932786626e-6
4.614036280301599e-6
4.624312078971934e-6
4.634565991639535e-6
4.6448687018558235e-6
4.655147802399097e-6
4.665401679142163e-6
4.675691327659654e-6
4.685972251141457e-6
4.696218734307861e-6
4.70646481522225e-6
4.716729034986065e-6
4.726991610402209e-6
4.737216430927691e-6
4.747478693986008e-6
4.757744555725734e-6
4.7679629788340235e-6
4.778206540771958e-6
4.78844975265278e-6
4.798650873220172e-6
4.808869789467801e-6
4.819076088506946e-6
4.829256324634959e-6
4.83946263086603e-6
4.849647033316556e-6
4.8598155672583585e-6
4.870003661535072e-6
4.880142608423804e-6
4.890301702399636e-6
4.900459440426658e-6
4.910556351823652e-6
4.920685477684067e-6
4.930804847639893e-6
4.94086994019694e-6
4.9509596662716135e-6
4.961028106813762e-6
4.9710729998679976e-6
4.981152563295828e-6
4.991188824830747e-6
5.001172475927456e-6
5.011169893994043e-6
5.021135766676708e-6
5.031121259739328e-6
5.041085193789139e-6
5.050974738970721e-6
5.060905127527212e-6
5.070819178197494e-6
5.080672821617782e-6
5.0905389170449735e-6
5.1003959763696224e-6
5.110213209226169e-6
5.120004016354893e-6
5.129768527013767e-6
5.139533046537191e-6
5.149259169007667e-6
5.15895584696468e-6
5.168667855518264e-6
5.178312348522777e-6
5.187932552676644e-6
5.197563834608674e-6
5.207132003492145e-6
5.216689335196619e-6
5.226235320120045e-6
5.235723238516642e-6
5.2452006089154e-6
5.254642222758391e-6
5.264046498146409e-6
5.273438371669394e-6
5.28276413641301e-6
5.292087291080239e-6
5.301385062512179e-6
5.310609819304424e-6
5.3198358980812074e-6
5.329023283648461e-6
5.338150996748763e-6
5.347273629965044e-6
5.356332584602447e-6
5.365348216645705e-6
5.374348847753196e-6
5.383257029653859e-6
5.392199761994601e-6
5.401084601376335e-6
5.4098687993286815e-6
5.418675204145983e-6
5.4274143664125725e-6
5.43606664969906e-6
5.4447303893334605e-6
5.453327748588128e-6
5.461869242624811e-6
5.470387840542017e-6
5.478811086864042e-6
5.487206755176372e-6
5.495571064819739e-6
5.503850059434784e-6
5.512083102841587e-6
5.520278509011029e-6
5.528401060009096e-6
5.536463591660852e-6
5.54448187564794e-6
5.552430017634329e-6
5.560302699714486e-6
5.568150847264619e-6
5.575926155538256e-6
5.583604084236046e-6
5.591251013070469e-6
5.598824276549508e-6
5.606318437590317e-6
5.613772230347533e-6
5.6211260946930155e-6
5.628413681773342e-6
5.635646452855088e-6
5.642764208818717e-6
5.649855345869659e-6
5.6568522347305415e-6
5.6637455074030035e-6
5.670605238741333e-6
5.677357052305738e-6
5.684024421331008e-6
5.690623922398001e-6
5.6971134576326015e-6
5.7035455374264515e-6
5.709879954384154e-6
5.716097439172063e-6
5.722270801471365e-6
5.728320162292515e-6
5.7342732498476286e-6
5.74015697712606e-6
5.745917702876342e-6
5.75158712786092e-6
5.757158164462785e-6
5.76261795385685e-6
5.767994506264499e-6
5.7732448436444356e-6
5.778387989099657e-6
5.78343462674686e-6
5.7883527407417895e-6
5.793168896856728e-6
5.797867284544777e-6
5.802438644742866e-6
5.80690583602137e-6
5.8112310873856585e-6
5.815446840831842e-6
5.819549102360931e-6
5.82349169712969e-6
5.827322543531397e-6
5.831037395327472e-6
5.834591970828954e-6
5.838015470025455e-6
5.841299552360231e-6
5.844451719765109e-6
5.847449737204737e-6
5.850303762986919e-6
5.8530158903320746e-6
5.85556702274774e-6
5.857966121467469e-6
5.860212443858509e-6
5.862295460839737e-6
5.8642201036406875e-6
5.865975059762699e-6
5.8675634600229575e-6
5.868987582172214e-6
5.870233244563877e-6
5.871302802395358e-6
5.872194168929228e-6
5.872902697535011e-6
5.8734257258812035e-6
5.873759419423682e-6
5.87390190159016e-6
5.873848658925755e-6
5.873597243684447e-6
5.873142334977492e-6
5.872482604554968e-6
5.871613281752306e-6
5.870529930999527e-6
5.869237962201759e-6
5.867713940522653e-6
5.865967950076322e-6
5.864003046408715e-6
5.861792442658861e-6
5.859356616681096e-6
5.856674656266333e-6
5.853741548826338e-6
5.850586161755482e-6
5.847141167965025e-6
5.843452072420492e-6
5.8395128151594575e-6
5.835279252831386e-6
5.830793015012385e-6
5.826028419715558e-6
5.820970071362327e-6
5.815640408454311e-6
5.8099979398615355e-6
5.804067470331203e-6
5.797835358747168e-6
5.79127824835769e-6
5.784426581837984e-6
5.777235789797447e-6
5.769727285414744e-6
5.7618896548559825e-6
5.753679495059639e-6
5.745163736893875e-6
5.736267563905884e-6
5.7269968644338215e-6
5.717402821831658e-6
5.707382815460081e-6
5.697000248539703e-6
5.686243076709773e-6
5.675047907694793e-6
5.66350438562336e-6
5.651495562337044e-6
5.639053939843248e-6
5.626247009376327e-6
5.612940321791684e-6
5.599185869332516e-6
5.5849873592212445e-6
5.570308985789517e-6
5.555161844619417e-6
5.539482822342723e-6
5.523323056455356e-6
5.506661964569718e-6
5.489467586640483e-6
5.4717413057812954e-6
5.453445614156038e-6
5.4346117792018895e-6
5.415197857584477e-6
5.3951631429901925e-6
5.374544757155127e-6
5.3533116352203124e-6
5.3314620177344626e-6
5.3089246736192964e-6
5.2857151970402705e-6
5.261875659272546e-6
5.237247266936829e-6
5.211943235704801e-6
5.1859282222023425e-6
5.159096850336546e-6
5.1315752709654985e-6
5.103150416308575e-6
5.073957386087964e-6
5.043943787933239e-6
5.012953259687111e-6
4.981145801226977e-6
4.9483683952447795e-6
4.914607782723351e-6
4.879998808529558e-6
4.844180149155201e-6
4.807371858902519e-6
4.769557669019426e-6
4.730492809408652e-6
4.690325840089028e-6
4.648946330274629e-6
4.606375266634204e-6
4.56243711350915e-6
4.517050707519482e-6
4.470414674384189e-6
4.422206128916402e-6
4.372505048269671e-6
4.321262909825705e-6
4.268256773616851e-6
4.213715550297726e-6
4.157080868179548e-6
4.098674973695825e-6
4.038351339467391e-6
3.975553601862631e-6
3.910855737823356e-6
3.843627527319046e-6
3.7737385329928683e-6
3.7016871635516994e-6
3.6261480968328264e-6
3.547860589155114e-6
3.4663734049267003e-6
3.3810511878236927e-6
3.29233618086268e-6
3.19892325209958e-6
3.101181365704294e-6
2.9986416965730072e-6
2.88963345326117e-6
2.7750139949691017e-6
2.653054603128677e-6
2.522571506161826e-6
2.383061994171281e-6
2.231379314685896e-6
2.066238670434896e-6
1.8832966308518035e-6
1.675827851358031e-6
1.4357440741276513e-6
1.139392887947561e-6
7.234006487352508e-7
0.0
0.0
0.0
0.0
0.0
0.0
0.0
0.0
0.0
0.0
0.0
0.0
0.0
0.0
0.0
0.0
0.0
0.0
0.0
0.0
0.0
0.0
0.0
0.0
0.0
0.0
0.0
0.0
0.0
0.0
0.0
0.0
0.0
0.0
0.0
0.0
0.0
0.0
0.0
0.0
0.0
0.0
0.0
0.0
0.0
0.0
0.0
0.0
0.0
0.0
0.0
0.0
0.0
0.0
0.0
0.0
0.0
0.0
0.0
0.0
0.0
0.0
0.0
0.0
0.0
0.0
0.0
0.0
0.0
0.0
0.0
0.0
0.0
0.0
0.0
0.0
0.0
0.0
0.0
0.0
0.0
0.0
0.0
0.0
0.0
0.0
0.0
0.0
0.0
0.0
0.0
0.0
0.0
0.0
0.0
0.0
0.0
0.0
0.0
0.0
0.0
0.0
0.0
0.0
0.0
0.0
0.0
0.0
0.0
0.0
0.0
0.0
0.0
0.0
0.0
0.0
0.0
0.0
0.0
0.0
0.0
0.0
0.0
0.0
0.0
0.0
0.0
0.0
0.0
0.0
0.0
0.0
0.0
0.0
0.0
0.0
0.0
0.0
0.0
0.0
0.0
0.0
0.0
0.0
0.0
0.0
0.0
0.0
0.0
0.0
0.0
0.0
0.0
0.0
0.0
0.0
0.0
0.0
0.0
0.0
0.0
0.0
0.0
0.0
0.0
0.0
0.0
0.0
0.0
0.0
0.0
0.0
0.0
0.0
0.0
0.0
0.0
0.0
0.0
0.0
0.0
0.0
0.0
0.0
0.0
0.0
0.0
0.0
0.0
0.0
0.0
0.0
0.0
0.0
0.0
0.0
0.0
0.0
0.0
0.0
0.0
0.0
0.0
0.0
0.0
0.0
0.0
0.0
0.0
0.0
0.0
0.0
0.0
0.0
0.0
0.0
0.0
0.0
0.0
0.0
0.0
0.0
0.0
0.0
0.0
0.0
0.0
0.0
0.0
0.0
0.0
0.0
0.0
0.0
0.0
0.0
0.0
0.0
0.0
0.0
0.0
0.0
0.0
0.0
0.0
0.0
0.0
0.0
0.0
0.0
0.0
0.0
0.0
0.0
0.0
0.0
0.0
0.0
0.0
0.0
0.0
0.0
0.0
0.0
0.0
0.0
0.0
0.0
0.0
0.0
0.0
0.0
0.0
0.0
0.0
0.0
0.0
0.0
0.0
0.0
0.0
0.0
0.0
0.0
0.0
0.0
0.0
0.0
0.0
0.0
0.0
0.0
0.0
0.0
0.0
0.0
0.0
0.0
0.0
0.0
0.0
0.0
0.0
0.0
0.0
0.0
0.0
0.0
0.0
0.0
0.0
0.0
0.0
0.0
0.0
0.0
0.0
0.0
0.0
0.0
0.0
0.0
0.0
0.0
0.0
0.0
0.0
0.0
0.0
0.0
0.0
0.0
0.0
0.0
0.0
0.0
0.0
0.0
0.0
0.0
0.0
0.0
0.0
0.0
0.0
0.0
0.0
0.0
0.0
0.0
0.0
0.0
0.0
0.0
0.0
0.0
0.0
0.0
0.0
0.0
0.0
0.0
0.0
0.0
0.0
0.0
0.0
0.0
0.0
0.0
0.0
0.0
0.0
0.0
0.0
0.0
0.0
0.0
0.0
0.0
0.0
0.0
0.0
0.0
0.0
0.0
0.0
0.0
0.0
0.0
0.0
0.0
0.0
0.0
0.0
0.0
0.0
0.0
0.0
0.0
0.0
0.0
0.0
0.0
0.0
0.0
0.0
0.0
0.0
0.0
0.0
0.0
0.0
0.0
0.0
0.0
0.0
0.0
0.0
0.0
0.0
0.0
0.0
0.0
0.0
0.0
0.0
0.0
0.0
0.0
0.0
0.0
0.0
0.0
0.0
0.0
0.0
0.0
0.0
0.0
0.0
0.0
0.0
0.0
0.0
0.0
0.0
0.0
0.0
0.0
0.0
0.0
0.0
0.0
0.0
0.0
0.0
0.0
0.0
0.0
0.0
0.0
0.0
0.0
0.0
0.0
0.0
0.0
0.0
0.0
0.0
0.0
0.0
0.0
0.0
0.0
0.0
0.0
0.0
0.0
0.0
0.0
0.0
0.0
0.0
0.0
0.0
0.0
0.0
0.0
0.0
0.0
0.0
0.0
0.0
0.0
0.0
0.0
0.0
0.0
0.0
0.0
0.0
0.0
0.0
0.0
0.0
0.0
0.0
0.0
0.0
0.0
0.0
0.0
0.0
0.0
0.0
0.0
0.0
0.0
0.0
0.0
0.0
0.0
0.0
0.0
0.0
0.0
0.0
0.0
0.0
0.0
0.0
0.0
0.0
0.0
0.0
0.0
0.0
0.0
0.0
0.0
0.0
0.0
0.0
0.0
0.0
0.0
0.0
0.0
0.0
0.0
0.0
0.0
0.0
0.0
0.0
0.0
0.0
0.0
0.0
0.0
0.0
0.0
0.0
0.0
0.0
0.0
0.0
0.0
0.0
0.0
0.0
0.0
0.0
0.0
0.0
0.0
0.0
0.0
0.0
0.0
0.0
0.0
0.0
0.0
0.0
0.0
0.0
0.0
0.0
0.0
0.0
0.0
0.0
0.0
0.0
0.0
0.0
0.0
0.0
0.0
0.0
0.0
0.0
0.0
0.0
0.0
0.0
0.0
0.0
0.0
0.0
0.0
0.0
0.0
0.0
0.0
0.0
0.0
0.0
0.0
0.0
0.0
0.0
0.0
0.0
0.0
0.0
0.0
0.0
0.0
0.0
0.0
0.0
0.0
0.0
0.0
0.0
0.0
0.0
0.0
0.0
0.0
0.0
0.0
0.0
0.0
0.0
0.0
0.0
0.0
0.0
0.0
0.0
0.0
0.0
0.0
0.0
0.0
0.0
0.0
0.0
0.0
0.0
0.0
0.0
0.0
0.0
0.0
0.0
0.0
0.0
0.0
0.0
0.0
0.0
0.0
0.0
0.0
0.0
0.0
0.0
0.0
0.0
0.0
0.0
0.0
0.0
0.0
0.0
0.0
0.0
0.0
0.0
0.0
0.0
0.0
0.0
0.0
0.0
0.0
0.0
0.0
0.0
0.0
0.0
0.0
0.0
0.0
0.0
0.0
0.0
0.0
0.0
0.0
0.0
0.0
0.0
0.0
0.0
0.0
0.0
0.0
0.0
0.0
0.0
0.0
0.0
0.0
0.0
0.0
0.0
0.0
0.0
0.0
0.0
0.0
0.0
0.0
0.0
0.0
0.0
0.0
0.0
0.0
0.0
0.0
0.0
0.0
0.0
0.0
0.0
0.0
0.0
0.0
0.0
0.0
0.0
0.0
0.0
0.0
0.0
0.0
0.0
0.0
0.0
0.0
0.0
0.0
0.0
0.0
0.0
0.0
0.0
0.0
0.0
0.0
0.0
0.0
0.0
0.0
0.0
0.0
0.0
0.0
0.0
0.0
0.0
0.0
0.0
0.0
0.0
0.0
0.0
0.0
0.0
0.0
0.0
0.0
0.0
0.0
0.0
0.0
0.0
0.0
0.0
0.0
0.0
0.0
0.0
0.0
0.0
0.0
0.0
0.0
0.0
0.0
0.0
0.0
0.0
0.0
0.0
0.0
0.0
0.0
0.0
0.0
0.0
0.0
0.0
0.0
0.0
0.0
0.0
0.0
0.0
0.0
0.0
0.0
0.0
0.0
0.0
0.0
0.0
0.0
0.0
0.0
0.0
0.0
0.0
0.0
0.0
0.0
0.0
0.0
0.0
0.0
0.0
0.0
0.0
0.0
0.0
0.0
0.0
0.0
0.0
0.0
0.0
0.0
0.0
0.0
0.0
0.0
0.0
0.0
0.0
0.0
0.0
0.0
0.0
0.0
0.0
0.0
0.0
0.0
0.0
0.0
0.0
0.0
0.0
0.0
0.0
0.0
0.0
0.0
0.0
0.0
0.0
0.0
0.0
0.0
0.0
0.0
0.0
0.0
0.0
0.0
0.0
0.0
0.0
0.0
0.0
0.0
0.0
0.0
0.0
0.0
0.0
0.0
0.0
0.0
0.0
0.0
0.0
0.0
0.0
0.0
0.0
0.0
0.0
0.0
0.0
0.0
0.0
0.0
0.0
0.0
0.0
0.0
0.0
0.0
0.0
0.0
0.0
0.0
0.0
0.0
0.0
0.0
0.0
0.0
0.0
0.0
0.0
0.0
0.0
0.0
0.0
0.0
0.0
0.0
0.0
0.0
0.0
0.0
0.0
0.0
0.0
0.0
0.0
0.0
0.0
0.0
0.0
0.0
0.0
0.0
0.0
0.0
0.0
0.0
0.0
0.0
0.0
0.0
0.0
0.0
0.0
0.0
0.0
0.0
0.0
0.0
0.0
0.0
0.0
0.0
0.0
0.0
0.0
0.0
0.0
0.0
0.0
0.0
0.0
0.0
0.0
0.0
0.0
0.0
0.0
0.0
0.0
0.0
0.0
0.0
0.0
0.0
0.0
0.0
0.0
0.0
0.0
0.0
0.0
0.0
0.0
0.0
0.0
0.0
0.0
0.0
0.0
0.0
0.0
0.0
0.0
0.0
0.0
0.0
0.0
0.0
0.0
0.0
0.0
0.0
0.0
0.0
0.0
0.0
0.0
0.0
0.0
0.0
0.0
0.0
0.0
0.0
0.0
0.0
0.0
0.0
0.0
0.0
0.0
0.0
0.0
0.0
0.0
0.0
0.0
0.0
0.0
0.0
0.0
0.0
0.0
0.0
0.0
0.0
0.0
0.0
0.0
0.0
0.0
0.0
0.0
0.0
0.0
0.0
0.0
0.0
0.0
0.0
0.0
0.0
0.0
0.0
0.0
0.0
0.0
0.0
0.0
0.0
0.0
0.0
0.0
0.0
0.0
0.0
0.0
0.0
0.0
0.0
0.0
0.0
0.0
0.0
0.0
0.0
0.0
0.0
0.0
0.0
0.0
0.0
0.0
0.0
0.0
0.0
0.0
0.0
0.0
0.0
0.0
0.0
0.0
0.0
0.0
0.0
0.0
0.0
0.0
0.0
0.0
0.0
0.0
0.0
0.0
0.0
0.0
0.0
0.0
0.0
0.0
0.0
0.0
0.0
0.0
0.0
0.0
0.0
0.0
0.0
0.0
0.0
0.0
0.0
0.0
0.0
0.0
0.0
0.0
0.0
0.0
0.0
0.0
0.0
0.0
0.0
0.0
0.0
0.0
0.0
0.0
0.0
0.0
0.0
0.0
0.0
0.0
0.0
0.0
0.0
0.0
0.0
0.0
0.0
0.0
0.0
0.0
0.0
0.0
0.0
0.0
0.0
0.0
0.0
0.0
0.0
0.0
0.0
0.0
0.0
0.0
0.0
0.0
0.0
0.0
0.0
0.0
0.0
0.0
0.0
0.0
0.0
0.0
0.0
0.0
0.0
0.0
0.0
0.0
0.0
0.0
0.0
0.0
0.0
0.0
0.0
0.0
0.0
0.0
0.0
0.0
0.0
0.0
0.0
0.0
0.0
0.0
0.0
0.0
0.0
0.0
0.0
0.0
0.0
0.0
0.0
0.0
0.0
0.0
0.0
0.0
0.0
0.0
0.0
0.0
0.0
0.0
0.0
0.0
0.0
0.0
0.0
0.0
0.0
0.0
0.0
0.0
0.0
0.0
0.0
0.0
0.0
0.0
0.0
0.0
0.0
0.0
0.0
0.0
0.0
0.0
0.0
0.0
0.0
0.0
0.0
0.0
0.0
0.0
0.0
0.0
0.0
0.0
0.0
0.0
0.0
0.0
0.0
0.0
0.0
0.0
0.0
0.0
0.0
0.0
0.0
0.0
0.0
0.0
0.0
0.0
0.0
0.0
0.0
0.0
0.0
0.0
0.0
0.0
0.0
0.0
0.0
0.0
0.0
0.0
0.0
0.0
0.0
0.0
0.0
0.0
0.0
0.0
0.0
0.0
0.0
0.0
0.0
0.0
0.0
0.0
0.0
0.0
0.0
0.0
0.0
0.0
0.0
0.0
0.0
0.0
0.0
0.0
0.0
0.0
0.0
0.0
0.0
0.0
0.0
0.0
0.0
0.0
0.0
0.0
0.0
0.0
0.0
0.0
0.0
0.0
0.0
0.0
0.0
0.0
0.0
0.0
0.0
0.0
0.0
0.0
0.0
0.0
0.0
0.0
0.0
0.0
0.0
0.0
0.0
0.0
0.0
0.0
0.0
0.0
0.0
0.0
0.0
0.0
0.0
0.0
0.0
0.0
0.0
0.0
0.0
0.0
0.0
0.0
0.0
0.0
0.0
0.0
0.0
0.0
0.0
0.0
0.0
0.0
0.0
0.0
0.0
0.0
0.0
0.0
0.0
0.0
0.0
0.0
0.0
0.0
0.0
0.0
0.0
0.0
0.0
0.0
0.0
0.0
0.0
0.0
0.0
0.0
0.0
0.0
0.0
0.0
0.0
0.0
0.0
0.0
0.0
0.0
0.0
0.0
0.0
0.0
0.0
0.0
0.0
0.0
0.0
0.0
0.0
0.0
0.0
0.0
0.0
0.0
0.0
0.0
0.0
0.0
0.0
0.0
0.0
0.0
0.0
0.0
0.0
0.0
0.0
0.0
0.0
0.0
0.0
0.0
0.0
0.0
0.0
0.0
0.0
0.0
0.0
0.0
0.0
0.0
0.0
0.0
0.0
0.0
0.0
0.0
0.0
0.0
0.0
0.0
0.0
0.0
0.0
0.0
0.0
0.0
0.0
0.0
0.0
0.0
0.0
0.0
0.0
0.0
0.0
0.0
0.0
0.0
0.0
0.0
0.0
0.0
0.0
0.0
0.0
0.0
0.0
0.0
0.0
0.0
0.0
0.0
0.0
0.0
0.0
0.0
0.0
0.0
0.0
0.0
0.0
0.0
0.0
0.0
0.0
0.0
0.0
0.0
0.0
0.0
0.0
0.0
0.0
0.0
0.0
0.0
0.0
0.0
0.0
0.0
0.0
0.0
0.0
0.0
0.0
0.0
0.0
0.0
0.0
0.0
0.0
0.0
0.0
0.0
0.0
0.0
0.0
0.0
0.0
0.0
0.0
0.0
0.0
0.0
0.0
0.0
0.0
0.0
0.0
0.0
0.0
0.0
0.0
0.0
0.0
0.0
0.0
0.0
0.0
0.0
0.0
0.0
0.0
0.0
0.0
0.0
0.0
0.0
0.0
0.0
0.0
0.0
0.0
0.0
0.0
0.0
0.0
0.0
0.0
0.0
0.0
0.0
0.0
0.0
0.0
0.0
0.0
0.0
0.0
0.0
0.0
0.0
0.0
0.0
0.0
0.0
0.0
0.0
0.0
0.0
0.0
0.0
0.0
0.0
0.0
0.0
0.0
0.0
0.0
0.0
0.0
0.0
0.0
0.0
0.0
0.0
0.0
0.0
0.0
0.0
0.0
0.0
0.0
0.0
0.0
0.0
0.0
0.0
0.0
0.0
0.0
0.0
0.0
0.0
0.0
0.0
0.0
0.0
0.0
0.0
0.0
0.0
0.0
0.0
0.0
0.0
0.0
0.0
0.0
0.0
0.0
0.0
0.0
0.0
0.0
0.0
0.0
0.0
0.0
0.0
0.0
0.0
0.0
0.0
0.0
0.0
0.0
0.0
0.0
0.0
0.0
0.0
0.0
0.0
0.0
0.0
0.0
0.0
0.0
0.0
0.0
0.0
0.0
0.0
0.0
0.0
0.0
0.0
0.0
0.0
0.0
0.0
0.0
0.0
0.0
0.0
0.0
0.0
0.0
0.0
0.0
0.0
0.0
0.0
0.0
0.0
0.0
0.0
0.0
0.0
0.0
0.0
0.0
0.0
0.0
0.0
0.0
0.0
0.0
0.0
0.0
0.0
0.0
0.0
0.0
0.0
0.0
0.0
0.0
0.0
0.0
0.0
0.0
0.0
0.0
0.0
0.0
0.0
0.0
0.0
0.0
0.0
0.0
0.0
0.0
0.0
0.0
0.0
0.0
0.0
0.0
0.0
0.0
0.0
0.0
0.0
0.0
0.0
0.0
0.0
0.0
0.0
0.0
0.0
0.0
0.0
0.0
0.0
0.0
0.0
0.0
0.0
0.0
0.0
0.0
0.0
0.0
0.0
0.0
0.0
0.0
0.0
0.0
0.0
0.0
0.0
0.0
0.0
0.0
0.0
0.0
0.0
0.0
0.0
0.0
0.0
0.0
0.0
0.0
0.0
0.0
0.0
0.0
0.0
0.0
0.0
0.0
0.0
0.0
0.0
0.0
0.0
0.0
0.0
0.0
0.0
0.0
0.0
0.0
0.0
0.0
0.0
0.0
0.0
0.0
0.0
0.0
0.0
0.0
0.0
0.0
0.0
0.0
0.0
0.0
0.0
0.0
0.0
0.0
0.0
0.0
0.0
0.0
0.0
0.0
0.0
0.0
0.0
0.0
0.0
0.0
0.0
0.0
0.0
0.0
0.0
0.0
0.0
0.0
0.0
0.0
0.0
0.0
0.0
0.0
0.0
0.0
0.0
0.0
0.0
0.0
0.0
0.0
0.0
0.0
0.0
0.0
0.0
0.0
0.0
0.0
0.0
0.0
0.0
0.0
0.0
0.0
0.0
0.0
0.0
0.0
0.0
0.0
0.0
0.0
0.0
0.0
0.0
0.0
0.0
0.0
0.0
0.0
0.0
0.0
0.0
0.0
0.0
0.0
0.0
0.0
0.0
0.0
0.0
0.0
0.0
0.0
0.0
0.0
0.0
0.0
0.0
0.0
0.0
0.0
0.0
0.0
0.0
0.0
0.0
0.0
0.0
0.0
0.0
0.0
0.0
0.0
0.0
0.0
0.0
0.0
0.0
0.0
0.0
0.0
0.0
0.0
0.0
0.0
0.0
0.0
0.0
0.0
0.0
0.0
0.0
0.0
0.0
0.0
0.0
0.0
0.0
0.0
0.0
0.0
0.0
0.0
0.0
0.0
0.0
0.0
0.0
0.0
0.0
0.0
0.0
0.0
0.0
0.0
0.0
0.0
0.0
0.0
0.0
0.0
0.0
0.0
0.0
0.0
0.0
0.0
0.0
0.0
0.0
0.0
0.0
0.0
0.0
0.0
0.0
0.0
0.0
0.0
0.0
0.0
0.0
0.0
0.0
0.0
0.0
0.0
0.0
0.0
0.0
0.0
0.0
0.0
0.0
0.0
0.0
0.0
0.0
0.0
0.0
0.0
0.0
0.0
0.0
0.0
0.0
0.0
0.0
0.0
0.0
0.0
0.0
0.0
0.0
0.0
0.0
0.0
0.0
0.0
0.0
0.0
0.0
0.0
0.0
0.0
0.0
0.0
0.0
0.0
0.0
0.0
0.0
0.0
0.0
0.0
0.0
0.0
0.0
0.0
0.0
0.0
0.0
0.0
0.0
0.0
0.0
0.0
0.0
0.0
0.0
0.0
0.0
0.0
0.0
0.0
0.0
0.0
0.0
0.0
0.0
0.0
0.0
0.0
0.0
0.0
0.0
0.0
0.0
0.0
0.0
0.0
0.0
0.0
0.0
0.0
0.0
0.0
0.0
0.0
0.0
0.0
0.0
0.0
0.0
0.0
0.0
0.0
0.0
0.0
0.0
0.0
0.0
0.0
0.0
0.0
0.0
0.0
0.0
0.0
0.0
0.0
0.0
0.0
0.0
0.0
0.0
0.0
0.0
0.0
0.0
0.0
0.0
0.0
0.0
0.0
0.0
0.0
0.0
0.0
0.0
0.0
0.0
0.0
0.0
0.0
0.0
0.0
0.0
0.0
0.0
0.0
0.0
0.0
0.0
0.0
0.0
0.0
0.0
0.0
0.0
0.0
0.0
0.0
0.0
0.0
0.0
0.0
0.0
0.0
0.0
0.0
0.0
0.0
0.0
0.0
0.0
0.0
0.0
0.0
0.0
0.0
0.0
0.0
0.0
0.0
0.0
0.0
0.0
0.0
0.0
0.0
0.0
0.0
0.0
0.0
0.0
0.0
0.0
0.0
0.0
0.0
0.0
0.0
0.0
0.0
0.0
0.0
0.0
0.0
0.0
0.0
0.0
0.0
0.0
0.0
0.0
0.0
0.0
0.0
0.0
0.0
0.0
0.0
0.0
0.0
0.0
0.0
0.0
0.0
0.0
0.0
0.0
0.0
0.0
0.0
0.0
0.0
0.0
0.0
0.0
0.0
0.0
0.0
0.0
0.0
0.0
0.0
0.0
0.0
0.0
0.0
0.0
0.0
0.0
0.0
0.0
0.0
0.0
0.0
0.0
0.0
0.0
0.0
0.0
0.0
0.0
0.0
0.0
0.0
0.0
0.0
0.0
0.0
0.0
0.0
0.0
0.0
0.0
0.0
0.0
0.0
0.0
0.0
0.0
0.0
0.0
0.0
0.0
0.0
0.0
0.0
0.0
0.0
0.0
0.0
0.0
0.0
0.0
0.0
0.0
0.0
0.0
0.0
0.0
0.0
0.0
0.0
0.0
0.0
0.0
0.0
0.0
0.0
0.0
0.0
0.0
0.0
0.0
0.0
0.0
0.0
0.0
0.0
0.0
0.0
0.0
0.0
0.0
0.0
0.0
0.0
0.0
0.0
0.0
0.0
0.0
0.0
0.0
0.0
0.0
0.0
0.0
0.0
0.0
0.0
0.0
0.0
0.0
0.0
0.0
0.0
0.0
0.0
0.0
0.0
0.0
0.0
0.0
0.0
0.0
0.0
0.0
0.0
0.0
0.0
0.0
0.0
0.0
0.0
0.0
0.0
0.0
0.0
0.0
0.0
0.0
0.0
0.0
0.0
0.0
0.0
0.0
0.0
0.0
0.0
0.0
0.0
0.0
0.0
0.0
0.0
0.0
0.0
0.0
0.0
0.0
0.0
0.0
0.0
0.0
0.0
0.0
0.0
0.0
0.0
0.0
0.0
0.0
0.0
0.0
0.0
0.0
0.0
0.0
0.0
0.0
0.0
0.0
0.0
0.0
0.0
0.0
0.0
0.0
0.0
0.0
0.0
0.0
0.0
0.0
0.0
0.0
0.0
0.0
0.0
0.0
0.0
0.0
0.0
0.0
0.0
0.0
0.0
0.0
0.0
0.0
0.0
0.0
0.0
0.0
0.0
0.0
0.0
0.0
0.0
0.0
0.0
0.0
0.0
0.0
0.0
0.0
0.0
0.0
0.0
0.0
0.0
0.0
0.0
0.0
0.0
0.0
0.0
0.0
0.0
0.0
0.0
0.0
0.0
0.0
0.0
0.0
0.0
0.0
0.0
0.0
0.0
0.0
0.0
0.0
0.0
0.0
0.0
0.0
0.0
0.0
0.0
0.0
0.0
0.0
0.0
0.0
0.0
0.0
0.0
0.0
0.0
0.0
0.0
0.0
0.0
0.0
0.0
0.0
0.0
0.0
0.0
0.0
0.0
0.0
0.0
0.0
0.0
0.0
0.0
0.0
0.0
0.0
0.0
0.0
0.0
0.0
0.0
0.0
0.0
0.0
0.0
0.0
0.0
0.0
0.0
0.0
0.0
0.0
0.0
0.0
0.0
0.0
0.0
0.0
0.0
0.0
0.0
0.0
0.0
0.0
0.0
0.0
0.0
0.0
0.0
0.0
0.0
0.0
0.0
0.0
0.0
0.0
0.0
0.0
0.0
0.0
0.0
0.0
0.0
0.0
0.0
0.0
0.0
0.0
0.0
0.0
0.0
0.0
0.0
0.0
0.0
0.0
0.0
0.0
0.0
0.0
0.0
0.0
0.0
0.0
0.0
0.0
0.0
0.0
0.0
0.0
0.0
0.0
0.0
0.0
0.0
0.0
0.0
0.0
0.0
0.0
0.0
0.0
0.0
0.0
0.0
0.0
0.0
0.0
0.0
0.0
0.0
0.0
0.0
0.0
0.0
0.0
0.0
0.0
0.0
0.0
0.0
0.0
0.0
0.0
0.0
0.0
0.0
0.0
0.0
0.0
0.0
0.0
0.0
0.0
0.0
0.0
0.0
0.0
0.0
0.0
0.0
0.0
0.0
0.0
0.0
0.0
0.0
0.0
0.0
0.0
0.0
0.0
0.0
0.0
0.0
0.0
0.0
0.0
0.0
0.0
0.0
0.0
0.0
0.0
0.0
0.0
0.0
0.0
0.0
0.0
0.0
0.0
0.0
0.0
0.0
0.0
0.0
0.0
0.0
0.0
0.0
0.0
0.0
0.0
0.0
0.0
0.0
0.0
0.0
0.0
0.0
0.0
0.0
0.0
0.0
0.0
0.0
0.0
0.0
0.0
0.0
0.0
0.0
0.0
0.0
0.0
0.0
0.0
0.0
0.0
0.0
0.0
0.0
0.0
0.0
0.0
0.0
0.0
0.0
0.0
0.0
0.0
0.0
0.0
0.0
0.0
0.0
0.0
0.0
0.0
0.0
0.0
0.0
0.0
0.0
0.0
0.0
0.0
0.0
0.0
0.0
0.0
0.0
0.0
0.0
0.0
0.0
0.0
0.0
0.0
0.0
0.0
0.0
0.0
0.0
0.0
0.0
0.0
0.0
0.0
0.0
0.0
0.0
0.0
0.0
0.0
0.0
0.0
0.0
0.0
0.0
0.0
0.0
0.0
0.0
0.0
0.0
0.0
0.0
0.0
0.0
0.0
0.0
0.0
0.0
0.0
0.0
0.0
0.0
0.0
