0.08326472399318656
0.08326473969534261
0.08326475448356002
0.08326476819502242
0.08326478168285248
0.08326479481735405
0.08326480712300907
0.08326481931131739
0.08326483126753403
0.08326484285004652
0.08326485427761082
0.08326486536203725
0.08326487610090966
0.08326488675480262
0.08326489723043516
0.08326490752395224
0.08326491774022943
0.08326492773246358
0.08326493750665616
0.08326494720141897
0.08326495672638703
0.08326496610933608
0.08326497544304826
0.08326498464869754
0.08326499370847075
0.08326500273670764
0.08326501170096673
0.08326502057371904
0.0832650294071456
0.08326503814560626
0.08326504664161061
0.08326505510493766
0.08326506354469557
0.08326507191087851
0.08326508026921824
0.08326508861528287
0.0832650968155562
0.08326510501021277
0.08326511319597775
0.08326512130133029
0.08326512935886234
0.08326513738065222
0.0832651453014738
0.08326515317502846
0.0832651610383619
0.08326516887693391
0.08326517666191183
0.08326518443142783
0.08326519218218688
0.08326519985222064
0.08326520751292579
0.0832652151704714
0.08326522280195141
0.0832652303971047
0.0832652379772993
0.08326524553151136
0.0832652530418902
0.0832652605465383
0.08326526804242655
0.0832652754865604
0.08326528286821279
0.08326529023351519
0.08326529759580598
0.08326530493064252
0.08326531226864917
0.08326531960706446
0.08326532691045573
0.0832653341942834
0.08326534147140957
0.08326534873732055
0.08326535596453373
0.08326536319215896
0.08326537041414789
0.08326537759621412
0.08326538476488969
0.08326539193505329
0.0832653991064402
0.0832654062606779
0.08326541339384746
0.08326542051054317
0.0832654276038744
0.08326543467109372
0.08326544174391876
0.08326544881999208
0.08326545588402948
0.08326546291792214
0.08326546994850405
0.08326547697659506
0.08326548398334523
0.08326549097853385
0.0832654979770522
0.08326550497916044
0.08326551195652108
0.08326551893572491
0.08326552592106616
0.08326553291165875
0.08326553988856407
0.0832655468592171
0.08326555381528325
0.08326556074844478
0.08326556765578313
0.08326557455933363
0.08326558146305045
0.08326558836831437
0.0832655952563046
0.0832656021333381
0.08326560901198063
0.08326561589936085
0.08326562277249064
0.08326562964179259
0.08326563651513212
0.08326564339375514
0.08326565024956536
0.08326565711359872
0.08326566397969896
0.0832656708446563
0.0832656777073067
0.08326568454814663
0.08326569138252195
0.08326569821396758
0.08326570504122675
0.08326571186518936
0.08326571869681268
0.08326572553352625
0.08326573237043827
0.0832657391891994
0.08326574601283664
0.08326575283335014
0.0832657596447528
0.08326576644057196
0.08326577323886597
0.08326578004118522
0.08326578684603227
0.08326579364784772
0.08326580044289553
0.08326580724114926
0.08326581404296202
0.0832658208478182
0.08326582763119837
0.08326583441351765
0.08326584120044671
0.08326584799300384
0.08326585478651873
0.08326586157207734
0.083265868362686
0.08326587515485359
0.0832658819452397
0.08326588872933494
0.08326589551032988
0.08326590229321572
0.08326590907885487
0.083265915868117
0.08326592264383893
0.08326592942187212
0.08326593619973467
0.08326594297571285
0.0832659497464266
0.083265956508683
0.08326596327670961
0.0832659700443276
0.08326597680813114
0.08326598357011226
0.08326599033370137
0.08326599710690204
0.08326600388728693
0.08326601067184765
0.08326601745428093
0.0832660242182549
0.08326603098337892
0.08326603775362477
0.08326604452975941
0.08326605130339967
0.0832660580690009
0.0832660648368068
0.08326607160831982
0.08326607838371279
0.08326608515812868
0.08326609192545156
0.0832660987019845
0.08326610548353366
0.0832661122640627
0.083266119036057
0.08326612581112619
0.08326613258654143
0.08326613936106611
0.08326614613781343
0.08326615292314218
0.08326615969653761
0.08326616646775042
0.08326617323755121
0.08326618000544377
0.08326618677329638
0.08326619355187492
0.08326620031927216
0.08326620709985356
0.08326621388488159
0.08326622066602755
0.0832662274442393
0.08326623421997555
0.08326624099443618
0.08326624777709875
0.08326625456684715
0.08326626135959565
0.08326626816098706
0.08326627494810902
0.08326628174311576
0.08326628853926107
0.08326629533505304
0.08326630213565801
0.08326630892425588
0.08326631571975239
0.08326632251421928
0.0832663293068469
0.0832663360997173
0.0832663428953031
0.08326634968464285
0.08326635649358274
0.08326636329910848
0.08326637010477798
0.08326637691275854
0.08326638370863151
0.08326639050698632
0.08326639731279382
0.08326640411254847
0.08326641091473094
0.08326641772615964
0.08326642453902602
0.08326643134556688
0.08326643816053388
0.08326644497493452
0.08326645179171625
0.08326645861363388
0.08326646543835611
0.08326647225695312
0.08326647908563467
0.08326648591111868
0.0832664927315746
0.0832664995513386
0.08326650637480505
0.0832665131957088
0.08326652000998942
0.08326652682994176
0.08326653365514851
0.08326654048487434
0.08326654731411788
0.08326655413563241
0.08326656097643205
0.08326656780750095
0.08326657463822326
0.08326658147615515
0.08326658832059113
0.08326659516401107
0.08326660199860102
0.08326660882432406
0.08326661566353594
0.08326662250579818
0.08326662934588135
0.08326663618264334
0.08326664301983024
0.08326664986827367
0.08326665671078166
0.08326666355088029
0.08326667038874004
0.08326667722343765
0.08326668406257343
0.08326669091319389
0.0832666977579076
0.08326670459635936
0.08326671143916459
0.08326671828998852
0.08326672514620742
0.08326673200158421
0.08326673885179392
0.08326674570026864
0.08326675255264739
0.0832667594072099
0.0832667662642427
0.08326677312235806
0.08326677997903753
0.08326678683111277
0.08326679367845824
0.083266800534273
0.08326680739144043
0.08326681424457133
0.08326682109952568
0.083266827956945
0.08326683481115932
0.08326684165928191
0.08326684851069768
0.08326685536713067
0.08326686222476076
0.08326686907893906
0.08326687593752688
0.08326688279779275
0.08326688965288256
0.08326689650110944
0.0832669033512272
0.0832669102165081
0.08326691706148506
0.08326692391418226
0.08326693077068362
0.08326693762815222
0.08326694448499307
0.08326695134020738
0.08326695819475453
0.0832669650522745
0.08326697191277088
0.08326697876751722
0.08326698561835931
0.08326699246717612
0.08326699931594223
0.08326700616808894
0.08326701302406311
0.08326701986972748
0.08326702671597895
0.08326703356765876
0.0832670404178591
0.08326704726452468
0.08326705411048405
0.0832670609571645
0.08326706780193553
0.08326707464199117
0.08326708148319045
0.08326708831574142
0.08326709514525271
0.08326710197869323
0.08326710881545137
0.0832671156495856
0.08326712247991547
0.08326712930874773
0.08326713613427746
0.08326714295492901
0.08326714978584249
0.08326715661720775
0.08326716344573876
0.08326717026770329
0.08326717708313032
0.08326718389809577
0.08326719071517633
0.08326719753022373
0.08326720434419438
0.08326721115520751
0.08326721796493082
0.08326722477123026
0.08326723157224056
0.08326723836936994
0.08326724516723762
0.08326725196777836
0.08326725876527458
0.08326726555275664
0.08326727233825562
0.08326727913059043
0.0832672859128934
0.08326729269027415
0.08326729946556767
0.08326730624300532
0.08326731302064339
0.08326731979421416
0.08326732656214535
0.0832673333254891
0.0832673400846064
0.08326734684209844
0.08326735359178103
0.0832673603340686
0.08326736707156061
0.08326737380702745
0.08326738054602727
0.08326738728574348
0.08326739401999111
0.08326740074715241
0.08326740746976273
0.08326741418829145
0.0832674209003632
0.08326742761361564
0.08326743432043282
0.08326744101915048
0.08326744771056506
0.08326745439772451
0.08326746108518555
0.08326746777262706
0.08326747445685004
0.08326748113668324
0.08326748781056341
0.08326749447481298
0.08326750113028479
0.08326750778303982
0.0832675144376283
0.08326752108587339
0.08326752772575638
0.08326753435758637
0.08326754098223418
0.08326754760121079
0.08326755421675343
0.08326756082997036
0.08326756743832385
0.0832675740375707
0.08326758062756022
0.08326758721036186
0.08326759378271373
0.08326760035014753
0.08326760691189007
0.08326761347069551
0.08326762003051039
0.0832676265867138
0.08326763313272173
0.08326763966715223
0.08326764619043686
0.08326765270444174
0.08326765921199966
0.08326766571258278
0.08326767220106868
0.0832676786937057
0.0832676851794423
0.08326769165780747
0.083267698127681
0.08326770459052893
0.08326771104376886
0.08326771748371571
0.0832677239111424
0.08326773032779584
0.08326773673598807
0.0832677431482339
0.08326774955313564
0.08326775594980562
0.08326776233705699
0.08326776871480322
0.08326777508045416
0.08326778143219776
0.0832677877690863
0.08326779410688608
0.08326780044081829
0.08326780676246877
0.08326781307314246
0.08326781937307273
0.0832678256603088
0.08326783193322608
0.08326783819232991
0.08326784444503435
0.08326785069706404
0.08326785693585706
0.08326786316216687
0.08326786937460255
0.08326787557322565
0.0832678817558759
0.08326788792552228
0.08326789409387118
0.08326790025997044
0.08326790641445402
0.08326791255196167
0.08326791867021004
0.08326792476699821
0.0832679308442
0.08326793693042217
0.08326794300640336
0.08326794906606508
0.08326795510969032
0.08326796114356111
0.08326796715974724
0.08326797316072358
0.08326797915789055
0.0832679851434333
0.08326799111209793
0.08326799706243262
0.08326800299260267
0.08326800890354373
0.0832680148041746
0.08326802069849543
0.083268026577623
0.08326803244396147
0.08326803829792775
0.08326804413029165
0.08326804994743268
0.0832680557581836
0.08326806155148263
0.08326806732649368
0.08326807308170886
0.08326807880773396
0.08326808453177047
0.08326809024329603
0.0832680959338801
0.08326810160661101
0.08326810726047659
0.08326811289358116
0.08326811851418847
0.08326812412584171
0.08326812972054765
0.0832681352950675
0.08326814084416807
0.08326814636955418
0.0832681518903266
0.0832681573879864
0.0832681628615464
0.0832681683198274
0.08326817374347786
0.08326817917042562
0.08326818457989549
0.0832681899681681
0.08326819533050306
0.08326820065644891
0.08326820597051574
0.08326821127088314
0.08326821655572189
0.08326822182203915
0.08326822705756602
0.0832682322728201
0.08326823747605705
0.08326824265447273
0.08326824780697537
0.08326825292951377
0.08326825802820544
0.08326826312970959
0.08326826820345005
0.08326827324888876
0.08326827826409562
0.08326828325081324
0.08326828822749124
0.08326829317425047
0.08326829809211356
0.08326830298006994
0.08326830785318376
0.08326831270808266
0.08326831753854792
0.08326832234134865
0.08326832710907892
0.08326833185864335
0.08326833658732831
0.08326834128964046
0.08326834596099694
0.0832683506043906
0.0832683552282059
0.08326835982907771
0.08326836439527985
0.0832683689251429
0.08326837343194292
0.08326837792088074
0.0832683823797279
0.08326838680535452
0.08326839119198705
0.08326839556563567
0.08326839990889462
0.08326840422348493
0.08326840850378026
0.0832684127523984
0.08326841697993667
0.08326842116978042
0.08326842532040003
0.08326842943622072
0.08326843354311957
0.08326843761872052
0.08326844165663896
0.083268445650477
0.08326844962039542
0.08326845356564062
0.08326845747753364
0.0832684613440851
0.08326846518039936
0.08326846898721137
0.08326847275624036
0.08326847648865193
0.08326848019336457
0.08326848387167676
0.0832684875136274
0.08326849111198703
0.08326849466880339
0.08326849819510626
0.08326850168865609
0.08326850514224003
0.08326850855614187
0.08326851193842653
0.08326851528455514
0.08326851859052903
0.08326852185698524
0.0832685250888964
0.08326852828194262
0.08326853142826883
0.08326853453027157
0.08326853761328386
0.08326854065635468
0.08326854365218624
0.08326854659341816
0.08326854950250627
0.08326855237660843
0.08326855520451076
0.08326855798127246
0.08326856072752109
0.0832685634290058
0.08326856608893013
0.08326856870090132
0.08326857127462989
0.08326857380234137
0.08326857628016927
0.08326857871408924
0.08326858111305326
0.08326858346852117
0.08326858577185703
0.0832685880244416
0.08326859023270883
0.08326859239784373
0.08326859451321383
0.0832685965837988
0.08326859860949444
0.08326860058294812
0.0832686025040595
0.08326860437678496
0.08326860620292001
0.08326860797630464
0.08326860969829128
0.0832686113743462
0.08326861300220645
0.08326861457372672
0.08326861608893585
0.08326861755705628
0.08326861897653473
0.08326862033903168
0.08326862164512877
0.08326862289996909
0.0832686240996629
0.08326862524469318
0.08326862633688663
0.08326862737487632
0.08326862835374642
0.08326862927495558
0.08326863014356414
0.08326863095212984
0.08326863170107801
0.08326863239353638
0.08326863303126286
0.08326863360830337
0.08326863412298077
0.08326863458088951
0.08326863497820858
0.0832686353138844
0.08326863558738555
0.08326863580022503
0.08326863595071866
0.0832686360386984
0.0832686360639232
0.08326863602461196
0.08326863592135073
0.08326863575409246
0.0832686355216311
0.08326863522384916
0.083268634862147
0.08326863443129333
0.08326863393221333
0.08326863336653753
0.08326863273560248
0.08326863203383517
0.08326863126244825
0.08326863042408758
0.08326862951384631
0.08326862853380966
0.08326862748236304
0.08326862635886598
0.08326862516301173
0.08326862389629226
0.08326862255990233
0.08326862114475249
0.08326861965429148
0.08326861809584994
0.08326861645674051
0.08326861474007105
0.08326861295049227
0.08326861108546779
0.08326860913650454
0.08326860710783547
0.0832686050099036
0.08326860283121754
0.08326860056734399
0.08326859822607913
0.0832685958017455
0.08326859329527485
0.08326859070969661
0.08326858804270244
0.08326858529012796
0.08326858245626209
0.08326857954190992
0.08326857653229536
0.08326857343205638
0.0832685702596616
0.08326856699310356
0.08326856363151489
0.08326856019086572
0.0832685566654619
0.08326855303932684
0.0832685493223572
0.08326854553006692
0.08326854163976481
0.08326853764387138
0.08326853356651016
0.08326852940091857
0.0832685251415701
0.08326852079341851
0.08326851633538711
0.08326851177769794
0.08326850713314467
0.08326850238428693
0.08326849753068868
0.08326849259112931
0.08326848755518552
0.08326848240211843
0.08326847714667927
0.08326847181179091
0.08326846637045827
0.08326846081596165
0.08326845517334194
0.08326844940939342
0.0832684435203142
0.08326843755483748
0.08326843148705038
0.08326842528969716
0.08326841898843607
0.08326841258806059
0.08326840607779963
0.08326839945434678
0.08326839271723892
0.08326838586988447
0.08326837891481731
0.08326837185036991
0.08326836465598823
0.08326835734437822
0.0832683499315291
0.0832683423823756
0.08326833471374583
0.08326832695889047
0.08326831906759982
0.08326831103910397
0.08326830292229996
0.08326829466874935
0.08326828627274771
0.08326827778812754
0.08326826916019221
0.08326826038170955
0.08326825151012876
0.08326824252717617
0.08326823340051126
0.08326822413672341
0.08326821474204957
0.08326820521737853
0.08326819557011371
0.08326818578267112
0.08326817585524868
0.08326816581548868
0.08326815563372857
0.08326814528082396
0.08326813480148847
0.08326812420491396
0.08326811344597064
0.08326810255922289
0.08326809155592929
0.08326808036757548
0.08326806905367035
0.0832680576460423
0.08326804604764868
0.083268034292502
0.08326802240944668
0.08326801034564119
0.08326799814407694
0.08326798585424983
0.08326797336386603
0.0832679606932868
0.0832679479276015
0.08326793499146179
0.08326792187588981
0.08326790861701962
0.08326789518234895
0.0832678816483042
0.08326786794666872
0.08326785402054049
0.08326783998511494
0.08326782579307371
0.08326781136643825
0.08326779681877493
0.08326778218402918
0.08326776727075914
0.08326775220608748
0.08326773704758891
0.08326772161234501
0.08326770605667319
0.08326769041048833
0.0832676744306736
0.08326765832547112
0.08326764212203876
0.08326762567059066
0.08326760907175294
0.08326759234281929
0.08326757535149987
0.08326755818061429
0.08326754090132717
0.08326752336664844
0.08326750558396774
0.08326748769789004
0.08326746962020182
0.08326745135262613
0.08326743288977216
0.08326741424091855
0.0832673954397759
0.08326737636084004
0.08326735707773462
0.08326733769098545
0.0832673180719139
0.0832672982339544
0.08326727825292034
0.08326725798921865
0.08326723751534211
0.08326721690450671
0.08326719605834919
0.08326717499193793
0.08326715372470485
0.08326713219760312
0.08326711047446778
0.0832670886235111
0.08326706648918136
0.08326704414395994
0.08326702160172712
0.08326699877344551
0.08326697580442881
0.08326695262901958
0.08326692911298231
0.08326690543495488
0.0832668815995765
0.0832668574357843
0.08326683320641547
0.08326680885390282
0.08326678430064152
0.08326675949377231
0.08326673438940482
0.08326670916706398
0.08326668365839769
0.08326665779756467
0.08326663180264039
0.08326660560449765
0.0832665790361461
0.08326655234894263
0.08326652540584294
0.08326649810257988
0.0832664706547459
0.08326644285430684
0.08326641476673052
0.08326638666323022
0.08326635812665989
0.08326632933981673
0.08326630041641549
0.08326627100821607
0.08326624144659467
0.08326621172297277
0.0832661815610472
0.08326615110761201
0.08326612056457806
0.08326608963650577
0.08326605846536517
0.08326602708311029
0.08326599526929661
0.08326596324228493
0.08326593100749115
0.08326589836985301
0.08326586546509213
0.08326583237514103
0.08326579898955491
0.08326576524341775
0.08326573119692708
0.08326569696891309
0.08326566230464245
0.08326562731131985
0.08326559216193483
0.08326555660518596
0.08326552072337381
0.08326548466148478
0.08326544820596216
0.08326541146026983
0.08326537447129836
0.0832653370454872
0.08326529935328472
0.08326526137065174
0.08326522296029112
0.08326518437800415
0.08326514535793264
0.08326510597551459
0.08326506646062608
0.08326502644683476
0.08326498609181794
0.08326494557243999
0.08326490456832791
0.08326486325914172
0.08326482165182669
0.08326477949816546
0.08326473711754304
0.0832646945512699
0.08326465151358962
0.0832646081935972
0.08326456436306419
0.08326452019484555
0.08326447592427444
0.0832644310319518
0.083264385765041
0.08326434032368486
0.08326429436886938
0.08326424799112217
0.08326420133096436
0.08326415432250917
0.08326410696118736
0.08326405911261273
0.08326401095862633
0.08326396245215402
0.08326391336046764
0.08326386409639176
0.08326381443897572
0.08326376419588417
0.08326371374756578
0.0832636628156094
0.0832636113927109
0.0832635597256429
0.08326350755142248
0.0832634550006738
0.08326340207751398
0.08326334863383164
0.08326329497016285
0.08326324071574935
0.08326318599073229
0.08326313107236527
0.08326307551232089
0.08326301953907476
0.08326296327679213
0.0832629063808337
0.08326284920740208
0.08326279162529117
0.083262733442936
0.0832626741384689
0.08326261334784753
0.0832625521994332
0.08326249099092314
0.08326242885758432
0.08326236641249267
0.0832623037981918
0.08326224029190586
0.08326217644612739
0.08326211217821128
0.08326204722673974
0.0832619821367278
0.0832619163794243
0.0832618499643473
0.08326178331063512
0.08326171609603433
0.08326164823557543
0.08326158000841662
0.08326151129950844
0.08326144195970953
0.08326137219917522
0.08326130205817606
0.08326123106492321
0.08326115963488864
0.08326108799111814
0.08326101550099199
0.08326094254615214
0.08326086916955917
0.08326079497219688
0.08326072053075652
0.0832606454970584
0.08326056972934866
0.08326049384831409
0.08326041689317913
0.08326033956771399
0.08326026197302847
0.08326018329506356
0.08326010435874101
0.08326002488207586
0.08325994464156151
0.0832598641311748
0.083259782676711
0.0832597007547789
0.08325961860908092
0.08325953524515041
0.0832594517069236
0.08325936760467326
0.08325928251813905
0.08325919719368682
0.08325911114483585
0.08325902444275704
0.08325893726087809
0.08325884911150616
0.0832587606641976
0.08325867157968601
0.08325858162558403
0.0832584913376026
0.08325840019446762
0.08325830844511525
0.08325821624004877
0.08325812306786017
0.08325802967543777
0.08325793532263
0.08325784001149626
0.08325774478840778
0.08325764846234324
0.08325755102133824
0.08325745357899256
0.08325735530848563
0.08325725636802274
0.0832571564336569
0.08325705613086107
0.08325695505686252
0.08325685301363825
0.08325675062908557
0.0832566474682415
0.08325654341898665
0.08325643884273642
0.08325633335189046
0.08325622734371252
0.08325611989155528
0.08325601123998357
0.08325590222753594
0.08325579247196495
0.08325568184066084
0.08325557049745712
0.08325545837199105
0.08325534570877058
0.08325523194467897
0.08325511746739439
0.08325500247809793
0.0832548862931512
0.08325476957266997
0.08325465201101476
0.08325453355156621
0.0832544150133265
0.08325429466211756
0.08325417374940647
0.08325405260639664
0.08325392986064659
0.0832538068970983
0.08325368282653416
0.08325355767486006
0.08325343276212623
0.08325330563106598
0.08325317820216677
0.08325305033554575
0.08325292078612308
0.08325279098753666
0.08325266029275348
0.08325252843844767
0.08325239613039581
0.08325226247099014
0.08325212818473915
0.08325199306548318
0.08325185674142062
0.08325171995386145
0.08325158192359665
0.08325144318115785
0.08325130361242804
0.08325116257798323
0.08325102132630986
0.08325087871263588
0.08325073496595777
0.08325059096247289
0.08325044527130875
0.08325029898332252
0.08325015211191965
0.08325000375896006
0.0832498552035281
0.08324970504031932
0.08324955380490942
0.0832494023923711
0.08324924931320775
0.08324909528945032
0.08324894045682582
0.08324878452512885
0.08324862771417245
0.08324846948455697
0.08324831046182789
0.08324815053741734
0.0832479895091262
0.08324782846910789
0.08324766760970748
0.08324750592968058
0.08324734317205586
0.08324717911415934
0.08324701417266243
0.08324684820540917
0.0832466813072233
0.08324651305443147
0.08324634368964415
0.08324617362805656
0.08324600186609625
0.08324582932389213
0.08324565587167815
0.08324548064520215
0.08324530157221272
0.08324512071415285
0.08324493907661407
0.08324475646109031
0.08324457207616873
0.08324438702537694
0.08324420056604874
0.08324401279174508
0.083243824595652
0.08324363419074866
0.08324344293738667
0.08324325090663293
0.08324305704728653
0.0832428622950452
0.08324266630378085
0.083242469369513
0.08324227089507986
0.08324207075916705
0.0832418700597136
0.08324166764427819
0.08324146411176227
0.08324125951786274
0.08324105325919076
0.08324084650520146
0.08324063746040362
0.08324042765735318
0.08324021688706458
0.08324000361186641
0.08323979017549878
0.083239574901206
0.08323935786631047
0.0832391410592481
0.08323892104407589
0.08323870059211601
0.08323847901516958
0.08323825531108074
0.08323803138686214
0.0832378048197019
0.0832375775027308
0.08323734936699308
0.08323711803391541
0.08323688679076098
0.08323665377940034
0.08323641884720881
0.08323618352120286
0.08323594561957989
0.08323570715162805
0.0832354671341369
0.08323522461891286
0.0832349820247626
0.08323473697044202
0.08323449090406371
0.08323424327669292
0.08323399353173434
0.08323374321055362
0.08323349076938621
0.08323323677225726
0.08323298181587274
0.0832327245175806
0.08323246709551212
0.08323220676975689
0.08323194475756368
0.08323168222140681
0.08323141709394882
0.08323115065341596
0.08323088281224686
0.0832306132389562
0.08323034235694285
0.08323006914049504
0.0832297949394128
0.08322951901067482
0.08322924107408756
0.08322896188283933
0.08322868059583209
0.08322839807546384
0.08322811367878707
0.083227827165662
0.08322753945074392
0.08322724983750669
0.0832269590640908
0.08322666584405707
0.08322637071257467
0.0832260744109485
0.08322577598333794
0.08322547603411706
0.0832251739859464
0.0832248700257177
0.08322456556837586
0.08322425758914195
0.08322394834945915
0.08322363815938892
0.0832233255836419
0.08322301057611335
0.08322269402974039
0.08322237598788537
0.08322205588171697
0.083221733360275
0.08322140986796336
0.08322108402177208
0.08322075638691911
0.0832204270353304
0.08322009523386963
0.0832197619293095
0.08321942619323779
0.08321908875275517
0.08321874938918214
0.0832184075648495
0.0832180650629655
0.08321771902255384
0.08321737132244841
0.08321702233296745
0.08321667040892085
0.08321631899774141
0.08321596661469144
0.08321561238673511
0.08321525732431592
0.08321489824696773
0.0832145378484196
0.083214175678194
0.08321381107214951
0.08321344468059445
0.08321307550420368
0.08321270514130973
0.08321233214228457
0.08321195661740936
0.08321157951183568
0.0832111996511057
0.08321081844028992
0.08321043430991587
0.08321004826820622
0.08320966014641866
0.08320926900332537
0.08320887721721619
0.0832084813828805
0.08320808367094895
0.0832076855179419
0.08320728180700716
0.08320687829337438
0.08320647227781415
0.08320606199556
0.08320565380656976
0.08320523808426253
0.08320482159047597
0.08320440540021072
0.08320398286400248
0.08320356026562045
0.08320313538042673
0.08320270717561774
0.08320227808566644
0.08320184400435086
0.08320140934923712
0.08320097193326234
0.0832005308709303
0.0832000887898117
0.08319963989601871
0.0831991879743858
0.08319873315867614
0.08319827525486691
0.08319781602071001
0.08319735251875074
0.08319688865872088
0.0831964205459918
0.08319594865825558
0.08319547733788729
0.08319500061008138
0.08319452181346894
0.08319404184114366
0.08319355669117728
0.08319307244654509
0.083192581615399
0.08319208883211918
0.08319159550268358
0.08319109674130865
0.08319059691706167
0.08319009366588091
0.08318958727807327
0.08318907995932516
0.08318856701619551
0.08318805280001451
0.0831875364192991
0.08318701580366157
0.08318649298434806
0.08318596623542208
0.08318543734643236
0.08318490521200919
0.0831843703965889
0.08318383345649269
0.08318329148126895
0.08318274860198505
0.08318220153070116
0.08318165056712662
0.08318109872828597
0.08318054244876581
0.08317998410163986
0.08317942160401044
0.08317885538319722
0.08317828855524324
0.08317771570142653
0.0831771404894262
0.08317656326206734
0.08317598178151558
0.08317539884221345
0.08317481008368156
0.08317421941867717
0.08317362642382228
0.08317302804702133
0.08317242759941966
0.08317182375350143
0.0831712167801007
0.08317060649925186
0.08316999184819857
0.08316937514749315
0.08316875442934483
0.08316813118880045
0.08316750403926693
0.08316687198925861
0.08316623779490491
0.08316559970194182
0.08316495840285268
0.0831643134737734
0.08316366464008844
0.08316301565616478
0.08316235893968364
0.08316169804709203
0.08316103745393756
0.08316036970968306
0.08315970034088813
0.08315902700509518
0.08315834910447702
0.08315766981313244
0.08315698429094869
0.0831562949917129
0.08315560106173654
0.08315490252146189
0.08315420100853346
0.08315349355097565
0.08315278343844554
0.08315207013656854
0.08315135183586865
0.08315063105589589
0.0831499059130453
0.08314917677142727
0.08314844328347921
0.08314770506061532
0.08314696408057477
0.08314621864505627
0.08314546988498983
0.08314471688575595
0.0831439586115638
0.08314319784030158
0.0831424327845718
0.08314166182897866
0.08314088772826364
0.083140112061821
0.08313933252470389
0.08313854606278655
0.0831377580166173
0.08313696514861471
0.08313616838584215
0.08313536656432115
0.08313456025891117
0.08313375164803848
0.08313293691465226
0.08313211725342247
0.08313129485249968
0.08313046659701429
0.08312963571395049
0.08312879920281004
0.08312795785060298
0.08312711333896647
0.08312626167518898
0.08312540732129303
0.08312454831609152
0.08312368378204318
0.08312281797729182
0.08312194390956709
0.08312106706639935
0.08312018493615078
0.08311929605651112
0.08311840635168533
0.08311750796822136
0.08311660588942127
0.08311570351172409
0.08311478931117425
0.0831138746252562
0.08311295515079199
0.08311202939141402
0.08311110174011732
0.08311016350663694
0.08310922419412484
0.08310828000687528
0.08310732749635928
0.08310637373130285
0.08310541338400747
0.08310444872304261
0.08310347899414776
0.08310250173762553
0.08310152200129978
0.083100535201651
0.08309954452408651
0.08309854862418256
0.08309754607471369
0.08309654230099536
0.08309552784797432
0.08309451095388994
0.08309348947859319
0.0830924580240139
0.08309142823425023
0.0830903873757074
0.08308934057786288
0.08308829444507426
0.08308723533957672
0.08308617562210342
0.08308510942767387
0.08308403586437224
0.08308296394626742
0.08308187642487413
0.08308078694084824
0.08307969422562111
0.08307859077694284
0.0830774854802294
0.08307637293307965
0.08307525559466475
0.08307413345950798
0.08307300075244278
0.0830718663493941
0.0830707246115998
0.0830695767452511
0.08306842458224002
0.08306726363053983
0.08306609950159276
0.0830649269441545
0.08306374791301468
0.08306256508368086
0.08306137303053777
0.08306017987040108
0.08305897558333313
0.08305777624157233
0.08305658439225531
0.08305538062704075
0.08305417710918167
0.08305296396448575
0.08305174021076717
0.08305052168389364
0.0830492854064972
0.08304804454703023
0.08304680359946437
0.08304554827600144
0.0830442912627722
0.08304302755456203
0.08304175513503897
0.08304048089949474
0.08303919291999184
0.08303790153459295
0.08303660578633461
0.08303530013429192
0.08303398963985761
0.08303267180926464
0.08303134817602754
0.08303001644870416
0.08302867725636422
0.08302733338930059
0.08302597944566144
0.08302462174352461
0.08302325467572726
0.08302187970772444
0.08302050148879973
0.0830191130814468
0.08301771959703225
0.08301631905510676
0.08301490819545021
0.08301349662715293
0.08301206848489333
0.08301063668927822
0.08300920094363673
0.08300775163629945
0.08300630086583896
0.08300483938233416
0.0830033701255822
0.08300189974775958
0.08300041205781047
0.08299892129774578
0.08299742502401398
0.08299591707256417
0.0829944049660808
0.08299288228504394
0.08299135485072948
0.08298981913157862
0.08298827080749695
0.08298672077378745
0.08298515913754474
0.08298358680965323
0.08298198963745118
0.08298038432671818
0.0829787796395922
0.0829771622818138
0.08297553499829276
0.0829739086418216
0.08297226210271111
0.08297061773299133
0.08296896007891234
0.08296728715133862
0.08296561827217926
0.08296393218939745
0.08296222924131832
0.08296052574876556
0.08295880541824632
0.08295708482256403
0.08295534999725221
0.08295360318327366
0.08295186999143168
0.08295010010573739
0.0829483225796617
0.08294653692642819
0.08294474042993004
0.08294293958771995
0.08294112211068484
0.08293929924799541
0.08293747051999935
0.08293562572638448
0.08293377553270921
0.08293191637053456
0.08293004728125183
0.08292816920862922
0.08292627833597417
0.08292438368531223
0.08292249282617029
0.08292059095252298
0.08291868427288206
0.08291676250058522
0.08291483406508153
0.08291289505517124
0.08291094288052912
0.08290898539580492
0.08290701641407057
0.08290503703272872
0.08290305054652637
0.08290105026304384
0.08289904459701244
0.08289702622861306
0.08289499424775568
0.0828929583908208
0.08289091035476963
0.08288885079598661
0.08288677655638872
0.0828846783290453
0.08288257149956611
0.08288045188225532
0.08287832227573082
0.08287618460481389
0.08287403472065313
0.08287187270545439
0.08286970128979808
0.08286752054422278
0.08286532617587435
0.08286312005802196
0.08286090231512623
0.08285866715148504
0.08285642122979103
0.08285416595192788
0.0828518986760652
0.08284962072437778
0.08284732819335916
0.08284502558352472
0.08284271306145428
0.08284038722683433
0.08283805219236676
0.08283570385639939
0.08283334389034522
0.08283097708352893
0.08282859230940048
0.08282619736557018
0.08282379114507216
0.08282137640521833
0.08281895187073718
0.08281651321123823
0.08281406820949797
0.08281160874746947
0.08280913213223244
0.08280665004495616
0.08280415288376773
0.08280164302306231
0.08279911995594103
0.082796583195821
0.08279404000997775
0.08279148029174165
0.08278890467654346
0.08278632303207496
0.08278372428796736
0.08278111358967301
0.08277849309071854
0.08277586027576418
0.08277321585219406
0.08277054960623263
0.08276787449168053
0.0827651886755547
0.08276248277672497
0.08275977100941954
0.08275704456460568
0.08275430036052624
0.08275155568885588
0.08274878205518511
0.0827460004348675
0.0827432098923214
0.08274043917405521
0.08273766430105024
0.08273487372043385
0.08273207018413976
0.08272925745779623
0.0827264227117848
0.08272358163399945
0.08272072615339862
0.08271784852806163
0.08271496465976737
0.08271206447027432
0.08270915137627713
0.08270622379726346
0.08270327894727136
0.08270032758527472
0.08269735459004088
0.08269436596243696
0.08269136949239629
0.08268835047961941
0.0826853242070921
0.08268228382677809
0.08267922609511727
0.08267616638947746
0.08267307326361138
0.08266997286725751
0.0826668430502365
0.0826636565098341
0.082660472395904
0.08265727717162513
0.08265404371341524
0.08265082641941862
0.08264758585638078
0.0826443227835827
0.08264106519893404
0.08263777505295013
0.08263446083093022
0.08263112890817419
0.08262776037236268
0.08262438477274293
0.08262098747584751
0.08261757565248874
0.08261415331041956
0.0826107178513477
0.08260728744748103
0.08260384173769166
0.08260037319828817
0.08259689467630915
0.08259339770576625
0.08258988625191646
0.08258635482688467
0.08258280066896036
0.08257923881609994
0.0825756548012149
0.0825720516232949
0.08256843717346772
0.08256480122010618
0.08256115077829526
0.08255748210609112
0.08255378589540929
0.08255004389466207
0.08254627062430824
0.08254249006462282
0.08253868970138692
0.08253486112377553
0.08253103143891193
0.08252717314326406
0.08252329262276464
0.08251941400429472
0.08251549303861963
0.08251156046971991
0.08250762305712409
0.08250364891033304
0.08249966088941256
0.08249565840030032
0.08249163586822646
0.08248760471590344
0.08248354723854467
0.08247948210677167
0.08247539114737451
0.08247127290682338
0.08246715082361918
0.08246299481044338
0.08245882400880698
0.08245464173508485
0.08245042702840745
0.0824462031512189
0.08244195625330937
0.0824376823183088
0.08243340719166618
0.08242909358888054
0.08242476164499404
0.08242042531253221
0.08241610555426934
0.08241178986729811
0.08240745785483791
0.08240308969766127
0.08239871801890805
0.0823943150940241
0.08238988972800286
0.08238546395206711
0.08238099237213677
0.08237651544393064
0.08237202515735359
0.08236749390521511
0.0823629630958297
0.08235840029646486
0.08235381025394473
0.08234921995410655
0.08234452774287554
0.08233981618475573
0.08233509341609607
0.08233032213087103
0.08232554986023387
0.08232075610464795
0.08231592916822776
0.08231110830885781
0.08230625584075547
0.08230135619888969
0.0822964038103781
0.0822914749832891
0.08228654127171849
0.08228157399484622
0.08227657181364637
0.08227157550671091
0.08226653350709752
0.08226146697556388
0.08225639946816637
0.08225128273463152
0.0822461527472856
0.0822409910141794
0.08223578377105605
0.08223058304683689
0.08222533203765174
0.08222005146445689
0.08221476306186169
0.08220939188168612
0.08220400368953558
0.08219860993325408
0.08219316023623838
0.08218770854744
0.0821822311637028
0.08217670725815367
0.08217119234291942
0.08216562514021451
0.08216003376891343
0.08215444156306433
0.08214880441232533
0.08214315175892817
0.08213748499080335
0.08213177219591641
0.08212604808655427
0.08212029877442667
0.08211451290624103
0.08210871235731777
0.08210287541615041
0.08209701794057261
0.08209120150597574
0.08208537389192157
0.08207954548378872
0.08207368266833229
0.08206778055816842
0.08206187772418279
0.0820559277841553
0.08204994636543254
0.08204396028180153
0.08203792311715084
0.08203187272167686
0.08202575999431791
0.08201955431627629
0.08201334603887979
0.08200709409347913
0.08200080703999492
0.08199451738669958
0.08198817993213961
0.08198182086331136
0.08197551142783412
0.08196906753490621
0.08196262740209116
0.08195617190693774
0.0819496752774763
0.08194316448243928
0.08193660281237418
0.08193000012786461
0.08192338483128114
0.08191671571662282
0.08191002370480753
0.08190331220891128
0.0818965500327709
0.08188977136021292
0.08188296447864735
0.08187608814491414
0.08186916702091374
0.08186220682939915
0.08185521137974112
0.08184819559963948
0.08184112915064196
0.0818340462916575
0.08182693639674096
0.08181977603502905
0.08181262003221883
0.08180543147275034
0.08179817997215902
0.08179093056175306
0.08178364874799034
0.08177630154434434
0.08176900640448792
0.08176175132257764
0.0817544330507374
0.08174711855344642
0.0817397587985656
0.08173235245667311
0.08172494463179213
0.08171747984463325
0.0817099777822065
0.08170235604770174
0.08169468028655393
0.08168697630790524
0.08167924974615479
0.08167147473260454
0.08166372052752269
0.08165595965038489
0.08164815136129572
0.08164021126756842
0.08163227942139017
0.08162428913129181
0.08161626635713445
0.0816082202475241
0.08160012582049135
0.08159199688638748
0.08158384844810201
0.08157564438025726
0.08156740221606411
0.08155913962578307
0.08155082642483011
0.08154248104969766
0.08153404174726027
0.08152554573866896
0.08151701600786386
0.0815084592383246
0.08149985244352909
0.0814912208609501
0.08148257324031033
0.08147388104761233
0.08146516493148523
0.08145640294544035
0.08144762944042234
0.08143894818017339
0.08143020774997743
0.08142143665397218
0.08141264541679698
0.08140378126685284
0.08139489824166624
0.08138590348375604
0.08137680431251457
0.08136768164414931
0.081358525734053
0.08134937955098098
0.08134021170383926
0.0813310144616281
0.08132170320245587
0.08131224137756822
0.08130282353479518
0.08129335585805307
0.08128385701666141
0.08127432213300227
0.08126473354279602
0.08125511163014126
0.08124544795770722
0.08123573831652464
0.08122598986426931
0.08121619387990785
0.0812063561057754
0.08119639869222052
0.08118639807085387
0.08117637376032616
0.08116629121190802
0.08115615999729611
0.08114602363882688
0.08113582929647828
0.08112565445709088
0.08111555874355976
0.08110540259481469
0.08109520851362698
0.08108498023107281
0.08107466598810985
0.08106419326130859
0.08105368243231133
0.08104316079710848
0.08103264683925983
0.08102206916632723
0.08101142460450349
0.08100073483952962
0.08098985292563306
0.0809789515396271
0.08096805369857445
0.08095710966913716
0.08094612608815023
0.08093509245983302
0.0809240073411141
0.08091288648221519
0.08090171662075837
0.08089049587487766
0.08087924580447652
0.08086788814800618
0.08085643781039432
0.08084494106228071
0.08083337537778164
0.08082179472777261
0.0808101827661248
0.08079869575361816
0.08078717532670471
0.08077560087027076
0.0807639737564985
0.08075215959987579
0.08074027398604434
0.08072842951803179
0.08071650810827667
0.08070451951423659
0.08069247393347175
0.0806804089071129
0.08066812111648636
0.0806557865956252
0.08064348433636953
0.08063110158152835
0.08061867983063495
0.08060624675650882
0.080593714833011
0.08058114633175625
0.08056855507618996
0.0805558802974732
0.08054315729218428
0.08053031017101579
0.08051736422193354
0.0805043739249194
0.08049139339153591
0.08047853546358166
0.08046563006680016
0.08045268007803567
0.08043950693685159
0.08042630792391206
0.08041307320700126
0.08039976196625782
0.08038641340811588
0.08037301026773581
0.08035952677955532
0.08034584175190426
0.08033211457619072
0.08031836630832273
0.08030462016267884
0.08029079606909156
0.080276894983586
0.08026298980160067
0.08024899141054151
0.08023491524769448
0.08022083565232498
0.08020663184350332
0.08019225758995226
0.08017789076158677
0.08016368896199301
0.0801494046076836
0.08013507893793939
0.0801205187364328
0.08010593602727907
0.0800913660217883
0.08007665661503793
0.08006191481846435
0.08004715988753658
0.08003217636851981
0.08001704653574529
0.08000200125298804
0.07998679998358244
0.07997162077007394
0.07995639027165848
0.07994104485455185
0.0799256770579357
0.07991026434922306
0.07989473716866664
0.0798791641124834
0.0798634261818162
0.0798478436847134
0.07983224874059089
0.07981645071377107
0.07980056105924772
0.07978463881992018
0.07976867539376989
0.07975260356185213
0.07973650301457394
0.07972034155897043
0.07970382693910268
0.0796873593321852
0.07967088567810011
0.07965428364763665
0.07963768692147509
0.07962103800523833
0.07960426010568311
0.07958745811633178
0.0795706200584531
0.07955363781660052
0.07953671385709479
0.0795197628510759
0.07950260467227366
0.07948539259544844
0.07946819241555562
0.07945086099614539
0.07943345702059991
0.07941605858261479
0.07939840772132555
0.07938052183596617
0.07936277371186881
0.07934485305182051
0.07932688684286292
0.07930894525598896
0.0792908456980989
0.07927269488659089
0.07925452183202286
0.07923621380607244
0.07921807123139607
0.07919972101138453
0.07918125924132612
0.07916272326786962
0.07914415218304782
0.07912547835173996
0.07910672231804582
0.0790878855766118
0.0790686906911066
0.07904950519257704
0.07903034028585847
0.07901102617660946
0.07899170196107935
0.0789723144794604
0.07895283481798739
0.07893321235789869
0.07891383373712543
0.07889433816035857
0.07887457592478447
0.0788547564814708
0.07883486913666665
0.07881492798369827
0.07879489003061292
0.07877473180662237
0.07875422284391238
0.07873371190949519
0.07871322347198811
0.07869258076055351
0.0786719388356309
0.07865112027888235
0.07863022148808563
0.07860959814819665
0.07858886882716232
0.07856795739386546
0.07854688445087794
0.07852570992022688
0.07850448288361148
0.07848318414065174
0.07846170862004458
0.0784398744844467
0.07841807941420723
0.07839626845980913
0.07837430064761024
0.07835225319053343
0.07833010227603837
0.0783081391483427
0.07828625097224229
0.07826412576279343
0.07824182500250018
0.07821941606542539
0.07819693506380548
0.07817434447218603
0.07815165468817796
0.07812854904882867
0.07810537937743514
0.07808229587877023
0.07805899029382377
0.07803559917478463
0.078012358987269
0.07798920510008811
0.07796588461596095
0.07794250240360057
0.07791890080328488
0.0778951700612153
0.07787138312742456
0.07784747060865983
0.07782314454339642
0.07779867164281361
0.07777430406735249
0.07774971086827681
0.07772513479644257
0.07770070313206426
0.07767622068044665
0.07765163590246071
0.07762699440112256
0.07760217691090784
0.07757716229217981
0.07755208713109756
0.07752677606324336
0.07750103962069807
0.07747529220595754
0.07744954481299363
0.0774238316616974
0.07739812813443388
0.07737236767109645
0.07734659296827924
0.07732069405972565
0.07729471150180751
0.0772685066585857
0.07724217294266522
0.0772154903226463
0.07718845052058011
0.0771614835130394
0.07713462573481453
0.07710771185257341
0.07708064812134721
0.07705366712514643
0.07702660755209087
0.07699951319581846
0.07697224437951951
0.07694471906663114
0.07691696926238477
0.07688869854136096
0.07686034781438382
0.07683248043601862
0.07680439323142789
0.07677594771711266
0.07674782650964604
0.0767196032699602
0.07669123227777842
0.0766627495361236
0.07663402173356791
0.07660487888696509
0.07657532299771806
0.07654609006973037
0.07651692884345623
0.07648725555949548
0.07645789880566997
0.07642851051491147
0.0763990217227532
0.07636941054713399
0.07633963005725594
0.07630943110334579
0.07627873861114556
0.07624831040852013
0.07621796152940519
0.07618710635516188
0.076156613376916
0.07612599185743181
0.07609530834217779
0.07606446797622618
0.076033457553046
0.07600207199256405
0.07597038629888835
0.07593876110116436
0.07590704239567185
0.0758751501180098
0.07584345955542335
0.07581159227955159
0.07577960475185032
0.07574755687970393
0.07571530143169733
0.07568255607273339
0.07564974443084947
0.07561694127101329
0.07558379457774632
0.07555099850670169
0.07551798668959228
0.07548479229324369
0.07545156738906787
0.07541822379198489
0.07538464080541579
0.07535061613119884
0.07531654762785842
0.07528238310993879
0.07524827919458102
0.0752140847535617
0.07517978405825737
0.07514526991795213
0.07511099386151736
0.07507627993422304
0.07504105353223464
0.07500547211579044
0.07497043244251098
0.07493511183158329
0.07489957263263977
0.0748640958049365
0.07482871166213341
0.07479319374617914
0.07475710413209886
0.07472037037766564
0.07468404396172716
0.07464758056609876
0.07461099914865814
0.07457436947041875
0.07453801069073517
0.0745014953363428
0.07446439455977931
0.07442634004433284
0.07438888468881243
0.07435135179253662
0.07431364831597446
0.07427599707819439
0.07423866161384975
0.07420096411399671
0.07416256837834113
0.07412326830181261
0.07408481817640848
0.07404619463508538
0.07400742978655056
0.07396889240172898
0.07393043270043936
0.07389139743079721
0.07385126005099597
0.07381119445110233
0.07377172152633883
0.07373194186406741
0.07369229989210464
0.07365282698334676
0.07361303534350012
0.07357184188114466
0.07353053665881729
0.07349010019151554
0.07344935586498838
0.07340867454807973
0.07336810912286316
0.07332736925578509
0.07328506104117348
0.07324268956458618
0.07320117580881076
0.07315945967080202
0.07311788031710412
0.07307624649357163
0.07303429052361787
0.07299075551415204
0.07294748330108426
0.07290495106137526
0.07286237564865757
0.0728197444304124
0.07277694613593931
0.0727334351468045
0.07268878466757099
0.07264480446210808
0.07260132888842888
0.0725579373837227
0.0725140776834662
0.07247005204799083
0.07242483430276417
0.07237925959769018
0.07233470009491733
0.07229038465073812
0.07224572820273685
0.07220075516655616
0.07215494845966834
0.07210821275637157
0.07206226816450897
0.07201723560374244
0.07197164037574408
0.07192574525918428
0.07187920197853406
0.0718314284182684
0.07178423002120457
0.0717383493947158
0.071691819110387
0.07164488081648539
0.07159738119996975
0.07154869831101604
0.07150040469755936
0.07145338471931814
0.07140617532367437
0.07135829229136209
0.07130950723660232
0.07125970017153804
0.07121083831544509
0.07116273063933809
0.07111448176436268
0.07106557449798599
0.07101555649019974
0.07096456845293429
0.07091509738503186
0.0708661283204419
0.07081684071629059
0.07076644118076719
0.0707151269072394
0.07066382730034676
0.07061337906773309
0.07056360176074329
0.07051301021471783
0.07046099830862788
0.07040840157781007
0.07035697927659737
0.07030576956408985
0.07025483798457346
0.07020238219430426
0.07014923763837727
0.07009616721696962
0.07004374101390687
0.06999212099429401
0.06993924806643764
0.06988530176206471
0.0698311492825129
0.06977786322164237
0.069724826704138
0.06967146178808609
0.06961679387133168
0.06956179883078951
0.06950724295804266
0.0694531799893343
0.06939919302688538
0.06934377461794985
0.06928771309127955
0.0692323458980321
0.06917739581376323
0.06912230956520288
0.06906606064796267
0.06900931510957717
0.06895300459405669
0.06889701175898061
0.06884074286161876
0.06878393517650877
0.06872627280681025
0.06866894365604306
0.06861227091823174
0.06855471798601093
0.06849707776929183
0.06843849332226228
0.06838043898472514
0.06832247106872148
0.0682641479817768
0.06820522052297573
0.06814626046080331
0.06808728559753756
0.06802780171639282
0.06796885352386699
0.06790906958861519
0.0678492829982564
0.067788927964325
0.06772892619413026
0.0676689243909884
0.06760826636718566
0.06754733352192738
0.06748591886068459
0.06742528071093395
0.06736418248233937
0.06730249324858471
0.06723995476022068
0.06717843735559996
0.06711682929057355
0.06705458573996859
0.06699120987060336
0.06692852899289037
0.06686625842379242
0.06680354977059383
0.0667395620614561
0.06667559210449946
0.06661245551288639
0.0665491681661276
0.06648466100839331
0.06641956576176013
0.0663555316199425
0.06629155147026689
0.06622648565229636
0.06616043620397886
0.06609547841246807
0.06603074298863269
0.06596504588785741
0.06589822084475849
0.0658322909736778
0.065766745606614
0.06570032782268895
0.06563272248226917
0.06556585344830095
0.06549950617836249
0.06543232262832646
0.06536393797601643
0.06529600434447541
0.0652289552999092
0.06516094340825897
0.06509178670135617
0.06502297615707024
0.06495517130313082
0.06488622432753981
0.06481618194641499
0.06474664977768856
0.06467829369404153
0.0646081359579754
0.06453714204833559
0.06446722360568752
0.06439792865182507
0.06432668405861232
0.06425479970933236
0.06418472727926716
0.06411386440155391
0.0640415881077244
0.06396915941249888
0.06389898644910759
0.06382635793725348
0.06375290873644647
0.06368077029860825
0.06360914669975763
0.06353526209395995
0.06346119590958653
0.06338952243231662
0.06331536314208465
0.0632406030584792
0.06316703672256485
0.06309357145495832
0.06301810198491514
0.06294259779666288
0.0628696353944136
0.06279365717242491
0.06271723299563983
0.06264330526371226
0.06256731030077044
0.06249018525258643
0.06241418874029274
0.06233858588376244
0.06226106691385556
0.06218368687051992
0.0621082842974421
0.062029870409282865
0.06195149623988344
0.06187537068764215
0.061796806782218314
0.061717570504420026
0.0616402813176727
0.06156146029056828
0.06148180943969919
0.06140298301100214
0.06132426316377901
0.061243751442096636
0.061163792806796256
0.061085140729530474
0.061003968728339006
0.06092314605372263
0.06084369640056232
0.06076185132259002
0.06068039360019729
0.06060013090735563
0.060517804966839756
0.060435650126291665
0.06035451275691669
0.06027172300411394
0.06018880206244959
0.0601067183732992
0.06002342624052336
0.05994004643165963
0.05985728195321816
0.05977328872755473
0.05968894101478599
0.059605328037859354
0.05952091405709056
0.059436236927037665
0.059351936350765286
0.05926643511476272
0.05918053515140291
0.05909595953174518
0.059010149948944254
0.05892350016479221
0.058837719342720016
0.058751426191856346
0.05866410844959303
0.058577891773583204
0.058490764516666155
0.058402418108952414
0.058315782081161165
0.05822782466886229
0.05813880481616014
0.05805162149227878
0.057962045335554095
0.05787379725224996
0.05778542544036253
0.05769464653879611
0.05760622126488553
0.05751668897690328
0.05742542728000147
0.057336520866704786
0.057244806616241185
0.057154478894867154
0.057064469126886744
0.05697166411994821
0.05688167716029348
0.056789338201832795
0.056696906972724524
0.05660612080698415
0.0565121452474105
0.056420859409798275
0.05632739809797762
0.05623374100624266
0.056141813523931085
0.05604656353713505
0.055953920110054976
0.05585917923710456
0.055764711058321315
0.05567131953674664
0.05557494698553969
0.05548130961809815
0.055384702263662586
0.05528994873204008
0.05519477477521493
0.05509749038429017
0.055002508944290325
0.054904035380209874
0.054809127347653745
0.05471152284812332
0.05461453021026581
0.05451752396584349
0.054418233078384975
0.054321792010570795
0.054222284646092384
0.054125421401784425
0.05402574214807999
0.05392706475143776
0.05382842672691674
0.05372789816100742
0.05362967414419231
0.05352834046090239
0.05342946351358971
0.053328308187521156
0.05322805518362884
0.053127409935961274
0.05302575155203354
0.052925971537809084
0.05282256657634372
0.05272271149845105
0.052618927080664624
0.052518069402690555
0.052414568087112666
0.05231236098006597
0.05220941390018691
0.05210601099497634
0.052003583436784705
0.05189867760671477
0.051796486880246954
0.051690276340621996
0.05158793407193944
0.05148104687358077
0.05137844352021849
0.05127096561807898
0.051167877143363835
0.051060240036307214
0.05095633676343864
0.05084860328964107
0.05074384254264171
0.05063595690787122
0.050530540435810185
0.05042253608167179
0.05031637833401819
0.050208075757399245
0.050101280311530695
0.04999269114198103
0.04988541200802477
0.04977645204965301
0.04966866866798367
0.04955906978554596
0.04945096538215047
0.04934059592982532
0.049232551620614164
0.04912133669883237
0.04901297890439695
0.0489010970417393
0.04879231973870972
0.0486796545229352
0.04857069967589564
0.04845756418403858
0.04834827673783074
0.04823495375196221
0.04812501124724762
0.04801172280540125
0.04790080504238566
0.04778756982073844
0.04767567032291653
0.04756275759592714
0.0474495742159993
0.047336560623661414
0.047221812094854605
0.04710933828622167
0.04699358833976834
0.04688124045143229
0.04676567918886233
0.046652047349713587
0.046537398030647735
0.04642148157574949
0.04630703108009229
0.04619046757720375
0.04607580968404068
0.04595924941551384
0.04584348497249767
0.0457278776812078
0.045610003551664634
0.04549442618826968
0.04537670316452717
0.04525937907457295
0.045142714496414806
0.04502390428506344
0.044907627833778954
0.04478882360059814
0.04467029544268312
0.04455265287629167
0.044432237615189094
0.044314803140855515
0.04419517088198009
0.044075426858321325
0.04395742424528217
0.04383594735235377
0.04371681140207184
0.04359674728360869
0.0434753324275842
0.04335670613059651
0.043234407627022894
0.04311302791422509
0.04299272721770472
0.04287046771385572
0.04274980316709672
0.042627907857468124
0.042504991460611256
0.04238454870307797
0.04226128012473466
0.042137414292098475
0.04201661232788409
0.041892702643617545
0.04176872922012935
0.04164631899011161
0.04152266363071859
0.041398299662283054
0.041275035013606305
0.041150547952157564
0.04102578238087499
0.04090187750229901
0.04077665927714051
0.040651415679856986
0.040526989327427335
0.040401233853790304
0.04027582978889851
0.04015064212707157
0.040024332912181444
0.03989866899442136
0.03977217776893455
0.03964579112455583
0.03951929983193986
0.039392334514429174
0.03926551393778523
0.039138248863089684
0.03901168250805934
0.03888393023855142
0.03875563007678482
0.03862859393980499
0.03849991400404093
0.0383713833197728
0.03824370098197676
0.03811561697893274
0.03798689067506071
0.03785753030849017
0.03772945560413587
0.03759958336074247
0.03747025433482146
0.037341139681517484
0.0372124871479754
0.03708168245834581
0.036952077553594295
0.03682257129794944
0.03669273564976701
0.03656135022960511
0.036431586060574096
0.03630162189443943
0.03617100325247995
0.0360385403459009
0.0359084413213063
0.03577820970696883
0.035647588524067776
0.03551422778901005
0.03538311363643686
0.03525269407210265
0.03512176740375318
0.03498882641771357
0.034855450556578196
0.03472421655546481
0.03459349656016553
0.034461680129377795
0.03432737280567553
0.034194384399161
0.034062876055966515
0.0339312483398688
0.03379898180522388
0.0336641824013935
0.03353042109310456
0.03339875637597326
0.0332658452342891
0.033133518005199356
0.032999074083134274
0.032863887531149126
0.03273131047891888
0.03259913183708192
0.03246540323632238
0.03233215322762844
0.03219707350837955
0.032061741002736864
0.031928395791283946
0.031795607298557176
0.031662098589212366
0.03152761599309205
0.03139286510584245
0.03125747573385706
0.031122306311679365
0.03098857403106592
0.030855172873040394
0.030721583082730805
0.030586887941719636
0.030451670619982486
0.03031577503367643
0.030180056273569757
0.030044613926591624
0.029910008735579603
0.029776043991612898
0.029641719513962002
0.029507160935893326
0.029372510241209723
0.02923710640749778
0.02910108948960198
0.028964830067665724
0.028828837940906026
0.028693127013238375
0.02855781114773583
0.02842249158753132
0.02828767855049167
0.028152824108126126
0.028017897440945162
0.027882933792491862
0.02774790476179152
0.02761279756203699
0.027477585427822172
0.02734216972132698
0.027206628029234868
0.027070793625122002
0.026934882515132368
0.026799038262977914
0.026663208657877316
0.02652739089533327
0.026391597404194205
0.026255831711313172
0.026120104605286666
0.025984424891723097
0.025848804062820904
0.02571323040947648
0.02557771146821495
0.02544226342118651
0.025306889481058706
0.025171561976178668
0.025036273043670086
0.024901029818394694
0.0247658314767996
0.02463059057353104
0.024495388787357388
0.02436024616892282
0.024225081573055127
0.024089799081070132
0.023954475895426743
0.023819037120318777
0.023683609910022423
0.02354820768655784
0.02341285912262542
0.023277541197394114
0.023142275076543678
0.023007063165592537
0.022872273081811004
0.022737774557944578
0.0226033574387231
0.02246886936121867
0.022334357595616184
0.022199957853367997
0.0220653788248566
0.02193064626482248
0.021795981839187926
0.02166138249157771
0.02152693301766139
0.021393094888935232
0.021259326739350614
0.021125604544944727
0.020991806614001095
0.02085794979746593
0.020723967900448212
0.020590095435017067
0.020456521350894773
0.020323411323937925
0.02019036158407521
0.02005725123327357
0.019924069769183667
0.019790808109838572
0.019657763856362823
0.019525187641047145
0.019392761052337636
0.01926030350595341
0.01912772864650091
0.018995174624038935
0.018863015925491375
0.018731108642576443
0.018599303689143674
0.018467340188529687
0.01833539572988642
0.01820384172420569
0.018072513853840035
0.017941206065543683
0.017809798485563043
0.01767859906147575
0.017547735451640286
0.017417040599955243
0.017286217255029015
0.01715556698455223
0.01702521914942424
0.016895069324610674
0.016764820192856956
0.016634794390161665
0.016505049283780195
0.016375398394078075
0.016245794295036812
0.01611645281045903
0.015987385871601964
0.01585823450770823
0.015729325250374702
0.015600664176489925
0.01547204695637658
0.015343613447399642
0.015215408828852452
0.015087344181838557
0.014959454544804119
0.014831756364408873
0.014704179292615003
0.014576812659414969
0.01444962937868549
0.014322563449315883
0.014195740798939793
0.014069133476895144
0.013942566030006005
0.013816290762042507
0.013690255567727745
0.013564418073596736
0.013438844765309484
0.013313411280047448
0.013188308582706774
0.013063421530595195
0.012938739390758475
0.01281434801829245
0.01269002630933658
0.012566081147047324
0.012442264418146285
0.012318757640273199
0.01219538326423804
0.012072289233959456
0.011949396348542524
0.011826660710496904
0.011704257315021852
0.01158187010006123
0.011459900508510468
0.011337904139784432
0.011216343376471935
0.011094755401741157
0.010973626713423813
0.01085245407004175
0.010731728594481077
0.010610961720194354
0.010490605465010232
0.01037027424610258
0.010250255706571057
0.010130385862033414
0.010010639132926692
0.009891252897146666
0.009771802168302758
0.009652874826387837
0.009533763737780039
0.009415126731284066
0.009296494841005448
0.009178010537401683
0.0090599364718177
0.008941651985631335
0.008823853078407448
0.008706049240445582
0.008588294595538991
0.008471057768857088
0.008353723977065741
0.008236716090917428
0.008120096940633615
0.008003406715760239
0.00788708131030792
0.007771058637989742
0.007654967448125768
0.007539154382332302
0.007423629160047697
0.007308059151748387
0.007192588937690701
0.007077447002611067
0.006962312931709491
0.006847147218984881
0.0067321661878513
0.006617350523844222
0.006502476797787182
0.006387554458304964
0.0062726873183383755
0.006157904068623281
0.006043037512194788
0.005928042987336836
0.005812929185808874
0.005697788611373678
0.005582535158890424
0.005467073251276168
0.005351335047266464
0.00523534542424135
0.0051190517660712
0.0050024475362522814
0.004885499183076523
0.00476812120333342
0.004650226463188889
0.004531743062963499
0.004412616556387741
0.004292821720524735
0.004172228727360012
0.004050723911704558
0.003928193269333827
0.003804555469144529
0.003679668494452175
0.003553338875279223
0.0034253575724571667
0.003295515447685953
0.0031636014785427153
0.003029513335945362
0.0028929006994417106
0.0027532953985828315
0.0026101281913253494
0.0024627048527704853
0.002310135460632555
0.0021512018170795617
0.0019842447088408697
0.0018069502646462059
0.0016158454338404745
0.0014051475303499402
0.001164022195762742
0.0008671861480087947
0.00040647886767925206
0.0
0.0
0.0
0.0
0.0
0.0
0.0
0.0
0.0
0.0
0.0
0.0
0.0
0.0
0.0
0.0
0.0
0.0
0.0
0.0
0.0
0.0
0.0
0.0
0.0
0.0
0.0
0.0
0.0
0.0
0.0
0.0
0.0
0.0
0.0
0.0
0.0
0.0
0.0
0.0
0.0
0.0
0.0
0.0
0.0
0.0
0.0
0.0
0.0
0.0
0.0
0.0
0.0
0.0
0.0
0.0
0.0
0.0
0.0
0.0
0.0
0.0
0.0
0.0
0.0
0.0
0.0
0.0
0.0
0.0
0.0
0.0
0.0
0.0
0.0
0.0
0.0
0.0
0.0
0.0
0.0
0.0
0.0
0.0
0.0
0.0
0.0
0.0
0.0
0.0
0.0
0.0
0.0
0.0
0.0
0.0
0.0
0.0
0.0
0.0
0.0
0.0
0.0
0.0
0.0
0.0
0.0
0.0
0.0
0.0
0.0
0.0
0.0
0.0
0.0
0.0
0.0
0.0
0.0
0.0
0.0
0.0
0.0
0.0
0.0
0.0
0.0
0.0
0.0
0.0
0.0
0.0
0.0
0.0
0.0
0.0
0.0
0.0
0.0
0.0
0.0
0.0
0.0
0.0
0.0
0.0
0.0
0.0
0.0
0.0
0.0
0.0
0.0
0.0
0.0
0.0
0.0
0.0
0.0
0.0
0.0
0.0
0.0
0.0
0.0
0.0
0.0
0.0
0.0
0.0
0.0
0.0
0.0
0.0
0.0
0.0
0.0
0.0
0.0
0.0
0.0
0.0
0.0
0.0
0.0
0.0
0.0
0.0
0.0
0.0
0.0
0.0
0.0
0.0
0.0
0.0
0.0
0.0
0.0
0.0
0.0
0.0
0.0
0.0
0.0
0.0
0.0
0.0
0.0
0.0
0.0
0.0
0.0
0.0
0.0
0.0
0.0
0.0
0.0
0.0
0.0
0.0
0.0
0.0
0.0
0.0
0.0
0.0
0.0
0.0
0.0
0.0
0.0
0.0
0.0
0.0
0.0
0.0
0.0
0.0
0.0
0.0
0.0
0.0
0.0
0.0
0.0
0.0
0.0
0.0
0.0
0.0
0.0
0.0
0.0
0.0
0.0
0.0
0.0
0.0
0.0
0.0
0.0
0.0
0.0
0.0
0.0
0.0
0.0
0.0
0.0
0.0
0.0
0.0
0.0
0.0
0.0
0.0
0.0
0.0
0.0
0.0
0.0
0.0
0.0
0.0
0.0
0.0
0.0
0.0
0.0
0.0
0.0
0.0
0.0
0.0
0.0
0.0
0.0
0.0
0.0
0.0
0.0
0.0
0.0
0.0
0.0
0.0
0.0
0.0
0.0
0.0
0.0
0.0
0.0
0.0
0.0
0.0
0.0
0.0
0.0
0.0
0.0
0.0
0.0
0.0
0.0
0.0
0.0
0.0
0.0
0.0
0.0
0.0
0.0
0.0
0.0
0.0
0.0
0.0
0.0
0.0
0.0
0.0
0.0
0.0
0.0
0.0
0.0
0.0
0.0
0.0
0.0
0.0
0.0
0.0
0.0
0.0
0.0
0.0
0.0
0.0
0.0
0.0
0.0
0.0
0.0
0.0
0.0
0.0
0.0
0.0
0.0
0.0
0.0
0.0
0.0
0.0
0.0
0.0
0.0
0.0
0.0
0.0
0.0
0.0
0.0
0.0
0.0
0.0
0.0
0.0
0.0
0.0
0.0
0.0
0.0
0.0
0.0
0.0
0.0
0.0
0.0
0.0
0.0
0.0
0.0
0.0
0.0
0.0
0.0
0.0
0.0
0.0
0.0
0.0
0.0
0.0
0.0
0.0
0.0
0.0
0.0
0.0
0.0
0.0
0.0
0.0
0.0
0.0
0.0
0.0
0.0
0.0
0.0
0.0
0.0
0.0
0.0
0.0
0.0
0.0
0.0
0.0
0.0
0.0
0.0
0.0
0.0
0.0
0.0
0.0
0.0
0.0
0.0
0.0
0.0
0.0
0.0
0.0
0.0
0.0
0.0
0.0
0.0
0.0
0.0
0.0
0.0
0.0
0.0
0.0
0.0
0.0
0.0
0.0
0.0
0.0
0.0
0.0
0.0
0.0
0.0
0.0
0.0
0.0
0.0
0.0
0.0
0.0
0.0
0.0
0.0
0.0
0.0
0.0
0.0
0.0
0.0
0.0
0.0
0.0
0.0
0.0
0.0
0.0
0.0
0.0
0.0
0.0
0.0
0.0
0.0
0.0
0.0
0.0
0.0
0.0
0.0
0.0
0.0
0.0
0.0
0.0
0.0
0.0
0.0
0.0
0.0
0.0
0.0
0.0
0.0
0.0
0.0
0.0
0.0
0.0
0.0
0.0
0.0
0.0
0.0
0.0
0.0
0.0
0.0
0.0
0.0
0.0
0.0
0.0
0.0
0.0
0.0
0.0
0.0
0.0
0.0
0.0
0.0
0.0
0.0
0.0
0.0
0.0
0.0
0.0
0.0
0.0
0.0
0.0
0.0
0.0
0.0
0.0
0.0
0.0
0.0
0.0
0.0
0.0
0.0
0.0
0.0
0.0
0.0
0.0
0.0
0.0
0.0
0.0
0.0
0.0
0.0
0.0
0.0
0.0
0.0
0.0
0.0
0.0
0.0
0.0
0.0
0.0
0.0
0.0
0.0
0.0
0.0
0.0
0.0
0.0
0.0
0.0
0.0
0.0
0.0
0.0
0.0
0.0
0.0
0.0
0.0
0.0
0.0
0.0
0.0
0.0
0.0
0.0
0.0
0.0
0.0
0.0
0.0
0.0
0.0
0.0
0.0
0.0
0.0
0.0
0.0
0.0
0.0
0.0
0.0
0.0
0.0
0.0
0.0
0.0
0.0
0.0
0.0
0.0
0.0
0.0
0.0
0.0
0.0
0.0
0.0
0.0
0.0
0.0
0.0
0.0
0.0
0.0
0.0
0.0
0.0
0.0
0.0
0.0
0.0
0.0
0.0
0.0
0.0
0.0
0.0
0.0
0.0
0.0
0.0
0.0
0.0
0.0
0.0
0.0
0.0
0.0
0.0
0.0
0.0
0.0
0.0
0.0
0.0
0.0
0.0
0.0
0.0
0.0
0.0
0.0
0.0
0.0
0.0
0.0
0.0
0.0
0.0
0.0
0.0
0.0
0.0
0.0
0.0
0.0
0.0
0.0
0.0
0.0
0.0
0.0
0.0
0.0
0.0
0.0
0.0
0.0
0.0
0.0
0.0
0.0
0.0
0.0
0.0
0.0
0.0
0.0
0.0
0.0
0.0
0.0
0.0
0.0
0.0
0.0
0.0
0.0
0.0
0.0
0.0
0.0
0.0
0.0
0.0
0.0
0.0
0.0
0.0
0.0
0.0
0.0
0.0
0.0
0.0
0.0
0.0
0.0
0.0
0.0
0.0
0.0
0.0
0.0
0.0
0.0
0.0
0.0
0.0
0.0
0.0
0.0
0.0
0.0
0.0
0.0
0.0
0.0
0.0
0.0
0.0
0.0
0.0
0.0
0.0
0.0
0.0
0.0
0.0
0.0
0.0
0.0
0.0
0.0
0.0
0.0
0.0
0.0
0.0
0.0
0.0
0.0
0.0
0.0
0.0
0.0
0.0
0.0
0.0
0.0
0.0
0.0
0.0
0.0
0.0
0.0
0.0
0.0
0.0
0.0
0.0
0.0
0.0
0.0
0.0
0.0
0.0
0.0
0.0
0.0
0.0
0.0
0.0
0.0
0.0
0.0
0.0
0.0
0.0
0.0
0.0
0.0
0.0
0.0
0.0
0.0
0.0
0.0
0.0
0.0
0.0
0.0
0.0
0.0
0.0
0.0
0.0
0.0
0.0
0.0
0.0
0.0
0.0
0.0
0.0
0.0
0.0
0.0
0.0
0.0
0.0
0.0
0.0
0.0
0.0
0.0
0.0
0.0
0.0
0.0
0.0
0.0
0.0
0.0
0.0
0.0
0.0
0.0
0.0
0.0
0.0
0.0
0.0
0.0
0.0
0.0
0.0
0.0
0.0
0.0
0.0
0.0
0.0
0.0
0.0
0.0
0.0
0.0
0.0
0.0
0.0
0.0
0.0
0.0
0.0
0.0
0.0
0.0
0.0
0.0
0.0
0.0
0.0
0.0
0.0
0.0
0.0
0.0
0.0
0.0
0.0
0.0
0.0
0.0
0.0
0.0
0.0
0.0
0.0
0.0
0.0
0.0
0.0
0.0
0.0
0.0
0.0
0.0
0.0
0.0
0.0
0.0
0.0
0.0
0.0
0.0
0.0
0.0
0.0
0.0
0.0
0.0
0.0
0.0
0.0
0.0
0.0
0.0
0.0
0.0
0.0
0.0
0.0
0.0
0.0
0.0
0.0
0.0
0.0
0.0
0.0
0.0
0.0
0.0
0.0
0.0
0.0
0.0
0.0
0.0
0.0
0.0
0.0
0.0
0.0
0.0
0.0
0.0
0.0
0.0
0.0
0.0
0.0
0.0
0.0
0.0
0.0
0.0
0.0
0.0
0.0
0.0
0.0
0.0
0.0
0.0
0.0
0.0
0.0
0.0
0.0
0.0
0.0
0.0
0.0
0.0
0.0
0.0
0.0
0.0
0.0
0.0
0.0
0.0
0.0
0.0
0.0
0.0
0.0
0.0
0.0
0.0
0.0
0.0
0.0
0.0
0.0
0.0
0.0
0.0
0.0
0.0
0.0
0.0
0.0
0.0
0.0
0.0
0.0
0.0
0.0
0.0
0.0
0.0
0.0
0.0
