2.7338566874041627e-7
2.934962470378698e-7
3.122687986103633e-7
3.302269556667008e-7
3.4747096118971915e-7
3.638576362151965e-7
3.798164342944143e-7
3.952955839680885e-7
4.103303811679704e-7
4.250214347517001e-7
4.3921044872107514e-7
4.531572024154291e-7
4.6690149292566295e-7
4.804561243288502e-7
4.93748209001265e-7
5.066540056984351e-7
5.194495629899417e-7
5.321379073795916e-7
5.44717137903354e-7
5.571784680725554e-7
5.69435203807529e-7
5.815637832299775e-7
5.93560531446563e-7
6.054530825414367e-7
6.172955602859985e-7
6.290193532130858e-7
6.406827511056524e-7
6.522879114934803e-7
6.638294058620402e-7
6.753033961662453e-7
6.866649584146069e-7
6.979243369151342e-7
7.091451810156657e-7
7.203349838528681e-7
7.314951539500713e-7
7.426179007572802e-7
7.536630444173359e-7
7.646703093725697e-7
7.756388348501573e-7
7.865778698845606e-7
7.975005693333973e-7
8.083650145772486e-7
8.191714920367344e-7
8.29944721649083e-7
8.406952684599939e-7
8.514252680160798e-7
8.621204097826591e-7
8.727682224764482e-7
8.834114525006197e-7
8.940526228046061e-7
9.046908832075979e-7
9.153231644502574e-7
9.259358518615303e-7
9.36487227123565e-7
9.469956462752661e-7
9.574794646376347e-7
9.679520825768977e-7
9.784203670296232e-7
9.888785516674855e-7
9.9932370104643e-7
1.0097738551625399e-6
1.0202244115336722e-6
1.03066940943944e-6
1.041103184977017e-6
1.051511431648546e-6
1.061899455547234e-6
1.072288386982314e-6
1.082678901868026e-6
1.093073440457391e-6
1.1034729215286316e-6
1.1138574609821363e-6
1.1242036970415653e-6
1.1345514235411642e-6
1.1449047737976692e-6
1.1552628471448873e-6
1.1656223340494562e-6
1.1759784275542336e-6
1.186321023306064e-6
1.196672821781036e-6
1.207020700786171e-6
1.2173689080419106e-6
1.2277256101468705e-6
1.2380909978990496e-6
1.2484508872055415e-6
1.2588103816899132e-6
1.2691715351808022e-6
1.2795341755905353e-6
1.2898927762076118e-6
1.3002398218830013e-6
1.3105788211471804e-6
1.3209160408758347e-6
1.3312633364757772e-6
1.341620717681777e-6
1.3519888371160668e-6
1.3623686273621696e-6
1.3727602704344041e-6
1.383146805416189e-6
1.3935292934155446e-6
1.4039106494396334e-6
1.4142949301282063e-6
1.4246874870115005e-6
1.4350920163127746e-6
1.4455087665555437e-6
1.4559286533898162e-6
1.4663591084238967e-6
1.4767950977827072e-6
1.4872356308853769e-6
1.4976807002691182e-6
1.5081303283911146e-6
1.5185860890481377e-6
1.529031539167943e-6
1.539480813004458e-6
1.5499410301579993e-6
1.5604135025750348e-6
1.57089673759295e-6
1.5813883679167618e-6
1.591887591574867e-6
1.6023937826487408e-6
1.6129165235697213e-6
1.6234553265078445e-6
1.634008379053677e-6
1.644574293640801e-6
1.6551522792375142e-6
1.665742022264289e-6
1.6763335902530388e-6
1.686923183589178e-6
1.6975225597514678e-6
1.7081335665466234e-6
1.7187576666882589e-6
1.7293954252645914e-6
1.7400458164430825e-6
1.7507054741548406e-6
1.7613680383729256e-6
1.7720436360010893e-6
1.7827264640735417e-6
1.7934199592424388e-6
1.8041295548465568e-6
1.8148578890818755e-6
1.8256037404101325e-6
1.8363628679082334e-6
1.8471352971663106e-6
1.857925000039107e-6
1.8687295384492741e-6
1.879544835320236e-6
1.8903651311116506e-6
1.901188664456703e-6
1.9120259800955066e-6
1.922873257840631e-6
1.9337356153250717e-6
1.9446170547527804e-6
1.9555159925573347e-6
1.9664311586099023e-6
1.977364127842046e-6
1.988316224561402e-6
1.999281119011697e-6
2.0102493081703497e-6
2.0212262062708195e-6
2.032224845095835e-6
2.0432389890468033e-6
2.054263994051767e-6
2.0653001004329616e-6
2.076351139016875e-6
2.0874203609650728e-6
2.0985003592674325e-6
2.1095893728577438e-6
2.1206967382399103e-6
2.13182045701469e-6
2.142962799328292e-6
2.1541270800614923e-6
2.1653122803221088e-6
2.176514063510504e-6
2.1877377831994138e-6
2.1989742985516054e-6
2.2102222716847296e-6
2.2214929421295476e-6
2.232774335163237e-6
2.24406918248113e-6
2.2553829393476597e-6
2.266714062107897e-6
2.278059878979013e-6
2.2894297525083307e-6
2.3008053433861006e-6
2.3122040158395273e-6
2.3236139984231644e-6
2.3350447622517967e-6
2.346493909582946e-6
2.3579589331910997e-6
2.36943983828253e-6
2.380931458341749e-6
2.3924573903646034e-6
2.4039871606921735e-6
2.4155418893150753e-6
2.4271108129073843e-6
2.43870782581358e-6
2.4503261868486592e-6
2.4619637942931645e-6
2.473625954501685e-6
2.485307093564473e-6
2.4970042147534797e-6
2.508708306823496e-6
2.5204331097108946e-6
2.532175374542707e-6
2.543934370346151e-6
2.5557196973696817e-6
2.567527297499314e-6
2.579354573055516e-6
2.5912076008411214e-6
2.6030775138274463e-6
2.6149572236431783e-6
2.6268603787810447e-6
2.638772198439121e-6
2.6507114008770994e-6
2.6626682390295983e-6
2.674642269768519e-6
2.6866393418845062e-6
2.6986592956583012e-6
2.7106965526173226e-6
2.722754905806223e-6
2.7348438091221464e-6
2.74695078517688e-6
2.75906679303407e-6
2.7712133139849707e-6
2.783375583388834e-6
2.7955570102476242e-6
2.8077656273026465e-6
2.8200007516044617e-6
2.8322554751713932e-6
2.8445269497167757e-6
2.8568221836330686e-6
2.869138377387692e-6
2.8814693049843047e-6
2.893823421518142e-6
2.9062144068347588e-6
2.91862338989181e-6
2.9310513094553442e-6
2.9435041878496307e-6
2.95597980072587e-6
2.968477629524317e-6
2.980999725378816e-6
2.9935423627017426e-6
3.0061102402676516e-6
3.0186982172383883e-6
3.031297143384899e-6
3.043913632908661e-6
3.0565547667837995e-6
3.06922261511631e-6
3.0819114212937374e-6
3.094620646494547e-6
3.107356865430596e-6
3.1201120610276573e-6
3.1329006039983243e-6
3.1457110092001368e-6
3.158541070841371e-6
3.171392083198068e-6
3.1842705415793777e-6
3.197185792265065e-6
3.2101233126919576e-6
3.2230798006920523e-6
3.236060117415202e-6
3.249062886028978e-6
3.2620910910733366e-6
3.275141355669891e-6
3.2882151059496008e-6
3.3013075975936007e-6
3.314422605784385e-6
3.32756191612862e-6
3.3407293232581682e-6
3.353929534596224e-6
3.3671522662137187e-6
3.3803950364681624e-6
3.3936657535479096e-6
3.4069647326490607e-6
3.4202834009391796e-6
3.4336219253171307e-6
3.4469902279820665e-6
3.4603950623455014e-6
3.473816904755704e-6
3.4872592292605447e-6
3.500719615010974e-6
3.5142062860836533e-6
3.527723925515125e-6
3.5412691408471953e-6
3.5548383296782416e-6
3.568434152001984e-6
3.5820596205988375e-6
3.595711282744532e-6
3.6093942573147625e-6
3.623097148893403e-6
3.636817545103059e-6
3.6505693566563066e-6
3.6643436996090146e-6
3.6781467029961076e-6
3.691978544718315e-6
3.705839614262707e-6
3.7197293324605223e-6
3.733644535951427e-6
3.7475858676503252e-6
3.7615580842418746e-6
3.775558352653185e-6
3.7895810241374488e-6
3.803630944992187e-6
3.817709998631919e-6
3.831811662722872e-6
3.845937956942262e-6
3.860095674645836e-6
3.874279889177351e-6
3.888491271436641e-6
3.902729705381853e-6
3.9169939462010956e-6
3.931286201452961e-6
3.945606838554719e-6
3.9599550309184555e-6
3.974340584498311e-6
3.988761045516838e-6
4.003201342290374e-6
4.0176605931827755e-6
4.032143929185443e-6
4.046656549854981e-6
4.061197072312852e-6
4.075762222959196e-6
4.090354002200955e-6
4.104984351319604e-6
4.1196470789010705e-6
4.134337032449482e-6
4.149057642774451e-6
4.1638066404838856e-6
4.178580238535302e-6
4.193379531295048e-6
4.208207328113664e-6
4.223064778097799e-6
4.237954672527986e-6
4.252880194953894e-6
4.267836925545527e-6
4.282825748360159e-6
4.29783829359624e-6
4.312878810954088e-6
4.327950032628572e-6
4.343051570279081e-6
4.358182772334064e-6
4.37334236589194e-6
4.38853128276493e-6
4.403753237222116e-6
4.4190071458535995e-6
4.434287760996723e-6
4.449592331775846e-6
4.4649234864209255e-6
4.480289610302199e-6
4.495692351032588e-6
4.511123553291052e-6
4.5265834633241754e-6
4.542071289230582e-6
4.557588927710346e-6
4.573136290589711e-6
4.588712511464e-6
4.604317032130593e-6
4.619954588563847e-6
4.63562995193384e-6
4.651338649052197e-6
4.667072892518178e-6
4.682832158733596e-6
4.69862130761793e-6
4.714452613030881e-6
4.730324267059223e-6
4.746221451999964e-6
4.762143720149964e-6
4.778096495845051e-6
4.794080851393603e-6
4.810099162386872e-6
4.826156178213944e-6
4.842246511467682e-6
4.858366067420081e-6
4.874515296963604e-6
4.890695029401998e-6
4.906904749095698e-6
4.923144550915043e-6
4.939415478803866e-6
4.955717856405785e-6
4.972051466941836e-6
4.988415699094879e-6
5.004816365488457e-6
5.021259125122638e-6
5.037736357542067e-6
5.054243134843652e-6
5.070779242657225e-6
5.087344394666036e-6
5.1039420299930075e-6
5.120576218686842e-6
5.137247602389152e-6
5.153956703240084e-6
5.1706959504562156e-6
5.187459968696501e-6
5.204249745633314e-6
5.2210766406741356e-6
5.237944487343646e-6
5.254843937332223e-6
5.271775520784483e-6
5.288740142099406e-6
5.305738840825319e-6
5.322772318762735e-6
5.339838495680309e-6
5.356933332889619e-6
5.374056506078034e-6
5.391203953229615e-6
5.4084066056644794e-6
5.425643433569507e-6
5.44291138312327e-6
5.4602129042430096e-6
5.477551837874657e-6
5.4949257295324595e-6
5.512330559272463e-6
5.529764207909959e-6
5.547220870110396e-6
5.5647162400769105e-6
5.582259175176457e-6
5.599839258325532e-6
5.61745734926561e-6
5.635112810235953e-6
5.652801997125316e-6
5.670521462817443e-6
5.688269148654804e-6
5.7060440631955794e-6
5.723855260759612e-6
5.741716437321794e-6
5.7596135545344114e-6
5.777544650855251e-6
5.795511314811063e-6
5.813510783388693e-6
5.831539119199268e-6
5.8495875177707375e-6
5.867691997254704e-6
5.885844743592691e-6
5.9040315794060016e-6
5.922245600474396e-6
5.940489460041048e-6
5.958766309385303e-6
5.977070879467364e-6
5.995403179250712e-6
6.013772313787086e-6
6.032185853654698e-6
6.050644000954547e-6
6.069135470446636e-6
6.08765670894467e-6
6.106204004712759e-6
6.1247786563091525e-6
6.143406747503281e-6
6.162084789213094e-6
6.180802028924549e-6
6.1995527330710765e-6
6.218329043786649e-6
6.237134803960176e-6
6.255972091091205e-6
6.274871244039715e-6
6.293811235448809e-6
6.312786184953251e-6
6.331792744420508e-6
6.35082679282243e-6
6.369877938430633e-6
6.3889754868774e-6
6.408118976579733e-6
6.4272973531654945e-6
6.446517073562515e-6
6.465776361023778e-6
6.4850569420664165e-6
6.5043723349276075e-6
6.523745115319751e-6
6.543150000925694e-6
6.562586822878041e-6
6.582052184231503e-6
6.6015419462258035e-6
6.621074532115324e-6
6.640674593159863e-6
6.660309682359342e-6
6.679976574857691e-6
6.699673416494109e-6
6.719396443317815e-6
6.739138742805796e-6
6.75893303692164e-6
6.778770001635789e-6
6.798656148460826e-6
6.818580893579996e-6
6.838527754228425e-6
6.8585232594431594e-6
6.878559537159463e-6
6.898623692634535e-6
6.918716373694356e-6
6.938853690919296e-6
6.959030836518197e-6
6.979255948281963e-6
6.9995175530693586e-6
7.019807683505114e-6
7.0401277229036225e-6
7.060464227751502e-6
7.080846083323813e-6
7.101297778378818e-6
7.12178322784023e-6
7.1423042553555e-6
7.162853844237597e-6
7.183429391359738e-6
7.204057534090147e-6
7.224712581263145e-6
7.245417580654767e-6
7.266157367155749e-6
7.286914584093532e-6
7.307740951743975e-6
7.328598884063202e-6
7.349478911082051e-6
7.370398312947055e-6
7.391337526243519e-6
7.412345296652283e-6
7.433390313810306e-6
7.45447247716305e-6
7.475581838748708e-6
7.4967078212497104e-6
7.517905133799506e-6
7.5391515503734775e-6
7.560431950419037e-6
7.581735278880389e-6
7.603053271050364e-6
7.624426265358771e-6
7.645854128246575e-6
7.667320186850626e-6
7.68880934429732e-6
7.710323455354007e-6
7.73188485122431e-6
7.753480141206298e-6
7.77510555833227e-6
7.796770258999359e-6
7.818484137960204e-6
7.84025838521982e-6
7.862060939831776e-6
7.883885540076506e-6
7.905734867378812e-6
7.927630399016454e-6
7.949578136338456e-6
7.971561663122718e-6
7.993569787231489e-6
8.015587998580844e-6
8.037693530873177e-6
8.059834135013943e-6
8.081994469461745e-6
8.104168235158784e-6
8.126367324730782e-6
8.1486364067265e-6
8.170955622880318e-6
8.193315755895654e-6
8.215682745942796e-6
8.238120769192274e-6
8.260576122244452e-6
8.283068075923237e-6
8.305602746245718e-6
8.328178160835122e-6
8.350793616097558e-6
8.373425670141619e-6
8.396072493525294e-6
8.418764868706048e-6
8.441534769790708e-6
8.46435331214578e-6
8.487190233502413e-6
8.510025201221946e-6
8.532926060594964e-6
8.5558635609488e-6
8.578833279773185e-6
8.601821674086053e-6
8.624846328744717e-6
8.647926814360244e-6
8.671047763999259e-6
8.694179944897345e-6
8.71733897038047e-6
8.740545580813204e-6
8.763803140643728e-6
8.787105403729214e-6
8.810434855961246e-6
8.833798097051034e-6
8.857188594851231e-6
8.880605717641674e-6
8.904060802116065e-6
8.927559115024454e-6
8.951102017155333e-6
8.974661998473887e-6
8.998251033009315e-6
9.02189220149619e-6
9.045591397970459e-6
9.069298617085062e-6
9.093001910283917e-6
9.1167443986927e-6
9.140562173582013e-6
9.164415083546725e-6
9.188286882904862e-6
9.212179268459353e-6
9.236134658876014e-6
9.260116186099347e-6
9.284111360686177e-6
9.308140278119497e-6
9.332237677899676e-6
9.356384731458756e-6
9.380535935124293e-6
9.404703285117812e-6
9.428914653797094e-6
9.453165693200228e-6
9.477443034226158e-6
9.501746510745673e-6
9.526069840356409e-6
9.550407902131451e-6
9.574792521054869e-6
9.599257995369633e-6
9.623752723746839e-6
9.648242690792721e-6
9.672722491518996e-6
9.69729326179633e-6
9.721893861176936e-6
9.746504172438793e-6
9.771115615482862e-6
9.795805669695359e-6
9.82054266378079e-6
9.845286931219754e-6
9.870004929274901e-6
9.894788134033283e-6
9.91962647074771e-6
9.944482150845404e-6
9.969354572797596e-6
9.994273731363525e-6
1.0019223074341946e-5
1.0044160026538632e-5
1.0069140754283537e-5
1.0094179248443105e-5
1.011924932594655e-5
1.0144320654874899e-5
1.0169413575570658e-5
1.019455087932861e-5
1.0219720955704457e-5
1.0244916819751688e-5
1.027013855393674e-5
1.0295373188425138e-5
1.0320604742206183e-5
1.0345877315965203e-5
1.0371204982450411e-5
1.0396544990358254e-5
1.042188810877705e-5
1.0447283704680632e-5
1.0472748721241467e-5
1.0498208369213212e-5
1.0523654267573596e-5
1.0549129644772042e-5
1.0574653727135529e-5
1.0600166468670798e-5
1.062568290489403e-5
1.0651284529886297e-5
1.067691079450812e-5
1.0702525844143426e-5
1.0728132241216576e-5
1.0753781716305277e-5
1.0779456655022029e-5
1.0805148520621095e-5
1.0830878455302657e-5
1.0856629583685669e-5
1.0882379056472009e-5
1.09081160600211e-5
1.0933940308060316e-5
1.0959777978193712e-5
1.0985631910452503e-5
1.1011468872058682e-5
1.1037321191594957e-5
1.1063206056256626e-5
1.1089115145633034e-5
1.1115062112970789e-5
1.1140975149577696e-5
1.1166901540046068e-5
1.1192874019387093e-5
1.121888197621213e-5
1.1244860190043736e-5
1.1270810010273972e-5
1.1296875880762079e-5
1.1322932649064145e-5
1.1348946715725725e-5
1.137497120246932e-5
1.1401068138696332e-5
1.1427155472829343e-5
1.1453181675246955e-5
1.1479309436061809e-5
1.1505452048418816e-5
1.1531573115146971e-5
1.1557662883054582e-5
1.158382073011983e-5
1.1609962799513301e-5
1.163607188472667e-5
1.1662234544841812e-5
1.1688437335312677e-5
1.1714614526422243e-5
1.174079895276241e-5
1.1766967371209947e-5
1.1793124899320779e-5
1.1819274760910538e-5
1.1845487539617641e-5
1.187170461658041e-5
1.1897859215665831e-5
1.1924066389926076e-5
1.1950267888206664e-5
1.19764889247063e-5
1.200268450294773e-5
1.2028874023539996e-5
1.2055039957754623e-5
1.2081211270229798e-5
1.210743778856822e-5
1.2133622426072337e-5
1.2159771194697932e-5
1.2185970241515847e-5
1.2212173161867533e-5
1.2238304545231934e-5
1.226442566633792e-5
1.2290595633443315e-5
1.2316739020395598e-5
1.2342814414042386e-5
1.2368951115089948e-5
1.23950938334059e-5
1.2421181781639663e-5
1.2447255533974292e-5
1.2473353168728526e-5
1.2499423774944428e-5
1.2525436203769914e-5
1.2551464884369207e-5
1.2577485943515675e-5
1.260344440499262e-5
1.2629430411163848e-5
1.2655403826377033e-5
1.2681335434320637e-5
1.2707261826951545e-5
1.2733186490943434e-5
1.2759069239148746e-5
1.2784902338088978e-5
1.2810737046552431e-5
1.2836550935368253e-5
1.2862312567384893e-5
1.2888071558430542e-5
1.2913795898912192e-5
1.2939456204863802e-5
1.2965151460677237e-5
1.2990833978078478e-5
1.3016457053998298e-5
1.30420130692072e-5
1.3067522131262946e-5
1.309302470731362e-5
1.3118520592244576e-5
1.314397955375976e-5
1.3169357139759122e-5
1.3194685205670475e-5
1.3220042730086336e-5
1.3245334758762597e-5
1.3270522644487576e-5
1.3295754322923229e-5
1.3320950913619005e-5
1.3346033683823665e-5
1.3371058381512108e-5
1.3396095445459594e-5
1.342107086943509e-5
1.3445960618676712e-5
1.3470846883544676e-5
1.3495681452654758e-5
1.3520408357245011e-5
1.354510414857946e-5
1.356977239186219e-5
1.3594340572474902e-5
1.361887607015784e-5
1.3643373309284589e-5
1.3667770333255e-5
1.3692113919274345e-5
1.3716405554880757e-5
1.3740622553844697e-5
1.3764763719053248e-5
1.3788848745956388e-5
1.381286578725433e-5
1.3836791186039604e-5
1.3860658345706802e-5
1.3884455160703135e-5
1.3908154709821498e-5
1.3931807434353039e-5
1.3955376937534528e-5
1.3978835097588102e-5
1.4002232811113853e-5
1.4025536238775213e-5
1.4048734809276883e-5
1.4071888189832634e-5
1.4094956501043686e-5
1.4117900891430912e-5
1.4140766458372178e-5
1.4163543269216903e-5
1.4186200179659312e-5
1.4208765012560637e-5
1.4231235306343515e-5
1.4253603475123899e-5
1.427589487612526e-5
1.4298075300853761e-5
1.4320100170718347e-5
1.4342014163284113e-5
1.4363888102988065e-5
1.4385614050095653e-5
1.4407162848692508e-5
1.4428671658093733e-5
1.4450066399372483e-5
1.4471263659490664e-5
1.4492392593408645e-5
1.4513403835212964e-5
1.4534235321034924e-5
1.455498077302811e-5
1.4575612762208892e-5
1.4596047782063783e-5
1.4616351622304705e-5
1.4636548459953203e-5
1.4656591912174245e-5
1.4676482214526078e-5
1.469625254527471e-5
1.4715845497712435e-5
1.4735275613383663e-5
1.475457556239243e-5
1.4773715266484085e-5
1.479267672662479e-5
1.4811481862128416e-5
1.4830131378523675e-5
1.4848598595448776e-5
1.4866907055572794e-5
1.4885049180713037e-5
1.49029805458671e-5
1.4920758625178882e-5
1.4938360726973537e-5
1.4955757652431536e-5
1.4972984087670617e-5
1.4990004464385625e-5
1.5006810243440766e-5
1.502345189462251e-5
1.5039881750619608e-5
1.5056091213451244e-5
1.5072118636184324e-5
1.5087918219927245e-5
1.5103494974661445e-5
1.5118886623767756e-5
1.5134038555981906e-5
1.5148944333132366e-5
1.5163650960428297e-5
1.5178112329630851e-5
1.5192318934644929e-5
1.5206326736432863e-5
1.5220071346821615e-5
1.5233538080791798e-5
1.5246805697903368e-5
1.5259791620673402e-5
1.527248940628905e-5
1.528499442872037e-5
1.5297184226889484e-5
1.530906471535253e-5
1.532075724710511e-5
1.5332143450424562e-5
1.534319445309132e-5
1.5353988821660258e-5
1.5364512368022803e-5
1.5374693448077157e-5
1.5384580474523832e-5
1.539419282672074e-5
1.5403464545283932e-5
1.5412409411213682e-5
1.5421050306502325e-5
1.542936058915442e-5
1.5437332572666788e-5
1.5444972493166365e-5
1.5452255053518504e-5
1.54591931078976e-5
1.546579261817969e-5
1.5472018959409933e-5
1.5477876343355272e-5
1.5483369745964393e-5
1.548848169631672e-5
1.5493210356501602e-5
1.5497551448730227e-5
1.5501493348463525e-5
1.550503414997121e-5
1.550816709794561e-5
1.551088368297033e-5
1.5513180470469652e-5
1.5515049176692174e-5
1.5516481350912747e-5
1.551747076551178e-5
1.5518011668681913e-5
1.5518096271226355e-5
1.551771681251236e-5
1.5516866002837277e-5
1.551553709987424e-5
1.5513721131142934e-5
1.551140837950296e-5
1.5508594450204872e-5
1.550526974936348e-5
1.5501426744430296e-5
1.549705662487994e-5
1.549214534846842e-5
1.5486691663152365e-5
1.548068748889787e-5
1.5474114028368986e-5
1.5466970264935952e-5
1.545924871641507e-5
1.5450926817140608e-5
1.5442006522537077e-5
1.5432475556416638e-5
1.542231268319099e-5
1.541153143863457e-5
1.5400104030185414e-5
1.5388003364709806e-5
1.5375261603176588e-5
1.5361834671680124e-5
1.5347693967479656e-5
1.5332889766034588e-5
1.5317354804170977e-5
1.530107059839208e-5
1.528409854134562e-5
1.5266341421174748e-5
1.5247781274138566e-5
1.5228507279225477e-5
1.5208426203096111e-5
1.5187493880555392e-5
1.5165792608787053e-5
1.5143240043178714e-5
1.5119790006765144e-5
1.5095537251127689e-5
1.507038846661422e-5
1.5044272190315531e-5
1.5017304488448729e-5
1.4989410866324238e-5
1.496049551959395e-5
1.49306425201759e-5
1.4899806758733687e-5
1.4867937156950902e-5
1.4835072213137159e-5
1.4801139142636824e-5
1.4766115384944523e-5
1.4730034728142089e-5
1.469280361884815e-5
1.4654420167112949e-5
1.4614935615212148e-5
1.45742287701277e-5
1.4532295459945586e-5
1.4489189084958548e-5
1.444476337005262e-5
1.4399014802379566e-5
1.435200774989185e-5
1.4303608814648406e-5
1.4253826181992596e-5
1.4202685869482035e-5
1.4150052530516983e-5
1.409596119168821e-5
1.404039085663862e-5
1.3983198890017514e-5
1.3924490487107011e-5
1.3864195403905641e-5
1.3802127282554174e-5
1.3738426884781287e-5
1.3672938294368328e-5
1.3605647629828081e-5
1.3536653870954647e-5
1.3465570602361158e-5
1.3392605122754713e-5
1.3317806079561962e-5
1.3240744582045622e-5
1.3161643116498534e-5
1.30805257556057e-5
1.299697786032824e-5
1.2911213169549492e-5
1.2823204134986906e-5
1.2732557801150012e-5
1.2639482740889618e-5
1.254392584794835e-5
1.2445527604174461e-5
1.2344439714215257e-5
1.2240531075777091e-5
1.2133511835017226e-5
1.2023565676670802e-5
1.1910472110417994e-5
1.1793901787510977e-5
1.1674015630179671e-5
1.1550543278978409e-5
1.142327187117003e-5
1.1292263142299113e-5
1.115711806326844e-5
1.101779666247681e-5
1.087417593028802e-5
1.0725653424066543e-5
1.0572478267327443e-5
1.0414385155779126e-5
1.0250385899410132e-5
1.0081067219409779e-5
9.905835444821595e-6
9.723690084214186e-6
9.535206133510928e-6
9.339517679733631e-6
9.135553388477922e-6
8.923859232713172e-6
8.703095636642378e-6
8.472018763062646e-6
8.231085833076576e-6
7.978306968175756e-6
7.712011540811292e-6
7.432254520756894e-6
7.136285708285478e-6
6.8215329527560615e-6
6.486732291586343e-6
6.127418633731677e-6
5.738484665153955e-6
5.31469040912819e-6
4.845714271916339e-6
4.316795788147183e-6
3.7032093158315966e-6
2.950969279521358e-6
1.9035279546050367e-6
0.0
0.0
0.0
0.0
0.0
0.0
0.0
0.0
0.0
0.0
0.0
0.0
0.0
0.0
0.0
0.0
0.0
0.0
0.0
0.0
0.0
0.0
0.0
0.0
0.0
0.0
0.0
0.0
0.0
0.0
0.0
0.0
0.0
0.0
0.0
0.0
0.0
0.0
0.0
0.0
0.0
0.0
0.0
0.0
0.0
0.0
0.0
0.0
0.0
0.0
0.0
0.0
0.0
0.0
0.0
0.0
0.0
0.0
0.0
0.0
0.0
0.0
0.0
0.0
0.0
0.0
0.0
0.0
0.0
0.0
0.0
0.0
0.0
0.0
0.0
0.0
0.0
0.0
0.0
0.0
0.0
0.0
0.0
0.0
0.0
0.0
0.0
0.0
0.0
0.0
0.0
0.0
0.0
0.0
0.0
0.0
0.0
0.0
0.0
0.0
0.0
0.0
0.0
0.0
0.0
0.0
0.0
0.0
0.0
0.0
0.0
0.0
0.0
0.0
0.0
0.0
0.0
0.0
0.0
0.0
0.0
0.0
0.0
0.0
0.0
0.0
0.0
0.0
0.0
0.0
0.0
0.0
0.0
0.0
0.0
0.0
0.0
0.0
0.0
0.0
0.0
0.0
0.0
0.0
0.0
0.0
0.0
0.0
0.0
0.0
0.0
0.0
0.0
0.0
0.0
0.0
0.0
0.0
0.0
0.0
0.0
0.0
0.0
0.0
0.0
0.0
0.0
0.0
0.0
0.0
0.0
0.0
0.0
0.0
0.0
0.0
0.0
0.0
0.0
0.0
0.0
0.0
0.0
0.0
0.0
0.0
0.0
0.0
0.0
0.0
0.0
0.0
0.0
0.0
0.0
0.0
0.0
0.0
0.0
0.0
0.0
0.0
0.0
0.0
0.0
0.0
0.0
0.0
0.0
0.0
0.0
0.0
0.0
0.0
0.0
0.0
0.0
0.0
0.0
0.0
0.0
0.0
0.0
0.0
0.0
0.0
0.0
0.0
0.0
0.0
0.0
0.0
0.0
0.0
0.0
0.0
0.0
0.0
0.0
0.0
0.0
0.0
0.0
0.0
0.0
0.0
0.0
0.0
0.0
0.0
0.0
0.0
0.0
0.0
0.0
0.0
0.0
0.0
0.0
0.0
0.0
0.0
0.0
0.0
0.0
0.0
0.0
0.0
0.0
0.0
0.0
0.0
0.0
0.0
0.0
0.0
0.0
0.0
0.0
0.0
0.0
0.0
0.0
0.0
0.0
0.0
0.0
0.0
0.0
0.0
0.0
0.0
0.0
0.0
0.0
0.0
0.0
0.0
0.0
0.0
0.0
0.0
0.0
0.0
0.0
0.0
0.0
0.0
0.0
0.0
0.0
0.0
0.0
0.0
0.0
0.0
0.0
0.0
0.0
0.0
0.0
0.0
0.0
0.0
0.0
0.0
0.0
0.0
0.0
0.0
0.0
0.0
0.0
0.0
0.0
0.0
0.0
0.0
0.0
0.0
0.0
0.0
0.0
0.0
0.0
0.0
0.0
0.0
0.0
0.0
0.0
0.0
0.0
0.0
0.0
0.0
0.0
0.0
0.0
0.0
0.0
0.0
0.0
0.0
0.0
0.0
0.0
0.0
0.0
0.0
0.0
0.0
0.0
0.0
0.0
0.0
0.0
0.0
0.0
0.0
0.0
0.0
0.0
0.0
0.0
0.0
0.0
0.0
0.0
0.0
0.0
0.0
0.0
0.0
0.0
0.0
0.0
0.0
0.0
0.0
0.0
0.0
0.0
0.0
0.0
0.0
0.0
0.0
0.0
0.0
0.0
0.0
0.0
0.0
0.0
0.0
0.0
0.0
0.0
0.0
0.0
0.0
0.0
0.0
0.0
0.0
0.0
0.0
0.0
0.0
0.0
0.0
0.0
0.0
0.0
0.0
0.0
0.0
0.0
0.0
0.0
0.0
0.0
0.0
0.0
0.0
0.0
0.0
0.0
0.0
0.0
0.0
0.0
0.0
0.0
0.0
0.0
0.0
0.0
0.0
0.0
0.0
0.0
0.0
0.0
0.0
0.0
0.0
0.0
0.0
0.0
0.0
0.0
0.0
0.0
0.0
0.0
0.0
0.0
0.0
0.0
0.0
0.0
0.0
0.0
0.0
0.0
0.0
0.0
0.0
0.0
0.0
0.0
0.0
0.0
0.0
0.0
0.0
0.0
0.0
0.0
0.0
0.0
0.0
0.0
0.0
0.0
0.0
0.0
0.0
0.0
0.0
0.0
0.0
0.0
0.0
0.0
0.0
0.0
0.0
0.0
0.0
0.0
0.0
0.0
0.0
0.0
0.0
0.0
0.0
0.0
0.0
0.0
0.0
0.0
0.0
0.0
0.0
0.0
0.0
0.0
0.0
0.0
0.0
0.0
0.0
0.0
0.0
0.0
0.0
0.0
0.0
0.0
0.0
0.0
0.0
0.0
0.0
0.0
0.0
0.0
0.0
0.0
0.0
0.0
0.0
0.0
0.0
0.0
0.0
0.0
0.0
0.0
0.0
0.0
0.0
0.0
0.0
0.0
0.0
0.0
0.0
0.0
0.0
0.0
0.0
0.0
0.0
0.0
0.0
0.0
0.0
0.0
0.0
0.0
0.0
0.0
0.0
0.0
0.0
0.0
0.0
0.0
0.0
0.0
0.0
0.0
0.0
0.0
0.0
0.0
0.0
0.0
0.0
0.0
0.0
0.0
0.0
0.0
0.0
0.0
0.0
0.0
0.0
0.0
0.0
0.0
0.0
0.0
0.0
0.0
0.0
0.0
0.0
0.0
0.0
0.0
0.0
0.0
0.0
0.0
0.0
0.0
0.0
0.0
0.0
0.0
0.0
0.0
0.0
0.0
0.0
0.0
0.0
0.0
0.0
0.0
0.0
0.0
0.0
0.0
0.0
0.0
0.0
0.0
0.0
0.0
0.0
0.0
0.0
0.0
0.0
0.0
0.0
0.0
0.0
0.0
0.0
0.0
0.0
0.0
0.0
0.0
0.0
0.0
0.0
0.0
0.0
0.0
0.0
0.0
0.0
0.0
0.0
0.0
0.0
0.0
0.0
0.0
0.0
0.0
0.0
0.0
0.0
0.0
0.0
0.0
0.0
0.0
0.0
0.0
0.0
0.0
0.0
0.0
0.0
0.0
0.0
0.0
0.0
0.0
0.0
0.0
0.0
0.0
0.0
0.0
0.0
0.0
0.0
0.0
0.0
0.0
0.0
0.0
0.0
0.0
0.0
0.0
0.0
0.0
0.0
0.0
0.0
0.0
0.0
0.0
0.0
0.0
0.0
0.0
0.0
0.0
0.0
0.0
0.0
0.0
0.0
0.0
0.0
0.0
0.0
0.0
0.0
0.0
0.0
0.0
0.0
0.0
0.0
0.0
0.0
0.0
0.0
0.0
0.0
0.0
0.0
0.0
0.0
0.0
0.0
0.0
0.0
0.0
0.0
0.0
0.0
0.0
0.0
0.0
0.0
0.0
0.0
0.0
0.0
0.0
0.0
0.0
0.0
0.0
0.0
0.0
0.0
0.0
0.0
0.0
0.0
0.0
0.0
0.0
0.0
0.0
0.0
0.0
0.0
0.0
0.0
0.0
0.0
0.0
0.0
0.0
0.0
0.0
0.0
0.0
0.0
0.0
0.0
0.0
0.0
0.0
0.0
0.0
0.0
0.0
0.0
0.0
0.0
0.0
0.0
0.0
0.0
0.0
0.0
0.0
0.0
0.0
0.0
0.0
0.0
0.0
0.0
0.0
0.0
0.0
0.0
0.0
0.0
0.0
0.0
0.0
0.0
0.0
0.0
0.0
0.0
0.0
0.0
0.0
0.0
0.0
0.0
0.0
0.0
0.0
0.0
0.0
0.0
0.0
0.0
0.0
0.0
0.0
0.0
0.0
0.0
0.0
0.0
0.0
0.0
0.0
0.0
0.0
0.0
0.0
0.0
0.0
0.0
0.0
0.0
0.0
0.0
0.0
0.0
0.0
0.0
0.0
0.0
0.0
0.0
0.0
0.0
0.0
0.0
0.0
0.0
0.0
0.0
0.0
0.0
0.0
0.0
0.0
0.0
0.0
0.0
0.0
0.0
0.0
0.0
0.0
0.0
0.0
0.0
0.0
0.0
0.0
0.0
0.0
0.0
0.0
0.0
0.0
0.0
0.0
0.0
0.0
0.0
0.0
0.0
0.0
0.0
0.0
0.0
0.0
0.0
0.0
0.0
0.0
0.0
0.0
0.0
0.0
0.0
0.0
0.0
0.0
0.0
0.0
0.0
0.0
0.0
0.0
0.0
0.0
0.0
0.0
0.0
0.0
0.0
0.0
0.0
0.0
0.0
0.0
0.0
0.0
0.0
0.0
0.0
0.0
0.0
0.0
0.0
0.0
0.0
0.0
0.0
0.0
0.0
0.0
0.0
0.0
0.0
0.0
0.0
0.0
0.0
0.0
0.0
0.0
0.0
0.0
0.0
0.0
0.0
0.0
0.0
0.0
0.0
0.0
0.0
0.0
0.0
0.0
0.0
0.0
0.0
0.0
0.0
0.0
0.0
0.0
0.0
0.0
0.0
0.0
0.0
0.0
0.0
0.0
0.0
0.0
0.0
0.0
0.0
0.0
0.0
0.0
0.0
0.0
0.0
0.0
0.0
0.0
0.0
0.0
0.0
0.0
0.0
0.0
0.0
0.0
0.0
0.0
0.0
0.0
0.0
0.0
0.0
0.0
0.0
0.0
0.0
0.0
0.0
0.0
0.0
0.0
0.0
0.0
0.0
0.0
0.0
0.0
0.0
0.0
0.0
0.0
0.0
0.0
0.0
0.0
0.0
0.0
0.0
0.0
0.0
0.0
0.0
0.0
0.0
0.0
0.0
0.0
0.0
0.0
0.0
0.0
0.0
0.0
0.0
0.0
0.0
0.0
0.0
0.0
0.0
0.0
0.0
0.0
0.0
0.0
0.0
0.0
0.0
0.0
0.0
0.0
0.0
0.0
0.0
0.0
0.0
0.0
0.0
0.0
0.0
0.0
0.0
0.0
0.0
0.0
0.0
0.0
0.0
0.0
0.0
0.0
0.0
0.0
0.0
0.0
0.0
0.0
0.0
0.0
0.0
0.0
0.0
0.0
0.0
0.0
0.0
0.0
0.0
0.0
0.0
0.0
0.0
0.0
0.0
0.0
0.0
0.0
0.0
0.0
0.0
0.0
0.0
0.0
0.0
0.0
0.0
0.0
0.0
0.0
0.0
0.0
0.0
0.0
0.0
0.0
0.0
0.0
0.0
0.0
0.0
0.0
0.0
0.0
0.0
0.0
0.0
0.0
0.0
0.0
0.0
0.0
0.0
0.0
0.0
0.0
0.0
0.0
0.0
0.0
0.0
0.0
0.0
0.0
0.0
0.0
0.0
0.0
0.0
0.0
0.0
0.0
0.0
0.0
0.0
0.0
0.0
0.0
0.0
0.0
0.0
0.0
0.0
0.0
0.0
0.0
0.0
0.0
0.0
0.0
0.0
0.0
0.0
0.0
0.0
0.0
0.0
0.0
0.0
0.0
0.0
0.0
0.0
0.0
0.0
0.0
0.0
0.0
0.0
0.0
0.0
0.0
0.0
0.0
0.0
0.0
0.0
0.0
0.0
0.0
0.0
0.0
0.0
0.0
0.0
0.0
0.0
0.0
0.0
0.0
0.0
0.0
0.0
0.0
0.0
0.0
0.0
0.0
0.0
0.0
0.0
0.0
0.0
0.0
0.0
0.0
0.0
0.0
0.0
0.0
0.0
0.0
0.0
0.0
0.0
0.0
0.0
0.0
0.0
0.0
0.0
0.0
0.0
0.0
0.0
0.0
0.0
0.0
0.0
0.0
0.0
0.0
0.0
0.0
0.0
0.0
0.0
0.0
0.0
0.0
0.0
0.0
0.0
0.0
0.0
0.0
0.0
0.0
0.0
0.0
0.0
0.0
0.0
0.0
0.0
0.0
0.0
0.0
0.0
0.0
0.0
0.0
0.0
0.0
0.0
0.0
0.0
0.0
0.0
0.0
0.0
0.0
0.0
0.0
0.0
0.0
0.0
0.0
0.0
0.0
0.0
0.0
0.0
0.0
0.0
0.0
0.0
0.0
0.0
0.0
0.0
0.0
0.0
0.0
0.0
0.0
0.0
0.0
0.0
0.0
0.0
0.0
0.0
0.0
0.0
0.0
0.0
0.0
0.0
0.0
0.0
0.0
0.0
0.0
0.0
0.0
0.0
0.0
0.0
0.0
0.0
0.0
0.0
0.0
0.0
0.0
0.0
0.0
0.0
0.0
0.0
0.0
0.0
0.0
0.0
0.0
0.0
0.0
0.0
0.0
0.0
0.0
0.0
0.0
0.0
0.0
0.0
0.0
0.0
0.0
0.0
0.0
0.0
0.0
0.0
0.0
0.0
0.0
0.0
0.0
0.0
0.0
0.0
0.0
0.0
0.0
0.0
0.0
0.0
0.0
0.0
0.0
0.0
0.0
0.0
0.0
0.0
0.0
0.0
0.0
0.0
0.0
0.0
0.0
0.0
0.0
0.0
0.0
0.0
0.0
0.0
0.0
0.0
0.0
0.0
0.0
0.0
0.0
0.0
0.0
0.0
0.0
0.0
0.0
0.0
0.0
0.0
0.0
0.0
0.0
0.0
0.0
0.0
0.0
0.0
0.0
0.0
0.0
0.0
0.0
0.0
0.0
0.0
0.0
0.0
0.0
0.0
0.0
0.0
0.0
0.0
0.0
0.0
0.0
0.0
0.0
0.0
0.0
0.0
0.0
0.0
0.0
0.0
0.0
0.0
0.0
0.0
0.0
0.0
0.0
0.0
0.0
0.0
0.0
0.0
0.0
0.0
0.0
0.0
0.0
0.0
0.0
0.0
0.0
0.0
0.0
0.0
0.0
0.0
0.0
0.0
0.0
0.0
0.0
0.0
0.0
0.0
0.0
0.0
0.0
0.0
0.0
0.0
0.0
0.0
0.0
0.0
0.0
0.0
0.0
0.0
0.0
0.0
0.0
0.0
0.0
0.0
0.0
0.0
0.0
0.0
0.0
0.0
0.0
0.0
0.0
0.0
0.0
0.0
0.0
0.0
0.0
0.0
0.0
0.0
0.0
0.0
0.0
0.0
0.0
0.0
0.0
0.0
0.0
0.0
0.0
0.0
0.0
0.0
0.0
0.0
0.0
0.0
0.0
0.0
0.0
0.0
0.0
0.0
0.0
0.0
0.0
0.0
0.0
0.0
0.0
0.0
0.0
0.0
0.0
0.0
0.0
0.0
0.0
0.0
0.0
0.0
0.0
0.0
0.0
0.0
0.0
0.0
0.0
0.0
0.0
0.0
0.0
0.0
0.0
0.0
0.0
0.0
0.0
0.0
0.0
0.0
0.0
0.0
0.0
0.0
0.0
0.0
0.0
0.0
0.0
0.0
0.0
0.0
0.0
0.0
0.0
0.0
0.0
0.0
0.0
0.0
0.0
0.0
0.0
0.0
0.0
0.0
0.0
0.0
0.0
0.0
0.0
0.0
0.0
0.0
0.0
0.0
0.0
0.0
0.0
0.0
0.0
0.0
0.0
0.0
0.0
0.0
0.0
0.0
0.0
0.0
0.0
0.0
0.0
0.0
0.0
0.0
0.0
0.0
0.0
0.0
0.0
0.0
0.0
0.0
0.0
0.0
0.0
0.0
0.0
0.0
0.0
0.0
0.0
0.0
0.0
0.0
0.0
0.0
0.0
0.0
0.0
0.0
0.0
0.0
0.0
0.0
0.0
0.0
0.0
0.0
0.0
0.0
0.0
0.0
0.0
0.0
0.0
0.0
0.0
0.0
0.0
0.0
0.0
0.0
0.0
0.0
0.0
0.0
0.0
0.0
0.0
0.0
0.0
0.0
0.0
0.0
0.0
0.0
0.0
0.0
0.0
0.0
0.0
0.0
0.0
0.0
0.0
0.0
0.0
0.0
0.0
0.0
0.0
0.0
0.0
0.0
0.0
0.0
0.0
0.0
0.0
0.0
0.0
0.0
0.0
0.0
0.0
0.0
0.0
0.0
0.0
0.0
0.0
0.0
0.0
0.0
0.0
0.0
0.0
0.0
0.0
0.0
0.0
0.0
0.0
0.0
0.0
0.0
0.0
0.0
0.0
0.0
0.0
0.0
0.0
0.0
0.0
0.0
0.0
0.0
0.0
0.0
0.0
0.0
0.0
0.0
0.0
0.0
0.0
0.0
0.0
0.0
0.0
0.0
0.0
0.0
0.0
0.0
0.0
0.0
0.0
0.0
0.0
0.0
0.0
0.0
0.0
0.0
0.0
0.0
0.0
0.0
0.0
0.0
0.0
0.0
0.0
0.0
0.0
0.0
0.0
0.0
0.0
0.0
0.0
0.0
0.0
0.0
0.0
0.0
0.0
0.0
0.0
0.0
0.0
0.0
0.0
0.0
0.0
0.0
0.0
0.0
0.0
0.0
0.0
0.0
0.0
0.0
0.0
0.0
0.0
0.0
0.0
0.0
0.0
0.0
0.0
0.0
0.0
0.0
0.0
0.0
0.0
0.0
0.0
0.0
0.0
0.0
0.0
0.0
0.0
0.0
0.0
0.0
0.0
0.0
0.0
0.0
0.0
0.0
0.0
0.0
0.0
0.0
0.0
0.0
0.0
0.0
0.0
0.0
0.0
0.0
0.0
0.0
0.0
0.0
0.0
0.0
0.0
0.0
0.0
0.0
0.0
0.0
0.0
0.0
0.0
0.0
0.0
0.0
0.0
0.0
0.0
0.0
0.0
0.0
0.0
0.0
0.0
0.0
0.0
0.0
0.0
0.0
0.0
0.0
0.0
0.0
0.0
0.0
0.0
0.0
0.0
0.0
0.0
0.0
0.0
0.0
0.0
0.0
0.0
0.0
0.0
0.0
0.0
0.0
0.0
0.0
0.0
0.0
0.0
0.0
0.0
0.0
0.0
0.0
0.0
0.0
0.0
0.0
0.0
0.0
0.0
0.0
0.0
0.0
0.0
0.0
0.0
0.0
0.0
0.0
0.0
0.0
0.0
0.0
0.0
0.0
0.0
0.0
0.0
0.0
0.0
0.0
0.0
0.0
0.0
0.0
0.0
0.0
0.0
0.0
0.0
0.0
0.0
0.0
0.0
0.0
0.0
0.0
0.0
0.0
0.0
0.0
0.0
0.0
0.0
0.0
0.0
0.0
0.0
0.0
0.0
0.0
0.0
0.0
0.0
0.0
0.0
0.0
0.0
0.0
0.0
0.0
0.0
0.0
0.0
0.0
0.0
0.0
0.0
0.0
0.0
0.0
0.0
0.0
0.0
0.0
0.0
0.0
0.0
0.0
0.0
0.0
0.0
0.0
0.0
0.0
0.0
0.0
0.0
0.0
0.0
0.0
0.0
0.0
0.0
0.0
0.0
0.0
0.0
0.0
0.0
0.0
0.0
0.0
0.0
0.0
0.0
0.0
0.0
0.0
0.0
0.0
0.0
0.0
0.0
0.0
0.0
0.0
0.0
0.0
0.0
0.0
0.0
0.0
0.0
0.0
0.0
0.0
0.0
0.0
0.0
0.0
0.0
0.0
0.0
0.0
0.0
0.0
0.0
0.0
0.0
0.0
0.0
0.0
0.0
0.0
0.0
0.0
0.0
0.0
0.0
0.0
0.0
0.0
0.0
0.0
0.0
0.0
0.0
0.0
0.0
0.0
0.0
0.0
0.0
0.0
0.0
0.0
0.0
0.0
0.0
0.0
0.0
0.0
0.0
0.0
0.0
0.0
0.0
0.0
0.0
0.0
0.0
0.0
0.0
0.0
0.0
0.0
0.0
0.0
0.0
0.0
0.0
0.0
0.0
0.0
0.0
0.0
0.0
0.0
0.0
0.0
0.0
0.0
0.0
0.0
0.0
0.0
0.0
0.0
0.0
0.0
0.0
0.0
0.0
0.0
0.0
0.0
0.0
0.0
0.0
0.0
0.0
0.0
0.0
0.0
0.0
0.0
0.0
0.0
0.0
0.0
0.0
0.0
0.0
0.0
0.0
0.0
0.0
0.0
0.0
0.0
0.0
0.0
0.0
0.0
0.0
0.0
0.0
0.0
0.0
0.0
0.0
0.0
0.0
0.0
0.0
0.0
0.0
0.0
0.0
0.0
0.0
0.0
0.0
0.0
0.0
0.0
0.0
0.0
0.0
0.0
0.0
0.0
0.0
0.0
0.0
0.0
0.0
0.0
0.0
0.0
0.0
0.0
0.0
0.0
0.0
0.0
0.0
0.0
0.0
0.0
0.0
0.0
0.0
0.0
0.0
0.0
0.0
0.0
0.0
0.0
0.0
0.0
0.0
0.0
0.0
0.0
0.0
0.0
0.0
0.0
0.0
0.0
0.0
0.0
0.0
0.0
0.0
0.0
0.0
0.0
0.0
0.0
0.0
0.0
0.0
0.0
0.0
0.0
0.0
0.0
0.0
0.0
0.0
0.0
0.0
0.0
0.0
0.0
0.0
0.0
0.0
0.0
0.0
0.0
0.0
0.0
0.0
0.0
0.0
0.0
0.0
0.0
0.0
0.0
0.0
0.0
0.0
0.0
0.0
0.0
0.0
0.0
0.0
0.0
0.0
0.0
0.0
0.0
0.0
0.0
0.0
0.0
0.0
0.0
0.0
0.0
0.0
0.0
0.0
0.0
0.0
0.0
0.0
0.0
0.0
0.0
0.0
0.0
0.0
0.0
0.0
0.0
0.0
0.0
0.0
0.0
0.0
0.0
0.0
0.0
0.0
0.0
0.0
0.0
0.0
0.0
0.0
0.0
0.0
0.0
0.0
0.0
0.0
0.0
0.0
0.0
0.0
0.0
0.0
0.0
0.0
0.0
0.0
0.0
0.0
0.0
0.0
0.0
0.0
0.0
0.0
0.0
0.0
0.0
0.0
0.0
0.0
0.0
0.0
0.0
0.0
0.0
0.0
0.0
0.0
0.0
0.0
0.0
0.0
0.0
0.0
0.0
0.0
0.0
0.0
0.0
0.0
0.0
0.0
0.0
0.0
0.0
0.0
0.0
0.0
0.0
0.0
0.0
0.0
0.0
0.0
0.0
0.0
0.0
0.0
0.0
0.0
0.0
0.0
0.0
0.0
0.0
0.0
0.0
0.0
0.0
0.0
0.0
0.0
0.0
0.0
0.0
0.0
0.0
0.0
0.0
0.0
0.0
0.0
0.0
0.0
0.0
0.0
0.0
0.0
0.0
0.0
0.0
0.0
0.0
0.0
0.0
0.0
0.0
0.0
0.0
0.0
0.0
0.0
0.0
0.0
0.0
0.0
0.0
0.0
0.0
0.0
0.0
0.0
0.0
0.0
0.0
0.0
0.0
0.0
0.0
0.0
0.0
0.0
0.0
0.0
0.0
0.0
0.0
0.0
0.0
0.0
0.0
0.0
0.0
0.0
0.0
0.0
0.0
0.0
0.0
0.0
0.0
0.0
0.0
0.0
0.0
0.0
0.0
0.0
0.0
0.0
0.0
0.0
0.0
0.0
0.0
0.0
0.0
0.0
0.0
0.0
0.0
0.0
0.0
0.0
0.0
0.0
0.0
0.0
0.0
0.0
0.0
0.0
0.0
0.0
0.0
0.0
0.0
0.0
0.0
0.0
0.0
0.0
0.0
0.0
0.0
0.0
0.0
0.0
0.0
0.0
0.0
0.0
0.0
0.0
0.0
0.0
0.0
0.0
0.0
0.0
0.0
0.0
0.0
0.0
0.0
0.0
0.0
0.0
0.0
0.0
0.0
0.0
0.0
0.0
0.0
0.0
0.0
0.0
0.0
0.0
0.0
0.0
0.0
0.0
0.0
0.0
0.0
0.0
0.0
0.0
0.0
0.0
0.0
0.0
0.0
0.0
0.0
0.0
0.0
0.0
0.0
0.0
0.0
0.0
0.0
0.0
0.0
0.0
0.0
0.0
0.0
0.0
0.0
0.0
0.0
0.0
0.0
0.0
0.0
0.0
0.0
0.0
0.0
0.0
0.0
0.0
0.0
0.0
0.0
0.0
0.0
0.0
0.0
0.0
0.0
0.0
0.0
0.0
0.0
0.0
0.0
0.0
0.0
0.0
0.0
0.0
0.0
0.0
0.0
0.0
0.0
0.0
0.0
0.0
0.0
0.0
0.0
0.0
0.0
0.0
0.0
0.0
0.0
0.0
0.0
0.0
0.0
0.0
0.0
0.0
0.0
0.0
0.0
0.0
0.0
0.0
0.0
0.0
0.0
0.0
0.0
0.0
0.0
0.0
0.0
0.0
0.0
0.0
0.0
0.0
0.0
0.0
0.0
0.0
0.0
0.0
0.0
0.0
0.0
0.0
0.0
0.0
0.0
0.0
0.0
0.0
0.0
0.0
0.0
0.0
0.0
0.0
0.0
0.0
0.0
0.0
0.0
0.0
0.0
0.0
0.0
0.0
0.0
0.0
0.0
0.0
0.0
0.0
0.0
0.0
0.0
0.0
0.0
0.0
0.0
0.0
0.0
0.0
0.0
0.0
0.0
0.0
0.0
0.0
0.0
0.0
0.0
0.0
0.0
0.0
0.0
0.0
0.0
0.0
0.0
0.0
0.0
0.0
0.0
0.0
0.0
0.0
0.0
0.0
0.0
0.0
0.0
0.0
0.0
0.0
0.0
0.0
0.0
0.0
0.0
0.0
0.0
0.0
0.0
0.0
0.0
0.0
0.0
0.0
0.0
0.0
0.0
0.0
0.0
0.0
0.0
0.0
0.0
0.0
0.0
0.0
0.0
0.0
0.0
0.0
0.0
0.0
0.0
0.0
0.0
0.0
0.0
0.0
0.0
0.0
0.0
0.0
0.0
0.0
0.0
0.0
0.0
0.0
0.0
0.0
0.0
0.0
0.0
0.0
0.0
0.0
0.0
0.0
0.0
0.0
0.0
0.0
0.0
0.0
0.0
0.0
0.0
0.0
0.0
0.0
0.0
0.0
0.0
0.0
0.0
0.0
0.0
0.0
0.0
0.0
0.0
0.0
0.0
0.0
0.0
0.0
0.0
0.0
0.0
0.0
0.0
0.0
0.0
0.0
0.0
0.0
0.0
0.0
0.0
0.0
0.0
0.0
0.0
0.0
0.0
0.0
0.0
0.0
0.0
0.0
0.0
0.0
0.0
0.0
0.0
0.0
0.0
0.0
0.0
0.0
0.0
0.0
0.0
0.0
0.0
0.0
0.0
0.0
0.0
0.0
