0.0013295959538428396
0.0013296888527481055
0.0013297755255427585
0.0013298583980564582
0.001329937939939188
0.0013300134976010729
0.0013300870565897498
0.0013301583814924974
0.0013302276380981403
0.0013302952923707732
0.0013303606177778786
0.0013304248124838968
0.0013304880607661863
0.001330550422467947
0.0013306115632822902
0.001330670915489877
0.0013307297497641112
0.0013307880804079224
0.0013308458990714453
0.00133090316578324
0.0013309594827230226
0.0013310152017490223
0.0013310703064329781
0.0013311249241155358
0.0013311793036238928
0.0013312331301525936
0.0013312866716255274
0.0013313399381276317
0.0013313929049270732
0.0013314455546114493
0.0013314976813151576
0.0013315493323739183
0.0013316007999951837
0.0013316521186470872
0.0013317032948743442
0.0013317542930471086
0.0013318049291002507
0.0013318553853264013
0.0013319056578896223
0.0013319557892830583
0.0013320058398630632
0.0013320556176488743
0.0013321051241181427
0.0013321544726514927
0.0013322037117288836
0.0013322528511958759
0.0013323018255944905
0.0013323505779308407
0.0013323993040091047
0.0013324480153987044
0.001332496708226497
0.0013325453684671208
0.001332593933855353
0.0013326422135890002
0.0013326902918028877
0.0013327382525749987
0.0013327861572675428
0.001332834037326335
0.0013328818664088723
0.001332929631132586
0.0013329774140218304
0.0013330251940416673
0.0013330729439633155
0.0013331206379302268
0.0013331682106032952
0.001333215686305869
0.0013332631616503837
0.0013333106397426975
0.0013333581317480552
0.0013334056418736482
0.0013334530793075016
0.0013335003374056837
0.001333547597997593
0.0013335948799739238
0.0013336421792327167
0.0013336894806753692
0.00133373676237573
0.0013337839782406036
0.0013338312319296488
0.0013338784635586632
0.001333925692541685
0.0013339729561671462
0.0013340202553103067
0.0013340675252649368
0.0013341147893471217
0.0013341620569504496
0.0013342093273090937
0.0013342565752390851
0.001334303766497909
0.0013343509171312516
0.0013343980557523874
0.0013344452364405389
0.001334492459243928
0.0013345397271445558
0.0013345870443960317
0.0013346344118326317
0.00133468175215773
0.0013347290702417078
0.0013347763793992292
0.0013348236981401758
0.0013348710508664726
0.0013349184544262749
0.0013349659099563542
0.0013350133760811616
0.0013350608866688491
0.0013351084188005869
0.0013351559679820263
0.0013352035341967136
0.0013352511175654493
0.0013352987252710164
0.0013353462824717745
0.001335393853552498
0.0013354414709401193
0.0013354891406137286
0.0013355368557854295
0.00133558460569058
0.0013356323866927028
0.001335680195957057
0.001335728077097696
0.001335776027895284
0.0013358240401053342
0.0013358721074203939
0.0013359202262484958
0.0013359683951712433
0.0013360165690244749
0.0013360647305546887
0.001336112933256276
0.001336161185544415
0.0013362094940778029
0.0013362578614339198
0.0013363062829556472
0.0013363547433495307
0.0013364032137204425
0.001336451740120369
0.0013365002961835566
0.0013365488975461996
0.0013365975689102918
0.001336646322268757
0.0013366951520718637
0.0013367440390527731
0.0013367929833380538
0.001336842002980564
0.0013368910869085903
0.0013369402166100825
0.0013369893659393296
0.0013370385269188205
0.0013370877474615129
0.0013371370102289192
0.0013371863384746903
0.001337235750379433
0.0013372852387561343
0.0013373347978432705
0.001337384434798863
0.0013374341556385515
0.0013374839316350358
0.00133753371966609
0.0013375835443318743
0.0013376334647945808
0.0013376834527575121
0.001337733487156012
0.001337783569095635
0.0013378337159751688
0.0013378839425569307
0.0013379342152427772
0.0013379845260604781
0.0013380349173834922
0.0013380853801541362
0.0013381359246800125
0.001338186566004326
0.0013382372995083952
0.0013382881055309331
0.0013383390083606692
0.0013383899665507697
0.0013384409740505256
0.0013384920818421756
0.0013385432356342603
0.0013385944478327947
0.0013386457431847803
0.0013386971147025457
0.0013387485502858263
0.0013388000923896745
0.0013388516578917735
0.0013389033255218528
0.0013389550419347044
0.0013390068500728906
0.001339058739080344
0.001339110697607701
0.001339162725693239
0.0013392147999427386
0.0013392670272952233
0.0013393192696765797
0.0013393716228024442
0.001339424037917233
0.0013394765779834387
0.0013395292124677178
0.001339581931859836
0.0013396347602098121
0.001339687672279682
0.0013397406545110624
0.0013397936661095108
0.001339846769330703
0.001339899949474845
0.0013399532032487267
0.0013400065741438812
0.0013400600437935342
0.0013401136004481617
0.0013401672716388837
0.0013402210172291514
0.0013402748051462934
0.0013403286972082792
0.0013403826265144443
0.001340436677830574
0.0013404908070433139
0.0013405450121674537
0.0013405993196978154
0.001340653728927119
0.0013407082146226833
0.001340762793973614
0.0013408175097851134
0.0013408723055972002
0.0013409271405172925
0.0013409821117873729
0.0013410371526044933
0.001341092278420123
0.0013411475256042227
0.001341202891082271
0.001341258343612222
0.0013413138703303226
0.001341369502971217
0.0013414252288883048
0.0013414810199365928
0.001341536914396468
0.001341592974176611
0.0013416491139153083
0.0013417053378869089
0.0013417616733603901
0.0013418181102948811
0.0013418746463675297
0.0013419312908814
0.0013419880270078512
0.001342044876025395
0.0013421018147062838
0.0013421588016915625
0.001342215866931568
0.0013422730424812103
0.0013423303377284638
0.0013423877266626899
0.0013424452068755066
0.0013425028081291976
0.0013425604941933052
0.0013426183300877558
0.00134267626389509
0.001342734285669993
0.0013427924012980378
0.0013428506401816892
0.0013429090446114651
0.001342967548939662
0.0013430261382667318
0.001343084834607379
0.0013431436317685667
0.0013432025432770492
0.0013432615538958733
0.0013433206701078556
0.001343379870494619
0.0013434391721622871
0.0013434985832203512
0.0013435581208594961
0.001343617806396579
0.0013436775933647757
0.0013437374705804724
0.001343797473838399
0.0013438576045974686
0.0013439178241327347
0.0013439781332404146
0.0013440385768207135
0.0013440991854437095
0.0013441598708712316
0.0013442206488534134
0.0013442815084881389
0.0013443424870018597
0.0013444036056083064
0.0013444648490068848
0.0013445262009521481
0.0013445876735128609
0.0013446492803539326
0.0013447110059052003
0.0013447728733550226
0.001344834831222217
0.001344896868647362
0.0013449590485759117
0.001345021330882635
0.0013450837433280076
0.0013451462867632219
0.0013452089629949113
0.0013452717694521046
0.0013453346918793053
0.001345397733232936
0.0013454609150724875
0.0013455242246356266
0.0013455876364306815
0.0013456511724255016
0.0013457148411887626
0.0013457786132784718
0.0013458424978822013
0.0013459065257774745
0.0013459706747375672
0.0013460349478520124
0.0013460993446519492
0.0013461638595641979
0.0013462285026316077
0.0013462932755737883
0.0013463581747109312
0.0013464232444557187
0.0013464884737676439
0.001346553794532431
0.001346619202824366
0.0013466847219175439
0.0013467503753966876
0.0013468161570700929
0.0013468820521918483
0.0013469480698773291
0.0013470142642192295
0.0013470806072705635
0.0013471470757853716
0.001347213685355883
0.0013472804257823098
0.0013473472799967689
0.0013474142530226956
0.0013474813576452975
0.0013475485991371642
0.0013476159902037147
0.0013476835453284021
0.0013477512445810964
0.0013478190920396575
0.0013478870498929293
0.0013479551374549754
0.0013480233671737387
0.0013480917373702298
0.0013481602451734835
0.0013482288849020732
0.0013482976608557072
0.00134836658993757
0.0013484356673239889
0.0013485048693356158
0.0013485741835986887
0.0013486436221022842
0.0013487132229131275
0.0013487829935846557
0.0013488528972642208
0.0013489229351571167
0.0013489931037664836
0.0013490634117771362
0.0013491338588834225
0.0013492044412522952
0.0013492751564492184
0.0013493460260335583
0.001349417071727156
0.0013494882733570896
0.0013495595957236665
0.0013496310365522673
0.0013497026179739014
0.0013497743957404129
0.0013498463617633164
0.0013499184489598282
0.0013499906554045498
0.001350063005801622
0.0013501355051225325
0.0013502081642540083
0.0013502810048534064
0.0013503540025952502
0.0013504271390169381
0.0013505004162771453
0.0013505738382538113
0.0013506474027237061
0.00135072111023444
0.0013507949656433916
0.00135086897053917
0.0013509431240610193
0.0013510174235549968
0.0013510918955401189
0.0013511665658443523
0.0013512413999932544
0.0013513163757359961
0.0013513914922259165
0.0013514667482917376
0.001351542159689373
0.0013516177450484262
0.0013516935074247317
0.0013517694493330725
0.0013518455365042308
0.0013519217446412242
0.0013519980783674123
0.0013520745894717073
0.0013521512955358029
0.0013522281541984873
0.0013523051680174203
0.0013523823412561892
0.001352459678795703
0.0013525371839831974
0.0013526148475084528
0.0013526926511452735
0.0013527705935692733
0.0013528486564419117
0.0013529269807474509
0.0013530054709116072
0.0013530841131915313
0.001353162918910293
0.0013532419057329227
0.0013533210626517455
0.0013534003715226733
0.001353479822855192
0.0013535593903569014
0.0013536391457363939
0.001353719129563667
0.0013537992945359721
0.0013538796447633845
0.0013539601775262027
0.001354040876391189
0.0013541217258184472
0.0013542027165962213
0.0013542838443833783
0.0013543651506949781
0.0013544466982650025
0.001354528423211514
0.001354610316778483
0.0013546923864244146
0.0013547746197333586
0.0013548569989154863
0.0013549394839307465
0.001355022239609524
0.001355105230479475
0.0013551883919510534
0.0013552716926640883
0.001355355144962201
0.0013554387634751271
0.001355522524312262
0.0013556064277269399
0.001355690515616409
0.0013557748228791389
0.0013558593506951212
0.0013559440476277637
0.0013560288976340934
0.0013561138839347983
0.001356199012706056
0.001356284403749273
0.0013563700413588213
0.0013564558765057704
0.0013565418831540822
0.0013566280255029916
0.0013567143214247462
0.001356800780702349
0.0013568875428800178
0.0013569745117311192
0.0013570616605299245
0.0013571489741675226
0.001357236433972301
0.0013573239924385802
0.0013574117845275037
0.0013574998084296215
0.0013575880136156072
0.001357676430079334
0.0013577650499539565
0.001357853789436354
0.0013579427110223506
0.0013580319189764403
0.0013581212972091695
0.0013582108452403123
0.0013583005477135525
0.001358390385843365
0.0013584804448637789
0.0013585708388176739
0.0013586614184315448
0.0013587521691495552
0.0013588430827309605
0.0013589341421123768
0.001359025315672806
0.0013591167548720902
0.0013592084170183315
0.001359300332583935
0.0013593924530268333
0.0013594847024753721
0.0013595772039802457
0.0013596699215162706
0.0013597627957742102
0.0013598558300940815
0.0013599490994497013
0.0013600425819736554
0.0013601363157804511
0.0013602302481062602
0.0013603243423900226
0.0013604186054146663
0.001360512975161683
0.0013606075860555038
0.001360702552262344
0.0013607977066950757
0.0013608930582325123
0.0013609885746726552
0.001361084244302457
0.0013611801914197056
0.001361276296971641
0.0013613726686450037
0.0013614692363197796
0.0013615659195794813
0.0013616629598143916
0.0013617601824060838
0.0013618575436307957
0.001361955124503041
0.0013620528342028705
0.0013621509007109578
0.001362249178419461
0.0013623476673483143
0.0013624463214924436
0.0013625450918403612
0.001362644234715919
0.0013627436467858291
0.0013628432578362219
0.0013629430165946685
0.0013630428847878542
0.001363143051911622
0.0013632435179671892
0.0013633442053729663
0.0013634450438272684
0.001363546042516005
0.0013636473068278205
0.00136374877445428
0.0013638504282366694
0.0013639523117785037
0.0013640544722356399
0.0013641569629463072
0.0013642596336342712
0.00136436245534388
0.0013644654412331397
0.0013645686931407647
0.0013646722400598194
0.0013647760052087254
0.001364879936348683
0.0013649839654720148
0.001365088458211536
0.0013651931683873288
0.0013652980240434734
0.0013654029959073043
0.0013655081408395046
0.0013656136711655904
0.0013657194936207966
0.0013658255652566065
0.0013659317251123592
0.001366038278517838
0.00136614497121198
0.0013662518954149134
0.0013663590809579525
0.0013664665192362657
0.0013665742076781255
0.0013666820353550972
0.001366789994160491
0.0013668982315634501
0.0013670069010457873
0.0013671158657476519
0.0013672249819323926
0.0013673341530354495
0.0013674437042056487
0.00136755349645602
0.0013676635094361143
0.0013677736790361364
0.001367884090310098
0.001367994838051409
0.0013681058494924092
0.0013682169850682752
0.0013683283205362508
0.0013684399565144798
0.0013685519102115205
0.0013686641525842219
0.0013687766001996135
0.0013688892857610603
0.001369002178662769
0.0013691152767366386
0.0013692286356747564
0.0013693422819586862
0.0013694562232419462
0.001369570327337437
0.0013696846531334476
0.001369799313569968
0.0013699143384648634
0.0013700294861374695
0.001370144699279232
0.0013702601883824896
0.0013703761303162638
0.0013704923309279568
0.0013706087120997574
0.0013707252830645845
0.0013708422519954997
0.001370959440120577
0.0013710767874059973
0.0013711943931821577
0.0013713124288468321
0.0013714308036473868
0.001371549295638764
0.001371667964629599
0.001371786948678496
0.0013719062277600996
0.0013720257373746468
0.0013721454778952075
0.001372265419534771
0.0013723855381515427
0.0013725059921058272
0.001372626952544088
0.0013727481659685742
0.0013728694651540994
0.0013729908241969316
0.001373112745987887
0.0013732349289156023
0.001373357274326615
0.001373479740654345
0.0013736027150102594
0.0013737260415436316
0.0013738495239264245
0.0013739729957076418
0.0013740969151990051
0.0013742212339793761
0.0013743457645447384
0.0013744705052651763
0.001374595608187916
0.001374720991948569
0.0013748464438949873
0.0013749722480275452
0.0013750984767958688
0.0013752250001212087
0.0013753516664297496
0.0013754785799374788
0.0013756058577306552
0.0013757334429478553
0.0013758613019823787
0.0013759894370243676
0.0013761177838654715
0.0013762462626883793
0.0013763750997801908
0.001376504369127732
0.0013766338545583962
0.001376763510502532
0.0013768935915079187
0.0013770241869647763
0.0013771549154295403
0.001377285735251615
0.001377416870401785
0.0013775484221830712
0.0013776800830873855
0.001377811932285731
0.0013779443934172622
0.0013780771559718703
0.0013782100360566318
0.0013783430485205313
0.001378476464337215
0.0013786101943613603
0.0013787441962966548
0.0013788785828557886
0.0013790132684160543
0.0013791481355997484
0.0013792831295660964
0.0013794187761355101
0.0013795546906589836
0.0013796908904610227
0.0013798272025387329
0.0013799637995534793
0.0013801007750162272
0.0013802380877399136
0.001380375813037179
0.0013805135720437803
0.0013806516181819072
0.0013807901288025904
0.0013809290506870287
0.001381068037928294
0.001381207099451875
0.001381347012933853
0.0013814871104851593
0.0013816272133445296
0.0013817676097934578
0.0013819086382346063
0.001382049858797529
0.0013821909942981988
0.0013823329303469139
0.001382475200376595
0.0013826176091056928
0.0013827601055347366
0.001382903235977057
0.0013830465453797572
0.001383189941776421
0.0013833339040279075
0.0013834783627827683
0.001383622959143752
0.0013837678775160873
0.0013839129924914412
0.0013840583354441838
0.0013842039274687956
0.001384350166012511
0.0013844967287757928
0.0013846432451501006
0.001384790363251688
0.0013849377606944245
0.0013850855834606991
0.0013852335817297913
0.001385381868581022
0.0013855303483247083
0.001385679189163916
0.0013858286798719703
0.0013859782716336947
0.0013861280017291092
0.0013862783682374643
0.0013864291104728368
0.0013865797979283408
0.001386730787066102
0.0013868824251952227
0.0013870342806658177
0.0013871861159726183
0.0013873386890386986
0.001387491683787875
0.0013876447487528182
0.0013877981259215663
0.0013879520450657565
0.0013881062115126998
0.001388260444872402
0.0013884151913701312
0.0013885703152816786
0.0013887254932943888
0.0013888812696836574
0.0013890374105945675
0.0013891937455352262
0.0013893505005683658
0.0013895077033855598
0.001389665116083554
0.0013898226962640217
0.0013899807625284105
0.001390139184482706
0.0013902977746798031
0.0013904568447024204
0.0013906162036498473
0.0013907756746277524
0.0013909358801374864
0.0013910965318804523
0.0013912573440874611
0.0013914182737806927
0.0013915794529272862
0.0013917411446303317
0.001391903356484251
0.0013920659042500618
0.0013922285099218208
0.001392391383140493
0.001392555041293365
0.0013927188806977695
0.0013928826556254118
0.001393047336734489
0.00139321242068038
0.001393377397495355
0.0013935426390186635
0.001393708620572779
0.0013938748618406698
0.0013940412095135842
0.0013942082212743683
0.001394375582945495
0.0013945429265076199
0.0013947107779176118
0.0013948791730014139
0.0013950476255764701
0.0013952166065335568
0.0013953860894560415
0.0013955556548443503
0.0013957256365425715
0.00139589605625539
0.0013960667654299786
0.0013962377653509693
0.001396409206505931
0.0013965810162897892
0.001396753035657818
0.0013969255158344407
0.0013970983819149773
0.0013972714491018493
0.0013974450982618492
0.0013976190759028056
0.0013977931847437074
0.0013979678146147502
0.0013981427264629083
0.001398317852090026
0.0013984936566882183
0.0013986698540218723
0.0013988461591423315
0.0013990229312801324
0.0013992001092760417
0.0013993774640714848
0.0013995552269353876
0.0013997333943647733
0.0013999119219294002
0.001400091029776255
0.0014002704607547806
0.0014004498660909295
0.0014006296220870629
0.0014008103326333537
0.0014009911264711338
0.0014011717698357283
0.0014013534319598027
0.0014015355133437737
0.001401717315926475
0.0014018999645270477
0.0014020830583530487
0.00140226607189991
0.0014024498481373909
0.0014026341718765692
0.0014028183134124183
0.001403002880729348
0.0014031881203073787
0.0014033736319382835
0.001403559438401332
0.0014037458757292088
0.001403932426612881
0.001404119248899876
0.00140430668390938
0.0014044944685375187
0.001404682449453749
0.001404870869175457
0.001405059765040977
0.0014052488944634386
0.001405438527343153
0.0014056286185038036
0.0014058187281205167
0.0014060094954570898
0.0014062007155529303
0.0014063921015777653
0.0014065840687668752
0.0014067762563133408
0.0014069685957344047
0.0014071617045758272
0.0014073550729444188
0.00140754863171868
0.001407742881359922
0.0014079373101522252
0.0014081320148556296
0.001408327517843122
0.00140852317479575
0.0014087189361262787
0.0014089154696711708
0.0014091122140964996
0.0014093090789769108
0.0014095069009292043
0.0014097048334591378
0.0014099026996947249
0.0014101017248096712
0.0014103007421782069
0.001410499687712162
0.0014107001428652747
0.0014109002243544398
0.0014111000485216095
0.0014113017610519881
0.001411503437106617
0.0014117045906766475
0.0014119067206288646
0.00141210969217214
0.0014123121950221703
0.001412515253643151
0.0014127194073944031
0.0014129233651128136
0.0014131274957365743
0.001413332448174898
0.0014135377337733009
0.0014137432791351573
0.0014139493834347118
0.0014141554933479524
0.001414362106280964
0.001414569612684182
0.0014147771089095785
0.0014149848788256865
0.0014151933203714745
0.0014154020083252624
0.0014156110968482542
0.0014158206802262388
0.00141603048702506
0.001416240732311356
0.0014164514102747874
0.0014166623728745428
0.001416873878098738
0.0014170858456216341
0.0014172980725956764
0.0014175105370798882
0.001417723480018939
0.0014179369392672903
0.0014181507755389065
0.0014183649704155575
0.0014185794353243732
0.0014187943839083178
0.0014190099173916708
0.0014192256847988384
0.0014194418375015785
0.001419658335440873
0.0014198752091970487
0.001420092689963444
0.0014203104291811127
0.001420528429565997
0.0014207470300672675
0.0014209659380908606
0.0014211851153409834
0.0014214049144472384
0.0014216250080330067
0.001421845462019272
0.0014220665123432638
0.0014222876449313893
0.00142250923062783
0.0014227315486890523
0.0014229538107552694
0.0014231766090545507
0.0014234001849820772
0.0014236235687104834
0.0014238476126563595
0.0014240723641577066
0.0014242968236347383
0.0014245221193065532
0.0014247482545299403
0.00142497399642353
0.001425200308757964
0.001425427490414
0.0014256544943987432
0.0014258820476659472
0.0014261104291299097
0.0014263385728592742
0.0014265672310062557
0.0014267968669971448
0.0014270263109432155
0.0014272560805090974
0.001427486794418339
0.0014277176224978634
0.0014279487837600632
0.0014281805108717293
0.00142841238295268
0.0014286447749946513
0.001428877686506588
0.001429110754233603
0.0014293444395371774
0.0014295785977357762
0.0014298127848094485
0.0014300475820922633
0.0014302828571446076
0.0014305181769594317
0.0014307541970250371
0.0014309907714517393
0.0014312274273179581
0.0014314646930294456
0.0014317023711984506
0.001431940197760919
0.0014321786525777946
0.0014324174198782486
0.0014326564482069516
0.001432896189916709
0.0014331360469726578
0.0014333761651457114
0.0014336171158621568
0.001433858185479423
0.0014340998053855639
0.0014343418540349957
0.0014345838244235055
0.001434826892446688
0.0014350701567686897
0.0014353133058788187
0.001435557547404414
0.0014358019747065152
0.0014360463519269635
0.0014362917316457688
0.0014365372772080338
0.0014367828900046418
0.0014370294542363565
0.001437276181340741
0.0014375230180820036
0.0014377706680805307
0.0014380185147795
0.0014382666584481195
0.0014385155413073648
0.0014387644878469216
0.00143901375739139
0.0014392637982408238
0.0014395139849041386
0.0014397646044808704
0.0014400157831002383
0.0014402670932570376
0.0014405189800930289
0.0014407711753782215
0.0014410235597732601
0.0014412768067945155
0.0014415300933120492
0.0014417834735038148
0.0014420380664105586
0.0014422924818894467
0.0014425471488444665
0.0014428029570047647
0.0014430585205219553
0.0014433144322520677
0.0014435713901924223
0.0014438279843562141
0.0014440850792426661
0.0014443431991671355
0.0014446008727719162
0.0014448591786222727
0.001445118531432293
0.001445377486802787
0.0014456370212310103
0.0014458974319526078
0.0014461575428455537
0.0014464181608180163
0.0014466795522873434
0.0014469409041536114
0.0014472028085961337
0.0014474652323030414
0.0014477277719400245
0.0014479908982475845
0.0014482542751692619
0.0014485179610187128
0.0014487822486395688
0.0014490467772485336
0.0014493118066530657
0.0014495773265884382
0.0014498429069007065
0.0014501090752514552
0.0014503757662686911
0.0014506424109946802
0.0014509096562776483
0.0014511775350112873
0.001451445383756887
0.0014517136798815442
0.0014519825519326438
0.0014522516401607936
0.00145252110647208
0.0014527909840662226
0.001453061371591918
0.0014533321047193258
0.0014536028767393127
0.0014538745073213834
0.0014541463968139835
0.0014544182060117299
0.001454690935652682
0.0014549638359379552
0.0014552367634589596
0.0014555106927256025
0.001455784882919455
0.0014560589745472028
0.001456333827389184
0.0014566090560340513
0.001456884269583415
0.0014571601013776902
0.0014574364348502841
0.0014577130011486764
0.0014579900486780372
0.0014582672790593085
0.0014585450316282956
0.0014588231131933997
0.0014591011208948393
0.001459380178989709
0.001459659315811835
0.0014599384224223745
0.0014602185395935338
0.0014604987044237623
0.0014607791039615132
0.0014610601452754086
0.001461341369207863
0.001461623020001616
0.0014619051634107438
0.0014621874122339243
0.0014624701478329494
0.00146275331336827
0.0014630366179821175
0.0014633204904432589
0.001463604604769652
0.0014638889572886292
0.0014641739457075472
0.0014644589094341813
0.0014647443034002201
0.0014650306118798647
0.00146531667633176
0.001465603249667942
0.0014658904630982363
0.0014661774564434062
0.0014664650444542809
0.001466753109892711
0.0014670411619596793
0.0014673299443539467
0.0014676190111519952
0.001467908202750023
0.001468198129966882
0.001468488025301207
0.001468778178681944
0.0014690691739508203
0.0014693597678231793
0.0014696509880284462
0.0014699431230524472
0.0014702347497442512
0.0014705271782973095
0.001470820281172429
0.0014711127703060218
0.0014714062166337524
0.0014717001902875943
0.0014719935630347115
0.0014722881339378291
0.0014725831312197067
0.0014728775290963054
0.0014731730622259162
0.0014734688537044334
0.0014737643408382296
0.0014740608481286538
0.0014743571396348633
0.0014746539955763085
0.0014749514826317527
0.0014752485432707135
0.001475546517710161
0.0014758449677146556
0.0014761430159891847
0.0014764420117612735
0.0014767413157585044
0.0014770403972816399
0.0014773404789092514
0.0014776405779098967
0.0014779406310282753
0.0014782416402901203
0.0014785422886311643
0.0014788434757074195
0.0014791454446961881
0.0014794466286606807
0.0014797490924852545
0.0014800518084168476
0.0014803539770119564
0.0014806572705862034
0.0014809608158461037
0.0014812640908034521
0.0014815682128117463
0.001481872451148662
0.0014821767595273397
0.0014824816972971654
0.0014827867145706638
0.0014830921435831613
0.0014833977700171906
0.0014837034965574061
0.001484009976392962
0.0014843162723277535
0.0014846226841396105
0.0014849301866683214
0.0014852373716775604
0.001485544692685989
0.0014858529485798511
0.001486161036189809
0.0014864690455191276
0.0014867778623018405
0.0014870868703876867
0.0014873958741103057
0.0014877053672496178
0.0014880150896936749
0.0014883249815617918
0.0014886349395669956
0.0014889453609947922
0.0014892562590732479
0.0014895670191214072
0.0014898783144141634
0.0014901899995161917
0.001490501570047528
0.001490813599621
0.001491125829143756
0.0014914380409712096
0.0014917507799944545
0.0014920636440912667
0.001492376692248174
0.001492690250040926
0.0014930037105072625
0.0014933175771518288
0.0014936317675587343
0.0014939456887229498
0.0014942603389336356
0.001494575120982719
0.0014948898074305622
0.0014952050943405567
0.001495520364085499
0.0014958358779964503
0.0014961517939819494
0.0014964676013956419
0.0014967840037917947
0.0014971005009695305
0.001497416721861313
0.0014977338580986809
0.001498050847694252
0.0014983673269839887
0.0014986854721636303
0.0014990030283574892
0.00149932029177646
0.0014996389209576124
0.0014999568276470477
0.0015002748214183752
0.0015005938365771762
0.001500912197784098
0.0015012309485501686
0.0015015502770396268
0.0015018691201390255
0.001502188792853084
0.0015025084445680695
0.0015028274614173529
0.0015031481004842277
0.0015034680682058667
0.0015037877480493763
0.0015041087139440884
0.0015044288563395623
0.0015047490890916593
0.001505070262663657
0.0015053906510338955
0.0015057116912385608
0.0015060331838412388
0.0015063538849455788
0.001506675462356345
0.0015069970275036805
0.00150731808739598
0.0015076404383638133
0.0015079622571111243
0.0015082837941736678
0.0015086065512370087
0.0015089285923779391
0.0015092506417832495
0.0015095736811147407
0.0015098959864885643
0.0015102184634593243
0.0015105416294788655
0.0015108641970807443
0.0015111871737069937
0.0015115104033507102
0.0015118332153592048
0.0015121566211055582
0.0015124798869912102
0.0015128030685559709
0.0015131268475393471
0.0015134502223684673
0.0015137736835409694
0.001514097650866159
0.0015144211912632604
0.0015147451298452655
0.001515069264312133
0.0015153930286814347
0.0015157171987638237
0.0015160411725405585
0.0015163651698739994
0.0015166894333227046
0.0015170131506379804
0.0015173375973594175
0.001517662202218963
0.001517986141256956
0.001518310726857597
0.0015186353290371976
0.0015189592837344446
0.0015192838665570362
0.0015196083022805907
0.0015199323135501072
0.0015202569929314512
0.001520581170851063
0.0015209053010979286
0.0015212301915258767
0.0015215540535331463
0.0015218786065415667
0.0015222033096353208
0.0015225271687066176
0.0015228515411350716
0.0015231761377324684
0.0015235000249229568
0.0015238243179899955
0.0015241486632529939
0.001524472690464371
0.0015247968145894683
0.0015251207164617678
0.001525444767118318
0.0015257686268996809
0.0015260921279368247
0.0015264164270525943
0.0015267400505878585
0.0015270633932098865
0.0015273873340332263
0.0015277106970507637
0.0015280339302624834
0.0015283575435781145
0.00152868068762142
0.001529003776243413
0.0015293269672633392
0.0015296497714106995
0.0015299725173662936
0.0015302949896216908
0.001530617305675707
0.0015309398837296526
0.0015312621494611698
0.001531584351732644
0.001531906521857857
0.0015322283467368379
0.0015325501437831884
0.0015328717453347838
0.0015331930027346814
0.0015335143387707987
0.0015338353909018839
0.0015341561825249787
0.0015344770066743505
0.001534797191613614
0.0015351175263654852
0.001535437909479102
0.0015357575715484078
0.001536077495011548
0.0015363973065254846
0.0015367163417122705
0.0015370354675953374
0.0015373544657165314
0.0015376728908505614
0.0015379912843190265
0.001538309569786787
0.0015386274538967295
0.0015389448583877465
0.0015392622591522847
0.0015395795861514589
0.001539896123818228
0.0015402125897496226
0.001540529314995695
0.0015408450238995168
0.0015411608663871358
0.0015414766824926593
0.0015417913190211407
0.0015421063121930177
0.001542421095054733
0.001542734819769522
0.0015430490589871217
0.0015433626648907988
0.0015436753421734497
0.0015439887338352613
0.001544301053809217
0.0015446125898269899
0.0015449250807646362
0.001545236127015437
0.001545546863947028
0.00154585807152899
0.0015461680550427229
0.0015464780942583101
0.0015467878588136998
0.0015470964039222708
0.001547405355443366
0.001547713557006415
0.001548020975608951
0.0015483290714767876
0.0015486357482038357
0.0015489418237105831
0.0015492488267971048
0.0015495541427794058
0.0015498591926700006
0.0015501647085373672
0.0015504686250489214
0.0015507724526689188
0.0015510762821530262
0.0015513786913305462
0.0015516810664703263
0.0015519830919084301
0.0015522839899319726
0.0015525849153273962
0.0015528849823687337
0.0015531843524640154
0.0015534837178094666
0.0015537817796348692
0.0015540795620175528
0.0015543772313081784
0.0015546735206887173
0.0015549697030556161
0.0015552653758539522
0.0015555597430657782
0.0015558542440453314
0.001556147894594109
0.0015564403724620506
0.0015567330198420122
0.0015570245446719147
0.0015573152163437683
0.0015576058367201436
0.0015578948502412828
0.0015581837358069597
0.0015584722801974182
0.0015587591996144262
0.0015590459987826256
0.0015593322557779735
0.0015596169174150328
0.0015599012063806786
0.0015601846952912055
0.001560466960651416
0.0015607488569643383
0.001561029698467616
0.0015613097278397387
0.0015615891250444428
0.0015618672468861534
0.0015621452879206338
0.0015624220837627864
0.001562697442122243
0.0015629730819448743
0.0015632472551523643
0.0015635199161775
0.0015637929219414818
0.001564064288397746
0.001564334302102257
0.001564604374707167
0.0015648728466750392
0.0015651402353579688
0.0015654073322868252
0.0015656727561608344
0.0015659372468935413
0.0015662010944653972
0.0015664633536127892
0.001566725034505957
0.0015669857017616994
0.0015672449007022601
0.0015675034221965245
0.0015677608153316642
0.001568016825388207
0.0015682720133908142
0.0015685259479095712
0.001568778641583213
0.001569030431012834
0.0015692809187244554
0.0015695301456084049
0.001569778207454968
0.0015700250403526557
0.0015702707174204576
0.0015705149847807143
0.001570758245645811
0.0015710003813773383
0.0015712408099763358
0.0015714800258734853
0.0015717181031786335
0.0015719545441903022
0.001572189836825956
0.0015724238120292777
0.0015726561954382883
0.0015728874831917187
0.001573117272495617
0.0015733455258408254
0.0015735726260668885
0.0015737980750298393
0.001574022096251336
0.0015742447279869448
0.0015744654640364795
0.0015746851790427606
0.0015749032591748286
0.0015751194846105158
0.0015753345562865388
0.0015755478589146242
0.0015757593746436706
0.0015759697233278629
0.0015761781886907875
0.0015763848903832096
0.001576590274493147
0.001576793632641947
0.0015769953092971795
0.0015771955609054135
0.001577393648049364
0.0015775902114499001
0.0015777851334862953
0.001577977827200179
0.0015781693710966303
0.0015783589172165917
0.00157854635336275
0.001578732483812759
0.0015789165474584229
0.0015790983214657593
0.0015792785835754826
0.001579456759736815
0.0015796326238198602
0.0015798068260960223
0.001579978911078762
0.0015801487643311851
0.0015803167979657198
0.0015804825827361478
0.0015806461349498475
0.0015808076753862348
0.0015809669677057808
0.0015811241719568886
0.0015812791603296039
0.0015814318417737478
0.0015815823665097494
0.001581730497189576
0.0015818762488619819
0.0015820198000812851
0.0015821609235099911
0.0015822992125881302
0.0015824350875161116
0.0015825685101423987
0.0015826994087541565
0.001582827839178295
0.001582953779850026
0.0015830770880890554
0.001583197776351201
0.001583315965754191
0.0015834314472774715
0.0015835441139484998
0.001583654397734313
0.0015837618167149066
0.001583866352113616
0.0015839682928142054
0.0015840672057758497
0.0015841632276383975
0.0015842565912516672
0.0015843468204821698
0.001584434195982045
0.0015845187257506094
0.0015846000263044526
0.0015846784726332643
0.0015847538532314078
0.0015848259121029984
0.001584895059758857
0.001584960905094794
0.0015850233276376048
0.0015850827626084718
0.0015851388161573258
0.0015851914110236818
0.0015852409508419348
0.001585286955752588
0.00158532944082414
0.0015853687090671828
0.0015854043471416797
0.001585436405756093
0.0015854650300971415
0.0015854899538486906
0.001585511227311663
0.0015855289807055264
0.001585542961974638
0.0015855531856443677
0.0015855596201227817
0.0015855621940966446
0.0015855608881774452
0.001585555645150341
0.0015855464474614708
0.001585533201419213
0.0015855158719512575
0.001585494477624311
0.0015854690493840391
0.0015854398472579002
0.0015854064835887868
0.0015853686430528245
0.0015853265780120817
0.001585280183157655
0.0015852292097607418
0.0015851739138685703
0.001585114101808293
0.0015850495473015765
0.0015849805767637671
0.0015849069107295975
0.0015848283646332896
0.00158474527109067
0.001584657263476523
0.0015845642629520637
0.0015844665552413072
0.0015843637553466688
0.0015842558414898248
0.001584143039334133
0.0015840244751281294
0.0015839005796411943
0.001583771546324429
0.0015836371317253385
0.0015834973465517883
0.0015833521042597815
0.0015832013375955676
0.0015830452926207969
0.0015828832159691841
0.0015827154836309562
0.0015825424538132024
0.001582363053574606
0.00158217789306013
0.0015819874641163647
0.0015817900828743504
0.0015815867935637152
0.0015813785097980647
0.0015811623186690854
0.0015809402128291292
0.0015807130446294573
0.001580477936145559
0.0015802367736894845
0.0015799900298082412
0.0015797353069057136
0.001579474391329942
0.001579207430761673
0.0015789326320100453
0.0015786515218674704
0.0015783637561525264
0.001578068179844526
0.0015777661403042912
0.001577456780362209
0.0015771395401034936
0.0015768155885052739
0.0015764836509958421
0.001576144177837696
0.001575797764683487
0.001575442901185648
0.0015750807345339068
0.0015747114271069725
0.0015743333868289975
0.001573947816614727
0.0015735544179002873
0.0015731519688549605
0.001572741789882952
0.0015723233872658557
0.0015718957704256816
0.0015714600829473152
0.001571015494487724
0.001570561517501081
0.0015700995171197306
0.001569628328169961
0.0015691475440586793
0.0015686582973481137
0.0015681592751243954
0.0015676499005578832
0.00156713177402122
0.001566603368159705
0.0015660651186935218
0.001565517632544784
0.0015649593799973815
0.001564391326101619
0.0015638137743210908
0.0015632248174091024
0.0015626257782120326
0.0015620169246190843
0.0015613959696580042
0.0015607649394089348
0.0015601236071131135
0.0015594698876257615
0.0015588064176804402
0.0015581309824191742
0.0015574429979631212
0.001556745537142231
0.001556035840960637
0.001555313250074354
0.001554580525472592
0.0015538345273730222
0.0015530753388473303
0.001552306246597272
0.0015515229916893004
0.0015507263270484186
0.0015499196548871758
0.0015490985931237297
0.0015482638061871438
0.001547417701636288
0.001546556446249413
0.0015456819178571424
0.0015447957943037854
0.0015438935626568106
0.0015429777197510485
0.0015420497240475107
0.001541104980499362
0.0015401462177398837
0.0015391742364683672
0.0015381852375290436
0.0015371817532078896
0.00153616440977473
0.0015351298805113551
0.001534080533264776
0.0015330157933166803
0.0015319332274027551
0.0015308355559119824
0.0015297219607891231
0.0015285902735978104
0.0015274425216104987
0.001526278118192131
0.0015250958664737848
0.0015238965988001749
0.0015226800624242227
0.001521444967427068
0.0015201924173951656
0.0015189222729091265
0.0015176332448958994
0.0015163260584308174
0.0015149997053191212
0.0015136536849885641
0.001512289010172894
0.0015109046779494446
0.0015095004344932619
0.0015080756638746141
0.0015066306740981743
0.0015051662810522484
0.0015036803347870525
0.0015021738258197798
0.0015006473088311355
0.0014990978661745665
0.0014975274110844957
0.0014959354070521733
0.0014943187493093825
0.0014926815266345626
0.0014910216686715076
0.001489335940968884
0.0014876301327735513
0.001485900410979039
0.0014841426609058033
0.0014823646574383888
0.0014805603493570462
0.0014787252811707655
0.0014768717303986427
0.0014749930173333697
0.00147307973624614
0.0014711492220774289
0.0014691910026126082
0.0014671964961269445
0.0014651849639765017
0.001463144454191523
0.0014610659381991183
0.0014589684757885825
0.0014568447331098217
0.0014546811719033693
0.0014525012141490452
0.0014503020258820256
0.0014480710054204514
0.0014458264601306683
0.0014435614397895332
0.0014412624681059115
0.001438947046586146
0.0014366100166314814
0.001434240152784307
0.0014318545116564342
0.0014294457397277648
0.0014270013646745681
0.0014245409488349656
0.0014220565604298621
0.0014195336712426328
0.0014169939469272617
0.0014144281857146103
0.0014118227917116406
0.001409199200752712
0.0014065479025169732
0.001403857023895389
0.001401144619999217
0.001398403668307844
0.0013956234613393982
0.001392817564582828
0.0013899813284987122
0.0013871076913743174
0.0013842063506699523
0.0013812735464695286
0.001378301087933214
0.0013752961978693802
0.0013722586331341125
0.0013691820749953422
0.0013660725190351173
0.0013629277372586054
0.0013597409908130964
0.0013565194503841495
0.0013532606503807948
0.0013499577101586029
0.0013466181485506906
0.001343238444197833
0.001339813297445754
0.0013363507989272033
0.0013328442738688394
0.0013292878252069344
0.001325694966442757
0.0013220565911533735
0.001318363772274705
0.001314631907967576
0.001310850958985987
0.001307008570338621
0.0013031279813052134
0.0012991994921402728
0.0012952042882260063
0.0012911661937511617
0.0012870793172800909
0.0012829247780390919
0.0012787211786282058
0.0012744661933413249
0.0012701415563206014
0.0012657622912497714
0.0012613298008958876
0.0012568233781692021
0.0012522565819229562
0.0012476356697465887
0.0012429347772297656
0.001238170667498321
0.0012333472083713051
0.0012284388717107484
0.0012234677752955086
0.0012184295581809874
0.0012132984480784192
0.0012080995510763564
0.0012028283361403918
0.0011974639019633325
0.0011920239474617583
0.0011865035503127455
0.0011808873783947557
0.0011751888184701894
0.0011694030395417551
0.0011635150253174902
0.0011575380256214388
0.0011514684609872598
0.0011452912638882135
0.001139014010943013
0.0011326389477382792
0.0011261488064327953
0.0011195479303915366
0.0011128418590940102
0.001106007939681218
0.0010990551463829924
0.0010919904121642794
0.0010847888886951576
0.0010774575434018489
0.0010700027403603833
0.001062398287277556
0.00105464801206326
0.0010467640468671154
0.0010387194350457883
0.0010305145773799337
0.0010221638502048009
0.0010136368426621276
0.001004921975566006
0.0009960493001474773
0.000986989358181487
0.0009777233893090707
0.0009682794964621846
0.0009586117851486007
0.0009487291690421005
0.000938648362364264
0.0009283053760820428
0.0009177354879604009
0.0009069262642144318
0.0008958298029412162
0.0008844605725139907
0.0008728208826518615
0.0008608760362410996
0.0008485999292793718
0.0008360123611987309
0.00082308137934078
0.000809745764427884
0.0007960369436929345
0.0007819311438461573
0.0007673453163849188
0.0007523110288136215
0.0007368052692177398
0.0007207309467034197
0.000704088740585519
0.0006868560610692844
0.0006689096639882422
0.000650240005354894
0.0006308102883955623
0.000610456993493998
0.0005891261911664709
0.0005667328351082416
0.0005430674478907925
0.0005179951812394946
0.0004913224380612744
0.0004627166258832819
0.00043178496196487565
0.00039803082950997206
0.0003606075755019047
0.00031816089630193616
0.00026842465855723117
0.0002061351916458551
0.00011169491456313179
0.0
0.0
0.0
0.0
0.0
0.0
0.0
0.0
0.0
0.0
0.0
0.0
0.0
0.0
0.0
0.0
0.0
0.0
0.0
0.0
0.0
0.0
0.0
0.0
0.0
0.0
0.0
0.0
0.0
0.0
0.0
0.0
0.0
0.0
0.0
0.0
0.0
0.0
0.0
0.0
0.0
0.0
0.0
0.0
0.0
0.0
0.0
0.0
0.0
0.0
0.0
0.0
0.0
0.0
0.0
0.0
0.0
0.0
0.0
0.0
0.0
0.0
0.0
0.0
0.0
0.0
0.0
0.0
0.0
0.0
0.0
0.0
0.0
0.0
0.0
0.0
0.0
0.0
0.0
0.0
0.0
0.0
0.0
0.0
0.0
0.0
0.0
0.0
0.0
0.0
0.0
0.0
0.0
0.0
0.0
0.0
0.0
0.0
0.0
0.0
0.0
0.0
0.0
0.0
0.0
0.0
0.0
0.0
0.0
0.0
0.0
0.0
0.0
0.0
0.0
0.0
0.0
0.0
0.0
0.0
0.0
0.0
0.0
0.0
0.0
0.0
0.0
0.0
0.0
0.0
0.0
0.0
0.0
0.0
0.0
0.0
0.0
0.0
0.0
0.0
0.0
0.0
0.0
0.0
0.0
0.0
0.0
0.0
0.0
0.0
0.0
0.0
0.0
0.0
0.0
0.0
0.0
0.0
0.0
0.0
0.0
0.0
0.0
0.0
0.0
0.0
0.0
0.0
0.0
0.0
0.0
0.0
0.0
0.0
0.0
0.0
0.0
0.0
0.0
0.0
0.0
0.0
0.0
0.0
0.0
0.0
0.0
0.0
0.0
0.0
0.0
0.0
0.0
0.0
0.0
0.0
0.0
0.0
0.0
0.0
0.0
0.0
0.0
0.0
0.0
0.0
0.0
0.0
0.0
0.0
0.0
0.0
0.0
0.0
0.0
0.0
0.0
0.0
0.0
0.0
0.0
0.0
0.0
0.0
0.0
0.0
0.0
0.0
0.0
0.0
0.0
0.0
0.0
0.0
0.0
0.0
0.0
0.0
0.0
0.0
0.0
0.0
0.0
0.0
0.0
0.0
0.0
0.0
0.0
0.0
0.0
0.0
0.0
0.0
0.0
0.0
0.0
0.0
0.0
0.0
0.0
0.0
0.0
0.0
0.0
0.0
0.0
0.0
0.0
0.0
0.0
0.0
0.0
0.0
0.0
0.0
0.0
0.0
0.0
0.0
0.0
0.0
0.0
0.0
0.0
0.0
0.0
0.0
0.0
0.0
0.0
0.0
0.0
0.0
0.0
0.0
0.0
0.0
0.0
0.0
0.0
0.0
0.0
0.0
0.0
0.0
0.0
0.0
0.0
0.0
0.0
0.0
0.0
0.0
0.0
0.0
0.0
0.0
0.0
0.0
0.0
0.0
0.0
0.0
0.0
0.0
0.0
0.0
0.0
0.0
0.0
0.0
0.0
0.0
0.0
0.0
0.0
0.0
0.0
0.0
0.0
0.0
0.0
0.0
0.0
0.0
0.0
0.0
0.0
0.0
0.0
0.0
0.0
0.0
0.0
0.0
0.0
0.0
0.0
0.0
0.0
0.0
0.0
0.0
0.0
0.0
0.0
0.0
0.0
0.0
0.0
0.0
0.0
0.0
0.0
0.0
0.0
0.0
0.0
0.0
0.0
0.0
0.0
0.0
0.0
0.0
0.0
0.0
0.0
0.0
0.0
0.0
0.0
0.0
0.0
0.0
0.0
0.0
0.0
0.0
0.0
0.0
0.0
0.0
0.0
0.0
0.0
0.0
0.0
0.0
0.0
0.0
0.0
0.0
0.0
0.0
0.0
0.0
0.0
0.0
0.0
0.0
0.0
0.0
0.0
0.0
0.0
0.0
0.0
0.0
0.0
0.0
0.0
0.0
0.0
0.0
0.0
0.0
0.0
0.0
0.0
0.0
0.0
0.0
0.0
0.0
0.0
0.0
0.0
0.0
0.0
0.0
0.0
0.0
0.0
0.0
0.0
0.0
0.0
0.0
0.0
0.0
0.0
0.0
0.0
0.0
0.0
0.0
0.0
0.0
0.0
0.0
0.0
0.0
0.0
0.0
0.0
0.0
0.0
0.0
0.0
0.0
0.0
0.0
0.0
0.0
0.0
0.0
0.0
0.0
0.0
0.0
0.0
0.0
0.0
0.0
0.0
0.0
0.0
0.0
0.0
0.0
0.0
0.0
0.0
0.0
0.0
0.0
0.0
0.0
0.0
0.0
0.0
0.0
0.0
0.0
0.0
0.0
0.0
0.0
0.0
0.0
0.0
0.0
0.0
0.0
0.0
0.0
0.0
0.0
0.0
0.0
0.0
0.0
0.0
0.0
0.0
0.0
0.0
0.0
0.0
0.0
0.0
0.0
0.0
0.0
0.0
0.0
0.0
0.0
0.0
0.0
0.0
0.0
0.0
0.0
0.0
0.0
0.0
0.0
0.0
0.0
0.0
0.0
0.0
0.0
0.0
0.0
0.0
0.0
0.0
0.0
0.0
0.0
0.0
0.0
0.0
0.0
0.0
0.0
0.0
0.0
0.0
0.0
0.0
0.0
0.0
0.0
0.0
0.0
0.0
0.0
0.0
0.0
0.0
0.0
0.0
0.0
0.0
0.0
0.0
0.0
0.0
0.0
0.0
0.0
0.0
0.0
0.0
0.0
0.0
0.0
0.0
0.0
0.0
0.0
0.0
0.0
0.0
0.0
0.0
0.0
0.0
0.0
0.0
0.0
0.0
0.0
0.0
0.0
0.0
0.0
0.0
0.0
0.0
0.0
0.0
0.0
0.0
0.0
0.0
0.0
0.0
0.0
0.0
0.0
0.0
0.0
0.0
0.0
0.0
0.0
0.0
0.0
0.0
0.0
0.0
0.0
0.0
0.0
0.0
0.0
0.0
0.0
0.0
0.0
0.0
0.0
0.0
0.0
0.0
0.0
0.0
0.0
0.0
0.0
0.0
0.0
0.0
0.0
0.0
0.0
0.0
0.0
0.0
0.0
0.0
0.0
0.0
0.0
0.0
0.0
0.0
0.0
0.0
0.0
0.0
0.0
0.0
0.0
0.0
0.0
0.0
0.0
0.0
0.0
0.0
0.0
0.0
0.0
0.0
0.0
0.0
0.0
0.0
0.0
0.0
0.0
0.0
0.0
0.0
0.0
0.0
0.0
0.0
0.0
0.0
0.0
0.0
0.0
0.0
0.0
0.0
0.0
0.0
0.0
0.0
0.0
0.0
0.0
0.0
0.0
0.0
0.0
0.0
0.0
0.0
0.0
0.0
0.0
0.0
0.0
0.0
0.0
0.0
0.0
0.0
0.0
0.0
0.0
0.0
0.0
0.0
0.0
0.0
0.0
0.0
0.0
0.0
0.0
0.0
0.0
0.0
0.0
0.0
0.0
0.0
0.0
0.0
0.0
0.0
0.0
0.0
0.0
0.0
0.0
0.0
0.0
0.0
0.0
0.0
0.0
0.0
0.0
0.0
0.0
0.0
0.0
0.0
0.0
0.0
0.0
0.0
0.0
0.0
0.0
0.0
0.0
0.0
0.0
0.0
0.0
0.0
0.0
0.0
0.0
0.0
0.0
0.0
0.0
0.0
0.0
0.0
0.0
0.0
0.0
0.0
0.0
0.0
0.0
0.0
0.0
0.0
0.0
0.0
0.0
0.0
0.0
0.0
0.0
0.0
0.0
0.0
0.0
0.0
0.0
0.0
0.0
0.0
0.0
0.0
0.0
0.0
0.0
0.0
0.0
0.0
0.0
0.0
0.0
0.0
0.0
0.0
0.0
0.0
0.0
0.0
0.0
0.0
0.0
0.0
0.0
0.0
0.0
0.0
0.0
0.0
0.0
0.0
0.0
0.0
0.0
0.0
0.0
0.0
0.0
0.0
0.0
0.0
0.0
0.0
0.0
0.0
0.0
0.0
0.0
0.0
0.0
0.0
0.0
0.0
0.0
0.0
0.0
0.0
0.0
0.0
0.0
0.0
0.0
0.0
0.0
0.0
0.0
0.0
0.0
0.0
0.0
0.0
0.0
0.0
0.0
0.0
0.0
0.0
0.0
0.0
0.0
0.0
0.0
0.0
0.0
0.0
0.0
0.0
0.0
0.0
0.0
0.0
0.0
0.0
0.0
0.0
0.0
0.0
0.0
0.0
0.0
0.0
0.0
0.0
0.0
0.0
0.0
0.0
0.0
0.0
0.0
0.0
0.0
0.0
0.0
0.0
0.0
0.0
0.0
0.0
0.0
0.0
0.0
0.0
0.0
0.0
0.0
0.0
0.0
0.0
0.0
0.0
0.0
0.0
0.0
0.0
0.0
0.0
0.0
0.0
0.0
0.0
0.0
0.0
0.0
0.0
0.0
0.0
0.0
0.0
0.0
0.0
0.0
0.0
0.0
0.0
0.0
0.0
0.0
0.0
0.0
0.0
0.0
0.0
0.0
0.0
0.0
0.0
0.0
0.0
0.0
0.0
0.0
0.0
0.0
0.0
0.0
0.0
0.0
0.0
0.0
0.0
0.0
0.0
0.0
0.0
0.0
0.0
0.0
0.0
0.0
0.0
0.0
0.0
0.0
0.0
0.0
0.0
0.0
0.0
0.0
0.0
0.0
0.0
0.0
0.0
0.0
0.0
0.0
0.0
0.0
0.0
0.0
0.0
0.0
0.0
0.0
0.0
0.0
0.0
0.0
0.0
0.0
0.0
0.0
0.0
0.0
0.0
0.0
0.0
0.0
0.0
0.0
0.0
0.0
0.0
0.0
0.0
0.0
0.0
0.0
0.0
0.0
0.0
0.0
0.0
0.0
0.0
0.0
0.0
0.0
0.0
0.0
0.0
0.0
0.0
0.0
0.0
0.0
0.0
0.0
0.0
0.0
0.0
0.0
0.0
0.0
0.0
0.0
0.0
0.0
0.0
0.0
0.0
0.0
0.0
0.0
0.0
0.0
0.0
0.0
0.0
0.0
0.0
0.0
0.0
0.0
0.0
0.0
0.0
0.0
0.0
0.0
0.0
0.0
0.0
0.0
0.0
0.0
0.0
0.0
0.0
0.0
0.0
0.0
0.0
0.0
0.0
0.0
0.0
0.0
0.0
0.0
0.0
0.0
0.0
0.0
0.0
0.0
0.0
0.0
0.0
0.0
0.0
0.0
0.0
0.0
0.0
0.0
0.0
0.0
0.0
0.0
0.0
0.0
0.0
0.0
0.0
0.0
0.0
0.0
0.0
0.0
0.0
0.0
0.0
0.0
0.0
0.0
0.0
0.0
0.0
0.0
0.0
0.0
0.0
0.0
0.0
0.0
0.0
0.0
0.0
0.0
0.0
0.0
0.0
0.0
0.0
0.0
0.0
0.0
0.0
0.0
0.0
0.0
0.0
0.0
0.0
0.0
0.0
0.0
0.0
0.0
0.0
0.0
0.0
0.0
0.0
0.0
0.0
0.0
0.0
0.0
0.0
0.0
0.0
0.0
0.0
0.0
0.0
0.0
0.0
0.0
0.0
0.0
0.0
0.0
0.0
0.0
0.0
0.0
0.0
0.0
0.0
0.0
0.0
0.0
0.0
0.0
0.0
0.0
0.0
0.0
0.0
0.0
0.0
0.0
0.0
0.0
0.0
0.0
0.0
0.0
0.0
0.0
0.0
0.0
0.0
0.0
0.0
0.0
0.0
0.0
0.0
0.0
0.0
0.0
0.0
0.0
0.0
0.0
0.0
0.0
0.0
0.0
0.0
0.0
0.0
0.0
0.0
0.0
0.0
0.0
0.0
0.0
0.0
0.0
0.0
0.0
0.0
0.0
0.0
0.0
0.0
0.0
0.0
0.0
0.0
0.0
0.0
0.0
0.0
0.0
0.0
0.0
0.0
0.0
0.0
0.0
0.0
0.0
0.0
0.0
0.0
0.0
0.0
0.0
0.0
0.0
0.0
0.0
0.0
0.0
0.0
0.0
0.0
0.0
0.0
0.0
0.0
0.0
0.0
0.0
0.0
0.0
0.0
0.0
0.0
0.0
0.0
0.0
0.0
0.0
0.0
0.0
0.0
0.0
0.0
0.0
0.0
0.0
0.0
0.0
0.0
0.0
0.0
0.0
0.0
0.0
0.0
0.0
0.0
0.0
0.0
0.0
0.0
0.0
0.0
0.0
0.0
0.0
0.0
0.0
0.0
0.0
0.0
0.0
0.0
0.0
0.0
0.0
0.0
0.0
0.0
0.0
0.0
0.0
0.0
0.0
0.0
0.0
0.0
0.0
0.0
0.0
0.0
0.0
0.0
0.0
0.0
0.0
0.0
0.0
0.0
0.0
0.0
0.0
0.0
0.0
0.0
0.0
0.0
0.0
0.0
0.0
0.0
0.0
0.0
0.0
0.0
0.0
0.0
0.0
0.0
0.0
0.0
0.0
0.0
0.0
0.0
0.0
0.0
0.0
0.0
0.0
0.0
0.0
0.0
0.0
0.0
0.0
0.0
0.0
0.0
0.0
0.0
0.0
0.0
0.0
0.0
0.0
0.0
0.0
0.0
0.0
0.0
0.0
0.0
0.0
0.0
0.0
0.0
0.0
0.0
0.0
0.0
0.0
0.0
0.0
0.0
0.0
0.0
0.0
0.0
0.0
0.0
0.0
0.0
0.0
0.0
0.0
0.0
0.0
0.0
0.0
0.0
0.0
0.0
0.0
0.0
0.0
0.0
0.0
0.0
0.0
0.0
0.0
0.0
0.0
0.0
0.0
0.0
0.0
0.0
0.0
0.0
0.0
0.0
0.0
0.0
0.0
0.0
0.0
0.0
0.0
0.0
0.0
0.0
0.0
0.0
0.0
0.0
0.0
0.0
0.0
0.0
0.0
0.0
0.0
0.0
0.0
0.0
0.0
0.0
0.0
0.0
0.0
0.0
0.0
0.0
0.0
0.0
0.0
0.0
0.0
0.0
0.0
0.0
0.0
0.0
0.0
0.0
0.0
0.0
0.0
0.0
0.0
0.0
0.0
0.0
0.0
0.0
0.0
0.0
0.0
0.0
0.0
0.0
0.0
0.0
0.0
0.0
0.0
0.0
0.0
0.0
0.0
0.0
0.0
0.0
0.0
0.0
0.0
0.0
0.0
0.0
0.0
0.0
0.0
0.0
0.0
0.0
0.0
0.0
0.0
0.0
0.0
0.0
0.0
0.0
0.0
0.0
0.0
0.0
0.0
0.0
0.0
0.0
0.0
0.0
0.0
0.0
0.0
0.0
0.0
0.0
0.0
0.0
0.0
0.0
0.0
0.0
0.0
0.0
0.0
0.0
0.0
0.0
0.0
0.0
0.0
0.0
0.0
0.0
0.0
0.0
0.0
0.0
0.0
0.0
0.0
0.0
0.0
0.0
0.0
0.0
0.0
0.0
0.0
0.0
0.0
0.0
0.0
0.0
0.0
0.0
0.0
0.0
0.0
0.0
0.0
0.0
0.0
0.0
0.0
0.0
0.0
0.0
0.0
0.0
0.0
0.0
0.0
0.0
0.0
0.0
0.0
0.0
0.0
0.0
0.0
0.0
0.0
0.0
0.0
0.0
0.0
0.0
0.0
0.0
0.0
0.0
0.0
0.0
0.0
0.0
0.0
0.0
0.0
0.0
0.0
0.0
0.0
0.0
0.0
0.0
0.0
0.0
0.0
0.0
0.0
0.0
0.0
0.0
0.0
0.0
0.0
0.0
0.0
0.0
0.0
0.0
0.0
0.0
0.0
0.0
0.0
0.0
0.0
0.0
0.0
0.0
0.0
0.0
0.0
0.0
0.0
0.0
0.0
0.0
0.0
0.0
0.0
0.0
0.0
0.0
0.0
0.0
0.0
0.0
0.0
0.0
0.0
0.0
0.0
0.0
0.0
0.0
0.0
0.0
0.0
0.0
0.0
0.0
0.0
0.0
0.0
0.0
0.0
0.0
0.0
0.0
0.0
0.0
0.0
0.0
0.0
0.0
0.0
0.0
0.0
0.0
0.0
0.0
0.0
0.0
0.0
0.0
0.0
0.0
0.0
0.0
0.0
0.0
0.0
0.0
0.0
0.0
0.0
0.0
0.0
0.0
0.0
0.0
0.0
0.0
0.0
0.0
0.0
0.0
0.0
0.0
0.0
0.0
0.0
0.0
0.0
0.0
0.0
0.0
0.0
0.0
0.0
0.0
0.0
0.0
0.0
0.0
0.0
0.0
0.0
0.0
0.0
0.0
0.0
0.0
0.0
0.0
0.0
0.0
0.0
0.0
0.0
0.0
0.0
0.0
0.0
0.0
0.0
0.0
0.0
0.0
0.0
0.0
0.0
0.0
0.0
0.0
0.0
0.0
0.0
0.0
0.0
0.0
0.0
0.0
0.0
0.0
0.0
0.0
0.0
0.0
0.0
0.0
0.0
0.0
0.0
0.0
0.0
0.0
0.0
0.0
0.0
0.0
0.0
0.0
0.0
0.0
0.0
0.0
0.0
0.0
0.0
0.0
0.0
0.0
0.0
0.0
0.0
0.0
0.0
0.0
0.0
0.0
0.0
0.0
0.0
0.0
0.0
0.0
0.0
0.0
0.0
0.0
0.0
0.0
0.0
0.0
0.0
0.0
0.0
0.0
0.0
0.0
0.0
0.0
0.0
0.0
0.0
0.0
0.0
0.0
0.0
0.0
0.0
0.0
0.0
0.0
0.0
0.0
0.0
0.0
0.0
0.0
0.0
0.0
0.0
0.0
0.0
0.0
0.0
0.0
0.0
0.0
0.0
0.0
0.0
0.0
0.0
0.0
0.0
0.0
0.0
0.0
0.0
0.0
0.0
0.0
0.0
0.0
0.0
0.0
0.0
0.0
0.0
0.0
0.0
0.0
0.0
0.0
0.0
0.0
0.0
0.0
0.0
0.0
0.0
0.0
0.0
0.0
0.0
0.0
0.0
0.0
0.0
0.0
0.0
0.0
0.0
0.0
0.0
0.0
0.0
0.0
0.0
0.0
0.0
0.0
0.0
0.0
0.0
0.0
0.0
0.0
0.0
0.0
0.0
0.0
0.0
0.0
0.0
0.0
0.0
0.0
0.0
0.0
0.0
0.0
0.0
0.0
0.0
0.0
0.0
0.0
0.0
0.0
0.0
0.0
0.0
0.0
0.0
0.0
0.0
0.0
0.0
0.0
0.0
0.0
0.0
0.0
0.0
0.0
0.0
0.0
0.0
0.0
0.0
0.0
0.0
0.0
0.0
0.0
0.0
0.0
0.0
0.0
0.0
0.0
0.0
0.0
0.0
0.0
0.0
0.0
0.0
0.0
0.0
0.0
0.0
0.0
0.0
0.0
0.0
0.0
0.0
0.0
0.0
0.0
0.0
0.0
0.0
0.0
0.0
0.0
0.0
0.0
0.0
0.0
0.0
0.0
0.0
0.0
0.0
0.0
0.0
0.0
0.0
0.0
0.0
0.0
0.0
0.0
0.0
0.0
0.0
0.0
0.0
0.0
0.0
0.0
0.0
0.0
0.0
0.0
0.0
0.0
0.0
0.0
0.0
0.0
0.0
0.0
0.0
0.0
0.0
0.0
0.0
