0.0065275523311045585
0.006527620754840303
0.006527684488522602
0.006527745335240785
0.006527803657747574
0.006527858994255708
0.006527912812591589
0.006527964948352494
0.006528015530400595
0.006528064905112673
0.006528112547996252
0.006528159338023787
0.006528205411931056
0.006528250815311461
0.006528295307016323
0.0065283384771864916
0.00652838125269519
0.006528423644654246
0.0065284656477301636
0.006528507233686225
0.006528548114827008
0.006528588547932092
0.00652862852198747
0.0065286681301818415
0.006528707553439234
0.0065287465639737845
0.006528785356552292
0.00652882393878264
0.006528862293067044
0.00652890040715477
0.006528938132523195
0.006528975504093999
0.006529012733718295
0.006529049846467621
0.006529086847186954
0.006529123710250911
0.006529160302887001
0.006529196757160726
0.006529233070477562
0.00652926927369208
0.006529305410487975
0.006529341342407349
0.006529377070821549
0.006529412677798452
0.00652944819844854
0.006529483639965444
0.0065295189552560095
0.006529554103416252
0.006529589225754627
0.006529624330608523
0.006529659415182385
0.006529694469379619
0.006529729448395378
0.006529764214987015
0.006529798830011815
0.0065298333541770615
0.006529867831744631
0.006529902285383873
0.006529936696169471
0.006529971054527905
0.00653000541985098
0.006530039776998941
0.006530074106407026
0.006530108389530458
0.006530142579490365
0.006530176693885433
0.006530210802202935
0.006530244906678849
0.006530279015334461
0.006530313131184904
0.006530347189048592
0.006530381112483623
0.006530415032128383
0.006530448961542796
0.0065304828977776706
0.0065305168300031965
0.00653055074251174
0.006530584602294673
0.006530618483728432
0.006530652343879086
0.006530686196695607
0.006530720068912604
0.006530753961144644
0.006530787827037372
0.0065308216833339025
0.006530855536785711
0.006530889386862866
0.00653092321555954
0.00653095699841268
0.006530990746975094
0.0065310244817749765
0.006531058241528378
0.0065310920262565235
0.006531125838079228
0.006531159680023238
0.006531193552667842
0.006531227400746616
0.006531261227789007
0.006531295043353444
0.006531328860697449
0.006531362697270344
0.006531396565103836
0.006531430464994189
0.006531464367382881
0.006531498296467705
0.006531532235880382
0.006531566182423709
0.006531600136100619
0.006531634097011696
0.006531668070296173
0.006531702002579595
0.00653173593984953
0.006531769905246667
0.006531803903026229
0.006531837928337279
0.006531871973500867
0.006531906035927588
0.0065319401136032665
0.006531974237609642
0.0065320084063399545
0.006532042613898554
0.006532076855776893
0.006532111129405761
0.006532145433766793
0.006532179736702994
0.006532214025961984
0.006532248339654585
0.0065322826837690955
0.006532317063036956
0.006532351479281246
0.0065323859291773045
0.006532420401840506
0.006532454876728477
0.006532489386607122
0.006532523912725009
0.006532558466206453
0.0065325930646050615
0.006532627716423671
0.006532662417691738
0.006532697154699615
0.006532731927528887
0.006532766748990955
0.006532801611203121
0.006532836501009104
0.006532871399849938
0.006532906302083412
0.0065329412417377145
0.0065329762065006475
0.006533011212873875
0.006533046273740885
0.006533081383978349
0.006533116539479638
0.0065331517453041865
0.006533187005695879
0.00653322230026533
0.006533257598444504
0.006533292917693773
0.0065333282999434925
0.006533363725112945
0.0065333991782677995
0.006533434660193683
0.006533470183214188
0.006533505757772348
0.006533541360059988
0.006533576984437435
0.006533612660905269
0.006533648383033152
0.006533684158100355
0.006533719996728962
0.0065337558956198825
0.006533791840838415
0.006533827849547437
0.006533863892408635
0.006533899965141782
0.006533936103790442
0.006533972269946921
0.0065340084723839766
0.006534044728585458
0.0065340810335935764
0.006534117378844818
0.006534153794319767
0.006534190221278162
0.006534226715335506
0.00653426323879529
0.006534299821976357
0.006534336457190718
0.006534373136410714
0.006534409859653553
0.006534446610403691
0.006534483464108454
0.006534520323308876
0.0065345572555379405
0.006534594226377092
0.00653463128021549
0.006534668395480624
0.00653470556544328
0.006534742807033911
0.006534780102432133
0.006534817442067199
0.0065348547971917
0.006534892211676472
0.006534929675145642
0.006534967185267159
0.006535004772652221
0.006535042424330336
0.00653508013200363
0.006535117915028781
0.006535155745123586
0.006535193599711826
0.006535231522293206
0.0065352694657796065
0.006535307489802076
0.006535345563296806
0.006535383684856069
0.006535421873094663
0.006535460127486561
0.006535498430269728
0.00653553679351206
0.006535575247266376
0.0065356137518170505
0.006535652278427799
0.006535690895407805
0.006535729555795577
0.006535768270434569
0.00653580706484089
0.006535845936815637
0.006535884864394145
0.006535923838532673
0.006535962881488316
0.006536001984359678
0.006536041127384303
0.006536080337407091
0.006536119657812061
0.0065361590286804536
0.006536198452997024
0.00653623794986098
0.006536277512202378
0.006536317138367959
0.0065363568348512004
0.006536396589832725
0.006536436418197969
0.0065364763036463045
0.006536516217200345
0.006536556179839625
0.006536596213993833
0.0065366363262025304
0.00653667649822565
0.006536716728358284
0.00653675703740471
0.006536797399983271
0.00653683786155619
0.006536878385759636
0.006536918965617526
0.00653695960522963
0.006537000325129058
0.006537041154834139
0.006537082048402257
0.0065371229953996085
0.006537164011193477
0.006537205091430172
0.006537246245533427
0.006537287462831147
0.006537328747827408
0.006537370085544062
0.006537411487909655
0.006537452960560034
0.006537494515461986
0.006537536167447742
0.006537577884048316
0.006537619657440344
0.006537661512571003
0.006537703450417777
0.0065377454439426936
0.006537787493686782
0.006537829630929126
0.0065378718769273005
0.006537914170135746
0.006537956521521327
0.006537998923474391
0.006538041401911844
0.0065380839715717416
0.0065381266217529556
0.0065381693411086525
0.006538212138012358
0.006538255021938643
0.006538297982009717
0.006538341034323939
0.006538384143022291
0.006538427300538221
0.006538470550636966
0.006538513865370566
0.006538557264015746
0.006538600747123301
0.006538644315907213
0.006538687968538826
0.006538731695073097
0.0065387754975331685
0.006538819390859956
0.00653886336614345
0.006538907405645171
0.0065389515245951255
0.006538995728904333
0.006539039998098153
0.006539084338530389
0.00653912877152605
0.006539173281618032
0.006539217870915317
0.006539262539057245
0.0065393072821442735
0.006539352107107393
0.00653939701509996
0.006539442003532595
0.006539487103142629
0.006539532306213412
0.006539577565502423
0.006539622878278184
0.006539668260648363
0.006539713728916688
0.0065397592787545
0.006539804899917762
0.006539850598687591
0.006539896412458468
0.006539942321824469
0.006539988310654369
0.006540034389696193
0.006540080551850767
0.006540126785278172
0.006540173093423988
0.006540219485094177
0.006540265963892834
0.006540312538555235
0.0065403592190346384
0.006540405991502809
0.006540452858727578
0.006540499794550238
0.006540546812280323
0.0065405939204723935
0.006540641117920859
0.006540688402599486
0.006540735770545312
0.006540783224685045
0.006540830776634198
0.006540878423012752
0.0065409261474436275
0.006540973941363639
0.006541021813011059
0.006541069788585006
0.006541117873228917
0.0065411660414896565
0.006541214294158542
0.0065412626287863155
0.006541311051315682
0.006541359561492106
0.006541408156633656
0.006541456835024265
0.006541505611459077
0.006541554500827275
0.006541603489183022
0.006541652552262935
0.006541701688472988
0.006541750912999715
0.006541800264120691
0.0065418497361923265
0.006541899283040557
0.006541948903312913
0.006541998613949631
0.006542048418318498
0.0065420983238449045
0.006542148345339288
0.0065421984660299455
0.006542248673189994
0.0065422989682584415
0.0065423493538511205
0.006542399828396569
0.006542450392224776
0.006542501048621065
0.006542551798625488
0.006542602641597529
0.006542653575669048
0.0065427046189635305
0.006542755789108164
0.006542807062402728
0.006542858423547842
0.006542909871919455
0.0065429614066723225
0.006543013038548637
0.006543064780242848
0.006543116633778006
0.006543168600803757
0.006543220657807824
0.006543272788127997
0.006543324994896941
0.006543377313486411
0.006543429755842623
0.00654348229293323
0.006543534926453996
0.006543587659262932
0.006543640494637041
0.006543693434800717
0.006543746473334269
0.0065437995977402534
0.006543852807072141
0.006543906088775505
0.006543959539006263
0.006544013092438441
0.00654406673963755
0.00654412048827316
0.006544174350327536
0.006544228318224305
0.006544282379533527
0.00654433652773838
0.00654439074488418
0.006544445079786385
0.00654449955999197
0.006544554153186625
0.006544608862093827
0.006544663684785986
0.006544718610006753
0.006544773627122256
0.006544828729817179
0.006544883915096632
0.006544939211147538
0.006544994660542655
0.0065450502197445925
0.006545105882732978
0.006545161654510657
0.006545217526574758
0.006545273486783715
0.006545329507906021
0.006545385701819631
0.0065454420443048136
0.006545498491416686
0.006545555021813818
0.006545611643828196
0.006545668367330713
0.006545725176061119
0.006545782070148476
0.006545839077945321
0.006545896223023061
0.0065459535060764925
0.006546010892159742
0.006546068370343861
0.006546125929217142
0.00654618357292206
0.0065462413824972105
0.006546299347175521
0.00654635743366135
0.006546415624256547
0.006546473894684964
0.006546532256993076
0.0065465907177418335
0.006546649371178741
0.006546708152111332
0.006546767042390448
0.006546826031738004
0.006546885107485072
0.00654694423751409
0.006547003512913937
0.006547062932345956
0.006547122461602348
0.00654718212084114
0.006547241904657326
0.006547301756453468
0.0065473617183350935
0.006547421860498192
0.006547482104556458
0.006547542450120825
0.006547602886783309
0.00654766340184138
0.006547724052642307
0.006547784915840459
0.006547845890777473
0.006547906967581679
0.006547968140643279
0.006548029398427914
0.006548090719629436
0.006548152206044093
0.006548213828833578
0.006548275608362179
0.006548337511884746
0.006548399488348658
0.006548461620348597
0.006548523883564554
0.006548586238084738
0.006548648686096642
0.006548711277840511
0.006548773998528156
0.006548836873615077
0.006548899867591532
0.006548962955861703
0.006549026142912104
0.006549089387128547
0.006549152778538539
0.0065492163934659925
0.006549280119819522
0.006549343963459956
0.006549407902748829
0.006549471929788177
0.0065495361276670366
0.00654960041661187
0.006549664868562735
0.006549729436500008
0.006549794066596194
0.0065498589201053465
0.006549923880162102
0.006549988917490771
0.006550054086140377
0.006550119325381808
0.006550184787317999
0.006550250374574447
0.006550316087061248
0.006550381893997993
0.006550447762648462
0.006550513863835614
0.006550580128455204
0.006550646509575923
0.0065507129729568585
0.0065507794930674676
0.006550846196042017
0.006550913081697587
0.006550980098230175
0.006551047198761501
0.006551114389351639
0.006551181740012717
0.006551249209173034
0.006551316785333106
0.0065513844973803265
0.006551452376514135
0.0065515204579877535
0.006551588641821148
0.006551656908720333
0.006551725267366535
0.006551793785255149
0.006551862481457662
0.006551931304881829
0.006552000220788073
0.006552069184045133
0.006552138436892691
0.006552207815930488
0.006552277273398679
0.0065523467898740044
0.006552416402972496
0.006552486253111901
0.0065525562783267065
0.006552626450030504
0.006552696661662376
0.006552767115045782
0.006552837641885354
0.006552908303064962
0.006552979118159522
0.006553050081331896
0.006553121190736755
0.0065531923730257095
0.006553263622812685
0.00655333503733183
0.006553406717611791
0.006553478573111462
0.006553550508914796
0.006553622461351058
0.006553694644626902
0.006553766966948137
0.006553839414779571
0.00655391194581118
0.006553984615947536
0.006554057487400002
0.006554130512085319
0.006554203598093603
0.006554276795189873
0.006554350169384022
0.006554423731779597
0.006554497463088518
0.00655457130835235
0.006554645288928807
0.006554719384600137
0.006554793593837442
0.006554867953054159
0.006554942479448248
0.006555017177847158
0.00655509196145184
0.006555166868769572
0.006555241973628158
0.0065553172953075915
0.00655539267538554
0.0065554680763492395
0.006555543635899289
0.006555619469496515
0.006555695449876542
0.006555771525833201
0.006555847703316413
0.006555924118180256
0.006556000653407071
0.006556077269694065
0.006556154031790292
0.006556231051328016
0.006556308268786955
0.006556385539241098
0.006556462901649703
0.006556540445874602
0.006556618158649076
0.006556695997775931
0.006556773963362085
0.006556852035890301
0.0065569301995525115
0.006557008557245046
0.006557087219977553
0.006557166022582495
0.00655724485625509
0.006557323704191035
0.0065574028929350926
0.006557482226233046
0.0065575616399043074
0.006557641106923698
0.006557720878282135
0.006557800852513891
0.006557880902125892
0.006557960919235629
0.0065580412007635895
0.006558121714984817
0.006558202340226857
0.006558283075315776
0.006558364018469282
0.006558445116795767
0.006558526232657156
0.006558607549587688
0.006558689114104913
0.006558770841861579
0.006558852634807245
0.006558934560143131
0.0065590166932327
0.006559098997116433
0.006559181449901536
0.006559264052806392
0.0065593467642749
0.006559429532786812
0.006559512503976933
0.006559595725166867
0.006559679056919063
0.0065597624698009475
0.006559846127369792
0.006559930086698921
0.006560014102276328
0.00656009814732164
0.006560182365627019
0.006560266821954939
0.006560351318677158
0.006560435906557292
0.006560520857067509
0.006560605970632307
0.006560691129220314
0.006560776342324794
0.00656086178392172
0.006560947396499546
0.006561033152320311
0.006561119123259228
0.006561205254250074
0.006561291470058495
0.00656137773556293
0.006561464386478547
0.006561551176633376
0.00656163811688355
0.006561725096668642
0.006561812226062812
0.006561899564444371
0.006561987085239306
0.006562074836126374
0.00656216257553927
0.006562250464835458
0.006562338616609336
0.006562426996576007
0.006562515384482766
0.0065626037860491765
0.006562692695262089
0.006562781687138204
0.006562870648123567
0.0065629597612352625
0.006563049240844894
0.006563138807442525
0.006563228285271642
0.00656331823554834
0.0065634083619683856
0.006563498540640096
0.006563588739253232
0.006563679303336048
0.006563769944536982
0.006563860604644901
0.006563951586167507
0.006564042844720959
0.006564134153276301
0.006564225628132975
0.0065643171899205195
0.006564408858297186
0.006564500646394851
0.006564592804369881
0.006564685128586946
0.006564777385512027
0.006564869983070476
0.006564962717880234
0.006565055681470018
0.006565148716450521
0.00656524189374713
0.006565335153041217
0.006565428599764153
0.006565522414704575
0.006565616253036539
0.0065657101381272264
0.006565804381947763
0.006565898820546456
0.006565993184100835
0.006566087695837524
0.0065661825726804094
0.0065662775440700274
0.006566372461455515
0.006566467798356537
0.006566563356589537
0.006566658916406259
0.006566754628781641
0.006566850636672794
0.006566946755847183
0.006567042873746003
0.006567139268234153
0.006567235854277271
0.006567332430382957
0.006567429335018825
0.006567526422157641
0.006567623585525991
0.0065677209653546625
0.006567818578378868
0.006567916276533326
0.006568014033377056
0.006568112046266378
0.006568210233881393
0.006568308479799989
0.006568406976754049
0.0065685056061135835
0.006568604258238759
0.006568703317812255
0.006568802605836889
0.006568901945378515
0.0065690013098288905
0.006569100780562134
0.0065692005195650315
0.0065693005309134574
0.006569400700518793
0.006569500856938645
0.006569601129210195
0.006569701835248919
0.006569802602959443
0.006569903281251306
0.006570004466431528
0.006570105848358777
0.006570207113736578
0.006570308490861296
0.00657041027078435
0.006570512158327084
0.006570614059387087
0.006570716311353121
0.006570818714587323
0.006570921054191502
0.00657102365164384
0.006571126528188181
0.0065712293864491796
0.006571332513699463
0.006571435893169274
0.006571539268639368
0.006571642843431866
0.00657174663026071
0.006571850538226993
0.006571954567811517
0.006572058810159528
0.006572163220631379
0.006572267702256861
0.006572372407272107
0.00657247728968143
0.006572582237034665
0.0065726874798517744
0.006572792863901734
0.006572898269452628
0.006573003932176824
0.006573109706916356
0.0065732155521778315
0.006573321748597488
0.0065734281225284215
0.006573534501664036
0.006573641102477029
0.006573747887520549
0.006573854718397221
0.0065739617341121406
0.00657406893204262
0.006574176284974719
0.006574283924684571
0.0065743916960097825
0.006574499389345056
0.006574607230498646
0.006574715580883149
0.006574823917307773
0.006574932099889388
0.0065750408283895235
0.006575149742872076
0.00657525842575386
0.006575367549246713
0.006575476872911971
0.006575586082768811
0.006575695681499355
0.0065758055397775106
0.006575915222467239
0.00657602509171838
0.006576135293485424
0.006576245588974717
0.006576355991398732
0.006576466699800076
0.0065765774064488755
0.006576688204855275
0.006576799296861108
0.0065769105258028935
0.006577021800520052
0.006577133264189202
0.006577244938247907
0.006577356678777599
0.006577468644765529
0.006577580808827298
0.006577692911129837
0.006577805328240707
0.006577917938509136
0.0065780305725885516
0.006578143474373604
0.006578256431050439
0.006578369402181386
0.006578482749862156
0.0065785961739607155
0.006578709633669617
0.006578823421759225
0.006578937237767919
0.006579051138072035
0.006579165427463592
0.0065792797284787525
0.006579394012062538
0.006579508667493878
0.006579623366466823
0.006579738056105224
0.006579853223026804
0.006579968373473846
0.00658008340465012
0.006580199028064073
0.006580314564890192
0.006580429978155164
0.006580546184239779
0.006580662090234903
0.006580777764326408
0.006580894447408355
0.006581011024168684
0.006581127214332738
0.006581243883553344
0.006581360952379545
0.006581477664717628
0.006581594611203818
0.0065817121010450985
0.006581829390296696
0.006581946691347328
0.006582064376318265
0.006582182163561483
0.00658230001051391
0.006582418088067194
0.006582536078745655
0.006582654266991088
0.006582772874926861
0.006582891385191787
0.006583009959833156
0.006583128825183921
0.006583247737921037
0.006583366785388371
0.006583486020505407
0.006583605288229842
0.006583724710304823
0.006583844282672348
0.006583963920699347
0.006584083770001076
0.006584203784143646
0.006584323847646657
0.006584443947717397
0.00658456421997511
0.006584684684898146
0.006584805263056304
0.0065849259434240665
0.006585046675566022
0.006585167579111182
0.006585288710000548
0.0065854098702128605
0.006585531144228087
0.006585652508899475
0.006585773980758205
0.006585895688389298
0.006586017435886361
0.006586139224342297
0.0065862612423464246
0.006586383325686234
0.006586505452501579
0.006586627818471386
0.00658675024042194
0.006586872754433458
0.006586995490719508
0.006587118163161457
0.006587240977064102
0.006587364086035107
0.006587487052793077
0.006587610204654995
0.00658773367371742
0.006587856923741301
0.006587980424749156
0.006588104201395408
0.006588227702717959
0.006588351549132706
0.006588475740657105
0.006588599599667277
0.0065887236550162785
0.006588848069008119
0.006588972267458909
0.006589096647885739
0.006589221361270568
0.006589345824835143
0.006589470448812192
0.0065895954841804286
0.006589720292978941
0.006589845156837017
0.0065899704106613865
0.0065900956024863774
0.006590220850714007
0.006590346280464076
0.006590471663126047
0.006590597200833628
0.006590722892162068
0.006590848540362832
0.006590974393357801
0.00659110037196389
0.006591226236735633
0.006591352299512116
0.006591478487926605
0.006591604569141698
0.006591730893631336
0.0065918573818139125
0.006591983780086106
0.006592110369975274
0.0065922370449488
0.0065923636636336345
0.00659249048068237
0.006592617327022425
0.0065927441746758885
0.006592871262609508
0.006592998272793329
0.006593125282052293
0.006593252591353516
0.006593379822394634
0.0065935072021370035
0.006593634665292858
0.006593761944450286
0.006593889657045191
0.006594017327753377
0.006594144793033092
0.0065942726849148835
0.006594400526899746
0.006594528195516832
0.006594656239607662
0.006594784220978784
0.006594912087998221
0.006595040299962944
0.006595168445191964
0.006595296495690329
0.00659542481541175
0.006595553083444581
0.006595681351100054
0.006595809845665107
0.006595938217251334
0.00659606659915762
0.006596195220881659
0.006596323759358989
0.006596452361398042
0.006596581090400355
0.006596709726326729
0.0065968384961508555
0.006596967261490584
0.006597095960750285
0.006597224936031323
0.006597353766761666
0.006597482480386418
0.006597611643684327
0.006597740549736717
0.006597869415876508
0.006597998690465391
0.006598127671680924
0.006598256658729157
0.00659838600150705
0.006598514989105282
0.006598644056082459
0.0065987734634906405
0.006598902472631418
0.0065990316234355905
0.0065991611208502336
0.006599290242520463
0.006599419475231687
0.0065995489209357385
0.006599678017742969
0.00659980718578267
0.006599936555193361
0.006600065722318061
0.006600194979150088
0.0066003243076005105
0.006600453507859657
0.0066005828105870175
0.006600712049283656
0.006600841251714905
0.006600970559985022
0.006601099796191647
0.006601229086134177
0.006601358423221192
0.006601487596981161
0.0066016168630976
0.006601746188023656
0.0066018752949897185
0.006602004496397583
0.006602133806135019
0.006602262902841553
0.006602392015989346
0.006602521205787039
0.006602650298013687
0.006602779369319302
0.006602908434276183
0.006603037538522983
0.006603166602101852
0.006603295478080763
0.006603424555177442
0.006603553546413182
0.006603682290472374
0.006603811260052472
0.006603940098556811
0.006604068737875037
0.00660419763566813
0.00660432644099295
0.006604454984569469
0.006604583668560419
0.006604712310412862
0.006604840726657202
0.006604969211805794
0.006605097709498848
0.00660522609329902
0.006605354477226945
0.00660548272174435
0.006605610982544202
0.006605739168732054
0.00660586709398207
0.006605995273972525
0.006606123260079357
0.006606251002145895
0.0066063789748196005
0.006606506735984046
0.006606634370342434
0.0066067620615422986
0.006606889599241286
0.006607017093000597
0.0066071445707709744
0.006607271856293164
0.00660739912037924
0.006607526335585033
0.0066076533699713546
0.006607780414398193
0.006607907321239721
0.006608034087895033
0.006608160890189564
0.006608287432376986
0.006608413915617405
0.006608540551861684
0.0066086668269954236
0.0066087930728256925
0.006608919344755205
0.006609045263444853
0.006609171185605209
0.0066092970575721294
0.006609422663681757
0.006609548326753797
0.006609673850427246
0.006609799164337207
0.006609924531349121
0.006610049617802706
0.006610174548171126
0.006610299571494047
0.006610424152295687
0.0066105487306838285
0.006610673426664205
0.0066107976314119824
0.006610921902346147
0.0066110461819239175
0.006611169923341278
0.006611293790538321
0.006611417598598508
0.006611540872004878
0.0066116643655327045
0.006611787751760864
0.006611910601493237
0.006612033637500267
0.006612156491250502
0.0066122789287104385
0.006612401497104052
0.006612523683273252
0.006612645808054064
0.0066127678958915505
0.006612889511768061
0.006613011203224333
0.006613132787785773
0.0066132539130006615
0.006613375177982709
0.006613496262847783
0.0066136171412691895
0.006613738124679791
0.006613858806061956
0.006613979159984141
0.006614099586125589
0.006614219555521434
0.006614339426540954
0.006614459292697482
0.006614578531141871
0.006614697958210861
0.006614817163926348
0.006614935833578802
0.006615054622425519
0.006615173184565686
0.006615291315562058
0.006615409449053799
0.00661552729828664
0.006615644844369284
0.0066157623013202976
0.006615879513198715
0.006615996634471375
0.006616113495076221
0.0066162300568370445
0.006616346566268429
0.006616462664658819
0.006616578465304454
0.006616694333339026
0.006616809735342494
0.006616924841641969
0.006617039948408696
0.0066171545738376
0.006617268741005657
0.006617383007661031
0.006617496988895647
0.006617610610787216
0.006617724053823623
0.006617837220057412
0.006617950085878058
0.006618062612360973
0.006618174941787057
0.006618287075834145
0.00661839879106236
0.00661851032791993
0.006618621631127711
0.006618732518980891
0.006618843194110106
0.006618953562062135
0.006619063544622116
0.006619173331862567
0.006619282779833997
0.006619391907553789
0.006619500825921257
0.006619609322006344
0.006619717568532675
0.0066198255342252285
0.0066199330141388235
0.006620040348190395
0.006620147308910142
0.0066202538245326665
0.006620360142183278
0.006620466050996754
0.006620571637109284
0.006620676950646108
0.006620781819451001
0.006620886474984685
0.0066209907487240465
0.006621094517815812
0.006621198170784366
0.0066213013570120315
0.006621403958843862
0.00662150667799767
0.006621608781863179
0.0066217103673861175
0.006621811961788912
0.006621912895335272
0.006622013426001576
0.006622113845003569
0.00662221362226395
0.006622313084713907
0.006622412287039405
0.006622510897184129
0.006622609320014072
0.006622707289789755
0.006622804618764102
0.00662290199191422
0.006622998707872293
0.006623094884034836
0.006623190990171822
0.006623286111178987
0.006623380532504099
0.006623474765868786
0.006623568302485573
0.006623661561442521
0.006623754479613875
0.0066238466968375955
0.006623938691294274
0.006624030204230131
0.006624121095331649
0.006624211869587008
0.0066243020089650625
0.006624391584762821
0.006624481011244249
0.006624569748106489
0.006624657995675282
0.00662474601825957
0.006624833343034835
0.00662492021577316
0.006625006782108454
0.006625092685030504
0.0066251781910256725
0.0066252632547730145
0.006625347698360821
0.00662543178458591
0.006625515318773166
0.006625598313853554
0.006625680941404519
0.006625762942862324
0.00662584444187952
0.006625925540270398
0.006626006001982447
0.006626086030484699
0.006626165571387663
0.006626244484113388
0.006626322955722321
0.006626400837343308
0.006626478180316434
0.006626555039332138
0.006626631220373862
0.006626707021330434
0.006626782302660105
0.0066268568725735685
0.006626931031483435
0.006627004630068358
0.006627077492632357
0.006627149836892287
0.006627221576710709
0.006627292650574487
0.006627363294709642
0.006627433250961783
0.006627502616875416
0.006627571560153715
0.006627639698913529
0.0066277073940812685
0.0066277745265688965
0.006627840890584814
0.006627906763367938
0.0066279720803642
0.006628036651784773
0.00662810069861049
0.006628164145958805
0.00662822691924545
0.006628289097017149
0.006628350615178489
0.006628411541482571
0.006628471808689236
0.0066285313844737835
0.006628590477143271
0.006628648813695032
0.0066287064661543224
0.006628763586862689
0.006628819964148304
0.006628875675757681
0.006628930805080249
0.006628985203775953
0.006629038940218883
0.006629092036862573
0.0066291444106455375
0.006629196112861605
0.006629247106430905
0.006629297407915061
0.006629347078242717
0.00662939602486017
0.006629444283406182
0.006629491854726855
0.006629538690852641
0.0066295848344388635
0.00662963025791544
0.006629674938241375
0.0066297189311221305
0.006629762081626734
0.006629804361104309
0.0066298459345716584
0.0066298867127616515
0.006629926793979136
0.006629966159575068
0.006630004713189855
0.006630042570789308
0.006630079681941698
0.006630115968382074
0.0066301515271969605
0.0066301863287382004
0.0066302203224921415
0.006630253564034732
0.006630286040143435
0.006630317717615616
0.006630348587335264
0.006630378692429298
0.006630408020860735
0.006630436504759678
0.006630464208416144
0.006630491152297651
0.006630517224958088
0.006630542520232767
0.006630567018350104
0.00663059062909588
0.006630613466037469
0.0066306354801358046
0.006630656611221603
0.006630676961949907
0.006630696451797004
0.006630715063191849
0.006630732888542607
0.006630749820051851
0.00663076587648449
0.006630781139798247
0.006630795516993433
0.006630809173198348
0.006630821994562429
0.006630833906624175
0.006630844957818457
0.006630855129473593
0.006630864391215249
0.006630872787838269
0.006630880398155068
0.006630887528231244
0.006630893782933442
0.006630899113772053
0.006630903538339711
0.006630907067912183
0.006630909665969219
0.006630911638828517
0.006630912780062041
0.006630912990161793
0.006630912499700628
0.006630910867050552
0.006630908301439929
0.006630904790877284
0.0066309003297108995
0.00663089492764656
0.006630888513472944
0.006630881113762974
0.0066308727575104575
0.00663086341703243
0.006630853128773295
0.0066308418567395935
0.006630829585222356
0.006630816363036677
0.006630802131547218
0.006630786900860243
0.006630770711254163
0.006630753479936413
0.00663073525430091
0.006630716054886707
0.006630695787357735
0.006630674533150346
0.006630652273307559
0.00663062893787376
0.0066306046477676754
0.006630579277357617
0.006630552834585647
0.006630525434021633
0.006630496951283626
0.0066304673977119356
0.00663043631633174
0.006630403441360019
0.006630369498928453
0.006630334537831823
0.006630298447741219
0.006630261309309299
0.006630223086566775
0.006630183747591678
0.0066301433789242815
0.0066301017999382105
0.00663005917384913
0.006630015532903313
0.006629970594574228
0.006629924633142077
0.006629877659193787
0.006629829341595423
0.0066297800180295935
0.006629729641926564
0.006629677938664984
0.006629625214083485
0.006629571367821773
0.006629516228937637
0.0066294599512938665
0.006629402380037796
0.006629343559551692
0.006629283695112326
0.00662922255013265
0.00662916021266536
0.00662909678916403
0.0066290320792854445
0.00662896618242505
0.006628899159276112
0.006628830855149638
0.0066287613755788245
0.0066286907111453245
0.006628618757379686
0.006628545617493928
0.006628471274169431
0.006628395690163659
0.006628318875691253
0.0066282407986870805
0.006628161531678796
0.0066280809341315566
0.006627999031020189
0.006627915760719001
0.006627831001546572
0.006627744906262009
0.00662765764617013
0.006627569033794672
0.006627479117625655
0.006627387994413999
0.006627295458940431
0.006627201654946785
0.0066271065887614665
0.006627010089551822
0.006626912355823237
0.006626813283312708
0.006626712837722771
0.006626611240328909
0.00662650807407741
0.006626403605781016
0.006626297935156956
0.0066261907048163005
0.006626082201007447
0.006625972428218329
0.006625861360482983
0.0066257490425595126
0.006625635402023717
0.006625520176142453
0.006625403743964994
0.006625285897648865
0.0066251664644169745
0.006625045869974248
0.00662492371066649
0.0066248000325033985
0.006624675992379909
0.006624550302693916
0.006624423270075946
0.006624295879280758
0.0066241668291218535
0.006624035932652996
0.006623903840403478
0.0066237699621422
0.006623634692614209
0.006623498193871409
0.006623359936605058
0.006623220250564748
0.0066230792138478895
0.006622936455342717
0.006622792309426909
0.006622646764498002
0.006622499603776782
0.006622350988316448
0.006622200738570955
0.00662204893948726
0.006621895653841988
0.006621740698318196
0.006621584282503542
0.00662142636596503
0.006621266717681851
0.006621105550962615
0.006620941410123813
0.006620775190113222
0.006620607362772039
0.006620437979657243
0.006620266927226252
0.0066200941863655115
0.006619919910724741
0.0066197440423737906
0.006619566353462574
0.006619387104137054
0.0066192064255513345
0.006619023561007446
0.006618839232457344
0.0066186534410807435
0.006618465116980071
0.00661827546589531
0.006618084196965975
0.006617890755746361
0.0066176960541086795
0.006617499432720276
0.006617300761404147
0.006617100872414145
0.00661689876472666
0.006616694853290953
0.006616489778559014
0.006616282265700127
0.00661607267530312
0.006615861647668923
0.0066156479307556484
0.00661543274944857
0.006615216369331515
0.006614996906130178
0.006614776240966443
0.006614554279781752
0.006614329139506224
0.006614102868303622
0.006613875108307674
0.006613644433843969
0.0066134126008351255
0.006613179037480199
0.006612943047337737
0.006612705747530821
0.006612466477159273
0.006612224706129685
0.006611981650101883
0.006611736393797737
0.0066114887508651006
0.006611239712733678
0.006610988221387932
0.006610734530627654
0.006610479255407747
0.00661022204648944
0.006609964714832123
0.006609705727738956
0.0066094434714151044
0.006609179829866612
0.006608914279628702
0.006608645771461374
0.0066083759022505205
0.006608103872361888
0.006607828935708776
0.006607552681653559
0.00660727411195004
0.00660699277241646
0.006606710011738266
0.006606424711380866
0.006606136820573764
0.006605847353222352
0.006605555298293966
0.006605260763811698
0.006604964487865993
0.006604663516205706
0.006604359795193018
0.0066040540353673
0.0066037457728726386
0.006603435159499476
0.006603122121374752
0.006602806633159961
0.006602489303146611
0.006602168717613775
0.0066018456988645195
0.0066015208694634375
0.006601192513845355
0.006600861877178386
0.006600529893249948
0.006600193743778002
0.006599855347092902
0.006599516168827513
0.006599171275277375
0.006598824377168277
0.006598476825368034
0.006598124321242072
0.006597769829447427
0.006597414073447842
0.006597053701995903
0.006596691356085148
0.006596327284016252
0.006595959294920997
0.006595589554298704
0.006595217488059166
0.006594841693570978
0.006594463964683011
0.00659408329596727
0.006593698951078902
0.006593312556612849
0.006592922677802716
0.006592529932175986
0.006592135088978762
0.006591736954831915
0.006591336802937325
0.006590935390063001
0.006590530430938866
0.006590123044625104
0.00658971297156754
0.006589299020613917
0.006588882626516413
0.006588463347475344
0.006588040273885313
0.006587614609457212
0.006587185607662072
0.006586752882560378
0.006586317800171345
0.006585879325933036
0.006585437162791775
0.006584992420320778
0.006584543874845199
0.006584088844098085
0.0065836311474616145
0.006583169506018298
0.006582704383840602
0.006582236364690968
0.006581764213849085
0.006581288820011406
0.006580810075093861
0.006580326866460247
0.0065798403855141805
0.006579350699540355
0.006578855691543587
0.006578357603835003
0.0065778563126945725
0.006577350269452532
0.00657684158064061
0.00657632860875707
0.006575811053231104
0.006575291670783138
0.0065747680252494336
0.006574239714856366
0.0065737086989419696
0.0065731727855793945
0.006572632224507656
0.00657208946009684
0.0065715415025332825
0.006570988956319741
0.006570434235222316
0.006569875167340571
0.006569311862325702
0.0065687451802864906
0.006568174568350341
0.006567600496938978
0.006567023520036564
0.006566440770850846
0.00656585394774667
0.006565264033080349
0.006564668178258032
0.0065640681829484395
0.00656346460895523
0.006562855177942273
0.0065622415227853306
0.006561624085576726
0.006561000921415915
0.006560372596227473
0.006559737502101967
0.006559096517351946
0.006558451328425709
0.0065578015189397395
0.006557145906220173
0.006556485205024637
0.006555819014151737
0.006555147043077807
0.006554470181210912
0.006553788362085678
0.006553100934863434
0.006552408767669658
0.006551712125447905
0.006551009904008399
0.006550302379691265
0.0065495893626291825
0.006548870602302161
0.006548146721927914
0.0065474172671160236
0.006546682177597942
0.006545941213845577
0.006545194838240897
0.006544444504753502
0.006543688017387938
0.006542924944348347
0.006542157857328927
0.0065413859353719355
0.006540608467053155
0.006539825260467566
0.006539034878558689
0.006538239407264241
0.006537437917898155
0.0065366289379813
0.0065358153274384595
0.0065349953374733314
0.006534167118940908
0.006533334413469045
0.006532492617217538
0.006531639568444596
0.0065307830843342905
0.0065299201428445025
0.006529045264875965
0.0065281671621173825
0.0065272817086326875
0.006526385152944813
0.006525486884214048
0.006524580951833338
0.0065236634533454105
0.006522742963782497
0.006521816333939586
0.006520877714612659
0.00651993497995912
0.006518985841216732
0.00651802494038126
0.006517060236379905
0.006516090320451854
0.006515108144770045
0.006514120212550159
0.0065131255837022305
0.006512120152487963
0.0065111125072726496
0.0065100975264217355
0.006509070048596959
0.006508038384493223
0.00650699929521977
0.006505946821967162
0.006504890086338301
0.006503825358865517
0.0065027471088548155
0.006501664315648327
0.006500569912010786
0.006499460407015141
0.006498344608562412
0.006497219989539888
0.006496082774776816
0.006494938722016095
0.006493785903291217
0.006492621580923472
0.006491449816208346
0.006490269217713143
0.006489076626422068
0.006487875087527235
0.006486664651887967
0.006485442946169918
0.006484213768776731
0.006482975737901574
0.00648172533048171
0.0064804646321720005
0.006479195878548364
0.006477915369842792
0.006476627763894302
0.006475329781614681
0.006474019586585235
0.006472700450369948
0.006471370015569486
0.006470026265666076
0.006468674492167586
0.0064673114609872335
0.006465933414118632
0.006464542058230289
0.006463137740620573
0.006461717302151236
0.006460288862115059
0.006458849589408176
0.006457392880187743
0.006455927670273611
0.006454452056713536
0.006452959517405054
0.006451457014021673
0.006449943969738819
0.006448415402687346
0.0064468766574091885
0.0064453275331387535
0.0064437592303423635
0.006442180051314432
0.006440591858738324
0.006438987064255384
0.0064373714650747815
0.0064357453715279825
0.0064341005805513525
0.006432444911335291
0.0064307773584263055
0.006429089445520593
0.006427388397698816
0.00642567550191717
0.006423938818201823
0.006422188869320408
0.006420424297904285
0.006418641576551592
0.006416845465669751
0.006415034953417653
0.006413205900093998
0.006411362997719867
0.006409505702676839
0.0064076323101756255
0.006405743553772732
0.00640383987365049
0.006401916078297325
0.006399977494940774
0.0063980249896380854
0.006396053963880039
0.006394067975871623
0.006392068026824686
0.006390047861670696
0.006388009911878251
0.006385955479703463
0.006383881060108532
0.0063817877017520045
0.0063796766105048905
0.00637754106495047
0.006375385050045074
0.006373214337277097
0.006371022217727883
0.006368807082957142
0.00636657788655194
0.006364329705109665
0.006362059772255292
0.006359775005921786
0.00635746407993874
0.006355132323552359
0.0063527881639319946
0.006350416327770917
0.00634802900918059
0.006345624791841325
0.006343193506536026
0.006340740130175833
0.006338269064486498
0.006335775250055968
0.006333256254910383
0.006330718824197548
0.00632815310089393
0.006325556721638905
0.00632294072391749
0.006320304605319728
0.006317637536039933
0.0063149522240734494
0.006312248928868946
0.006309515679658292
0.006306757066691958
0.006303978493840254
0.006301170811523638
0.006298339161175758
0.006295489281662595
0.006292610073892127
0.006289704235989405
0.006286776278018714
0.006283817025324198
0.006280831541549814
0.006277822643031082
0.0062747825301229035
0.006271706828783785
0.006268606412967065
0.006265477596847637
0.006262317572642426
0.006259134841367749
0.006255925359467258
0.006252681057774405
0.006249407870012681
0.006246107349013121
0.006242772081651479
0.006239410901683227
0.0062360256971221145
0.00623260349308292
0.006229152258865333
0.00622567070084281
0.006222157465961914
0.006218609306588827
0.006215030976595678
0.006211415853581187
0.0062077560878013435
0.006204065785565306
0.006200351116154121
0.006196598370130374
0.0061928083413041015
0.006188984220683202
0.006185128315980865
0.006181233110689368
0.006177303257853566
0.006173344278523732
0.006169345617086878
0.006165304697980724
0.006161237898315847
0.0061571279032671756
0.006152971492952084
0.006148787034572108
0.006144559376437698
0.006140287834483416
0.006135987956517445
0.006131663133869108
0.006127292276589112
0.006122879572795611
0.006118447003082157
0.006113975539506485
0.006109454370433819
0.0061049108672062945
0.006100338810757621
0.006095709723934256
0.006091055431744901
0.006086368894815394
0.0060816299591867845
0.006076857865426142
0.006072044490626727
0.006067182348027649
0.006062277434371011
0.006057342717734696
0.006052361280496067
0.006047329806393684
0.006042273488020898
0.006037173492509451
0.00603201116656072
0.0060268249552871455
0.006021600439901973
0.006016315705520935
0.006010989541348485
0.006005631431170495
0.006000218792404221
0.005994745043444146
0.005989236952079118
0.00598367859782543
0.0059780609829926
0.005972406475332145
0.005966702054956675
0.005960938835528763
0.005955134287522186
0.0059492837001231865
0.005943376984375205
0.005937422464887101
0.0059314198743084315
0.00592535878831503
0.0059192471218862544
0.005913082203985865
0.005906848498706006
0.005900557691772333
0.005894224322808259
0.005887820648150102
0.005881357458523703
0.005874853318878943
0.005868285393389517
0.005861651247283749
0.0058549701631826715
0.005848231850287673
0.005841413861433157
0.005834543013706009
0.005827633635231711
0.005820626305299164
0.0058135430220406775
0.005806425813651122
0.005799225971223098
0.005791946695858579
0.005784612387619461
0.00577722722306225
0.005769759595070361
0.005762214407827637
0.005754631939465082
0.00574695040890658
0.005739201545042074
0.0057313970700858
0.005723486778628275
0.0057154986018802464
0.005707440065528637
0.005699320664161241
0.005691099813199367
0.005682813878727733
0.005674465005167116
0.005666018035215404
0.005657492641438186
0.005648906887910149
0.005640218161759691
0.005631438612208448
0.005622572937183344
0.0056136198251828355
0.005604563155121436
0.005595433557445262
0.005586218231195148
0.005576893101285328
0.0055674921871621055
0.005558014486878326
0.005548423572557025
0.005538732212668234
0.005528961696380234
0.005519079294596065
0.005509077306474557
0.005498986733480271
0.0054888021805194
0.005478492238674788
0.005468083344651156
0.0054575842208134375
0.005446976464831079
0.005436256745104273
0.005425434973320637
0.005414496774892989
0.005403419973653103
0.005392231554130934
0.0053809257302285625
0.005369497638389691
0.005357955730054491
0.0053462958703042905
0.0053345105621272725
0.0053226103112414365
0.005310592933364383
0.005298423324511712
0.005286115203444372
0.005273684834807346
0.0052611117624479274
0.0052483829324038046
0.005235529986698374
0.005222554865135525
0.005209422299022092
0.005196140932411403
0.005182750032073948
0.005169189789867349
0.00515544420049409
0.005141547986378379
0.005127512895576317
0.005113308747709629
0.005098940969010967
0.005084439622688117
0.0050697509931415825
0.005054880908864586
0.005039868042162632
0.005024674297913802
0.005009276600543851
0.004993692598095209
0.004977963686570993
0.004962030842389323
0.004945879629803992
0.004929593725928041
0.004913087235042823
0.0048963725519228255
0.004879448358236969
0.004862354241049547
0.004845025344801581
0.004827457303011094
0.004809717921595291
0.004791739032371259
0.004773534579234616
0.004755090373304273
0.004736455333971785
0.0047175620848370035
0.004698406594386526
0.004679030232947015
0.004659398739159295
0.004639506547689435
0.004619319386361242
0.004598913180537404
0.00457824674175739
0.004557293494561431
0.004536037306556118
0.004514506035841586
0.004492700345815256
0.004470567390355093
0.0044481335801792535
0.004425419861273973
0.004402379199266899
0.004378988127239479
0.004355278840706991
0.004331262527211221
0.0043068724587143
0.00428211090419363
0.004257022515943586
0.004231579448612789
0.004205696650228388
0.004179437259572975
0.004152839827747417
0.004125807643982106
0.004098317824707693
0.0040704374753092526
0.004042158694274097
0.00401336510754492
0.003984114685587586
0.003954439479964732
0.003924252537072694
0.0038935202087256532
0.003862326221171314
0.003830660428730108
0.003798339960138641
0.003765449662873652
0.0037320691417388105
0.0036981062646122115
0.003663430284474328
0.003628160469215598
0.003592333486698752
0.0035557428040223758
0.003518389230285069
0.0034803720633802674
0.003441654884376817
0.0034021086567952844
0.003361723989079834
0.003320575162058112
0.0032784732923168214
0.0032354908375780483
0.003191593863827111
0.003146780525711191
0.003100930426491585
0.0030542313228003526
0.0030066092086324238
0.002957795251694475
0.00290777730979144
0.002856684166405189
0.002804413774854117
0.0027505710675945153
0.002695291411530096
0.002638610224461338
0.0025802579384885662
0.002519983176643283
0.0024578425056237347
0.002393786222508579
0.0023271637286150504
0.0022580596176184306
0.0021863095006790334
0.0021116134446778644
0.0020332928599239896
0.0019511531272683354
0.0018648064118585543
0.0017734284493212834
0.0016760070720064977
0.001571614559711591
0.0014588677173225822
0.0013352227214243869
0.0011974388865638066
0.0010400026044274987
0.0008518929574799896
0.0006045299618851527
3.783507833231603e-5
0.0
0.0
0.0
0.0
0.0
0.0
0.0
0.0
0.0
0.0
0.0
0.0
0.0
0.0
0.0
0.0
0.0
0.0
0.0
0.0
0.0
0.0
0.0
0.0
0.0
0.0
0.0
0.0
0.0
0.0
0.0
0.0
0.0
0.0
0.0
0.0
0.0
0.0
0.0
0.0
0.0
0.0
0.0
0.0
0.0
0.0
0.0
0.0
0.0
0.0
0.0
0.0
0.0
0.0
0.0
0.0
0.0
0.0
0.0
0.0
0.0
0.0
0.0
0.0
0.0
0.0
0.0
0.0
0.0
0.0
0.0
0.0
0.0
0.0
0.0
0.0
0.0
0.0
0.0
0.0
0.0
0.0
0.0
0.0
0.0
0.0
0.0
0.0
0.0
0.0
0.0
0.0
0.0
0.0
0.0
0.0
0.0
0.0
0.0
0.0
0.0
0.0
0.0
0.0
0.0
0.0
0.0
0.0
0.0
0.0
0.0
0.0
0.0
0.0
0.0
0.0
0.0
0.0
0.0
0.0
0.0
0.0
0.0
0.0
0.0
0.0
0.0
0.0
0.0
0.0
0.0
0.0
0.0
0.0
0.0
0.0
0.0
0.0
0.0
0.0
0.0
0.0
0.0
0.0
0.0
0.0
0.0
0.0
0.0
0.0
0.0
0.0
0.0
0.0
0.0
0.0
0.0
0.0
0.0
0.0
0.0
0.0
0.0
0.0
0.0
0.0
0.0
0.0
0.0
0.0
0.0
0.0
0.0
0.0
0.0
0.0
0.0
0.0
0.0
0.0
0.0
0.0
0.0
0.0
0.0
0.0
0.0
0.0
0.0
0.0
0.0
0.0
0.0
0.0
0.0
0.0
0.0
0.0
0.0
0.0
0.0
0.0
0.0
0.0
0.0
0.0
0.0
0.0
0.0
0.0
0.0
0.0
0.0
0.0
0.0
0.0
0.0
0.0
0.0
0.0
0.0
0.0
0.0
0.0
0.0
0.0
0.0
0.0
0.0
0.0
0.0
0.0
0.0
0.0
0.0
0.0
0.0
0.0
0.0
0.0
0.0
0.0
0.0
0.0
0.0
0.0
0.0
0.0
0.0
0.0
0.0
0.0
0.0
0.0
0.0
0.0
0.0
0.0
0.0
0.0
0.0
0.0
0.0
0.0
0.0
0.0
0.0
0.0
0.0
0.0
0.0
0.0
0.0
0.0
0.0
0.0
0.0
0.0
0.0
0.0
0.0
0.0
0.0
0.0
0.0
0.0
0.0
0.0
0.0
0.0
0.0
0.0
0.0
0.0
0.0
0.0
0.0
0.0
0.0
0.0
0.0
0.0
0.0
0.0
0.0
0.0
0.0
0.0
0.0
0.0
0.0
0.0
0.0
0.0
0.0
0.0
0.0
0.0
0.0
0.0
0.0
0.0
0.0
0.0
0.0
0.0
0.0
0.0
0.0
0.0
0.0
0.0
0.0
0.0
0.0
0.0
0.0
0.0
0.0
0.0
0.0
0.0
0.0
0.0
0.0
0.0
0.0
0.0
0.0
0.0
0.0
0.0
0.0
0.0
0.0
0.0
0.0
0.0
0.0
0.0
0.0
0.0
0.0
0.0
0.0
0.0
0.0
0.0
0.0
0.0
0.0
0.0
0.0
0.0
0.0
0.0
0.0
0.0
0.0
0.0
0.0
0.0
0.0
0.0
0.0
0.0
0.0
0.0
0.0
0.0
0.0
0.0
0.0
0.0
0.0
0.0
0.0
0.0
0.0
0.0
0.0
0.0
0.0
0.0
0.0
0.0
0.0
0.0
0.0
0.0
0.0
0.0
0.0
0.0
0.0
0.0
0.0
0.0
0.0
0.0
0.0
0.0
0.0
0.0
0.0
0.0
0.0
0.0
0.0
0.0
0.0
0.0
0.0
0.0
0.0
0.0
0.0
0.0
0.0
0.0
0.0
0.0
0.0
0.0
0.0
0.0
0.0
0.0
0.0
0.0
0.0
0.0
0.0
0.0
0.0
0.0
0.0
0.0
0.0
0.0
0.0
0.0
0.0
0.0
0.0
0.0
0.0
0.0
0.0
0.0
0.0
0.0
0.0
0.0
0.0
0.0
0.0
0.0
0.0
0.0
0.0
0.0
0.0
0.0
0.0
0.0
0.0
0.0
0.0
0.0
0.0
0.0
0.0
0.0
0.0
0.0
0.0
0.0
0.0
0.0
0.0
0.0
0.0
0.0
0.0
0.0
0.0
0.0
0.0
0.0
0.0
0.0
0.0
0.0
0.0
0.0
0.0
0.0
0.0
0.0
0.0
0.0
0.0
0.0
0.0
0.0
0.0
0.0
0.0
0.0
0.0
0.0
0.0
0.0
0.0
0.0
0.0
0.0
0.0
0.0
0.0
0.0
0.0
0.0
0.0
0.0
0.0
0.0
0.0
0.0
0.0
0.0
0.0
0.0
0.0
0.0
0.0
0.0
0.0
0.0
0.0
0.0
0.0
0.0
0.0
0.0
0.0
0.0
0.0
0.0
0.0
0.0
0.0
0.0
0.0
0.0
0.0
0.0
0.0
0.0
0.0
0.0
0.0
0.0
0.0
0.0
0.0
0.0
0.0
0.0
0.0
0.0
0.0
0.0
0.0
0.0
0.0
0.0
0.0
0.0
0.0
0.0
0.0
0.0
0.0
0.0
0.0
0.0
0.0
0.0
0.0
0.0
0.0
0.0
0.0
0.0
0.0
0.0
0.0
0.0
0.0
0.0
0.0
0.0
0.0
0.0
0.0
0.0
0.0
0.0
0.0
0.0
0.0
0.0
0.0
0.0
0.0
0.0
0.0
0.0
0.0
0.0
0.0
0.0
0.0
0.0
0.0
0.0
0.0
0.0
0.0
0.0
0.0
0.0
0.0
0.0
0.0
0.0
0.0
0.0
0.0
0.0
0.0
0.0
0.0
0.0
0.0
0.0
0.0
0.0
0.0
0.0
0.0
0.0
0.0
0.0
0.0
0.0
0.0
0.0
0.0
0.0
0.0
0.0
0.0
0.0
0.0
0.0
0.0
0.0
0.0
0.0
0.0
0.0
0.0
0.0
0.0
0.0
0.0
0.0
0.0
0.0
0.0
0.0
0.0
0.0
0.0
0.0
0.0
0.0
0.0
0.0
0.0
0.0
0.0
0.0
0.0
0.0
0.0
0.0
0.0
0.0
0.0
0.0
0.0
0.0
0.0
0.0
0.0
0.0
0.0
0.0
0.0
0.0
0.0
0.0
0.0
0.0
0.0
0.0
0.0
0.0
0.0
0.0
0.0
0.0
0.0
0.0
0.0
0.0
0.0
0.0
0.0
0.0
0.0
0.0
0.0
0.0
0.0
0.0
0.0
0.0
0.0
0.0
0.0
0.0
0.0
0.0
0.0
0.0
0.0
0.0
0.0
0.0
0.0
0.0
0.0
0.0
0.0
0.0
0.0
0.0
0.0
0.0
0.0
0.0
0.0
0.0
0.0
0.0
0.0
0.0
0.0
0.0
0.0
0.0
0.0
0.0
0.0
0.0
0.0
0.0
0.0
0.0
0.0
0.0
0.0
0.0
0.0
0.0
0.0
0.0
0.0
0.0
0.0
0.0
0.0
0.0
0.0
0.0
0.0
0.0
0.0
0.0
0.0
0.0
0.0
0.0
0.0
0.0
0.0
0.0
0.0
0.0
0.0
0.0
0.0
0.0
0.0
0.0
0.0
0.0
0.0
0.0
0.0
0.0
0.0
0.0
0.0
0.0
0.0
0.0
0.0
0.0
0.0
0.0
0.0
0.0
0.0
0.0
0.0
0.0
0.0
0.0
0.0
0.0
0.0
0.0
0.0
0.0
0.0
0.0
0.0
0.0
0.0
0.0
0.0
0.0
0.0
0.0
0.0
0.0
0.0
0.0
0.0
0.0
0.0
0.0
0.0
0.0
0.0
0.0
0.0
0.0
0.0
0.0
0.0
0.0
0.0
0.0
0.0
0.0
0.0
0.0
0.0
0.0
0.0
0.0
0.0
0.0
0.0
0.0
0.0
0.0
0.0
0.0
0.0
0.0
0.0
0.0
0.0
0.0
0.0
0.0
0.0
0.0
0.0
0.0
0.0
0.0
0.0
0.0
0.0
0.0
0.0
0.0
0.0
0.0
0.0
0.0
0.0
0.0
0.0
0.0
0.0
0.0
0.0
0.0
0.0
0.0
0.0
0.0
0.0
0.0
0.0
0.0
0.0
0.0
0.0
0.0
0.0
0.0
0.0
0.0
0.0
0.0
0.0
0.0
0.0
0.0
0.0
0.0
0.0
0.0
0.0
0.0
0.0
0.0
0.0
0.0
0.0
0.0
0.0
0.0
0.0
0.0
0.0
0.0
0.0
0.0
0.0
0.0
0.0
0.0
0.0
0.0
0.0
0.0
0.0
0.0
0.0
0.0
0.0
0.0
0.0
0.0
0.0
0.0
0.0
0.0
0.0
0.0
0.0
0.0
0.0
0.0
0.0
0.0
0.0
0.0
0.0
0.0
0.0
0.0
0.0
0.0
0.0
0.0
0.0
0.0
0.0
0.0
0.0
0.0
0.0
0.0
0.0
0.0
0.0
0.0
0.0
0.0
0.0
0.0
0.0
0.0
0.0
0.0
0.0
0.0
0.0
0.0
0.0
0.0
0.0
0.0
0.0
0.0
0.0
0.0
0.0
0.0
0.0
0.0
0.0
0.0
0.0
0.0
0.0
0.0
0.0
0.0
0.0
0.0
0.0
0.0
0.0
0.0
0.0
0.0
0.0
0.0
0.0
0.0
0.0
0.0
0.0
0.0
0.0
0.0
0.0
0.0
0.0
0.0
0.0
0.0
0.0
0.0
0.0
0.0
0.0
0.0
0.0
0.0
0.0
0.0
0.0
0.0
0.0
0.0
0.0
0.0
0.0
0.0
0.0
0.0
0.0
0.0
0.0
0.0
0.0
0.0
0.0
0.0
0.0
0.0
0.0
0.0
0.0
0.0
0.0
0.0
0.0
0.0
0.0
0.0
0.0
0.0
0.0
0.0
0.0
0.0
0.0
0.0
0.0
0.0
0.0
0.0
0.0
0.0
0.0
0.0
0.0
0.0
0.0
0.0
0.0
0.0
0.0
0.0
0.0
0.0
0.0
0.0
0.0
0.0
0.0
0.0
0.0
0.0
0.0
0.0
0.0
0.0
0.0
0.0
0.0
0.0
0.0
0.0
0.0
0.0
0.0
0.0
0.0
0.0
0.0
0.0
0.0
0.0
0.0
0.0
0.0
0.0
0.0
0.0
0.0
0.0
0.0
0.0
0.0
0.0
0.0
0.0
0.0
0.0
0.0
0.0
0.0
0.0
0.0
0.0
0.0
0.0
0.0
0.0
0.0
0.0
0.0
0.0
0.0
0.0
0.0
0.0
0.0
0.0
0.0
0.0
0.0
0.0
0.0
0.0
0.0
0.0
0.0
0.0
0.0
0.0
0.0
0.0
0.0
0.0
0.0
0.0
0.0
0.0
0.0
0.0
0.0
0.0
0.0
0.0
0.0
0.0
0.0
0.0
0.0
0.0
0.0
0.0
0.0
0.0
0.0
0.0
0.0
0.0
0.0
0.0
0.0
0.0
0.0
0.0
0.0
0.0
0.0
0.0
0.0
0.0
0.0
0.0
0.0
0.0
0.0
0.0
0.0
0.0
0.0
0.0
0.0
0.0
0.0
0.0
0.0
0.0
0.0
0.0
0.0
0.0
0.0
0.0
0.0
0.0
0.0
0.0
0.0
0.0
0.0
0.0
0.0
0.0
0.0
0.0
0.0
0.0
0.0
0.0
0.0
0.0
0.0
0.0
0.0
0.0
0.0
0.0
0.0
0.0
0.0
0.0
0.0
0.0
0.0
0.0
0.0
0.0
0.0
0.0
0.0
0.0
0.0
0.0
0.0
0.0
0.0
0.0
0.0
0.0
0.0
0.0
0.0
0.0
0.0
0.0
0.0
0.0
0.0
0.0
0.0
0.0
0.0
0.0
0.0
0.0
0.0
0.0
0.0
0.0
0.0
0.0
0.0
0.0
0.0
0.0
0.0
0.0
0.0
0.0
0.0
0.0
0.0
0.0
0.0
0.0
0.0
0.0
0.0
0.0
0.0
0.0
0.0
0.0
0.0
0.0
0.0
0.0
0.0
0.0
0.0
0.0
0.0
0.0
0.0
0.0
0.0
0.0
0.0
0.0
0.0
0.0
0.0
0.0
0.0
0.0
0.0
0.0
0.0
0.0
0.0
0.0
0.0
0.0
0.0
0.0
0.0
0.0
0.0
0.0
0.0
0.0
0.0
0.0
0.0
0.0
0.0
0.0
0.0
0.0
0.0
0.0
0.0
0.0
0.0
0.0
0.0
0.0
0.0
0.0
0.0
0.0
0.0
0.0
0.0
0.0
0.0
0.0
0.0
0.0
0.0
0.0
0.0
0.0
0.0
0.0
0.0
0.0
0.0
0.0
0.0
0.0
0.0
0.0
0.0
0.0
0.0
0.0
0.0
0.0
0.0
0.0
0.0
0.0
0.0
0.0
0.0
0.0
0.0
0.0
0.0
0.0
0.0
0.0
0.0
0.0
0.0
0.0
0.0
0.0
0.0
0.0
0.0
0.0
0.0
0.0
0.0
0.0
0.0
0.0
0.0
0.0
0.0
0.0
0.0
0.0
0.0
0.0
0.0
0.0
0.0
0.0
0.0
0.0
0.0
0.0
0.0
0.0
0.0
0.0
0.0
0.0
0.0
0.0
0.0
0.0
0.0
0.0
0.0
0.0
0.0
0.0
0.0
0.0
0.0
0.0
0.0
0.0
0.0
0.0
0.0
0.0
0.0
0.0
0.0
0.0
0.0
0.0
0.0
0.0
0.0
0.0
0.0
0.0
0.0
0.0
0.0
0.0
0.0
0.0
0.0
0.0
0.0
0.0
0.0
0.0
0.0
0.0
0.0
0.0
0.0
0.0
0.0
0.0
0.0
0.0
0.0
0.0
0.0
0.0
0.0
0.0
0.0
0.0
0.0
0.0
0.0
0.0
0.0
0.0
0.0
0.0
0.0
0.0
0.0
0.0
0.0
0.0
0.0
0.0
0.0
0.0
0.0
0.0
0.0
0.0
0.0
0.0
0.0
0.0
0.0
0.0
0.0
0.0
0.0
0.0
0.0
0.0
0.0
0.0
0.0
0.0
0.0
0.0
0.0
0.0
0.0
0.0
0.0
0.0
0.0
0.0
0.0
0.0
0.0
0.0
0.0
0.0
0.0
0.0
0.0
0.0
0.0
0.0
0.0
0.0
0.0
0.0
0.0
0.0
0.0
0.0
0.0
0.0
0.0
0.0
0.0
0.0
0.0
0.0
0.0
0.0
0.0
0.0
0.0
0.0
0.0
0.0
0.0
0.0
0.0
0.0
0.0
0.0
0.0
0.0
0.0
0.0
0.0
0.0
0.0
0.0
0.0
0.0
0.0
0.0
0.0
0.0
0.0
0.0
0.0
0.0
0.0
0.0
0.0
0.0
0.0
0.0
0.0
0.0
0.0
0.0
0.0
0.0
0.0
0.0
0.0
0.0
0.0
0.0
0.0
0.0
0.0
0.0
0.0
0.0
0.0
0.0
0.0
0.0
0.0
0.0
0.0
0.0
0.0
0.0
0.0
0.0
0.0
0.0
0.0
0.0
0.0
0.0
0.0
0.0
0.0
0.0
0.0
0.0
0.0
0.0
0.0
0.0
0.0
0.0
0.0
0.0
0.0
0.0
0.0
0.0
0.0
0.0
0.0
0.0
0.0
0.0
0.0
0.0
0.0
0.0
0.0
0.0
0.0
0.0
0.0
0.0
0.0
0.0
0.0
0.0
0.0
0.0
0.0
0.0
0.0
0.0
0.0
0.0
0.0
0.0
0.0
0.0
0.0
0.0
0.0
0.0
0.0
0.0
0.0
0.0
0.0
0.0
0.0
0.0
0.0
0.0
0.0
0.0
0.0
0.0
0.0
0.0
0.0
0.0
0.0
0.0
0.0
0.0
0.0
0.0
0.0
0.0
0.0
0.0
0.0
0.0
0.0
0.0
0.0
0.0
0.0
0.0
0.0
0.0
0.0
0.0
0.0
0.0
0.0
0.0
0.0
0.0
0.0
0.0
0.0
0.0
0.0
0.0
0.0
0.0
0.0
0.0
0.0
0.0
0.0
0.0
0.0
0.0
0.0
0.0
0.0
0.0
0.0
0.0
0.0
0.0
0.0
0.0
0.0
0.0
0.0
0.0
0.0
0.0
0.0
0.0
0.0
0.0
0.0
0.0
0.0
0.0
0.0
0.0
0.0
0.0
0.0
0.0
0.0
0.0
0.0
0.0
0.0
0.0
0.0
0.0
0.0
0.0
0.0
