3.6632997970854925e-6
3.719765637501873e-6
3.771837720078659e-6
3.821186834305431e-6
3.868392162953561e-6
3.913666862970584e-6
3.956775134332736e-6
3.998662485715605e-6
4.039228926402302e-6
4.0787047766969675e-6
4.117371034704373e-6
4.155084602582601e-6
4.191773879548244e-6
4.227953546263958e-6
4.263613160444525e-6
4.298789755832119e-6
4.333499444621383e-6
4.36762398555394e-6
4.401165116674798e-6
4.4344460303957615e-6
4.467480446548997e-6
4.500247264292068e-6
4.532714459247071e-6
4.564867485162073e-6
4.596702197324782e-6
4.628214379362901e-6
4.65954174977648e-6
4.6907039921347146e-6
4.721700154898776e-6
4.752532055536377e-6
4.78316581854923e-6
4.813603516204424e-6
4.843939820189652e-6
4.874120472094325e-6
4.9041132534245125e-6
4.933934082442685e-6
4.9636561375832474e-6
4.993207582118396e-6
5.022678318835621e-6
5.052091886408938e-6
5.08145099997972e-6
5.110752601169656e-6
5.1399752051220995e-6
5.169042719359078e-6
5.19791051701886e-6
5.226684290191368e-6
5.255400430406781e-6
5.284080813282572e-6
5.31273638171465e-6
5.341370342598275e-6
5.3699602191544734e-6
5.398475055058903e-6
5.426908477440322e-6
5.455291468263819e-6
5.483639728888674e-6
5.511963700340206e-6
5.540271888804223e-6
5.568529064736476e-6
5.596681559422396e-6
5.624814167792402e-6
5.652938216592396e-6
5.681032478271224e-6
5.709091676069516e-6
5.7371394479791575e-6
5.7651860616189384e-6
5.7931729398053395e-6
5.821157524563417e-6
5.8491415443472805e-6
5.877122724225169e-6
5.905089361199338e-6
5.933029316888169e-6
5.960944352384222e-6
5.9887860054099e-6
6.016592277662661e-6
6.04439809550706e-6
6.072210124299104e-6
6.100031472841897e-6
6.127863119301314e-6
6.155703794370793e-6
6.1835444045979924e-6
6.211353421738206e-6
6.239132659224166e-6
6.266904906748913e-6
6.294686916318906e-6
6.322486849032451e-6
6.350306159578279e-6
6.378142344828449e-6
6.405972596069152e-6
6.433779313969486e-6
6.461583334867367e-6
6.489378824070302e-6
6.517156810980117e-6
6.544931575351084e-6
6.5727230266332555e-6
6.600519424719185e-6
6.628325291855228e-6
6.656133361347229e-6
6.683971593639772e-6
6.711839037737775e-6
6.739734978619392e-6
6.767654363061966e-6
6.795590387306294e-6
6.823541005781817e-6
6.851497693793062e-6
6.879442272604784e-6
6.90739766825978e-6
6.935368808318809e-6
6.963360511513139e-6
6.991368268041366e-6
7.019388749250107e-6
7.047428968861705e-6
7.075490156346058e-6
7.103542082355069e-6
7.131617452915479e-6
7.159731298741584e-6
7.1878794538532046e-6
7.216062173548155e-6
7.2442808725522285e-6
7.272532280789504e-6
7.3008077272732454e-6
7.329090123396222e-6
7.3573536555792945e-6
7.385638885079282e-6
7.413945947315148e-6
7.442290033751225e-6
7.470674723098665e-6
7.499095817458751e-6
7.5275514032155484e-6
7.556039479064194e-6
7.584549514126218e-6
7.613070685684534e-6
7.641620347405276e-6
7.67020382693036e-6
7.698810570038073e-6
7.727433522365962e-6
7.75607770810434e-6
7.784751947345422e-6
7.813454957134913e-6
7.842190377586067e-6
7.870949593761687e-6
7.899746754299629e-6
7.928590037618285e-6
7.957476036830996e-6
7.986403821321643e-6
8.015371986833489e-6
8.044376974333995e-6
8.073417601780698e-6
8.102494817357955e-6
8.131584553450169e-6
8.160704493696605e-6
8.189864083422597e-6
8.219056415435924e-6
8.248289902209346e-6
8.277562780271565e-6
8.306867887615525e-6
8.336205432306538e-6
8.365577517910527e-6
8.394992132359084e-6
8.424422817173108e-6
8.453886248041332e-6
8.483406251798972e-6
8.512970398009121e-6
8.542568169728819e-6
8.572211943651411e-6
8.601911929471301e-6
8.63165801952771e-6
8.661447113948339e-6
8.691294472540089e-6
8.721159778499547e-6
8.751054048504174e-6
8.780993847646821e-6
8.810966735278022e-6
8.84098762811655e-6
8.871057943427366e-6
8.901175577800075e-6
8.931345790218243e-6
8.961559612541295e-6
8.991800665879104e-6
9.022079108800398e-6
9.052390942118858e-6
9.082762766342385e-6
9.113159672300607e-6
9.143608214465646e-6
9.174101014266717e-6
9.20463831014521e-6
9.235228300740877e-6
9.265869272256742e-6
9.296573774700531e-6
9.327303611242967e-6
9.35808627544393e-6
9.388902713615456e-6
9.419780486615076e-6
9.4507081459091e-6
9.481691847110927e-6
9.51271625526563e-6
9.543782884371832e-6
9.574901632822779e-6
9.606069226996896e-6
9.637295321403038e-6
9.668589432665001e-6
9.699917301144734e-6
9.731308357654813e-6
9.76274490300001e-6
9.794223288444654e-6
9.825769421709947e-6
9.857365893288807e-6
9.889014309674171e-6
9.920708194228305e-6
9.952430001233387e-6
9.984195119459245e-6
1.0016012723435207e-5
1.0047882969064132e-5
1.0079796043786354e-5
1.0111782699759365e-5
1.014381048840435e-5
1.0175893932976359e-5
1.0208046813492208e-5
1.0240254780882645e-5
1.0272514178267608e-5
1.0304842213007014e-5
1.0337236801513107e-5
1.0369674282192017e-5
1.0402176012176383e-5
1.0434726984029923e-5
1.0467337146096704e-5
1.0499974454141199e-5
1.0532674385570858e-5
1.056543362735939e-5
1.0598249001393305e-5
1.0631123225986032e-5
1.0664065593463949e-5
1.0697065214329992e-5
1.0730110460016428e-5
1.0763218610958566e-5
1.079640327487714e-5
1.0829636644730836e-5
1.0862914987644146e-5
1.0896259557957867e-5
1.0929666437540324e-5
1.096313222884197e-5
1.0996649206598703e-5
1.1030208366481134e-5
1.1063836214171451e-5
1.1097538456527832e-5
1.1131297824351297e-5
1.1165107912073936e-5
1.119897832882333e-5
1.1232918251689596e-5
1.1266936997621843e-5
1.1301005336273585e-5
1.1335125795049228e-5
1.1369318671689716e-5
1.1403562425364201e-5
1.1437876229767447e-5
1.1472257211165869e-5
1.150670027803735e-5
1.1541201406970993e-5
1.157576535074852e-5
1.1610404773347941e-5
1.1645114586234425e-5
1.1679877260121123e-5
1.171470503857997e-5
1.1749606314181845e-5
1.1784566126415877e-5
1.1819583555737212e-5
1.185467525909253e-5
1.1889826854682904e-5
1.192504584189244e-5
1.1960327228679685e-5
1.199566868949054e-5
1.2031069486040486e-5
1.2066531856461225e-5
1.2102084093449256e-5
1.2137724408896676e-5
1.217341356048401e-5
1.2209152096062303e-5
1.2244952926240165e-5
1.2280822557190934e-5
1.2316758142913363e-5
1.2352751913054674e-5
1.2388811604815769e-5
1.2424974972088249e-5
1.2461196846048457e-5
1.2497492719401577e-5
1.2533861512852488e-5
1.257028860995158e-5
1.2606776027821228e-5
1.2643332210314234e-5
1.2679959779559904e-5
1.2716667734263822e-5
1.2753464141120508e-5
1.2790335322324848e-5
1.282728372255451e-5
1.2864286779412437e-5
1.2901362104571702e-5
1.2938510775880539e-5
1.2975730833013148e-5
1.301302163300054e-5
1.3050378741914232e-5
1.3087814438321466e-5
1.3125329712053804e-5
1.3162911419979338e-5
1.320055120691464e-5
1.3238254039585188e-5
1.3276042172244381e-5
1.3313920467428845e-5
1.3351867522528777e-5
1.3389884422770363e-5
1.3427969033740788e-5
1.3466127573782531e-5
1.3504358027927783e-5
1.354265871099232e-5
1.3581027821811987e-5
1.3619488792302077e-5
1.36580407741428e-5
1.3696659491061783e-5
1.3735341819338007e-5
1.377409827774184e-5
1.3812951313895749e-5
1.3851891271566815e-5
1.3890898997008078e-5
1.3929974023158226e-5
1.3969124031385348e-5
1.4008351329514633e-5
1.404766196373496e-5
1.4087068013193167e-5
1.4126550384057267e-5
1.4166104640546592e-5
1.4205735506306e-5
1.4245441972026888e-5
1.4285220736975632e-5
1.4325076991555839e-5
1.4365012969722548e-5
1.4405030925587227e-5
1.4445131633389217e-5
1.448531595418309e-5
1.4525587252304062e-5
1.4565944412851225e-5
1.4606380865388253e-5
1.4646891081847505e-5
1.4687475147859207e-5
1.4728141813860372e-5
1.4768900266444866e-5
1.4809750743819894e-5
1.4850695886549051e-5
1.4891710954315612e-5
1.4932795263249583e-5
1.4973959748990939e-5
1.5015209787938268e-5
1.5056538580301721e-5
1.5097948208238703e-5
1.5139440801210215e-5
1.5181019089784154e-5
1.5222686171655444e-5
1.526443815876111e-5
1.530626614258232e-5
1.5348173959658798e-5
1.5390174178886687e-5
1.543226642721637e-5
1.5474442361103617e-5
1.5516698359361136e-5
1.5559041446262314e-5
1.5601480924273694e-5
1.5644007628175247e-5
1.5686613868890994e-5
1.5729300151821706e-5
1.5772070187971308e-5
1.5814929879694754e-5
1.5857883539119743e-5
1.590093259439349e-5
1.594407973941315e-5
1.5987317995513146e-5
1.6030639499983727e-5
1.6074041744697694e-5
1.6117526877807383e-5
1.6161100838826055e-5
1.620477052283629e-5
1.6248535977161837e-5
1.6292393532739157e-5
1.633634469196235e-5
1.6380384035863297e-5
1.642450532485295e-5
1.6468715459370187e-5
1.651302911894469e-5
1.6557449631075896e-5
1.6601953283695945e-5
1.664652867359551e-5
1.669119173685241e-5
1.6735946685557015e-5
1.6780781948200016e-5
1.682569720634587e-5
1.687069036708468e-5
1.6915807358328067e-5
1.6961017844268048e-5
1.7006315400716042e-5
1.705169495049549e-5
1.709716436442955e-5
1.7142738866364833e-5
1.7188423876632113e-5
1.723421356250542e-5
1.7280098008790537e-5
1.7326064173940728e-5
1.7372122439497298e-5
1.7418289686516604e-5
1.746456469562031e-5
1.751093989848629e-5
1.7557411333340966e-5
1.7603972671803196e-5
1.7650617778449547e-5
1.769734775511594e-5
1.7744169328747724e-5
1.7791086230919482e-5
1.7838100687824856e-5
1.7885238878886228e-5
1.7932474845278312e-5
1.797979111816916e-5
1.8027214995264005e-5
1.8074729934306158e-5
1.8122338642489837e-5
1.8170040573294762e-5
1.821781958620847e-5
1.8265733638105654e-5
1.831375948023596e-5
1.8361885138204586e-5
1.8410104372456856e-5
1.8458416057659613e-5
1.8506819986270604e-5
1.8555311291687727e-5
1.8603883380423096e-5
1.8652572356054343e-5
1.8701395737995433e-5
1.875033120376815e-5
1.8799366909037662e-5
1.884849671878421e-5
1.88977157078037e-5
1.8947016229260262e-5
1.8996412409001567e-5
1.90459597150534e-5
1.9095615661712914e-5
1.914536726274275e-5
1.9195190958523355e-5
1.924512199748782e-5
1.929514269446336e-5
1.9345238741195323e-5
1.9395493782808516e-5
1.9445848486927705e-5
1.9496311888733018e-5
1.9546889565390712e-5
1.95975664372424e-5
1.9648325433298615e-5
1.9699159194326177e-5
1.97501379995473e-5
1.9801239015478856e-5
1.9852440890889836e-5
1.9903742405342974e-5
1.9955145258739158e-5
2.00066300815673e-5
2.0058241412993752e-5
2.0109975082697467e-5
2.0161802586528726e-5
2.021374005446668e-5
2.0265793722888803e-5
2.03179469045411e-5
2.0370203590550546e-5
2.0422588470244304e-5
2.047509685168637e-5
2.0527712926476926e-5
2.05804211854316e-5
2.06332106460661e-5
2.068612397548326e-5
2.0739170668305994e-5
2.0792332615408642e-5
2.0845588851642097e-5
2.0898931682867183e-5
2.0952393386417312e-5
2.1005915335313157e-5
2.1059594412326333e-5
2.1113413551109677e-5
2.1167347330217758e-5
2.122138590343177e-5
2.127552177573277e-5
2.13297498464389e-5
2.1384117334360402e-5
2.143857963960586e-5
2.1493162051431036e-5
2.154786850155819e-5
2.1602650433057096e-5
2.1657576613248234e-5
2.1712626041144846e-5
2.176776734325154e-5
2.1822996338358234e-5
2.1878323760983934e-5
2.1933775583955222e-5
2.198938160802926e-5
2.2045129992637958e-5
2.210099059107402e-5
2.215694634561171e-5
2.2212982639816396e-5
2.2269151921986282e-5
2.2325492091673857e-5
2.2381927597592563e-5
2.2438452163071685e-5
2.2495055242834006e-5
2.2551756388688528e-5
2.2608632317368304e-5
2.2665658544944614e-5
2.2722816563497385e-5
2.2780060792297986e-5
2.283738090665161e-5
2.2894860996310385e-5
2.2952406172016417e-5
2.3010110521738708e-5
2.306793218772475e-5
2.312581312735306e-5
2.318386228306576e-5
2.3242035646955848e-5
2.330029472407265e-5
2.335866152343731e-5
2.3417133542104376e-5
2.3475804370110593e-5
2.3534606589382485e-5
2.359351074960557e-5
2.3652483850244057e-5
2.3711559489747497e-5
2.3770801694288887e-5
2.383016786718113e-5
2.388964715248169e-5
2.3949220911256438e-5
2.4008925114165067e-5
2.406878588604993e-5
2.4128782653685787e-5
2.4188873536869652e-5
2.4249019977229158e-5
2.4309294252768558e-5
2.4369726353869954e-5
2.4430306776224478e-5
2.4491014699011705e-5
2.4551818307871523e-5
2.4612746997160753e-5
2.467380323961339e-5
2.473497656324107e-5
2.4796276966228456e-5
2.485771426007679e-5
2.4919331296771432e-5
2.4981056945299625e-5
2.5042860657800323e-5
2.5104760140261698e-5
2.5166820640161697e-5
2.5229046508560815e-5
2.529134340665056e-5
2.5353700448608033e-5
2.5416167036157525e-5
2.54788970332664e-5
2.5541735386669804e-5
2.5604688672980432e-5
2.5667704409202527e-5
2.5730836935008513e-5
2.579415748642363e-5
2.5857569863642697e-5
2.5921095000822616e-5
2.59847371222337e-5
2.604856426748861e-5
2.611252589645294e-5
2.617658693259512e-5
2.624065767101831e-5
2.630495165737758e-5
2.6369390222329416e-5
2.6433971507939467e-5
2.6498640348932638e-5
2.65634592855172e-5
2.6628390425055858e-5
2.6693427020316138e-5
2.6758596057962462e-5
2.6823919509763294e-5
2.6889413496315506e-5
2.695499016292804e-5
2.702065475601026e-5
2.708647353450848e-5
2.7152487883779394e-5
2.721862549032287e-5
2.7284836278219537e-5
2.7351109373049364e-5
2.74175608731423e-5
2.748417298316708e-5
2.7550899861442358e-5
2.761772056498793e-5
2.768472772183339e-5
2.7751928262717427e-5
2.781924296584769e-5
2.7886623622878608e-5
2.7954113607157217e-5
2.80217604376893e-5
2.808952459726655e-5
2.8157378865229308e-5
2.822539942898943e-5
2.8293605096989128e-5
2.836192262585017e-5
2.8430312476695273e-5
2.849877882141106e-5
2.856742619379326e-5
2.8636245725381156e-5
2.8705205396107844e-5
2.8774260825627043e-5
2.8843459321166847e-5
2.8912731416047e-5
2.898219814989731e-5
2.9051805049723584e-5
2.9121615177121007e-5
2.9191461692217937e-5
2.926135432983859e-5
2.9331453828482726e-5
2.940179222739045e-5
2.9472191185190856e-5
2.9542619721415308e-5
2.961321949070892e-5
2.9684036327674016e-5
2.9754965130228717e-5
2.9825961627113896e-5
2.9897064790790953e-5
2.996840778158159e-5
3.0039864516522224e-5
3.011137474820062e-5
3.018301435181764e-5
3.025485321926631e-5
3.0326817045462747e-5
3.039883525717551e-5
3.0471051227720227e-5
3.054344110155795e-5
3.061595498568829e-5
3.068849616215559e-5
3.07612395199112e-5
3.083409858967671e-5
3.0907082983455415e-5
3.0980169778182586e-5
3.105350021933904e-5
3.1126964311036926e-5
3.1200511597765405e-5
3.127409606631267e-5
3.1347824823534224e-5
3.1421722429296285e-5
3.1495781251559135e-5
3.1570000720710984e-5
3.16443151986829e-5
3.171873128690694e-5
3.1793276839203795e-5
3.186806999264912e-5
3.1942939791711486e-5
3.201784094777318e-5
3.209285619714475e-5
3.2168132512220836e-5
3.2243540418456e-5
3.2318983822669475e-5
3.239458101954388e-5
3.247039994633094e-5
3.25463155317618e-5
3.262222820822726e-5
3.2698342854414954e-5
3.277463057615989e-5
3.2851006521242694e-5
3.2927469506329985e-5
3.300413610260494e-5
3.308096649726344e-5
3.3157883474892407e-5
3.323489516061056e-5
3.3312095928047165e-5
3.338941571543054e-5
3.346679655296588e-5
3.354430909265232e-5
3.3621989068578567e-5
3.36997698350964e-5
3.3777686148034846e-5
3.385573887046018e-5
3.393395673565205e-5
3.401227964247051e-5
3.4090745080092554e-5
3.416932316116446e-5
3.424799409085369e-5
3.432678403226712e-5
3.440573199953355e-5
3.44848214726247e-5
3.456398045086396e-5
3.46432489339316e-5
3.4722687267914126e-5
3.480230294796076e-5
3.48820602822676e-5
3.496193279005945e-5
3.504181556576782e-5
3.512172887501138e-5
3.5201931547602285e-5
3.5282384465960226e-5
3.5362803579705474e-5
3.544324519785376e-5
3.552393550396566e-5
3.560481918367116e-5
3.568569195120597e-5
3.5766677049806596e-5
3.584795008165497e-5
3.592928326328541e-5
3.601060524024514e-5
3.609205111064923e-5
3.61737584357196e-5
3.625552826093666e-5
3.6337374121804765e-5
3.641942670310326e-5
3.6501579685566105e-5
3.658377283673369e-5
3.6666071849964784e-5
3.6748591446371175e-5
3.683118828406127e-5
3.691386770054292e-5
3.699673217961302e-5
3.707968468434517e-5
3.7162709732536346e-5
3.7245857241872505e-5
3.732916650047218e-5
3.741255702472342e-5
3.749603234277073e-5
3.757967879804024e-5
3.7663414656578715e-5
3.7747216430856e-5
3.783117671876428e-5
3.79152666508251e-5
3.799945270838906e-5
3.8083733119773216e-5
3.8168159824409374e-5
3.825262134397818e-5
3.8337155477123996e-5
3.842191647607182e-5
3.850675174108285e-5
3.859169244410146e-5
3.8676737674288306e-5
3.876189089236231e-5
3.8847106462472656e-5
3.893242013174602e-5
3.9017884795707495e-5
3.910336587768743e-5
3.918902183113104e-5
3.9274944129454735e-5
3.936077880524606e-5
3.944659288120949e-5
3.9532641046745025e-5
3.961892328133275e-5
3.970513201473887e-5
3.9791355080247424e-5
3.9877883246071426e-5
3.996448140000226e-5
4.0051013859744834e-5
4.013775769472814e-5
4.022460133144408e-5
4.0311494797904784e-5
4.039850293019728e-5
4.048567821802695e-5
4.0572837121148365e-5
4.065996946547422e-5
4.074734621061214e-5
4.0834852429285804e-5
4.092234985966651e-5
4.1010014261375665e-5
4.109771000098111e-5
4.118545710363495e-5
4.127331720564973e-5
4.136131351040301e-5
4.1449337741872226e-5
4.153737012991912e-5
4.162560250916982e-5
4.1713896973584165e-5
4.18021995315858e-5
4.1890679373389854e-5
4.19791502127187e-5
4.206768738581775e-5
4.215637972742162e-5
4.224515425460234e-5
4.2333924141788474e-5
4.242274723862891e-5
4.251167601915774e-5
4.260065937499558e-5
4.2689700175496735e-5
4.277887711437825e-5
4.286804929479951e-5
4.295724658352475e-5
4.304663027162001e-5
4.3136030623284204e-5
4.322544088367013e-5
4.331497484673239e-5
4.3404500605037167e-5
4.349405943120269e-5
4.358375583737216e-5
4.3673498590131563e-5
4.3763229751267545e-5
4.385303248711605e-5
4.3942944082107894e-5
4.403279622201153e-5
4.412272528625374e-5
4.4212877654694826e-5
4.43028317177413e-5
4.439275052512183e-5
4.448310551267645e-5
4.45733567191524e-5
4.466343513545195e-5
4.475364011013185e-5
4.484405705750357e-5
4.493430262616034e-5
4.502452937200877e-5
4.51150473198926e-5
4.520549709703592e-5
4.529578888427086e-5
4.538623548998729e-5
4.547681494652389e-5
4.5567287813432876e-5
4.565780863499881e-5
4.574830671408489e-5
4.583878871544578e-5
4.592945005843639e-5
4.602008465240184e-5
4.611061428868314e-5
4.6201210920030004e-5
4.6291872564454245e-5
4.638249290125295e-5
4.647309954331603e-5
4.656374763547823e-5
4.6654375388141955e-5
4.67449518145558e-5
4.683558064319001e-5
4.692622512198563e-5
4.701682321679071e-5
4.7107489408065345e-5
4.719802742590214e-5
4.7288493959054756e-5
4.737912432877762e-5
4.746968775654402e-5
4.7560155065382354e-5
4.765066215217896e-5
4.774109668929627e-5
4.783155313675924e-5
4.7922027745779266e-5
4.8012409813781855e-5
4.810268973533564e-5
4.819300233762077e-5
4.828332562024467e-5
4.8373530556040215e-5
4.846370955852548e-5
4.8553855837301684e-5
4.864392507611579e-5
4.873395647196864e-5
4.8823943024403666e-5
4.8913850466215326e-5
4.90037350701991e-5
4.9093588258198384e-5
4.918327786015028e-5
4.9272919424298216e-5
4.9362591872575594e-5
4.9452080065901324e-5
4.954150472488133e-5
4.963096342487322e-5
4.972019650043907e-5
4.980936092699862e-5
4.989860097855529e-5
4.9987538258758495e-5
5.007639766500253e-5
5.0165408908411436e-5
5.0254155923052536e-5
5.034269111073377e-5
5.043127277151962e-5
5.0519735115155016e-5
5.060797288033167e-5
5.069619915971433e-5
5.0784343201021774e-5
5.0872182843113815e-5
5.096000266983317e-5
5.1047840310799914e-5
5.113531791202106e-5
5.122266066754887e-5
5.131008148189075e-5
5.139725978659319e-5
5.14841933110862e-5
5.1571070556209046e-5
5.165778314338042e-5
5.174427306330453e-5
5.183066929843891e-5
5.191690035316818e-5
5.200293079197158e-5
5.2088835531913805e-5
5.217450160040905e-5
5.225997317458648e-5
5.2345321610943614e-5
5.2430405654879816e-5
5.251532200574978e-5
5.260013966909171e-5
5.26846663088795e-5
5.276897841246747e-5
5.285315390448132e-5
5.2937033743531107e-5
5.3020696134890364e-5
5.310419203350374e-5
5.318739077889763e-5
5.3270397444994684e-5
5.33531747482885e-5
5.343560356749864e-5
5.351789070669578e-5
5.359997644385481e-5
5.368170100531033e-5
5.376317330800184e-5
5.3844426195644214e-5
5.3925385583922914e-5
5.400604728833088e-5
5.4086456111184754e-5
5.4166555617217893e-5
5.424635330035687e-5
5.432588505331269e-5
5.440506836172982e-5
5.4483943806651234e-5
5.4562544822368844e-5
5.464078413765642e-5
5.471870472594242e-5
5.479631506568194e-5
5.487353273707569e-5
5.4950426670721074e-5
5.5027014881176105e-5
5.510319994436615e-5
5.517900989528146e-5
5.5254467343075544e-5
5.5329541640089244e-5
5.5404249649228624e-5
5.547858465359263e-5
5.555249118627518e-5
5.5626004275200276e-5
5.569914000224505e-5
5.5771790627131105e-5
5.5844030720690703e-5
5.59159193262438e-5
5.598729207585361e-5
5.605820318512905e-5
5.6128743133867175e-5
5.6198757348482694e-5
5.626829510306442e-5
5.633745885009183e-5
5.640605862199065e-5
5.647414139149182e-5
5.6541853256668215e-5
5.6608941594315116e-5
5.667547520107745e-5
5.674166539133197e-5
5.6807185649685004e-5
5.68721043425304e-5
5.6936695411614434e-5
5.7000622345322435e-5
5.706388728351335e-5
5.712675609530128e-5
5.718898702876194e-5
5.7250496090645325e-5
5.731154044501295e-5
5.737198608041266e-5
5.743169374375633e-5
5.749087457880512e-5
5.754943822322988e-5
5.760723937398138e-5
5.7664460613666094e-5
5.77210443538146e-5
5.777683319413965e-5
5.783200404841102e-5
5.7886535241618816e-5
5.794027346729835e-5
5.799332350739113e-5
5.8045660111528445e-5
5.809721731514511e-5
5.8148055747445525e-5
5.8198101611587756e-5
5.824735878974744e-5
5.829589577099029e-5
5.8343578209035725e-5
5.839041502425657e-5
5.843650816252426e-5
5.8481736595057164e-5
5.852606784756093e-5
5.856960998537563e-5
5.8612270168393104e-5
5.865400045450888e-5
5.869487524548806e-5
5.873481859725382e-5
5.877381483991726e-5
5.881190284451935e-5
5.884900583821769e-5
5.888513132191937e-5
5.8920306460811594e-5
5.895446847422881e-5
5.8987627529863416e-5
5.90197577742098e-5
5.905081433838745e-5
5.9080842776761664e-5
5.9109788891972214e-5
5.91376127399676e-5
5.916437536499545e-5
5.919001119961374e-5
5.9214478795758696e-5
5.923781100376976e-5
5.925996625697586e-5
5.928091134964676e-5
5.930065937183698e-5
5.931917699519761e-5
5.9336440581911234e-5
5.935244999909769e-5
5.936716469272183e-5
5.938057472486563e-5
5.939267724039824e-5
5.940341843452054e-5
5.941280061852491e-5
5.94208109890809e-5
5.942740401923521e-5
5.9432571944786755e-5
5.943629638340202e-5
5.943854655391848e-5
5.943930527681827e-5
5.943854793680698e-5
5.943625374433973e-5
5.9432396895565814e-5
5.9426950322636586e-5
5.941990244504373e-5
5.9411212841929795e-5
5.940085607559441e-5
5.93888276647956e-5
5.937507361416742e-5
5.935957647535497e-5
5.934233913059613e-5
5.9323288759597e-5
5.9302415921262155e-5
5.9279721934131914e-5
5.9255111405378427e-5
5.922859307579355e-5
5.920016934984038e-5
5.916972685873294e-5
5.9137292625281116e-5
5.9102877888264854e-5
5.906633969955734e-5
5.902769736513787e-5
5.8986993557347825e-5
5.894406254375004e-5
5.8898910956778636e-5
5.885158869792219e-5
5.88019131196864e-5
5.8749930901540324e-5
5.8695697758006274e-5
5.863895650889247e-5
5.857980516459842e-5
5.851831037880303e-5
5.845411666329703e-5
5.838738773729872e-5
5.8318241150025926e-5
5.824625770979248e-5
5.817158502046931e-5
5.8094367795761156e-5
5.8014184209559563e-5
5.7931164463341855e-5
5.784542287952813e-5
5.775660815674315e-5
5.766484320363553e-5
5.757008839522467e-5
5.74721344444404e-5
5.7371087472859756e-5
5.72668641610886e-5
5.715928502990964e-5
5.7048447394807426e-5
5.693420277977084e-5
5.6816471208209326e-5
5.6695301997488674e-5
5.6570492162246025e-5
5.6442060062268885e-5
5.630993741562407e-5
5.6173890826289876e-5
5.603407388999412e-5
5.589036854119647e-5
5.574249050499634e-5
5.5590612700419434e-5
5.5434600304617774e-5
5.5274127033784106e-5
5.510936909490099e-5
5.494025485658066e-5
5.4766458823002124e-5
5.4588030603849234e-5
5.440495673971024e-5
5.421693309778123e-5
5.402387974704497e-5
5.382598604173376e-5
5.362279470009655e-5
5.34141884784082e-5
5.32004059434746e-5
5.2981016720398015e-5
5.275579942660914e-5
5.2524889487794896e-5
5.228805068032548e-5
5.204504942757226e-5
5.179564010412094e-5
5.1540102844791146e-5
5.1278161140509525e-5
5.100888374363332e-5
5.07330487561656e-5
5.04503418385398e-5
5.015978465182431e-5
4.986205898993689e-5
4.955685589657548e-5
4.92432439442329e-5
4.892177715902118e-5
4.859204786548866e-5
4.8253188121838874e-5
4.790566741556605e-5
4.754902114927875e-5
4.7182559574550626e-5
4.680662563283356e-5
4.6420645667221104e-5
4.602391323828057e-5
4.5616545292921465e-5
4.5197910977372165e-5
4.47674092461219e-5
4.432498089178526e-5
4.3869862071469375e-5
4.340180214656707e-5
4.292034391511972e-5
4.242436399338311e-5
4.1913956005718846e-5
4.1388259577119095e-5
4.084575913581216e-5
4.028700151837431e-5
3.971058883010643e-5
3.911450121443471e-5
3.849976387680808e-5
3.786418716869606e-5
3.7205404484856105e-5
3.652476898450344e-5
3.581913389596322e-5
3.508605579621884e-5
3.432614409349986e-5
3.353533525506874e-5
3.271091739554657e-5
3.1852409312856164e-5
3.095454739053766e-5
3.0014048699941823e-5
2.902846221677672e-5
2.799004678769977e-5
2.6893616008463672e-5
2.573304690005547e-5
2.4495982963692282e-5
2.317196819814917e-5
2.174521340634047e-5
2.01902277764375e-5
1.8478699644634567e-5
1.656095723845368e-5
1.4349033107057388e-5
1.1684759466480233e-5
8.129870969771048e-6
0.0
0.0
0.0
0.0
0.0
0.0
0.0
0.0
0.0
0.0
0.0
0.0
0.0
0.0
0.0
0.0
0.0
0.0
0.0
0.0
0.0
0.0
0.0
0.0
0.0
0.0
0.0
0.0
0.0
0.0
0.0
0.0
0.0
0.0
0.0
0.0
0.0
0.0
0.0
0.0
0.0
0.0
0.0
0.0
0.0
0.0
0.0
0.0
0.0
0.0
0.0
0.0
0.0
0.0
0.0
0.0
0.0
0.0
0.0
0.0
0.0
0.0
0.0
0.0
0.0
0.0
0.0
0.0
0.0
0.0
0.0
0.0
0.0
0.0
0.0
0.0
0.0
0.0
0.0
0.0
0.0
0.0
0.0
0.0
0.0
0.0
0.0
0.0
0.0
0.0
0.0
0.0
0.0
0.0
0.0
0.0
0.0
0.0
0.0
0.0
0.0
0.0
0.0
0.0
0.0
0.0
0.0
0.0
0.0
0.0
0.0
0.0
0.0
0.0
0.0
0.0
0.0
0.0
0.0
0.0
0.0
0.0
0.0
0.0
0.0
0.0
0.0
0.0
0.0
0.0
0.0
0.0
0.0
0.0
0.0
0.0
0.0
0.0
0.0
0.0
0.0
0.0
0.0
0.0
0.0
0.0
0.0
0.0
0.0
0.0
0.0
0.0
0.0
0.0
0.0
0.0
0.0
0.0
0.0
0.0
0.0
0.0
0.0
0.0
0.0
0.0
0.0
0.0
0.0
0.0
0.0
0.0
0.0
0.0
0.0
0.0
0.0
0.0
0.0
0.0
0.0
0.0
0.0
0.0
0.0
0.0
0.0
0.0
0.0
0.0
0.0
0.0
0.0
0.0
0.0
0.0
0.0
0.0
0.0
0.0
0.0
0.0
0.0
0.0
0.0
0.0
0.0
0.0
0.0
0.0
0.0
0.0
0.0
0.0
0.0
0.0
0.0
0.0
0.0
0.0
0.0
0.0
0.0
0.0
0.0
0.0
0.0
0.0
0.0
0.0
0.0
0.0
0.0
0.0
0.0
0.0
0.0
0.0
0.0
0.0
0.0
0.0
0.0
0.0
0.0
0.0
0.0
0.0
0.0
0.0
0.0
0.0
0.0
0.0
0.0
0.0
0.0
0.0
0.0
0.0
0.0
0.0
0.0
0.0
0.0
0.0
0.0
0.0
0.0
0.0
0.0
0.0
0.0
0.0
0.0
0.0
0.0
0.0
0.0
0.0
0.0
0.0
0.0
0.0
0.0
0.0
0.0
0.0
0.0
0.0
0.0
0.0
0.0
0.0
0.0
0.0
0.0
0.0
0.0
0.0
0.0
0.0
0.0
0.0
0.0
0.0
0.0
0.0
0.0
0.0
0.0
0.0
0.0
0.0
0.0
0.0
0.0
0.0
0.0
0.0
0.0
0.0
0.0
0.0
0.0
0.0
0.0
0.0
0.0
0.0
0.0
0.0
0.0
0.0
0.0
0.0
0.0
0.0
0.0
0.0
0.0
0.0
0.0
0.0
0.0
0.0
0.0
0.0
0.0
0.0
0.0
0.0
0.0
0.0
0.0
0.0
0.0
0.0
0.0
0.0
0.0
0.0
0.0
0.0
0.0
0.0
0.0
0.0
0.0
0.0
0.0
0.0
0.0
0.0
0.0
0.0
0.0
0.0
0.0
0.0
0.0
0.0
0.0
0.0
0.0
0.0
0.0
0.0
0.0
0.0
0.0
0.0
0.0
0.0
0.0
0.0
0.0
0.0
0.0
0.0
0.0
0.0
0.0
0.0
0.0
0.0
0.0
0.0
0.0
0.0
0.0
0.0
0.0
0.0
0.0
0.0
0.0
0.0
0.0
0.0
0.0
0.0
0.0
0.0
0.0
0.0
0.0
0.0
0.0
0.0
0.0
0.0
0.0
0.0
0.0
0.0
0.0
0.0
0.0
0.0
0.0
0.0
0.0
0.0
0.0
0.0
0.0
0.0
0.0
0.0
0.0
0.0
0.0
0.0
0.0
0.0
0.0
0.0
0.0
0.0
0.0
0.0
0.0
0.0
0.0
0.0
0.0
0.0
0.0
0.0
0.0
0.0
0.0
0.0
0.0
0.0
0.0
0.0
0.0
0.0
0.0
0.0
0.0
0.0
0.0
0.0
0.0
0.0
0.0
0.0
0.0
0.0
0.0
0.0
0.0
0.0
0.0
0.0
0.0
0.0
0.0
0.0
0.0
0.0
0.0
0.0
0.0
0.0
0.0
0.0
0.0
0.0
0.0
0.0
0.0
0.0
0.0
0.0
0.0
0.0
0.0
0.0
0.0
0.0
0.0
0.0
0.0
0.0
0.0
0.0
0.0
0.0
0.0
0.0
0.0
0.0
0.0
0.0
0.0
0.0
0.0
0.0
0.0
0.0
0.0
0.0
0.0
0.0
0.0
0.0
0.0
0.0
0.0
0.0
0.0
0.0
0.0
0.0
0.0
0.0
0.0
0.0
0.0
0.0
0.0
0.0
0.0
0.0
0.0
0.0
0.0
0.0
0.0
0.0
0.0
0.0
0.0
0.0
0.0
0.0
0.0
0.0
0.0
0.0
0.0
0.0
0.0
0.0
0.0
0.0
0.0
0.0
0.0
0.0
0.0
0.0
0.0
0.0
0.0
0.0
0.0
0.0
0.0
0.0
0.0
0.0
0.0
0.0
0.0
0.0
0.0
0.0
0.0
0.0
0.0
0.0
0.0
0.0
0.0
0.0
0.0
0.0
0.0
0.0
0.0
0.0
0.0
0.0
0.0
0.0
0.0
0.0
0.0
0.0
0.0
0.0
0.0
0.0
0.0
0.0
0.0
0.0
0.0
0.0
0.0
0.0
0.0
0.0
0.0
0.0
0.0
0.0
0.0
0.0
0.0
0.0
0.0
0.0
0.0
0.0
0.0
0.0
0.0
0.0
0.0
0.0
0.0
0.0
0.0
0.0
0.0
0.0
0.0
0.0
0.0
0.0
0.0
0.0
0.0
0.0
0.0
0.0
0.0
0.0
0.0
0.0
0.0
0.0
0.0
0.0
0.0
0.0
0.0
0.0
0.0
0.0
0.0
0.0
0.0
0.0
0.0
0.0
0.0
0.0
0.0
0.0
0.0
0.0
0.0
0.0
0.0
0.0
0.0
0.0
0.0
0.0
0.0
0.0
0.0
0.0
0.0
0.0
0.0
0.0
0.0
0.0
0.0
0.0
0.0
0.0
0.0
0.0
0.0
0.0
0.0
0.0
0.0
0.0
0.0
0.0
0.0
0.0
0.0
0.0
0.0
0.0
0.0
0.0
0.0
0.0
0.0
0.0
0.0
0.0
0.0
0.0
0.0
0.0
0.0
0.0
0.0
0.0
0.0
0.0
0.0
0.0
0.0
0.0
0.0
0.0
0.0
0.0
0.0
0.0
0.0
0.0
0.0
0.0
0.0
0.0
0.0
0.0
0.0
0.0
0.0
0.0
0.0
0.0
0.0
0.0
0.0
0.0
0.0
0.0
0.0
0.0
0.0
0.0
0.0
0.0
0.0
0.0
0.0
0.0
0.0
0.0
0.0
0.0
0.0
0.0
0.0
0.0
0.0
0.0
0.0
0.0
0.0
0.0
0.0
0.0
0.0
0.0
0.0
0.0
0.0
0.0
0.0
0.0
0.0
0.0
0.0
0.0
0.0
0.0
0.0
0.0
0.0
0.0
0.0
0.0
0.0
0.0
0.0
0.0
0.0
0.0
0.0
0.0
0.0
0.0
0.0
0.0
0.0
0.0
0.0
0.0
0.0
0.0
0.0
0.0
0.0
0.0
0.0
0.0
0.0
0.0
0.0
0.0
0.0
0.0
0.0
0.0
0.0
0.0
0.0
0.0
0.0
0.0
0.0
0.0
0.0
0.0
0.0
0.0
0.0
0.0
0.0
0.0
0.0
0.0
0.0
0.0
0.0
0.0
0.0
0.0
0.0
0.0
0.0
0.0
0.0
0.0
0.0
0.0
0.0
0.0
0.0
0.0
0.0
0.0
0.0
0.0
0.0
0.0
0.0
0.0
0.0
0.0
0.0
0.0
0.0
0.0
0.0
0.0
0.0
0.0
0.0
0.0
0.0
0.0
0.0
0.0
0.0
0.0
0.0
0.0
0.0
0.0
0.0
0.0
0.0
0.0
0.0
0.0
0.0
0.0
0.0
0.0
0.0
0.0
0.0
0.0
0.0
0.0
0.0
0.0
0.0
0.0
0.0
0.0
0.0
0.0
0.0
0.0
0.0
0.0
0.0
0.0
0.0
0.0
0.0
0.0
0.0
0.0
0.0
0.0
0.0
0.0
0.0
0.0
0.0
0.0
0.0
0.0
0.0
0.0
0.0
0.0
0.0
0.0
0.0
0.0
0.0
0.0
0.0
0.0
0.0
0.0
0.0
0.0
0.0
0.0
0.0
0.0
0.0
0.0
0.0
0.0
0.0
0.0
0.0
0.0
0.0
0.0
0.0
0.0
0.0
0.0
0.0
0.0
0.0
0.0
0.0
0.0
0.0
0.0
0.0
0.0
0.0
0.0
0.0
0.0
0.0
0.0
0.0
0.0
0.0
0.0
0.0
0.0
0.0
0.0
0.0
0.0
0.0
0.0
0.0
0.0
0.0
0.0
0.0
0.0
0.0
0.0
0.0
0.0
0.0
0.0
0.0
0.0
0.0
0.0
0.0
0.0
0.0
0.0
0.0
0.0
0.0
0.0
0.0
0.0
0.0
0.0
0.0
0.0
0.0
0.0
0.0
0.0
0.0
0.0
0.0
0.0
0.0
0.0
0.0
0.0
0.0
0.0
0.0
0.0
0.0
0.0
0.0
0.0
0.0
0.0
0.0
0.0
0.0
0.0
0.0
0.0
0.0
0.0
0.0
0.0
0.0
0.0
0.0
0.0
0.0
0.0
0.0
0.0
0.0
0.0
0.0
0.0
0.0
0.0
0.0
0.0
0.0
0.0
0.0
0.0
0.0
0.0
0.0
0.0
0.0
0.0
0.0
0.0
0.0
0.0
0.0
0.0
0.0
0.0
0.0
0.0
0.0
0.0
0.0
0.0
0.0
0.0
0.0
0.0
0.0
0.0
0.0
0.0
0.0
0.0
0.0
0.0
0.0
0.0
0.0
0.0
0.0
0.0
0.0
0.0
0.0
0.0
0.0
0.0
0.0
0.0
0.0
0.0
0.0
0.0
0.0
0.0
0.0
0.0
0.0
0.0
0.0
0.0
0.0
0.0
0.0
0.0
0.0
0.0
0.0
0.0
0.0
0.0
0.0
0.0
0.0
0.0
0.0
0.0
0.0
0.0
0.0
0.0
0.0
0.0
0.0
0.0
0.0
0.0
0.0
0.0
0.0
0.0
0.0
0.0
0.0
0.0
0.0
0.0
0.0
0.0
0.0
0.0
0.0
0.0
0.0
0.0
0.0
0.0
0.0
0.0
0.0
0.0
0.0
0.0
0.0
0.0
0.0
0.0
0.0
0.0
0.0
0.0
0.0
0.0
0.0
0.0
0.0
0.0
0.0
0.0
0.0
0.0
0.0
0.0
0.0
0.0
0.0
0.0
0.0
0.0
0.0
0.0
0.0
0.0
0.0
0.0
0.0
0.0
0.0
0.0
0.0
0.0
0.0
0.0
0.0
0.0
0.0
0.0
0.0
0.0
0.0
0.0
0.0
0.0
0.0
0.0
0.0
0.0
0.0
0.0
0.0
0.0
0.0
0.0
0.0
0.0
0.0
0.0
0.0
0.0
0.0
0.0
0.0
0.0
0.0
0.0
0.0
0.0
0.0
0.0
0.0
0.0
0.0
0.0
0.0
0.0
0.0
0.0
0.0
0.0
0.0
0.0
0.0
0.0
0.0
0.0
0.0
0.0
0.0
0.0
0.0
0.0
0.0
0.0
0.0
0.0
0.0
0.0
0.0
0.0
0.0
0.0
0.0
0.0
0.0
0.0
0.0
0.0
0.0
0.0
0.0
0.0
0.0
0.0
0.0
0.0
0.0
0.0
0.0
0.0
0.0
0.0
0.0
0.0
0.0
0.0
0.0
0.0
0.0
0.0
0.0
0.0
0.0
0.0
0.0
0.0
0.0
0.0
0.0
0.0
0.0
0.0
0.0
0.0
0.0
0.0
0.0
0.0
0.0
0.0
0.0
0.0
0.0
0.0
0.0
0.0
0.0
0.0
0.0
0.0
0.0
0.0
0.0
0.0
0.0
0.0
0.0
0.0
0.0
0.0
0.0
0.0
0.0
0.0
0.0
0.0
0.0
0.0
0.0
0.0
0.0
0.0
0.0
0.0
0.0
0.0
0.0
0.0
0.0
0.0
0.0
0.0
0.0
0.0
0.0
0.0
0.0
0.0
0.0
0.0
0.0
0.0
0.0
0.0
0.0
0.0
0.0
0.0
0.0
0.0
0.0
0.0
0.0
0.0
0.0
0.0
0.0
0.0
0.0
0.0
0.0
0.0
0.0
0.0
0.0
0.0
0.0
0.0
0.0
0.0
0.0
0.0
0.0
0.0
0.0
0.0
0.0
0.0
0.0
0.0
0.0
0.0
0.0
0.0
0.0
0.0
0.0
0.0
0.0
0.0
0.0
0.0
0.0
0.0
0.0
0.0
0.0
0.0
0.0
0.0
0.0
0.0
0.0
0.0
0.0
0.0
0.0
0.0
0.0
0.0
0.0
0.0
0.0
0.0
0.0
0.0
0.0
0.0
0.0
0.0
0.0
0.0
0.0
0.0
0.0
0.0
0.0
0.0
0.0
0.0
0.0
0.0
0.0
0.0
0.0
0.0
0.0
0.0
0.0
0.0
0.0
0.0
0.0
0.0
0.0
0.0
0.0
0.0
0.0
0.0
0.0
0.0
0.0
0.0
0.0
0.0
0.0
0.0
0.0
0.0
0.0
0.0
0.0
0.0
0.0
0.0
0.0
0.0
0.0
0.0
0.0
0.0
0.0
0.0
0.0
0.0
0.0
0.0
0.0
0.0
0.0
0.0
0.0
0.0
0.0
0.0
0.0
0.0
0.0
0.0
0.0
0.0
0.0
0.0
0.0
0.0
0.0
0.0
0.0
0.0
0.0
0.0
0.0
0.0
0.0
0.0
0.0
0.0
0.0
0.0
0.0
0.0
0.0
0.0
0.0
0.0
0.0
0.0
0.0
0.0
0.0
0.0
0.0
0.0
0.0
0.0
0.0
0.0
0.0
0.0
0.0
0.0
0.0
0.0
0.0
0.0
0.0
0.0
0.0
0.0
0.0
0.0
0.0
0.0
0.0
0.0
0.0
0.0
0.0
0.0
0.0
0.0
0.0
0.0
0.0
0.0
0.0
0.0
0.0
0.0
0.0
0.0
0.0
0.0
0.0
0.0
0.0
0.0
0.0
0.0
0.0
0.0
0.0
0.0
0.0
0.0
0.0
0.0
0.0
0.0
0.0
0.0
0.0
0.0
0.0
0.0
0.0
0.0
0.0
0.0
0.0
0.0
0.0
0.0
0.0
0.0
0.0
0.0
0.0
0.0
0.0
0.0
0.0
0.0
0.0
0.0
0.0
0.0
0.0
0.0
0.0
0.0
0.0
0.0
0.0
0.0
0.0
0.0
0.0
0.0
0.0
0.0
0.0
0.0
0.0
0.0
0.0
0.0
0.0
0.0
0.0
0.0
0.0
0.0
0.0
0.0
0.0
0.0
0.0
0.0
0.0
0.0
0.0
0.0
0.0
0.0
0.0
0.0
0.0
0.0
0.0
0.0
0.0
0.0
0.0
0.0
0.0
0.0
0.0
0.0
0.0
0.0
0.0
0.0
0.0
0.0
0.0
0.0
0.0
0.0
0.0
0.0
0.0
0.0
0.0
0.0
0.0
0.0
0.0
0.0
0.0
0.0
0.0
0.0
0.0
0.0
0.0
0.0
0.0
0.0
0.0
0.0
0.0
0.0
0.0
0.0
0.0
0.0
0.0
0.0
0.0
0.0
0.0
0.0
0.0
0.0
0.0
0.0
0.0
0.0
0.0
0.0
0.0
0.0
0.0
0.0
0.0
0.0
0.0
0.0
0.0
0.0
0.0
0.0
0.0
0.0
0.0
0.0
0.0
0.0
0.0
0.0
0.0
0.0
0.0
0.0
0.0
0.0
0.0
0.0
0.0
0.0
0.0
0.0
0.0
0.0
0.0
0.0
0.0
0.0
0.0
0.0
0.0
0.0
0.0
0.0
0.0
0.0
0.0
0.0
0.0
0.0
0.0
0.0
0.0
0.0
0.0
0.0
0.0
0.0
0.0
0.0
0.0
0.0
0.0
0.0
0.0
0.0
0.0
0.0
0.0
0.0
0.0
0.0
0.0
0.0
0.0
0.0
0.0
0.0
0.0
0.0
0.0
0.0
0.0
0.0
0.0
0.0
0.0
0.0
0.0
0.0
0.0
0.0
0.0
0.0
0.0
0.0
0.0
0.0
0.0
0.0
0.0
0.0
0.0
0.0
0.0
0.0
0.0
0.0
0.0
0.0
0.0
0.0
0.0
0.0
0.0
0.0
0.0
0.0
0.0
0.0
0.0
0.0
0.0
0.0
0.0
0.0
0.0
0.0
0.0
0.0
0.0
0.0
0.0
0.0
0.0
0.0
0.0
0.0
0.0
0.0
0.0
0.0
0.0
0.0
0.0
0.0
0.0
0.0
0.0
0.0
0.0
0.0
0.0
0.0
0.0
0.0
0.0
0.0
0.0
0.0
0.0
0.0
0.0
0.0
0.0
0.0
0.0
0.0
0.0
0.0
0.0
0.0
0.0
0.0
0.0
0.0
0.0
0.0
0.0
0.0
0.0
0.0
0.0
0.0
0.0
0.0
0.0
0.0
0.0
0.0
0.0
0.0
0.0
0.0
0.0
0.0
0.0
0.0
0.0
0.0
0.0
0.0
0.0
0.0
0.0
0.0
0.0
0.0
0.0
0.0
0.0
0.0
0.0
0.0
0.0
0.0
0.0
0.0
0.0
0.0
0.0
0.0
0.0
0.0
0.0
0.0
0.0
0.0
0.0
0.0
0.0
0.0
0.0
0.0
0.0
0.0
0.0
0.0
0.0
0.0
0.0
0.0
0.0
0.0
0.0
0.0
0.0
0.0
0.0
0.0
0.0
0.0
0.0
0.0
0.0
0.0
0.0
0.0
0.0
0.0
0.0
0.0
0.0
0.0
0.0
0.0
0.0
0.0
0.0
0.0
0.0
0.0
0.0
0.0
0.0
0.0
0.0
0.0
0.0
0.0
0.0
0.0
0.0
0.0
0.0
0.0
0.0
0.0
0.0
0.0
0.0
0.0
0.0
0.0
0.0
0.0
0.0
0.0
0.0
0.0
0.0
0.0
0.0
0.0
0.0
0.0
0.0
0.0
0.0
0.0
0.0
0.0
0.0
0.0
0.0
0.0
0.0
0.0
0.0
0.0
0.0
0.0
0.0
0.0
0.0
0.0
0.0
0.0
0.0
0.0
0.0
0.0
0.0
0.0
0.0
0.0
0.0
0.0
0.0
0.0
0.0
0.0
0.0
0.0
0.0
0.0
0.0
0.0
0.0
0.0
0.0
0.0
0.0
0.0
0.0
0.0
0.0
0.0
0.0
0.0
0.0
0.0
0.0
0.0
0.0
0.0
0.0
0.0
0.0
0.0
0.0
0.0
0.0
0.0
0.0
0.0
0.0
0.0
0.0
0.0
0.0
0.0
0.0
0.0
0.0
0.0
0.0
0.0
0.0
0.0
0.0
0.0
0.0
0.0
0.0
0.0
0.0
0.0
0.0
0.0
0.0
0.0
0.0
0.0
0.0
0.0
0.0
0.0
0.0
0.0
0.0
0.0
0.0
0.0
0.0
0.0
0.0
0.0
0.0
0.0
0.0
0.0
0.0
0.0
0.0
0.0
0.0
0.0
0.0
0.0
0.0
0.0
0.0
0.0
0.0
0.0
0.0
0.0
0.0
0.0
0.0
0.0
0.0
0.0
0.0
0.0
0.0
0.0
0.0
0.0
0.0
0.0
0.0
0.0
0.0
0.0
0.0
0.0
0.0
0.0
0.0
0.0
0.0
0.0
0.0
0.0
0.0
0.0
0.0
0.0
0.0
0.0
0.0
0.0
0.0
0.0
0.0
0.0
0.0
0.0
0.0
0.0
0.0
0.0
0.0
0.0
0.0
0.0
0.0
0.0
0.0
0.0
0.0
0.0
0.0
0.0
0.0
0.0
0.0
0.0
0.0
0.0
0.0
0.0
0.0
0.0
0.0
0.0
0.0
0.0
0.0
0.0
0.0
0.0
0.0
0.0
0.0
0.0
0.0
0.0
0.0
0.0
0.0
0.0
0.0
0.0
0.0
0.0
0.0
0.0
0.0
0.0
0.0
0.0
0.0
0.0
0.0
0.0
0.0
0.0
0.0
0.0
0.0
0.0
0.0
0.0
0.0
0.0
0.0
0.0
0.0
0.0
0.0
0.0
0.0
0.0
0.0
0.0
0.0
0.0
0.0
0.0
0.0
0.0
0.0
0.0
0.0
0.0
0.0
0.0
0.0
0.0
0.0
0.0
0.0
0.0
0.0
0.0
0.0
0.0
0.0
0.0
0.0
0.0
0.0
0.0
0.0
0.0
0.0
0.0
0.0
0.0
0.0
0.0
0.0
0.0
0.0
0.0
0.0
0.0
0.0
0.0
0.0
0.0
0.0
0.0
0.0
0.0
0.0
0.0
0.0
0.0
0.0
0.0
0.0
0.0
0.0
0.0
0.0
0.0
0.0
0.0
0.0
0.0
0.0
0.0
0.0
0.0
0.0
0.0
0.0
0.0
0.0
0.0
0.0
0.0
0.0
0.0
0.0
0.0
0.0
0.0
0.0
0.0
0.0
0.0
0.0
0.0
0.0
0.0
0.0
0.0
0.0
0.0
0.0
0.0
0.0
0.0
0.0
0.0
0.0
0.0
0.0
0.0
0.0
0.0
0.0
0.0
0.0
0.0
0.0
0.0
0.0
0.0
0.0
0.0
0.0
0.0
0.0
0.0
0.0
0.0
0.0
0.0
0.0
0.0
0.0
0.0
0.0
0.0
0.0
0.0
0.0
0.0
0.0
0.0
0.0
0.0
0.0
0.0
0.0
0.0
0.0
0.0
0.0
0.0
0.0
0.0
0.0
0.0
0.0
0.0
0.0
0.0
0.0
0.0
0.0
0.0
0.0
0.0
0.0
0.0
0.0
0.0
0.0
0.0
0.0
0.0
0.0
0.0
0.0
0.0
0.0
0.0
0.0
0.0
0.0
0.0
0.0
0.0
0.0
0.0
0.0
0.0
0.0
0.0
0.0
0.0
0.0
0.0
0.0
0.0
0.0
0.0
0.0
0.0
0.0
0.0
0.0
0.0
0.0
0.0
0.0
0.0
0.0
0.0
0.0
0.0
0.0
0.0
0.0
0.0
0.0
0.0
0.0
0.0
0.0
0.0
0.0
0.0
0.0
0.0
0.0
0.0
0.0
0.0
0.0
0.0
0.0
0.0
0.0
0.0
0.0
0.0
0.0
0.0
0.0
0.0
0.0
0.0
0.0
0.0
0.0
0.0
0.0
0.0
0.0
0.0
0.0
0.0
0.0
0.0
0.0
0.0
0.0
0.0
0.0
0.0
0.0
0.0
0.0
0.0
0.0
0.0
0.0
0.0
0.0
0.0
0.0
0.0
0.0
0.0
0.0
0.0
0.0
0.0
0.0
0.0
0.0
0.0
0.0
0.0
0.0
0.0
0.0
0.0
0.0
0.0
0.0
0.0
0.0
0.0
0.0
0.0
0.0
0.0
0.0
0.0
0.0
0.0
0.0
0.0
0.0
0.0
0.0
0.0
0.0
0.0
0.0
0.0
0.0
0.0
0.0
0.0
0.0
0.0
0.0
0.0
0.0
0.0
0.0
0.0
0.0
0.0
0.0
0.0
0.0
0.0
0.0
0.0
0.0
0.0
0.0
0.0
0.0
0.0
0.0
0.0
0.0
0.0
0.0
0.0
0.0
0.0
0.0
0.0
0.0
0.0
0.0
0.0
0.0
0.0
0.0
0.0
0.0
0.0
0.0
0.0
0.0
0.0
0.0
0.0
0.0
0.0
0.0
0.0
0.0
0.0
0.0
0.0
0.0
0.0
0.0
0.0
0.0
0.0
0.0
0.0
0.0
0.0
0.0
0.0
0.0
0.0
0.0
0.0
0.0
0.0
0.0
0.0
0.0
0.0
0.0
0.0
0.0
0.0
0.0
0.0
0.0
0.0
0.0
0.0
0.0
0.0
0.0
0.0
0.0
0.0
0.0
0.0
0.0
0.0
0.0
0.0
0.0
0.0
0.0
0.0
0.0
0.0
0.0
0.0
0.0
0.0
0.0
0.0
0.0
0.0
0.0
0.0
0.0
0.0
0.0
0.0
0.0
0.0
0.0
0.0
0.0
0.0
0.0
0.0
0.0
0.0
0.0
0.0
0.0
0.0
0.0
0.0
0.0
0.0
0.0
0.0
0.0
0.0
0.0
0.0
0.0
0.0
0.0
0.0
0.0
0.0
0.0
0.0
0.0
0.0
0.0
0.0
0.0
0.0
0.0
0.0
0.0
0.0
0.0
0.0
0.0
0.0
0.0
