0.00040970283656959324
0.0004098469618793726
0.00040997982210190363
0.00041010569104451216
0.00041022605425409403
0.00041034146174265534
0.000410451318454585
0.00041055803860721914
0.0004106613704987413
0.0004107619035906987
0.0004108603555418544
0.00041095636374790693
0.00041104974785252814
0.0004111418193056419
0.00041123255238054217
0.0004113220421258066
0.0004114103302897436
0.0004114971169334029
0.00041158240739099086
0.00041166702414336304
0.0004117510024086475
0.0004118342888874878
0.000411916802564527
0.00041199850688938426
0.0004120793917591373
0.0004121594468884985
0.00041223902248242164
0.00041231816875406325
0.00041239688348825243
0.00041247517150266275
0.0004125529470020856
0.0004126302154912673
0.00041270721748761554
0.0004127838154173119
0.00041285992771649733
0.00041293559499879445
0.0004130110031110725
0.0004130859699499964
0.0004131607237353148
0.00041323532425485704
0.00041330977845827787
0.00041338407865568243
0.0004134581704473899
0.0004135318610399964
0.0004136050375018572
0.00041367796792431794
0.000413750744636003
0.000413823423134263
0.00041389603118811516
0.00041396857695426325
0.0004140410035279979
0.0004141132325588279
0.0004141852479954383
0.0004142571283886768
0.0004143289135572801
0.00041440062998148515
0.0004144722992298867
0.0004145438321536871
0.00041461509297994716
0.0004146862964242851
0.0004147574711800137
0.0004148285635563125
0.00041489956024486817
0.0004149705210914403
0.00041504147209314924
0.0004151122651048282
0.00041518304547234357
0.00041525381758272513
0.00041532457569748215
0.0004153952902444165
0.00041546593056494477
0.0004155365011511469
0.0004156068795482946
0.00041567716188522846
0.00041574743647392764
0.00041581772017216097
0.000415888020843588
0.0004159583409658105
0.0004160286773382992
0.0004160990069978926
0.00041616925032907353
0.0004162394119565547
0.0004163095494740159
0.0004163797052028697
0.00041644989975506537
0.00041652013680329214
0.0004165904100267798
0.00041666066185560706
0.0004167308478932144
0.0004168010207610563
0.00041687116575493563
0.0004169412602645893
0.0004170113403504871
0.0004170814562583224
0.00041715157837539444
0.0004172217181214148
0.00041729185717744217
0.0004173620660712424
0.00041743234239524456
0.0004175026843382557
0.0004175730791533951
0.00041764350968588083
0.00041771397078236005
0.0004177844409618525
0.00041785487442123095
0.0004179253289643678
0.0004179958170164106
0.00041806635072401686
0.0004181369187253972
0.0004182075126393561
0.00041827815014085565
0.0004183488343285331
0.00041841948906884863
0.00041849019675306305
0.0004185609952282718
0.000418631873991502
0.000418702833675194
0.0004187738778307083
0.0004188449982158709
0.0004189161729967958
0.0004189873591637762
0.000419058491768164
0.0004191296729124123
0.00041920090293824663
0.00041927222006816784
0.00041934363329395
0.0004194151320412702
0.00041948671148674257
0.0004195583665883307
0.0004196300708548639
0.0004197017970725908
0.00041977358888773905
0.000419845459691694
0.00041991738294295335
0.0004199893409097334
0.00042006134622723926
0.00042013342106732873
0.0004202055622013187
0.00042027777877373846
0.00042035004913179536
0.0004204224088258723
0.0004204948783930834
0.0004205674492586282
0.0004206401190709922
0.00042071288429051414
0.0004207857359676088
0.0004208586711245925
0.00042093169213561937
0.0004210047385609695
0.00042107785480994164
0.0004211510645924495
0.00042122435055901665
0.0004212977338215424
0.0004213712099424918
0.0004214447609380606
0.0004215183873268278
0.00042159209438330807
0.00042166590214401086
0.0004217397442172241
0.0004218136624449335
0.00042188771659288135
0.00042196187545963734
0.00042203611265612524
0.00042211045921710755
0.0004221849407316208
0.00042225953183360306
0.00042233422473816814
0.0004224090576909186
0.0004224839296026028
0.00042255886809653445
0.0004226339146922255
0.0004227090381982162
0.0004227842759940235
0.0004228596316168888
0.00042293509978188093
0.00042301069365175407
0.00042308639074247796
0.0004231621500149902
0.00042323799691641403
0.00042331392142606704
0.00042338999016096877
0.00042346611567848117
0.0004235423644768381
0.0004236187180657584
0.0004236951770327078
0.0004237717618928742
0.0004238484683407615
0.00042392532777505386
0.0004240022445718638
0.0004240792875428835
0.0004241564089924132
0.0004242336778834995
0.0004243110655505186
0.00042438858738091706
0.0004244662049954112
0.0004245439221750547
0.00042462176367272193
0.0004246997212869419
0.0004247778191513628
0.00042485608104665944
0.0004249344212813736
0.00042501291344186127
0.0004250915132576877
0.0004251702115991727
0.00042524907322334595
0.00042532805459118454
0.0004254071597066995
0.0004254863723716273
0.00042556564873323985
0.00042564502725001794
0.00042572453083974124
0.0004258041598808339
0.00042588388984764295
0.00042596379755451924
0.00042604380192449233
0.000426123939228361
0.0004262042438677311
0.00042628467998621927
0.00042636523843981255
0.00042644596218346627
0.00042652684599362237
0.0004266078307781378
0.00042668896984872633
0.00042677022572659457
0.0004268516232349206
0.00042693308238470854
0.00042701469172127285
0.0004270964429610465
0.00042717832815975887
0.0004272603540884022
0.00042734254391673526
0.0004274248704596312
0.0004275073046991
0.0004275898897333501
0.0004276726594862127
0.0004277555445849745
0.0004278385357164193
0.00042792168587664904
0.00042800498527946447
0.0004280884254404164
0.0004281719870892665
0.00042825564777440817
0.00042833947356494363
0.0004284234786674615
0.0004285076200213549
0.0004285918816541798
0.0004286762875070077
0.00042876086043507484
0.0004288456236348316
0.0004289305042599718
0.0004290155086044861
0.0004291006872248569
0.0004291859864488068
0.00042927145402771343
0.00042935708278859196
0.00042944286003834825
0.00042952877574817
0.00042961484174471927
0.0004297010895477322
0.00042978750647043227
0.00042987404886043226
0.00042996074719208973
0.00043004762234356814
0.0004301346370642975
0.0004302217890592313
0.0004303091197746398
0.00043039659340729736
0.0004304842286109841
0.0004305720129540203
0.0004306599406438799
0.0004307480098380388
0.0004308362260986228
0.0004309246597915178
0.0004310133064458213
0.00043110206844351474
0.0004311909471501598
0.00043127997467237614
0.00043136916718180564
0.0004314585175927572
0.0004315480065804506
0.00043163765337626944
0.0004317275518213801
0.00043181758961291505
0.00043190780525547383
0.0004319981960557134
0.0004320887256799399
0.00043217939913956004
0.0004322702374144212
0.00043236124701274823
0.00043245245028231783
0.0004325438672496673
0.00043263546391978226
0.00043272724635478303
0.0004328191585050246
0.00043291124411381365
0.0004330035058519511
0.00043309593884359167
0.000433188541486588
0.00043328130276616954
0.00043337425316598995
0.00043346739513379807
0.0004335606960323735
0.0004336541351203499
0.0004337477247299972
0.00043384152009808447
0.0004339355332808646
0.0004340297111489646
0.00043412405639446086
0.00043421856371965597
0.00043431324855388464
0.0004344081058940448
0.0004345031315583616
0.00043459832107784
0.0004346937325791961
0.0004347893639450454
0.0004348851549514778
0.0004349810978540939
0.0004350772187447321
0.000435173573289588
0.0004352701375304605
0.0004353668639676848
0.00043546375144667087
0.00043556081901647604
0.00043565807239954324
0.00043575552658387955
0.00043585321150754373
0.0004359510798335043
0.00043604912056968286
0.00043614734542666374
0.0004362457519054178
0.00043634433182946936
0.00043644309806562594
0.0004365420561519592
0.0004366412116748339
0.00043674056655398246
0.000436840122923166
0.0004369398891178325
0.000437039862375675
0.0004371400264224073
0.00043724036757108016
0.00043734088604135144
0.00043744160351266313
0.0004375425427392115
0.0004376437043099106
0.00043774509476357727
0.00043784665284174397
0.00043794837686438596
0.0004380502939184377
0.000438152417322148
0.0004382547302486237
0.0004383572378615816
0.0004384599454411507
0.00043856285975428104
0.00043866598847557215
0.00043876932198862347
0.0004388728382567621
0.0004389765467880529
0.000439080478695939
0.0004391846330644016
0.00043928898925701607
0.0004393935383266436
0.000439498297666446
0.00043960329029978963
0.0004397084935621896
0.0004398138884465955
0.00043991947621959006
0.00044002526607718397
0.00044013127263304946
0.00044023750656500084
0.0004403439714169974
0.00044045067386246545
0.0004405575966558882
0.0004406647203706669
0.0004407720388245519
0.0004408795573507184
0.0004409872906535357
0.00044109525579769847
0.0004412034529167584
0.0004413118729571525
0.00044142051965132787
0.00044152937962318084
0.00044163843747324475
0.0004417477102816869
0.0004418572343511014
0.00044196701792206106
0.00044207700241196475
0.00044218715966905275
0.0004422975291053859
0.00044240812115568437
0.0004425189072546494
0.0004426298866466604
0.00044274105419167645
0.0004428525233915682
0.0004429642193173249
0.000443076126125856
0.0004431882313078727
0.0004433005543394914
0.0004434131328574544
0.00044352598027625856
0.00044363908221464683
0.0004437524142116196
0.00044386594409005846
0.0004439796975282213
0.0004440937162511285
0.00044420799727667786
0.0004443225219464162
0.0004444372805120309
0.0004445522573839974
0.0004446674374531511
0.0004447828234831432
0.00044489843212669727
0.00044501427263875313
0.0004451303505570887
0.0004452467305553025
0.00044536334858099973
0.00044548016155161545
0.00044559723690474105
0.0004457145338461154
0.00044583205910664927
0.0004459498113846007
0.0004460677508888609
0.0004461860207288435
0.00044630456355859916
0.00044642334986802235
0.00044654236430833726
0.00044666160415535525
0.00044678106895131736
0.0004469007467409484
0.0004470206213106508
0.00044714078181949375
0.0004472612715522439
0.00044738203546971215
0.0004475030443981627
0.00044762428325790024
0.0004477457399575903
0.00044786739569167204
0.000447989285384363
0.0004481115459653502
0.00044823407265404797
0.00044835683347182185
0.0004484797703555831
0.00044860297034974206
0.00044872638988616533
0.0004488499937343694
0.00044897398834405295
0.00044909822738744865
0.0004492227332286613
0.00044934751970030016
0.0004494725496705573
0.00044959778109974205
0.00044972319591353276
0.0004498489675801312
0.0004499750398386978
0.0004501013600911733
0.0004502279254093938
0.00045035474007115836
0.00045048175637597766
0.00045060908429035907
0.00045073671360911584
0.00045086457409767986
0.0004509927056392303
0.00045112112370832794
0.0004512497872272136
0.0004513787061365971
0.00045150794143840274
0.0004516374816506455
0.0004517672878682862
0.00045189732192851915
0.0004520275568387692
0.0004521580979638041
0.0004522889688274857
0.00045242012485546926
0.00045255151442892934
0.00045268311867460134
0.0004528150173337063
0.00045294706587361064
0.00045307950343504886
0.00045321228802121943
0.00045334535702395604
0.0004534786862653128
0.0004536122573705132
0.0004537460578735187
0.0004538802044019604
0.0004540145870307812
0.0004541492682836116
0.0004542842579874568
0.00045441943645236656
0.0004545549734969864
0.00045469081742934394
0.0004548268909610274
0.0004549631839066832
0.00045509972289250073
0.00045523657215264013
0.0004553738053723516
0.0004555113934717367
0.00045564926219119175
0.00045578736957429416
0.00045592567969007086
0.00045606432214216814
0.00045620339063139195
0.00045634269882125937
0.00045648223137045754
0.0004566219624007631
0.0004567619403342656
0.0004569023547248994
0.00045704314529438077
0.00045718426651533906
0.0004573256060156573
0.000457467138466224
0.00045760907167127643
0.00045775117149414555
0.0004578936704488031
0.00045803646534837235
0.0004581794130252323
0.0004583227827159969
0.00045846646591866474
0.00045861036773646745
0.0004587545427176693
0.00045889898486688955
0.00045904392558015404
0.00045918919851202695
0.0004593347311016666
0.0004594804420068049
0.0004596264144379946
0.0004597728068110456
0.0004599195140790263
0.0004600665096251077
0.0004602137475925521
0.00046036131709853613
0.00046050928294053646
0.0004606575944950457
0.0004608061484537577
0.0004609548497047016
0.0004611038771621462
0.0004612533052172529
0.00046140311061445606
0.00046155324210992425
0.00046170362126221604
0.0004618543210081864
0.0004620053477121137
0.0004621566757190902
0.00046230833001405794
0.00046246033513036523
0.0004626127973647181
0.0004627655409821689
0.0004629184906411918
0.0004630716904101098
0.0004632253020492739
0.0004633793366219923
0.000463533560872536
0.0004636879481015858
0.0004638426208845229
0.0004639979605255954
0.0004641535833838652
0.0004643095060326626
0.00046446559875771366
0.00046462199644158237
0.0004647788758785217
0.00046493599904302494
0.0004650934181036596
0.00046525114383579177
0.0004654093451997026
0.00046556789727048725
0.0004657267134170663
0.00046588557152833435
0.0004660450014045255
0.00046620480834349035
0.00046636498809099654
0.00046652540415698676
0.00046668621202248134
0.00046684731803544856
0.0004670087057977203
0.0004671704426319851
0.0004673325834457062
0.00046749516865177414
0.0004676579805256777
0.00046782103243563447
0.00046798448928868597
0.0004681484542899006
0.00046831274824548513
0.00046847724712916535
0.0004686419242695683
0.00046880706855087517
0.00046897263619542935
0.0004691385136819166
0.0004693046493426333
0.0004694712739138588
0.00046963840511895865
0.0004698058463846307
0.0004699734781941662
0.0004701414088551845
0.0004703097570584947
0.0004704784249214794
0.00047064734511941886
0.0004708167077814274
0.0004709865602570305
0.00047115672064161336
0.00047132709089015083
0.00047149768181575053
0.0004716687543673396
0.00047184028699418944
0.00047201220041636764
0.00047218438448578333
0.0004723569576590171
0.00047252974718212175
0.00047270305550331846
0.00047287674729598085
0.00047305098051048425
0.00047322533926874143
0.00047339984830084325
0.0004735749094942068
0.0004737506035459764
0.0004739264855761107
0.0004741024786360665
0.00047427893724317664
0.00047445597663507493
0.0004746333346982127
0.0004748109012687655
0.0004749887743598277
0.0004751672877657995
0.00047534612668881447
0.00047552514089463664
0.0004757045208954117
0.00047588444238861477
0.00047606471997034983
0.00047624517743086447
0.00047642617467862325
0.0004766076526828414
0.00047678948706828564
0.0004769714358915726
0.0004771539384790419
0.00047733677863490555
0.0004775199811681907
0.00047770348921951977
0.0004778876582330422
0.0004780722127878677
0.0004782570268254693
0.0004784419853309658
0.0004786273582025511
0.0004788132080006165
0.00047899951636907643
0.00047918628271216297
0.00047937334263757235
0.0004795607134925684
0.00047974846618368926
0.00047993689919242113
0.0004801255827002806
0.00048031440324185735
0.00048050357010576996
0.00048069345489290164
0.00048088373200396947
0.00048107415972939004
0.0004812650374597756
0.00048145653775403076
0.00048164834567570084
0.00048184021036758184
0.0004820326504989416
0.00048222559408160154
0.0004824188274483125
0.00048261234845097336
0.00048280645312271444
0.00048300104176859715
0.00048319591979243
0.00048339110867352787
0.00048358684864264475
0.00048378296313762514
0.0004839793060436243
0.00048417605758039613
0.0004843733095549409
0.0004845708938069379
0.00048476889966706747
0.00048496733043223284
0.000485166260309984
0.0004853655375706299
0.00048556525870641467
0.00048576534877350024
0.00048596575843559735
0.00048616655543334646
0.0004863678403998439
0.0004865695724651814
0.0004867715691044876
0.00048697393347995086
0.00048717682091248157
0.00048738025193106643
0.0004875841366953006
0.0004877884087832194
0.0004879928009653483
0.0004881973660311554
0.000488402767970751
0.000488608908416834
0.0004888150608305115
0.0004890213704527595
0.0004892284187876822
0.0004894360656246666
0.0004896437877846605
0.0004898519029668377
0.0004900608641490354
0.0004902700873028994
0.0004904793899558849
0.000490689121039624
0.0004908996365537198
0.0004911104255562019
0.0004913215242555828
0.000491533271341243
0.0004917453941291983
0.0004919577384637473
0.000492170476642035
0.0004923839079453344
0.0004925976612678954
0.0004928117525773143
0.0004930264485326152
0.0004932414992508536
0.0004934568661280354
0.0004936726802832472
0.0004938890455418938
0.0004941057546556807
0.0004943228184183799
0.0004945404632074682
0.0004947584782387421
0.000494976804019964
0.0004951956836429189
0.0004954150438707622
0.0004956347991614365
0.000495854946722999
0.000496075624209842
0.0004962965420882043
0.0004965178009134111
0.0004967398066363148
0.0004969621618042082
0.0004971849500686716
0.0004974081710957675
0.000497631836054807
0.000497855827073155
0.0004980802401086999
0.0004983052165711311
0.0004985304042625225
0.0004987562227710822
0.0004989829161706832
0.0004992095527427246
0.00049943631081724
0.0004996638657417033
0.0004998922206039494
0.0005001205636209209
0.000500349129034501
0.0005005786904367197
0.0005008086270707685
0.0005010385805317504
0.0005012692894674042
0.000501500460042366
0.0005017319616570581
0.0005019639695561681
0.0005021966266422899
0.0005024294455968669
0.0005026624011326032
0.0005028962205179627
0.000503130599620014
0.0005033651706703662
0.0005036004075984655
0.0005038359493574015
0.0005040718522606624
0.000504308284885517
0.0005045453128990127
0.000504782647586604
0.0005050202381347484
0.0005052586063870454
0.000505497384082071
0.0005057364262065632
0.0005059761940233553
0.0005062161859338314
0.0005064566091096529
0.0005066977083171587
0.0005069392888098249
0.000507181117328487
0.0005074233544071077
0.0005076661466145055
0.0005079093579303744
0.0005081529995497485
0.0005083972905758952
0.0005086418485723649
0.0005088867585307
0.0005091324673355001
0.0005093785124290144
0.0005096248784769498
0.0005098718828599202
0.0005101191654579302
0.0005103668436697367
0.0005106152107099011
0.0005108640182625381
0.0005111131093043778
0.0005113627185015761
0.0005116129539751816
0.0005118633511363282
0.0005121142937944529
0.0005123661957686067
0.0005126178802943647
0.0005128698084926446
0.0005131233075860734
0.0005133768685029978
0.00051363030023055
0.000513884450874088
0.0005141395647394927
0.0005143945646425369
0.0005146498847935726
0.0005149064085312622
0.0005151631232189136
0.0005154197770188674
0.0005156772636600546
0.000515935527113019
0.0005161938895877264
0.0005164527968560781
0.0005167120517696367
0.0005169716781395987
0.0005172322428907702
0.0005174931599176864
0.0005177542083987885
0.0005180158892449851
0.000518278203105853
0.0005185408480564756
0.0005188039093435874
0.000519067552997643
0.0005193316052855546
0.00051959598129337
0.0005198609898193072
0.0005201265300641963
0.0005203924262880704
0.000520659021021726
0.000520925743129417
0.0005211927645439222
0.000521460787322058
0.0005217291366171056
0.0005219977315250043
0.0005222669821088799
0.0005225365611126791
0.0005228067570075984
0.0005230775664361743
0.0005233486649780749
0.000523620029764901
0.0005238920733093539
0.0005241647378084021
0.0005244376409150768
0.0005247110691600808
0.0005249850098894371
0.0005252593360004191
0.0005255341745477729
0.000525809512321602
0.0005260852523543726
0.0005263615755217494
0.0005266384644355989
0.0005269155193867974
0.00052719310489355
0.0005274714752885838
0.00052774997127698
0.0005280289762230152
0.0005283088049702076
0.0005285886539418062
0.0005288690230640248
0.0005291503775022546
0.0005294315330488369
0.0005297132077342783
0.0005299961428181179
0.0005302790266874222
0.0005305620327125304
0.0005308459972462293
0.0005311304004128629
0.0005314149130660721
0.000531700232736959
0.0005319861433090747
0.0005322719328712675
0.0005325585372034974
0.0005328460940461518
0.0005331333764789343
0.0005334211320286385
0.0005337100772050239
0.0005339991661520294
0.0005342884001270906
0.0005345784183995431
0.000534868872896687
0.0005351595805460792
0.0005354509876525058
0.000535742867167421
0.0005360351116849984
0.0005363279892901731
0.0005366211280601863
0.0005369146914506185
0.0005372089393869751
0.0005375033987330182
0.0005377984175019545
0.0005380942525326363
0.0005383902479600966
0.0005386866846460454
0.0005389838532345704
0.0005392812076036906
0.0005395790390255894
0.0005398775462222934
0.0005401762780705618
0.0005404756277258659
0.0005407754787048124
0.0005410754141810453
0.0005413762040030869
0.000541677651408019
0.0005419791862145485
0.0005422812260788285
0.0005425839127949154
0.0005428869899442074
0.0005431904598570614
0.0005434945108655139
0.0005437989496070248
0.0005441038238559466
0.0005444092919575319
0.0005447150574904445
0.0005450212970534228
0.0005453281634109499
0.0005456353378228172
0.0005459430102971504
0.0005462512381191978
0.0005465597160120289
0.0005468687417715769
0.0005471784110699993
0.0005474883455181299
0.0005477986939133184
0.0005481095743782562
0.0005484208868181112
0.0005487327278635461
0.0005490450976059736
0.0005493577896106609
0.000549670978872263
0.00054998476415439
0.0005502987103955668
0.0005506131667332842
0.0005509284245995585
0.0005512437938962481
0.0005515595406501748
0.0005518761029774718
0.000552192820457996
0.0005525099451397163
0.0005528279832568821
0.0005531460970233219
0.0005534645332196488
0.0005537840174643824
0.0005541033952435926
0.0005544230216590347
0.0005547439595305578
0.0005550646676970066
0.0005553855069290486
0.0005557078836624746
0.0005560301687648302
0.0005563524005104102
0.0005566759836491584
0.0005569997290258563
0.000557323230400827
0.0005576478881956844
0.0005579730514781563
0.0005582980109331015
0.0005586239653086937
0.0005589504814963766
0.000559276793562497
0.0005596039836227589
0.0005599317910259473
0.0005602593521009456
0.0005605877597989406
0.0005609169625910026
0.0005612460949653125
0.0005615758570357373
0.0005619061656184838
0.0005622366703274136
0.0005625678304281791
0.00056289923920751
0.0005632309909469778
0.000563563634169909
0.0005638963306503338
0.0005642292083641867
0.0005645630865426468
0.0005648971875657449
0.0005652313458639481
0.0005655664762358048
0.0005659019777879366
0.000566237562340713
0.0005665739345574519
0.0005669105868299994
0.0005672474896352936
0.0005675851016146567
0.0005679228665033171
0.0005682609667861241
0.0005685998006214268
0.000568938911172243
0.0005692785443690832
0.0005696185943624531
0.0005699587309552244
0.0005702996230661495
0.0005706408481475143
0.0005709820958376217
0.0005713243244545147
0.0005716669411152469
0.0005720095877203456
0.0005723529575957548
0.0005726967153222268
0.0005730405922379945
0.0005733850891650198
0.0005737299568634356
0.0005740750786802842
0.000574420834936314
0.0005747667652751459
0.0005751130470608311
0.0005754601715552478
0.0005758071497846403
0.0005761546270456245
0.000576503032592644
0.0005768512962137234
0.0005771999639320686
0.0005775494330295303
0.0005778988825156077
0.000578248761132146
0.0005785993706805671
0.0005789499183551555
0.0005793010203342077
0.0005796527203700822
0.0005800043103964998
0.0005803566185201724
0.0005807094993909165
0.0005810622928724591
0.0005814158321015254
0.0005817697994240985
0.0005821235909442582
0.0005824781548036407
0.0005828330854461519
0.0005831879313638219
0.000583543711782401
0.0005838998093421397
0.0005842558352406676
0.0005846128055476412
0.000584969990190313
0.0005853269751965331
0.0005856849001591636
0.0005860431968603945
0.0005864012032806929
0.0005867600802323034
0.0005871194266197056
0.0005874785862909443
0.0005878386615915396
0.0005881990060808475
0.0005885590153812726
0.0005889201292291157
0.0005892814294057055
0.0005896423124817085
0.0005900045991264261
0.0005903670693994837
0.000590728909186457
0.0005910920750122832
0.0005914555379302703
0.0005918184151606197
0.0005921824663950036
0.0005925468338480263
0.000592910830026255
0.0005932757327234964
0.0005936407991080191
0.0005940059883733
0.0005943718841826495
0.0005947378702386414
0.0005951040529864085
0.0005954708448832802
0.0005958377028789097
0.0005962049189586361
0.0005965725365385503
0.0005969402019236143
0.0005973083290160009
0.0005976766554517291
0.0005980451801021189
0.0005984143385462366
0.0005987835063451689
0.0005991528078068671
0.0005995227595878669
0.0005998927197187125
0.0006002628267592051
0.0006006336364382048
0.0006010045251091165
0.0006013754622377019
0.000601746950364219
0.0006021186570037477
0.0006024904107926203
0.0006028626220211205
0.0006032352223357401
0.0006036076422172967
0.000603980533131856
0.0006043538752173261
0.0006047270291187417
0.0006051005351180215
0.0006054745311220321
0.0006058485623664261
0.0006062227897268224
0.0006065973465117409
0.0006069723622814961
0.0006073471829923649
0.0006077219953333607
0.0006080978622696679
0.000608473434613052
0.000608848915630414
0.0006092253294554724
0.0006096015176380271
0.0006099776279933133
0.0006103545221921808
0.0006107312458946805
0.0006111080100893573
0.0006114854988950784
0.0006118628800530657
0.0006122403648523017
0.0006126183580635632
0.0006129961825857075
0.0006133740985978439
0.0006137524478665127
0.0006141307631662025
0.0006145092725368483
0.0006148881335431551
0.0006152670062586295
0.0006156461418149727
0.0006160253287616836
0.0006164045116766118
0.0006167841152964146
0.0006171635932654909
0.000617543105651152
0.0006179232110244298
0.0006183029810145395
0.0006186828157860237
0.0006190634129493532
0.0006194434772580414
0.0006198237109111371
0.0006202047662848043
0.0006205850928394661
0.0006209656552770257
0.0006213468418197698
0.0006217273814177579
0.0006221082850747284
0.0006224896712105013
0.0006228705217464857
0.0006232517864920531
0.000623633268733941
0.0006240142418142433
0.0006243957179521568
0.0006247772798051168
0.0006251584333717548
0.0006255400890608961
0.0006259216723466085
0.0006263030593552575
0.0006266850546526203
0.0006270666963115218
0.0006274481466885389
0.0006278302179866211
0.0006282118011781173
0.0006285933034625999
0.0006289753682868026
0.0006293567457887374
0.0006297383220225749
0.0006301204539705798
0.000630501616922643
0.0006308833861081671
0.0006312655446105973
0.0006316465254592623
0.0006320281576827796
0.0006324100752093245
0.0006327908742623944
0.0006331724829583865
0.0006335542811540063
0.000633934920686053
0.0006343163360901722
0.0006346978191048465
0.0006350782078232192
0.0006354594343294567
0.0006358406355076158
0.0006362207092690637
0.0006366015675017106
0.0006369823533003729
0.0006373621226746441
0.0006377427038224495
0.0006381230276780322
0.0006385023275183868
0.0006388825024317474
0.0006392623557017228
0.0006396412743390436
0.0006400209622725948
0.0006404001070974195
0.000640778653541318
0.0006411577911137948
0.0006415362872836956
0.0006419146623070219
0.0006422931672717433
0.0006426710214442694
0.0006430487852992937
0.0006434264983415346
0.0006438035944316621
0.0006441805606009834
0.0006445574642657219
0.0006449339094813545
0.0006453103681534371
0.0006456865103270603
0.0006460621706780128
0.0006464378161417283
0.0006468128678283358
0.0006471875493078317
0.0006475621770308665
0.0006479361816855966
0.0006483100111305568
0.0006486836109467236
0.0006490564761118188
0.0006494295611114341
0.0006498022506211123
0.0006501739985871746
0.0006505459565245804
0.000650917420912353
0.0006512879269995328
0.0006516588185957345
0.0006520290160062987
0.000652398382491211
0.0006527679800312875
0.0006531369934117339
0.0006535051471774672
0.0006538732271954434
0.000654240802414322
0.0006546076672877902
0.0006549743260031644
0.0006553404984908401
0.0006557059623159934
0.0006560710310250132
0.0006564355995914211
0.0006567995478873682
0.0006571630441251624
0.0006575259873823813
0.000657888403733449
0.0006582502534877822
0.0006586114288218553
0.0006589722155442656
0.0006593321355424513
0.0006596913372955407
0.0006600503091640587
0.0006604081105747951
0.0006607655066926074
0.0006611228349526141
0.0006614787897141503
0.0006618342268933737
0.0006621894211817036
0.0006625433510296775
0.0006628966321549339
0.0006632494837114498
0.0006636013241696727
0.0006639525389895622
0.0006643030984385859
0.0006646526958664136
0.0006650016181910915
0.0006653496742789426
0.0006656969658128221
0.0006660436342930537
0.0006663892594004194
0.0006667341481514487
0.0006670781769202767
0.000667421007935825
0.0006677632916035133
0.0006681046443345347
0.0006684446996480593
0.0006687843999060376
0.000669122965051794
0.0006694599072578363
0.0006697969541225353
0.0006701325045820037
0.0006704664667269275
0.000670800578396864
0.0006711330518775444
0.0006714640411558189
0.0006717951115893676
0.0006721243945282783
0.0006724521349193165
0.0006727798288295855
0.0006731057764213036
0.000673430315908952
0.0006737546219941003
0.0006740770251072851
0.000674398177984322
0.0006747188568741522
0.0006750375273598632
0.0006753551605784654
0.0006756720109661636
0.0006759867901516479
0.0006763007478003122
0.0006766136476445578
0.0006769245462710686
0.0006772349316781767
0.0006775437622032201
0.0006778503469946121
0.0006781566747485769
0.0006784611350106933
0.0006787634164416593
0.0006790656837044628
0.0006793657099876155
0.0006796636352652558
0.0006799613866863192
0.0006802569089100417
0.0006805504997729476
0.0006808436258416418
0.0006811344391812142
0.000681423331918205
0.0006817115675038847
0.0006819975179606937
0.0006822815731883888
0.0006825646591776618
0.0006828454517195294
0.0006831244479964118
0.0006834022347578241
0.0006836777163886945
0.0006839514507482935
0.0006842236609073308
0.0006844935482468241
0.0006847617959139391
0.0006850283243993224
0.0006852925340054819
0.0006855551160575041
0.0006858156165331335
0.0006860738511681921
0.000686330565725219
0.0006865849263557542
0.0006868369844739221
0.0006870874851963921
0.0006873355742660306
0.0006875812659781787
0.0006878252120329174
0.0006880666558272784
0.0006883057156164027
0.0006885429177188163
0.0006887775590255287
0.0006890096402797462
0.000689239690148714
0.0006894671539864666
0.0006896920889205733
0.0006899148067501478
0.000690134907342844
0.000690352382585984
0.0006905674844806013
0.0006907799511716934
0.0006909897160469736
0.0006911970112550523
0.000691401680270474
0.0006916034594920085
0.0006918025203002257
0.0006919990081893793
0.0006921925624900863
0.0006923830473767548
0.000692571090035734
0.0006927560091315042
0.0006929377069988061
0.0006931168498348891
0.0006932928186146831
0.0006934655036470538
0.0006936354822298223
0.0006938021730776015
0.0006939654146136799
0.0006941258457327237
0.0006942829426397304
0.0006944363972922874
0.0006945869324251114
0.0006947340173458652
0.000694877404278094
0.000695017686275301
0.0006951543580090667
0.0006952872562026318
0.000695416818366184
0.0006955426510257337
0.0006956647136239073
0.0006957832586255494
0.0006958979119167722
0.0006960086541378224
0.0006961157027368695
0.0006962187361284224
0.000696317785090043
0.0006964129771045459
0.0006965040017426888
0.0006965909334830946
0.0006966737598812757
0.0006967522605951414
0.0006968265868977115
0.0006968966052783647
0.000696962216826107
0.0006970234464674417
0.0006970802073289536
0.0006971324220828046
0.0006971800641060161
0.0006972230545648478
0.0006972613427886743
0.0006972948853476794
0.0006973235810530138
0.0006973473930960967
0.0006973662728424886
0.0006973801608333928
0.000697389050615972
0.0006973928900594184
0.0006973915241591903
0.0006973848828833757
0.0006973729051155977
0.0006973555474989836
0.0006973327323551262
0.000697304371504003
0.0006972704313055776
0.0006972308273526079
0.0006971854714352823
0.0006971342995091569
0.000697077255671536
0.0006970142488493421
0.000696945167233755
0.0006968700178556234
0.0006967887027419927
0.0006967010582828957
0.0006966071266405053
0.0006965067941031979
0.0006963997898969868
0.000696286306424594
0.0006961661016525138
0.0006960388258336747
0.0006959049236646668
0.0006957640953346801
0.0006956159728981272
0.0006954609922089673
0.0006952987524167414
0.0006951289442145692
0.0006949521445333471
0.0006947677487987645
0.0006945754628562089
0.0006943759000975957
0.0006941682702023535
0.0006939524469781568
0.0006937291766290706
0.0006934975186743661
0.0006932574749958945
0.000693009672633801
0.0006927529388940627
0.0006924876009958397
0.0006922142393103973
0.0006919315207160088
0.0006916397523914589
0.0006913396542894826
0.000691029864137124
0.0006907106556737777
0.0006903829058513012
0.0006900450370451582
0.0006896973998597799
0.0006893407578735241
0.0006889735299100776
0.0006885962015551971
0.0006882095017891515
0.0006878116749206365
0.0006874034796381708
0.0006869856622541827
0.0006865560738635253
0.0006861158448426531
0.0006856655316108049
0.0006852025615789628
0.0006847288521501922
0.0006842445021188463
0.0006837466624863136
0.0006832381651249106
0.0006827184742451111
0.000682184838908171
0.0006816401645649812
0.0006810835167275339
0.0006805123569929846
0.0006799297489559613
0.0006793344364267286
0.0006787240652925295
0.000678101737265106
0.0006774660878046802
0.0006768148587396659
0.000676150988595683
0.0006754731925100444
0.0006747795043792113
0.0006740726506665495
0.000673351058590499
0.0006726128270008792
0.0006718605015170573
0.0006710924781865653
0.000670307539394564
0.0006695081677476199
0.0006686920671891439
0.0006678581312562225
0.0006670090981550828
0.0006661426440801034
0.0006652578402368557
0.0006643572201732092
0.0006634378061030871
0.0006624994332847726
0.0006615448878607651
0.00066057024817838
0.000659575695177812
0.000658564634557699
0.0006575322137822222
0.0006564786624355245
0.000655408156818947
0.0006543148121539068
0.0006531995202942549
0.0006520665581068333
0.0006509097770347158
0.0006497301212663758
0.0006485312473174459
0.0006473074956156526
0.000646060154885027
0.0006447917677761784
0.0006434982763014118
0.0006421793807461175
0.00064083834201519
0.0006394717611413405
0.0006380775960266966
0.0006366598392767903
0.0006352157029594235
0.0006337420567564867
0.0006322433186769019
0.0006307169057557203
0.0006291606773656346
0.0006275762262479047
0.0006259625803183862
0.0006243196917017062
0.000622645647421118
0.000620940760884827
0.000619206063676943
0.0006174355808181456
0.0006156323805864856
0.0006138017212650942
0.0006119290875678562
0.0006100223141299198
0.0006080876089802755
0.0006061089898223728
0.000604093773650086
0.000602047523006511
0.0005999554604497519
0.0005978243210947093
0.0005956592917471781
0.0005934474539615748
0.0005911940653259241
0.0005889027042317427
0.000586562644941918
0.00058417941152387
0.0005817537957515176
0.0005792760243570057
0.0005767522017596848
0.0005741815739472187
0.000571556828534114
0.000568883704119248
0.000566159252315358
0.0005633778706288968
0.0005605437743345593
0.0005576538817389538
0.0005547034222963923
0.0005516965428973659
0.0005486289243064515
0.0005454958743464502
0.000542302000420861
0.0005390425406767196
0.0005357123895579707
0.0005323144781219462
0.0005288436070187376
0.000525297765827471
0.0005216806397911989
0.0005179837614907941
0.0005142045259470411
0.0005103459190384311
0.0005063995808305493
0.0005023643505760551
0.0004982414076955229
0.0004940210966681763
0.0004897019647315768
0.0004852854290304839
0.0004807605792261192
0.0004761275520604223
0.00047138907243173965
0.0004665262954363098
0.00046154105820082333
0.00045643964475128773
0.0004511964211448092
0.00044581488344072606
0.00044030352582115513
0.000434629931602879
0.00042879790447533227
0.0004228141756615609
0.00041664345530422435
0.0004102922424986167
0.00040376512296182035
0.00039702081931083206
0.00039006171055236877
0.000382887689745517
0.00037545700123688743
0.00036777231805447977
0.00035982140704489526
0.00035155759178011515
0.0003429847536728011
0.0003340760558552049
0.0003247714790294464
0.0003150626027512863
0.0003049036648913203
0.000294227471449713
0.0002830032717454156
0.00027114547440645415
0.0002585471888790238
0.0002451317437948075
0.00023072377295311713
0.00021510454039090632
0.00019803041926716043
0.00017905062480925868
0.00015744132138177742
0.00013199422513955663
9.974503270746044e-5
4.8546077627198126e-5
0.0
0.0
0.0
0.0
0.0
0.0
0.0
0.0
0.0
0.0
0.0
0.0
0.0
0.0
0.0
0.0
0.0
0.0
0.0
0.0
0.0
0.0
0.0
0.0
0.0
0.0
0.0
0.0
0.0
0.0
0.0
0.0
0.0
0.0
0.0
0.0
0.0
0.0
0.0
0.0
0.0
0.0
0.0
0.0
0.0
0.0
0.0
0.0
0.0
0.0
0.0
0.0
0.0
0.0
0.0
0.0
0.0
0.0
0.0
0.0
0.0
0.0
0.0
0.0
0.0
0.0
0.0
0.0
0.0
0.0
0.0
0.0
0.0
0.0
0.0
0.0
0.0
0.0
0.0
0.0
0.0
0.0
0.0
0.0
0.0
0.0
0.0
0.0
0.0
0.0
0.0
0.0
0.0
0.0
0.0
0.0
0.0
0.0
0.0
0.0
0.0
0.0
0.0
0.0
0.0
0.0
0.0
0.0
0.0
0.0
0.0
0.0
0.0
0.0
0.0
0.0
0.0
0.0
0.0
0.0
0.0
0.0
0.0
0.0
0.0
0.0
0.0
0.0
0.0
0.0
0.0
0.0
0.0
0.0
0.0
0.0
0.0
0.0
0.0
0.0
0.0
0.0
0.0
0.0
0.0
0.0
0.0
0.0
0.0
0.0
0.0
0.0
0.0
0.0
0.0
0.0
0.0
0.0
0.0
0.0
0.0
0.0
0.0
0.0
0.0
0.0
0.0
0.0
0.0
0.0
0.0
0.0
0.0
0.0
0.0
0.0
0.0
0.0
0.0
0.0
0.0
0.0
0.0
0.0
0.0
0.0
0.0
0.0
0.0
0.0
0.0
0.0
0.0
0.0
0.0
0.0
0.0
0.0
0.0
0.0
0.0
0.0
0.0
0.0
0.0
0.0
0.0
0.0
0.0
0.0
0.0
0.0
0.0
0.0
0.0
0.0
0.0
0.0
0.0
0.0
0.0
0.0
0.0
0.0
0.0
0.0
0.0
0.0
0.0
0.0
0.0
0.0
0.0
0.0
0.0
0.0
0.0
0.0
0.0
0.0
0.0
0.0
0.0
0.0
0.0
0.0
0.0
0.0
0.0
0.0
0.0
0.0
0.0
0.0
0.0
0.0
0.0
0.0
0.0
0.0
0.0
0.0
0.0
0.0
0.0
0.0
0.0
0.0
0.0
0.0
0.0
0.0
0.0
0.0
0.0
0.0
0.0
0.0
0.0
0.0
0.0
0.0
0.0
0.0
0.0
0.0
0.0
0.0
0.0
0.0
0.0
0.0
0.0
0.0
0.0
0.0
0.0
0.0
0.0
0.0
0.0
0.0
0.0
0.0
0.0
0.0
0.0
0.0
0.0
0.0
0.0
0.0
0.0
0.0
0.0
0.0
0.0
0.0
0.0
0.0
0.0
0.0
0.0
0.0
0.0
0.0
0.0
0.0
0.0
0.0
0.0
0.0
0.0
0.0
0.0
0.0
0.0
0.0
0.0
0.0
0.0
0.0
0.0
0.0
0.0
0.0
0.0
0.0
0.0
0.0
0.0
0.0
0.0
0.0
0.0
0.0
0.0
0.0
0.0
0.0
0.0
0.0
0.0
0.0
0.0
0.0
0.0
0.0
0.0
0.0
0.0
0.0
0.0
0.0
0.0
0.0
0.0
0.0
0.0
0.0
0.0
0.0
0.0
0.0
0.0
0.0
0.0
0.0
0.0
0.0
0.0
0.0
0.0
0.0
0.0
0.0
0.0
0.0
0.0
0.0
0.0
0.0
0.0
0.0
0.0
0.0
0.0
0.0
0.0
0.0
0.0
0.0
0.0
0.0
0.0
0.0
0.0
0.0
0.0
0.0
0.0
0.0
0.0
0.0
0.0
0.0
0.0
0.0
0.0
0.0
0.0
0.0
0.0
0.0
0.0
0.0
0.0
0.0
0.0
0.0
0.0
0.0
0.0
0.0
0.0
0.0
0.0
0.0
0.0
0.0
0.0
0.0
0.0
0.0
0.0
0.0
0.0
0.0
0.0
0.0
0.0
0.0
0.0
0.0
0.0
0.0
0.0
0.0
0.0
0.0
0.0
0.0
0.0
0.0
0.0
0.0
0.0
0.0
0.0
0.0
0.0
0.0
0.0
0.0
0.0
0.0
0.0
0.0
0.0
0.0
0.0
0.0
0.0
0.0
0.0
0.0
0.0
0.0
0.0
0.0
0.0
0.0
0.0
0.0
0.0
0.0
0.0
0.0
0.0
0.0
0.0
0.0
0.0
0.0
0.0
0.0
0.0
0.0
0.0
0.0
0.0
0.0
0.0
0.0
0.0
0.0
0.0
0.0
0.0
0.0
0.0
0.0
0.0
0.0
0.0
0.0
0.0
0.0
0.0
0.0
0.0
0.0
0.0
0.0
0.0
0.0
0.0
0.0
0.0
0.0
0.0
0.0
0.0
0.0
0.0
0.0
0.0
0.0
0.0
0.0
0.0
0.0
0.0
0.0
0.0
0.0
0.0
0.0
0.0
0.0
0.0
0.0
0.0
0.0
0.0
0.0
0.0
0.0
0.0
0.0
0.0
0.0
0.0
0.0
0.0
0.0
0.0
0.0
0.0
0.0
0.0
0.0
0.0
0.0
0.0
0.0
0.0
0.0
0.0
0.0
0.0
0.0
0.0
0.0
0.0
0.0
0.0
0.0
0.0
0.0
0.0
0.0
0.0
0.0
0.0
0.0
0.0
0.0
0.0
0.0
0.0
0.0
0.0
0.0
0.0
0.0
0.0
0.0
0.0
0.0
0.0
0.0
0.0
0.0
0.0
0.0
0.0
0.0
0.0
0.0
0.0
0.0
0.0
0.0
0.0
0.0
0.0
0.0
0.0
0.0
0.0
0.0
0.0
0.0
0.0
0.0
0.0
0.0
0.0
0.0
0.0
0.0
0.0
0.0
0.0
0.0
0.0
0.0
0.0
0.0
0.0
0.0
0.0
0.0
0.0
0.0
0.0
0.0
0.0
0.0
0.0
0.0
0.0
0.0
0.0
0.0
0.0
0.0
0.0
0.0
0.0
0.0
0.0
0.0
0.0
0.0
0.0
0.0
0.0
0.0
0.0
0.0
0.0
0.0
0.0
0.0
0.0
0.0
0.0
0.0
0.0
0.0
0.0
0.0
0.0
0.0
0.0
0.0
0.0
0.0
0.0
0.0
0.0
0.0
0.0
0.0
0.0
0.0
0.0
0.0
0.0
0.0
0.0
0.0
0.0
0.0
0.0
0.0
0.0
0.0
0.0
0.0
0.0
0.0
0.0
0.0
0.0
0.0
0.0
0.0
0.0
0.0
0.0
0.0
0.0
0.0
0.0
0.0
0.0
0.0
0.0
0.0
0.0
0.0
0.0
0.0
0.0
0.0
0.0
0.0
0.0
0.0
0.0
0.0
0.0
0.0
0.0
0.0
0.0
0.0
0.0
0.0
0.0
0.0
0.0
0.0
0.0
0.0
0.0
0.0
0.0
0.0
0.0
0.0
0.0
0.0
0.0
0.0
0.0
0.0
0.0
0.0
0.0
0.0
0.0
0.0
0.0
0.0
0.0
0.0
0.0
0.0
0.0
0.0
0.0
0.0
0.0
0.0
0.0
0.0
0.0
0.0
0.0
0.0
0.0
0.0
0.0
0.0
0.0
0.0
0.0
0.0
0.0
0.0
0.0
0.0
0.0
0.0
0.0
0.0
0.0
0.0
0.0
0.0
0.0
0.0
0.0
0.0
0.0
0.0
0.0
0.0
0.0
0.0
0.0
0.0
0.0
0.0
0.0
0.0
0.0
0.0
0.0
0.0
0.0
0.0
0.0
0.0
0.0
0.0
0.0
0.0
0.0
0.0
0.0
0.0
0.0
0.0
0.0
0.0
0.0
0.0
0.0
0.0
0.0
0.0
0.0
0.0
0.0
0.0
0.0
0.0
0.0
0.0
0.0
0.0
0.0
0.0
0.0
0.0
0.0
0.0
0.0
0.0
0.0
0.0
0.0
0.0
0.0
0.0
0.0
0.0
0.0
0.0
0.0
0.0
0.0
0.0
0.0
0.0
0.0
0.0
0.0
0.0
0.0
0.0
0.0
0.0
0.0
0.0
0.0
0.0
0.0
0.0
0.0
0.0
0.0
0.0
0.0
0.0
0.0
0.0
0.0
0.0
0.0
0.0
0.0
0.0
0.0
0.0
0.0
0.0
0.0
0.0
0.0
0.0
0.0
0.0
0.0
0.0
0.0
0.0
0.0
0.0
0.0
0.0
0.0
0.0
0.0
0.0
0.0
0.0
0.0
0.0
0.0
0.0
0.0
0.0
0.0
0.0
0.0
0.0
0.0
0.0
0.0
0.0
0.0
0.0
0.0
0.0
0.0
0.0
0.0
0.0
0.0
0.0
0.0
0.0
0.0
0.0
0.0
0.0
0.0
0.0
0.0
0.0
0.0
0.0
0.0
0.0
0.0
0.0
0.0
0.0
0.0
0.0
0.0
0.0
0.0
0.0
0.0
0.0
0.0
0.0
0.0
0.0
0.0
0.0
0.0
0.0
0.0
0.0
0.0
0.0
0.0
0.0
0.0
0.0
0.0
0.0
0.0
0.0
0.0
0.0
0.0
0.0
0.0
0.0
0.0
0.0
0.0
0.0
0.0
0.0
0.0
0.0
0.0
0.0
0.0
0.0
0.0
0.0
0.0
0.0
0.0
0.0
0.0
0.0
0.0
0.0
0.0
0.0
0.0
0.0
0.0
0.0
0.0
0.0
0.0
0.0
0.0
0.0
0.0
0.0
0.0
0.0
0.0
0.0
0.0
0.0
0.0
0.0
0.0
0.0
0.0
0.0
0.0
0.0
0.0
0.0
0.0
0.0
0.0
0.0
0.0
0.0
0.0
0.0
0.0
0.0
0.0
0.0
0.0
0.0
0.0
0.0
0.0
0.0
0.0
0.0
0.0
0.0
0.0
0.0
0.0
0.0
0.0
0.0
0.0
0.0
0.0
0.0
0.0
0.0
0.0
0.0
0.0
0.0
0.0
0.0
0.0
0.0
0.0
0.0
0.0
0.0
0.0
0.0
0.0
0.0
0.0
0.0
0.0
0.0
0.0
0.0
0.0
0.0
0.0
0.0
0.0
0.0
0.0
0.0
0.0
0.0
0.0
0.0
0.0
0.0
0.0
0.0
0.0
0.0
0.0
0.0
0.0
0.0
0.0
0.0
0.0
0.0
0.0
0.0
0.0
0.0
0.0
0.0
0.0
0.0
0.0
0.0
0.0
0.0
0.0
0.0
0.0
0.0
0.0
0.0
0.0
0.0
0.0
0.0
0.0
0.0
0.0
0.0
0.0
0.0
0.0
0.0
0.0
0.0
0.0
0.0
0.0
0.0
0.0
0.0
0.0
0.0
0.0
0.0
0.0
0.0
0.0
0.0
0.0
0.0
0.0
0.0
0.0
0.0
0.0
0.0
0.0
0.0
0.0
0.0
0.0
0.0
0.0
0.0
0.0
0.0
0.0
0.0
0.0
0.0
0.0
0.0
0.0
0.0
0.0
0.0
0.0
0.0
0.0
0.0
0.0
0.0
0.0
0.0
0.0
0.0
0.0
0.0
0.0
0.0
0.0
0.0
0.0
0.0
0.0
0.0
0.0
0.0
0.0
0.0
0.0
0.0
0.0
0.0
0.0
0.0
0.0
0.0
0.0
0.0
0.0
0.0
0.0
0.0
0.0
0.0
0.0
0.0
0.0
0.0
0.0
0.0
0.0
0.0
0.0
0.0
0.0
0.0
0.0
0.0
0.0
0.0
0.0
0.0
0.0
0.0
0.0
0.0
0.0
0.0
0.0
0.0
0.0
0.0
0.0
0.0
0.0
0.0
0.0
0.0
0.0
0.0
0.0
0.0
0.0
0.0
0.0
0.0
0.0
0.0
0.0
0.0
0.0
0.0
0.0
0.0
0.0
0.0
0.0
0.0
0.0
0.0
0.0
0.0
0.0
0.0
0.0
0.0
0.0
0.0
0.0
0.0
0.0
0.0
0.0
0.0
0.0
0.0
0.0
0.0
0.0
0.0
0.0
0.0
0.0
0.0
0.0
0.0
0.0
0.0
0.0
0.0
0.0
0.0
0.0
0.0
0.0
0.0
0.0
0.0
0.0
0.0
0.0
0.0
0.0
0.0
0.0
0.0
0.0
0.0
0.0
0.0
0.0
0.0
0.0
0.0
0.0
0.0
0.0
0.0
0.0
0.0
0.0
0.0
0.0
0.0
0.0
0.0
0.0
0.0
0.0
0.0
0.0
0.0
0.0
0.0
0.0
0.0
0.0
0.0
0.0
0.0
0.0
0.0
0.0
0.0
0.0
0.0
0.0
0.0
0.0
0.0
0.0
0.0
0.0
0.0
0.0
0.0
0.0
0.0
0.0
0.0
0.0
0.0
0.0
0.0
0.0
0.0
0.0
0.0
0.0
0.0
0.0
0.0
0.0
0.0
0.0
0.0
0.0
0.0
0.0
0.0
0.0
0.0
0.0
0.0
0.0
0.0
0.0
0.0
0.0
0.0
0.0
0.0
0.0
0.0
0.0
0.0
0.0
0.0
0.0
0.0
0.0
0.0
0.0
0.0
0.0
0.0
0.0
0.0
0.0
0.0
0.0
0.0
0.0
0.0
0.0
0.0
0.0
0.0
0.0
0.0
0.0
0.0
0.0
0.0
0.0
0.0
0.0
0.0
0.0
0.0
0.0
0.0
0.0
0.0
0.0
0.0
0.0
0.0
0.0
0.0
0.0
0.0
0.0
0.0
0.0
0.0
0.0
0.0
0.0
0.0
0.0
0.0
0.0
0.0
0.0
0.0
0.0
0.0
0.0
0.0
0.0
0.0
0.0
0.0
0.0
0.0
0.0
0.0
0.0
0.0
0.0
0.0
0.0
0.0
0.0
0.0
0.0
0.0
0.0
0.0
0.0
0.0
0.0
0.0
0.0
0.0
0.0
0.0
0.0
0.0
0.0
0.0
0.0
0.0
0.0
0.0
0.0
0.0
0.0
0.0
0.0
0.0
0.0
0.0
0.0
0.0
0.0
0.0
0.0
0.0
0.0
0.0
0.0
0.0
0.0
0.0
0.0
0.0
0.0
0.0
0.0
0.0
0.0
0.0
0.0
0.0
0.0
0.0
0.0
0.0
0.0
0.0
0.0
0.0
0.0
0.0
0.0
0.0
0.0
0.0
0.0
0.0
0.0
0.0
0.0
0.0
0.0
0.0
0.0
0.0
0.0
0.0
0.0
0.0
0.0
0.0
0.0
0.0
0.0
0.0
0.0
0.0
0.0
0.0
0.0
0.0
0.0
0.0
0.0
0.0
0.0
0.0
0.0
0.0
0.0
0.0
0.0
0.0
0.0
0.0
0.0
0.0
0.0
0.0
0.0
0.0
0.0
0.0
0.0
0.0
0.0
0.0
0.0
0.0
0.0
0.0
0.0
0.0
0.0
0.0
0.0
0.0
0.0
0.0
0.0
0.0
0.0
0.0
0.0
0.0
0.0
0.0
0.0
0.0
0.0
0.0
0.0
0.0
0.0
0.0
0.0
0.0
0.0
0.0
0.0
0.0
0.0
0.0
0.0
0.0
0.0
0.0
0.0
0.0
0.0
0.0
0.0
0.0
0.0
0.0
0.0
0.0
0.0
0.0
0.0
0.0
0.0
0.0
0.0
0.0
0.0
0.0
0.0
0.0
0.0
0.0
0.0
0.0
0.0
0.0
0.0
0.0
0.0
0.0
0.0
0.0
0.0
0.0
0.0
0.0
0.0
0.0
0.0
0.0
0.0
0.0
0.0
0.0
0.0
0.0
0.0
0.0
0.0
0.0
0.0
0.0
0.0
0.0
0.0
0.0
0.0
0.0
0.0
0.0
0.0
0.0
0.0
0.0
0.0
0.0
0.0
0.0
0.0
0.0
0.0
0.0
0.0
0.0
0.0
0.0
0.0
0.0
0.0
0.0
0.0
0.0
0.0
0.0
0.0
0.0
0.0
0.0
0.0
0.0
0.0
0.0
0.0
0.0
0.0
0.0
0.0
0.0
0.0
0.0
0.0
0.0
0.0
0.0
0.0
0.0
0.0
0.0
0.0
0.0
0.0
0.0
0.0
0.0
0.0
0.0
0.0
0.0
0.0
0.0
0.0
0.0
0.0
0.0
0.0
0.0
0.0
0.0
0.0
0.0
0.0
0.0
0.0
0.0
0.0
0.0
0.0
0.0
0.0
0.0
0.0
0.0
0.0
0.0
0.0
0.0
0.0
0.0
0.0
0.0
0.0
0.0
0.0
0.0
0.0
0.0
0.0
0.0
0.0
0.0
0.0
0.0
0.0
0.0
0.0
0.0
0.0
0.0
0.0
0.0
0.0
0.0
0.0
0.0
0.0
0.0
0.0
0.0
0.0
0.0
0.0
0.0
0.0
0.0
0.0
0.0
0.0
0.0
0.0
0.0
0.0
0.0
0.0
0.0
0.0
0.0
0.0
0.0
0.0
0.0
0.0
0.0
0.0
0.0
0.0
0.0
0.0
0.0
0.0
0.0
0.0
0.0
0.0
0.0
0.0
0.0
0.0
0.0
0.0
0.0
0.0
0.0
0.0
0.0
0.0
0.0
0.0
0.0
0.0
0.0
0.0
0.0
0.0
0.0
0.0
0.0
0.0
0.0
0.0
0.0
0.0
0.0
0.0
0.0
0.0
0.0
0.0
0.0
0.0
0.0
0.0
0.0
0.0
0.0
0.0
0.0
0.0
0.0
0.0
0.0
0.0
0.0
0.0
0.0
0.0
0.0
0.0
0.0
0.0
0.0
0.0
0.0
0.0
0.0
0.0
0.0
0.0
0.0
0.0
0.0
0.0
0.0
0.0
0.0
0.0
0.0
0.0
0.0
0.0
0.0
0.0
0.0
0.0
0.0
0.0
0.0
0.0
0.0
0.0
0.0
0.0
0.0
0.0
0.0
0.0
0.0
0.0
0.0
0.0
0.0
0.0
0.0
0.0
0.0
0.0
0.0
0.0
0.0
0.0
0.0
0.0
0.0
0.0
0.0
0.0
0.0
0.0
0.0
0.0
0.0
0.0
0.0
0.0
0.0
0.0
0.0
0.0
0.0
0.0
0.0
0.0
0.0
0.0
0.0
0.0
0.0
0.0
0.0
0.0
0.0
0.0
0.0
0.0
0.0
0.0
0.0
0.0
0.0
0.0
0.0
0.0
0.0
0.0
0.0
0.0
0.0
0.0
0.0
0.0
0.0
0.0
0.0
0.0
0.0
0.0
0.0
0.0
0.0
0.0
0.0
0.0
0.0
0.0
0.0
0.0
0.0
0.0
0.0
0.0
0.0
0.0
0.0
0.0
0.0
0.0
0.0
0.0
0.0
0.0
0.0
0.0
0.0
0.0
0.0
0.0
0.0
0.0
0.0
0.0
0.0
0.0
0.0
0.0
0.0
0.0
0.0
0.0
0.0
0.0
0.0
0.0
0.0
0.0
0.0
0.0
0.0
0.0
0.0
0.0
0.0
0.0
0.0
0.0
0.0
0.0
0.0
0.0
0.0
0.0
0.0
0.0
0.0
0.0
0.0
0.0
0.0
0.0
0.0
0.0
0.0
0.0
0.0
0.0
0.0
0.0
0.0
0.0
0.0
0.0
0.0
0.0
0.0
0.0
0.0
0.0
0.0
0.0
0.0
0.0
0.0
0.0
0.0
0.0
0.0
0.0
0.0
0.0
0.0
0.0
0.0
0.0
0.0
0.0
0.0
0.0
0.0
0.0
0.0
0.0
0.0
0.0
0.0
0.0
0.0
0.0
0.0
0.0
0.0
0.0
0.0
0.0
0.0
0.0
0.0
0.0
0.0
0.0
0.0
0.0
0.0
0.0
0.0
0.0
0.0
0.0
0.0
0.0
0.0
0.0
0.0
0.0
0.0
0.0
0.0
0.0
0.0
0.0
0.0
0.0
0.0
0.0
0.0
0.0
0.0
0.0
0.0
0.0
0.0
0.0
0.0
0.0
0.0
0.0
0.0
0.0
0.0
0.0
0.0
0.0
0.0
0.0
0.0
0.0
0.0
0.0
0.0
0.0
0.0
0.0
0.0
0.0
0.0
0.0
0.0
0.0
0.0
0.0
0.0
0.0
0.0
0.0
0.0
0.0
0.0
0.0
0.0
0.0
0.0
0.0
0.0
0.0
0.0
0.0
0.0
0.0
0.0
0.0
0.0
0.0
0.0
0.0
0.0
0.0
0.0
0.0
0.0
0.0
0.0
0.0
0.0
0.0
0.0
0.0
0.0
0.0
0.0
0.0
0.0
0.0
0.0
0.0
0.0
0.0
0.0
0.0
0.0
0.0
0.0
0.0
0.0
0.0
0.0
0.0
0.0
0.0
0.0
0.0
0.0
0.0
0.0
0.0
0.0
0.0
0.0
0.0
0.0
0.0
0.0
0.0
0.0
0.0
0.0
0.0
0.0
0.0
0.0
0.0
0.0
0.0
0.0
0.0
0.0
0.0
0.0
0.0
0.0
0.0
0.0
0.0
0.0
0.0
0.0
0.0
0.0
0.0
0.0
0.0
0.0
0.0
0.0
0.0
0.0
0.0
0.0
0.0
0.0
