0.002187999105271857
0.0021881214627384586
0.0021882341806847487
0.0021883409020731336
0.0021884429008793916
0.0021885406544164035
0.002188633668832496
0.0021887239960922534
0.002188811427955927
0.002188896467539266
0.002188979724989768
0.002189060896212069
0.0021891398315364496
0.002189217641608872
0.0021892943057789886
0.002189369905425291
0.0021894444767937386
0.0021895177676117144
0.0021895897835969916
0.0021896612200664805
0.002189732107108441
0.0021898024001044103
0.002189872031117746
0.0021899409698004526
0.0021900092081410926
0.0021900767379750955
0.002190143855113788
0.002190210602127976
0.002190276977352797
0.0021903429850587057
0.0021904085531425864
0.0021904736865163664
0.0021905385881241667
0.0021906031421528548
0.0021906672800851143
0.0021907310363879803
0.002190794567830561
0.0021908577211432793
0.002190920688747875
0.002190983521071828
0.0021910462240154146
0.0021911087911520265
0.0021911711767413442
0.002191233218586417
0.002191294821834852
0.0021913562123797993
0.002191417468028417
0.0021914786355393383
0.0021915397383076305
0.0021916007832134075
0.002191661722401062
0.0021917224900121217
0.0021917830726359364
0.002191843536435456
0.0021919039149548777
0.0021919642304998443
0.0021920245012325614
0.002192084652217833
0.0021921445693762094
0.002192204433330373
0.002192264268222168
0.0021923240289368324
0.0021923837043275173
0.002192443344730481
0.00219250297200729
0.0021925624616909263
0.0021926219359684387
0.0021926813985333814
0.002192740844572781
0.0021928002492581354
0.002192859586865148
0.0021929188612052506
0.002192977969485151
0.002193036992514873
0.002193096004491363
0.002193155019577998
0.00219321404437935
0.002193273080975839
0.002193332126681086
0.0021933911622241302
0.002193450120801375
0.0021935090063406916
0.002193567867214539
0.0021936267389531102
0.0021936856388523654
0.0021937445699881314
0.002193803527052365
0.002193862461751982
0.002193921336871465
0.002193980196582866
0.0021940390285729782
0.0021940978139061893
0.00219415658285218
0.00219421537755779
0.002194274173195351
0.002194332979349096
0.0021943917806699197
0.002194450636287949
0.002194509544171783
0.0021945685027915003
0.002194627501453875
0.0021946865257785634
0.0021947455714491416
0.002194804620471774
0.002194863634486473
0.0021949226619458187
0.0021949817132657663
0.0021950407986231443
0.002195099908500924
0.002195159035883308
0.002195218195577982
0.002195277390179748
0.002195336555941601
0.002195395761872032
0.0021954550396531447
0.0021955143804753335
0.002195573784855253
0.0021956332557525986
0.0021956927862550736
0.0021957523580797477
0.0021958119352327734
0.002195871463381026
0.002195931027992415
0.00219599062935284
0.0021960502994390913
0.0021961100457595075
0.002196169859452079
0.002196229736469409
0.0021962896725840064
0.0021963496456323993
0.0021964096328584166
0.002196469670769108
0.002196529770556829
0.0021965899100214424
0.002196650074339204
0.002196710274079413
0.002196770527777562
0.002196830832729406
0.0021968911965734063
0.002196951601206402
0.0021970120763370486
0.0021970726391140065
0.0021971332823533065
0.002197194004074375
0.002197254801304611
0.0021973156665540576
0.0021973765973250445
0.0021974375955913584
0.002197498610863252
0.002197559680240664
0.002197620823519082
0.0021976820261988086
0.002197743305901496
0.002197804658908703
0.002197866070194602
0.0021979275401865753
0.0021979890732821135
0.002198050686197875
0.0021981123235071676
0.0021981740201393236
0.002198235825964283
0.0021982977149194163
0.0021983596649705183
0.0021984217020053986
0.002198483847356006
0.002198546079835846
0.0021986083929344297
0.0021986708185395554
0.0021987332723104078
0.00219879577729268
0.0021988583681098943
0.002198921018736715
0.002198983760336367
0.002199046595840494
0.0021991095208243744
0.002199172546244656
0.0021992356533375636
0.002199298807882278
0.00219936203108943
0.0021994253145993215
0.0021994887139240005
0.00219955215616999
0.002199615696749496
0.0021996793202370734
0.0021997430271087637
0.002199806834441547
0.0021998707386288005
0.0021999347658052818
0.0021999988362964456
0.002200063007414953
0.002200127239420054
0.002200191589735375
0.0022002560344645842
0.0022003205864020584
0.002200385213572481
0.0022004499191139995
0.002200514723621085
0.002200579620247876
0.0022006446290651076
0.002200709769840043
0.0022007749712281118
0.002200840294460275
0.0022009057026715927
0.0022009711882532736
0.0022010368050709318
0.0022011025168723482
0.0022011683269714984
0.002201234221876375
0.00220130016510082
0.002201366188631822
0.002201432311517092
0.002201498534052927
0.0022015648358279763
0.002201631280698037
0.00220169780122176
0.002201764427542886
0.0022018311882372435
0.0022018980534688586
0.0022019650156173643
0.0022020321103647386
0.002202099333338713
0.0022021666354060014
0.002202234060854086
0.0022023015785159607
0.002202369208999562
0.00220243688583269
0.002202504682570652
0.0022025725923069533
0.002202640608420327
0.0022027087365132504
0.002202776995803881
0.0022028453636881357
0.0022029138160508856
0.002202982388662789
0.0022030511096607698
0.0022031199214196484
0.002203188816195119
0.002203257837962972
0.0022033269785730015
0.002203396230958763
0.0022034655791069594
0.0022035350043726055
0.002203604561564981
0.002203674262439978
0.0022037440712404286
0.002203813974696256
0.0022038839926500618
0.0022039541440352383
0.0022040244480581316
0.002204094844270717
0.002204165337877881
0.0022042359707825677
0.0022043066984525177
0.0022043775604597606
0.0022044485508271954
0.0022045196590048653
0.002204590876656029
0.002204662213561529
0.002204733695817378
0.0022048053128753773
0.002204877028533987
0.0022049488680258803
0.0022050208486213345
0.0022050929394280415
0.002205165138523899
0.0022052374802179774
0.002205309934822863
0.0022053825177647834
0.0022054552187210094
0.002205528032870754
0.0022056009586664885
0.002205674000691648
0.0022057472171748524
0.002205820604367646
0.00220589408142433
0.0022059676494628967
0.0022060413350413694
0.0022061151515186984
0.0022061890930022577
0.0022062631434758614
0.0022063373188304708
0.002206411696670978
0.002206486184040949
0.0022065608127689305
0.002206635580593768
0.00220671045743427
0.0022067854474143796
0.00220686056786036
0.0022069358241242607
0.0022070112346511237
0.002207086815957726
0.0022071625398970562
0.0022072384114457046
0.0022073143842426426
0.002207390494422231
0.002207466744159289
0.0022075431293922935
0.0022076196487666325
0.002207696293151413
0.0022077730877028013
0.002207850034405683
0.002207927106264243
0.0022080042861214776
0.002208081584142412
0.0022081590459166506
0.0022082366813560577
0.0022083144465474963
0.002208392343685024
0.002208470368365602
0.0022085485332978927
0.00220862683431908
0.0022087052679469225
0.0022087838304633016
0.0022088625698051577
0.002208941484176591
0.0022090205238423353
0.0022090996823868575
0.0022091789813095753
0.0022092584664930907
0.002209338118124286
0.002209417896985793
0.0022094978020981483
0.002209577849141311
0.0022096580427996503
0.002209738395393797
0.0022098189315625893
0.0022098996122342407
0.0022099804283145347
0.0022100613894231024
0.00221014249346532
0.0022102237336692663
0.002210305120605214
0.0022103866587998493
0.002210468352817251
0.002210550204198825
0.0022106322146614506
0.002210714391028659
0.0022107967309812275
0.0022108792210743795
0.0022109618500006684
0.0022110446179083097
0.0022111275426122167
0.0022112106428027536
0.00221129391891589
0.0022113773762840916
0.0022114609644419336
0.002211544681977919
0.002211628551151068
0.0022117125828809464
0.0022117967632808567
0.002211881096561166
0.002211965587026481
0.002212050240201053
0.0022121350623531158
0.002212220045528494
0.0022123051715647033
0.0022123904482442775
0.002212475901107834
0.0022125615293528762
0.0022126473159673563
0.0022127332535560457
0.002212819356375169
0.002212905643298555
0.002212992095650018
0.002213078697768314
0.0022131654506560294
0.0022132523618286367
0.002213339443247609
0.0022134267036355124
0.0022135141458514544
0.002213601775322548
0.0022136895778334755
0.002213777537385915
0.0022138656488629436
0.002213953916603267
0.002214042352634773
0.0022141309709157336
0.002214219771502844
0.0022143087469132915
0.002214397900159807
0.0022144872202171195
0.0022145766944057276
0.0022146663366955904
0.002214756176814639
0.0022148462214599783
0.0022149364225279382
0.002215026756893196
0.0022151172568382017
0.0022152079308712116
0.0022152987555296858
0.002215389730152924
0.0022154808504882624
0.0022155722095135388
0.002215663745749687
0.0022157554461639814
0.00221584730046209
0.002215939324557945
0.0022160315492316374
0.0022161239854071725
0.002216216621238417
0.0022163094366321923
0.002216402405188593
0.002216495547889747
0.002216588898842842
0.002216682455539532
0.0022167762026422894
0.002216870132114071
0.0022169642311421637
0.002217058487314964
0.0022171529028503193
0.002217247491327415
0.002217342260266119
0.0022174372141415205
0.0022175324057899623
0.002217627782749779
0.0022177233097354634
0.0022178190418442917
0.0022179149456592996
0.0022180110266317534
0.0022181072836446767
0.002218203684124469
0.0022183003449830476
0.0022183972192676904
0.002218494282796267
0.0022185915229699918
0.0022186889375099893
0.002218786525990087
0.00221888427859378
0.0022189821820335714
0.002219080309069917
0.0022191786949662187
0.0022192772946950322
0.0022193760843694814
0.002219475051621176
0.0022195741865269378
0.0022196734736915575
0.0022197729415697333
0.0022198727018212074
0.0022199726688550588
0.002220072816516461
0.002220173097391885
0.0022202735824356844
0.002220374236052121
0.002220475029464641
0.0022205761309504438
0.0022206774211026704
0.0022207789180897133
0.0022208806331143493
0.002220982535840616
0.0022210845919516348
0.0022211867866779064
0.0022212892613027867
0.0022213919698884613
0.0022214948695090343
0.002221597957716317
0.0022217012379328323
0.002221804671254539
0.00222190834716657
0.0022220122572708723
0.0022221163443126215
0.002222220640695537
0.0022223251589394183
0.002222429865538894
0.002222534768519148
0.002222639917440139
0.0022227453028686723
0.002222850893073009
0.0022229566569453166
0.0022230625724808757
0.002223168725305196
0.002223275134453671
0.002223381763592338
0.0022234885706850197
0.0022235955403352775
0.0022237027372920097
0.0022238100440334966
0.0022239176548248508
0.0022240255354241314
0.0022241336348692714
0.0022242419334433405
0.0022243504161539016
0.002224459072816931
0.002224567998063663
0.00222467710254941
0.002224786436964628
0.0022248960091972845
0.0022250057220255933
0.0022251157132040463
0.0022252259406795303
0.002225336341661815
0.0022254469078311803
0.0022255576607293796
0.0022256686523826285
0.002225779942444495
0.0022258915072115755
0.0022260032863701544
0.002226115245831044
0.0022262273564109757
0.0022263397230918303
0.002226452421692788
0.0022265653010999733
0.0022266783488231806
0.0022267915438450797
0.002226904925339008
0.0022270186467381868
0.002227132659081952
0.002227246925385903
0.0022273613545794207
0.0022274759261079625
0.002227590808106226
0.0022277058109717884
0.002227821122803564
0.0022279366599852247
0.002228052306617562
0.002228168280437943
0.002228284493551393
0.002228400869125194
0.002228517451208847
0.002228634234875146
0.002228751407086148
0.0022288688332145275
0.00222898645451548
0.002229104205190559
0.002229222152430044
0.0022293404241275354
0.0022294589352869244
0.0022295776643118576
0.002229696574085607
0.0022298157364942024
0.002229935203739566
0.0022300549348195486
0.002230174846239164
0.002230294861178617
0.002230415123978388
0.002230535694548216
0.0022306565539853356
0.002230777660826388
0.0022308989517042127
0.0022310204853619574
0.002231142266825587
0.0022312642753052267
0.002231386530843854
0.0022315090531057724
0.0022316319276255493
0.0022317550126376966
0.002231878247359401
0.002232001667237822
0.002232125402482321
0.0022322494618500412
0.002232373657370805
0.0022324979675076516
0.002232622490900655
0.002232747534354434
0.002232872788856121
0.002232998267651457
0.002233123866283693
0.0022332496932229414
0.002233375890565529
0.002233502266702252
0.002233628863511687
0.0022337556895605497
0.0022338828805688426
0.0022340103359393968
0.002234137985927496
0.002234265651979387
0.0022343937597794324
0.0022345221526839003
0.002234650827136583
0.0022347796733877506
0.002234908816216961
0.002235038180287751
0.002235167752337442
0.002235297586310804
0.0022354277261463556
0.0022355582041173974
0.002235688845369365
0.0022358196605634447
0.002235950781894675
0.0022360822919720255
0.0022362140469017458
0.002236345947133763
0.0022364779712369756
0.002236610350708309
0.0022367430502766455
0.002236875978815575
0.0022370090948244117
0.0022371425830451487
0.00223727645746891
0.0022374105604713937
0.002237544796251584
0.002237679251469427
0.002237814021024634
0.0022379490264153117
0.002238084213655361
0.002238219734780702
0.0022383556274866716
0.002238491746075053
0.002238628012030089
0.0022387644339422544
0.0022389012203723603
0.00223903835389245
0.0022391757709417405
0.0022393133833511643
0.0022394512856742915
0.0022395893397516766
0.002239727787097126
0.0022398665194109215
0.0022400056626603305
0.002240144884586193
0.002240284204919695
0.0022404239443869546
0.00224056416713372
0.002240704517915477
0.002240844935303207
0.002240985702060716
0.002241126909886672
0.0022412683495170085
0.0022414099330075837
0.002241551738428672
0.002241694031692283
0.0022418365616502607
0.0022419792084844127
0.0022421221239169115
0.002242265447737061
0.0022424090320533867
0.0022425527364252898
0.002242696847326186
0.0022428413175213497
0.002242986047815622
0.0022431308455546947
0.0022432760602437243
0.0022434215196567068
0.0022435672433907725
0.002243713186087051
0.0022438596302176185
0.002244006356527115
0.0022441532646658826
0.0022443002631506613
0.002244447566394919
0.0022445952239142177
0.0022447432209133627
0.0022448915567099765
0.0022450401005748005
0.002245188866168702
0.00224533790964932
0.002245487467716493
0.0022456371989990945
0.002245787013402989
0.002245937076907714
0.002246087684055528
0.0022462385763177273
0.0022463895619094184
0.0022465408781037225
0.0022466926614410137
0.0022468446620760364
0.0022469966811601784
0.0022471491295378747
0.0022473019499149836
0.0022474549728737463
0.0022476081966028264
0.0022477618553013888
0.0022479158697808746
0.0022480700858427695
0.002248224520366857
0.0022483793632326068
0.002248534474541959
0.002248689738605886
0.002248845297813518
0.0022490012245366914
0.0022491573856471834
0.0022493138515820104
0.002249470624748659
0.002249627763556204
0.002249785147946397
0.0022499428539467813
0.0022501008221879407
0.002250259013568613
0.0022504174814054357
0.002250576304911733
0.0022507354516079782
0.0022508947773347797
0.0022510543633323227
0.0022512143318759604
0.002251374698878332
0.0022515353932631324
0.0022516963624734697
0.0022518573958259726
0.002252018534890087
0.0022521803024642332
0.002252342620629913
0.002252504917102103
0.002252667306244154
0.002252830245562297
0.0022529936243412003
0.002253157030770538
0.0022533207147009383
0.002253485032086684
0.0022536495233583956
0.0022538140450000547
0.0022539788712038025
0.002254144281426894
0.002254309873903496
0.0022544756769561284
0.0022546419563631384
0.0022548084977113193
0.0022549751798380787
0.0022551421434193163
0.002255309627486162
0.002255477330625142
0.0022556452683989286
0.0022558136476400256
0.002255982271047263
0.0022561511081922716
0.002256320261683169
0.002256489812632336
0.0022566595983931586
0.0022568296272583886
0.002257000076309219
0.002257170780207485
0.0022573416922085877
0.0022575130023962543
0.0022576846531626184
0.00225785657733555
0.002258028772531192
0.002258201346176875
0.002258374071649889
0.002258547027444503
0.0022587205305934664
0.002258894270151495
0.002259068311283336
0.0022592426534997555
0.0022594173052867786
0.0022595921744006523
0.0022597673355693186
0.002259942898899869
0.00226011858933532
0.0022602947340251297
0.0022604715228948646
0.002260648229085386
0.0022608249917047915
0.0022610023369672915
0.0022611802667752063
0.0022613581483656004
0.002261536164230039
0.002261714916531362
0.002261893921457414
0.0022620728999154837
0.0022622524266365743
0.0022624322725912234
0.0022626123359566043
0.0022627927528150876
0.002262973633948344
0.0022631546002493874
0.002263335632031036
0.002263517294192507
0.0022636993499787583
0.0022638815135106608
0.002264064152606212
0.0022642469866487945
0.0022644300591840457
0.00226461350080479
0.00226479736211151
0.0022649814188658796
0.0022651656315291905
0.0022653504086858813
0.0022655354685592846
0.0022657206902846933
0.0022659064309918596
0.0022660923018079484
0.002266278463021942
0.0022664651038218353
0.0022666520730780463
0.0022668391900542927
0.0022670265787989295
0.0022672143524082662
0.0022674024053863156
0.0022675907461484433
0.0022677795437314368
0.0022679685022788986
0.002268157687308505
0.0022683474436676664
0.0022685374137494663
0.0022687275855415236
0.0022689182037493685
0.002269108990166124
0.0022693000351915785
0.0022694915646620187
0.0022696833867078318
0.002269875380059861
0.0022700677253681086
0.002270260505579392
0.002270453362525671
0.002270646591635571
0.0022708405110480174
0.0022710342020277733
0.002271228031051423
0.0022714230197032463
0.0022716180065804397
0.002271812847033368
0.002272008203020497
0.0022722042496286757
0.0022724001587707534
0.002272596264062018
0.0022727932434674475
0.0022729903188698597
0.002273187296966864
0.0022733848634889195
0.002273582974857601
0.002273781110863479
0.002273979613198897
0.002274178330407515
0.0022743772805277527
0.0022745768975499735
0.002274776731986771
0.002274976614587933
0.002275176928685181
0.002275377674331668
0.0022755786201325455
0.002275779831086124
0.0022759814338619584
0.002276183295266332
0.0022763853501597394
0.0022765878342458972
0.0022767906700896447
0.002276993723107152
0.0022771972545451292
0.002277400828106802
0.0022776045749362873
0.0022778090302862986
0.0022780136788456734
0.0022782184587573683
0.002278423682379688
0.002278629099922193
0.002278834930888513
0.002279041172276384
0.002279247576694329
0.002279454126582504
0.002279661135623601
0.002279868559342394
0.0022800761065761284
0.0022802839950069203
0.002280492214642077
0.0022807006685643845
0.0022809094530198185
0.0022811185576117974
0.00228132790839003
0.0022815376423474445
0.002281747745887713
0.0022819579154324575
0.0022821684272937228
0.002282379473858553
0.002282590554941416
0.002282801960929668
0.002283013929888366
0.00228322585278955
0.002283438108089078
0.0022836510473719053
0.0022838637740687333
0.0022840768314429413
0.0022842907794842077
0.00228450462586188
0.0022847185017226923
0.0022849330387162557
0.0022851478405266665
0.0022853626613925635
0.0022855780276826226
0.002285793775703745
0.002286009368101035
0.0022862255106213584
0.00228644230641549
0.0022866588302035656
0.0022868756454477116
0.002287093291355502
0.0022873109795619254
0.0022875287109924967
0.002287746966564629
0.00228796548384121
0.0022881841248587873
0.0022884032249553712
0.002288622612997017
0.0022888422078997015
0.002289062210746953
0.0022892823418122193
0.0022895027236290106
0.002289723550906805
0.0022899444682144676
0.0022901657364035825
0.0022903875475457102
0.0022906094094924225
0.0022908315325891548
0.0022910541341656853
0.002291276804769513
0.00229149976231431
0.0022917231551173815
0.002291946645212175
0.002292170526450784
0.00229239471125845
0.0022926188878027564
0.002292843631159945
0.002293068793656934
0.0022932939491205656
0.002293519409251709
0.0022937452794392268
0.0022939713679115646
0.0022941976761382188
0.0022944243441888005
0.0022946512275664804
0.0022948783615724974
0.0022951058637506543
0.0022953335129837025
0.0022955614404906034
0.002295789759531905
0.0022960182325784564
0.0022962470006990675
0.0022964761060444085
0.002296705321395433
0.002296934867752721
0.0022971648015520244
0.0022973948006467597
0.002297625029944907
0.0022978555767042496
0.0022980863663186156
0.002298317470042773
0.002298548887523351
0.0022987804654842413
0.0022990123332406326
0.0022992445634559024
0.002299476833861893
0.002299709402548924
0.002299942484511959
0.0023001755691543823
0.0023004088530194184
0.002300642659258824
0.0023008764996891072
0.0023011105602425215
0.0023013452140125228
0.002301579842415849
0.002301814627415315
0.0023020501034358
0.002302285419115711
0.002302520836172715
0.002302757136759863
0.002302993185612882
0.0023032292484927337
0.0023034663595029024
0.0023037033196615197
0.0023039401573432096
0.002304177904527027
0.0023044156867457243
0.0023046532058000565
0.0023048914896226205
0.002305130059636137
0.0023053683954322
0.0023056073759459956
0.002305846682872896
0.0023060857547613895
0.0023063253842595197
0.002306565379741688
0.0023068051088033542
0.002307045371230291
0.0023072861285394347
0.002307526747462945
0.002307767740027834
0.0023080090453920887
0.0023082504065234937
0.0023084921585177632
0.00230873400409436
0.0023089760118823214
0.002309218581515944
0.0023094611013124663
0.0023097036646088946
0.00230994686791507
0.0023101901442620465
0.002310433373030218
0.0023106772197080618
0.002310921246441134
0.0023111652435097675
0.0023114097229724657
0.0023116543154184667
0.0023118989992593417
0.00231214410724641
0.002312389235162853
0.0023126345153550738
0.0023128802362507974
0.002313126066109793
0.0023133721829503473
0.0023136185096839586
0.0023138648069947498
0.0023141115589874733
0.0023143584593602485
0.0023146052835198647
0.0023148527242149025
0.002315100352114782
0.00231534790833765
0.0023155958936101903
0.00231584406516873
0.00231609222893836
0.002316340746126588
0.002316589436532071
0.0023168382158506823
0.002317087356692672
0.002317336513530199
0.002317585828686387
0.0023178356553754196
0.0023180852815635937
0.0023183351715430553
0.0023185856334595554
0.00231883589754733
0.0023190863562671904
0.002319337294510118
0.0023195881224507314
0.0023198391621826247
0.0023200906297858458
0.002320341956402611
0.0023205935837634856
0.0023208455427528494
0.0023210973259959952
0.002321349526428997
0.002321602039482993
0.0023218543926370166
0.002322107181710595
0.0023223601791650277
0.0023226129533154183
0.002322866181511422
0.002323119573619352
0.002323372807346009
0.0023236266098364934
0.0023238805401175713
0.0023241343210211635
0.0023243886765888094
0.0023246430860986173
0.0023248972549225963
0.002325151994310995
0.0023254068992565173
0.0023256614989478975
0.0023259166190162466
0.002326171973604602
0.002326427096497527
0.0023266827706218034
0.0023269385364551123
0.0023271939652989657
0.002327450078550827
0.002327706224400643
0.0023279619754238154
0.0023282186216867845
0.0023284752981851675
0.002328731428942949
0.0023289883988874874
0.00232924547926388
0.002329502046013443
0.002329759343336403
0.0023300167643049816
0.0023302738235180965
0.0023305314234090104
0.0023307890391678337
0.0023310466421291257
0.0023313046438430247
0.002331562609525753
0.002331820614356216
0.002332078948788366
0.002332337230280878
0.002332595664490544
0.00233285428176865
0.002333112833320771
0.0023333716102662072
0.0023336304280847453
0.002333889286093073
0.002334148490100682
0.0023344076015611235
0.0023346667080050903
0.0023349261718382335
0.0023351855427191618
0.0023354449181965217
0.0023357046875071845
0.0023359644135761597
0.0023362240753277215
0.0023364840245897276
0.0023367440100023496
0.002337003917642415
0.0023372640472031124
0.002337524350780137
0.0023377844307308836
0.0023380447422847277
0.002338305271533
0.0023385655724162675
0.0023388260221657007
0.0023390867168455163
0.002339347339524728
0.002339608002607931
0.002339868799070184
0.0023401298190778366
0.0023403906076403746
0.0023406512952529102
0.0023409126211655137
0.0023411736472562965
0.002341434515432608
0.0023416959372846934
0.0023419571081932837
0.002342218131448934
0.0023424796051697183
0.002342740867311
0.0023430020648038713
0.0023432636720076843
0.0023435251122807975
0.0023437865325760645
0.002344048213284339
0.0023443096859187286
0.0023445711311446044
0.0023448327856451074
0.0023450943265673884
0.0023453559120429793
0.0023456176512006315
0.0023458793095095932
0.002346141061003756
0.002346402759923987
0.0023466643685614652
0.002346926180329089
0.0023471878187801606
0.002347449394958406
0.0023477112941449317
0.002347972877062874
0.0023482344201736895
0.0023484964041797095
0.0023487579377741903
0.0023490195050718363
0.0023492815549698955
0.0023495430216479104
0.0023498045693813798
0.0023500664651851617
0.0023503278363862664
0.0023505893783670627
0.002350851172812516
0.0023511125426137875
0.0023513741215079624
0.0023516357727099524
0.0023518969986647004
0.002352158494292242
0.0023524199738956105
0.002352681099864906
0.0023529425007002723
0.002353203862230206
0.002353465018117121
0.0023537265199462536
0.002353987709804992
0.002354248699986843
0.002354510046887392
0.0023547709925874484
0.0023550318168892395
0.00235529296031117
0.0023555535744506453
0.002355814314515591
0.0023560753717366697
0.0023563357055174467
0.00235659639303953
0.0023568572865678068
0.0023571173308205864
0.0023573777513996525
0.0023576383099910207
0.002357898050215544
0.0023581582886165096
0.002358418602737675
0.002358678074835663
0.002358938025206839
0.0023591979717264315
0.0023594571241178576
0.002359716800091528
0.0023599764070941285
0.0023602351962169693
0.0023604944759832297
0.002360753663832743
0.00236101211898498
0.0023612710869663146
0.002361529841174016
0.0023617878617564108
0.0023620464421291497
0.002362304769225695
0.0023625624280831366
0.002362820579043384
0.00236307833071551
0.0023633356474194356
0.002363593339243909
0.0023638505697517478
0.002364107694341487
0.0023643648852543315
0.002364621613598296
0.002364878261939616
0.0023651348586899413
0.002365391021006223
0.0023656470816627063
0.0023659030881291476
0.0023661587735076773
0.0023664144600032853
0.0023666699252201276
0.0023669250588361974
0.002367180179934533
0.002367434703137553
0.0023676889627457717
0.002367943190078775
0.002368197000708757
0.0023684506993380413
0.002368704250965119
0.0023689573150278377
0.002369210541696165
0.0023694635153102164
0.0023697158674460725
0.002369968382186872
0.0023702205839930836
0.0023704721598208287
0.0023707240247289167
0.002370975447685762
0.0023712263382826807
0.002371477420416626
0.002371728142560706
0.0023719783202241335
0.002372228490325343
0.002372478362422973
0.0023727277992961334
0.002372977146491942
0.0023732262161977238
0.0023734748599155476
0.002373723294153076
0.002373971450008919
0.002374219248582385
0.002374466807363987
0.002374714060589218
0.0023749609929701117
0.002375207613891873
0.002375453855555412
0.0023756999160168177
0.0023759454723512466
0.0023761906291743695
0.002376435723461836
0.0023766801159385014
0.0023769243327484975
0.0023771686079492563
0.002377412052293909
0.0023776552551142876
0.0023778984079094595
0.0023781408146919913
0.002378382900945201
0.002378624820635207
0.002378866178955588
0.002379107244241138
0.0023793479998539795
0.0023795882391151155
0.0023798281632578197
0.0023800676450952394
0.0023803067587708855
0.002380545605784861
0.002380783900743552
0.002381021859572263
0.002381259401709877
0.002381496298211154
0.0023817330029701662
0.0023819692553392943
0.002382204774009923
0.0023824402169594756
0.002382675079929785
0.002382909028826406
0.002383143268543735
0.0023833766913843447
0.002383609238320915
0.0023838421247844403
0.002384074109880512
0.0023843053058187074
0.002384536812209968
0.002384767327846921
0.0023849970287798867
0.0023852269698347076
0.0023854559639448444
0.0023856842542225587
0.0023859126733090214
0.0023861400506573756
0.002386366852449882
0.002386593634037492
0.0023868193161596754
0.00238704459228605
0.002387269649994413
0.0023874935801140307
0.0023877172785194095
0.002387940583915518
0.0023881628291737384
0.002388385111711173
0.0023886066834860518
0.0023888270381446906
0.0023890476129857048
0.0023892672563591132
0.002389485749675214
0.0023897046665571787
0.0023899224023942725
0.0023901390645754386
0.0023903560642774308
0.002390571938222331
0.0023907870144680857
0.0023910022475133507
0.002391216289575091
0.0023914294360969576
0.0023916427322457504
0.0023918549611912786
0.002392066297049393
0.002392277429449601
0.00239248743190283
0.0023926966844922404
0.0023929056387158015
0.0023931134801369346
0.0023933206386481895
0.002393527294300334
0.002393732851011753
0.0023939378390500886
0.0023941422096718855
0.0023943455133184194
0.002394548293652775
0.0023947502117005947
0.002394951134998322
0.0023951516569668796
0.002395351139240463
0.0023955496365750213
0.0023957477456694734
0.0023959448048093447
0.002396140836258444
0.002396336374013327
0.0023965308258203813
0.0023967242993626296
0.0023969172358314734
0.0023971090784232606
0.00239729952615367
0.0023974893302652536
0.0023976780610751275
0.0023978657798542774
0.002398052764272397
0.0023982386948037033
0.002398423579575942
0.0023986076508227872
0.0023987907026763273
0.0023989726940701734
0.00239915384548951
0.0023993340412261244
0.0023995130665858625
0.0023996910918594803
0.0023998682700059324
0.0024000442968646805
0.0024002190661427626
0.0024003931454258175
0.0024005659370077486
0.0024007373906540855
0.002400908161074122
0.0024010776861827883
0.002401245879289901
0.0024014133311490303
0.0024015794996746307
0.0024017442431768527
0.0024019082369846506
0.002402070980879808
0.002402232176569686
0.002402392615635282
0.002402551771928808
0.002402709401631936
0.002402866192466315
0.002403021599001541
0.0024031754268235986
0.0024033282804221457
0.002403479740284422
0.0024036297919123512
0.002403778792584782
0.0024039263202504783
0.0024040723867904887
0.0024042173307788125
0.0024043607711316784
0.0024045027967351117
0.0024046436542345226
0.0024047829460776236
0.0024049208419416714
0.0024050573939389977
0.0024051923024710166
0.002405325899089984
0.002405458049212035
0.0024055886510028707
0.0024057178240598147
0.0024058454936528215
0.0024059715939507894
0.0024060961817968783
0.002406219187267088
0.0024063406133809405
0.0024064605037532032
0.0024065786868611733
0.0024066952174637917
0.0024068101752408653
0.0024069234581100547
0.002407035285217973
0.002407145790668636
0.002407254422939662
0.0024073612510177663
0.0024074664355828775
0.002407569746076638
0.002407671273336303
0.002407771061341003
0.002407868970845427
0.002407965028365069
0.0024080592506652812
0.002408151591160752
0.002408242002153796
0.002408330495937724
0.0024084170923201246
0.0024085016670792906
0.002408584235332085
0.002408664856533829
0.002408743397409597
0.002408819874760233
0.002408894395912513
0.0024089667423901626
0.002409036746708317
0.002409104327532306
0.00240916962726441
0.0024092327449388635
0.0024092937664996947
0.0024093524509138826
0.002409408904725203
0.0024094631630919273
0.002409514993645083
0.0024095645338601916
0.002409611796586419
0.0024096565859917296
0.00240969896077198
0.002409738924071789
0.0024097763348700394
0.0024098113169967895
0.0024098438157888237
0.002409873712851289
0.0024099011125178634
0.0024099259269975562
0.002409948076712936
0.002409967567241403
0.0024099842902969666
0.0024099982813976626
0.0024100095724822884
0.0024100181059508227
0.0024100238366997788
0.002410026764690992
0.0024100268425051954
0.002410024049084166
0.0024100183430294784
0.0024100096923937585
0.0024099980939356986
0.0024099835425635072
0.0024099659828266833
0.002409945403272701
0.002409921672587267
0.002409894817886368
0.002409864861357924
0.002409831602060732
0.00240979511134268
0.0024097554163725016
0.002409712258558241
0.002409665855889384
0.0024096161541489786
0.002409563051298833
0.0024095068884762744
0.0024094475108706512
0.0024093843763437687
0.0024093178322217453
0.002409247728838865
0.0024091737654074723
0.0024090962959371436
0.0024090151467653304
0.0024089300055630826
0.002408841238720257
0.002408748669792871
0.0024086520115419335
0.0024085516297042598
0.002408447298217191
0.002408338721361911
0.002408226262379894
0.002408109675431303
0.0024079887610665702
0.002407863566151638
0.0024077336327910895
0.002407599191933869
0.0024074606804121326
0.002407317715904513
0.002407170136644377
0.0024070183612349585
0.00240686188837085
0.002406700677486621
0.002406535085448196
0.0024063645613942725
0.002406189129143407
0.0024060093947608843
0.0024058244947076364
0.002405634278427518
0.0024054396991695956
0.0024052396938582543
0.0024050344257261582
0.002404824692002427
0.0024046093660242385
0.0024043886270421096
0.0024041631702019393
0.0024039320162133337
0.0024036954006525207
0.002403453768196988
0.0024032063636163113
0.0024029531344177315
0.002402694691405521
0.002402430443475778
0.0024021600145724886
0.002401884212716317
0.0024016025117778953
0.0024013143246822814
0.0024010206176789
0.002400721056959338
0.002400414994950997
0.0024001029785602583
0.002399785026298873
0.0023994608316351912
0.0023991300565859826
0.002398792802598152
0.002398449321588465
0.0023980984726069254
0.0023977409125897926
0.0023973777349530294
0.0023970061160177424
0.0023966276623793446
0.0023962436689233244
0.002395851028039316
0.002395451251278783
0.002395045516762862
0.002394630617458206
0.0023942077455554956
0.002393778573779586
0.002393340623340216
0.0023928950256189457
0.0023924425790403142
0.0023919812451170743
0.0023915120929396834
0.002391035517305488
0.0023905494854677464
0.00239005554303722
0.002389553663824744
0.0023890425505792828
0.0023885234589010084
0.0023879959521422283
0.0023874592123805825
0.0023869141305307134
0.002386360240114781
0.002385796742204216
0.0023852246776824154
0.002384643408599751
0.002384052239001148
0.0023834522481383977
0.00238284275778157
0.002382223047980141
0.0023815939054226912
0.0023809549267905174
0.0023803057659625934
0.0023796471395444636
0.002378978109832399
0.002378298894797431
0.0023776099797391498
0.002376910108830884
0.0023761994460435474
0.002375478586844075
0.0023747462531510566
0.0023740026390230906
0.0023732484489531252
0.002372482306298855
0.002371704767830473
0.002370916823830306
0.0023701159371390065
0.0023693030531518272
0.002368478913601727
0.0023676408718944584
0.0023667904260511875
0.0023659297058894564
0.00236505445873771
0.002364165916900297
0.0023632664888681085
0.002362351976612071
0.002361424565236298
0.0023604862424096884
0.0023595324644761933
0.0023585650071344015
0.0023575855255094182
0.002356590151834196
0.0023555812855813596
0.002354559488978372
0.002353521242225774
0.0023524698018196704
0.002351404854325058
0.002350322737197547
0.0023492268007745407
0.002348116074200425
0.0023469882558368477
0.0023458462052340966
0.0023446887068133654
0.0023435142933282767
0.0023423258494948817
0.002341120684965052
0.002339897417651623
0.002338659129455385
0.002337403716320601
0.0023361293003317488
0.0023348396100311237
0.002333532335409275
0.0023322057952074016
0.002330863661811914
0.002329502242974971
0.0023281201832322765
0.0023267213186416455
0.002325302903069128
0.002323863872861768
0.002322406494562254
0.002320931517343866
0.002319434219209439
0.0023179180745463543
0.002316383322675343
0.0023148249484649685
0.0023132478957353674
0.0023116514804844197
0.002310031069035983
0.002308391103595867
0.0023067298726285788
0.0023050443002642714
0.002303338886707339
0.0023016119457355566
0.00229985919527857
0.002298084198720366
0.0022962881363647533
0.0022944669751818175
0.002292622413113941
0.0022907568510486457
0.002288864126056302
0.002286946366793865
0.0022850066718405
0.0022830379231018934
0.0022810436629248925
0.002279027733825459
0.002276980840610457
0.0022749071117211792
0.0022728109868525737
0.0022706818805147216
0.002268525606861227
0.00226634671340617
0.0022641323352460114
0.00226188953656218
0.0022596253726501953
0.00225732562023471
0.0022549951330528735
0.0022526435007785253
0.002250254026141013
0.00224783069318952
0.002245387097819326
0.002242904881749235
0.0022403859524025103
0.0022378434895138663
0.0022352672704114905
0.0022326516177158255
0.0022300092996698985
0.002227332933637537
0.0022246154115292257
0.0022218709875530995
0.002219091905389117
0.00221626819777771
0.0022134132485648024
0.00221052343879807
0.0022075889815597995
0.002204621815081674
0.002201620058483422
0.0021985692032599454
0.002195482731547966
0.0021923669492868885
0.002189196693742261
0.002185987664604562
0.0021827503211752286
0.0021794556870575153
0.002176118955874753
0.002172753732007659
0.0021693334251897205
0.002165866541192258
0.002162367546599198
0.002158815042620041
0.002155211522557468
0.0021515699775043508
0.0021478785158651295
0.0021441369096345904
0.002140351827513715
0.0021365187022365784
0.002132628893151827
0.002128689419091623
0.0021247029135096664
0.0021206609787265463
0.002116567043260195
0.002112421464803036
0.0021082171293649588
0.0021039590882428183
0.0020996467942462483
0.002095274843514634
0.002090845547710367
0.00208635864642844
0.002081812371548388
0.002077208423853432
0.00207254121160569
0.0020678104463055734
0.0020630227743132054
0.0020581687872052315
0.0020532478414183836
0.002048268129934286
0.00204321820648907
0.0020380940695355373
0.0020329105511072477
0.002027657125439363
0.0020223238865507303
0.00201692518788251
0.0020114563566447146
0.002005907253713689
0.002000284977054114
0.001994588102009121
0.0019888095445040636
0.001982950611597072
0.0019770171675514286
0.0019709997983383947
0.001964893211608359
0.001958713990622195
0.0019524432631858497
0.0019460786152430895
0.0019396371000815202
0.0019330975775824302
0.0019264671635254376
0.0019197543717660115
0.0019129460663466769
0.001906064194473883
0.0018991136363004785
0.0018920840239560763
0.0018849721873711658
0.0018777802143297015
0.0018705118951953007
0.0018631517511807846
0.001855703750078571
0.0018481753928746515
0.0018405485195656798
0.0018328320412039653
0.0018250292585003294
0.0018171209514397696
0.001809115859417354
0.001801020331109399
0.0017928101887878074
0.001784496254129653
0.001776083608274785
0.0017675435601820528
0.0017588999312064966
0.0017501466094928645
0.0017412658102927874
0.0017322674893333917
0.001723149005825624
0.0017138960287793126
0.0017045085411447768
0.0016949940352528915
0.0016853411490892973
0.0016755397037198987
0.0016655993967119444
0.0016555156838336511
0.0016452546562645877
0.0016348476361343419
0.0016242966475140705
0.0016135539418370645
0.001602644739959722
0.001591566707216941
0.0015803014268262134
0.0015688473522773984
0.0015572009676987175
0.0015453664940925835
0.001533313566301535
0.0015210451335568558
0.0015085626146242202
0.0014958516466629527
0.0014829073510694755
0.0014697171975375655
0.001456280869525894
0.0014425912408942312
0.0014286142513359966
0.0014143573427636076
0.0013998198414976939
0.0013849636481519934
0.0013697932052135564
0.0013543099241989684
0.001338485512481452
0.0013222892790987102
0.001305733157298346
0.0012887880442199401
0.0012714127926553027
0.0012536268027637867
0.0012354038681920618
0.0012166744783691779
0.0011974434454428914
0.0011777130053703237
0.001157398524756356
0.0011364918525896693
0.0011149729936469628
0.0010927734515005741
0.0010698469106168228
0.001046172220442629
0.00102166014271847
0.0009962285547332691
0.0009698613692203904
0.0009424535702907401
0.0009138373271442683
0.0008839631087948214
0.0008526945362681875
0.0008197673653293421
0.0007850900670343174
0.0007484167160118174
0.0007092617188406727
0.0006672857103419792
0.0006220056246847898
0.0005725337553490991
0.0005174449715303912
0.0004550995939264652
0.00038184636092614095
0.00028862747971467013
0.00014193895797212465
0.0
0.0
0.0
0.0
0.0
0.0
0.0
0.0
0.0
0.0
0.0
0.0
0.0
0.0
0.0
0.0
0.0
0.0
0.0
0.0
0.0
0.0
0.0
0.0
0.0
0.0
0.0
0.0
0.0
0.0
0.0
0.0
0.0
0.0
0.0
0.0
0.0
0.0
0.0
0.0
0.0
0.0
0.0
0.0
0.0
0.0
0.0
0.0
0.0
0.0
0.0
0.0
0.0
0.0
0.0
0.0
0.0
0.0
0.0
0.0
0.0
0.0
0.0
0.0
0.0
0.0
0.0
0.0
0.0
0.0
0.0
0.0
0.0
0.0
0.0
0.0
0.0
0.0
0.0
0.0
0.0
0.0
0.0
0.0
0.0
0.0
0.0
0.0
0.0
0.0
0.0
0.0
0.0
0.0
0.0
0.0
0.0
0.0
0.0
0.0
0.0
0.0
0.0
0.0
0.0
0.0
0.0
0.0
0.0
0.0
0.0
0.0
0.0
0.0
0.0
0.0
0.0
0.0
0.0
0.0
0.0
0.0
0.0
0.0
0.0
0.0
0.0
0.0
0.0
0.0
0.0
0.0
0.0
0.0
0.0
0.0
0.0
0.0
0.0
0.0
0.0
0.0
0.0
0.0
0.0
0.0
0.0
0.0
0.0
0.0
0.0
0.0
0.0
0.0
0.0
0.0
0.0
0.0
0.0
0.0
0.0
0.0
0.0
0.0
0.0
0.0
0.0
0.0
0.0
0.0
0.0
0.0
0.0
0.0
0.0
0.0
0.0
0.0
0.0
0.0
0.0
0.0
0.0
0.0
0.0
0.0
0.0
0.0
0.0
0.0
0.0
0.0
0.0
0.0
0.0
0.0
0.0
0.0
0.0
0.0
0.0
0.0
0.0
0.0
0.0
0.0
0.0
0.0
0.0
0.0
0.0
0.0
0.0
0.0
0.0
0.0
0.0
0.0
0.0
0.0
0.0
0.0
0.0
0.0
0.0
0.0
0.0
0.0
0.0
0.0
0.0
0.0
0.0
0.0
0.0
0.0
0.0
0.0
0.0
0.0
0.0
0.0
0.0
0.0
0.0
0.0
0.0
0.0
0.0
0.0
0.0
0.0
0.0
0.0
0.0
0.0
0.0
0.0
0.0
0.0
0.0
0.0
0.0
0.0
0.0
0.0
0.0
0.0
0.0
0.0
0.0
0.0
0.0
0.0
0.0
0.0
0.0
0.0
0.0
0.0
0.0
0.0
0.0
0.0
0.0
0.0
0.0
0.0
0.0
0.0
0.0
0.0
0.0
0.0
0.0
0.0
0.0
0.0
0.0
0.0
0.0
0.0
0.0
0.0
0.0
0.0
0.0
0.0
0.0
0.0
0.0
0.0
0.0
0.0
0.0
0.0
0.0
0.0
0.0
0.0
0.0
0.0
0.0
0.0
0.0
0.0
0.0
0.0
0.0
0.0
0.0
0.0
0.0
0.0
0.0
0.0
0.0
0.0
0.0
0.0
0.0
0.0
0.0
0.0
0.0
0.0
0.0
0.0
0.0
0.0
0.0
0.0
0.0
0.0
0.0
0.0
0.0
0.0
0.0
0.0
0.0
0.0
0.0
0.0
0.0
0.0
0.0
0.0
0.0
0.0
0.0
0.0
0.0
0.0
0.0
0.0
0.0
0.0
0.0
0.0
0.0
0.0
0.0
0.0
0.0
0.0
0.0
0.0
0.0
0.0
0.0
0.0
0.0
0.0
0.0
0.0
0.0
0.0
0.0
0.0
0.0
0.0
0.0
0.0
0.0
0.0
0.0
0.0
0.0
0.0
0.0
0.0
0.0
0.0
0.0
0.0
0.0
0.0
0.0
0.0
0.0
0.0
0.0
0.0
0.0
0.0
0.0
0.0
0.0
0.0
0.0
0.0
0.0
0.0
0.0
0.0
0.0
0.0
0.0
0.0
0.0
0.0
0.0
0.0
0.0
0.0
0.0
0.0
0.0
0.0
0.0
0.0
0.0
0.0
0.0
0.0
0.0
0.0
0.0
0.0
0.0
0.0
0.0
0.0
0.0
0.0
0.0
0.0
0.0
0.0
0.0
0.0
0.0
0.0
0.0
0.0
0.0
0.0
0.0
0.0
0.0
0.0
0.0
0.0
0.0
0.0
0.0
0.0
0.0
0.0
0.0
0.0
0.0
0.0
0.0
0.0
0.0
0.0
0.0
0.0
0.0
0.0
0.0
0.0
0.0
0.0
0.0
0.0
0.0
0.0
0.0
0.0
0.0
0.0
0.0
0.0
0.0
0.0
0.0
0.0
0.0
0.0
0.0
0.0
0.0
0.0
0.0
0.0
0.0
0.0
0.0
0.0
0.0
0.0
0.0
0.0
0.0
0.0
0.0
0.0
0.0
0.0
0.0
0.0
0.0
0.0
0.0
0.0
0.0
0.0
0.0
0.0
0.0
0.0
0.0
0.0
0.0
0.0
0.0
0.0
0.0
0.0
0.0
0.0
0.0
0.0
0.0
0.0
0.0
0.0
0.0
0.0
0.0
0.0
0.0
0.0
0.0
0.0
0.0
0.0
0.0
0.0
0.0
0.0
0.0
0.0
0.0
0.0
0.0
0.0
0.0
0.0
0.0
0.0
0.0
0.0
0.0
0.0
0.0
0.0
0.0
0.0
0.0
0.0
0.0
0.0
0.0
0.0
0.0
0.0
0.0
0.0
0.0
0.0
0.0
0.0
0.0
0.0
0.0
0.0
0.0
0.0
0.0
0.0
0.0
0.0
0.0
0.0
0.0
0.0
0.0
0.0
0.0
0.0
0.0
0.0
0.0
0.0
0.0
0.0
0.0
0.0
0.0
0.0
0.0
0.0
0.0
0.0
0.0
0.0
0.0
0.0
0.0
0.0
0.0
0.0
0.0
0.0
0.0
0.0
0.0
0.0
0.0
0.0
0.0
0.0
0.0
0.0
0.0
0.0
0.0
0.0
0.0
0.0
0.0
0.0
0.0
0.0
0.0
0.0
0.0
0.0
0.0
0.0
0.0
0.0
0.0
0.0
0.0
0.0
0.0
0.0
0.0
0.0
0.0
0.0
0.0
0.0
0.0
0.0
0.0
0.0
0.0
0.0
0.0
0.0
0.0
0.0
0.0
0.0
0.0
0.0
0.0
0.0
0.0
0.0
0.0
0.0
0.0
0.0
0.0
0.0
0.0
0.0
0.0
0.0
0.0
0.0
0.0
0.0
0.0
0.0
0.0
0.0
0.0
0.0
0.0
0.0
0.0
0.0
0.0
0.0
0.0
0.0
0.0
0.0
0.0
0.0
0.0
0.0
0.0
0.0
0.0
0.0
0.0
0.0
0.0
0.0
0.0
0.0
0.0
0.0
0.0
0.0
0.0
0.0
0.0
0.0
0.0
0.0
0.0
0.0
0.0
0.0
0.0
0.0
0.0
0.0
0.0
0.0
0.0
0.0
0.0
0.0
0.0
0.0
0.0
0.0
0.0
0.0
0.0
0.0
0.0
0.0
0.0
0.0
0.0
0.0
0.0
0.0
0.0
0.0
0.0
0.0
0.0
0.0
0.0
0.0
0.0
0.0
0.0
0.0
0.0
0.0
0.0
0.0
0.0
0.0
0.0
0.0
0.0
0.0
0.0
0.0
0.0
0.0
0.0
0.0
0.0
0.0
0.0
0.0
0.0
0.0
0.0
0.0
0.0
0.0
0.0
0.0
0.0
0.0
0.0
0.0
0.0
0.0
0.0
0.0
0.0
0.0
0.0
0.0
0.0
0.0
0.0
0.0
0.0
0.0
0.0
0.0
0.0
0.0
0.0
0.0
0.0
0.0
0.0
0.0
0.0
0.0
0.0
0.0
0.0
0.0
0.0
0.0
0.0
0.0
0.0
0.0
0.0
0.0
0.0
0.0
0.0
0.0
0.0
0.0
0.0
0.0
0.0
0.0
0.0
0.0
0.0
0.0
0.0
0.0
0.0
0.0
0.0
0.0
0.0
0.0
0.0
0.0
0.0
0.0
0.0
0.0
0.0
0.0
0.0
0.0
0.0
0.0
0.0
0.0
0.0
0.0
0.0
0.0
0.0
0.0
0.0
0.0
0.0
0.0
0.0
0.0
0.0
0.0
0.0
0.0
0.0
0.0
0.0
0.0
0.0
0.0
0.0
0.0
0.0
0.0
0.0
0.0
0.0
0.0
0.0
0.0
0.0
0.0
0.0
0.0
0.0
0.0
0.0
0.0
0.0
0.0
0.0
0.0
0.0
0.0
0.0
0.0
0.0
0.0
0.0
0.0
0.0
0.0
0.0
0.0
0.0
0.0
0.0
0.0
0.0
0.0
0.0
0.0
0.0
0.0
0.0
0.0
0.0
0.0
0.0
0.0
0.0
0.0
0.0
0.0
0.0
0.0
0.0
0.0
0.0
0.0
0.0
0.0
0.0
0.0
0.0
0.0
0.0
0.0
0.0
0.0
0.0
0.0
0.0
0.0
0.0
0.0
0.0
0.0
0.0
0.0
0.0
0.0
0.0
0.0
0.0
0.0
0.0
0.0
0.0
0.0
0.0
0.0
0.0
0.0
0.0
0.0
0.0
0.0
0.0
0.0
0.0
0.0
0.0
0.0
0.0
0.0
0.0
0.0
0.0
0.0
0.0
0.0
0.0
0.0
0.0
0.0
0.0
0.0
0.0
0.0
0.0
0.0
0.0
0.0
0.0
0.0
0.0
0.0
0.0
0.0
0.0
0.0
0.0
0.0
0.0
0.0
0.0
0.0
0.0
0.0
0.0
0.0
0.0
0.0
0.0
0.0
0.0
0.0
0.0
0.0
0.0
0.0
0.0
0.0
0.0
0.0
0.0
0.0
0.0
0.0
0.0
0.0
0.0
0.0
0.0
0.0
0.0
0.0
0.0
0.0
0.0
0.0
0.0
0.0
0.0
0.0
0.0
0.0
0.0
0.0
0.0
0.0
0.0
0.0
0.0
0.0
0.0
0.0
0.0
0.0
0.0
0.0
0.0
0.0
0.0
0.0
0.0
0.0
0.0
0.0
0.0
0.0
0.0
0.0
0.0
0.0
0.0
0.0
0.0
0.0
0.0
0.0
0.0
0.0
0.0
0.0
0.0
0.0
0.0
0.0
0.0
0.0
0.0
0.0
0.0
0.0
0.0
0.0
0.0
0.0
0.0
0.0
0.0
0.0
0.0
0.0
0.0
0.0
0.0
0.0
0.0
0.0
0.0
0.0
0.0
0.0
0.0
0.0
0.0
0.0
0.0
0.0
0.0
0.0
0.0
0.0
0.0
0.0
0.0
0.0
0.0
0.0
0.0
0.0
0.0
0.0
0.0
0.0
0.0
0.0
0.0
0.0
0.0
0.0
0.0
0.0
0.0
0.0
0.0
0.0
0.0
0.0
0.0
0.0
0.0
0.0
0.0
0.0
0.0
0.0
0.0
0.0
0.0
0.0
0.0
0.0
0.0
0.0
0.0
0.0
0.0
0.0
0.0
0.0
0.0
0.0
0.0
0.0
0.0
0.0
0.0
0.0
0.0
0.0
0.0
0.0
0.0
0.0
0.0
0.0
0.0
0.0
0.0
0.0
0.0
0.0
0.0
0.0
0.0
0.0
0.0
0.0
0.0
0.0
0.0
0.0
0.0
0.0
0.0
0.0
0.0
0.0
0.0
0.0
0.0
0.0
0.0
0.0
0.0
0.0
0.0
0.0
0.0
0.0
0.0
0.0
0.0
0.0
0.0
0.0
0.0
0.0
0.0
0.0
0.0
0.0
0.0
0.0
0.0
0.0
0.0
0.0
0.0
0.0
0.0
0.0
0.0
0.0
0.0
0.0
0.0
0.0
0.0
0.0
0.0
0.0
0.0
0.0
0.0
0.0
0.0
0.0
0.0
0.0
0.0
0.0
0.0
0.0
0.0
0.0
0.0
0.0
0.0
0.0
0.0
0.0
0.0
0.0
0.0
0.0
0.0
0.0
0.0
0.0
0.0
0.0
0.0
0.0
0.0
0.0
0.0
0.0
0.0
0.0
0.0
0.0
0.0
0.0
0.0
0.0
0.0
0.0
0.0
0.0
0.0
0.0
0.0
0.0
0.0
0.0
0.0
0.0
0.0
0.0
0.0
0.0
0.0
0.0
0.0
0.0
0.0
0.0
0.0
0.0
0.0
0.0
0.0
0.0
0.0
0.0
0.0
0.0
0.0
0.0
0.0
0.0
0.0
0.0
0.0
0.0
0.0
0.0
0.0
0.0
0.0
0.0
0.0
0.0
0.0
0.0
0.0
0.0
0.0
0.0
0.0
0.0
0.0
0.0
0.0
0.0
0.0
0.0
0.0
0.0
0.0
0.0
0.0
0.0
0.0
0.0
0.0
0.0
0.0
0.0
0.0
0.0
0.0
0.0
0.0
0.0
0.0
0.0
0.0
0.0
0.0
0.0
0.0
0.0
0.0
0.0
0.0
0.0
0.0
0.0
0.0
0.0
0.0
0.0
0.0
0.0
0.0
0.0
0.0
0.0
0.0
0.0
0.0
0.0
0.0
0.0
0.0
0.0
0.0
0.0
0.0
0.0
0.0
0.0
0.0
0.0
0.0
0.0
0.0
0.0
0.0
0.0
0.0
0.0
0.0
0.0
0.0
0.0
0.0
0.0
0.0
0.0
0.0
0.0
0.0
0.0
0.0
0.0
0.0
0.0
0.0
0.0
0.0
0.0
0.0
0.0
0.0
0.0
0.0
0.0
0.0
0.0
0.0
0.0
0.0
0.0
0.0
0.0
0.0
0.0
0.0
0.0
0.0
0.0
0.0
0.0
0.0
0.0
0.0
0.0
0.0
0.0
0.0
0.0
0.0
0.0
0.0
0.0
0.0
0.0
0.0
0.0
0.0
0.0
0.0
0.0
0.0
0.0
0.0
0.0
0.0
0.0
0.0
0.0
0.0
0.0
0.0
0.0
0.0
0.0
0.0
0.0
0.0
0.0
0.0
0.0
0.0
0.0
0.0
0.0
0.0
0.0
0.0
0.0
0.0
0.0
0.0
0.0
0.0
0.0
0.0
0.0
0.0
0.0
0.0
0.0
0.0
0.0
0.0
0.0
0.0
0.0
0.0
0.0
0.0
0.0
0.0
0.0
0.0
0.0
0.0
0.0
0.0
0.0
0.0
0.0
0.0
0.0
0.0
0.0
0.0
0.0
0.0
0.0
0.0
0.0
0.0
0.0
0.0
0.0
0.0
0.0
0.0
0.0
0.0
0.0
0.0
0.0
0.0
0.0
0.0
0.0
0.0
0.0
0.0
0.0
0.0
0.0
0.0
0.0
0.0
0.0
0.0
0.0
0.0
0.0
0.0
0.0
0.0
0.0
0.0
0.0
0.0
0.0
0.0
0.0
0.0
0.0
0.0
0.0
0.0
0.0
0.0
0.0
0.0
0.0
0.0
0.0
0.0
0.0
0.0
0.0
0.0
0.0
0.0
0.0
0.0
0.0
0.0
0.0
0.0
0.0
0.0
0.0
0.0
0.0
0.0
0.0
0.0
0.0
0.0
0.0
0.0
0.0
0.0
0.0
0.0
0.0
0.0
0.0
0.0
0.0
0.0
0.0
0.0
0.0
0.0
0.0
0.0
0.0
0.0
0.0
0.0
0.0
0.0
0.0
0.0
0.0
0.0
0.0
0.0
0.0
0.0
0.0
0.0
0.0
0.0
0.0
0.0
0.0
0.0
0.0
0.0
0.0
0.0
0.0
0.0
0.0
0.0
0.0
0.0
0.0
0.0
0.0
0.0
0.0
0.0
0.0
0.0
0.0
0.0
0.0
0.0
0.0
0.0
0.0
0.0
0.0
0.0
0.0
0.0
0.0
0.0
0.0
0.0
0.0
0.0
0.0
0.0
0.0
0.0
0.0
0.0
0.0
0.0
0.0
0.0
0.0
0.0
0.0
0.0
0.0
0.0
0.0
0.0
0.0
0.0
0.0
0.0
0.0
0.0
0.0
0.0
0.0
0.0
0.0
0.0
0.0
0.0
0.0
0.0
0.0
0.0
0.0
0.0
0.0
0.0
0.0
0.0
0.0
0.0
0.0
0.0
0.0
0.0
0.0
0.0
0.0
0.0
0.0
0.0
0.0
0.0
0.0
0.0
0.0
0.0
0.0
0.0
0.0
0.0
0.0
0.0
0.0
0.0
0.0
0.0
0.0
0.0
0.0
0.0
0.0
0.0
0.0
0.0
0.0
0.0
0.0
0.0
0.0
0.0
0.0
0.0
0.0
0.0
0.0
0.0
0.0
0.0
0.0
0.0
0.0
0.0
0.0
0.0
0.0
0.0
0.0
0.0
0.0
0.0
0.0
0.0
0.0
0.0
0.0
0.0
0.0
0.0
0.0
0.0
0.0
0.0
0.0
0.0
0.0
0.0
0.0
0.0
0.0
0.0
0.0
0.0
0.0
0.0
0.0
0.0
0.0
0.0
0.0
0.0
0.0
0.0
0.0
0.0
0.0
0.0
0.0
0.0
0.0
0.0
0.0
0.0
0.0
0.0
0.0
0.0
0.0
0.0
0.0
0.0
0.0
0.0
0.0
0.0
0.0
0.0
0.0
0.0
0.0
0.0
0.0
0.0
0.0
0.0
0.0
0.0
0.0
0.0
0.0
0.0
0.0
0.0
0.0
0.0
0.0
0.0
0.0
0.0
0.0
0.0
0.0
0.0
0.0
0.0
0.0
0.0
0.0
0.0
0.0
0.0
0.0
0.0
0.0
0.0
0.0
0.0
0.0
0.0
0.0
0.0
0.0
0.0
0.0
0.0
0.0
0.0
0.0
0.0
0.0
0.0
0.0
0.0
0.0
0.0
0.0
0.0
0.0
0.0
0.0
0.0
0.0
0.0
0.0
0.0
0.0
0.0
0.0
0.0
0.0
0.0
0.0
0.0
0.0
0.0
0.0
0.0
0.0
0.0
0.0
0.0
0.0
0.0
0.0
0.0
0.0
0.0
0.0
0.0
0.0
0.0
0.0
0.0
0.0
0.0
0.0
0.0
0.0
0.0
0.0
0.0
0.0
0.0
0.0
0.0
0.0
0.0
0.0
0.0
0.0
0.0
0.0
0.0
0.0
0.0
0.0
0.0
0.0
0.0
0.0
0.0
0.0
0.0
0.0
0.0
0.0
0.0
0.0
0.0
0.0
0.0
0.0
0.0
0.0
0.0
0.0
0.0
0.0
0.0
0.0
0.0
0.0
0.0
0.0
0.0
0.0
0.0
0.0
0.0
0.0
0.0
0.0
0.0
0.0
0.0
0.0
0.0
0.0
0.0
0.0
0.0
0.0
0.0
0.0
0.0
0.0
0.0
0.0
0.0
0.0
0.0
0.0
0.0
0.0
0.0
0.0
0.0
0.0
0.0
0.0
0.0
0.0
0.0
0.0
0.0
0.0
0.0
0.0
0.0
0.0
0.0
0.0
0.0
0.0
0.0
0.0
0.0
0.0
0.0
0.0
0.0
0.0
0.0
0.0
0.0
0.0
0.0
0.0
0.0
0.0
0.0
0.0
0.0
0.0
0.0
0.0
0.0
0.0
0.0
0.0
0.0
0.0
0.0
0.0
0.0
0.0
0.0
0.0
0.0
0.0
0.0
0.0
0.0
0.0
0.0
0.0
0.0
0.0
0.0
0.0
0.0
0.0
0.0
