0.011782517819882656
0.011782612825421547
0.011782699982249933
0.011782782190056365
0.011782860501348155
0.011782935337925248
0.01178300637176796
0.011783075208612104
0.011783141713067989
0.011783206288967618
0.011783269414537856
0.011783330871400365
0.011783390559722306
0.011783449329434464
0.011783507170031833
0.011783564147905896
0.011783620294939628
0.011783675426166991
0.01178372955158113
0.01178378319772322
0.011783836388771078
0.011783889092912633
0.011783941261204574
0.011783992873177886
0.01178404392518476
0.011784094413466659
0.011784144561009006
0.011784194400586187
0.01178424393184817
0.01178429315890151
0.011784342029018149
0.011784390547077549
0.011784438865155034
0.011784486897642162
0.011784534594550762
0.011784581982605718
0.0117846291791231
0.011784676070910943
0.011784722801585957
0.011784769408853693
0.011784815897280134
0.011784862262305938
0.011784908470329482
0.011784954401812195
0.011784999987557306
0.01178504539563874
0.011785090683997745
0.011785135887403594
0.011785181023242643
0.011785226096657296
0.01178527107242704
0.011785315902228805
0.011785360576587493
0.011785405144660772
0.01178544963139536
0.011785494053372262
0.01178553842406324
0.011785582688454197
0.011785626762995006
0.011785670780946458
0.011785714760140847
0.011785758667512337
0.011785802495053182
0.011785846279884337
0.011785890038110614
0.011785933678540904
0.011785977291032411
0.01178602087833039
0.011786064436946518
0.011786107948763568
0.01178615139508036
0.011786194778864579
0.011786238025149267
0.011786281193400288
0.011786324338039517
0.011786367469460502
0.011786410592505259
0.01178645370870185
0.011786496816099092
0.01178653990066272
0.011786582913763007
0.011786625858479198
0.011786668770254098
0.01178671167505996
0.011786754585509417
0.01178679750382856
0.011786840426139603
0.01178688331732324
0.011786926150431514
0.011786968957749682
0.011787011730424513
0.01178705445482285
0.011787097153078569
0.011787139855873596
0.011787182545203884
0.011787225228081708
0.011787267893421957
0.011787310584156127
0.011787353298767848
0.011787396036109976
0.011787438788406993
0.011787481545240001
0.011787524303507118
0.011787567050223475
0.01178760975771864
0.011787652461164928
0.011787695168138806
0.011787737886021714
0.011787780607951045
0.011787823328891618
0.011787866059575906
0.011787908801893178
0.011787951509875364
0.011787994233420432
0.011788036995370317
0.011788079789320251
0.011788122615604791
0.01178816547631828
0.011788208366442496
0.011788251272791822
0.011788294169477494
0.011788337017497586
0.011788379878488214
0.011788422752674306
0.011788465663053941
0.011788508614981626
0.011788551602040084
0.011788594621288983
0.011788637669667578
0.01178868073125605
0.011788723789756128
0.011788766871412925
0.011788809984249091
0.011788853112336154
0.01178889624507552
0.011788939390085946
0.011788982560668864
0.011789025754885756
0.01178906897820508
0.011789112217666625
0.011789155494538444
0.01178919882105007
0.011789242192007294
0.01178928560594841
0.01178932906070884
0.011789372550904228
0.011789416074730403
0.011789459633578858
0.011789503191411206
0.011789546774756694
0.011789590397734634
0.011789634049980286
0.011789677744047312
0.011789721477253053
0.01178976523887107
0.011789809029206375
0.011789852851388371
0.011789896717304155
0.011789940587494828
0.011789984486858123
0.011790028450845225
0.011790072460850105
0.011790116501179941
0.011790160590220346
0.01179020474307223
0.011790248944621195
0.011790293190209645
0.011790337502415935
0.011790381821342882
0.011790426163388124
0.01179047055311027
0.011790514972030848
0.011790559442229061
0.011790603965734104
0.011790648539362918
0.011790693170825796
0.011790737846786872
0.011790782543014097
0.011790827274533996
0.011790872035431584
0.011790916864942009
0.011790961711486579
0.011791006614236774
0.011791051562247745
0.011791096555827267
0.01179114160699633
0.011791186713154265
0.011791231892680568
0.011791277089314057
0.011791322343486638
0.011791367627143778
0.011791412980742837
0.01179145838737404
0.011791503856000057
0.01179154936405506
0.011791594913736382
0.01179164051951209
0.011791686176519742
0.011791731898828794
0.011791777700258422
0.011791823530589409
0.011791869432836753
0.011791915381034811
0.011791961369819786
0.011792007436973246
0.01179205355696859
0.01179209973209027
0.011792145952835986
0.011792192193615837
0.011792238476877161
0.011792284815946425
0.011792331210986197
0.01179237764766504
0.011792424170653501
0.01179247073265963
0.011792517354758673
0.011792564056874599
0.011792610818054895
0.011792657632924886
0.0117927045263694
0.011792751495239255
0.011792798505148675
0.01179284558699512
0.011792892718956262
0.011792939915375437
0.01179298712984622
0.01179303441368368
0.011793081762002106
0.011793129170128043
0.011793176641912552
0.011793224190675404
0.011793271800595567
0.011793319454842792
0.011793367178282723
0.01179341499040814
0.011793462851047277
0.01179351075479641
0.011793558732194797
0.011793606777501039
0.011793654885742176
0.011793703045749223
0.01179375124455673
0.011793799520181789
0.011793847880688501
0.011793896301184483
0.0117939447724265
0.01179399330813437
0.011794041921362082
0.011794090625318599
0.011794139378047583
0.011794188183129528
0.011794237069519122
0.011794286006326638
0.011794335020882455
0.011794384108967996
0.011794433263216766
0.011794482477810302
0.011794531759454675
0.01179458112609789
0.01179463057035722
0.011794680067175718
0.011794729633923773
0.011794779282436921
0.011794828991330617
0.011794878759234519
0.011794928609732792
0.011794978522289213
0.011795028507470419
0.011795078558099335
0.011795128670802827
0.011795178844467192
0.011795229082195907
0.011795279423945993
0.011795329866993625
0.011795380355680134
0.011795430890762307
0.01179548149045431
0.01179553216386575
0.011795582906879138
0.011795633708446867
0.01179568457942013
0.011795735572904873
0.011795786625038744
0.011795837757575024
0.011795888968874298
0.011795940238264422
0.011795991568526721
0.011796042971464433
0.011796094450662641
0.011796146018644581
0.011796197686581779
0.011796249435112486
0.01179630126754148
0.011796353152127025
0.011796405113498432
0.011796457153055773
0.011796509267942974
0.011796561457156973
0.01179661371439856
0.01179666605674104
0.011796718485432334
0.011796770981990185
0.011796823534677842
0.01179687615037701
0.011796928860039668
0.011796981670278752
0.011797034551111831
0.011797087503960621
0.01179714052576376
0.011797193625084286
0.01179724679901234
0.011797300045107414
0.011797353360775923
0.011797406778452108
0.011797460296773697
0.011797513881902822
0.011797567529435194
0.0117976212538789
0.011797675086204272
0.011797729012846118
0.011797783007152769
0.011797837068400544
0.011797891207127775
0.01179794542641437
0.011797999734488777
0.011798054147873294
0.01179810864004166
0.011798163204769993
0.01179821784847158
0.011798272569644452
0.011798327363638172
0.011798382237500458
0.011798437194188466
0.011798492236675963
0.01179854736589296
0.01179860258288585
0.011798657892131912
0.011798713291947769
0.011798768773177749
0.01179882432812766
0.011798879956819695
0.01179893567113743
0.011798991483518156
0.011799047394115454
0.011799103406365748
0.011799159486285658
0.01179921563286645
0.011799271860961061
0.01179932817778448
0.011799384573923455
0.011799441052103584
0.011799497615104416
0.0117995542665143
0.011799611010407074
0.01179966784134081
0.011799724747069026
0.011799781732707258
0.011799838815210276
0.011799895993903442
0.01179995325730206
0.011800010600366884
0.011800068032507343
0.0118001255661782
0.011800183188787984
0.011800240889789409
0.011800298669757238
0.011800356533597864
0.011800414489159538
0.011800472542113994
0.011800530694218325
0.011800588948930456
0.011800647296653848
0.011800705726635644
0.011800764235376703
0.011800822825659479
0.01180088150535689
0.011800940283597084
0.011800999160269837
0.011801058130271215
0.011801117195461043
0.011801176348402782
0.01180123558058813
0.011801294901156584
0.01180135432963662
0.011801413870278535
0.011801473491122033
0.01180153317679694
0.011801592948548583
0.011801652811872204
0.011801712751165367
0.011801772765899892
0.011801832853181872
0.011801893074173751
0.01180195338814776
0.01180201378638799
0.011802074262006855
0.01180213482537384
0.011802195496598847
0.011802256282680775
0.011802317175638791
0.0118023781621017
0.011802439224599618
0.011802500376804177
0.011802561640950395
0.011802623015200353
0.011802684489314132
0.011802746057865467
0.011802807712318824
0.011802869444426737
0.011802931255539035
0.011802993154430147
0.01180305514588569
0.01180311723268611
0.011803179449187622
0.011803241760895098
0.011803304144627842
0.011803366636237623
0.011803429213747028
0.011803491880581432
0.011803554635875303
0.011803617458281828
0.011803680423826231
0.011803743501668131
0.011803806675875215
0.011803869938097278
0.011803933286716896
0.011803996721324829
0.011804060235416379
0.011804123820254699
0.0118041875229513
0.011804251366147522
0.01180431532036957
0.011804379369935529
0.01180444350667455
0.011804507724025146
0.011804572011907152
0.011804636388633348
0.01180470092623842
0.011804765569063146
0.01180483030002084
0.01180489508835842
0.011804959979807272
0.01180502495121899
0.011805089983919763
0.011805155186284581
0.011805220481012794
0.01180528587964172
0.011805351389186532
0.011805416989916707
0.01180548265960964
0.011805548388680647
0.01180561426782377
0.01180568026720732
0.011805746359033887
0.011805812541568142
0.011805878816846152
0.011805945159765355
0.011806011627558255
0.011806078214582493
0.01180614488394484
0.011806211656236036
0.011806278539259982
0.011806345511377096
0.01180641257755351
0.011806479769256695
0.011806547080192404
0.011806614489863287
0.011806681978241673
0.011806749531171631
0.011806817203106586
0.011806885005907354
0.011806952916155878
0.011807020906891461
0.011807088968184968
0.01180715714106822
0.01180722535065973
0.011807293720278486
0.011807362227804086
0.011807430840590888
0.011807499545916367
0.011807568334097579
0.011807637198530754
0.01180770619897821
0.011807775278593035
0.011807844469282463
0.011807913775784037
0.011807983136420888
0.011808052638099014
0.011808122253935236
0.011808191944065235
0.011808261703109162
0.011808331544522573
0.011808401500908445
0.011808471609546938
0.011808541855135381
0.011808612199405865
0.011808682620716045
0.01180875310058602
0.011808823704835112
0.011808894480732001
0.01180896533304186
0.011809036253784542
0.011809107229668624
0.011809178285143624
0.01180924951606857
0.011809320891333864
0.01180939238743536
0.011809463947165125
0.011809535557572432
0.011809607323527796
0.01180967912632917
0.011809751083225626
0.01180982314168901
0.011809895229290216
0.011809967481560643
0.011810039843354386
0.011810112266620928
0.011810184778622675
0.011810257376088285
0.011810330174875325
0.011810403090860183
0.011810476087305689
0.011810549123250282
0.011810622240265389
0.011810695517329522
0.011810768901392227
0.011810842378817197
0.011810915926431563
0.011810989588476914
0.011811063396862338
0.011811137325867964
0.011811211323673567
0.011811285342787987
0.011811359472113418
0.011811433748217892
0.011811508159036229
0.011811582678681298
0.011811657267914631
0.011811731962640503
0.011811806765646643
0.01181188166387397
0.011811956669345655
0.011812031793801777
0.011812107089251702
0.011812182468410896
0.01181225789388451
0.011812333387243513
0.011812409027840148
0.011812484820552544
0.011812560650234208
0.011812636503694728
0.011812712441018301
0.011812788648772067
0.011812864937989111
0.011812941316487038
0.011813017720520446
0.011813094215944725
0.011813170888735448
0.01181324762206078
0.011813324441147384
0.011813401350927493
0.011813478433293573
0.01181355562678312
0.011813632888862807
0.011813710111436922
0.011813787551791686
0.011813865114611515
0.011813942797338144
0.011814020533416436
0.011814098397857367
0.011814176344869611
0.01181425436620936
0.011814332494070809
0.011814410754487588
0.0118144891663672
0.011814567624254584
0.011814646134411404
0.01181472477588713
0.01181480359766916
0.011814882512984733
0.011814961461979927
0.011815040431760413
0.011815119560523151
0.011815198826624842
0.01181527817521014
0.011815357581253794
0.011815437154574466
0.011815516902851382
0.011815596731668678
0.011815676583801001
0.011815756510648643
0.011815836568251515
0.011815916709550471
0.01181599690223827
0.011816077236157681
0.011816157733050918
0.011816238306107616
0.011816318908638913
0.01181639954561821
0.011816480339985155
0.011816561280820431
0.01181664233006862
0.011816723435373521
0.01181680465213779
0.011816885898677866
0.011816967316754723
0.01181704884206706
0.011817130548046945
0.011817212239169443
0.011817293927065698
0.011817375799462293
0.011817457893063208
0.011817539999303793
0.011817622082259767
0.011817704307018093
0.011817786726409348
0.011817869217648703
0.0118179517292152
0.011818034306423064
0.011818117103517687
0.011818199973635929
0.01181828284690142
0.01181836581126098
0.01181844894727627
0.01181853216852328
0.01181861539335151
0.011818698787305435
0.011818782322296816
0.01181886594040004
0.011818949530111587
0.011819033292897997
0.011819117128770543
0.01181920104862329
0.011819285025957357
0.011819369222669757
0.011819453511872077
0.011819537835545992
0.01181962214107467
0.011819706551214818
0.011819791093731423
0.011819875759485218
0.011819960547429311
0.011820045382340612
0.011820130271713702
0.011820215247197325
0.011820300442974477
0.011820385663836417
0.011820470858419911
0.011820556120963588
0.011820641618054331
0.0118207272019934
0.011820812763715858
0.011820898437419621
0.011820984299598651
0.011821070208179789
0.011821156050683727
0.01182124205884397
0.011821328199465039
0.011821414376478172
0.011821500588571846
0.011821586966947328
0.011821673466212289
0.011821759999211076
0.011821846575098148
0.011821933299737472
0.01182202009404505
0.01182210689293853
0.011822193775682477
0.011822280782027184
0.011822367837061707
0.01182245497956236
0.011822542210254043
0.011822629560943074
0.011822716964245401
0.01182280446184048
0.011822892020193161
0.011822979617185387
0.011823067281893062
0.011823155057497363
0.01182324292530473
0.01182333080521859
0.011823418741692246
0.01182350680144351
0.011823594992334176
0.011823683274446382
0.011823771618256585
0.011823859907859955
0.01182394816608937
0.011824036678565259
0.011824125401098952
0.01182421402022577
0.011824302598596572
0.011824391385159647
0.011824480318301436
0.01182456917332326
0.01182465808596085
0.011824747248508197
0.011824836410497325
0.011824925494063578
0.011825014647497982
0.011825104020899185
0.011825193396162236
0.011825282788238729
0.011825372339670757
0.011825461934034606
0.011825551505763648
0.01182564115751787
0.011825731038576589
0.01182582093730331
0.011825910840181551
0.011826000871323754
0.011826090931529292
0.011826181004071403
0.011826271143131343
0.011826361391061751
0.01182645166049531
0.011826541955343913
0.011826632368867496
0.011826722812485244
0.011826813260934248
0.01182690381412831
0.011826994440648702
0.011827085104260192
0.01182717580307155
0.011827266592877266
0.011827357353789583
0.011827448126706776
0.011827539077047563
0.01182763004068004
0.011827721051098574
0.011827812107300837
0.01182790321294128
0.011827994319250586
0.011828085464579304
0.01182817670529603
0.011828267897773642
0.01182835921116172
0.011828450742311349
0.011828542114009548
0.011828633398558587
0.011828724866982476
0.011828816518465193
0.011828908026238339
0.011828999484362222
0.011829091201070589
0.011829182926497213
0.011829274517432901
0.011829366267475888
0.01182945805822377
0.01182954983697781
0.011829641672369301
0.01182973361959744
0.011829825485126167
0.011829917258949189
0.011830009226577197
0.01183010126647112
0.011830193233378217
0.011830285312266826
0.011830377360609642
0.011830469399803317
0.011830561494689284
0.011830653669456627
0.011830745810724888
0.011830837898296658
0.011830930140047578
0.011831022398317105
0.01183111460330307
0.011831206931844864
0.011831299189560177
0.011831391455497912
0.01183148382224827
0.01183157621367893
0.011831668539765116
0.011831760861184865
0.011831853232663166
0.011831945601239874
0.011832037970281097
0.011832130421484
0.01183222280886751
0.01183231516397884
0.011832407653909867
0.011832500102946
0.011832592504662467
0.01183268497697368
0.01183277738384512
0.011832869768472436
0.011832962238877875
0.011833054701031118
0.01183314709574109
0.011833239509171197
0.011833331979827508
0.011833424334990293
0.011833516715528887
0.011833609271676739
0.011833701584691735
0.011833793810702117
0.011833886431872952
0.0118339788940111
0.011834071122914605
0.01183416340276857
0.01183425584881237
0.011834348069368726
0.011834440221675586
0.011834532622459561
0.011834624904631335
0.01183471697784099
0.011834809161982898
0.011834901434480724
0.011834993551888863
0.01183508567252509
0.0118351777249959
0.011835269716884143
0.011835361847223088
0.01183545390670017
0.011835545816900885
0.011835637753341559
0.011835729714344273
0.011835821592618957
0.011835913417060221
0.011836005244248226
0.011836097012194421
0.01183618869043633
0.011836280384783238
0.011836372058549928
0.011836463650257666
0.011836555276239858
0.011836646738624126
0.011836738096051581
0.011836829586840517
0.011836920978319959
0.011837012242262324
0.011837103516815155
0.011837194689473566
0.011837285856468592
0.011837377014711237
0.011837468053570208
0.011837558964724144
0.011837649885065237
0.011837740793106429
0.011837831560017975
0.011837922280106628
0.011838012947526129
0.011838103518831609
0.01183819403464516
0.011838284489004496
0.011838374848665715
0.011838465171395036
0.011838555449639522
0.011838645551896171
0.01183873559580736
0.011838825661679273
0.011838915534609062
0.011839005337531055
0.011839095169551854
0.01183918477118149
0.011839274301928049
0.011839363907759913
0.011839453209997488
0.011839542436674297
0.011839631819477303
0.011839720941569416
0.01183980985792974
0.011839898829989613
0.011839987716664647
0.011840076389559999
0.011840165064706271
0.011840253672313521
0.01184034199098133
0.011840430309073073
0.011840518665678852
0.011840606682411683
0.011840694588646214
0.01184078260037554
0.011840870395975703
0.01184095797564361
0.011841045531471198
0.011841132956017145
0.011841220193012644
0.011841307374812154
0.011841394431303982
0.011841481328876077
0.011841568145510139
0.011841654769239143
0.011841741247283731
0.011841827654183864
0.011841913849236527
0.011841999933081533
0.011842085977972691
0.011842171791153022
0.01184225745313283
0.01184234304568492
0.011842428409638847
0.01184251362754623
0.01184259875405569
0.011842683658664097
0.011842768451672044
0.011842853097793555
0.01184293747827091
0.0118430218080669
0.011843106028771496
0.011843189979538342
0.011843273775726304
0.011843357454361679
0.011843440942351185
0.011843524238861218
0.011843607393633583
0.011843690351831408
0.011843773124837318
0.01184385575352281
0.011843938155798548
0.011844020377789363
0.011844102458212474
0.011844184309772438
0.011844265981810726
0.011844347487032916
0.01184442874295207
0.011844509826443627
0.011844590675480033
0.011844670945217841
0.011844750999882268
0.011844830867896056
0.011844910521431768
0.011844989983097647
0.01184506925057839
0.011845148269536643
0.011845227082496659
0.011845305711809946
0.011845384046717209
0.011845462172975248
0.011845540160017926
0.011845617834838274
0.011845695262131705
0.011845772546535956
0.011845849524391251
0.011845926255802454
0.011846002860246363
0.011846079133292811
0.011846155133428685
0.011846231030654342
0.011846306548113236
0.011846381769731282
0.011846456942056785
0.011846531700944374
0.011846606131120176
0.011846680555021742
0.011846754592341002
0.011846828252501034
0.011846901853739059
0.011846975121276058
0.011847047963461081
0.011847120693797723
0.011847193161838057
0.011847265208745263
0.011847337098595947
0.011847408731567938
0.011847479938537197
0.011847550954288955
0.01184762171821368
0.011847692042663066
0.011847762161068493
0.011847832057882784
0.01184790154717217
0.011847970772619787
0.011848039709470086
0.01184810828934782
0.011848176605376067
0.011848244571029686
0.011848312204050611
0.011848379612996233
0.011848446625027395
0.01184851326539004
0.01184857969500086
0.011848645755426834
0.011848711413028993
0.011848776844857271
0.011848841929485274
0.011848906609573972
0.01184897101863031
0.011849035056119644
0.011849098714824237
0.011849162078719508
0.011849225040584043
0.011849287633032978
0.011849349926663994
0.01184941183421159
0.011849473398220416
0.011849534596517691
0.011849595367980484
0.011849655829720258
0.011849715903256171
0.011849775532701988
0.011849834882559645
0.01184989384542688
0.011849952358214294
0.011850010537450184
0.011850068322140049
0.011850125665305904
0.011850182648144381
0.011850239226066756
0.011850295377728182
0.011850351160183688
0.011850406474936721
0.011850461371625194
0.011850515924253355
0.011850569974592403
0.011850623622033978
0.011850676928237734
0.011850729726130403
0.011850782097561073
0.011850834098128357
0.011850885602503485
0.011850936675334904
0.011850987356646699
0.011851037529473482
0.01185108728008531
0.0118511366102049
0.01185118541826054
0.011851233817096645
0.011851281780890196
0.01185132921853272
0.011851376239869964
0.011851422798250303
0.011851468812578836
0.011851514404023399
0.011851559515887735
0.011851604089185213
0.011851648248879342
0.011851691913228955
0.011851735033073652
0.01185177772825318
0.011851819906520279
0.011851861518247825
0.011851902693528357
0.011851943361483833
0.011851983445827394
0.011852023074513565
0.011852062197413015
0.011852100741158094
0.011852138821200746
0.011852176363912566
0.011852213305618683
0.011852249791109947
0.011852285721797471
0.01185232103749045
0.01185235591269089
0.011852390222781093
0.011852423891245493
0.01185245709750353
0.011852489740269626
0.011852521740009083
0.011852553249503829
0.011852584187852556
0.011852614495764866
0.011852644276850453
0.011852673465110288
0.011852702055168285
0.011852730088760829
0.011852757514321619
0.011852784337705312
0.011852810585076687
0.01185283621371038
0.011852861241357168
0.011852885666767905
0.011852909463339037
0.011852932654836683
0.011852955220777608
0.011852977158311536
0.011852998488934651
0.01185301917240831
0.011853039213873486
0.011853058637112234
0.011853077404085356
0.011853095520052452
0.011853113007411938
0.011853129831788035
0.011853145989813386
0.011853161499616417
0.011853176417046874
0.011853190709278004
0.011853204337357153
0.011853217293599727
0.011853229555420139
0.011853241141668143
0.011853252046285985
0.011853262247294006
0.011853271757251501
0.011853280574293643
0.011853288683385015
0.01185329608524057
0.01185330277838359
0.011853308759803758
0.011853314015665044
0.01185331854759154
0.011853322362366178
0.011853325440258028
0.011853327782511674
0.011853329390561985
0.01185333025448711
0.011853330372626383
0.0118533297400566
0.011853328352843338
0.01185332620860354
0.011853323297896822
0.011853319621587012
0.01185331517536082
0.011853309949143945
0.011853303947836477
0.011853297165224715
0.011853289590260862
0.011853281227527072
0.011853272068644876
0.011853262104523575
0.011853251339366497
0.011853239762268588
0.011853227374936373
0.011853214175956138
0.011853200145736528
0.011853185299697592
0.011853169629018943
0.011853153104724786
0.01185313576221364
0.011853117581509124
0.011853098522381391
0.011853078644312802
0.011853057909334243
0.011853036273721796
0.011853013820682058
0.011852990492702022
0.01185296625812904
0.011852941193538925
0.011852915230591553
0.01185288835329858
0.011852860522777559
0.011852831763145354
0.011852802091786747
0.011852771562109206
0.0118527400894515
0.01185270770064375
0.011852674434781824
0.011852640232958662
0.011852605571538156
0.011852570003878439
0.01185253344856688
0.011852495991051138
0.011852457613802419
0.011852418228376967
0.01185237794284669
0.011852336713090071
0.011852294461991897
0.011852251332701002
0.011852207321491729
0.011852162270084394
0.011852116354365403
0.011852069382132718
0.011852021368588204
0.011851972463549534
0.011851922454840754
0.011851871400843844
0.011851819486270185
0.011851766445245633
0.011851712351510191
0.011851657394898523
0.01185160129340579
0.01185154413925722
0.011851486106114936
0.01185142689491402
0.011851366662984194
0.011851305583856256
0.011851243310983875
0.011851179972503852
0.011851115724679999
0.011851050253061986
0.011850983729898072
0.011850916289398378
0.011850847588419014
0.011850777831034665
0.011850707129747916
0.011850635160907539
0.011850562162410502
0.011850488144077354
0.011850412865659063
0.011850336562722311
0.011850259127052528
0.011850180498654283
0.011850100833651817
0.011850020009893283
0.011849938010475984
0.011849854952983456
0.011849770725963665
0.011849685305873344
0.011849598776208312
0.011849511022206513
0.011849422111833405
0.011849332078831062
0.011849240804417528
0.011849147246324005
0.011849052436504645
0.011848956355524756
0.01184885914164784
0.01184876068301443
0.011848660986464763
0.011848560181519845
0.01184845800255395
0.01184835460830563
0.011848250145201727
0.011848144283094128
0.011848037210548579
0.011847929059126131
0.011847819428532616
0.011847708625555838
0.011847596688773476
0.01184748328749674
0.01184736865928326
0.011847252886303072
0.011847135714739427
0.011847017271792916
0.011846897616684532
0.011846776576685989
0.011846654233435052
0.011846530654579425
0.011846405727351182
0.011846279477582914
0.011846151938836404
0.011846023043689875
0.011845892818441953
0.011845761168221433
0.01184562816851853
0.01184549385630584
0.011845358115521136
0.011845221117131488
0.011845082799095552
0.011844942962277623
0.011844801963742555
0.011844659496028751
0.01184451540733013
0.011844370214436234
0.01184422356568974
0.011844075331986179
0.01184392592889813
0.011843775092062418
0.011843622714518403
0.011843469038210427
0.011843313884321522
0.011843157252731757
0.01184299927038236
0.011842839797929482
0.01184267891145745
0.011842516553279347
0.011842352643079151
0.011842187367955411
0.011842020571254547
0.011841852299804627
0.011841682710343094
0.01184151146940759
0.011841338752836097
0.011841164832695294
0.011840989214301812
0.011840812187322308
0.011840634003884864
0.011840453734169039
0.01184027221293126
0.01184008949103794
0.011839904598065847
0.011839718500705492
0.011839531112966206
0.011839341527375657
0.011839150792302187
0.011838958766991049
0.011838764553759904
0.011838569137536333
0.011838372314522207
0.01183817334820509
0.011837973246139149
0.011837771600249717
0.011837567896192905
0.011837363090666986
0.011837156552748923
0.011836948090540488
0.011836738538391189
0.011836527054604917
0.011836313768690786
0.011836099311856552
0.011835882538887767
0.011835664186724534
0.011835444803318287
0.011835222944544694
0.011834999743683672
0.011834775430664617
0.011834548369565162
0.011834320198142508
0.011834090816287206
0.011833858706834522
0.011833625589154075
0.01183339184608292
0.011833155507818346
0.011832918032220039
0.011832679097840573
0.011832437905012374
0.011832195460342608
0.011831951441795925
0.01183170512259661
0.011831457554822802
0.011831208287860088
0.011830956761118554
0.011830703937356322
0.011830449291161343
0.011830192576553598
0.01182993452187547
0.011829674451673928
0.011829412402393253
0.011829148938305688
0.011828883342708102
0.011828616035893278
0.011828347185339174
0.011828075976782728
0.011827803250372826
0.011827528904048444
0.011827252109493074
0.011826973767835858
0.011826693844650548
0.011826411552237391
0.011826127721466259
0.011825842190017763
0.011825554279735027
0.011825264796457551
0.01182497158176919
0.01182467595942354
0.011824378673884235
0.011824079617888958
0.011823778327064468
0.011823475288853363
0.01182317047637362
0.011822863486533344
0.011822554636124178
0.011822243974744061
0.011821931100958104
0.011821616184711716
0.011821299579999948
0.011820980968233126
0.01182066004439255
0.011820337329770033
0.0118200130066772
0.011819685822016812
0.01181935690077541
0.011819026459079871
0.011818693204348982
0.01181835819040914
0.011818021580177524
0.011817682151579202
0.011817340961262841
0.011816998290734116
0.0118166527007524
0.011816305194388284
0.011815956398873418
0.011815604568673907
0.011815250803350295
0.0118148956335846
0.011814537472580992
0.01181417749247971
0.011813816093811122
0.011813451871545881
0.011813085773866252
0.011812717812568093
0.011812347063617246
0.011811974528065513
0.011811600155227127
0.011811223030936681
0.011810844101798714
0.011810463098387718
0.011810079298240747
0.011809693734836714
0.011809305901109825
0.011808915593633658
0.011808523631663577
0.01180812900585971
0.011807732064097926
0.011807333081829035
0.011806931611976181
0.011806527824961445
0.011806121873285487
0.011805713509863253
0.01180530290180687
0.011804889982028999
0.011804474526495131
0.01180405706941386
0.01180363736939419
0.011803215051660503
0.01180279129158898
0.011802365990497199
0.011801938102231619
0.011801508474306503
0.011801076430560935
0.01180064156161496
0.011800204735995674
0.011799765499566633
0.011799323563004003
0.011798879449464006
0.011798432953640942
0.011797983902031347
0.011797532398144808
0.011797078574730484
0.011796622274101196
0.011796163265288711
0.011795702089233273
0.011795238563149525
0.01179477221689436
0.011794303693143562
0.011793832780701926
0.011793358638924051
0.01179288249388312
0.011792402851608076
0.01179191809098045
0.011791431624516999
0.011790942613624115
0.011790450138173023
0.011789955939825507
0.011789458984073404
0.011788958654797592
0.011788456894640434
0.011787952204021823
0.01178744409350675
0.011786934417024
0.011786421269762785
0.011785904700192943
0.011785386759238748
0.011784865465032584
0.011784341096884827
0.011783815215427169
0.01178328555136642
0.011782753041960577
0.011782219025453003
0.011781681209225073
0.011781140494262404
0.011780598227199013
0.011780052146765389
0.011779502984405301
0.011778952409540631
0.011778397965111978
0.011777840462780055
0.011777281293441343
0.011776718176416396
0.011776152081528452
0.011775584262067198
0.011775012188024361
0.011774437266145047
0.011773860755059732
0.01177327988103283
0.011772696387579763
0.011772111159701584
0.01177152105685902
0.011770928845127957
0.011770334690260958
0.01176973530055424
0.011769134283908049
0.011768531136433861
0.011767922912988333
0.011767313903668159
0.011766703545946647
0.011766088099329036
0.0117654710766512
0.011764851288122198
0.011764226500851864
0.011763600080279293
0.011762970792989543
0.011762336616948999
0.011761700601374865
0.011761061663407783
0.011760418157550153
0.0117597727913934
0.011759124285762427
0.011758471150303729
0.011757815815781798
0.011757157050764636
0.011756494019628092
0.011755827435021772
0.011755155095521231
0.01175447830871407
0.011753799476552666
0.011753116913121208
0.011752430098818838
0.011751741178689965
0.011751048064952169
0.011750350842488174
0.011749651437566089
0.011748947481567212
0.011748239331541515
0.011747529584218468
0.011746815023910267
0.0117460961305025
0.01174537583578076
0.011744650375084504
0.011743920580927105
0.011743189434822535
0.011742453156595023
0.011741712595794335
0.01174097022856682
0.011740222693425352
0.011739471035370437
0.011738717032331489
0.011737958481283799
0.011737195466442158
0.011736430148591527
0.011735660712215257
0.011734886257176778
0.011734109192647129
0.011733328226895238
0.01173254193029267
0.01173175297344466
0.011730960362492064
0.011730162957285482
0.011729362978959042
0.011728560552927687
0.011727754450363092
0.011726943973775925
0.011726129532082005
0.011725311861757386
0.011724488422155293
0.01172366093868704
0.011722832036833747
0.011721995437989248
0.011721154969323654
0.011720313588483121
0.011719464643040987
0.011718611604899785
0.011717757070785526
0.011716893460664575
0.011716022819633751
0.01171515031513114
0.011714271061718554
0.011713387504642661
0.011712501344481733
0.011711608718651123
0.011710711727999328
0.011709811407072567
0.011708904390013049
0.011707993395468077
0.011707078497214623
0.011706157488547538
0.011705232779137468
0.01170430372441952
0.011703368835451132
0.011702429946744962
0.011701486449496288
0.011700537287952227
0.011699584171336333
0.011698626175887147
0.011697662334598846
0.011696694551328667
0.011695721860918277
0.011694743258700986
0.011693760135452886
0.011692772043487822
0.011691778579305489
0.011690780828399529
0.011689778020027538
0.011688771760751266
0.011687761774638119
0.011686745979406558
0.011685724757705636
0.011684699094671791
0.01168366731722004
0.011682629856732768
0.011681587827925999
0.011680539481940026
0.011679485721895045
0.01167842801413634
0.011677363098666809
0.01167629239351281
0.011675213605662451
0.011674126243779805
0.011673032992779159
0.011671936700713217
0.01167083204442187
0.011669720439014217
0.011668605366515861
0.011667481770087923
0.011666352501390937
0.011665220063234229
0.011664079139003983
0.01166293209041292
0.01166178094598029
0.011660621313397184
0.011659456154837745
0.01165828624493296
0.011657107708845465
0.011655924403890601
0.011654736088543258
0.01165353884393884
0.011652336942670613
0.011651129145851863
0.011649912789825016
0.011648691262520432
0.011647464176731287
0.011646231424065618
0.011644994599839946
0.01164375064417444
0.011642498297086626
0.01164124086045951
0.011639976349665345
0.011638703044684277
0.011637424810914888
0.01163613949478708
0.011634845621604873
0.011633546913287687
0.011632237894525959
0.011630916482704997
0.01162958931585905
0.011628253926769886
0.011626909164735393
0.011625557679719596
0.011624200553696614
0.011622833484235411
0.011621459804133061
0.011620079877850843
0.01161868937011979
0.011617292858624442
0.011615889875667395
0.011614476548514182
0.011613056899485637
0.01161162959711297
0.011610192688176285
0.01160875014871713
0.011607300240462274
0.011605838543858164
0.01160437013158466
0.011602895687002903
0.011601413920502072
0.011599924717569335
0.011598429546623835
0.011596923645346494
0.01159540889368605
0.011593887901135152
0.011592355262307235
0.011590813934661746
0.01158926705606425
0.011587707666444864
0.01158613553464052
0.011584554561089458
0.01158296018133898
0.011581356474686425
0.011579747232818528
0.01157812332660755
0.01157649015512582
0.011574852999109169
0.011573201773039877
0.01157154019352621
0.011569875234242546
0.011568195279327911
0.011566503370063293
0.011564810412061992
0.011563102816944839
0.01156138170361055
0.011559655250520837
0.011557919302797431
0.011556169441070588
0.011554415702414689
0.011552653244694455
0.011550875962839954
0.011549093373490499
0.01154730062257312
0.011545491542510678
0.011543674973054195
0.011541848471442797
0.011540005468218296
0.011538154081376543
0.011536287808554471
0.011534403775309355
0.011532509769630458
0.011530610729205073
0.011528691564757556
0.011526762078055098
0.011524828722326456
0.01152287444309653
0.01152090855990182
0.011518939540825474
0.011516953476683927
0.011514953970311884
0.011512948901355628
0.011510925569778237
0.01150888868859315
0.01150684484952057
0.011504787929854371
0.011502720176506087
0.0115006425765625
0.011498552819740174
0.011496446486523615
0.011494327086866115
0.011492195849046873
0.011490050255405877
0.011487891752579787
0.011485716548305599
0.011483521573773586
0.011481312579552474
0.011479090646233044
0.011476853276550136
0.011474601985182284
0.011472336950287277
0.011470057597900233
0.011467766979755763
0.011465461358966988
0.01146314037704797
0.01146080549196683
0.0114584544991064
0.011456089996604035
0.011453713822489825
0.01145132258899821
0.011448915806741755
0.0114464976834729
0.011444063453886962
0.011441609038043485
0.011439142094730344
0.011436660643375242
0.011434160482069891
0.011431642931823423
0.011429102964538133
0.011426543987832985
0.011423967926048844
0.011421377776910529
0.0114187698792432
0.01141614340447574
0.011413506878621693
0.01141085077051347
0.0114081736212281
0.011405482170808019
0.01140277135488845
0.01140004486511945
0.011397304701380465
0.011394543715021483
0.011391767207410588
0.011388974467901445
0.011386162712024549
0.011383331183891362
0.01138048126132009
0.011377614956556006
0.011374726731676743
0.011371809178305818
0.011368873422753207
0.011365914871094321
0.011362937596570222
0.011359945479075373
0.011356931479941235
0.011353898022091538
0.011350846438717706
0.011347768425804358
0.011344671863465645
0.011341559391573717
0.011338419756946487
0.011335265267164784
0.011332093554230585
0.01132889726326662
0.011325680889604683
0.011322444377994026
0.011319183596456131
0.011315899522075398
0.011312593992441408
0.011309255151301413
0.011305891432337773
0.011302507986843608
0.011299106601924996
0.011295674032527011
0.011292221781366117
0.011288747896037381
0.011285241959718549
0.011281717587475296
0.011278172972485139
0.011274600467159635
0.011271006828840215
0.011267390551699567
0.011263752860869794
0.01126008615064886
0.011256393239812885
0.01125267650988856
0.01124893364218202
0.011245153936467982
0.01124134514393747
0.011237515396744923
0.011233660980699773
0.011229774170384739
0.011225856882673059
0.011221914639368176
0.011217944809513594
0.011213948534563735
0.011209928272461077
0.011205883357897966
0.01120181284995068
0.011197718732731723
0.011193598013413962
0.011189444900756716
0.011185268601116755
0.011181067268853553
0.011176820656620541
0.011172545339870618
0.011168247196696054
0.01116391485805274
0.011159550462057001
0.01115516054078784
0.011150741853278285
0.011146291057445691
0.011141814367977374
0.011137305691749665
0.011132768553911524
0.011128207608436922
0.01112361832437907
0.011118989599769617
0.011114332637212914
0.011109646547324136
0.011104913092237188
0.011100148578891375
0.011095359008881017
0.011090522307897357
0.011085651527435774
0.011080756236657779
0.01107583118879035
0.011070856023399423
0.011065861667823453
0.01106084572074009
0.011055768012130813
0.011050669997625797
0.01104554996080112
0.01104037913228814
0.011035169073716775
0.011029936080774166
0.011024654550054944
0.011019317957858207
0.011013958434920371
0.011008564848432992
0.011003112348603147
0.010997634785177374
0.010992133421926488
0.010986572340671975
0.010980977757016236
0.010975362408859204
0.01096970185506757
0.010963986009342059
0.010958247999928221
0.010952474154149336
0.010946627581398178
0.010940744339377624
0.010934827164758585
0.010928847758863288
0.010922832550331349
0.010916787489454982
0.01091069232021799
0.010904545543931273
0.01089837315338985
0.010892157726372548
0.010885882575221297
0.010879579611962835
0.01087323821586188
0.010866826395373279
0.010860357486576124
0.010853847660558814
0.010847283531910303
0.010840669664927027
0.0108340236243069
0.010827327802404621
0.01082056319391095
0.010813770661609007
0.010806936079755846
0.0108000408950364
0.01079309562405627
0.01078611264165195
0.010779067214720413
0.010771936166278268
0.01076476420009183
0.010757544608287007
0.010750264497854855
0.010742933255827529
0.010735549847764765
0.010728113558584563
0.010720622900659756
0.010713092245589289
0.010705500315316112
0.01069784776844518
0.010690134130966245
0.010682335928423728
0.010674482319502031
0.010666576936786772
0.010658608947471135
0.010650572437173942
0.010642483320881139
0.010634339740158472
0.010626138201309861
0.01061787811982054
0.01060956824499863
0.01060116996123841
0.010592695707833635
0.010584155894919258
0.010575542286187378
0.010566856346237151
0.010558114647488369
0.01054932507917645
0.010540443254013487
0.010531501436696672
0.010522524057604952
0.010513452495229279
0.010504291466649194
0.010495061481985871
0.010485758076326564
0.010476372394580663
0.010466901252252074
0.010457381750676896
0.010447773608416559
0.01043809592914474
0.010428355500216126
0.010418536937272252
0.010408633290540587
0.01039863602861236
0.010388572026608658
0.010378393012202091
0.01036814658617308
0.010357823599209136
0.010347419103696945
0.01033692716519683
0.010326362157684536
0.010315717931510352
0.010304974117297446
0.010294140964371444
0.010283222465328944
0.01027219133778329
0.010261073469453368
0.010249869417534028
0.010238571177873778
0.010227184410886025
0.01021571786536583
0.010204156820332757
0.010192478004160082
0.010180706098745815
0.010168847195913513
0.010156876179685881
0.010144794166218414
0.010132624062374362
0.010120354018587923
0.010107965443531243
0.010095484965553354
0.010082914602103437
0.010070227090724922
0.010057413737635842
0.010044506798781227
0.010031485323131117
0.010018335879369388
0.010005075794713405
0.009991713757344698
0.00997824008130317
0.009964649588836149
0.009950942879203513
0.009937109725324246
0.009923169837383828
0.00990909419013122
0.009894881804646124
0.009880558773101084
0.00986611158709707
0.009851538611398902
0.0098368291464609
0.009822001542943892
0.009807046750533212
0.00979195305635849
0.00977671233250504
0.009761349538608272
0.009745855375939614
0.00973018867025674
0.009714387604004442
0.009698473398170664
0.0096824162376656
0.009666199844965579
0.009649848522088635
0.009633347800121582
0.009616662364240563
0.00959984120055849
0.009582877281267001
0.009565751263795918
0.009548462201771492
0.009531029042975047
0.009513452268124209
0.009495678404560906
0.0094777366739403
0.009459648357437863
0.009441377898833632
0.00942291591522964
0.009404317329486185
0.009385553442076838
0.009366572208380072
0.009347433315394494
0.00932813088855147
0.009308626523541651
0.009288895048408298
0.009269017075936616
0.00924897223011946
0.00922868898382786
0.009208205912893902
0.009187588151767859
0.009166760644237465
0.009145632320827954
0.009124349329495369
0.009102900688785628
0.00908122703903481
0.009059274773671366
0.009037167608735389
0.009014875950599884
0.008992296609574102
0.008969471559139667
0.008946477913442276
0.008923255930456852
0.008899731875600383
0.008876000524049923
0.008852095048048809
0.008827911735637455
0.008803411201350184
0.008778720304183477
0.008753834398410827
0.008728665269424443
0.00870324821235866
0.008677677223182523
0.008651877632917585
0.008625754215221704
0.008599393272894686
0.008572830068446561
0.008546001971961936
0.008518880089849613
0.008491567127566076
0.008463990128899602
0.008436078017676964
0.008407883188435019
0.008379471073656991
0.008350760061307423
0.00832171850874537
0.008292419321053976
0.008262882527009232
0.008233000183844891
0.008202740599926548
0.00817221569941125
0.008141406461905504
0.008110267701928747
0.008078762072932656
0.008046960238203602
0.008014806044263932
0.007982295506240392
0.00794940130293903
0.007916182566093615
0.00788258590306348
0.007848660619828866
0.007814358874537634
0.00777958126507721
0.00774438822772661
0.007708875863390208
0.00767299098423923
0.007636616204175428
0.007599792962636905
0.007562581846401171
0.007524933954004134
0.007486779953631649
0.007448150928047004
0.0074091310753743944
0.007369620565246256
0.007329562469033936
0.007288975020240342
0.0072479783516088275
0.007206370941141736
0.0071642181915336665
0.0071215299934045935
0.007078343577835281
0.007034497371053907
0.006990026914839237
0.006945007301094524
0.006899430559775716
0.006853168506561252
0.006806170911764992
0.006758572995072051
0.006710305576097635
0.006661319536062043
0.006611572529808223
0.006561159210851164
0.006509916557649096
0.0064579033239628575
0.006405046474405252
0.006351415462511491
0.006296880463733139
0.00624149281907936
0.006185193455857045
0.006127960494825071
0.0060697114741670435
0.006010511557627875
0.005950270291710995
0.005888944717258465
0.00582650453154434
0.005762936558922796
0.005698169635988942
0.0056321315036335145
0.005564830721262913
0.005496271056174537
0.005426273487082882
0.005354702655766327
0.005281677355209094
0.005207174790220476
0.005130989278732456
0.005052970305372792
0.00497314764379671
0.0048915171583226655
0.004807864183934526
0.004721986317840663
0.004633877676783433
0.004543465506791096
0.004450515632704665
0.00435482173509446
0.004256213336072043
0.004154602169972463
0.004049991669178424
0.003942058163696156
0.0038304322614213107
0.003714746925431403
0.0035947630723347423
0.003470005946556952
0.0033397944724715993
0.0032031713045655194
0.003059591632043699
0.002908111576108304
0.002747213390435132
0.002574603414999802
0.002388152649853297
0.0021844070518577553
0.0019578732799458024
0.0016986408983171914
0.0013889154593047844
0.0009821385801268695
0.0
0.0
0.0
0.0
0.0
0.0
0.0
0.0
0.0
0.0
0.0
0.0
0.0
0.0
0.0
0.0
0.0
0.0
0.0
0.0
0.0
0.0
0.0
0.0
0.0
0.0
0.0
0.0
0.0
0.0
0.0
0.0
0.0
0.0
0.0
0.0
0.0
0.0
0.0
0.0
0.0
0.0
0.0
0.0
0.0
0.0
0.0
0.0
0.0
0.0
0.0
0.0
0.0
0.0
0.0
0.0
0.0
0.0
0.0
0.0
0.0
0.0
0.0
0.0
0.0
0.0
0.0
0.0
0.0
0.0
0.0
0.0
0.0
0.0
0.0
0.0
0.0
0.0
0.0
0.0
0.0
0.0
0.0
0.0
0.0
0.0
0.0
0.0
0.0
0.0
0.0
0.0
0.0
0.0
0.0
0.0
0.0
0.0
0.0
0.0
0.0
0.0
0.0
0.0
0.0
0.0
0.0
0.0
0.0
0.0
0.0
0.0
0.0
0.0
0.0
0.0
0.0
0.0
0.0
0.0
0.0
0.0
0.0
0.0
0.0
0.0
0.0
0.0
0.0
0.0
0.0
0.0
0.0
0.0
0.0
0.0
0.0
0.0
0.0
0.0
0.0
0.0
0.0
0.0
0.0
0.0
0.0
0.0
0.0
0.0
0.0
0.0
0.0
0.0
0.0
0.0
0.0
0.0
0.0
0.0
0.0
0.0
0.0
0.0
0.0
0.0
0.0
0.0
0.0
0.0
0.0
0.0
0.0
0.0
0.0
0.0
0.0
0.0
0.0
0.0
0.0
0.0
0.0
0.0
0.0
0.0
0.0
0.0
0.0
0.0
0.0
0.0
0.0
0.0
0.0
0.0
0.0
0.0
0.0
0.0
0.0
0.0
0.0
0.0
0.0
0.0
0.0
0.0
0.0
0.0
0.0
0.0
0.0
0.0
0.0
0.0
0.0
0.0
0.0
0.0
0.0
0.0
0.0
0.0
0.0
0.0
0.0
0.0
0.0
0.0
0.0
0.0
0.0
0.0
0.0
0.0
0.0
0.0
0.0
0.0
0.0
0.0
0.0
0.0
0.0
0.0
0.0
0.0
0.0
0.0
0.0
0.0
0.0
0.0
0.0
0.0
0.0
0.0
0.0
0.0
0.0
0.0
0.0
0.0
0.0
0.0
0.0
0.0
0.0
0.0
0.0
0.0
0.0
0.0
0.0
0.0
0.0
0.0
0.0
0.0
0.0
0.0
0.0
0.0
0.0
0.0
0.0
0.0
0.0
0.0
0.0
0.0
0.0
0.0
0.0
0.0
0.0
0.0
0.0
0.0
0.0
0.0
0.0
0.0
0.0
0.0
0.0
0.0
0.0
0.0
0.0
0.0
0.0
0.0
0.0
0.0
0.0
0.0
0.0
0.0
0.0
0.0
0.0
0.0
0.0
0.0
0.0
0.0
0.0
0.0
0.0
0.0
0.0
0.0
0.0
0.0
0.0
0.0
0.0
0.0
0.0
0.0
0.0
0.0
0.0
0.0
0.0
0.0
0.0
0.0
0.0
0.0
0.0
0.0
0.0
0.0
0.0
0.0
0.0
0.0
0.0
0.0
0.0
0.0
0.0
0.0
0.0
0.0
0.0
0.0
0.0
0.0
0.0
0.0
0.0
0.0
0.0
0.0
0.0
0.0
0.0
0.0
0.0
0.0
0.0
0.0
0.0
0.0
0.0
0.0
0.0
0.0
0.0
0.0
0.0
0.0
0.0
0.0
0.0
0.0
0.0
0.0
0.0
0.0
0.0
0.0
0.0
0.0
0.0
0.0
0.0
0.0
0.0
0.0
0.0
0.0
0.0
0.0
0.0
0.0
0.0
0.0
0.0
0.0
0.0
0.0
0.0
0.0
0.0
0.0
0.0
0.0
0.0
0.0
0.0
0.0
0.0
0.0
0.0
0.0
0.0
0.0
0.0
0.0
0.0
0.0
0.0
0.0
0.0
0.0
0.0
0.0
0.0
0.0
0.0
0.0
0.0
0.0
0.0
0.0
0.0
0.0
0.0
0.0
0.0
0.0
0.0
0.0
0.0
0.0
0.0
0.0
0.0
0.0
0.0
0.0
0.0
0.0
0.0
0.0
0.0
0.0
0.0
0.0
0.0
0.0
0.0
0.0
0.0
0.0
0.0
0.0
0.0
0.0
0.0
0.0
0.0
0.0
0.0
0.0
0.0
0.0
0.0
0.0
0.0
0.0
0.0
0.0
0.0
0.0
0.0
0.0
0.0
0.0
0.0
0.0
0.0
0.0
0.0
0.0
0.0
0.0
0.0
0.0
0.0
0.0
0.0
0.0
0.0
0.0
0.0
0.0
0.0
0.0
0.0
0.0
0.0
0.0
0.0
0.0
0.0
0.0
0.0
0.0
0.0
0.0
0.0
0.0
0.0
0.0
0.0
0.0
0.0
0.0
0.0
0.0
0.0
0.0
0.0
0.0
0.0
0.0
0.0
0.0
0.0
0.0
0.0
0.0
0.0
0.0
0.0
0.0
0.0
0.0
0.0
0.0
0.0
0.0
0.0
0.0
0.0
0.0
0.0
0.0
0.0
0.0
0.0
0.0
0.0
0.0
0.0
0.0
0.0
0.0
0.0
0.0
0.0
0.0
0.0
0.0
0.0
0.0
0.0
0.0
0.0
0.0
0.0
0.0
0.0
0.0
0.0
0.0
0.0
0.0
0.0
0.0
0.0
0.0
0.0
0.0
0.0
0.0
0.0
0.0
0.0
0.0
0.0
0.0
0.0
0.0
0.0
0.0
0.0
0.0
0.0
0.0
0.0
0.0
0.0
0.0
0.0
0.0
0.0
0.0
0.0
0.0
0.0
0.0
0.0
0.0
0.0
0.0
0.0
0.0
0.0
0.0
0.0
0.0
0.0
0.0
0.0
0.0
0.0
0.0
0.0
0.0
0.0
0.0
0.0
0.0
0.0
0.0
0.0
0.0
0.0
0.0
0.0
0.0
0.0
0.0
0.0
0.0
0.0
0.0
0.0
0.0
0.0
0.0
0.0
0.0
0.0
0.0
0.0
0.0
0.0
0.0
0.0
0.0
0.0
0.0
0.0
0.0
0.0
0.0
0.0
0.0
0.0
0.0
0.0
0.0
0.0
0.0
0.0
0.0
0.0
0.0
0.0
0.0
0.0
0.0
0.0
0.0
0.0
0.0
0.0
0.0
0.0
0.0
0.0
0.0
0.0
0.0
0.0
0.0
0.0
0.0
0.0
0.0
0.0
0.0
0.0
0.0
0.0
0.0
0.0
0.0
0.0
0.0
0.0
0.0
0.0
0.0
0.0
0.0
0.0
0.0
0.0
0.0
0.0
0.0
0.0
0.0
0.0
0.0
0.0
0.0
0.0
0.0
0.0
0.0
0.0
0.0
0.0
0.0
0.0
0.0
0.0
0.0
0.0
0.0
0.0
0.0
0.0
0.0
0.0
0.0
0.0
0.0
0.0
0.0
0.0
0.0
0.0
0.0
0.0
0.0
0.0
0.0
0.0
0.0
0.0
0.0
0.0
0.0
0.0
0.0
0.0
0.0
0.0
0.0
0.0
0.0
0.0
0.0
0.0
0.0
0.0
0.0
0.0
0.0
0.0
0.0
0.0
0.0
0.0
0.0
0.0
0.0
0.0
0.0
0.0
0.0
0.0
0.0
0.0
0.0
0.0
0.0
0.0
0.0
0.0
0.0
0.0
0.0
0.0
0.0
0.0
0.0
0.0
0.0
0.0
0.0
0.0
0.0
0.0
0.0
0.0
0.0
0.0
0.0
0.0
0.0
0.0
0.0
0.0
0.0
0.0
0.0
0.0
0.0
0.0
0.0
0.0
0.0
0.0
0.0
0.0
0.0
0.0
0.0
0.0
0.0
0.0
0.0
0.0
0.0
0.0
0.0
0.0
0.0
0.0
0.0
0.0
0.0
0.0
0.0
0.0
0.0
0.0
0.0
0.0
0.0
0.0
0.0
0.0
0.0
0.0
0.0
0.0
0.0
0.0
0.0
0.0
0.0
0.0
0.0
0.0
0.0
0.0
0.0
0.0
0.0
0.0
0.0
0.0
0.0
0.0
0.0
0.0
0.0
0.0
0.0
0.0
0.0
0.0
0.0
0.0
0.0
0.0
0.0
0.0
0.0
0.0
0.0
0.0
0.0
0.0
0.0
0.0
0.0
0.0
0.0
0.0
0.0
0.0
0.0
0.0
0.0
0.0
0.0
0.0
0.0
0.0
0.0
0.0
0.0
0.0
0.0
0.0
0.0
0.0
0.0
0.0
0.0
0.0
0.0
0.0
0.0
0.0
0.0
0.0
0.0
0.0
0.0
0.0
0.0
0.0
0.0
0.0
0.0
0.0
0.0
0.0
0.0
0.0
0.0
0.0
0.0
0.0
0.0
0.0
0.0
0.0
0.0
0.0
0.0
0.0
0.0
0.0
0.0
0.0
0.0
0.0
0.0
0.0
0.0
0.0
0.0
0.0
0.0
0.0
0.0
0.0
0.0
0.0
0.0
0.0
0.0
0.0
0.0
0.0
0.0
0.0
0.0
0.0
0.0
0.0
0.0
0.0
0.0
0.0
0.0
0.0
0.0
0.0
0.0
0.0
0.0
0.0
0.0
0.0
0.0
0.0
0.0
0.0
0.0
0.0
0.0
0.0
0.0
0.0
0.0
0.0
0.0
0.0
0.0
0.0
0.0
0.0
0.0
0.0
0.0
0.0
0.0
0.0
0.0
0.0
0.0
0.0
0.0
0.0
0.0
0.0
0.0
0.0
0.0
0.0
0.0
0.0
0.0
0.0
0.0
0.0
0.0
0.0
0.0
0.0
0.0
0.0
0.0
0.0
0.0
0.0
0.0
0.0
0.0
0.0
0.0
0.0
0.0
0.0
0.0
0.0
0.0
0.0
0.0
0.0
0.0
0.0
0.0
0.0
0.0
0.0
0.0
0.0
0.0
0.0
0.0
0.0
0.0
0.0
0.0
0.0
0.0
0.0
0.0
0.0
0.0
0.0
0.0
0.0
0.0
0.0
0.0
0.0
0.0
0.0
0.0
0.0
0.0
0.0
0.0
0.0
0.0
0.0
0.0
0.0
0.0
0.0
0.0
0.0
0.0
0.0
0.0
0.0
0.0
0.0
0.0
0.0
0.0
0.0
0.0
0.0
0.0
0.0
0.0
0.0
0.0
0.0
0.0
0.0
0.0
0.0
0.0
0.0
0.0
0.0
0.0
0.0
0.0
0.0
0.0
0.0
0.0
0.0
0.0
0.0
0.0
0.0
0.0
0.0
0.0
0.0
0.0
0.0
0.0
0.0
0.0
0.0
0.0
0.0
0.0
0.0
0.0
0.0
0.0
0.0
0.0
0.0
0.0
0.0
0.0
0.0
0.0
0.0
0.0
0.0
0.0
0.0
0.0
0.0
0.0
0.0
0.0
0.0
0.0
0.0
0.0
0.0
0.0
0.0
0.0
0.0
0.0
0.0
0.0
0.0
0.0
0.0
0.0
0.0
0.0
0.0
0.0
0.0
0.0
0.0
0.0
0.0
0.0
0.0
0.0
0.0
0.0
0.0
0.0
0.0
0.0
0.0
0.0
0.0
0.0
0.0
0.0
0.0
0.0
0.0
0.0
0.0
0.0
0.0
0.0
0.0
0.0
0.0
0.0
0.0
0.0
0.0
0.0
0.0
0.0
0.0
0.0
0.0
0.0
0.0
0.0
0.0
0.0
0.0
0.0
0.0
0.0
0.0
0.0
0.0
0.0
0.0
0.0
0.0
0.0
0.0
0.0
0.0
0.0
0.0
0.0
0.0
0.0
0.0
0.0
0.0
0.0
0.0
0.0
0.0
0.0
0.0
0.0
0.0
0.0
0.0
0.0
0.0
0.0
0.0
0.0
0.0
0.0
0.0
0.0
0.0
0.0
0.0
0.0
0.0
0.0
0.0
0.0
0.0
0.0
0.0
0.0
0.0
0.0
0.0
0.0
0.0
0.0
0.0
0.0
0.0
0.0
0.0
0.0
0.0
0.0
0.0
0.0
0.0
0.0
0.0
0.0
0.0
0.0
0.0
0.0
0.0
0.0
0.0
0.0
0.0
0.0
0.0
0.0
0.0
0.0
0.0
0.0
0.0
0.0
0.0
0.0
0.0
0.0
0.0
0.0
0.0
0.0
0.0
0.0
0.0
0.0
0.0
0.0
0.0
0.0
0.0
0.0
0.0
0.0
0.0
0.0
0.0
0.0
0.0
0.0
0.0
0.0
0.0
0.0
0.0
0.0
0.0
0.0
0.0
0.0
0.0
0.0
0.0
0.0
0.0
0.0
0.0
0.0
0.0
0.0
0.0
0.0
0.0
0.0
0.0
0.0
0.0
0.0
0.0
0.0
0.0
0.0
0.0
0.0
0.0
0.0
0.0
0.0
0.0
0.0
0.0
0.0
0.0
0.0
0.0
0.0
0.0
0.0
0.0
0.0
0.0
0.0
0.0
0.0
0.0
0.0
0.0
0.0
0.0
0.0
0.0
0.0
0.0
0.0
0.0
0.0
0.0
0.0
0.0
0.0
0.0
0.0
0.0
0.0
0.0
0.0
0.0
0.0
0.0
0.0
0.0
0.0
0.0
0.0
0.0
0.0
0.0
0.0
0.0
0.0
0.0
0.0
0.0
0.0
0.0
0.0
0.0
0.0
0.0
0.0
0.0
0.0
0.0
0.0
0.0
0.0
0.0
0.0
0.0
0.0
0.0
0.0
0.0
0.0
0.0
0.0
0.0
0.0
0.0
0.0
0.0
0.0
0.0
0.0
0.0
0.0
0.0
0.0
0.0
0.0
0.0
0.0
0.0
0.0
0.0
0.0
0.0
0.0
0.0
0.0
0.0
0.0
0.0
0.0
0.0
0.0
0.0
0.0
0.0
0.0
0.0
0.0
0.0
0.0
0.0
0.0
0.0
0.0
0.0
0.0
0.0
0.0
0.0
0.0
0.0
0.0
0.0
0.0
0.0
0.0
0.0
0.0
0.0
0.0
0.0
0.0
0.0
0.0
0.0
0.0
0.0
0.0
0.0
0.0
0.0
0.0
0.0
0.0
0.0
0.0
0.0
0.0
0.0
0.0
0.0
0.0
0.0
0.0
0.0
0.0
0.0
0.0
0.0
0.0
0.0
0.0
0.0
0.0
0.0
0.0
0.0
0.0
0.0
0.0
0.0
0.0
0.0
0.0
0.0
0.0
0.0
0.0
0.0
0.0
0.0
0.0
0.0
0.0
0.0
0.0
0.0
0.0
0.0
0.0
0.0
0.0
0.0
0.0
0.0
0.0
0.0
0.0
0.0
0.0
0.0
0.0
0.0
0.0
0.0
0.0
0.0
0.0
0.0
0.0
0.0
0.0
0.0
0.0
0.0
0.0
0.0
0.0
0.0
0.0
0.0
0.0
0.0
0.0
0.0
0.0
0.0
0.0
0.0
0.0
0.0
0.0
0.0
0.0
0.0
0.0
0.0
0.0
0.0
0.0
0.0
0.0
0.0
0.0
0.0
0.0
0.0
0.0
0.0
0.0
0.0
0.0
0.0
0.0
0.0
0.0
0.0
0.0
0.0
0.0
0.0
0.0
0.0
0.0
0.0
0.0
0.0
0.0
0.0
0.0
0.0
0.0
0.0
0.0
0.0
0.0
0.0
0.0
0.0
0.0
0.0
0.0
0.0
0.0
0.0
0.0
0.0
0.0
0.0
0.0
0.0
0.0
0.0
0.0
0.0
0.0
0.0
0.0
0.0
0.0
0.0
0.0
0.0
0.0
0.0
0.0
0.0
0.0
0.0
0.0
0.0
0.0
0.0
0.0
0.0
0.0
0.0
0.0
0.0
0.0
0.0
0.0
0.0
0.0
0.0
0.0
0.0
0.0
0.0
0.0
0.0
0.0
0.0
0.0
0.0
0.0
0.0
0.0
0.0
0.0
0.0
0.0
0.0
0.0
0.0
0.0
0.0
0.0
0.0
0.0
0.0
0.0
0.0
0.0
0.0
0.0
0.0
0.0
0.0
0.0
0.0
0.0
0.0
0.0
0.0
0.0
0.0
0.0
0.0
0.0
0.0
0.0
0.0
0.0
0.0
0.0
0.0
0.0
0.0
0.0
0.0
0.0
0.0
0.0
0.0
0.0
0.0
0.0
0.0
0.0
0.0
0.0
0.0
0.0
0.0
0.0
0.0
0.0
0.0
0.0
0.0
0.0
0.0
0.0
0.0
0.0
0.0
0.0
0.0
0.0
0.0
0.0
0.0
0.0
0.0
0.0
0.0
0.0
0.0
