0.09391955716523462
0.09391962175742184
0.09391967789392124
0.09391972815691293
0.09391977380839027
0.09391981557658456
0.09391985371565287
0.09391988942628536
0.09391992284213499
0.09391995435135092
0.09391998431790075
0.0939200127448864
0.09392003970447571
0.0939200656692389
0.09392009067905756
0.09392011480637033
0.0939201381046708
0.09392016054085578
0.09392018216899854
0.09392020323429076
0.09392022375998527
0.09392024374833736
0.09392026319822615
0.09392028212190243
0.09392030053865402
0.09392031846776007
0.09392033600442853
0.09392035316854415
0.09392036996777207
0.09392038641153728
0.09392040249136227
0.09392041821955324
0.09392043365332045
0.09392044877064666
0.09392046356451683
0.09392047805283552
0.09392049227845643
0.09392050621311492
0.09392051990602836
0.09392053337068669
0.09392054661003783
0.09392055962456222
0.09392057240738953
0.09392058493070805
0.09392059718470015
0.09392060922265044
0.09392062106335726
0.09392063271765407
0.09392064419086257
0.09392065548480143
0.09392066659164101
0.09392067750193982
0.09392068821709067
0.09392069875214745
0.09392070911496432
0.09392071931069307
0.09392072934327518
0.09392073920161287
0.09392074887063707
0.09392075838311453
0.09392076774361931
0.0939207769459513
0.09392078599004945
0.09392079488493943
0.09392080363439417
0.0939208122215145
0.09392082066599089
0.09392082896868792
0.09392083712931265
0.09392084514515396
0.09392085301403429
0.09392086073808385
0.0939208683063506
0.09392087573230738
0.0939208830267243
0.09392089019172077
0.09392089722825783
0.0939209041366794
0.0939209109167927
0.09392091756672437
0.09392092408009128
0.09392093045928462
0.09392093671107145
0.0939209428398813
0.09392094884761668
0.09392095473448522
0.09392096049988019
0.09392096613945858
0.09392097165092508
0.09392097703979303
0.09392098230588529
0.09392098744874827
0.09392099247227315
0.09392099738064703
0.09392100217208658
0.09392100684788993
0.09392101140737384
0.09392101585541436
0.09392102019150694
0.09392102441524178
0.09392102852566836
0.09392103252183998
0.0939210364037289
0.09392104017060043
0.09392104382093638
0.09392104735875267
0.09392105078508384
0.09392105410075666
0.09392105730544355
0.09392106039912608
0.09392106338292601
0.09392106625715439
0.09392106901930804
0.09392107167342428
0.09392107422078952
0.09392107666062674
0.09392107899266741
0.09392108121671823
0.09392108333224589
0.09392108533852606
0.09392108723471473
0.09392108902019469
0.0939210906986302
0.0939210922702534
0.09392109373592275
0.0939210950954729
0.09392109634833933
0.09392109749420349
0.09392109853283381
0.09392109946388286
0.09392110028741893
0.0939211010043611
0.09392110161482353
0.09392110211860374
0.09392110251592078
0.09392110280727078
0.09392110299295289
0.0939211030730074
0.09392110304747729
0.09392110291644871
0.09392110267993296
0.09392110233754809
0.0939211018889002
0.09392110133366323
0.09392110067157233
0.093921099902494
0.093921099026347
0.09392109804300192
0.09392109695347181
0.09392109575755478
0.09392109445485462
0.09392109304556467
0.09392109152921282
0.09392108990567395
0.0939210881752695
0.09392108633805553
0.09392108439393568
0.09392108234228706
0.09392108018504074
0.09392107792137103
0.09392107554922333
0.09392107306906818
0.09392107048163947
0.09392106778576557
0.09392106498006321
0.09392106206497566
0.09392105904054172
0.09392105590478758
0.09392105266175786
0.09392104931071643
0.09392104584984592
0.09392104228046506
0.09392103860073742
0.09392103481013223
0.09392103090856156
0.09392102689497087
0.0939210227701969
0.09392101853649586
0.0939210141926569
0.09392100973932051
0.09392100517240765
0.09392100049691739
0.09392099570885783
0.09392099080907526
0.09392098579735886
0.09392098067208869
0.09392097543315543
0.09392097007789584
0.09392096461268987
0.09392095903275234
0.09392095334135847
0.09392094753327236
0.09392094161012851
0.09392093557036953
0.09392092941668767
0.09392092314875124
0.09392091676438943
0.09392091026396421
0.09392090364509662
0.09392089690512513
0.0939208900510112
0.09392088307619517
0.09392087598415426
0.09392086877563248
0.0939208614443787
0.09392085399386046
0.09392084642342333
0.09392083873439055
0.09392083093112287
0.0939208230100796
0.09392081496883085
0.09392080680703423
0.0939207985270125
0.09392079012042093
0.09392078159524674
0.09392077294750922
0.09392076417295078
0.09392075527487696
0.09392074625398648
0.09392073710503179
0.09392072782787833
0.09392071842890254
0.09392070890169174
0.09392069925021886
0.09392068947126475
0.09392067957436331
0.09392066954885801
0.09392065939525861
0.09392064911415016
0.09392063870430917
0.09392062816227188
0.09392061749096182
0.09392060669391597
0.0939205957652709
0.09392058469985853
0.09392057350635867
0.09392056218597741
0.09392055073125753
0.09392053914298697
0.09392052742190166
0.09392051557041657
0.0939205035916713
0.09392049147601211
0.09392047922066364
0.09392046683128877
0.09392045431000122
0.09392044165301341
0.09392042885639212
0.09392041591586377
0.09392040284195155
0.09392038963358428
0.0939203762825311
0.09392036279671873
0.09392034916827727
0.09392033539772936
0.09392032148660506
0.0939203074361587
0.0939202932441078
0.09392027890467826
0.09392026441924144
0.09392024979467212
0.09392023502554973
0.09392022010773615
0.0939202050470768
0.09392018984369281
0.09392017448991043
0.09392015899145069
0.09392014334460692
0.09392012755112787
0.09392011161169884
0.0939200955263571
0.09392007929376969
0.0939200629003181
0.09392004634569054
0.0939200296474541
0.09392001280538015
0.09391999581325525
0.09391997866756728
0.09391996136917323
0.09391994392145057
0.09391992632033987
0.09391990854653966
0.09391989062123718
0.09391987253636885
0.09391985429182206
0.0939198358944647
0.09391981734304176
0.09391979863290384
0.0939197797621769
0.09391976072555003
0.0939197415179126
0.09391972214550315
0.09391970260634666
0.09391968291190013
0.09391966305251642
0.09391964302702094
0.09391962283588635
0.09391960247891852
0.09391958195805795
0.09391956126602702
0.09391954040151634
0.0939195193712137
0.09391949817949612
0.09391947682336586
0.0939194552896747
0.09391943357466674
0.09391941168979649
0.09391938963397943
0.09391936740800723
0.0939193450077709
0.09391932243389327
0.09391929968686721
0.09391927676730823
0.09391925366053883
0.09391923036598723
0.09391920689753802
0.09391918325676385
0.09391915943685221
0.09391913542318149
0.0939191112206206
0.09391908684036185
0.0939190622823283
0.09391903754124527
0.09391901261505194
0.0939189874991983
0.09391896218500996
0.09391893668381728
0.09391891099793931
0.09391888512377172
0.09391885906137598
0.09391883281238128
0.09391880637282506
0.09391877974057639
0.09391875291341882
0.0939187258900729
0.09391869866918323
0.09391867124763655
0.0939186436253169
0.09391861580594688
0.09391858779273436
0.09391855958512461
0.09391853117643834
0.09391850255940519
0.09391847373284577
0.09391844469384367
0.09391841545914537
0.09391838602887499
0.09391835639473167
0.0939183265521185
0.09391829650521734
0.09391826625188082
0.09391823578985063
0.09391820511636106
0.09391817422827757
0.09391814312763146
0.09391811182038028
0.09391808030308851
0.0939180485655292
0.09391801660699295
0.09391798443293119
0.09391795204541384
0.09391791943836458
0.09391788660366539
0.09391785354741486
0.09391782027484992
0.09391778678496823
0.09391775307420339
0.09391771913711311
0.09391768496934119
0.09391765056871543
0.09391761593199506
0.09391758106373105
0.09391754596942543
0.09391751065045378
0.09391747510442258
0.0939174393257309
0.09391740330778428
0.09391736704949175
0.09391733055288409
0.09391729381574765
0.0939172568416953
0.09391721963521614
0.09391718218977378
0.09391714449192838
0.09391710653753302
0.09391706834575897
0.09391702992586763
0.09391699126361672
0.09391695235451691
0.09391691320786126
0.09391687382336467
0.09391683420232023
0.09391679430324405
0.09391675415145964
0.09391671375179375
0.0939166731080786
0.09391663221256201
0.09391659105052821
0.09391654961571926
0.09391650791203644
0.09391646594734736
0.09391642373275376
0.09391638125801119
0.09391633850644882
0.09391629547780227
0.09391625217783092
0.09391620860913967
0.09391616477672614
0.09391612068561075
0.09391607633410687
0.09391603171507966
0.09391598682405848
0.09391594165790441
0.09391589619009383
0.09391585044415765
0.09391580443615699
0.09391575813869531
0.09391571156677353
0.09391566471686066
0.09391561758857415
0.09391557019715449
0.09391552248398889
0.0939154744703274
0.09391542616681386
0.09391537757867689
0.09391532870615502
0.0939152795485845
0.09391523011010088
0.09391518039679121
0.09391513037074382
0.09391508001211299
0.0939150293420289
0.09391497837142133
0.09391492710563423
0.0939148755489495
0.09391482370871482
0.09391477156938231
0.09391471907073214
0.09391466625561702
0.09391461313663986
0.09391455973829163
0.09391450602212864
0.09391445200607162
0.0939143977049835
0.0939143430268218
0.09391428803394
0.09391423271527227
0.09391417706326469
0.09391412109315415
0.09391406482294765
0.09391400826037039
0.09391395132603514
0.09391389404321221
0.09391383643431325
0.09391377849960714
0.09391372023608972
0.09391366166481771
0.09391360273402978
0.09391354344660613
0.09391348383377483
0.09391342387587935
0.09391336356423406
0.09391330291677549
0.09391324192774078
0.09391318056678528
0.09391311883746793
0.09391305675673206
0.09391299434173346
0.09391293160478609
0.0939128684941436
0.09391280499648963
0.09391274113156235
0.09391267692324534
0.09391261238001322
0.09391254746171644
0.09391248223861359
0.0939124165915674
0.093912350538714
0.09391228410917885
0.0939122173136454
0.09391215016022184
0.0939120826542988
0.09391201473562533
0.09391194645811425
0.09391187778879653
0.09391180872090767
0.09391173931450733
0.0939116694812592
0.09391159924558261
0.09391152864605501
0.0939114576872434
0.09391138635451297
0.09391131461297642
0.09391124242175461
0.09391116979345525
0.09391109676522798
0.09391102335808445
0.09391094959044512
0.09391087539209475
0.0939108007102207
0.09391072564248829
0.09391065019637028
0.09391057438533915
0.09391049818255955
0.09391042148281147
0.09391034431577001
0.09391026670389117
0.0939101887074807
0.09391011034008778
0.09391003148527106
0.09390995227133035
0.09390987256750173
0.09390979242900802
0.09390971193536575
0.09390963093380851
0.09390954948285757
0.09390946763496492
0.0939093853582681
0.09390930265488774
0.09390921938978943
0.09390913565500185
0.0939090514906185
0.09390896694302582
0.09390888196349821
0.09390879645776236
0.0939087104843947
0.09390862405725241
0.09390853720204106
0.09390844986481453
0.09390836200472087
0.09390827364907456
0.09390818485765867
0.09390809568701991
0.09390800602933368
0.09390791583735976
0.0939078251221503
0.09390773391224279
0.09390764225369855
0.09390755010071009
0.09390745744737379
0.09390736430750973
0.09390727066390867
0.09390717649923194
0.09390708174456451
0.09390698650620029
0.0939068908301584
0.09390679468830289
0.09390669797721539
0.09390660068654959
0.09390650296154923
0.0939064048192366
0.09390630618130066
0.09390620680083632
0.09390610691853196
0.09390600652219475
0.09390590569445938
0.0939058043476335
0.0939057023643445
0.09390559989639476
0.09390549690861524
0.09390539339227855
0.09390528923370102
0.09390518451159312
0.09390507928128168
0.09390497369017049
0.0939048673850543
0.09390476049119949
0.0939046530086424
0.09390454502704283
0.09390443644007539
0.09390432730849586
0.09390421764187439
0.0939041073926522
0.09390399652065522
0.09390388499475374
0.09390377296175939
0.09390366041183906
0.09390354722938195
0.09390343333899806
0.09390331886140982
0.09390320388169547
0.09390308841846182
0.09390297226754828
0.09390285545578951
0.09390273806040264
0.09390262011645134
0.09390250145763945
0.0939023820666179
0.09390226208016152
0.09390214158284337
0.09390202049615667
0.09390189873210444
0.09390177635860641
0.09390165342296306
0.09390152978463462
0.09390140540482839
0.09390128041324715
0.09390115488074006
0.09390102879902547
0.09390090197313634
0.09390077441462856
0.09390064617875894
0.09390051734542547
0.09390038782399893
0.09390025774216257
0.09390012686989697
0.09389999530508572
0.09389986292401029
0.09389973003982192
0.09389959663465594
0.0938994623993727
0.09389932726575648
0.09389919157184994
0.0938990553776669
0.0938989184078858
0.09389878056789176
0.09389864205723543
0.09389850296070582
0.09389836320068487
0.09389822251082597
0.09389808113404818
0.09389793918801792
0.0938977965207458
0.09389765298851135
0.09389750873477319
0.09389736389912431
0.09389721819053025
0.09389707165119641
0.0938969243776757
0.0938967765649399
0.09389662785446536
0.09389647841793447
0.09389632823256407
0.09389617734261946
0.09389602545152552
0.0938958727805161
0.09389571943157851
0.09389556549991954
0.0938954107599591
0.09389525515536679
0.0938950986969329
0.09389494138067968
0.09389478334179588
0.0938946245638827
0.09389446498443398
0.09389430434448648
0.09389414300520306
0.09389398106358189
0.09389381833967661
0.09389365450862838
0.09389348984466844
0.09389332455535201
0.09389315837951821
0.09389299116132535
0.09389282317064657
0.09389265462709802
0.09389248507381048
0.0938923145681189
0.09389214329503905
0.09389197125490713
0.09389179818087787
0.09389162415571943
0.09389144934983266
0.09389127374220856
0.09389109711296627
0.09389091961644858
0.09389074138288932
0.09389056224684554
0.09389038212028136
0.09389020115259902
0.09389001925893452
0.0938898364322298
0.09388965259950138
0.09388946789667288
0.09388928223088253
0.09388909566792018
0.09388890825108265
0.09388871991432984
0.09388853055911166
0.09388834021888547
0.09388814906269935
0.09388795699096325
0.09388776385197305
0.09388756962004312
0.09388737437529705
0.09388717817709519
0.09388698128068697
0.09388678363632846
0.09388658459787141
0.09388638424943758
0.09388618329271685
0.09388598158853416
0.09388577856463483
0.09388557434940342
0.09388536945393472
0.09388516356477823
0.09388495622653509
0.09388474801096881
0.09388453909993819
0.09388432914471916
0.0938841177817327
0.09388390551681387
0.09388369231177233
0.09388347781969951
0.09388326231031145
0.09388304593807482
0.09388282872057156
0.09388261050145419
0.0938823913057303
0.09388217044656727
0.09388194808498672
0.09388172469744827
0.093881500321269
0.09388127481646283
0.09388104806877579
0.09388082029013975
0.09388059146628375
0.09388036135354372
0.09388013016888949
0.09387989797248318
0.09387966450154514
0.0938794298276732
0.09387919403737728
0.0938789571297093
0.09387871895144817
0.09387847981085738
0.09387823959737113
0.09387799786388824
0.09387775503534178
0.09387751101657076
0.09387726580317204
0.0938770193778897
0.09387677186652826
0.09387652315958205
0.09387627309367094
0.09387602205651713
0.09387576957644157
0.0938755153693638
0.0938752604740336
0.09387500469370695
0.0938747472622337
0.09387448816344436
0.0938742283128302
0.09387396744622423
0.09387370467328637
0.09387344069306468
0.09387317591640257
0.0938729094900719
0.09387264174404976
0.09387237282502318
0.09387210252493296
0.0938718306693144
0.09387155782220591
0.09387128401414056
0.09387100838498784
0.093870731281488
0.09387045313387557
0.09387017337583466
0.09386989242970888
0.09386961022538982
0.09386932655605378
0.09386904133481526
0.09386875490284229
0.09386846731942863
0.0938681777504971
0.0938678864464312
0.0938675939617813
0.0938672997262342
0.09386700434808712
0.09386670756962055
0.09386640908096648
0.09386610911413401
0.09386580795437864
0.09386550539890724
0.09386520125829043
0.09386489569593759
0.09386458869248039
0.09386427996414577
0.09386396998729629
0.09386365865165598
0.09386334538095195
0.09386303075527462
0.09386271479097445
0.09386239707481764
0.09386207806297057
0.09386175760070213
0.0938614353009277
0.09386111147646096
0.09386078632720758
0.09386045954224925
0.09386013097110733
0.09385980121791794
0.09385946977395078
0.0938591360799389
0.09385880299387958
0.09385846871508026
0.09385813135905559
0.09385779291597425
0.09385745336927104
0.09385711027674963
0.09385676486618219
0.09385641858792688
0.09385607085509154
0.09385572045219993
0.09385536874777128
0.09385501608913951
0.09385466124498296
0.09385430427695558
0.0938539461141243
0.09385358613585056
0.0938532246092014
0.0938528614964058
0.09385249599375053
0.09385212891054355
0.09385176055526864
0.0938513902169097
0.09385101788308647
0.09385064397387846
0.0938502683630239
0.09384989080560409
0.09384951154176276
0.09384913068833124
0.09384874779334199
0.0938483629916058
0.09384797654483583
0.09384758794127508
0.09384719799707489
0.09384680646007797
0.09384641228985821
0.09384601646450112
0.09384561910007508
0.09384521958344291
0.09384481839089108
0.09384441508561837
0.09384400966086025
0.09384360259393418
0.09384319391615055
0.09384278299898575
0.093842369916556
0.0938419552402033
0.09384153852930231
0.09384111979343161
0.09384069921890409
0.09384027660341346
0.09383985195780031
0.09383942542358632
0.09383899671221933
0.09383856583926517
0.09383813342023327
0.09383769888159356
0.09383726181195826
0.09383682323687575
0.09383638254885525
0.09383593923712434
0.09383549456551919
0.09383504773742865
0.09383459799581885
0.09383414722418883
0.09383369427267735
0.09383323793005376
0.09383278029598505
0.09383232109370666
0.09383185896654055
0.09383139550996988
0.09383093048305494
0.09383046273816864
0.09382999261329927
0.09382952127487368
0.0938290471757146
0.09382857006693547
0.09382809197566093
0.09382761166115627
0.09382712790912566
0.09382664245215169
0.09382615528810825
0.09382566533194182
0.09382517315704827
0.09382467906703883
0.09382418229426381
0.09382368321200155
0.09382318199497196
0.09382267817318177
0.09382217237604193
0.09382166431559295
0.09382115352980137
0.09382064082923254
0.09382012560108034
0.09381960738020473
0.09381908730309503
0.09381856487149458
0.09381803955973078
0.09381751232165854
0.09381698263503974
0.09381645013296733
0.09381591560882102
0.09381537835084804
0.09381483855396383
0.09381429696224344
0.09381375217630065
0.0938132045319316
0.09381265505557981
0.09381210298136008
0.09381154803587145
0.09381099067555027
0.09381043088737703
0.09380986831216197
0.09380930329540432
0.09380873573867153
0.09380816533445747
0.09380759262451298
0.09380701726944303
0.09380643896805024
0.09380585830834205
0.09380527492204394
0.0938046886863948
0.09380410017135023
0.09380350879951672
0.09380291371495224
0.09380231373689153
0.09380171110945945
0.09380110559070534
0.09380049736241756
0.0937998862227344
0.0937992721568182
0.09379865555834961
0.0937980360719488
0.09379741348656898
0.09379678865452441
0.0937961608730082
0.09379552954137046
0.09379489602672711
0.09379425978995891
0.09379361993107423
0.09379297776928666
0.09379233278687753
0.09379168393517885
0.09379103290626092
0.09379037919149624
0.09378972128117502
0.09378906153570708
0.09378839922235371
0.09378773211611889
0.0937870633993477
0.09378639232502112
0.09378571592714349
0.0937850375956443
0.09378435725503444
0.09378367192152025
0.09378298408497208
0.09378229461100696
0.09378160050405593
0.09378090312511089
0.093780203990283
0.09377950051067539
0.09377879359273703
0.0937780848877378
0.0937773720375713
0.09377665559379399
0.09377593743214521
0.09377521514305666
0.09377448880982199
0.09377376032759387
0.09377302804939003
0.09377229201130231
0.09377155319589713
0.09377081056261467
0.09377006500611666
0.0937693163041217
0.09376856319736966
0.09376780756358502
0.0937670491090377
0.09376628594693623
0.09376551982924905
0.09376475113040679
0.09376397772862972
0.0937632009828759
0.09376242155086063
0.09376163778097031
0.09376085083340996
0.09376006076664146
0.0937592664873847
0.09375846928521035
0.09375766872023597
0.09375686382897692
0.09375605567437645
0.09375524365464583
0.09375442800270266
0.09375360949900452
0.0937527865179797
0.09375196005522964
0.09375113085384544
0.09375029656606149
0.09374945860572692
0.09374861783826097
0.09374777254774637
0.09374692353386162
0.09374607144756189
0.09374521503224856
0.09374435488432653
0.09374349127950062
0.0937426233062132
0.09374175275535404
0.09374087845502552
0.09373999913840363
0.09373911729074977
0.09373823126426374
0.0937373399321327
0.09373644600933496
0.09373554808791656
0.09373464511664205
0.09373373919427536
0.093732829147074
0.09373191416204973
0.09373099628886242
0.0937300739014923
0.09372914685508404
0.09372821699956264
0.09372728213010534
0.09372634257956809
0.09372540010497721
0.0937244524670874
0.09372350048525488
0.09372254577194457
0.09372158575345314
0.09372062149542122
0.09371965421231067
0.0937186811042487
0.09371770382318322
0.09371672342465948
0.09371573708792816
0.09371474679469892
0.09371375368622727
0.0937127545726812
0.09371175100053385
0.09371074481456187
0.0937097327365855
0.09370871585674821
0.09370769601674789
0.09370667006583366
0.09370563980753908
0.09370460696315429
0.0937035673808995
0.09370252366159641
0.093701477545316
0.09370042372808429
0.09369936570603923
0.09369830585717245
0.09369723843159002
0.0936961663999681
0.09369509236275071
0.09369401109403867
0.09369292509087454
0.09369183639309862
0.09369074116009171
0.09368964158124396
0.09368853776247467
0.0936874279099083
0.09368631385977892
0.0936851952709072
0.09368407085272656
0.09368294223949603
0.09368180851197938
0.09368066950453816
0.09367952628841154
0.09367837755285305
0.09367722408582027
0.09367606586840571
0.09367490149774897
0.09367373291081905
0.09367255969835332
0.09367138018610376
0.09367019638677301
0.09366900784032521
0.09366781272603814
0.09366661301527272
0.09366540878937742
0.0936641983870261
0.09366298610258961
0.09366177146973223
0.09366055089183117
0.09365932455253698
0.09365809430258211
0.09365685796800491
0.09365561557094218
0.09365436921219794
0.09365311706793467
0.09365185863353065
0.09365059540406483
0.09364932681229397
0.09364805237271347
0.09364677160211408
0.0936454867050906
0.09364419703018684
0.09364289887176827
0.09364159684063574
0.09364029022538205
0.09363897541940995
0.0936376564233996
0.09363633270645365
0.09363500119458797
0.09363366521382406
0.09363232399923017
0.09363097507041356
0.0936296213548244
0.0936282620725679
0.09362689572321294
0.09362552471601546
0.09362414808617137
0.09362276454738756
0.09362137576737814
0.09361998087883071
0.09361857925662978
0.09361717211751644
0.09361575849358997
0.0936143391334349
0.09361291421459245
0.0936114820994162
0.09361004480726172
0.09360860170642561
0.09360715062289174
0.09360569505699257
0.09360423345560455
0.09360276307571383
0.0936012888749526
0.09359980811366374
0.09359831818384165
0.09359682510422798
0.09359532507617942
0.09359381650367869
0.09359230437711484
0.09359078465835187
0.09358925680658808
0.09358772055369942
0.09358617590462077
0.09358462402169329
0.09358306782989743
0.09358150315959884
0.09357993165658217
0.09357835532493901
0.09357677057775066
0.09357518241878546
0.09357358844367651
0.09357198523254359
0.09357037676272585
0.09356876232810724
0.09356713843070281
0.0935655097263897
0.09356387448037454
0.09356222985921603
0.09356058095631098
0.09355892179846138
0.0935572530808884
0.09355558142075232
0.09355389988034443
0.09355220931607076
0.09355051442071481
0.09354880974984231
0.09354709633817211
0.09354538045456949
0.09354365337632371
0.0935419178018186
0.09354017983757676
0.09353843061690074
0.09353667328270793
0.0935349131669658
0.09353314128676664
0.09353136285975376
0.09352958300742512
0.09352779143066577
0.09352599205288227
0.09352418931370927
0.09352237448287726
0.09352055255296393
0.0935187271831909
0.0935168891773245
0.0935150442107733
0.09351319524451773
0.09351133390347927
0.09350946652240802
0.09350759335155107
0.09350570842915948
0.09350381779472555
0.09350191880728514
0.09350001012108033
0.09349809560866916
0.09349617238340135
0.093494240160421
0.09349230177648578
0.0934903546777379
0.09348839843105954
0.09348643502141452
0.0934844619160016
0.09348248075792433
0.09348049235975103
0.09347849417650358
0.09347648012912396
0.09347445739737319
0.09347242440210383
0.09347038414665224
0.09346833450398576
0.09346627571017581
0.09346421048573612
0.09346213346105442
0.09346004795022998
0.09345795695989202
0.09345585393881917
0.09345374274856803
0.09345162598940962
0.0934494958954002
0.09344735854410353
0.09344521468531566
0.09344305806014913
0.09344089329963137
0.0934387219688102
0.09343653935254818
0.09343434789268924
0.09343214874151803
0.0934299387860721
0.09342771960071923
0.09342549245372651
0.09342325535034353
0.09342100882797108
0.09341875353506365
0.09341648833316125
0.09341421374616612
0.09341193119920395
0.09340963928542537
0.09340733846208496
0.09340502679953175
0.09340270725917803
0.09340037881008185
0.09339803816191251
0.09339569134444312
0.09339333326047493
0.09339096150862382
0.09338858464429856
0.09338619689296726
0.0933837962461671
0.09338138949486165
0.09337897238372628
0.0933765432663644
0.0933741060250493
0.0933716578812815
0.09336919889924122
0.0933667311118121
0.0933642523781924
0.09336176392487887
0.09335926489978238
0.09335675413163286
0.09335423453434277
0.09335170380064065
0.09334916263555595
0.09334661342663096
0.09334405120250196
0.09334147865977249
0.0933389040146309
0.09333631998110752
0.09333372678358882
0.09333112809813847
0.09332851042129021
0.09332588596262445
0.09332325540927312
0.09332060486650112
0.09331794828087206
0.09331528438486895
0.09331260035087859
0.09330991109776503
0.09330721459833771
0.0933044983153872
0.09330177610119522
0.09329904508960418
0.093296295129004
0.09329354027419234
0.09329077479071553
0.09328799170147395
0.09328520412918
0.09328240347702188
0.09327958722040341
0.09327676664847907
0.09327393042561992
0.0932710803794995
0.09326822495203492
0.09326534492681328
0.09326245168108827
0.09325955488949679
0.09325663552156528
0.09325370857820922
0.0932507770170159
0.0932478195246064
0.09324485752212087
0.09324188962410003
0.09323889628607374
0.09323589876754787
0.09323289793284385
0.09322987353402046
0.09322684428946736
0.09322380604986612
0.09322074079607497
0.09321765969159322
0.09321457240006222
0.09321147227763724
0.09320836588775476
0.09320524757413672
0.09320211037883327
0.09319896634781738
0.09319580891480651
0.09319263510698385
0.09318945394169394
0.09318625710076114
0.09318304509190528
0.09317982484495278
0.09317658760903356
0.09317333856009363
0.09317007973124015
0.09316680128700287
0.09316351342607841
0.0931602139795553
0.09315689390399402
0.09315356410293428
0.09315022412784199
0.09314686469478631
0.09314349571049294
0.09314011519975639
0.09313671518375041
0.09313330521830245
0.09312986833607378
0.09312641209196469
0.09312294491166086
0.09311946554082483
0.09311596859719655
0.09311245978086956
0.09310893878339853
0.09310540094882447
0.09310184996888281
0.09309828643697535
0.09309470577456445
0.09309110995899054
0.0930875030526552
0.09308388143214869
0.09308024166257128
0.09307658968972839
0.09307292757218998
0.09306924390329244
0.09306555073789816
0.09306184845805651
0.09305812260030982
0.0930543850091957
0.09305063746278995
0.09304686642225378
0.09304308366799693
0.09303929230773894
0.0930354764442976
0.09303164720736545
0.09302781149349183
0.09302395012723261
0.09302007522984192
0.0930161925843384
0.09301228496085118
0.09300836930031912
0.09300445655091497
0.09300052081763448
0.09299657237927314
0.09299261135412981
0.09298862783099324
0.09298463259858913
0.09298062510516795
0.09297659559007217
0.09297255415469607
0.09296849796232204
0.09296441937899219
0.09296032939089172
0.09295622260842477
0.09295209695327085
0.09294796108984743
0.09294380448476046
0.09293962631450661
0.092935427479824
0.09293120967460741
0.09292697469265498
0.09292272417368676
0.09291845556725412
0.09291417064337851
0.0929098687139923
0.09290554748707767
0.09290121253343293
0.09289686131770784
0.09289249410651683
0.09288811817209755
0.09288372592944664
0.09287929212287767
0.09287485213154058
0.09287040066653676
0.09286592707599466
0.09286144031637242
0.09285693573904058
0.09285241002133424
0.0928478677155075
0.09284330793923562
0.09283872892624019
0.09283413179762809
0.09282951792618628
0.09282488571076403
0.09282023283359443
0.09281556482533147
0.09281087985333732
0.09280617319865646
0.09280145136237865
0.09279671221400086
0.09279194736358184
0.0927871691720766
0.09278236533199839
0.09277752171591067
0.09277266781882909
0.09276779525749594
0.09276289492423814
0.09275798417161525
0.09275305270566508
0.09274809456681146
0.09274312898590095
0.0927381411052525
0.09273312629584979
0.09272810279343154
0.09272305624760645
0.0927179849053782
0.09271290676916849
0.09270780237050275
0.09270267461454107
0.09269753875409344
0.09269237264049535
0.09268718549396099
0.09268199034299585
0.09267677343150418
0.09267154816143823
0.09266631458971956
0.09266105092508824
0.09265576429855642
0.09265047079028782
0.09264514679108395
0.09263980018601253
0.09263444431469416
0.09262905733777668
0.09262364863703304
0.0926182302059726
0.09261276667523408
0.0926072785327991
0.09260178193870312
0.09259625050956653
0.09259070092818684
0.0925851415910916
0.09257954276247037
0.09257393728435494
0.09256832115935161
0.0925626624151284
0.09255699524633665
0.09255131490985911
0.09254557284103013
0.09253981835819002
0.09253405967173388
0.09252826297635088
0.092522458376419
0.09251663468648136
0.09251077099031477
0.09250489891820214
0.09249900694338756
0.09249307622837175
0.09248713535363323
0.09248117422269728
0.09247517755389309
0.0924691706361311
0.0924631414413396
0.09245707657610025
0.09245099845542708
0.09244489570029403
0.09243876064553802
0.09243260289381201
0.09242640297267693
0.09242016931777147
0.09241392413794508
0.09240765203302745
0.09240134823537549
0.09239503250326211
0.09238868569770516
0.09238230893384186
0.09237592809012281
0.09236951325760542
0.092363067932431
0.09235661564304284
0.09235012775679846
0.09234363647400892
0.09233714023606167
0.0923306051602407
0.09232403885921873
0.09231746816148832
0.0923108592047511
0.09230421968842724
0.0922975719116809
0.0922908744069207
0.09228413901740642
0.09227739066096041
0.09227060968420717
0.09226379821768944
0.09225698291432578
0.09225013913084258
0.0922432589803355
0.09223636137574229
0.09222943720672787
0.09222247402617782
0.0922154865329603
0.09220844957388004
0.09220138262124297
0.09219430886035469
0.09218721419671438
0.09218009583844189
0.09217294768188633
0.09216577338150171
0.09215857948132922
0.09215134377097045
0.09214408147550092
0.09213681575005006
0.09212949166728485
0.09212214297735005
0.09211479553072892
0.09210739125285794
0.09209996065405952
0.0920925263977153
0.09208502489870805
0.09207747548094813
0.09206991946635787
0.09206231465724705
0.0920546823840197
0.09204703739639422
0.09203934774708664
0.09203164003029723
0.09202391451628779
0.09201617736621409
0.09200841651987397
0.09200063274655759
0.09199280755149929
0.09198496116086528
0.0919770883894172
0.09196915732798688
0.09196119678395236
0.09195320821253854
0.09194519468301639
0.09193715661100842
0.09192908686424416
0.09192097925219697
0.09191284971504586
0.09190469014233058
0.09189649232578818
0.09188826808957257
0.09187997711415807
0.09187164599787655
0.09186331001269069
0.09185494122106846
0.09184654553324252
0.09183812926220608
0.09182967664428651
0.09182119106060453
0.09181268105367234
0.09180413267507347
0.0917955496474461
0.09178694134768133
0.09177829350470311
0.09176961375815411
0.09176091436103866
0.09175216842932143
0.09174338803929279
0.09173455823015247
0.09172567212159034
0.09171675126724395
0.09170781905110352
0.09169884117329043
0.09168986946806976
0.09168088364660293
0.09167184313168612
0.09166277118067938
0.09165367284413133
0.09164450553758739
0.09163531461443915
0.09162610522907359
0.09161684267711881
0.09160755086024835
0.09159823603532223
0.09158886766885188
0.09157947657601385
0.09157006103492356
0.09156059017718915
0.0915510557435927
0.09154148074463496
0.09153186921259782
0.0915222510434838
0.09151258668064034
0.09150288827056224
0.09149317306983556
0.09148341832789515
0.09147361450877499
0.0914637877748375
0.09145392285710881
0.09144400641498648
0.09143406886682642
0.09142409364640675
0.0914140695614521
0.09140402567719672
0.09139392123858128
0.09138374039705582
0.09137356060451035
0.09136336178067529
0.09135312208046943
0.09134284730376592
0.09133252276392013
0.09132214866248446
0.0913117435120595
0.09130131027554006
0.09129081630483371
0.09128029690189099
0.09126974868966374
0.09125914258348587
0.09124850914163798
0.09123783864384255
0.09122708485382372
0.091216280389403
0.0912054414767525
0.09119458248240918
0.09118367637487457
0.09117273645416431
0.09116175858143333
0.09115074590257115
0.09113971114461487
0.0911286194995498
0.0911174849643896
0.09110632713449221
0.09109510646062216
0.09108384499563012
0.09107256568514026
0.09106121811743322
0.09104984895616253
0.09103844628384183
0.09102696909029516
0.09101544156116845
0.09100390204187944
0.0909922819252078
0.09098062018698955
0.09096895466768806
0.09095721378177359
0.09094542456264969
0.09093363684745552
0.09092176843859384
0.09090984141853524
0.09089787126096946
0.09088581564398387
0.09087370182050677
0.09086162427785299
0.09084948070607676
0.09083725677429796
0.09082502993800112
0.09081276689192913
0.09080042843620366
0.0907880810308245
0.09077569138835974
0.09076321667726818
0.09075071310425187
0.09073818878340563
0.09072564503189953
0.09071305416380518
0.0907003678601955
0.09068759282479853
0.09067479747895615
0.09066199811186165
0.090649093625688
0.09063615040375583
0.09062321238956099
0.09061016551884189
0.09059707299543479
0.09058397995186315
0.09057073751176471
0.09055743768839182
0.09054415483585494
0.09053082674710498
0.09051741335928831
0.09050397601464474
0.09049048490551435
0.09047695273386518
0.09046338304830248
0.09044976759709222
0.0904360793198021
0.09042237925453847
0.09040869199385354
0.09039490498681672
0.09038107069905965
0.0903671610781247
0.09035316004691177
0.09033912449713416
0.0903250432032248
0.09031090094937343
0.09029670781778672
0.09028246541512458
0.09026817106872914
0.09025377695992737
0.09023930611951614
0.09022477747460561
0.09021026264738007
0.09019569180814266
0.0901810323210698
0.09016633657949885
0.09015158628799336
0.09013677823243235
0.09012196631886735
0.09010712463704094
0.09009221527279003
0.09007726052302203
0.09006225950043019
0.09004718751115236
0.09003204961211755
0.09001681857875159
0.09000153145974676
0.08998618560950424
0.08997079923575146
0.08995535100637678
0.08993980436076633
0.08992417952995307
0.08990848369079436
0.08989273093082426
0.08987698719410682
0.08986115393965734
0.08984525026054807
0.08982933016694569
0.08981335008645382
0.08979732496217305
0.08978128398265466
0.08976518186471595
0.08974901438106685
0.08973279019577249
0.08971652156648491
0.08970017766187252
0.08968371236728057
0.0896672066851876
0.08965062307995189
0.08963398570075895
0.08961725604903313
0.08960040179861362
0.08958349054504439
0.08956657377005924
0.08954960451306986
0.08953257940067211
0.08951550983971289
0.08949834493092985
0.08948112809514984
0.08946392644962532
0.08944664656832432
0.08942931301764466
0.08941192617352527
0.08939446459794183
0.08937693527247995
0.08935934647729615
0.08934164314631418
0.08932385620664632
0.08930599571720294
0.08928801039112368
0.0892699190295311
0.08925179005753195
0.08923372161687274
0.08921555299013896
0.08919729592695957
0.08917894072856652
0.08916056965526793
0.08914217074300615
0.08912371898457318
0.0891052194708973
0.08908663543269209
0.08906798138680597
0.0890492659312363
0.08903047598801826
0.08901156958995603
0.08899256786568517
0.08897341551425353
0.08895420901816635
0.08893494434285927
0.08891567926207013
0.08889637102456413
0.08887690224529571
0.08885737872600502
0.0888378596797748
0.08881828327952543
0.08879864648011884
0.0887789568317821
0.08875918973274255
0.08873932730438382
0.08871941623692035
0.08869945357094118
0.08867934120285777
0.08865903025162439
0.0886387065925381
0.08861828596677677
0.08859785400055198
0.08857734593464883
0.08855671808123967
0.08853608727734244
0.08851540330975606
0.0884946376369058
0.0884738010299864
0.08845292374723614
0.08843198533406049
0.0884109368786138
0.08838982994872957
0.08836868341226779
0.08834731347305194
0.08832583578407283
0.08830431776340888
0.08828268698737371
0.08826096482841071
0.0882392713814841
0.08821752327337178
0.08819561535410916
0.08817369843567294
0.08815176569073327
0.08812964279556154
0.08810750762611887
0.08808535322759506
0.08806310349521841
0.0880407008311527
0.08801821728844703
0.08799557461421544
0.08797271251976825
0.0879499108726883
0.08792714859277355
0.08790419360638967
0.0878811972672331
0.08785818276452771
0.08783500118035113
0.08781177233090626
0.08778856044730483
0.08776528017515667
0.08774185757924578
0.0877182941333115
0.08769469197722383
0.08767072804811087
0.08764674596648593
0.08762287792356382
0.08759888355317445
0.08757476954969731
0.08755062604864444
0.08752637384413911
0.08750202622583039
0.08747771731290825
0.087453331768528
0.08742879535653232
0.08740409764698807
0.08737928210560356
0.08735423641671156
0.08732914353728882
0.08730415218767852
0.08727904892042106
0.08725378535192287
0.08722849712475708
0.08720316462302964
0.08717768374914944
0.08715221223094304
0.08712668415188808
0.08710088953152206
0.0870748558124595
0.08704882100453112
0.08702272598142981
0.08699658210394191
0.08697039486327475
0.08694409670773758
0.08691770161712796
0.08689124286954293
0.08686470427889822
0.08683808548783387
0.08681137824731218
0.08678436567398716
0.0867572291052935
0.08673002790487308
0.08670294882317944
0.08667569853289292
0.08664838136776211
0.08662099480850236
0.08659348709760586
0.08656585333494525
0.08653814282354401
0.08651036252985951
0.08648227183629396
0.08645405545530187
0.0864258176301012
0.08639760628264209
0.08636937738993376
0.08634105755899611
0.08631258814159275
0.08628394194294484
0.08625523255752542
0.08622649430129398
0.08619748163963308
0.0861682212039653
0.0861389629695392
0.0861096491608217
0.0860803356823838
0.08605110299229725
0.08602168972000382
0.08599208803745567
0.08596231114617513
0.08593251853188934
0.08590246975028343
0.0858722190729595
0.0858418467558106
0.08581148163333743
0.08578114386860658
0.08575082934853374
0.08572047171205854
0.0856898216005894
0.08565902832230088
0.08562811088404407
0.08559699509382268
0.08556565789685108
0.08553417644132409
0.08550284124950036
0.08547140717682497
0.08544002179610276
0.08540858229183541
0.08537692232048025
0.08534504023064866
0.08531291640790303
0.0852806820268816
0.08524816631750239
0.08521573156477406
0.08518331889350858
0.08515075680127784
0.08511829079626988
0.08508575284183091
0.08505299786661603
0.08501983355181918
0.08498659854993687
0.08495315467571683
0.08491959590392668
0.08488611133185865
0.08485257412395146
0.08481904062598208
0.08478542565494826
0.08475167218626171
0.08471755897232483
0.08468323491525175
0.08464873753968474
0.08461420696770022
0.0845796603881235
0.08454503222230916
0.08451042089286744
0.08447577024856838
0.08444088373968683
0.0844057269285376
0.08437038765849646
0.08433479812730074
0.08429926890953346
0.08426362816752198
0.08422789046818145
0.08419224629603625
0.0841563896054985
0.0841203778313385
0.08408417508214559
0.0840476825826732
0.08401116110592434
0.08397447466544315
0.08393769084135096
0.08390097836107273
0.08386406178303685
0.0838270797438133
0.08379000569166876
0.08375263571642896
0.08371502860963818
0.08367736801924731
0.0836396105966622
0.08360170063438095
0.08356371605661958
0.08352577072591875
0.08348773483878623
0.08344937789130465
0.08341080387329693
0.0833721417933638
0.08333329847121035
0.08329418250957928
0.08325527917180091
0.08321631726713616
0.08317715289411243
0.08313782144882721
0.08309829818533984
0.0830585316960443
0.08301844252800908
0.08297844292557303
0.08293851859442136
0.08289842042245357
0.08285821832129435
0.08281787229939766
0.08277727036711749
0.0827362144932843
0.0826951175653209
0.0826541833443018
0.08261315333619072
0.08257192417103273
0.08253066391181955
0.08248921864476624
0.08244732823457804
0.08240520553496772
0.08236318518903019
0.08232116841917998
0.08227892033281216
0.08223672193254893
0.0821943039831778
0.08215158891725732
0.08210844840442355
0.08206535712960254
0.08202230141625233
0.0819791284002586
0.08193590504110417
0.08189247158400767
0.08184879335481286
0.08180469948669226
0.08176050796835374
0.08171639152119485
0.08167234158831109
0.08162811851854644
0.08158356896765567
0.08153884351537441
0.08149373822238179
0.08144853198266494
0.08140339609616418
0.08135847371467425
0.08131306565116879
0.08126736953603614
0.08122159173852714
0.08117550410003833
0.08112929752830675
0.08108332063208143
0.08103722924176858
0.08099069063430532
0.08094387131977568
0.08089696943265452
0.08084987160500672
0.08080293411914205
0.08075589669275057
0.08070842231923336
0.08066068643069771
0.08061287201487993
0.08056491980948574
0.08051700546756906
0.08046899049928279
0.08042052209906948
0.08037197108510849
0.08032312780272932
0.08027415431288695
0.08022545448247016
0.08017654744751561
0.08012700807376767
0.08007737885986792
0.080027645282226
0.07997786600016635
0.07992823476354781
0.07987817394778982
0.0798277555199899
0.07977717221575371
0.07972642422683597
0.07967560092311049
0.07962506688242149
0.0795740480156763
0.0795224980466864
0.0794709350825752
0.07941934938750086
0.07936761919360756
0.07931591585879498
0.07926386389165606
0.07921139037071234
0.0791588849612438
0.07910617103751921
0.07905350548730863
0.07900089997352036
0.07894767703337131
0.07889418288086114
0.07884066634207422
0.07878693502659499
0.07873332917463735
0.0786795556668247
0.07862530577276003
0.07857082789581614
0.07851619002898162
0.07846154851982035
0.07840701556853248
0.07835204136058066
0.07829674520974572
0.07824119081754298
0.0781855272614685
0.07812994782583073
0.0780742926271696
0.07801827679069609
0.07796173461750935
0.07790504443577387
0.0778485297384593
0.0777920345415302
0.07773509182965607
0.07767774481779405
0.07762013899231228
0.07756268676562733
0.07750526393191397
0.0774474283496172
0.07738927501911069
0.07733071470117621
0.0772723445913287
0.07721397371729487
0.07715522298863679
0.07709604954952588
0.07703673241230627
0.07697740040973837
0.07691802522322437
0.07685829542917551
0.0767980604758434
0.07673810218597939
0.07667773708675027
0.07661736447161986
0.07655655380571964
0.07649556764393285
0.0764346684032512
0.076373335680627
0.07631193204697004
0.07624998629452012
0.07618823623647818
0.0761264168510078
0.0760641413171949
0.0760015395604382
0.07593862567311457
0.07587615310856581
0.07581331162250517
0.07574996835865784
0.07568617164395754
0.07562264965036015
0.0755591902156659
0.07549521547839595
0.07543054950451344
0.07536595915846384
0.07530173908775062
0.07523712881004449
0.07517179094029115
0.07510627819204943
0.07504104587056712
0.07497562197869387
0.07490987530693557
0.07484338173512312
0.07477711846839902
0.07471086916479361
0.07464439346471467
0.0745772967321904
0.07450995822459502
0.07444288415499509
0.07437552307663532
0.07430777143105682
0.0742395387650013
0.07417157919220416
0.07410339712873888
0.07403489789550033
0.07396577973834534
0.0738968950091092
0.0738279061769349
0.07375850378808359
0.07368852120023957
0.07361881006836615
0.07354895842851168
0.07347866458074152
0.0734078741464751
0.07333728164016444
0.07326656030609308
0.07319532114075472
0.07312372961227391
0.07305212355251546
0.07298061550175954
0.072908460370572
0.07283597014637348
0.07276353053465932
0.07269114578934713
0.07261805614868731
0.07254458745306067
0.07247138777675742
0.07239802661951984
0.07232403265443126
0.07224956897747925
0.07217569132134065
0.07210129313519853
0.0720263420474782
0.07195109910714637
0.0718762715097888
0.07180089191257209
0.07172502526318042
0.07164904380234989
0.07157302624827129
0.07149660333555444
0.07142009241199374
0.07134332601949914
0.07126606381183118
0.07118861889626453
0.07111124923469911
0.0710335814447706
0.07095535127806792
0.07087711541844892
0.07079873897554989
0.07071977532725637
0.07064080591565625
0.07056180891646173
0.07048216333418703
0.07040216400956263
0.07032241061243576
0.0702425492617895
0.07016155852826739
0.07008091276205507
0.0700001926189158
0.06991907421389558
0.0698373076414284
0.06975572454472004
0.06967405541547696
0.0695915930424921
0.06950921899710535
0.06942646200221216
0.06934350091143644
0.06926024314399137
0.06917697464346997
0.06909323414103866
0.06900920434467678
0.06892506656368048
0.06884059852475999
0.0687558218168654
0.06867078192622286
0.06858567796524853
0.06850015185437688
0.06841423880550584
0.06832844899916718
0.06824224228001002
0.06815536236403573
0.06806863798100035
0.06798164686584682
0.06789427443068757
0.06780645985855142
0.0677187069555311
0.06763075772384852
0.06754208104448559
0.06745336607879861
0.06736486964526833
0.06727525660007447
0.06718554054055521
0.06709651429691607
0.06700614193663733
0.06691528908337027
0.06682537360066992
0.06673455126318052
0.06664292411123149
0.06655185407246783
0.06646037836543571
0.06636782522453918
0.06627576600346101
0.0661838389058135
0.06609047826658032
0.06599721758446654
0.06590450762408831
0.06581044179181961
0.06571619804159434
0.06562276322210595
0.0655278876511024
0.06543244194478202
0.0653383258363194
0.06524271434906753
0.06514638802408208
0.06505149538840828
0.06495480260589263
0.06485750434893926
0.06476190403530734
0.06466428131488923
0.06456627112938815
0.06446981408555007
0.06437095822879907
0.06427239490213295
0.0641748684336153
0.06407499275064438
0.06397595985516957
0.06387717092883954
0.06377638567617128
0.0636767496380935
0.06357658799407047
0.0634751199308427
0.0633748867031267
0.0632734007973318
0.06317136184643415
0.06307000396890027
0.06296738424750421
0.06286483175473641
0.06276227489616977
0.06265864831151051
0.06255550373992472
0.06245194208685975
0.0623471664555999
0.06224307039652311
0.062138211723168066
0.06203321544910548
0.06192796556099249
0.06182198251524753
0.061716066528910055
0.06160925890547484
0.06150280721382276
0.061396243195532024
0.06128852206663998
0.06118073124368378
0.06107256238799109
0.060964461888918554
0.060856231137783455
0.06074665200606265
0.060637024972993996
0.06052758255152089
0.06041764618562004
0.06030752238293897
0.0601966100641801
0.06008518369820874
0.059974026856613544
0.05986248343177614
0.05975010319018466
0.05963795802149899
0.059524709184464085
0.05941172273490026
0.05929873571635048
0.059184222208100594
0.05907031394235026
0.058955481148644066
0.05884062220168952
0.05872601743014644
0.0586098073698001
0.05849382645658772
0.05837737548068239
0.05826042586761093
0.05814371708803336
0.058026105824266004
0.0579082361613511
0.0577903017988546
0.057671113606360305
0.057552492362811326
0.057432904272473634
0.05731321410777685
0.05719342478166481
0.057072494112180655
0.0569520369339757
0.056830326586991824
0.056708980948340815
0.056586799849302254
0.05646430355560358
0.05634141908952019
0.05621805636228822
0.056094673642656225
0.05597030976454772
0.05584637836273557
0.05572126835925437
0.05559604967789845
0.05546991444514704
0.05534392744311013
0.055217627781108995
0.0550907647524212
0.054963562177996736
0.05483561435666697
0.05470751236338144
0.05457853566190685
0.05444983081172944
0.05432001505043521
0.05419060405652747
0.054059694552743356
0.05392958358119207
0.05379782481531329
0.05366683446397858
0.053534190739198344
0.05340179734777385
0.053269076580240896
0.053135044246091334
0.053002333899981074
0.05286665602739254
0.05273333922625233
0.05259647722058356
0.052462390500961284
0.05232487599693154
0.0521894037180168
0.052051538102887394
0.051914384901492534
0.05177610351263232
0.0516374941911569
0.051498783372357346
0.05135890147498927
0.051219578220975566
0.051078477146903625
0.050938419624107306
0.05079592340756735
0.050655066316708595
0.05051167961437157
0.050369711351315655
0.05022559885031002
0.05008273800902669
0.04993750210762907
0.04979336652151143
0.04964708340161312
0.049501841145414206
0.04935476705649675
0.049208786237781785
0.04906070890352662
0.048913326312882074
0.04876419163147724
0.048615416889756805
0.04846552205976385
0.0483157025524297
0.04816492118391728
0.04801392959163795
0.04786214013481192
0.04770989580927216
0.047557068351128794
0.047403561079370736
0.04724976810792998
0.04709513952562623
0.046940371097556305
0.04678451885901775
0.04662884629134483
0.04647153023624518
0.04631460875949739
0.04615602686389764
0.04599790241686781
0.04583832895809434
0.0456792438898702
0.04551852659396115
0.04535790920950333
0.045196175983425686
0.045034084926609895
0.044871423457702495
0.04470778266869751
0.04454433219525496
0.044379133954202
0.04421457924857355
0.044048115184819644
0.04388172338737869
0.04371451931594846
0.04354629991676733
0.0433782354623315
0.04320858278284571
0.043039287227113254
0.042868390952646475
0.04269736325402985
0.04252542031592931
0.04235254948970922
0.04217958919475295
0.0420051779934485
0.04183098034547756
0.04165516172304117
0.04147927122543577
0.04130195675288848
0.04112420455701802
0.04094608238048954
0.040766770886176036
0.040587317260871086
0.040406147065956445
0.04022505818763219
0.04004233154598199
0.039859377943157526
0.03967555578512094
0.03949089613913138
0.039305860976496215
0.03911919205861282
0.03893227511863441
0.038744072054019335
0.03855522948631153
0.03836550627616772
0.03817497715903755
0.03798377200091718
0.037791419926136334
0.037597934886527115
0.03740373828304224
0.037208578470250823
0.037012594054256547
0.036815793275654214
0.03661799293328356
0.036419473697579086
0.036219055196082824
0.036018115370176
0.035816015463483696
0.03561281817485953
0.035409317782486543
0.035203990734428016
0.03499841479118727
0.034791355945481425
0.034582773653554076
0.034373573716913776
0.03416257247330899
0.033950787922293224
0.03373799618456323
0.03352389810434913
0.03330878500643177
0.03309240915144963
0.03287469168555721
0.03265585251726192
0.032435555557152246
0.032213830127718786
0.03199092269685302
0.03176669378591365
0.03154089507147276
0.03131383937311486
0.03108526347071331
0.030855395760036795
0.03062415701213376
0.03039129114165103
0.0301570112694404
0.029921027324607594
0.02968322150726381
0.02944384306459813
0.029202730471080598
0.028959954988031937
0.028715462343582777
0.02846929787447781
0.02822143284095702
0.027971650122331562
0.027719820327998503
0.02746585712511848
0.02720994953107745
0.02695197055344574
0.02669164266867393
0.026429317197774232
0.0261648050600612
0.025897874736909507
0.025628855272162604
0.025357334792714285
0.02508305763814114
0.02480656062711983
0.024527461144850854
0.024245536032669195
0.023961047282428927
0.02367355263066927
0.0233830427057108
0.023089668308526216
0.02279300151929153
0.022492923306041468
0.022189503121088312
0.021882350586711122
0.02157144526137467
0.02125670013566845
0.02093779486787289
0.02061468980596075
0.02028699315710471
0.019954537360623525
0.01961718128202767
0.019274581681091515
0.018926416163613995
0.018572508280127256
0.01821255409510979
0.017846129681816245
0.01747304713587802
0.01709307216835021
0.01670530732970943
0.01630942945726618
0.015905056284663995
0.015491358159479232
0.015067261089008577
0.014632131383136144
0.014184862397857377
0.013724130906901654
0.013248771520660473
0.012757206317510405
0.012247351594653016
0.011716290209872193
0.011161198957166983
0.010578481327638488
0.009963335833321676
0.009309285846379226
0.008607324898525476
0.00784476215556386
0.007002974745980396
0.006049296727588662
0.0049180645386573095
0.003437113708333386
0.0
0.0
0.0
0.0
0.0
0.0
0.0
0.0
0.0
0.0
0.0
0.0
0.0
0.0
0.0
0.0
0.0
0.0
0.0
0.0
0.0
0.0
0.0
0.0
0.0
0.0
0.0
0.0
0.0
0.0
0.0
0.0
0.0
0.0
0.0
0.0
0.0
0.0
0.0
0.0
0.0
0.0
0.0
0.0
0.0
0.0
0.0
0.0
0.0
0.0
0.0
0.0
0.0
0.0
0.0
0.0
0.0
0.0
0.0
0.0
0.0
0.0
0.0
0.0
0.0
0.0
0.0
0.0
0.0
0.0
0.0
0.0
0.0
0.0
0.0
0.0
0.0
0.0
0.0
0.0
0.0
0.0
0.0
0.0
0.0
0.0
0.0
0.0
0.0
0.0
0.0
0.0
0.0
0.0
0.0
0.0
0.0
0.0
0.0
0.0
0.0
0.0
0.0
0.0
0.0
0.0
0.0
0.0
0.0
0.0
0.0
0.0
0.0
0.0
0.0
0.0
0.0
0.0
0.0
0.0
0.0
0.0
0.0
0.0
0.0
0.0
0.0
0.0
0.0
0.0
0.0
0.0
0.0
0.0
0.0
0.0
0.0
0.0
0.0
0.0
0.0
0.0
0.0
0.0
0.0
0.0
0.0
0.0
0.0
0.0
0.0
0.0
0.0
0.0
0.0
0.0
0.0
0.0
0.0
0.0
0.0
0.0
0.0
0.0
0.0
0.0
0.0
0.0
0.0
0.0
0.0
0.0
0.0
0.0
0.0
0.0
0.0
0.0
0.0
0.0
0.0
0.0
0.0
0.0
0.0
0.0
0.0
0.0
0.0
0.0
0.0
0.0
0.0
0.0
0.0
0.0
0.0
0.0
0.0
0.0
0.0
0.0
0.0
0.0
0.0
0.0
0.0
0.0
0.0
0.0
0.0
0.0
0.0
0.0
0.0
0.0
0.0
0.0
0.0
0.0
0.0
0.0
0.0
0.0
0.0
0.0
0.0
0.0
0.0
0.0
0.0
0.0
0.0
0.0
0.0
0.0
0.0
0.0
0.0
0.0
0.0
0.0
0.0
0.0
0.0
0.0
0.0
0.0
0.0
0.0
0.0
0.0
0.0
0.0
0.0
0.0
0.0
0.0
0.0
0.0
0.0
0.0
0.0
0.0
0.0
0.0
0.0
0.0
0.0
0.0
0.0
0.0
0.0
0.0
0.0
0.0
0.0
0.0
0.0
0.0
0.0
0.0
0.0
0.0
0.0
0.0
0.0
0.0
0.0
0.0
0.0
0.0
0.0
0.0
0.0
0.0
0.0
0.0
0.0
0.0
0.0
0.0
0.0
0.0
0.0
0.0
0.0
0.0
0.0
0.0
0.0
0.0
0.0
0.0
0.0
0.0
0.0
0.0
0.0
0.0
0.0
0.0
0.0
0.0
0.0
0.0
0.0
0.0
0.0
0.0
0.0
0.0
0.0
0.0
0.0
0.0
0.0
0.0
0.0
0.0
0.0
0.0
0.0
0.0
0.0
0.0
0.0
0.0
0.0
0.0
0.0
0.0
0.0
0.0
0.0
0.0
0.0
0.0
0.0
0.0
0.0
0.0
0.0
0.0
0.0
0.0
0.0
0.0
0.0
0.0
0.0
0.0
0.0
0.0
0.0
0.0
0.0
0.0
0.0
0.0
0.0
0.0
0.0
0.0
0.0
0.0
0.0
0.0
0.0
0.0
0.0
0.0
0.0
0.0
0.0
0.0
0.0
0.0
0.0
0.0
0.0
0.0
0.0
0.0
0.0
0.0
0.0
0.0
0.0
0.0
0.0
0.0
0.0
0.0
0.0
0.0
0.0
0.0
0.0
0.0
0.0
0.0
0.0
0.0
0.0
0.0
0.0
0.0
0.0
0.0
0.0
0.0
0.0
0.0
0.0
0.0
0.0
0.0
0.0
0.0
0.0
0.0
0.0
0.0
0.0
0.0
0.0
0.0
0.0
0.0
0.0
0.0
0.0
0.0
0.0
0.0
0.0
0.0
0.0
0.0
0.0
0.0
0.0
0.0
0.0
0.0
0.0
0.0
0.0
0.0
0.0
0.0
0.0
0.0
0.0
0.0
0.0
0.0
0.0
0.0
0.0
0.0
0.0
0.0
0.0
0.0
0.0
0.0
0.0
0.0
0.0
0.0
0.0
0.0
0.0
0.0
0.0
0.0
0.0
0.0
0.0
0.0
0.0
0.0
0.0
0.0
0.0
0.0
0.0
0.0
0.0
0.0
0.0
0.0
0.0
0.0
0.0
0.0
0.0
0.0
0.0
0.0
0.0
0.0
0.0
0.0
0.0
0.0
0.0
0.0
0.0
0.0
0.0
0.0
0.0
0.0
0.0
0.0
0.0
0.0
0.0
0.0
0.0
0.0
0.0
0.0
0.0
0.0
0.0
0.0
0.0
0.0
0.0
0.0
0.0
0.0
0.0
0.0
0.0
0.0
0.0
0.0
0.0
0.0
0.0
0.0
0.0
0.0
0.0
0.0
0.0
0.0
0.0
0.0
0.0
0.0
0.0
0.0
0.0
0.0
0.0
0.0
0.0
0.0
0.0
0.0
0.0
0.0
0.0
0.0
0.0
0.0
0.0
0.0
0.0
0.0
0.0
0.0
0.0
0.0
0.0
0.0
0.0
0.0
0.0
0.0
0.0
0.0
0.0
0.0
0.0
0.0
0.0
0.0
0.0
0.0
0.0
0.0
0.0
0.0
0.0
0.0
0.0
0.0
0.0
0.0
0.0
0.0
0.0
0.0
0.0
0.0
0.0
0.0
0.0
0.0
0.0
0.0
0.0
0.0
0.0
0.0
0.0
0.0
0.0
0.0
0.0
0.0
0.0
0.0
0.0
0.0
0.0
0.0
0.0
0.0
0.0
0.0
0.0
0.0
0.0
0.0
0.0
0.0
0.0
0.0
0.0
0.0
0.0
0.0
0.0
0.0
0.0
0.0
0.0
0.0
0.0
0.0
0.0
0.0
0.0
0.0
0.0
0.0
0.0
0.0
0.0
0.0
0.0
0.0
0.0
0.0
0.0
0.0
0.0
0.0
0.0
0.0
0.0
0.0
0.0
0.0
0.0
0.0
0.0
0.0
0.0
0.0
0.0
0.0
0.0
0.0
0.0
0.0
0.0
0.0
0.0
0.0
0.0
0.0
0.0
0.0
0.0
0.0
0.0
0.0
0.0
0.0
0.0
0.0
0.0
0.0
0.0
0.0
0.0
0.0
0.0
0.0
0.0
0.0
0.0
0.0
0.0
0.0
0.0
0.0
0.0
0.0
0.0
0.0
0.0
0.0
0.0
0.0
0.0
0.0
0.0
0.0
0.0
0.0
0.0
0.0
0.0
0.0
0.0
0.0
0.0
0.0
0.0
0.0
0.0
0.0
0.0
0.0
0.0
0.0
0.0
0.0
0.0
0.0
0.0
0.0
0.0
0.0
0.0
0.0
0.0
0.0
0.0
0.0
0.0
0.0
0.0
0.0
0.0
0.0
0.0
0.0
0.0
0.0
0.0
0.0
0.0
0.0
0.0
0.0
0.0
0.0
0.0
0.0
0.0
0.0
0.0
0.0
0.0
0.0
0.0
0.0
0.0
0.0
0.0
0.0
0.0
0.0
0.0
0.0
0.0
0.0
0.0
0.0
0.0
0.0
0.0
0.0
0.0
0.0
0.0
0.0
0.0
0.0
0.0
0.0
0.0
0.0
0.0
0.0
0.0
0.0
0.0
0.0
0.0
0.0
0.0
0.0
0.0
0.0
0.0
0.0
0.0
0.0
0.0
0.0
0.0
0.0
0.0
0.0
0.0
0.0
0.0
0.0
0.0
0.0
0.0
0.0
0.0
0.0
0.0
0.0
0.0
0.0
0.0
0.0
0.0
0.0
0.0
0.0
0.0
0.0
0.0
0.0
0.0
0.0
0.0
0.0
0.0
0.0
0.0
0.0
0.0
0.0
0.0
0.0
0.0
0.0
0.0
0.0
0.0
0.0
0.0
0.0
0.0
0.0
0.0
0.0
0.0
0.0
0.0
0.0
0.0
0.0
0.0
0.0
0.0
0.0
0.0
0.0
0.0
0.0
0.0
0.0
0.0
0.0
0.0
0.0
0.0
0.0
0.0
0.0
0.0
0.0
0.0
0.0
0.0
0.0
0.0
0.0
0.0
0.0
0.0
0.0
0.0
0.0
0.0
0.0
0.0
0.0
0.0
0.0
0.0
0.0
0.0
0.0
0.0
0.0
0.0
0.0
0.0
0.0
0.0
0.0
0.0
0.0
0.0
0.0
0.0
0.0
0.0
0.0
0.0
0.0
0.0
0.0
0.0
0.0
0.0
0.0
0.0
0.0
0.0
0.0
0.0
0.0
0.0
0.0
0.0
0.0
0.0
0.0
0.0
0.0
0.0
0.0
0.0
0.0
0.0
0.0
0.0
0.0
0.0
0.0
0.0
0.0
0.0
0.0
0.0
0.0
0.0
0.0
0.0
0.0
0.0
0.0
0.0
0.0
0.0
0.0
0.0
0.0
0.0
0.0
0.0
0.0
0.0
0.0
0.0
0.0
0.0
0.0
0.0
0.0
0.0
0.0
0.0
0.0
0.0
0.0
0.0
0.0
0.0
0.0
0.0
0.0
0.0
0.0
0.0
0.0
0.0
0.0
0.0
0.0
0.0
0.0
0.0
0.0
0.0
0.0
0.0
0.0
0.0
0.0
0.0
0.0
0.0
0.0
0.0
0.0
0.0
0.0
0.0
0.0
0.0
0.0
0.0
0.0
0.0
0.0
0.0
0.0
0.0
0.0
0.0
0.0
0.0
0.0
0.0
0.0
0.0
0.0
0.0
0.0
0.0
0.0
0.0
0.0
0.0
0.0
0.0
0.0
0.0
0.0
0.0
0.0
0.0
0.0
0.0
0.0
0.0
0.0
0.0
0.0
0.0
0.0
0.0
0.0
0.0
0.0
0.0
0.0
0.0
0.0
0.0
0.0
0.0
0.0
0.0
0.0
0.0
0.0
0.0
0.0
0.0
0.0
0.0
0.0
0.0
0.0
0.0
0.0
0.0
0.0
0.0
0.0
0.0
0.0
0.0
0.0
0.0
0.0
0.0
0.0
0.0
0.0
0.0
0.0
0.0
0.0
0.0
0.0
0.0
0.0
0.0
0.0
0.0
0.0
0.0
0.0
0.0
0.0
0.0
0.0
0.0
0.0
0.0
0.0
0.0
0.0
0.0
0.0
0.0
0.0
0.0
0.0
0.0
0.0
0.0
0.0
0.0
0.0
0.0
0.0
0.0
0.0
0.0
0.0
0.0
0.0
0.0
0.0
0.0
0.0
0.0
0.0
0.0
0.0
0.0
0.0
0.0
0.0
0.0
0.0
0.0
0.0
0.0
0.0
0.0
0.0
0.0
0.0
0.0
0.0
0.0
0.0
0.0
0.0
0.0
0.0
0.0
0.0
0.0
0.0
0.0
0.0
0.0
0.0
0.0
0.0
0.0
0.0
0.0
0.0
0.0
0.0
0.0
0.0
0.0
0.0
0.0
0.0
0.0
0.0
0.0
0.0
0.0
0.0
0.0
0.0
0.0
0.0
0.0
0.0
0.0
0.0
0.0
0.0
0.0
0.0
0.0
0.0
0.0
0.0
0.0
0.0
0.0
0.0
0.0
0.0
0.0
0.0
0.0
0.0
0.0
0.0
0.0
0.0
0.0
0.0
0.0
0.0
0.0
0.0
0.0
0.0
0.0
0.0
0.0
0.0
0.0
0.0
0.0
0.0
0.0
0.0
0.0
0.0
0.0
0.0
0.0
0.0
0.0
0.0
0.0
0.0
0.0
0.0
0.0
0.0
0.0
0.0
0.0
0.0
0.0
0.0
0.0
0.0
0.0
0.0
0.0
0.0
0.0
0.0
0.0
0.0
0.0
0.0
0.0
0.0
0.0
0.0
0.0
0.0
0.0
0.0
0.0
0.0
0.0
0.0
0.0
0.0
0.0
0.0
0.0
0.0
0.0
0.0
0.0
0.0
0.0
0.0
0.0
0.0
0.0
0.0
0.0
0.0
0.0
0.0
0.0
0.0
0.0
0.0
0.0
0.0
0.0
0.0
0.0
0.0
0.0
0.0
0.0
0.0
0.0
0.0
0.0
0.0
0.0
0.0
0.0
0.0
0.0
0.0
0.0
0.0
0.0
0.0
0.0
0.0
0.0
0.0
0.0
0.0
0.0
0.0
0.0
0.0
0.0
0.0
0.0
0.0
0.0
0.0
0.0
0.0
0.0
0.0
0.0
0.0
0.0
0.0
0.0
0.0
0.0
0.0
0.0
0.0
0.0
0.0
