0.13612301454904766
0.13612307099164003
0.13612311797992097
0.13612315817474333
0.1361231930408612
0.1361232235070667
0.13612325011149798
0.13612327397562646
0.13612329536569767
0.13612331469613112
0.1361233323107102
0.1361233483124795
0.13612336285720866
0.13612337628820617
0.13612338867143764
0.1361234000882712
0.13612341060650338
0.1361234202585091
0.1361234291228284
0.13612343733911442
0.13612344493219097
0.13612345191982192
0.13612345832229336
0.1361234641676167
0.13612346948704654
0.13612347431187075
0.13612347868799668
0.136123482631215
0.13612348615344577
0.1361234892673091
0.13612349198349386
0.13612349431869486
0.13612349629237663
0.1361234979092209
0.1361234991809239
0.13612350012295948
0.1361235007483813
0.13612350106467333
0.1361235010828417
0.13612350080664645
0.13612350023856049
0.13612349938136614
0.13612349823961684
0.1361234968243331
0.13612349515153763
0.13612349322750542
0.13612349105505617
0.13612348863519658
0.13612348596828394
0.1361234830547978
0.13612347989854154
0.13612347650673273
0.13612347288576182
0.1361234690366564
0.1361234649602652
0.13612346065704894
0.13612345612700483
0.1361234513778084
0.1361234464238546
0.13612344125558914
0.13612343587202402
0.1361234302784912
0.136123424478494
0.1361234184692157
0.13612341224921778
0.13612340583350993
0.13612339921196515
0.13612339238468069
0.1361233853527727
0.13612337812021602
0.13612337069206462
0.1361233630702555
0.1361233552716373
0.13612334729019296
0.13612333911802152
0.13612333075371294
0.1361233221965693
0.1361233134464337
0.13612330450388707
0.1361232953723541
0.13612328606386626
0.13612327658071177
0.13612326691737206
0.1361232570689903
0.1361232470328275
0.13612323680820448
0.13612322639593225
0.13612321580510706
0.13612320504429687
0.13612319410748067
0.1361231829983591
0.13612317172235355
0.13612316027550841
0.13612314865048578
0.13612313685262614
0.13612312488077966
0.1361231127388704
0.13612310041512599
0.13612308790945488
0.13612307522174324
0.13612306235402327
0.13612304930951735
0.13612303608957516
0.13612302269889587
0.13612300914756145
0.13612299542596135
0.13612298153228905
0.13612296746450575
0.1361229532251857
0.13612293881656287
0.1361229242355478
0.13612290948177327
0.13612289457201066
0.1361228794900846
0.13612286422773215
0.13612284878663475
0.13612283316623142
0.13612281736529194
0.13612280138524716
0.13612278523090074
0.13612276891256467
0.13612275244677405
0.13612273581153056
0.13612271900708917
0.13612270202446364
0.13612268486100246
0.13612266751871818
0.13612264999844495
0.13612263230119856
0.1361226144335852
0.13612259640301433
0.1361225781991392
0.13612255981854338
0.1361225412680549
0.13612252255276108
0.13612250367001355
0.13612248461431453
0.13612246538659725
0.13612244598448095
0.13612242641390687
0.13612240666536765
0.136122386732801
0.13612236661793542
0.1361223463209276
0.13612232584234293
0.13612230518439267
0.13612228434776216
0.13612226333163302
0.1361222421537029
0.13612222080178527
0.13612219926895058
0.13612217756014244
0.13612215566901614
0.13612213359658712
0.13612211134815227
0.1361220889236648
0.13612206632158064
0.13612204353562482
0.13612202058642783
0.13612199746158113
0.13612197414206684
0.1361219506369381
0.1361219269543489
0.13612190308427682
0.13612187901784414
0.13612185476249639
0.1361218303203761
0.13612180567836293
0.13612178086947196
0.1361217558852373
0.1361217307118857
0.13612170535971344
0.13612167981602685
0.1361216540791075
0.13612162815024806
0.13612160202438678
0.13612157570877717
0.13612154921772437
0.1361215225426532
0.13612149568719648
0.1361214686275486
0.13612144139445442
0.13612141396427344
0.1361213863432036
0.13612135853078702
0.1361213305191676
0.1361213023093434
0.13612127388901574
0.13612124529313538
0.1361212164962848
0.1361211875160384
0.13612115832627641
0.13612112893707257
0.13612109934203637
0.13612106955538975
0.1361210395756468
0.1361210093930132
0.13612097901022188
0.13612094841733957
0.13612091760410935
0.1361208866036665
0.13612085538672247
0.13612082397022335
0.13612079235771224
0.13612076052271943
0.13612072848197626
0.1361206962334632
0.13612066378346147
0.13612063115010034
0.1361205983179218
0.13612056527724928
0.1361205320274882
0.13612049857861183
0.13612046489786472
0.13612043101863436
0.13612039692540137
0.13612036260274296
0.13612032806509206
0.13612029331592868
0.13612025833609107
0.1361202231267871
0.13612018771315929
0.13612015207157815
0.1361201162178886
0.13612008014075247
0.13612004387552382
0.1361200073829443
0.13611997066598486
0.136119933727635
0.1361198965643031
0.13611985916473504
0.13611982154048557
0.13611978370449787
0.13611974563668372
0.13611970732042092
0.1361196687869601
0.1361196300405691
0.13611959105618354
0.13611955183758104
0.13611951238811557
0.13611947271648298
0.13611943283328726
0.13611939270676482
0.13611935232906497
0.13611931171998773
0.1361192708869055
0.13611922981789204
0.13611918850109872
0.13611914692408092
0.13611910512170555
0.1361190630907387
0.1361190208056444
0.13611897829236627
0.13611893552664917
0.1361188925111822
0.13611884925160483
0.13611880575244273
0.13611876200721004
0.13611871799905328
0.1361186737333749
0.13611862923189907
0.13611858447857317
0.13611853946178012
0.13611849420002634
0.13611844869411524
0.13611840292176808
0.13611835690092353
0.1361183106211922
0.13611826408846167
0.1361182173052953
0.13611817027224982
0.13611812298590703
0.13611807540757967
0.13611802753800953
0.1361179794289522
0.1361179310797243
0.13611788247268788
0.136117833598404
0.13611778446002915
0.13611773506767286
0.1361176854102808
0.13611763543460184
0.13611758520158665
0.13611753468918444
0.13611748389796297
0.13611743284766809
0.136117381535145
0.13611732994801243
0.13611727808180793
0.13611722592281594
0.1361171734582356
0.13611712070626214
0.13611706766240314
0.1361170143583712
0.1361169607684113
0.13611690689010839
0.1361168527254661
0.1361167982746415
0.13611674354342343
0.13611668851305747
0.1361166331809908
0.13611657756571233
0.136116521679167
0.13611646551370074
0.13611640903538583
0.13611635223552984
0.1361162951450467
0.13611623776164972
0.13611618008792353
0.13611612211376586
0.13611606384143457
0.13611600527277878
0.1361159464099067
0.13611588721588996
0.13611582769046823
0.13611576786999155
0.13611570775884088
0.1361156473401243
0.13611558657765763
0.13611552548494782
0.13611546409101904
0.1361154023960835
0.13611534038737655
0.136115278060378
0.13611521540446012
0.13611515239898977
0.13611508907313913
0.1361150254332422
0.13611496147093016
0.1361148971869738
0.13611483258594792
0.13611476765865457
0.13611470240051976
0.13611463680683503
0.13611457087523485
0.13611450460318453
0.13611443798393313
0.13611437101806043
0.13611430371535202
0.13611423608415454
0.13611416812361632
0.1361140998182291
0.13611403115133064
0.1361139621210543
0.1361138927214156
0.13611382299319066
0.1361137529370313
0.13611368253362105
0.13611361177272038
0.13611354066493203
0.13611346920576098
0.1361133973905239
0.13611332521339672
0.13611325266777785
0.1361131797592072
0.13611310650226482
0.13611303288942486
0.13611295889749253
0.1361128845256918
0.13611280978748858
0.1361127346883034
0.13611265921465593
0.13611258334858678
0.13611250710504338
0.13611243049674496
0.13611235352191126
0.13611227617290905
0.13611219843792546
0.13611212030777797
0.13611204177836997
0.1361119628432117
0.13611188351354764
0.136111803802595
0.1361117237140223
0.13611164324294048
0.1361115623772842
0.1361114811029099
0.1361113994182054
0.13611131732855875
0.13611123482976678
0.13611115193067466
0.1361110686419486
0.13611098494953072
0.13611090082417368
0.13611081625765314
0.13611073129353266
0.13611064595283212
0.1361105602043173
0.1361104740386843
0.13611038747710472
0.13611030051938633
0.13611021316880623
0.136110125334696
0.13611003707392796
0.13610994839777416
0.13610985931517075
0.13610976980965678
0.1361096798497841
0.1361095894228758
0.13610949853845963
0.13610940721453016
0.1361093154758515
0.13610922330068134
0.13610913065363964
0.13610903753514952
0.13610894395858575
0.13610884993035793
0.1361087554619151
0.13610866056461876
0.13610856523529827
0.13610846945914998
0.1361083732272178
0.1361082765334754
0.1361081793220892
0.1361080816443965
0.13610798353528353
0.136107884936917
0.13610778588202432
0.13610768636369297
0.136107586381735
0.13610748596896158
0.1361073850019418
0.13610728352689552
0.13610718156719473
0.13610707913456305
0.1361069762300944
0.13610687285296805
0.1361067690124112
0.1361066647216294
0.1361065599017165
0.13610645451226916
0.13610634859871235
0.13610624218474343
0.13610613528217733
0.13610602790049114
0.13610592005541275
0.136105811715043
0.13610570275529296
0.1361055932664362
0.13610548327535132
0.13610537283316618
0.13610526186078792
0.13610515039591894
0.13610503846959615
0.1361049258929385
0.13610481279564585
0.1361046991556844
0.13610458495840005
0.1361044702358697
0.13610435502551085
0.1361042393434068
0.1361041230279018
0.13610400612783968
0.13610388868984544
0.13610377071511492
0.1361036521981654
0.13610353318235233
0.13610341356313443
0.13610329334743254
0.13610317259938906
0.13610305127982225
0.1361029293719993
0.13610280691296708
0.13610268389172178
0.13610256024791675
0.1361024359897994
0.13610231115238522
0.13610218577081068
0.1361020598701993
0.1361019333472836
0.13610180617645554
0.13610167839829865
0.13610155006130586
0.1361014211828556
0.1361012916833747
0.13610116170351622
0.136101031006441
0.13610089962970312
0.13610076763232906
0.13610063503630976
0.13610050185835257
0.13610036810964352
0.1361002336715791
0.13610009865181025
0.1360999629857985
0.1360998266611171
0.13609968979695025
0.13609955221973222
0.1360994139787298
0.1360992751506103
0.13609913574475657
0.13609899573284873
0.13609885504711566
0.13609871360855386
0.1360985714432357
0.13609842862493113
0.13609828519536954
0.1360981411909195
0.1360979964750898
0.13609785094621532
0.1360977047958141
0.13609755803886314
0.1360974107018637
0.13609726273297962
0.13609711392891452
0.13609696434882973
0.13609681403748045
0.13609666311241117
0.13609651160008898
0.13609635927608785
0.1360962063891199
0.1360960526873904
0.13609589827859245
0.13609574331636684
0.13609558750720327
0.13609543096499024
0.13609527379119762
0.13609511592507093
0.13609495737131916
0.13609479787226733
0.13609463760584026
0.13609447664960178
0.13609431509260414
0.1360941528419904
0.1360939897187312
0.13609382583585647
0.13609366122059843
0.13609349592252287
0.13609332983961886
0.13609316289534845
0.13609299514285794
0.13609282669646786
0.1360926576636337
0.13609248784025144
0.13609231713796474
0.13609214557902122
0.13609197321850694
0.13609180014419422
0.13609162627021545
0.13609145158633676
0.13609127611947736
0.13609109983803713
0.13609092271034978
0.13609074460811893
0.13609056573240016
0.1360903861700773
0.13609020586863907
0.13609002463498052
0.13608984245115538
0.1360896595900449
0.13608947608351618
0.13608929178536278
0.13608910623583784
0.13608891988628272
0.13608873271463412
0.13608854487535876
0.1360883562053794
0.13608816648736935
0.13608797600494035
0.13608778469322794
0.13608759253674285
0.1360873993256129
0.13608720520728645
0.13608701028511427
0.13608681483210425
0.13608661819494283
0.13608642060715442
0.13608622206994986
0.13608602274974055
0.13608582245096593
0.13608562128670298
0.13608541927523726
0.13608521632971513
0.1360850123772828
0.13608480736205544
0.13608460155492097
0.13608439493811816
0.13608418730014257
0.1360839785042112
0.13608376877309022
0.1360835582632073
0.13608334700870564
0.13608313463671093
0.1360829211977961
0.13608270683416313
0.1360824916104459
0.13608227522416283
0.1360820576454452
0.1360818391249233
0.13608161981707298
0.1360813995793134
0.136081178252521
0.13608095596123937
0.13608073279200125
0.13608050849051975
0.13608028298797065
0.13608005652079694
0.13607982921784503
0.13607960106429845
0.13607937170815437
0.1360791411719066
0.13607890955676763
0.13607867700789147
0.13607844336244784
0.1360782088515067
0.13607797306126207
0.1360777361695961
0.13607749795519958
0.13607725898258857
0.13607701921938364
0.13607677811070568
0.13607653553621651
0.1360762921041616
0.13607604792206524
0.13607580249671064
0.13607555566034407
0.13607530777186233
0.13607505898348998
0.13607480915675482
0.13607455781695924
0.13607430539982016
0.13607405211584953
0.1360737976942232
0.13607354188000212
0.13607328493036522
0.13607302709448105
0.13607276785503153
0.13607250728886758
0.1360722455689727
0.13607198304221635
0.13607171907243382
0.13607145396584877
0.13607118768290433
0.1360709203028949
0.13607065130170992
0.13607038107305694
0.13607010979823822
0.13606983764582675
0.13606956421737793
0.13606928941469304
0.13606901325830212
0.13606873574262368
0.1360684571072105
0.13606817732376106
0.1360678962829452
0.1360676135303637
0.1360673297033655
0.13606704497267585
0.13606675902213855
0.1360664712825191
0.13606618223750272
0.13606589225197988
0.13606560086824243
0.13606530781475754
0.13606501356605266
0.13606471850691032
0.1360644218379853
0.13606412366143555
0.1360638243019878
0.13606352376077072
0.1360632215727698
0.13606291788432917
0.1360626129939279
0.13606230686550652
0.13606199911691333
0.13606169001855142
0.1360613797978652
0.13606106816751165
0.1360607549756737
0.13606044048336388
0.13606012454404093
0.13605980714665009
0.1360594881658514
0.13605916783876074
0.13605884600536286
0.1360585227808479
0.13605819824105714
0.1360578722724598
0.13605754470570833
0.13605721560011816
0.13605688524892082
0.13605655348063417
0.13605622003446252
0.1360558848677871
0.13605554812045867
0.13605520989607953
0.13605487063513416
0.13605453025172823
0.1360541876343917
0.13605384293093847
0.13605349734986866
0.13605315065133294
0.13605280185279967
0.13605245117726864
0.13605209950335337
0.13605174629319428
0.13605139076750114
0.13605103390872816
0.1360506760286031
0.13605031652996608
0.1360499547922011
0.13604959168290226
0.13604922713728132
0.13604886056350493
0.136048492424238
0.1360481229839802
0.13604775226110005
0.13604737998079233
0.1360470062087073
0.13604663030957762
0.13604625220684183
0.1360458725341484
0.13604549135570065
0.13604510843461437
0.1360447235783726
0.13604433714804415
0.1360439491202261
0.13604355908303503
0.13604316740572991
0.13604277419103789
0.13604237899506993
0.13604198194065817
0.13604158317545018
0.13604118269887508
0.13604078025322283
0.13604037636044303
0.13603997083431374
0.13603956292163685
0.136039153341362
0.13603874193396776
0.13603832869323484
0.13603791359133036
0.13603749684120564
0.13603707825938338
0.13603665757293248
0.13603623543465848
0.13603581105239712
0.13603538395126574
0.13603495587792896
0.1360345265012593
0.13603409453623552
0.13603365995862993
0.13603322430527864
0.13603278713290365
0.13603234695119953
0.1360319049337643
0.1360314617687774
0.1360310160289045
0.13603056826832702
0.1360301187334573
0.1360296670775869
0.13602921301102303
0.13602875747710005
0.13602830052673406
0.13602784072575702
0.13602737865518214
0.1360269150335
0.13602644891781782
0.13602598101339883
0.13602551120422193
0.13602503914716363
0.13602456469944127
0.13602408842997685
0.1360236104379097
0.13602312956162516
0.1360226464319115
0.1360221615370238
0.13602167393281286
0.13602118462890883
0.13602069319908192
0.13602019913191082
0.13601970281335515
0.13601920471638548
0.1360187045063086
0.13601820187133454
0.13601769708302291
0.13601719011050364
0.13601668048682694
0.1360161689998335
0.1360156554681957
0.13601513894311612
0.13601462038303233
0.13601409981565662
0.13601357656150215
0.13601305137330802
0.13601252399710853
0.13601199379750148
0.13601146129098546
0.13601092680726917
0.1360103898362738
0.13600985013255018
0.13600930868965844
0.13600876467305273
0.13600821716728648
0.13600766975840947
0.13600712050056646
0.1360065663924277
0.13600601070626092
0.13600545363617733
0.1360048922227668
0.13600432722269293
0.13600376100991407
0.13600319262445784
0.13600262008197347
0.13600204562128224
0.13600146980943795
0.13600089063673956
0.13600030820670556
0.13599972403667807
0.1359991371150272
0.1359985478785699
0.13599795626669553
0.1359973609719804
0.13599676331489108
0.13599616379820043
0.13599556126559123
0.13599495569903414
0.13599434778333744
0.1359937373142144
0.1359931238950961
0.13599250791775377
0.1359918895729572
0.13599126812826456
0.13599064380443945
0.1359900170200114
0.13598938694936613
0.13598875492173565
0.135988120528716
0.13598748208653863
0.13598684118190826
0.13598619800344824
0.13598555155996006
0.13598490262376067
0.13598425048970333
0.13598359514890548
0.135982937374411
0.1359822772174578
0.13598161366410308
0.13598094683628928
0.13598027765771697
0.13597960541833723
0.1359789301352913
0.13597825211045197
0.13597757101901645
0.1359768868800968
0.13597619992310206
0.1359755096848283
0.13597481619224414
0.1359741204371821
0.1359734214977319
0.13597271871439184
0.13597201373778442
0.1359713055921719
0.1359705934590072
0.13596987937002766
0.13596916204650003
0.13596844027564225
0.13596771708172495
0.13596699061997242
0.1359662589508197
0.1359655254431733
0.13596478965305958
0.13596404940161924
0.13596330672856297
0.13596256177221588
0.1359618126954233
0.1359610600419875
0.1359603056800549
0.13595954713418976
0.13595878400937964
0.1359580195493013
0.13595725176963278
0.13595647873199454
0.13595570320807485
0.13595492519465036
0.13595414296023844
0.13595335742249495
0.13595256906708525
0.1359517766706305
0.1359509808305858
0.13595018182699836
0.13594937891223038
0.13594857309092326
0.13594776390530047
0.1359469506213324
0.13594613453122956
0.13594531466067813
0.13594449027193983
0.13594366317475587
0.13594283257755732
0.13594199764658102
0.13594115989956598
0.13594031850766505
0.13593947289002384
0.13593862430818512
0.13593777163348789
0.13593691517729906
0.13593605612116064
0.13593519224682907
0.13593432408960682
0.13593345327803036
0.13593257859913666
0.13593169962176366
0.13593081707076984
0.13592993092682173
0.13592904062300168
0.13592814670777167
0.13592724902680703
0.1359263470955351
0.13592544177220844
0.1359245325215747
0.13592361886958643
0.13592270174695076
0.13592178057316912
0.1359208551564287
0.13591992639792172
0.135918993387758
0.13591805484366293
0.13591710909454935
0.13591615942720156
0.13591520546201827
0.13591424748713207
0.13591328518633408
0.13591231853816188
0.1359113481639304
0.13591037350574683
0.13590939423357773
0.1359084116894512
0.13590742476932086
0.13590643253128287
0.13590543712580758
0.13590443770651625
0.13590343286186662
0.13590242466548696
0.13590141230550282
0.13590039413828173
0.1358993728210484
0.13589834755646227
0.1358973159792024
0.13589628179230065
0.1358952438472461
0.13589419865986824
0.13589315121850984
0.13589210035268875
0.13589104142071834
0.13588997973283945
0.13588891517051432
0.1358878430670363
0.1358867673206259
0.13588568928494177
0.13588460427762772
0.1358835144295394
0.1358824221106492
0.1358813232773944
0.13588021934877295
0.13587911290427085
0.1358780002634122
0.13587688228339093
0.13587576189468425
0.13587463534314675
0.13587350276193902
0.13587236710778267
0.13587122587037387
0.1358700791879501
0.1358689284578826
0.13586777206104297
0.13586661139244005
0.13586544610720494
0.13586427424772457
0.13586309873789348
0.1358619191212221
0.1358607324653812
0.13585954149710927
0.13585834679916867
0.1358571450758195
0.1358559384414323
0.13585472791877581
0.13585351094437903
0.13585228932198817
0.13585106314350354
0.13584983071401294
0.135848594036372
0.13584735242921686
0.1358461044003733
0.13584485160018478
0.13584359309737082
0.13584232925491635
0.13584106128330856
0.13583978666595617
0.13583850694714902
0.13583722327840306
0.13583593202715366
0.13583463538459972
0.13583333469089176
0.13583202729275637
0.13583071442967654
0.1358293971094739
0.135828073390993
0.13582674419821716
0.1358254099586493
0.1358240692066093
0.1358227240609554
0.1358213734185115
0.13582001532469448
0.1358186536197284
0.13581728575997218
0.13581591000868662
0.13581453055843312
0.1358131452372218
0.13581175242570206
0.13581035536311478
0.13580895224037923
0.13580754180647228
0.135806127222045
0.1358047059825067
0.1358032778675539
0.13580184572839216
0.13580040617055272
0.13579895972175435
0.13579750907794186
0.13579605079209287
0.135794586127662
0.13579311756653134
0.13579164115111853
0.13579015852289653
0.13578867155020433
0.13578717593071926
0.13578567420630014
0.13578416799986331
0.13578265297973427
0.1357811321925903
0.13577960739157643
0.1357780736807092
0.1357765334369766
0.1357749894923987
0.135773436817991
0.1357718770893788
0.1357703131325551
0.13576874011739518
0.1357671608119659
0.13576557785535862
0.1357639848861714
0.13576238589276973
0.13576078354118273
0.13575916970928967
0.13575754975485507
0.13575592731870323
0.13575429360030766
0.13575265315004573
0.13575100994742784
0.1357493559985679
0.13574769512641613
0.135746030451156
0.13574435610183205
0.13574267542822796
0.13574098859340006
0.1357392928580472
0.13573759102994346
0.13573588258905675
0.13573416556636145
0.13573244245936866
0.13573071186603458
0.13572897353563906
0.1357272291046644
0.13572547657460357
0.13572371714953693
0.13572195080204658
0.13572017539487752
0.13571839388349494
0.13571660564494667
0.1357148081293879
0.13571300440613976
0.1357111937751763
0.1357093734651259
0.1357075464809446
0.1357057129475211
0.13570387033715992
0.13570202311684934
0.13570017121787797
0.13569831058447618
0.1356964414989823
0.13569456678343936
0.13569268312632704
0.13569079056381986
0.1356888922976283
0.13568698555104225
0.13568506955803997
0.1356831465968347
0.1356812158052204
0.13567927644610292
0.1356773277865055
0.13567537318216052
0.13567341164258193
0.13567143753430444
0.13566945787148477
0.13566747157276512
0.13566547315754984
0.1356634687077933
0.13566145741840738
0.1356594346210312
0.13565740537072823
0.1356553685063596
0.13565332026333468
0.13565126508897749
0.1356492018002392
0.13564712812176574
0.13564504771180944
0.13564295910723725
0.1356408603584757
0.1356387539972273
0.13563663870938675
0.13563451354906567
0.13563238036293926
0.13563023768514337
0.13562808665218545
0.13562592753438102
0.13562375785212305
0.13562158066655514
0.13561939502177114
0.13561719762734095
0.13561499378565775
0.13561278114583786
0.13561055555786486
0.13560832452759922
0.1356060839093973
0.13560382975993415
0.13560157118670418
0.1355993024437704
0.13559702111997796
0.13559473476340264
0.135592437268979
0.13559012782181068
0.13558780864132988
0.13558547738931442
0.13558313556170512
0.13558078757338535
0.13557842713440724
0.13557605673005294
0.13557367938411094
0.13557128967570833
0.13556889554353596
0.13556649298550133
0.13556407684896535
0.13556165313004512
0.13555922076519444
0.13555677448634798
0.13555432130908968
0.13555185860705377
0.13554938212050321
0.13554689975066245
0.1355444046239588
0.13554189546342513
0.13553938221993386
0.13553685446377758
0.13553431348568795
0.13553176771542239
0.1355292071086474
0.1355266337135056
0.1355240569469702
0.1355214637108829
0.13551885806036137
0.13551624916336646
0.13551362371060305
0.13551098642257772
0.13550834530091607
0.13550568686766817
0.1355030181967041
0.13550034697495625
0.1354976584988066
0.13549495865883418
0.13549225411631816
0.13548953177511858
0.13548679912725048
0.13548406166076157
0.13548130558561264
0.13547853941496676
0.13547576758795982
0.1354729775506338
0.13547017880096393
0.13546737171395284
0.1354645473572439
0.1354617147823687
0.13545887003319007
0.1354560110955548
0.13545314377117304
0.13545026373753088
0.13544737056983158
0.13544446851657496
0.13544155375496436
0.1354386256383464
0.1354356871388477
0.1354327344668422
0.13542977008302662
0.13542679520420894
0.13542380602404958
0.13542079362702758
0.13541776858995305
0.13541472876816407
0.13541167866018858
0.13540861487356814
0.1354055377444254
0.13540245133958828
0.13539934763556463
0.13539623158432915
0.13539310768075388
0.13538996613841311
0.13538681272773126
0.13538365133260627
0.1353804703557311
0.13537727887499762
0.1353740780099984
0.13537085841729143
0.1353676270124091
0.13536438613163526
0.13536112873797265
0.13535785847672954
0.13535457706852708
0.13535127986953713
0.1353479692301243
0.13534464704294372
0.13534131033297833
0.13533795990313366
0.13533459672133938
0.13533121909077736
0.13532782779367253
0.13532442333413877
0.13532100510556883
0.13531757391548527
0.13531412688722225
0.1353106684374571
0.13530719702923902
0.13530370775813058
0.1353002096137766
0.13529669499858196
0.1352931603355004
0.13528961837550899
0.13528606051275285
0.1352824837562819
0.13527889822518027
0.135275297579797
0.13527167936842818
0.13526804937253029
0.1352644034566006
0.13526074171740474
0.13525706718272146
0.1352533766653995
0.13524967199213342
0.13524595189495175
0.13524221463145522
0.13523846453760313
0.13523469815144543
0.1352309165530153
0.13522712329541015
0.13522331098183438
0.1352194836256308
0.13521565007554087
0.13521179948024326
0.13520793553859986
0.13520406372728846
0.13520016392837997
0.1351962543331222
0.13519233596351726
0.1351883881240732
0.13518443158892673
0.1351804644690048
0.13517646766251548
0.13517246338637887
0.13516844862081062
0.13516440470063856
0.13516035224925443
0.13515628698928503
0.13515219382090293
0.13514809362025162
0.13514397788300664
0.13513983623881606
0.13513568821700336
0.1351315210245969
0.13512733090647383
0.13512313465880502
0.13511891541655507
0.13511467590032408
0.13511042866724943
0.1351061482784761
0.13510185045253012
0.13509754764331597
0.1350932115840363
0.13508886455652608
0.13508451095131024
0.13508011911747328
0.13507572086641
0.13507131413798268
0.13506686991445763
0.13506241990200885
0.1350579659513077
0.13505347730101572
0.13504898173255173
0.1350444730863347
0.13503992909899937
0.13503536855207815
0.13503079630463122
0.13502620050687913
0.13502159568360816
0.13501697344956842
0.1350123234916335
0.13500766366448438
0.13500298423428903
0.13499828079679965
0.13499356671468235
0.1349888296610583
0.1349840703889404
0.13497929916583534
0.13497450302553435
0.13496968963706707
0.13496486201157326
0.1349600055788065
0.13495513544635834
0.13495024910094527
0.13494533249201965
0.13494040172664692
0.13493545613851826
0.13493048195283702
0.13492549385068447
0.1349204889224127
0.1349154553556885
0.13491040729741435
0.13490531969322325
0.13490020366530955
0.13489507168358206
0.13488992189043253
0.13488474631897318
0.1348795534056874
0.13487434269324083
0.134869107289812
0.13486385265870313
0.13485857967787487
0.13485328157205703
0.13484796126651244
0.1348426247715411
0.13483726672539098
0.13483188204578497
0.13482647952870672
0.13482106221845658
0.13481561166868167
0.134810146102144
0.13480466725670717
0.13479915372762433
0.13479362304290446
0.1347880778281814
0.13478249805420642
0.13477690115123558
0.13477129171621546
0.13476564622826115
0.1347599811532634
0.13475430669286365
0.13474859447873916
0.13474286244176795
0.1347371191344508
0.13473133903007065
0.1347255444038885
0.13471974695895997
0.13471391563554103
0.134708065668209
0.1347021972357669
0.13469629565390784
0.13469037690530178
0.13468444017115358
0.1346784709906994
0.13467248432226078
0.13466647596714793
0.1346604346177078
0.13465437656346518
0.13464829384151597
0.1346421833345796
0.13463605787195054
0.13462990179802695
0.13462371694423034
0.13461750598394215
0.13461126712182148
0.1346050030088923
0.13459871607047627
0.13459240253389615
0.13458606501602563
0.13457970249768467
0.13457331158865743
0.13456690052648257
0.13456046555472856
0.13455400433101333
0.1345475299794442
0.13454103487789437
0.13453449200572962
0.13452793686304607
0.13452136086072752
0.13451475230810833
0.13450812443459007
0.1345014703722086
0.1344947854661081
0.1344880769914713
0.13448134284105676
0.13447458040405214
0.13446779133684272
0.13446097766545895
0.13445413702202197
0.13444726598053652
0.13444037271098647
0.1344334545060046
0.13442650439612638
0.13441953197927073
0.13441253410729537
0.13440549839186472
0.13439844308401083
0.13439135001598854
0.13438419833200957
0.13437703157021688
0.13436983735038563
0.1343626022247107
0.13435535181160196
0.13434807091009673
0.13434075066682052
0.13433341950755218
0.13432605551542062
0.13431865178790706
0.13431123528457
0.13430378230135243
0.13429629155687242
0.13428879086354284
0.1342812515245512
0.13427367774219953
0.13426609206495144
0.1342584617792525
0.13425080050281604
0.13424312747599862
0.13423541703411104
0.13422768609396016
0.13421994293797618
0.13421215532459593
0.13420433380346164
0.13419650216341666
0.1341886254731192
0.1341807153981968
0.13417279167161766
0.13416482198033605
0.13415682020473757
0.13414880408695917
0.13414072834062818
0.13413261887809438
0.13412449696987194
0.13411632363467824
0.13410812352320278
0.13409990903911162
0.1340916362458684
0.1340833495973434
0.1340750466697992
0.1340666807721574
0.1340583024239375
0.13404990459741134
0.13404142806341268
0.13403293936648636
0.1340244420730986
0.13401588687291488
0.13400732003557292
0.13399872505142704
0.13399007104889216
0.13398140470731346
0.133972709014917
0.13396395616981246
0.13395518835103212
0.13394639065650846
0.13393754053128432
0.1339286753024397
0.13391977728942706
0.1339108265318968
0.1339018562217049
0.13389284956681602
0.13388379525311062
0.13387470745984884
0.13386555744833514
0.13385635765722598
0.13384714085118082
0.13383788427095528
0.1338285809202333
0.13381925995839128
0.1338098931306957
0.13380048194606564
0.1337910600844881
0.1337815880201162
0.13377207084563184
0.1337625433824987
0.13375296303822332
0.13374336094217934
0.13373375150646796
0.1337240846102654
0.13371437151310592
0.13370465189019637
0.13369487565978105
0.13368505420729007
0.1336752205200395
0.1336653199980735
0.1336553687410775
0.13364539830860306
0.13363537966236697
0.1336253151894749
0.1336152399954438
0.13360512267069077
0.13359495155804788
0.1335847561416767
0.13357452161084796
0.13356422948826005
0.13355390670659384
0.13354352548198503
0.1335330977163851
0.13352265472130811
0.13351218428137965
0.13350167874252797
0.13349112915990788
0.13348054096428674
0.13346992381167644
0.1334592449235239
0.13344852676497654
0.13343780351293605
0.13342699410089132
0.13341614829955123
0.1334053042668735
0.1333943763161771
0.1333834094839263
0.13337243721823253
0.13336136568390364
0.1333502234069032
0.13333907135638987
0.13332784725156843
0.13331658257529613
0.1333052990913096
0.1332939489716484
0.1332825669835952
0.13327115819937319
0.1332597120902515
0.1332482308861111
0.1332367157077332
0.13322513911567804
0.13321353123418372
0.13320188427603674
0.1331901619821381
0.1331783995702582
0.13316659552392246
0.1331547477208602
0.13314286474726267
0.13313093575662643
0.13311895064616205
0.13310693303364718
0.13309487097326056
0.13308275233891392
0.13307059461101148
0.13305835840101807
0.13304606654682533
0.13303375689451846
0.1330213997723301
0.13300900729964082
0.1329965849268955
0.13298410882751827
0.1329715840316205
0.13295902303046905
0.1329464053569768
0.13293373650393692
0.13292103031235403
0.13290826571059913
0.1328954539813338
0.13288261321522973
0.13286970383858468
0.13285674358355332
0.13284371037616768
0.13283059404108666
0.1328174263841505
0.13280424191862447
0.13279098525649807
0.13277771139901298
0.132764416627152
0.1327510409055205
0.1327376186345257
0.13272416557633743
0.13271061865013956
0.13269703079624198
0.13268341575524786
0.13266972209299352
0.1326559851466024
0.1326422141620134
0.13262836400524228
0.13261448021985292
0.13260056027440434
0.13258655853076048
0.1325724853897689
0.13255835740697133
0.13254416734142
0.1325299577511436
0.132515689605495
0.1325013736504043
0.13248703340052528
0.13247263478014334
0.13245816371992333
0.1324436587811414
0.13242909737106054
0.13241445990303746
0.1323997912881623
0.13238506707340977
0.13237027073802762
0.13235544518675182
0.13234053010099944
0.13232550224205442
0.13231046165262494
0.1322953794873659
0.13228023052092708
0.13226503101495732
0.13224977131326057
0.13223443465992304
0.13221905213163676
0.132203628115862
0.13218811446456902
0.132172563123684
0.13215696913237085
0.1321412895481246
0.13212556959196858
0.13210979489755148
0.13209391368924273
0.13207797276841565
0.1320619810733389
0.13204593547584162
0.13202982979654898
0.13201367958615073
0.13199747607172385
0.13198122195571949
0.13196493521113836
0.13194856445198652
0.13193213040935495
0.13191566193288656
0.13189910077859332
0.1318824795005682
0.1318658320027447
0.13184908396368547
0.13183227961207075
0.13181542202483967
0.13179845518366964
0.13178141757463277
0.1317643603607783
0.1317471839990007
0.13172994617951897
0.13171270288100045
0.1316953482892111
0.1316779222843834
0.13166049850253997
0.13164295556274902
0.1316253261177137
0.13160766441235194
0.13158988083537468
0.13157200613355496
0.13155416111453921
0.13153623224548097
0.1315181901088984
0.13150014580171823
0.13148205001787255
0.13146384311835063
0.13144562317989128
0.13142734100351727
0.1314089337578761
0.131390486938327
0.1313720002522906
0.1313534528613683
0.13133484544841784
0.1313161070133653
0.13129723655105827
0.13127832740500742
0.13125941251483922
0.13124034249339012
0.13122121542807008
0.1312020961767016
0.1311828163283383
0.13116346907448684
0.13114412686424787
0.1311245981878796
0.13110498513386515
0.13108538648055515
0.1310656997399404
0.13104590214535844
0.13102607522536175
0.13100617026416544
0.13098620819386195
0.1309661944342388
0.13094611368118295
0.1309259254335115
0.13090570138052662
0.13088546973744136
0.13086511196489908
0.13084468461937893
0.13082414620132643
0.13080347166612166
0.13078273691312128
0.13076193488819648
0.13074104315031107
0.13072007659823096
0.13069903761181903
0.13067792204182183
0.1306566926849052
0.130635360813745
0.1306139441069336
0.13059251729826968
0.13057100576228545
0.13054938647681066
0.13052771585824272
0.13050596700464898
0.1304841362192003
0.13046228816253355
0.13044038301528893
0.1304183713099732
0.13039629821975743
0.13037415727678064
0.1303519120516498
0.1303295700021561
0.1303070865568035
0.1302845130697841
0.13026185334520618
0.1302391343616175
0.13021632468367952
0.1301933863211982
0.13017036422896586
0.1301472379918661
0.13012401733699536
0.130100786887944
0.1300774365217994
0.13005399583880922
0.13003052356316827
0.13000695896220393
0.12998333152545727
0.12995966635146944
0.12993591142946978
0.12991206087873375
0.12988812734840846
0.12986412885606863
0.1298400199472209
0.12981572685965428
0.12979136735237026
0.1297668934884682
0.12974234070365417
0.12971768211154253
0.1296928666463395
0.12966796793908128
0.12964304033843657
0.1296180154171978
0.12959291329166353
0.12956775242346108
0.1295424517571648
0.12951708903425477
0.1294917260814806
0.1294662482947641
0.12944069214370904
0.12941505819152788
0.12938931486072267
0.12936347217866806
0.12933754138766096
0.12931142918271268
0.12928519864632598
0.12925887367666863
0.1292324088436536
0.1292057888724091
0.12917911086877887
0.12915246657989504
0.1291256721412492
0.12909877649916937
0.1290717628391456
0.1290446941792037
0.1290175807545789
0.1289903917171103
0.1289631335036691
0.12893575145223493
0.12890826723170243
0.12888069553560375
0.12885301807839677
0.12882515530373692
0.1287971572941167
0.1287689933177387
0.128740749077512
0.12871240297532963
0.12868401507873423
0.12865555831333056
0.12862691291992343
0.12859818439048787
0.1285694338041471
0.12854060097250347
0.1285116850133217
0.1284826924348005
0.12845359205616166
0.12842435346863604
0.12839504451529166
0.1283656580887256
0.12833603918941716
0.128306186114956
0.1282763010429096
0.1282462747055638
0.12821619533376916
0.1281860149668793
0.12815568626805354
0.12812531776712413
0.12809487238097111
0.12806430858379567
0.12803365387503327
0.12800294151893932
0.12797214070560117
0.12794117922037032
0.1279101331098562
0.12787901885980693
0.12784760647981586
0.12781604710269548
0.12778442957578726
0.1277526335166807
0.1277207088556406
0.12768879723442944
0.12765680876188037
0.1276245928101487
0.12759236486918657
0.12756011872662099
0.12752759858153778
0.12749506210055286
0.1274624991001402
0.1274297755262545
0.12739685923906097
0.12736384689635186
0.1273306022563515
0.1272970670880527
0.12726358179277725
0.12723010549686284
0.12719636378360832
0.1271625731277496
0.1271287578664077
0.1270946992220132
0.12706058033515102
0.12702648024242238
0.12699226554397694
0.12695784372087393
0.12692328486659568
0.12688865866201754
0.12685355156824588
0.12681839624078914
0.12678332877100038
0.12674806048517812
0.12671265623406164
0.12667721074531751
0.1266416075533932
0.1266058594057823
0.12657015990410558
0.12653435002934185
0.12649832592213847
0.12646214134056444
0.12642581339622647
0.12638916398358657
0.12635238848623465
0.12631568273343624
0.1262788153391318
0.12624175502478133
0.12620466122258264
0.12616748341898198
0.12613008481086643
0.1260927112937148
0.12605525746671253
0.12601748672844423
0.12597944385215606
0.125941381228172
0.12590318688109656
0.1258648209272523
0.12582639373638665
0.12578783207752534
0.12574912694616763
0.12571032469296314
0.12567140829568144
0.12563238511050637
0.12559324603563635
0.1255537990845923
0.1255141822059067
0.12547445242200805
0.12543479113263178
0.12539483823907538
0.12535478469568073
0.1253146418541809
0.12527433679694647
0.12523385348614044
0.12519326737942885
0.12515259359568517
0.1251115937997615
0.12507043760161718
0.1250292401879484
0.1249879816268538
0.1249466328263363
0.12490512197264038
0.1248634131545366
0.12482148540331145
0.12477947157772039
0.12473741869222109
0.12469501852120128
0.12465237189248048
0.12460973852848853
0.12456696994068754
0.1245241238700882
0.12448131390728755
0.12443824655230956
0.12439493622517876
0.12435139912227827
0.12430784315003776
0.12426397299735797
0.12421987700166685
0.1241756628384779
0.12413141059705046
0.12408713024396492
0.12404279736889626
0.12399839627868721
0.12395357000404039
0.12390859014424804
0.12386345317896731
0.12381808043354979
0.1237724455092939
0.12372665798529234
0.12368098827951866
0.12363515876960418
0.1235893182797156
0.12354338189276685
0.123497127061748
0.12345060185902142
0.12340380328913521
0.1233568484882588
0.12330958590057647
0.12326238645970665
0.12321517878280583
0.1231677495244244
0.12312036045419518
0.12307286933279608
0.12302508231766236
0.12297681633125222
0.12292845226007997
0.12287984547763124
0.1228310627107275
0.12278233696654926
0.12273354538110211
0.12268468849879924
0.12263567564513736
0.12258650032937442
0.1225368921674163
0.1224869973170819
0.12243689406920359
0.12238672731044732
0.12233650398798784
0.12228617975616067
0.12223581871801481
0.12218535291049236
0.12213462613373123
0.12208356112030466
0.12203221810846952
0.12198060617300889
0.12192900486035622
0.12187724787560626
0.1218253699894498
0.12177353916205187
0.12172145012066808
0.12166915401703446
0.12161660797925339
0.12156370340204829
0.12151073053261698
0.12145751025807247
0.12140415678705926
0.12135088057375559
0.12129734840423638
0.12124368361229139
0.12118989996285508
0.12113575976672487
0.12108126992400473
0.12102669563278995
0.12097198933716069
0.1209170939529233
0.12086207879158736
0.12080706133883781
0.12075192584505505
0.12069641132428449
0.12064057018068919
0.12058460901046313
0.12052840746756162
0.12047187541398525
0.1204155584931044
0.12035913780946679
0.12030243025172632
0.12024555173837498
0.12018840770085
0.1201309329024621
0.12007305524113535
0.12001525401968828
0.11995752622406808
0.11989952915365641
0.11984138005579076
0.11978312067547739
0.11972450420513767
0.11966527713129117
0.11960600777958118
0.11954688194181354
0.11948762910540663
0.11942806474403224
0.11936849157445732
0.11930872885895497
0.11924835983595028
0.11918768153834658
0.11912709444619021
0.11906648233888865
0.11900554808669073
0.11894464042219201
0.11888354535034241
0.11882206716831434
0.11875999774826537
0.11869796325848987
0.11863593354068526
0.1185737278770742
0.11851140493822039
0.11844891814915043
0.11838615051472151
0.11832279047557225
0.11825926440807252
0.11819578575579939
0.11813235037148213
0.11806867100619185
0.11800470368791649
0.11794051531413796
0.11787580254624842
0.11781088403537823
0.1177460192385483
0.11768133462162571
0.11761611396457644
0.1175506080379363
0.11748501363288032
0.11741898302058225
0.11735267426210219
0.11728656371461282
0.11722036891823939
0.11715369985732885
0.11708669359098159
0.1170195825737453
0.11695214719004669
0.11688476092258367
0.11681721906941966
0.11674927448812662
0.11668103960527551
0.11661270716691392
0.11654419275163447
0.11647548375427015
0.1164066056892368
0.1163373400568087
0.11626799403512272
0.11619828155045808
0.11612837980865529
0.11605865832936087
0.11598861499243451
0.11591790650814862
0.11584710099760914
0.11577620851382543
0.11570521747968318
0.11563426783934619
0.11556271771156346
0.11549084782495422
0.11541877146000452
0.11534650806135378
0.11527413008944586
0.11520199460193659
0.11512920982999957
0.11505582549396386
0.1149824510540254
0.11490907288375231
0.11483547706818584
0.11476179031267737
0.11468768997416806
0.11461309797305759
0.11453846275351731
0.11446359411659782
0.11438875223872727
0.11431386279934065
0.1142382855542456
0.11416232400032046
0.11408637561363978
0.11401017410446317
0.11393403929741569
0.11385768800251506
0.11378075974669592
0.11370349641409287
0.11362613263831713
0.11354871145866778
0.11347131330362659
0.11339346145479892
0.11331514062286774
0.11323652657150117
0.11315780409980632
0.11307910318561853
0.11300031355932542
0.11292109048184651
0.1128411553500463
0.11276111605833264
0.11268124459752737
0.11260132215106856
0.11252090157367069
0.11243996198285969
0.11235873195943119
0.11227765759994551
0.11219651342018425
0.11211494665975558
0.11203302745449682
0.11195055103188903
0.11186826072384512
0.11178591153359124
0.11170317146768914
0.11162000048203809
0.1115365157948555
0.1114529784609914
0.11136935552403945
0.11128537864647521
0.11120090031226307
0.11111654366803807
0.11103167815394911
0.11094681105076226
0.11086152760057616
0.11077604036597988
0.11069046186725535
0.1106043695413059
0.1105182386138331
0.11043158191604902
0.11034501063936701
0.11025828575168242
0.1101710147571246
0.11008346952908506
0.1099955484260175
0.10990799928885508
0.10982003863159774
0.10973144858981994
0.1096424355685539
0.1095536560759533
0.10946490481453067
0.10937553499918497
0.10928536807002405
0.10919532789728845
0.10910563220123591
0.10901542184021042
0.10892442792373239
0.10883322934566989
0.10874232889628792
0.10865110351031249
0.10855952455554167
0.10846715498540004
0.10837502617432546
0.10828277625691189
0.10819023721370553
0.10809719281050109
0.10800374585349092
0.10791047916461555
0.10781683501978573
0.10772287850408675
0.10762846041591281
0.10753411058130301
0.10743945231930883
0.10734450821419442
0.10724907874020659
0.10715361347114574
0.1070579656652048
0.10696191507046574
0.10686539401483433
0.10676899294945395
0.10667227069683646
0.10657514514386283
0.10647760464450583
0.10638020261014154
0.10628239899828118
0.10618414340019063
0.10608559306116003
0.10598701039258766
0.10588827560511324
0.10578892025724025
0.10568927370854254
0.1055896663841883
0.1054899532818224
0.10538945951171422
0.10528865360734592
0.10518808169179554
0.10508726755865848
0.10498568128189353
0.10488372053679665
0.10478227769887902
0.10468027849730499
0.10457758057181456
0.10447464260614474
0.10437208248660468
0.10426896712841094
0.10416522131411056
0.10406134519685419
0.1039574059722851
0.10385308492356694
0.10374856088299313
0.10364375891876335
0.10353841962666704
0.10343288529672497
0.10332734949099032
0.10322152538148695
0.10311509366812137
0.10300856572492854
0.1029018219751048
0.10279455238957094
0.10268727905874844
0.10257984523538409
0.10247171014978201
0.10236322082941184
0.10225497814864339
0.10214654900930274
0.10203698029011792
0.10192766791749137
0.10181833046764018
0.10170854776812199
0.10159800854974861
0.10148762987351773
0.1013771729576744
0.10126598152451752
0.10115465337413863
0.10104297177944564
0.10093113889340428
0.1008189238723154
0.10070663185282806
0.10059384971337677
0.1004808238294034
0.1003675415787397
0.10025396228838931
0.10014005460328144
0.10002588218864163
0.09991151724902465
0.09979673132175505
0.09968161109307343
0.099566483441926
0.09945092587787024
0.09933472144313991
0.09921864200126797
0.09910220338946724
0.09898541536285164
0.09886816815988987
0.09875090415470639
0.09863339066716183
0.09851522616693051
0.09839695312768253
0.09827877717514724
0.09815960745495014
0.0980402861885864
0.09792155427156723
0.09780149529873657
0.09768098476144432
0.09756123725339479
0.09744070417680373
0.09731938857449385
0.09719842053484186
0.09707712338264587
0.09695479581832547
0.09683284399012827
0.09671104017451446
0.09658783670378569
0.09646463912275104
0.09634188762863143
0.09621798316237365
0.09609381645357733
0.09597022471333348
0.0958454826603579
0.09572005074142009
0.09559566411160456
0.09547021819872309
0.09534392628037786
0.09521866518514054
0.09509203499828574
0.09496472183986739
0.09483872322034063
0.09471115817322226
0.09458312730151895
0.09445618946901592
0.09432734392566527
0.09419873906504986
0.09407072419264415
0.09394081988906783
0.09381168515982079
0.0936824555933467
0.0935516095722996
0.09342175661896344
0.09329118876377634
0.09315962052638443
0.0930291618009992
0.0928972960890279
0.09276502775874208
0.09263345099106858
0.09250051749918935
0.09236767865869802
0.0922348873078546
0.09210094344435603
0.09196749151348534
0.09183375766425815
0.09169866298100762
0.0915641554357353
0.09142916027298607
0.09129383377216257
0.09115833522828339
0.0910221620329826
0.0908857564623537
0.09074876013700583
0.09061223544756883
0.09047526006513217
0.0903372759561452
0.09019927544838424
0.09006080346904481
0.08992260638474588
0.08978412611812328
0.08964429306850004
0.0895045260866212
0.08936481049925224
0.08922475451172786
0.08908457127641324
0.0889434086370189
0.08880182441949529
0.08866064921636901
0.08851894051711953
0.08837649926471129
0.08823426819696327
0.08809096196896465
0.0879479733383455
0.08780498998520127
0.08766048730559034
0.08751656400329363
0.08737175139531385
0.08722695517215234
0.08708260498469468
0.08693650624082015
0.08679056310988613
0.08664427898901679
0.08649749083559327
0.08635111029324966
0.08620381394732009
0.08605612400528445
0.08590855497546598
0.08575966732358016
0.08561139121012029
0.0854623693656827
0.08531301030247965
0.0851637408453832
0.08501334804998362
0.08486332132072287
0.08471241890035115
0.08456149760947743
0.08441008525242637
0.08425832392649331
0.08410612178059185
0.08395375438460709
0.08380099817712691
0.08364762850928854
0.08349457276306559
0.08334037039234306
0.08318634437094109
0.0830311849987342
0.08287639698415039
0.08272129198374013
0.08256555691928612
0.0824097826257827
0.08225299278670758
0.08209636280112617
0.08193889016206285
0.08178165080124838
0.08162359932729496
0.08146554823590307
0.0813065216732276
0.08114800036544516
0.08098818481314388
0.08082907171937097
0.08066835134806634
0.08050808772462548
0.08034730953724138
0.08018562798114139
0.08002502947676737
0.07986179979001845
0.07970077886805262
0.0795364249146778
0.07937483376046509
0.07921003894475465
0.07904722544690784
0.07888225284742535
0.07871788178387498
0.07855267776120488
0.07838701374158226
0.07822153962999724
0.07805484369041123
0.07788887114027823
0.07772123095030521
0.07755463280345815
0.07738586951102956
0.07721855224873753
0.07704917682310058
0.07688093437206585
0.07671103333957219
0.07654221371545852
0.07637131144140115
0.07620145915857486
0.07602966784781001
0.07585899341732856
0.07568661269737222
0.07551555796424157
0.07534235353388216
0.07517013787295374
0.07499607310478947
0.0748226904432714
0.07464815400072095
0.07447400940015286
0.07429889221651173
0.07412382280786091
0.07394800686179717
0.07377191506700387
0.07359537132769362
0.07341826400821529
0.07324109238508143
0.07306314982641553
0.07288535500865558
0.07270647086121283
0.07252814907304901
0.07234805708979278
0.07216880578103199
0.0719877620969236
0.07180764463475142
0.07162598311457269
0.07144530160105363
0.07126287034996687
0.07108097296152929
0.07089794409268052
0.0707148911665769
0.07053141157534173
0.07034711214895496
0.07016338481647763
0.06997782516394004
0.06979348591969017
0.06960709633060494
0.06942119028535312
0.06923467874009935
0.06904718032164016
0.06886046584975432
0.06867192569886184
0.06848450563042668
0.06829528857893773
0.06810649274403444
0.06791688280011125
0.06772648793495022
0.06753656663867438
0.06734503458468759
0.06715459009538795
0.06696225390553394
0.0667706176874988
0.06657736989281833
0.06638416349922872
0.0661910724187084
0.06599672148837474
0.06580314002203869
0.06560736853721578
0.06541289576987531
0.06521629045886576
0.06502037884536298
0.06482369817327642
0.0646264659131518
0.06442968781847712
0.06423089397984931
0.0640329548266958
0.06383365591420367
0.06363427854958677
0.06343431410511395
0.06323391164256667
0.06303348977658899
0.06283232371301382
0.06263019049743543
0.062428122556278616
0.06222519396466439
0.062022091965555914
0.061818669624710436
0.061614577998409366
0.061411071679985135
0.061204479386005047
0.06099930634188677
0.060793141356234155
0.06058588920062299
0.06038055090959511
0.06017108751612283
0.05996430269875894
0.05975645723178123
0.05954602993333103
0.059338100650569374
0.059126410106377404
0.0589159049272615
0.058705886491808135
0.05849311066256135
0.05828214861194336
0.05806957354598587
0.05785565146234684
0.057643277849955536
0.05742834442152301
0.0572137517720749
0.056998862888917395
0.05678263231219249
0.056566939292278205
0.0563498548524826
0.05613233218841239
0.05591512090689522
0.05569628610534002
0.05547801183698644
0.05525876020131083
0.05503801375836625
0.05481830017986019
0.05459683850239435
0.054374381737348605
0.054153374202496836
0.05392980181106827
0.05370646712297058
0.053483996257919754
0.05325843424436644
0.053033695850433264
0.05280913196129214
0.05258158498532381
0.05235497545404842
0.052128748997851235
0.05189947675800805
0.051670891028468106
0.051443285032797596
0.05121252095439003
0.05098216120318378
0.05075234809563948
0.05051992842452049
0.05028757963270188
0.0500559595203982
0.049821819429764075
0.04958756938497749
0.049353801779800865
0.04911804410026707
0.04888210709638855
0.04864611566545798
0.048408580421088095
0.048170560714296214
0.04793234861954162
0.047693447583164135
0.047453087690384574
0.04721263691561291
0.046972148417098326
0.04672971933581736
0.04648706044114865
0.04624439995320267
0.04600045812317666
0.04575516285360215
0.04550988351941451
0.04526423523410713
0.0450177447376924
0.04476972049372907
0.044521549528509785
0.04427263737680922
0.04402305350699964
0.043772070399069045
0.04352050278079323
0.0432688666366145
0.04301594370641539
0.04276152238416469
0.04250705917216046
0.042252246797253715
0.04199597848706887
0.04173820369337115
0.04148058432045152
0.04122217250310107
0.04096214078343761
0.04070089022042769
0.04043976120765091
0.04017757486455454
0.0399140661090941
0.039649252032002105
0.039384200055990345
0.039118117462082255
0.03885086949500671
0.03858219777917417
0.038312992028651065
0.03804270459126209
0.03777152003663381
0.037498719059449376
0.03722504444908221
0.03695016751886529
0.03667451659332119
0.03639759262510225
0.03611924528881494
0.03583986465578515
0.03555930233173228
0.03527754552929342
0.03499420400351818
0.03470963109833936
0.03442389089851266
0.03413683157287913
0.03384832418092701
0.03355825633476354
0.03326681284348298
0.032973908876025165
0.032679428806893236
0.03238325846640418
0.03208567134876107
0.031786557317024185
0.03148581019836621
0.031183064573329845
0.03087858189565057
0.030572353711393704
0.030264277412961973
0.029954195907500213
0.02964198316306889
0.029327848269066262
0.029011741075156087
0.028693466008481987
0.028372815547002665
0.028049782491822755
0.02772441903246514
0.027396693059166644
0.027066508190348528
0.026733524258450766
0.026397857854775483
0.026059456902761513
0.025718435320740213
0.025374562637786435
0.025027653787026462
0.024677456911328683
0.02432398547927035
0.023967115539071656
0.023606710012593686
0.023242477815109897
0.022874121973015058
0.022501573991053864
0.02212458448885852
0.02174301105999531
0.021356638652375453
0.020965188610226768
0.02056824519286777
0.02016555972664287
0.019756759633263517
0.01934134047050003
0.018918892400207308
0.018489057014019327
0.018051469017080365
0.017605782952885084
0.01715128703481212
0.01668727040392523
0.016212938701407418
0.015727183331156056
0.015228927454624461
0.014716735148386523
0.014189219233797134
0.013644568676405178
0.013080605003529285
0.012494667502941361
0.011883358401744412
0.01124253479490981
0.01056673918303733
0.00984868383131535
0.009078507232211796
0.008241641110837394
0.0073159295611273534
0.006263178514386831
0.005002809511873082
0.003303398375079066
0.0
0.0
0.0
0.0
0.0
0.0
0.0
0.0
0.0
0.0
0.0
0.0
0.0
0.0
0.0
0.0
0.0
0.0
0.0
0.0
0.0
0.0
0.0
0.0
0.0
0.0
0.0
0.0
0.0
0.0
0.0
0.0
0.0
0.0
0.0
0.0
0.0
0.0
0.0
0.0
0.0
0.0
0.0
0.0
0.0
0.0
0.0
0.0
0.0
0.0
0.0
0.0
0.0
0.0
0.0
0.0
0.0
0.0
0.0
0.0
0.0
0.0
0.0
0.0
0.0
0.0
0.0
0.0
0.0
0.0
0.0
0.0
0.0
0.0
0.0
0.0
0.0
0.0
0.0
0.0
0.0
0.0
0.0
0.0
0.0
0.0
0.0
0.0
0.0
0.0
0.0
0.0
0.0
0.0
0.0
0.0
0.0
0.0
0.0
0.0
0.0
0.0
0.0
0.0
0.0
0.0
0.0
0.0
0.0
0.0
0.0
0.0
0.0
0.0
0.0
0.0
0.0
0.0
0.0
0.0
0.0
0.0
0.0
0.0
0.0
0.0
0.0
0.0
0.0
0.0
0.0
0.0
0.0
0.0
0.0
0.0
0.0
0.0
0.0
0.0
0.0
0.0
0.0
0.0
0.0
0.0
0.0
0.0
0.0
0.0
0.0
0.0
0.0
0.0
0.0
0.0
0.0
0.0
0.0
0.0
0.0
0.0
0.0
0.0
0.0
0.0
0.0
0.0
0.0
0.0
0.0
0.0
0.0
0.0
0.0
0.0
0.0
0.0
0.0
0.0
0.0
0.0
0.0
0.0
0.0
0.0
0.0
0.0
0.0
0.0
0.0
0.0
0.0
0.0
0.0
0.0
0.0
0.0
0.0
0.0
0.0
0.0
0.0
0.0
0.0
0.0
0.0
0.0
0.0
0.0
0.0
0.0
0.0
0.0
0.0
0.0
0.0
0.0
0.0
0.0
0.0
0.0
0.0
0.0
0.0
0.0
0.0
0.0
0.0
0.0
0.0
0.0
0.0
0.0
0.0
0.0
0.0
0.0
0.0
0.0
0.0
0.0
0.0
0.0
0.0
0.0
0.0
0.0
0.0
0.0
0.0
0.0
0.0
0.0
0.0
0.0
0.0
0.0
0.0
0.0
0.0
0.0
0.0
0.0
0.0
0.0
0.0
0.0
0.0
0.0
0.0
0.0
0.0
0.0
0.0
0.0
0.0
0.0
0.0
0.0
0.0
0.0
0.0
0.0
0.0
0.0
0.0
0.0
0.0
0.0
0.0
0.0
0.0
0.0
0.0
0.0
0.0
0.0
0.0
0.0
0.0
0.0
0.0
0.0
0.0
0.0
0.0
0.0
0.0
0.0
0.0
0.0
0.0
0.0
0.0
0.0
0.0
0.0
0.0
0.0
0.0
0.0
0.0
0.0
0.0
0.0
0.0
0.0
0.0
0.0
0.0
0.0
0.0
0.0
0.0
0.0
0.0
0.0
0.0
0.0
0.0
0.0
0.0
0.0
0.0
0.0
0.0
0.0
0.0
0.0
0.0
0.0
0.0
0.0
0.0
0.0
0.0
0.0
0.0
0.0
0.0
0.0
0.0
0.0
0.0
0.0
0.0
0.0
0.0
0.0
0.0
0.0
0.0
0.0
0.0
0.0
0.0
0.0
0.0
0.0
0.0
0.0
0.0
0.0
0.0
0.0
0.0
0.0
0.0
0.0
0.0
0.0
0.0
0.0
0.0
0.0
0.0
0.0
0.0
0.0
0.0
0.0
0.0
0.0
0.0
0.0
0.0
0.0
0.0
0.0
0.0
0.0
0.0
0.0
0.0
0.0
0.0
0.0
0.0
0.0
0.0
0.0
0.0
0.0
0.0
0.0
0.0
0.0
0.0
0.0
0.0
0.0
0.0
0.0
0.0
0.0
0.0
0.0
0.0
0.0
0.0
0.0
0.0
0.0
0.0
0.0
0.0
0.0
0.0
0.0
0.0
0.0
0.0
0.0
0.0
0.0
0.0
0.0
0.0
0.0
0.0
0.0
0.0
0.0
0.0
0.0
0.0
0.0
0.0
0.0
0.0
0.0
0.0
0.0
0.0
0.0
0.0
0.0
0.0
0.0
0.0
0.0
0.0
0.0
0.0
0.0
0.0
0.0
0.0
0.0
0.0
0.0
0.0
0.0
0.0
0.0
0.0
0.0
0.0
0.0
0.0
0.0
0.0
0.0
0.0
0.0
0.0
0.0
0.0
0.0
0.0
0.0
0.0
0.0
0.0
0.0
0.0
0.0
0.0
0.0
0.0
0.0
0.0
0.0
0.0
0.0
0.0
0.0
0.0
0.0
0.0
0.0
0.0
0.0
0.0
0.0
0.0
0.0
0.0
0.0
0.0
0.0
0.0
0.0
0.0
0.0
0.0
0.0
0.0
0.0
0.0
0.0
0.0
0.0
0.0
0.0
0.0
0.0
0.0
0.0
0.0
0.0
0.0
0.0
0.0
0.0
0.0
0.0
0.0
0.0
0.0
0.0
0.0
0.0
0.0
0.0
0.0
0.0
0.0
0.0
0.0
0.0
0.0
0.0
0.0
0.0
0.0
0.0
0.0
0.0
0.0
0.0
0.0
0.0
0.0
0.0
0.0
0.0
0.0
0.0
0.0
0.0
0.0
0.0
0.0
0.0
0.0
0.0
0.0
0.0
0.0
0.0
0.0
0.0
0.0
0.0
0.0
0.0
0.0
0.0
0.0
0.0
0.0
0.0
0.0
0.0
0.0
0.0
0.0
0.0
0.0
0.0
0.0
0.0
0.0
0.0
0.0
0.0
0.0
0.0
0.0
0.0
0.0
0.0
0.0
0.0
0.0
0.0
0.0
0.0
0.0
0.0
0.0
0.0
0.0
0.0
0.0
0.0
0.0
0.0
0.0
0.0
0.0
0.0
0.0
0.0
0.0
0.0
0.0
0.0
0.0
0.0
0.0
0.0
0.0
0.0
0.0
0.0
0.0
0.0
0.0
0.0
0.0
0.0
0.0
0.0
0.0
0.0
0.0
0.0
0.0
0.0
0.0
0.0
0.0
0.0
0.0
0.0
0.0
0.0
0.0
0.0
0.0
0.0
0.0
0.0
0.0
0.0
0.0
0.0
0.0
0.0
0.0
0.0
0.0
0.0
0.0
0.0
0.0
0.0
0.0
0.0
0.0
0.0
0.0
0.0
0.0
0.0
0.0
0.0
0.0
0.0
0.0
0.0
0.0
0.0
0.0
0.0
0.0
0.0
0.0
0.0
0.0
0.0
0.0
0.0
0.0
0.0
0.0
0.0
0.0
0.0
0.0
0.0
0.0
0.0
0.0
0.0
0.0
0.0
0.0
0.0
0.0
0.0
0.0
0.0
0.0
0.0
0.0
0.0
0.0
0.0
0.0
0.0
0.0
0.0
0.0
0.0
0.0
0.0
0.0
0.0
0.0
0.0
0.0
0.0
0.0
0.0
0.0
0.0
0.0
0.0
0.0
0.0
0.0
0.0
0.0
0.0
0.0
0.0
0.0
0.0
0.0
0.0
0.0
0.0
0.0
0.0
0.0
0.0
0.0
0.0
0.0
0.0
0.0
0.0
0.0
0.0
0.0
0.0
0.0
0.0
0.0
0.0
0.0
0.0
0.0
0.0
0.0
0.0
0.0
0.0
0.0
0.0
0.0
0.0
0.0
0.0
0.0
0.0
0.0
0.0
0.0
0.0
0.0
0.0
0.0
0.0
0.0
0.0
0.0
0.0
0.0
0.0
0.0
0.0
0.0
0.0
0.0
0.0
0.0
0.0
0.0
0.0
0.0
0.0
0.0
0.0
0.0
0.0
0.0
0.0
0.0
0.0
0.0
0.0
0.0
0.0
0.0
0.0
0.0
0.0
0.0
0.0
0.0
0.0
0.0
0.0
0.0
0.0
0.0
0.0
0.0
0.0
0.0
0.0
0.0
0.0
0.0
0.0
0.0
0.0
0.0
0.0
0.0
0.0
0.0
0.0
0.0
0.0
0.0
0.0
0.0
0.0
0.0
0.0
0.0
0.0
0.0
0.0
0.0
0.0
0.0
0.0
0.0
0.0
0.0
0.0
0.0
0.0
0.0
0.0
0.0
0.0
0.0
0.0
0.0
0.0
0.0
0.0
0.0
0.0
0.0
0.0
0.0
0.0
0.0
0.0
0.0
0.0
0.0
0.0
0.0
0.0
0.0
0.0
0.0
0.0
0.0
0.0
0.0
0.0
0.0
0.0
0.0
0.0
0.0
0.0
0.0
0.0
0.0
0.0
0.0
0.0
0.0
0.0
0.0
0.0
0.0
0.0
0.0
0.0
0.0
0.0
0.0
0.0
0.0
0.0
0.0
0.0
0.0
0.0
0.0
0.0
0.0
0.0
0.0
0.0
0.0
0.0
0.0
0.0
0.0
0.0
0.0
0.0
0.0
0.0
0.0
0.0
0.0
0.0
0.0
0.0
0.0
0.0
0.0
0.0
0.0
0.0
0.0
0.0
0.0
0.0
0.0
0.0
0.0
0.0
0.0
0.0
0.0
0.0
0.0
0.0
0.0
0.0
0.0
0.0
0.0
0.0
0.0
0.0
0.0
0.0
0.0
0.0
0.0
0.0
0.0
0.0
0.0
0.0
0.0
0.0
0.0
0.0
0.0
0.0
0.0
0.0
0.0
0.0
0.0
0.0
0.0
0.0
0.0
0.0
0.0
0.0
0.0
0.0
0.0
0.0
0.0
0.0
0.0
0.0
0.0
0.0
0.0
0.0
0.0
0.0
0.0
0.0
0.0
0.0
0.0
0.0
0.0
0.0
0.0
0.0
0.0
0.0
0.0
0.0
0.0
0.0
0.0
0.0
0.0
0.0
0.0
0.0
0.0
0.0
0.0
0.0
0.0
0.0
0.0
0.0
0.0
0.0
0.0
0.0
0.0
0.0
0.0
0.0
0.0
0.0
0.0
0.0
0.0
0.0
0.0
0.0
0.0
0.0
0.0
0.0
0.0
0.0
0.0
0.0
0.0
0.0
0.0
0.0
0.0
0.0
0.0
0.0
0.0
0.0
0.0
0.0
0.0
0.0
0.0
0.0
0.0
0.0
0.0
0.0
0.0
0.0
0.0
0.0
0.0
0.0
0.0
0.0
0.0
0.0
0.0
0.0
0.0
0.0
0.0
0.0
0.0
0.0
0.0
0.0
0.0
0.0
0.0
0.0
0.0
0.0
0.0
0.0
0.0
0.0
0.0
0.0
0.0
0.0
0.0
0.0
0.0
0.0
0.0
0.0
0.0
0.0
0.0
0.0
0.0
0.0
0.0
0.0
0.0
0.0
0.0
0.0
0.0
0.0
0.0
0.0
0.0
0.0
0.0
0.0
0.0
0.0
0.0
0.0
0.0
0.0
0.0
0.0
0.0
0.0
0.0
0.0
0.0
0.0
0.0
0.0
0.0
0.0
0.0
0.0
0.0
0.0
0.0
0.0
0.0
0.0
0.0
0.0
0.0
0.0
0.0
0.0
0.0
0.0
0.0
0.0
0.0
0.0
0.0
0.0
0.0
0.0
0.0
0.0
0.0
0.0
0.0
0.0
0.0
0.0
0.0
0.0
0.0
0.0
0.0
0.0
0.0
0.0
0.0
0.0
0.0
0.0
0.0
0.0
0.0
0.0
0.0
0.0
0.0
0.0
0.0
0.0
0.0
0.0
0.0
0.0
0.0
0.0
0.0
0.0
0.0
0.0
0.0
0.0
0.0
0.0
0.0
0.0
0.0
0.0
0.0
0.0
0.0
0.0
0.0
0.0
0.0
0.0
0.0
0.0
0.0
0.0
0.0
0.0
0.0
0.0
0.0
0.0
0.0
0.0
0.0
0.0
0.0
0.0
0.0
0.0
0.0
0.0
0.0
0.0
0.0
0.0
0.0
0.0
0.0
0.0
0.0
0.0
0.0
0.0
0.0
0.0
