0.30109831283494376
0.3010983347610234
0.3010983425572373
0.301098339304991
0.3010983274059752
0.30109830870158466
0.3010982850009701
0.3010982571056927
0.3010982258758497
0.3010981918533756
0.3010981553021222
0.30109811677009557
0.3010980767871664
0.30109803513413796
0.3010979919941703
0.3010979474903523
0.3010979017556047
0.3010978551128625
0.30109780775104666
0.3010977593467102
0.30109770993230245
0.3010976595946823
0.30109760844939215
0.30109755659493387
0.3010975041163543
0.3010974510989198
0.30109739737168273
0.3010973429327512
0.30109728781319345
0.3010972320401082
0.3010971757092697
0.30109711885724194
0.30109706133703196
0.30109700327156474
0.3010969447556367
0.30109688579438737
0.3010968262693912
0.3010967663464894
0.30109670586793924
0.30109664479455944
0.3010965831267884
0.3010965208776668
0.30109645810241287
0.3010963949841404
0.3010963316536262
0.3010962679093461
0.3010962036835068
0.3010961389336702
0.30109607363823787
0.3010960077917809
0.3010959414496703
0.3010958746930196
0.30109580755050325
0.30109573996112304
0.30109567189476194
0.3010956033311371
0.3010955342527985
0.3010954647506828
0.30109539496992577
0.30109532471348566
0.30109525395574044
0.3010951827531855
0.3010951111251878
0.30109503901646456
0.30109496640248207
0.3010948934398233
0.3010948199861734
0.3010947460382386
0.30109467160339987
0.3010945967153167
0.3010945214111746
0.3010944456921075
0.3010943696984146
0.30109429333768994
0.3010942165192185
0.30109413922593714
0.30109406144979134
0.3010939831884021
0.30109390444579226
0.3010938252489147
0.3010937456915973
0.30109366577573393
0.3010935854413041
0.3010935046422375
0.3010934233551857
0.3010933415755292
0.30109325931037245
0.30109317662851404
0.30109309358681535
0.3010930101280629
0.301092926273214
0.30109284205382764
0.3010927574311278
0.3010926723465896
0.3010925868372162
0.30109250089099643
0.30109241453234203
0.3010923276755114
0.30109224032223514
0.30109215247370824
0.3010920641452112
0.3010919753584991
0.30109188612105314
0.30109179646173817
0.30109170644223127
0.3010916159923759
0.30109152509774745
0.30109143374357705
0.30109134194534487
0.3010912497153112
0.3010911570316714
0.30109106389104784
0.3010909703959394
0.30109087644031035
0.3010907819734269
0.301090687007893
0.3010905915418385
0.30109049556941253
0.3010903991007741
0.3010903021653132
0.3010902048229772
0.30109010716663115
0.301090009060149
0.3010899105038938
0.3010898114450822
0.3010897118699929
0.30108961179209465
0.30108951121734207
0.3010894101522981
0.30108930863451105
0.3010892067040694
0.3010891043005059
0.301089001404691
0.3010888980547425
0.3010887942774238
0.3010886900561014
0.3010885853594851
0.3010884801924832
0.3010883745419267
0.30108826843982367
0.3010881618342959
0.3010880546939885
0.3010879470300666
0.3010878388448272
0.3010877301425218
0.3010876209357992
0.30108751122875066
0.30108740101749093
0.30108729039400894
0.30108717929276846
0.3010870676777486
0.3010869555750416
0.3010868429521524
0.3010867298151676
0.30108661619154203
0.30108650208077076
0.301086387474864
0.3010862723423728
0.3010861567872125
0.30108604074539613
0.3010859241223451
0.3010858069653269
0.3010856893155446
0.3010855711235476
0.3010854523470614
0.30108533302471285
0.3010852131680093
0.3010850927141626
0.30108497182524846
0.30108485045837535
0.301084728546504
0.3010846061399264
0.30108448317757336
0.3010843596524255
0.3010842355719185
0.3010841109131257
0.30108398571188444
0.30108386003619475
0.30108373384466647
0.3010836071542715
0.30108347985328743
0.30108335208719267
0.3010832237447813
0.30108309485609475
0.30108296541956925
0.3010828353995489
0.30108270480195637
0.3010825735715329
0.30108244187057503
0.3010823095816998
0.3010821767862155
0.30108204336490546
0.30108190936545276
0.30108177475991127
0.3010816396138962
0.3010815039207755
0.30108136763676313
0.30108123077515536
0.3010810932923306
0.3010809551441506
0.30108081648044355
0.30108067717057296
0.30108053729153306
0.301080396859344
0.3010802557573735
0.30108011406148694
0.3010799717635679
0.3010798288920038
0.3010796855263277
0.3010795415979405
0.30107939706484427
0.30107925192531343
0.30107910622343653
0.3010789598175804
0.30107881285440474
0.3010786652669251
0.30107851698990684
0.30107836808740096
0.30107821857528566
0.301078068372325
0.30107791748569784
0.30107776602425096
0.30107761388754567
0.3010774611443802
0.3010773077471894
0.30107715384651434
0.30107699927549963
0.30107684404808416
0.3010766881779768
0.3010765316510126
0.3010763744211687
0.30107621653849603
0.30107605805790283
0.30107589889582703
0.30107573898452256
0.3010755784559415
0.3010754173280112
0.30107525549709513
0.3010750929803003
0.3010749297926542
0.3010747659708743
0.3010746015588755
0.30107443642621995
0.30107427054239205
0.30107410399027035
0.30107393680069194
0.3010737689254025
0.30107360031721464
0.3010734309271997
0.3010732608988661
0.30107309021932144
0.30107291878578407
0.30107274670460654
0.3010725738783894
0.30107240031947835
0.3010722260518464
0.3010720510946146
0.30107187542252584
0.30107169896925584
0.30107152175818735
0.3010713438773272
0.30107116526315125
0.3010709858706422
0.3010708057748201
0.30107062497952847
0.3010704433972745
0.3010702611005319
0.30107007804906766
0.3010698942672387
0.3010697097659872
0.3010695245481823
0.30106933860109014
0.3010691517740717
0.3010689640725501
0.3010687757009342
0.30106858665650804
0.3010683968706157
0.30106820630734216
0.3010680149801046
0.3010678229290674
0.30106763011193416
0.3010674363238185
0.30106724180323424
0.30106704646565613
0.30106685031467706
0.3010666534275484
0.301066455792627
0.3010662573629915
0.3010660581226074
0.3010658580202074
0.30106565700862337
0.30106545515943806
0.30106525245690297
0.30106504902319753
0.30106484476061113
0.3010646396611751
0.30106443373372066
0.30106422697996443
0.3010640194228768
0.3010638109924234
0.3010636016804817
0.30106339155824885
0.3010631806714745
0.3010629689916983
0.30106275639214714
0.30106254284205564
0.30106232845926134
0.3010621132360989
0.30106189718315457
0.3010616802635392
0.3010614624868067
0.3010612438608559
0.3010610243944554
0.30106080395124385
0.3010605825323312
0.3010603602744371
0.3010601371944848
0.3010599132305365
0.301059688250038
0.3010594623050759
0.3010592355043469
0.3010590078493491
0.30105877929383923
0.30105854982229285
0.30105831939691013
0.3010580879435949
0.301057855571239
0.3010576223041119
0.30105738811254074
0.30105715300045516
0.3010569169855861
0.30105668003532643
0.30105644213417126
0.3010562032662604
0.3010559634243609
0.3010557226006518
0.3010554807721087
0.3010552379424064
0.30105499414841597
0.3010547494214441
0.3010545037593057
0.30105425710701245
0.30105400940590377
0.3010537606510237
0.3010535108226538
0.301053260068978
0.301053008393
0.30105275572615153
0.30105250203295375
0.301052247352702
0.30105199167039454
0.30105173497049437
0.3010514772334913
0.30105121843726623
0.3010509586030327
0.3010506977839117
0.30105043595407766
0.30105017303234116
0.3010499090176133
0.301049643959177
0.30104937787742475
0.3010491107257579
0.30104884244219493
0.3010485730812336
0.30104830268903965
0.3010480312603448
0.3010477587693173
0.30104748517564445
0.3010472104485436
0.3010469345752965
0.30104665753486537
0.3010463793684095
0.30104610012363575
0.30104581981445727
0.3010455384248129
0.3010452559137156
0.30104497223324234
0.30104468737943263
0.3010444013726744
0.3010441141998494
0.30104382589318973
0.3010435364909777
0.30104324594550264
0.30104295415679727
0.3010426610983768
0.3010423669228931
0.3010420717039522
0.30104177533430604
0.30104147778310253
0.30104117912463435
0.30104087935911644
0.3010405784986919
0.30104027623265744
0.30103997275899075
0.3010396681177838
0.3010393623407924
0.30103905537258707
0.3010387471068478
0.30103843750215975
0.30103812659320156
0.30103781444325334
0.3010375011381901
0.30103718660481915
0.3010368707240375
0.3010365534993228
0.3010362349781014
0.30103591518378786
0.3010355941566829
0.3010352719365083
0.3010349485134431
0.30103462383835955
0.30103429788221775
0.30103397062605464
0.30103364188286874
0.30103331182839527
0.30103298058174444
0.30103264794887397
0.3010323140418147
0.30103197883851035
0.30103164233962926
0.3010313046566016
0.3010309653759161
0.30103062465550573
0.3010302825756831
0.3010299391772214
0.30102959446502964
0.3010292484375726
0.3010289011268521
0.30102855257792255
0.30102820252839396
0.30102785084583156
0.3010274976843641
0.30102714312481016
0.30102678720793413
0.3010264299664506
0.301026071453588
0.3010257115642502
0.3010253498884545
0.3010249867286944
0.3010246221757276
0.30102425639990293
0.30102388914016737
0.3010235205227529
0.3010231506510865
0.3010227789027947
0.3010224057090062
0.30102203099857444
0.301021654725041
0.30102127699584874
0.30102089793529163
0.3010205175968675
0.3010201354506143
0.3010197516598301
0.30101936637951493
0.30101897961499974
0.3010185913496891
0.3010182017267572
0.301017810405353
0.3010174174104605
0.30101702295356275
0.3010166269080458
0.3010162292211277
0.3010158300153969
0.3010154292563693
0.3010150267493488
0.3010146225235477
0.3010142166948756
0.3010138093789622
0.3010134006582764
0.3010129901988475
0.3010125779200025
0.301012163955637
0.30101174846442036
0.30101133150359133
0.30101091281702885
0.30101049286059145
0.30101007087036685
0.3010096469708239
0.30100922135485736
0.30100879409507664
0.30100836524668284
0.30100793484680105
0.30100750251549335
0.3010070686010408
0.3010066328975102
0.3010061953670936
0.3010057563937447
0.30100531542218245
0.3010048726129241
0.30100442821320844
0.301003982253975
0.30100353464560436
0.30100308517302965
0.3010026335864641
0.3010021799722518
0.3010017245681516
0.3010012675086716
0.30100080891056125
0.30100034834046085
0.3009998854778564
0.3009994209346128
0.3009989547593089
0.3009984870367995
0.3009980176032562
0.3009975458160367
0.30099707186634167
0.300996595898779
0.30099611828727496
0.300995639116157
0.30099515767725554
0.3009946747586635
0.30099418956638985
0.30099370244314877
0.30099321387463124
0.300992722936803
0.3009922299915564
0.30099173535993856
0.3009912388517508
0.300990740483281
0.30099023944738335
0.30098973630676074
0.30098923130683
0.3009887247277868
0.30098821627904804
0.30098770540182695
0.30098719245308814
0.30098667751996805
0.3009861607589205
0.30098564185256377
0.30098512056443594
0.30098459706339026
0.30098407170808844
0.3009835448340884
0.3009830158058786
0.3009824843508394
0.3009819505413444
0.3009814145514111
0.30098087665569473
0.300980336588805
0.3009797943210789
0.30097924993810876
0.30097870334378635
0.30097815444221515
0.30097760283895925
0.30097704915969137
0.30097649367440876
0.3009759362213606
0.3009753762054989
0.3009748135747774
0.3009742491740567
0.30097368310173467
0.3009731149073223
0.30097254317715133
0.30097196930658116
0.30097139322929506
0.30097081542168247
0.30097023538279954
0.3009696524473083
0.30096906748954094
0.3009684803115263
0.300967890867449
0.30096729851628495
0.3009667037135284
0.3009661067777577
0.30096550854496196
0.3009649070166683
0.3009643029115873
0.30096369623616137
0.30096308750080686
0.3009624761099587
0.30096186241118994
0.3009612464618366
0.30096062799888407
0.30096000680295787
0.3009593827071661
0.30095875653855825
0.30095812824382734
0.30095749718158277
0.30095686293978496
0.30095622619860224
0.3009555874342972
0.3009549467506644
0.30095430301847287
0.30095365639466864
0.30095300731275404
0.30095235596991166
0.30095170145309447
0.30095104367625136
0.30095038340041297
0.30094972109343754
0.30094905632547314
0.30094838861848444
0.3009477183508501
0.3009470457849829
0.30094637015658837
0.3009456912621478
0.30094500981664396
0.3009443262089495
0.3009436403949464
0.3009429513185053
0.30094225905111605
0.3009415639000055
0.3009408663029022
0.3009401657732126
0.3009394630055664
0.30093875676203863
0.3009380475791807
0.300937334798036
0.3009366201102357
0.3009359034183271
0.3009351830654702
0.30093445869753116
0.3009337321343715
0.300933003696577
0.3009322719138021
0.300931536290256
0.3009307978993643
0.3009300571957538
0.30092931376804266
0.3009285662071277
0.3009278158132937
0.3009270632134227
0.3009263076037443
0.30092554823049417
0.30092478586081417
0.30092402123528617
0.30092325282172067
0.30092248085229634
0.30092170584274264
0.30092092882118
0.3009201479062006
0.30091936400740893
0.3009185770099938
0.30091778715033485
0.3009169928837408
0.3009161953774421
0.3009153951684692
0.30091459275446397
0.30091378696161647
0.30091297750388946
0.3009121644454571
0.3009113477734993
0.3009105281956628
0.30090970563024033
0.3009088797578462
0.300908049247373
0.300907215975001
0.30090638044217605
0.3009055417217342
0.3009046981481718
0.30090385114468354
0.30090300178193385
0.3009021487205078
0.3009012911698337
0.300900430522468
0.3008995679041384
0.30089870097911364
0.3008978300505753
0.30089695606998085
0.30089607904199955
0.3008951976125507
0.300894312213137
0.30089342371680466
0.30089253201995914
0.30089163601240215
0.3008907364851872
0.30088983410187553
0.3008889280282011
0.3008880178261497
0.30088710425744375
0.3008861868987943
0.30088526572117674
0.3008843403643024
0.3008834115192718
0.30088247872473645
0.30088154231750325
0.3008806025194125
0.3008796590038243
0.30087871128369015
0.3008777595343064
0.3008768046060902
0.30087584600496126
0.30087488298057924
0.30087391541429054
0.3008729437139037
0.30087196818150513
0.30087099008876717
0.3008700091875916
0.3008690222784151
0.3008680297947606
0.30086703521935576
0.30086603786060634
0.3008650348948371
0.30086402696955467
0.30086301661260884
0.3008620022790847
0.3008609817361216
0.30085995780915387
0.30085893139272857
0.3008579007747677
0.30085686418106633
0.30085582410266887
0.3008547803554079
0.30085373124821163
0.3008526781096326
0.30085162169798185
0.3008505619657983
0.30084949805117767
0.30084843032622216
0.3008473583595899
0.3008462810262346
0.3008451996747171
0.3008441144899323
0.3008430247999189
0.30084193006072846
0.3008408313029899
0.3008397284622788
0.3008386203713786
0.300837508083274
0.30083639189178846
0.30083527053981346
0.30083414438017575
0.30083301383499855
0.3008318789053738
0.3008307388643804
0.30082959519343244
0.30082844736658226
0.30082729325612106
0.3008261349011639
0.3008249718531625
0.3008238040977062
0.3008226315594303
0.30082145484258566
0.3008202734315022
0.30081908656133155
0.3008178960751557
0.3008166997416068
0.3008154962288901
0.30081429046264474
0.3008130815083019
0.3008118657506886
0.30081064312929157
0.30080941797125593
0.3008081890289657
0.3008069521176812
0.30080571054208316
0.3008044662358557
0.3008032151933395
0.30080195897555617
0.3008006982767589
0.30079943212752164
0.30079815972058976
0.300796883702742
0.30079560421645407
0.3007943172493797
0.30079302443462996
0.3007917277853128
0.30079042466717193
0.30078911705611944
0.30078780462990556
0.30078648643319045
0.3007851620720732
0.3007838331383946
0.3007824999102526
0.3007811597151696
0.3007798148546916
0.3007784655963967
0.30077710931671586
0.3007757488281498
0.3007743829474461
0.30077301025767533
0.3007716318363466
0.3007702489997085
0.30076886082049137
0.3007674664371577
0.30076606660709415
0.30076466124772766
0.30076324906911234
0.30076183225841113
0.30076041031507084
0.3007589806165909
0.30075754582116887
0.30075610600754804
0.30075465929997347
0.300753207783603
0.30075175075860455
0.3007502864738551
0.30074881636094186
0.300747341332755
0.3007458599843554
0.30074437164353307
0.30074287905353
0.3007413799158579
0.30073987171461947
0.3007383613935383
0.30073684627557234
0.3007353183343403
0.3007337866022613
0.3007322522079997
0.30073070981149275
0.30072915812109063
0.3007276036607536
0.30072604379414974
0.30072447308198996
0.3007228976736496
0.30072131912351097
0.3007197319242169
0.3007181363673085
0.3007165366135355
0.30071492989430615
0.30071331740919016
0.3007116989949248
0.3007100710805076
0.30070843728333346
0.3007067989792541
0.30070515301085354
0.30070349933465196
0.3007018398250592
0.300700173927135
0.3006985005627702
0.30069682080509263
0.3006951351771263
0.30069344168594825
0.3006917409385368
0.3006900340474561
0.3006883187805999
0.30068659877957477
0.3006848729337799
0.3006831366680547
0.30068139430432156
0.30067964635728023
0.3006778901365731
0.30067612774493596
0.30067435727114084
0.3006725786967268
0.3006707941238215
0.30066900369322314
0.3006672046586894
0.30066539735705144
0.30066358429567086
0.3006617635535323
0.30065993518172246
0.3006581000014828
0.30065625713739286
0.3006544066457033
0.3006525491508173
0.30065068340447654
0.3006488094848482
0.3006469300752453
0.3006450426878278
0.3006431455477916
0.30064124311536394
0.3006393327595554
0.3006374122783225
0.30063548715506716
0.30063355394391417
0.3006316093834021
0.3006296616256056
0.30062770570206715
0.30062573639917806
0.30062376279119
0.3006217836825316
0.30061979319791254
0.3006177953326599
0.3006157919715903
0.3006137781777969
0.3006117554202381
0.3006097287216249
0.300607691433519
0.30060564250389343
0.3006035906454893
0.3006015305311592
0.30059945696723844
0.30059737739677933
0.30059529181164074
0.30059319557416325
0.3005910911496416
0.30058897984219424
0.30058685837955584
0.30058472836698374
0.3005825905580294
0.3005804429567696
0.3005782882548042
0.30057612523086313
0.3005739519279967
0.3005717718038358
0.30056958225871977
0.30056738132924155
0.30056517385206183
0.3005629577168592
0.3005607307046232
0.30055849686833724
0.30055625400059427
0.30055400055855097
0.3005517399086627
0.30054946904774316
0.30054718881070347
0.30054490234603987
0.3005426037536773
0.30054029446587766
0.30053797881836253
0.3005356535879501
0.300533317634081
0.30053097288850206
0.3005286193034737
0.300526255378007
0.30052388257314766
0.30052150048323195
0.3005191078274661
0.3005167068872356
0.30051429624658776
0.3005118746542019
0.30050944458173545
0.3005070044943885
0.3005045538898015
0.3005020951586073
0.3004996258957628
0.3004971430818839
0.3004946433602538
0.300492134010202
0.3004896140334619
0.3004870841960765
0.3004845436678982
0.3004819923976546
0.3004794320297015
0.3004768610959636
0.30047427873160004
0.3004716884795898
0.3004690874325436
0.3004664731147626
0.3004638511974418
0.30046121945323884
0.3004585741714055
0.3004559208162697
0.3004532572538651
0.300450579166405
0.3004478935490435
0.3004451983068068
0.300442487228673
0.3004397700522487
0.30043704376030184
0.3004342992090087
0.3004315495040913
0.3004287915717725
0.3004260132384977
0.30042322844577923
0.30042043688164227
0.3004176263149797
0.30041480697422224
0.3004119824067434
0.300409140348307
0.3004062863901331
0.30040342674023546
0.30040055081644323
0.3003976623415628
0.3003947680673808
0.3003918583694124
0.3003889354790498
0.30038600706767515
0.3003830633369915
0.3003801046442425
0.3003771387179588
0.3003741591638028
0.30037116657439766
0.3003681642197544
0.30036514787997454
0.3003621211991991
0.3003590832815114
0.30035602903001823
0.30035296607136663
0.3003498932174563
0.30034680283595844
0.3003437020354417
0.3003405923352049
0.3003374651621724
0.30033432602649784
0.30033117759200745
0.30032801319609437
0.3003248375354392
0.30032165085227625
0.3003184487470948
0.30031523642926206
0.3003120121318648
0.30030877198600614
0.3003055202826552
0.3003022546093012
0.3002989759136352
0.3002956873393707
0.30029238236429906
0.30028906499934926
0.3002857382321662
0.3002823926542512
0.3002790339514159
0.3002756655980442
0.3002722807268731
0.30026888255455864
0.30026547369329143
0.3002620491243785
0.30025861124448316
0.3002551611635602
0.30025169493585985
0.300248216276542
0.30024472425896237
0.3002412138367336
0.3002376949412736
0.3002341610017416
0.3002306075394521
0.3002270453894453
0.30022346894503704
0.3002198740328795
0.3002162690192835
0.30021264923900015
0.3002090114717786
0.3002053638728604
0.30020169998797586
0.3001980192576099
0.3001943290343681
0.30019062057559753
0.3001868952801046
0.30018316006908036
0.30017940606649307
0.3001756365323192
0.30017185785711864
0.30016805986181605
0.30016424677665904
0.30016042340968796
0.30015657870396234
0.3001527192021533
0.3001488490779895
0.30014495720703077
0.3001410514238161
0.30013713623248456
0.3001331990665469
0.3001292460368242
0.30012528441387026
0.3001213012974084
0.3001173009952843
0.30011329075879073
0.3001092582075901
0.30010521044617233
0.30010115424002753
0.3000970732935522
0.3000929778333749
0.30008887468862794
0.300084743067045
0.3000805966961179
0.3000764448943798
0.3000722651458592
0.3000680691031885
0.3000638669461914
0.30005963823623466
0.30005539275752574
0.30005113848753057
0.30004686042695355
0.3000425671427293
0.3000382590548622
0.30003392917343724
0.3000295846743309
0.30002522423344674
0.30002084283141806
0.3000164468470238
0.30001203270755095
0.300007599779786
0.30000315224163754
0.2999986850024362
0.2999942011372313
0.2999897005804053
0.2999851778928425
0.2999806406093159
0.2999760871461801
0.2999715110168664
0.29996692004142167
0.2999623124408799
0.2999576811696821
0.2999530338800085
0.29994837089259174
0.2999436857844864
0.29993898385399076
0.299934266803084
0.2999295284739395
0.29992476959265124
0.29991999734836405
0.2999152033151605
0.29991038759238586
0.2999055583315281
0.29990070847182604
0.2998958360720567
0.29989094693150353
0.2998860388618858
0.29988110999503065
0.2998761584750657
0.29987119283337477
0.29986621055528495
0.29986119733977884
0.2998561710066967
0.2998511288114753
0.2998460568480066
0.2998409705559045
0.2998358678973612
0.2998307370356802
0.2998255907998887
0.29982042624758865
0.29981523384044195
0.2998100248593159
0.299804796308669
0.29979954242913165
0.29979427249463275
0.29978898280163385
0.2997836684185125
0.29977833576162427
0.2997729815081697
0.29976760327014934
0.2997622057265737
0.29975678517282534
0.29975134448964874
0.2997458843646
0.29974039853268164
0.2997348947391006
0.2997293705704451
0.29972381771694084
0.2997182495832736
0.29971266023192517
0.2997070391870434
0.29970140541157964
0.2996957484386496
0.2996900583214009
0.2996843580546245
0.2996786331374211
0.2996728774938765
0.29966711017165953
0.29966131577287647
0.29965549225043503
0.2996496528505215
0.2996437848413725
0.299637891234766
0.2996319831446946
0.2996260447479532
0.29962008230454984
0.29961410342322087
0.29960809432996305
0.29960207525064236
0.29959603601239426
0.2995899636695018
0.29958387329788444
0.2995777622266037
0.29957161722669673
0.2995654559268713
0.29955927169200897
0.29955305384734693
0.2995468228770337
0.2995405674277496
0.29953427782553455
0.29952797901699274
0.2995216448651023
0.2995152786144499
0.29950890546739306
0.2995024948265975
0.29949605319863043
0.2994896041608898
0.29948311493457597
0.29947659567763313
0.2994700693285869
0.29946350259558835
0.29945690729534713
0.2994503034377681
0.2994436573265766
0.2994369843077387
0.29943030360788253
0.29942358078838915
0.2994168305886207
0.29941006966323436
0.2994032652783058
0.29939643616873673
0.29938959604896126
0.2993827104660515
0.2993758006977505
0.2993688778322009
0.2993619105190714
0.2993549224847773
0.299347914665712
0.2993408647680773
0.2993337953917142
0.2993266966651631
0.29931956356816314
0.299312410579872
0.2993052269196535
0.2992980115335646
0.29929077502022877
0.2992835078496093
0.29927620841489827
0.29926888412862546
0.2992615255484967
0.2992541388128825
0.2992467269570633
0.2992392805016768
0.29923178020624697
0.29922424966926015
0.2992166840273229
0.2992090944961638
0.2992014720040414
0.2991938173452927
0.2991861406388912
0.2991784219322534
0.2991706735401973
0.2991629066475285
0.2991550969257878
0.29914725872617715
0.29913940170281483
0.2991314970368306
0.29912356729288847
0.29911561525311015
0.29910761770956107
0.29909959184682855
0.2990915434681561
0.29908345510045065
0.29907533579884643
0.2990671898388799
0.2990590056961382
0.2990507892093437
0.2990425450780156
0.2990342659214739
0.2990259537363978
0.2990176109270645
0.29900923328740914
0.29900082276115164
0.2989923760245653
0.29898389578201057
0.2989753843917169
0.29896683472129065
0.29895825772818785
0.2989496496017266
0.2989409981837839
0.2989323257666844
0.2989236135160149
0.29891485257164674
0.29890607454044826
0.2988972580927126
0.2988883958226276
0.2988795128064927
0.2988705933380286
0.2988616313469989
0.2988526411503463
0.2988436125145992
0.29883454568346884
0.2988254481561896
0.29881631204391673
0.29880714187106444
0.2987979345012549
0.298788685626071
0.29877940597251124
0.2987700868923398
0.29876073114911
0.2987513475340649
0.2987419177518241
0.298732451733278
0.298722961240803
0.29871341940215357
0.29870384545892975
0.298694252979161
0.2986845921240839
0.29867490796346324
0.2986652030243972
0.29865542605406736
0.29864562850553217
0.2986358056973158
0.29862591033698893
0.2986159974337738
0.2986060595083789
0.29859605036251446
0.29858602104349086
0.2985759609319269
0.29856583269797843
0.2985556877805507
0.2985455052980399
0.29853525965354116
0.2985249991619339
0.2985146921775067
0.2985043294172233
0.29849395242038684
0.2984835194795911
0.29847303732801095
0.2984625370122891
0.29845196497343784
0.2984413564988796
0.2984307366309064
0.29842003560585123
0.2984093084184062
0.2983985658974376
0.29838772994874624
0.2983768790652611
0.29836600815613873
0.2983550456443431
0.29834406985095047
0.2983330857706464
0.2983220170028034
0.29831093205754833
0.29829981574205516
0.2982886258283749
0.2982774158576761
0.2982661697107946
0.2982548518258246
0.2982435125765602
0.29823213131416193
0.2982206826474034
0.2982092105374803
0.2981976910157057
0.29818611324565497
0.2981745101191708
0.29816285129471914
0.2981511386286581
0.29813939738880496
0.29812759566626473
0.2981157523347035
0.2981038748011608
0.29809192721908817
0.2980799467566031
0.2980679293211251
0.29805583839323463
0.2980437134658947
0.2980315528949512
0.2980193227285734
0.2980070591017445
0.29799475490545024
0.29798238110266884
0.29796997247098217
0.2979574717477929
0.29794490214087244
0.29793229412208966
0.29791964312559716
0.2979069295790509
0.297894174207883
0.29788137588704516
0.2978685176857536
0.29785561302345526
0.29784266405679694
0.2978296541475402
0.29781659047858516
0.29780348780770455
0.29779033296862467
0.2977771134833425
0.2977638509465279
0.29775055282929064
0.2977371693706006
0.29772374641506366
0.2977102915704312
0.29769675226987224
0.2976831715587193
0.29766955586870936
0.2976558560335322
0.29764211484902486
0.29762834359851903
0.2976144845375977
0.2976005780889589
0.29758664929210815
0.297572628512122
0.2975585597611821
0.2975444640248998
0.29753027845294894
0.2975160493088722
0.29750179181974334
0.29748745164412443
0.29747306626455267
0.2974586361334419
0.2974441251430782
0.2974295725910771
0.2974149764609597
0.2974003011969338
0.2973855835589782
0.29737081323620573
0.2973559624336338
0.2973410712365367
0.29732612012329435
0.2973111013336806
0.29729604639089113
0.2972809166557577
0.29726572574576443
0.2972504842357453
0.29723517485478146
0.29721980410274945
0.29720437793205695
0.2971888870861959
0.29717333798405565
0.29715772812195806
0.29714204918282294
0.2971263213730645
0.2971105354580746
0.2970946770414632
0.29707878473032756
0.2970628499868847
0.29704683858158487
0.2970307876362323
0.297014674132246
0.29699848141002855
0.2969822418824838
0.29696593872021954
0.2969495612809247
0.29693312904531377
0.2969166344374912
0.296900071057389
0.29688344296577074
0.29686675512250704
0.2968500017198463
0.29683317435929735
0.29681629305907165
0.296799351187068
0.2967823316744159
0.2967652580204443
0.296748122511115
0.29673089481440396
0.29671361961874315
0.29669625461414684
0.2966787504264395
0.29666120979966293
0.29664360242743093
0.2966258953977004
0.2966081514043785
0.2965903332396982
0.2965724190778091
0.29655447858244743
0.29653645817701507
0.2965183406267398
0.2965001920965042
0.29648194744489836
0.29646360727563054
0.2964452431755496
0.29642678503694153
0.29640824290850837
0.29638967205990313
0.296370992406106
0.296352237285832
0.2963334537944442
0.29631456289931307
0.29629559729205235
0.2962766020957026
0.2962574982152887
0.2962383115307638
0.29621910039418714
0.29619977911420514
0.29618037630867794
0.29616094037530466
0.2961413920474608
0.29612176537604185
0.2961021038761433
0.2960823175847816
0.29606245687484706
0.29604256601086726
0.29602254953874246
0.296002467830431
0.2959823512539627
0.29596209221838865
0.29594178667160176
0.29592143972256535
0.29590093878325163
0.29588040755604283
0.29585982877446987
0.29583909493788413
0.29581834821931746
0.29579757093513065
0.2957766468649316
0.29575569464064067
0.29573467388120883
0.2957135090810997
0.29569231439739485
0.29567104822711726
0.2956496425797613
0.29562820060520606
0.29560668585781513
0.295585043177762
0.2955633638610119
0.29554160484871117
0.2955197165607441
0.2954977807240404
0.2954757562869172
0.2954536155807807
0.295431396659016
0.29540903024156184
0.29538654240779255
0.29536401321129646
0.2953413869195378
0.29531864656634116
0.2952958634273535
0.29527296841579415
0.2952499648313582
0.29522692206114587
0.2952037567265483
0.2951804810802424
0.2951571805198165
0.2951337499305856
0.29511021558974143
0.2950866634944437
0.2950629708027816
0.2950391651109399
0.2950153436291324
0.29499138364174665
0.2949673130453029
0.2949432126921505
0.2949189690404621
0.2948946172869661
0.29487021884315173
0.29484570264902327
0.2948210721324067
0.29479639961586873
0.29477162413525104
0.29474671715486594
0.2947217554788259
0.29469669878942456
0.2946715015643296
0.2946462454137149
0.2946208905094113
0.2945954154199529
0.294569885382099
0.29454429562058015
0.29451861996209217
0.29449283678144367
0.29446695946537593
0.29444101160965785
0.2944149131110463
0.29438871886264284
0.2943625124005925
0.2943360956079052
0.2943095899905107
0.29428308882282095
0.2942563827867414
0.29422958196835897
0.29420276810754503
0.29417571549261173
0.2941484960961048
0.2941212530617781
0.29409383424744434
0.2940663165686935
0.2940387531756988
0.29401102529572337
0.2939832049806298
0.2939553179658807
0.29392727881728825
0.29389915393885174
0.2938709460278726
0.2938425876380028
0.2938141531109465
0.29378562308307016
0.2937569417409846
0.29372817305527144
0.29369930222379065
0.2936703028503945
0.29364122115001673
0.29361202966605077
0.2935827005769177
0.2935532919766242
0.293523774859473
0.2934941195798858
0.29346436892121947
0.2934344872559359
0.29340448094791327
0.2933743999551905
0.2933442051315542
0.29331393305005365
0.29328358868864896
0.29325311326385817
0.29322251919868464
0.29319183666198695
0.29316101602108635
0.29313007069234076
0.29309903448936186
0.29306785592604234
0.29303656258476873
0.2930051986701218
0.2929736677917541
0.2929420130395132
0.2929101899105098
0.2928781657257879
0.29284601659210907
0.29281382676899975
0.2927814466509891
0.2927489458539393
0.29271639421982015
0.29268364475837527
0.2926507816464498
0.29261786821052455
0.2925847500881556
0.29255151285375575
0.29251820992739086
0.29248471511501445
0.29245111486096176
0.292417431771512
0.292383555476164
0.29234959733597254
0.2923155512043667
0.29228130545608316
0.29224695359389863
0.29221248356032625
0.29217783814875786
0.29214311593787673
0.2921082789650302
0.29207332820387283
0.29203831913840544
0.29200316809294
0.2919678407459491
0.2919324310748909
0.29189688376854506
0.29186115132906515
0.2918253434303009
0.29178940038333395
0.29175328186594407
0.29171709262195133
0.2916806896501538
0.2916440194208508
0.291607275082651
0.29157038867109847
0.2915333211596191
0.29149613491044796
0.29145884172714054
0.29142134922362234
0.29138374523761384
0.2913460405165548
0.2913081176332208
0.2912701029441765
0.29123198437966197
0.29119365716678325
0.291155231992656
0.29111667375578615
0.29107790591890975
0.29103903861491326
0.29100004829866516
0.2909608545302737
0.2909215418689517
0.29088213670701113
0.2908426049904021
0.2908029513696334
0.2907632184576521
0.2907232808485317
0.29068318957813744
0.29064301481808597
0.2906026148688263
0.290562069168122
0.2905214605051766
0.2904806078005447
0.29043955060092863
0.2903983598140718
0.29035690435157435
0.2903152882915797
0.290273619599984
0.29023166045525045
0.2901895520547008
0.29014743129433257
0.2901050397016629
0.2900624744701079
0.29001991538055805
0.28997706630098546
0.28993400703483824
0.28989096492844973
0.2898476392035067
0.2898040761139686
0.2897605145721655
0.28971678860351485
0.2896728026062156
0.2896288145308625
0.28958470401887726
0.28954032390105405
0.289495913270873
0.2894513519746146
0.28940648802146635
0.289361537635844
0.2893164624645975
0.28927114076324184
0.28922570343495885
0.2891799916011385
0.28913395571078654
0.28908780112790167
0.2890416339119903
0.28899508949367564
0.28894840725155596
0.28890174469381613
0.28885469174033657
0.2888074752830528
0.28876028955541116
0.2887127535374583
0.2886650137240983
0.28861727786451813
0.288569264157129
0.28852102472902763
0.28847273218792274
0.28842425230490193
0.28837563837509533
0.2883269106564822
0.28827802223539517
0.2882288726579713
0.288179578593594
0.2881301848679294
0.28808054916174947
0.28803074530960016
0.2879806809197068
0.2879302904213192
0.28787972724577454
0.2878290018406279
0.2877780596017228
0.2877269368810228
0.28767563950780617
0.2876241567825732
0.28757249954998076
0.2875206262230434
0.28746854868925587
0.2874163556963474
0.2873639508447866
0.28731135182693684
0.28725863532887236
0.28720573259020105
0.2871526357968109
0.2870994598662187
0.28704610485279697
0.2869924705385956
0.286938704877804
0.28688477626273934
0.28683059602423283
0.2867761872602706
0.28672143767584385
0.28666644877349706
0.2866112522590661
0.286555914069808
0.2865003577867141
0.28644453972734885
0.28638861532953064
0.2863324404367014
0.28627600551255694
0.2862194778070489
0.28616269449302634
0.28610573204942485
0.28604866971886905
0.28599136517660545
0.28593391537237567
0.2858763303233427
0.285818529316798
0.28576049897377065
0.28570226977192137
0.28564388540531677
0.28558523537648073
0.2855261419354101
0.2854668701460041
0.28540732312824457
0.28534758622100165
0.28528768524239295
0.2852274863839372
0.2851670888151587
0.2851065593706156
0.28504573421378043
0.2849847342635029
0.2849236101557646
0.28486214981904706
0.28480058012763776
0.28473893439049286
0.284677012279941
0.28461490317063004
0.2845526084638902
0.2844900515168002
0.2844272552813118
0.28436424824722567
0.28430078337353687
0.28423704736598215
0.28417312596736644
0.28410900136344575
0.2840445047730512
0.2839798606173087
0.2839151277737605
0.2838500232186972
0.2837847594047707
0.2837192927129168
0.28365359550324637
0.2835877705289066
0.28352176639263654
0.283455598869129
0.28338913392234144
0.28332242516424494
0.28325551459874404
0.2831883610443691
0.28312073765745166
0.2830528080198815
0.2829846488359874
0.28291629433777365
0.2828476408239359
0.28277876186823264
0.2827097003477755
0.28264032737005496
0.2825707443734548
0.28250101978440045
0.2824311005235072
0.2823609896584324
0.2822906979224497
0.2822201655661746
0.2821493060545738
0.28207828102716015
0.2820070651174657
0.28193526759667664
0.2818630907496887
0.2817907931721034
0.2817181591629162
0.28164528711307074
0.2815722070649469
0.2814988534803348
0.2814252906645788
0.28135154705733484
0.281277523678075
0.2812033113208918
0.28112896596622156
0.28105441224876054
0.2809794740501637
0.280904336307053
0.28082900392521215
0.2807530580720072
0.28067680577352644
0.28060041747606895
0.2805235607652217
0.2804464141384989
0.28036920776107704
0.28029182245029705
0.2802139119364019
0.28013597715552696
0.2800580082855676
0.2799793880797712
0.2799007349029285
0.2798220242419993
0.2797428583045088
0.2796633277001313
0.2795836482941536
0.27950343198533795
0.2794226162273317
0.27934180348250404
0.2792608596880991
0.27917932676948265
0.27909771210182976
0.27901604542058006
0.2789337985697825
0.2788514224603349
0.27876907079501373
0.27868639612633783
0.27860322848598584
0.27851994893624027
0.2784364769107497
0.27835203370401734
0.27826741001431643
0.2781827508538785
0.27809755982213114
0.2780121600070402
0.2779266683562112
0.27784080319297544
0.2777545707770432
0.2776684138764854
0.2775819975260701
0.2774950877134589
0.2774080297588212
0.2773207241845897
0.27723270839299696
0.27714423326044635
0.2770556790274677
0.2769667443370248
0.276877471501569
0.2767881268344179
0.2766985162943321
0.27660836384553555
0.276518292203023
0.27642803626149487
0.2763372499639446
0.27624605795906393
0.27615476563454394
0.2760630331726696
0.2759705956353042
0.2758780184196941
0.2757852029385701
0.2756920317210393
0.27559861440718464
0.27550493244348945
0.27541101988040945
0.27531686391573407
0.275222408508038
0.2751275822905854
0.27503243022248997
0.27493709645849196
0.27484097011944486
0.2747445931289813
0.27464803057921106
0.2745511250454031
0.2744538122111408
0.2743562838528435
0.27425858150316346
0.27416049455305297
0.27406211961037885
0.2739636151991155
0.27386465059849585
0.273765276162665
0.2736654447245327
0.27356520212196983
0.2734645555251124
0.27336372302814704
0.27326280641448314
0.27316122959861544
0.2730594111019424
0.2729576568552558
0.2728554064981612
0.27275272632372033
0.2726498707409507
0.27254645127748384
0.27244255465934025
0.27233820353453375
0.2722338206466898
0.2721288794470504
0.2720236151237013
0.27191823852626723
0.27181261417800323
0.27170670097383787
0.27160039304578276
0.27149390597212053
0.27138644655955535
0.27127878874525413
0.27117083252553087
0.2710624859736257
0.27095370538740815
0.2708447328036587
0.27073572110330785
0.27062627513022347
0.2705165486309629
0.2704065400552698
0.2702958018547885
0.27018459994185523
0.27007300056555694
0.2699610441059277
0.26984867767693355
0.2697362700614156
0.26962369784296697
0.2695105850145439
0.26939725635368406
0.2692836930999944
0.2691695056942348
0.2690545704422042
0.268939416493856
0.2688238765143898
0.2687078821632047
0.26859184451014073
0.2684756744356578
0.26835912629180525
0.2682420906425328
0.26812479453135124
0.2680067835680789
0.26788816417804434
0.2677691787923117
0.267649989548734
0.2675305544332594
0.26741091483326207
0.26729099374464105
0.2671706755686263
0.26705000154356034
0.26692870643824324
0.26680672866865923
0.2666844127840251
0.26656187040212864
0.2664389773207162
0.26631583530634967
0.2661925214463468
0.2660687649844912
0.26594457388407317
0.26581987130152634
0.26569454970324907
0.26556897567340265
0.265442785731184
0.26531630116672134
0.26518989399733944
0.265063017876877
0.2649357020100136
0.2648081416879636
0.2646799833685138
0.2645509968894742
0.2644217854108461
0.2642922855360123
0.2641624294919612
0.26403224411981613
0.2639018572890495
0.26377122951101534
0.26363996771564846
0.2635079342371193
0.2633756423854412
0.263242851928917
0.2631094850029604
0.26297629809225026
0.2628428047211354
0.2627086504991627
0.26257430458360403
0.2624393992818919
0.26230379594055286
0.26216744818793103
0.2620310974994353
0.2618947806989694
0.2617577709652282
0.2616203889467347
0.26148304623877394
0.261344933414898
0.2612055449009916
0.26106610196916036
0.2609266950615489
0.26078700053154996
0.2606464961741114
0.26050607071125464
0.2603654398557112
0.2602235378806376
0.26008099605644985
0.25993848507758655
0.2597957972385746
0.25965237615994224
0.2595088593181993
0.2593653056366727
0.25922100006299176
0.25907541823778246
0.2589297992018879
0.2587840355877593
0.2586378045662705
0.25849114514477256
0.25834452740671315
0.2581974793060207
0.25804910285281996
0.25790026411549977
0.2577513358279346
0.2576023015595297
0.2574526992065043
0.2573029935047433
0.2571528675792828
0.2570016119417569
0.256849701007275
0.2566977585663844
0.25654578325403743
0.25639306396838496
0.2562400797845425
0.25608697593399704
0.25593290747744035
0.255777866997489
0.255622848096979
0.25546784804196926
0.255312275124569
0.2551561121561579
0.2549997415119053
0.2548425112156702
0.2546848171501199
0.25452669620660673
0.25436833567016226
0.25420955225845143
0.2540505810993938
0.2538912252776915
0.25373065731117384
0.2535696078061741
0.25340847894342283
0.25324725860252395
0.2530853372881001
0.25292295143943755
0.252760312681272
0.25259687931049535
0.25243265892003636
0.25226827516298345
0.25210387084226743
0.25193910828725674
0.2517738798554951
0.25160736928693284
0.25144072313463695
0.25127364582153566
0.25110626028332794
0.25093856797571434
0.2507708800035415
0.25060186918497185
0.25043198609056916
0.2502621793700149
0.2500924127893357
0.24992209094149967
0.24975113830298384
0.24957952626832494
0.24940714639187916
0.2492346242246155
0.2490617321162783
0.24888875255166695
0.2487152287140872
0.2485407581657888
0.2483654183557333
0.2481902005867154
0.24801453849423266
0.24783866262104504
0.2476623460613964
0.24748504673244043
0.24730694624648597
0.24712896336513276
0.2469506617232424
0.24677198547029136
0.24659279048365865
0.24641252837698058
0.24623180841385905
0.24605093877649414
0.24586979303186016
0.24568847454901208
0.24550640716307362
0.24532286422591304
0.2451393680091111
0.24495596469878825
0.24477217105995067
0.24458764660096607
0.2444021386660477
0.24421620768456054
0.2440303722097648
0.24384400263022205
0.2436571585507779
0.2434698152573067
0.24328130033070108
0.243092877208715
0.24290411328920822
0.24271489572889376
0.24252520525067564
0.24233449140595187
0.24214351146761606
0.24195222203286335
0.24176056633161402
0.24156842169556467
0.241375716581786
0.24118204461479814
0.24098835337488145
0.24079432781414956
0.2405999533721761
0.24040469351736501
0.2402085795443016
0.2400125222575571
0.23981599781657462
0.2396190316749856
0.23942153654460097
0.239223127946038
0.23902461972735287
0.23882542388868067
0.23862626869516687
0.2384265037291662
0.23822557605522637
0.23802429792751162
0.23782304417052264
0.23762164505780012
0.23741916021767634
0.2372154262705298
0.2370119876538358
0.23680876365515302
0.2366044430549805
0.23639907925016027
0.23619338199069903
0.23598801980532239
0.23578171752166321
0.23557488402894242
0.23536707627981554
0.23515952812479987
0.2349512377202492
0.23474235053533793
0.23453338254936704
0.23432337996523334
0.23411313706949602
0.23390208568567636
0.2336909996216363
0.23347950876016593
0.2332672322966613
0.23305421724128145
0.2328410009934471
0.23262777807256763
0.2324134479501294
0.23219853803105234
0.23198320919601018
0.2317677884601109
0.23155187535924215
0.2313348661865076
0.2311175402913385
0.2309000649090019
0.2306824528273549
0.23046332629438837
0.23024392951676742
0.2300244140535003
0.2298047357492282
0.2295838971242644
0.22936246034923125
0.2291408466483796
0.22891917369342846
0.22869673204817867
0.22847313567349303
0.22824941251549719
0.22802575726748495
0.22780147936460196
0.22757582815702235
0.2273500779119795
0.2271245900548044
0.22689830382232024
0.2266706799706473
0.22644294301225748
0.22621544326616447
0.2259872674459939
0.2257578294192864
0.22552814125285145
0.22529823580614605
0.2250679485758158
0.22483699593044762
0.22460560563343715
0.22437338791808045
0.22414086066335467
0.22390804797271385
0.2236749177393364
0.22344085376572895
0.22320629538929965
0.2229712085594337
0.2227357176135831
0.2225001803108517
0.22226392283090202
0.2220266325732361
0.22178890286338826
0.22155142466391126
0.2213134012067137
0.22107397574743995
0.220834507599079
0.220595150804646
0.2203550468011996
0.2201136480989491
0.21987232024319275
0.21963088990695692
0.21938874716100157
0.21914564196994968
0.2189021569568145
0.21865864857577202
0.2184143431413345
0.21816970782329226
0.2179243577550274
0.2176788383001259
0.21743246847930048
0.2171858291147886
0.21693867183135215
0.2166911390160939
0.21644294113110057
0.21619417522134313
0.21594513857529532
0.21569562165135897
0.21544551705323853
0.2151946391047411
0.2149437937995963
0.2146921640184802
0.21444017848929595
0.21418751818585777
0.2139345370838122
0.21368106797435887
0.21342698776138413
0.21317250211084018
0.21291771256898515
0.21266204350810966
0.21240598718576353
0.21215032472505146
0.2118930130699391
0.21163517075420926
0.21137772332264204
0.21111964059261715
0.2108605870150686
0.2106012868471832
0.21034175258812254
0.21008102803500048
0.20982040141313818
0.20955995515567574
0.20929779828348533
0.20903532472102657
0.20877306337187562
0.20850990136755965
0.20824613072161946
0.20798235517968391
0.2077179037418705
0.20745217650050263
0.2071869455224814
0.20692158301036628
0.2066547093485114
0.2063879600460347
0.20612061796794226
0.20585214007496688
0.20558427283655617
0.20531560917539732
0.20504606170737028
0.2047766330114371
0.20450602678079852
0.20423556780963298
0.2039646090460538
0.2036923882428865
0.20342096367454132
0.20314844183376288
0.20287478089285488
0.2026019727704093
0.20232766431591512
0.20205284213174987
0.20177912718764707
0.2015030563595773
0.20122683703903785
0.20095153797445575
0.2006741382663485
0.20039691559191145
0.2001198302252549
0.1998409732022447
0.1995627887924941
0.1992845287942555
0.19900400788456102
0.19872399622657322
0.1984440244006078
0.1981631108377683
0.19788213954441228
0.19760030726942007
0.1973173612991149
0.19703439481903956
0.19675237804776916
0.19646881263219956
0.1961841747046937
0.1958996377435049
0.19561420531151563
0.19532970017472925
0.1950443443679701
0.19475706183408328
0.19447013570292684
0.1941829146020517
0.1938956594692153
0.19360830122810338
0.1933190517918787
0.19302944985328674
0.19274071395811593
0.1924509031715042
0.19216027669535382
0.19186980977039167
0.19157794948762366
0.1912866210160344
0.19099530527252603
0.1907018493721635
0.19040905572755795
0.1901151187463513
0.18982132252363948
0.18952858333203607
0.18923302680680215
0.18893739736022577
0.1886415885351134
0.1883450971025307
0.1880495498938074
0.1877526754580827
0.18745483081262965
0.1871575521537271
0.18685829988979943
0.18655994768789194
0.18626111618985414
0.18596114849327083
0.18566171622028554
0.1853607690593001
0.1850599716837597
0.18475891663906951
0.1844567658124885
0.18415479398447837
0.18385220806503746
0.18354882045702917
0.18324595306231417
0.18294151360855418
0.18263716232541755
0.18233282688205993
0.18202697513421434
0.18172202154511827
0.18141491692658535
0.18110881771464185
0.1808022033840928
0.1804944641449875
0.18018737351492578
0.17987811371625595
0.17956983275009886
0.17926045744441663
0.17895116804432867
0.17864153587533868
0.1783305915196866
0.17801979390724118
0.17770863104256526
0.1773967825757891
0.17708541044504975
0.17677205660690845
0.17645966168478702
0.17614593578134186
0.1758321977660287
0.175518808316577
0.1752031375893057
0.17488932576990987
0.17457211876926232
0.17425782733313983
0.1739403924047131
0.1736247421208014
0.17330715876246744
0.17298959508263637
0.17267179778994626
0.172352821601404
0.1720347001516927
0.1717148532848736
0.17139596946641728
0.1710754332145885
0.17075558717725667
0.1704341453335019
0.17011302949254314
0.16979128477807776
0.1694691581953032
0.16914693629442729
0.1688246444200765
0.16850100516607838
0.16817759725516615
0.16785284811411041
0.1675287753400866
0.1672034066608457
0.16687954850494
0.16655312964396538
0.16622803551519574
0.16590050912124463
0.16557417480668316
0.16524629705211694
0.16491942027301149
0.16459110482498907
0.16426331119941798
0.16393445021556746
0.16360545789072065
0.16327594618915808
0.162945779145288
0.16261577714343473
0.162284889344361
0.16195443973918586
0.16162265129953143
0.16129193112344786
0.16095880644965815
0.16062701963618353
0.1602930859818118
0.1599605307946251
0.15962620074819153
0.15929328979804513
0.1589582402600115
0.15862405937023444
0.1582884808237398
0.15795337272646895
0.15761732949889828
0.15728125630413364
0.15694502720920306
0.15660801922826717
0.1562712508358374
0.15593347690471138
0.1555953818422263
0.15525754689919427
0.15491824511720814
0.1545801595446501
0.15424006908684568
0.15390150930445826
0.15356071375297956
0.15322105028370755
0.15287993295379135
0.15253914599661522
0.15219784479691983
0.15185628161655737
0.15151450018826876
0.1511721647459504
0.15082941946758716
0.15048614802068747
0.15014247853274543
0.14979938165347204
0.14945529956213352
0.14911159131642088
0.14876650449568013
0.14842187443150945
0.148076191734486
0.14773052641705267
0.14738499909965508
0.1470386902850706
0.14669316817320846
0.14634563604759876
0.14599909588763038
0.14565118546248373
0.14530349740889864
0.144955518087604
0.14460723609630372
0.14425923546506222
0.14391026507667176
0.1435607983987838
0.14321124895356746
0.14286146912698494
0.14251147097775643
0.14216147180427896
0.14181111719332776
0.14146106498807234
0.1411087258735971
0.1407573639309155
0.14040529453163855
0.1400526825157223
0.13970177250737456
0.13934794220047833
0.13899637042675
0.1386436506168666
0.13828928902158866
0.13793665507993044
0.13758135848084607
0.1372271772152196
0.13687323409840366
0.13651788251617852
0.13616361839136884
0.13580858075107036
0.1354526962874461
0.13509773880188952
0.13474137742228903
0.1343849078559141
0.1340286822804703
0.13367172235152133
0.1333148365948502
0.13295757512983591
0.13259980013717254
0.13224262804108153
0.13188462471842158
0.1315269040268407
0.13116900164125755
0.1308098450269685
0.13045155048023058
0.13009233596956568
0.12973220808399316
0.1293736976260269
0.12901330087927776
0.12865344200811413
0.1282948202180337
0.1279335834906951
0.1275734025639973
0.1272135722753822
0.12685137616714312
0.126490483144489
0.12612992501147333
0.12576722949354655
0.12540561361006558
0.12504491116419844
0.12468207979700881
0.12431999130260764
0.12395819456274958
0.12359486946547998
0.1232319359708427
0.12286978859669369
0.12250608371748772
0.1221424469701407
0.12177964244913247
0.12141572490084396
0.12105179276729527
0.12068828210790142
0.12032398016425987
0.11995934652741685
0.11959517356277775
0.1192310253044571
0.11886556788529881
0.11850077676727343
0.11813665590318627
0.11777072416998645
0.117405313216776
0.1170406907422013
0.11667506531302252
0.1163085691270061
0.11594301693550603
0.11557765133617744
0.1152119732946317
0.11484537955150903
0.11447932923650685
0.11411301108539502
0.11374696420145824
0.11338000730480949
0.11301280908352172
0.11264684955533055
0.11228017342995349
0.11191201560047738
0.11154518014263014
0.11117906797678034
0.11081175547387802
0.11044321429156027
0.11007649192676217
0.10970989910115467
0.10934154804260542
0.10897282278937766
0.10860597018996727
0.10823869408229318
0.10787051680083341
0.10750168303281019
0.10713431871385318
0.10676662143617961
0.1063986734577371
0.10602960732612486
0.10566166127472568
0.10529358372508381
0.10492600133267427
0.10455677055886982
0.1041882954297029
0.10381955808855282
0.10345187073608551
0.10308361777822095
0.10271442199426
0.10234587035428512
0.10197750740491004
0.1016095597623995
0.10124033581806646
0.1008715174371906
0.10050306435542854
0.10013451445763161
0.09976597511990742
0.09939699001336257
0.09902883901394487
0.09866016723627791
0.09829141754035028
0.09792181726399334
0.09755345541750382
0.09718544272207325
0.09681726690316757
0.09644840967460244
0.09607891620657852
0.09571046832092106
0.0953423291809367
0.0949737182134788
0.09460533181851685
0.09423635766058654
0.0938675120315401
0.0934995247486083
0.09313082719171384
0.09276235889546394
0.09239398339372855
0.09202552526870471
0.09165710786544046
0.09128895095570581
0.0909202197480984
0.09055255656318957
0.09018452710334597
0.08981648248892474
0.08944792979740147
0.08908024186268758
0.08871237386526279
0.08834530020659931
0.08797797771181358
0.08761038902610746
0.0872420178392239
0.08687403606394219
0.08650705719687264
0.08614075375068929
0.08577393676424501
0.08540665577819725
0.08503891955910219
0.08467134730588782
0.08430393514188547
0.08393792976436329
0.08357274008009404
0.08320732184260182
0.08284018764874575
0.08247284305035298
0.0821061296781209
0.08173956989479879
0.08137322899494377
0.0810085359950748
0.08064428000709327
0.08027972374233672
0.07991410778259594
0.07954789002323658
0.07918185469768634
0.07881607608962944
0.07845071177666084
0.07808605347527521
0.07772246348095507
0.07735898776010015
0.07699545518068222
0.07663136858347563
0.07626708401591392
0.07590262346551907
0.07553813666996766
0.07517390883007
0.0748100048737085
0.07444631987614563
0.07408289435466853
0.07371979948971064
0.0733578024161285
0.07299599945443279
0.07263418145072836
0.07227198695068572
0.0719100373283055
0.07154830100979713
0.07118675457697302
0.07082548862794648
0.07046394338104295
0.07010229555654006
0.06974092621395117
0.06938000446687152
0.0690192802644688
0.06865879071448783
0.06829854848931129
0.06793845152753505
0.06757881329178242
0.06721954107528987
0.06686051613327779
0.06650165391725602
0.06614266595499108
0.06578387468231006
0.0654253060390052
0.06506701941761654
0.06470895765030751
0.0643509904722359
0.06399324600365482
0.06363574437724925
0.06327854684283991
0.06292157539436306
0.06256483526939156
0.062208296487494964
0.061851933665494234
0.06149576956571573
0.06113981068600887
0.060784058778236894
0.06042850792304868
0.06007315564934985
0.05971802114171528
0.059363220653468406
0.059008679961793216
0.05865436101458735
0.058300268222473646
0.05794644443509316
0.057592927878109386
0.05723966161344953
0.056886653606578144
0.05653389519334901
0.056181380335213034
0.05582898087427363
0.055476826301164274
0.05512490473105953
0.05477320002771196
0.05442170344239386
0.054070437458272724
0.053719392417918795
0.05336854054621278
0.05301792423437092
0.052667593609212346
0.052317507552059536
0.05196764841439861
0.05161814141912895
0.051268802700012245
0.050919777970315085
0.05057062237119809
0.050221481850006335
0.04987294299742911
0.04952469530194405
0.049176378510622176
0.04882819037810938
0.048480208853133394
0.04813242199792536
0.047785100143290224
0.04743793203533253
0.04709097990921147
0.046744234393715174
0.04639800191294488
0.046051872584630914
0.045705629525175026
0.045359514454263665
0.04501360570370949
0.04466772413708866
0.04432190137074818
0.043976115028218306
0.043630733283286045
0.043285685309086726
0.04294086844211764
0.04259648733468684
0.04225208072269995
0.04190729258642148
0.04156272762043342
0.04121801815211318
0.040873341703614084
0.04052872187699541
0.04018460652906843
0.03984069685192198
0.039497081731100184
0.03915316961807914
0.03880919569356768
0.038465092520267884
0.038120924659506256
0.03777672856669511
0.037432860538457485
0.03708907282484095
0.03674547833002332
0.03640149010305952
0.03605738589862537
0.035712999141796466
0.035368564414382075
0.03502431946696578
0.03468000163136696
0.03433563523171146
0.03399092661573047
0.03364587420496336
0.03330055322998825
0.03295518138318321
0.032609665588862434
0.03226395859966175
0.03191782807220912
0.03157120798406854
0.031224320206363496
0.030877249193721104
0.030529829739264946
0.030182010782196646
0.02983365309232928
0.029484624645388216
0.029135297590180218
0.028785406782359326
0.028434923535489116
0.028083738861338352
0.027731691229800286
0.027379198619875804
0.027025845328870292
0.02667170007735998
0.026316623439176106
0.0259604856120617
0.02560352008424062
0.02524547002901122
0.024886352294694502
0.024525916005693163
0.024164550273032853
0.02380193719722743
0.023438021297269598
0.02307254864550076
0.022705524744511214
0.02233696026325502
0.021966600692810933
0.021594273912235815
0.02121990511793815
0.020843560586411215
0.02046486879109933
0.02008355688133032
0.019699553677670626
0.019312841530332414
0.01892304855147882
0.018529771337367256
0.018133038936429913
0.017732519784952112
0.017327925990088467
0.016918605568285453
0.016504940744905664
0.016086187031750132
0.015661984053925597
0.015231795620069573
0.014795367923584641
0.01435170923196887
0.013899939580493062
0.013439565838163758
0.01296933217448775
0.012488095207922717
0.011994481809048156
0.011486756527342285
0.010962699542518864
0.010420101070979085
0.009856000834305932
0.00926582092285704
0.008644160211696741
0.007984038599838999
0.007274701863387731
0.006500607146523971
0.0056358498320578715
0.004628706787041092
0.0033515600771177215
0.0010863538157238476
0.0
0.0
0.0
0.0
0.0
0.0
0.0
0.0
0.0
0.0
0.0
0.0
0.0
0.0
0.0
0.0
0.0
0.0
0.0
0.0
0.0
0.0
0.0
0.0
0.0
0.0
0.0
0.0
0.0
0.0
0.0
0.0
0.0
0.0
0.0
0.0
0.0
0.0
0.0
0.0
0.0
0.0
0.0
0.0
0.0
0.0
0.0
0.0
0.0
0.0
0.0
0.0
0.0
0.0
0.0
0.0
0.0
0.0
0.0
0.0
0.0
0.0
0.0
0.0
0.0
0.0
0.0
0.0
0.0
0.0
0.0
0.0
0.0
0.0
0.0
0.0
0.0
0.0
0.0
0.0
0.0
0.0
0.0
0.0
0.0
0.0
0.0
0.0
0.0
0.0
0.0
0.0
0.0
0.0
0.0
0.0
0.0
0.0
0.0
0.0
0.0
0.0
0.0
0.0
0.0
0.0
0.0
0.0
0.0
0.0
0.0
0.0
0.0
0.0
0.0
0.0
0.0
0.0
0.0
0.0
0.0
0.0
0.0
0.0
0.0
0.0
0.0
0.0
0.0
0.0
0.0
0.0
0.0
0.0
0.0
0.0
0.0
0.0
0.0
0.0
0.0
0.0
0.0
0.0
0.0
0.0
0.0
0.0
0.0
0.0
0.0
0.0
0.0
0.0
0.0
0.0
0.0
0.0
0.0
0.0
0.0
0.0
0.0
0.0
0.0
0.0
0.0
0.0
0.0
0.0
0.0
0.0
0.0
0.0
0.0
0.0
0.0
0.0
0.0
0.0
0.0
0.0
0.0
0.0
0.0
0.0
0.0
0.0
0.0
0.0
0.0
0.0
0.0
0.0
0.0
0.0
0.0
0.0
0.0
0.0
0.0
0.0
0.0
0.0
0.0
0.0
0.0
0.0
0.0
0.0
0.0
0.0
0.0
0.0
0.0
0.0
0.0
0.0
0.0
0.0
0.0
0.0
0.0
0.0
0.0
0.0
0.0
0.0
0.0
0.0
0.0
0.0
0.0
0.0
0.0
0.0
0.0
0.0
0.0
0.0
0.0
0.0
0.0
0.0
0.0
0.0
0.0
0.0
0.0
0.0
0.0
0.0
0.0
0.0
0.0
0.0
0.0
0.0
0.0
0.0
0.0
0.0
0.0
0.0
0.0
0.0
0.0
0.0
0.0
0.0
0.0
0.0
0.0
0.0
0.0
0.0
0.0
0.0
0.0
0.0
0.0
0.0
0.0
0.0
0.0
0.0
0.0
0.0
0.0
0.0
0.0
0.0
0.0
0.0
0.0
0.0
0.0
0.0
0.0
0.0
0.0
0.0
0.0
0.0
0.0
0.0
0.0
0.0
0.0
0.0
0.0
0.0
0.0
0.0
0.0
0.0
0.0
0.0
0.0
0.0
0.0
0.0
0.0
0.0
0.0
0.0
0.0
0.0
0.0
0.0
0.0
0.0
0.0
0.0
0.0
0.0
0.0
0.0
0.0
0.0
0.0
0.0
0.0
0.0
0.0
0.0
0.0
0.0
0.0
0.0
0.0
0.0
0.0
0.0
0.0
0.0
0.0
0.0
0.0
0.0
0.0
0.0
0.0
0.0
0.0
0.0
0.0
0.0
0.0
0.0
0.0
0.0
0.0
0.0
0.0
0.0
0.0
0.0
0.0
0.0
0.0
0.0
0.0
0.0
0.0
0.0
0.0
0.0
0.0
0.0
0.0
0.0
0.0
0.0
0.0
0.0
0.0
0.0
0.0
0.0
0.0
0.0
0.0
0.0
0.0
0.0
0.0
0.0
0.0
0.0
0.0
0.0
0.0
0.0
0.0
0.0
0.0
0.0
0.0
0.0
0.0
0.0
0.0
0.0
0.0
0.0
0.0
0.0
0.0
0.0
0.0
0.0
0.0
0.0
0.0
0.0
0.0
0.0
0.0
0.0
0.0
0.0
0.0
0.0
0.0
0.0
0.0
0.0
0.0
0.0
0.0
0.0
0.0
0.0
0.0
0.0
0.0
0.0
0.0
0.0
0.0
0.0
0.0
0.0
0.0
0.0
0.0
0.0
0.0
0.0
0.0
0.0
0.0
0.0
0.0
0.0
0.0
0.0
0.0
0.0
0.0
0.0
0.0
0.0
0.0
0.0
0.0
0.0
0.0
0.0
0.0
0.0
0.0
0.0
0.0
0.0
0.0
0.0
0.0
0.0
0.0
0.0
0.0
0.0
0.0
0.0
0.0
0.0
0.0
0.0
0.0
0.0
0.0
0.0
0.0
0.0
0.0
0.0
0.0
0.0
0.0
0.0
0.0
0.0
0.0
0.0
0.0
0.0
0.0
0.0
0.0
0.0
0.0
0.0
0.0
0.0
0.0
0.0
0.0
0.0
0.0
0.0
0.0
0.0
0.0
0.0
0.0
0.0
0.0
0.0
0.0
0.0
0.0
0.0
0.0
0.0
0.0
0.0
0.0
0.0
0.0
0.0
0.0
0.0
0.0
0.0
0.0
0.0
0.0
0.0
0.0
0.0
0.0
0.0
0.0
0.0
0.0
0.0
0.0
0.0
0.0
0.0
0.0
0.0
0.0
0.0
0.0
0.0
0.0
0.0
0.0
0.0
0.0
0.0
0.0
0.0
0.0
0.0
0.0
0.0
0.0
0.0
0.0
0.0
0.0
0.0
0.0
0.0
0.0
0.0
0.0
0.0
0.0
0.0
0.0
0.0
0.0
0.0
0.0
0.0
0.0
0.0
0.0
0.0
0.0
0.0
0.0
0.0
0.0
0.0
0.0
0.0
0.0
0.0
0.0
0.0
0.0
0.0
0.0
0.0
0.0
0.0
0.0
0.0
0.0
0.0
0.0
0.0
0.0
0.0
0.0
0.0
0.0
0.0
0.0
0.0
0.0
0.0
0.0
0.0
0.0
0.0
0.0
0.0
0.0
0.0
0.0
0.0
0.0
0.0
0.0
0.0
0.0
0.0
0.0
0.0
0.0
0.0
0.0
0.0
0.0
0.0
0.0
0.0
0.0
0.0
0.0
0.0
0.0
0.0
0.0
0.0
0.0
0.0
0.0
0.0
0.0
0.0
0.0
0.0
0.0
0.0
0.0
0.0
0.0
0.0
0.0
0.0
0.0
0.0
0.0
0.0
0.0
0.0
0.0
0.0
0.0
0.0
0.0
0.0
0.0
0.0
0.0
0.0
0.0
0.0
0.0
0.0
0.0
0.0
0.0
0.0
0.0
0.0
0.0
0.0
0.0
0.0
0.0
0.0
0.0
0.0
0.0
0.0
0.0
0.0
0.0
0.0
0.0
0.0
0.0
0.0
0.0
0.0
0.0
0.0
0.0
0.0
0.0
0.0
0.0
0.0
0.0
0.0
0.0
0.0
0.0
0.0
0.0
0.0
0.0
0.0
0.0
0.0
0.0
0.0
0.0
0.0
0.0
0.0
0.0
0.0
0.0
0.0
0.0
0.0
0.0
0.0
0.0
0.0
0.0
0.0
0.0
0.0
0.0
0.0
0.0
0.0
0.0
0.0
0.0
0.0
0.0
0.0
0.0
0.0
0.0
0.0
0.0
0.0
0.0
0.0
0.0
0.0
0.0
0.0
0.0
0.0
0.0
0.0
0.0
0.0
0.0
0.0
0.0
0.0
0.0
0.0
0.0
0.0
0.0
0.0
0.0
0.0
0.0
0.0
0.0
0.0
0.0
0.0
0.0
0.0
0.0
0.0
0.0
0.0
0.0
0.0
0.0
0.0
0.0
0.0
0.0
0.0
0.0
0.0
0.0
0.0
0.0
0.0
0.0
0.0
0.0
0.0
0.0
0.0
0.0
0.0
0.0
0.0
0.0
0.0
0.0
0.0
0.0
0.0
0.0
0.0
0.0
0.0
0.0
0.0
0.0
0.0
0.0
0.0
0.0
0.0
0.0
0.0
0.0
0.0
0.0
0.0
0.0
0.0
0.0
0.0
0.0
0.0
0.0
0.0
0.0
0.0
0.0
0.0
0.0
0.0
0.0
0.0
0.0
0.0
0.0
0.0
0.0
0.0
0.0
0.0
0.0
0.0
0.0
0.0
0.0
0.0
0.0
0.0
0.0
0.0
0.0
0.0
0.0
0.0
0.0
0.0
0.0
0.0
0.0
0.0
0.0
0.0
0.0
0.0
0.0
0.0
0.0
0.0
0.0
0.0
0.0
0.0
0.0
0.0
0.0
0.0
0.0
0.0
0.0
0.0
0.0
0.0
0.0
0.0
0.0
0.0
0.0
0.0
0.0
0.0
0.0
0.0
0.0
0.0
0.0
0.0
0.0
0.0
0.0
0.0
0.0
0.0
0.0
0.0
0.0
0.0
0.0
0.0
0.0
0.0
0.0
0.0
0.0
0.0
0.0
0.0
0.0
0.0
0.0
0.0
0.0
0.0
0.0
0.0
0.0
0.0
0.0
0.0
0.0
0.0
0.0
0.0
0.0
0.0
0.0
0.0
0.0
0.0
0.0
0.0
0.0
0.0
0.0
0.0
0.0
0.0
0.0
0.0
0.0
0.0
0.0
0.0
0.0
0.0
0.0
0.0
0.0
0.0
0.0
0.0
0.0
0.0
0.0
0.0
0.0
0.0
0.0
0.0
0.0
0.0
0.0
0.0
0.0
0.0
0.0
0.0
0.0
0.0
0.0
0.0
0.0
0.0
0.0
0.0
0.0
0.0
0.0
0.0
0.0
0.0
0.0
0.0
0.0
0.0
0.0
0.0
0.0
0.0
0.0
0.0
0.0
0.0
0.0
0.0
0.0
0.0
0.0
0.0
0.0
0.0
0.0
0.0
0.0
0.0
0.0
0.0
0.0
0.0
0.0
0.0
0.0
0.0
0.0
0.0
0.0
0.0
0.0
0.0
0.0
0.0
0.0
0.0
0.0
0.0
0.0
0.0
0.0
0.0
0.0
0.0
0.0
0.0
0.0
0.0
0.0
0.0
0.0
0.0
0.0
0.0
0.0
0.0
0.0
0.0
0.0
0.0
0.0
0.0
0.0
0.0
0.0
0.0
0.0
0.0
0.0
0.0
0.0
0.0
0.0
0.0
0.0
0.0
0.0
0.0
0.0
0.0
0.0
0.0
0.0
0.0
0.0
0.0
0.0
0.0
