0.4931551716024898
0.49315514298936447
0.49315509195416063
0.4931550224772738
0.4931549385857319
0.4931548436619405
0.49315474159737227
0.49315463277578453
0.4931545190314449
0.4931544011456818
0.49315427928333627
0.49315415471418117
0.4931540285807602
0.4931538997914983
0.49315376872293937
0.4931536355719122
0.49315350058143426
0.4931533645428017
0.4931532278284625
0.49315308938466496
0.49315294925817865
0.49315280764808983
0.49315266482430525
0.49315252100065665
0.49315237635103654
0.49315223104985717
0.49315208458254606
0.4931519369202109
0.4931517881256134
0.49315163825012165
0.4931514875267634
0.49315133602535466
0.49315118333380326
0.4931510297649135
0.49315087554763865
0.4931507206718664
0.4931505648095828
0.4931504083810262
0.49315025095896875
0.49315009243573427
0.493149932808711
0.4931497721076139
0.4931496104692365
0.49314944835340147
0.49314928607613207
0.4931491231034407
0.49314895925461705
0.49314879441768955
0.49314862853590724
0.49314846159441383
0.4931482937315379
0.49314812514742157
0.49314795590698884
0.49314778584993496
0.49314761489659176
0.49314744299347646
0.4931472700951802
0.49314709642671234
0.4931469223439359
0.49314674734855696
0.4931465713753964
0.49314639456338827
0.49314621695761807
0.4931460384184898
0.493145858884339
0.49314567873988496
0.4931454976301312
0.49314531554635793
0.49314513250608005
0.493144948590864
0.4931447638898113
0.49314457840293424
0.4931443924697811
0.49314420585900337
0.4931440183465122
0.4931438298900423
0.49314364046969134
0.49314345007950805
0.49314325872907944
0.49314306648335304
0.493142873568248
0.493142679985222
0.49314248558645046
0.49314229025941075
0.4931420939474975
0.4931418966397211
0.49314169835333865
0.4931414992535901
0.4931412994754492
0.4931410988791603
0.4931408975136473
0.49314069545281314
0.49314049260174875
0.4931402888192858
0.4931400841936165
0.4931398786952292
0.4931396723816992
0.49313946504775685
0.4931392566980464
0.49313904733585184
0.49313883699785543
0.4931386257357829
0.49313841356705596
0.49313820055966157
0.49313798685880744
0.4931377722965043
0.4931375568379559
0.4931373404478215
0.49313712316248176
0.49313690501045276
0.4931366859396795
0.4931364659419298
0.49313624525849387
0.4931360236379745
0.4931358009608826
0.49313557725746776
0.49313535252371643
0.493135126746269
0.49313489994939336
0.4931346722022843
0.49313444364529807
0.4931342144950122
0.4931339844305599
0.49313375345249966
0.49313352143710837
0.49313328835270176
0.493133054231278
0.49313281908706874
0.4931325829356121
0.49313234586459737
0.49313210796710666
0.49313186910148454
0.493131629223134
0.49313138842089044
0.4931311467566821
0.4931309041912437
0.4931306606514887
0.4931304161487766
0.4931301706524507
0.4931299242367905
0.493129676781221
0.4931294282133464
0.4931291785595998
0.49312892782572204
0.49312867602192095
0.4931284231777571
0.49312816930283904
0.4931279143882992
0.4931276586466676
0.4931274019258912
0.4931271441427484
0.49312688535763827
0.49312662549562797
0.4931263645710161
0.4931261026472129
0.49312583972297536
0.49312557577985694
0.49312531074553906
0.4931250448591383
0.49312477797296944
0.4931245098697707
0.49312424065881016
0.49312397043493805
0.49312369908467885
0.49312342651149393
0.49312315280460517
0.4931228779907083
0.49312260192632007
0.4931223249831136
0.4931220470623191
0.4931217680103811
0.49312148794255206
0.49312120671917514
0.4931209243245914
0.493120640776192
0.49312035602199633
0.4931200701442584
0.49311978329822803
0.49311949538920896
0.4931192064558568
0.4931189162435608
0.49311862508424614
0.4931183327243973
0.49311803923278663
0.4931177446060416
0.4931174487632971
0.4931171517184531
0.49311685334637445
0.49311655401636834
0.4931162534615412
0.4931159518668144
0.49311564896158894
0.4931153448546639
0.49311503948301494
0.4931147329958121
0.4931144253780523
0.4931141165306558
0.4931138064840783
0.49311349513987823
0.4931131823987632
0.49311286860034526
0.4931125534491203
0.49311223711973334
0.4931119196484985
0.49311160077207605
0.49311128066249876
0.493110959301714
0.49311063675406125
0.4931103131989983
0.4931099884814704
0.49310966250687255
0.4931093352716194
0.4931090068753068
0.49310867699907696
0.4931083459739124
0.4931080136490553
0.49310767987815163
0.4931073448059803
0.4931070084685814
0.4931066706836368
0.49310633146799726
0.4931059910667575
0.49310564925441014
0.4931053061859424
0.49310496175478535
0.4931046162990367
0.49310426944407215
0.4931039212216581
0.4931035716629336
0.49310322073649016
0.49310286833964484
0.4931025145851101
0.4931021595961307
0.4931018031857435
0.4931014452028832
0.4931010859434997
0.49310072544776956
0.49310036348404357
0.49310000009110666
0.4930996353029764
0.4930992692020065
0.493098901886384
0.49309853306488155
0.49309816267000667
0.4930977908873841
0.49309741778607286
0.4930970432586042
0.4930966672001685
0.4930962895023295
0.4930959104856189
0.4930955301213981
0.4930951481809587
0.4930947649016866
0.4930943800669354
0.49309399370475426
0.493093605868969
0.4930932166024717
0.4930928258493827
0.49309243346268833
0.493092039495041
0.4930916441424878
0.49309124726408854
0.49309084876032866
0.49309044879834546
0.49309004738692336
0.49308964433219926
0.49308923979554364
0.49308883368803086
0.4930884260641099
0.4930880169483678
0.4930876063474272
0.4930871942333422
0.4930867802728304
0.4930863644788806
0.4930859473048677
0.4930855287447651
0.49308510864668287
0.49308468693148994
0.49308426362931257
0.49308383882932794
0.4930834124382493
0.49308298400373607
0.49308255405395535
0.49308212240242194
0.4930816890576251
0.49308125419062676
0.49308081777591845
0.4930803797101932
0.49307993995850125
0.49307949840825255
0.493079054956134
0.4930786097608098
0.4930781627881198
0.4930777143078736
0.49307726410489766
0.49307681216212434
0.49307635849949616
0.49307590312124394
0.4930754460783591
0.49307498721706344
0.4930745265200976
0.49307406414467453
0.4930736001917179
0.4930731345987876
0.49307266708748765
0.49307219759095633
0.49307172636891644
0.49307125340489466
0.4930707787225185
0.49307030224113063
0.4930698239821675
0.493069343963381
0.49306886220439133
0.49306837840640894
0.4930678925727212
0.49306740500393387
0.49306691573743827
0.4930664246376998
0.4930659314147086
0.49306543618350684
0.4930649391828976
0.49306444041645997
0.4930639397832369
0.49306343724969415
0.4930629327336032
0.49306242607346956
0.4930619175083808
0.4930614070918791
0.49306089475945497
0.49306038052016893
0.493059864413219
0.4930593463677188
0.493058826350269
0.4930583043267465
0.49305778028192504
0.4930572541993037
0.49305672602921813
0.4930561957803553
0.4930556635338117
0.4930551293583888
0.4930545932496967
0.4930540550881866
0.49305351474650805
0.4930529722146019
0.49305242745024347
0.4930518807771493
0.493051332202149
0.49305078157613885
0.4930502288223416
0.49304967402692146
0.493049117157669
0.4930485581812655
0.4930479970557863
0.4930474337336979
0.4930468682617975
0.49304630075618894
0.49304573116109635
0.493045159300462
0.4930445851726336
0.49304400888541916
0.493043430483661
0.49304284986656605
0.49304226690011177
0.49304168170342794
0.49304109437734417
0.4930405049108567
0.4930399132483395
0.49303931930282535
0.49303872300815643
0.4930381243374599
0.4930375232458471
0.4930369198233594
0.4930363141740798
0.49303570632865
0.4930350962527005
0.4930344838578954
0.4930338690410041
0.4930332517941743
0.49303263216228427
0.4930320101175827
0.49303138573052274
0.49303075908453514
0.4930301300768125
0.4930294984916251
0.49302886427254405
0.49302822775067284
0.4930275890856439
0.4930269480457989
0.49302630456498214
0.4930256588043829
0.4930250107648582
0.4930243604730362
0.493023707258055
0.4930230515487589
0.4930223934323692
0.4930217329779592
0.4930210700662856
0.4930204044684308
0.4930197360958767
0.49301906502440485
0.49301839139137027
0.4930177153826474
0.4930170368407881
0.4930163555095803
0.49301567139743846
0.4930149846074753
0.49301429519089646
0.49301360323519616
0.4930129088264949
0.4930122119440567
0.4930115124825214
0.49301081037992484
0.4930101055960777
0.4930093977291378
0.49300868715846907
0.493007974141061
0.49300725825978714
0.4930065397564926
0.4930058185842846
0.49300509474519383
0.4930043684793728
0.49300363889819176
0.49300290634245597
0.4930021709856771
0.49300143291616233
0.49300069214503195
0.49299994866954244
0.4929992025589671
0.49299845391050245
0.4929977021611689
0.4929969470276964
0.49299618884219765
0.49299542777900585
0.49299466392626584
0.49299389735472526
0.49299312817902174
0.49299235617411474
0.4929915804615666
0.4929908016914671
0.4929900200591817
0.4929892359303669
0.4929884487458121
0.492987658776758
0.49298686624522403
0.49298606981847404
0.4929852704214628
0.49298446790251815
0.4929836621630045
0.4929828534338113
0.4929820419815696
0.49298122792107557
0.4929804101187361
0.4929795889253271
0.4929787646734016
0.4929779373750231
0.49297710699534086
0.4929762738410967
0.4929754371840807
0.4929745970788061
0.4929737539782028
0.4929729076123025
0.4929720578691734
0.49297120501156866
0.492970348966472
0.4929694893188919
0.49296862613233045
0.49296775965524464
0.49296689013517975
0.49296601774859294
0.49296514178325274
0.4929642620681288
0.4929633788900254
0.4929624925882017
0.49296160328522315
0.492960710435459
0.49295981501156
0.4929589153853452
0.49295801182369015
0.4929571047389174
0.4929561942865863
0.4929552805849786
0.49295436371372303
0.49295344286427134
0.49295251877944785
0.492951591021395
0.49295065951061173
0.4929497250652321
0.49294878650390356
0.49294784416951415
0.49294689858900775
0.4929459498286552
0.4929449976982678
0.4929440417411346
0.4929430814272549
0.49294211694172974
0.4929411487912322
0.4929401772624136
0.49293920260385604
0.4929382238951777
0.49293724045675336
0.49293625358992105
0.49293526339835825
0.49293427006263507
0.4929332732351754
0.4929322715524726
0.4929312654222277
0.4929302551527806
0.4929292415386469
0.49292822475907594
0.4929272033121442
0.49292617887088874
0.49292514975163304
0.49292411668263436
0.49292308069441065
0.4929220398282537
0.4929209948529127
0.4929199464497104
0.492918894216003
0.49291783818703466
0.492916776653846
0.492915710810469
0.4929146411777288
0.4929135683495008
0.49291249171068363
0.4929114100791509
0.4929103242121253
0.49290923429500444
0.4929081406596372
0.4929070426350979
0.4929059397223391
0.49290483228003995
0.4929037210678737
0.4929026067958188
0.49290148812019313
0.4929003644658157
0.4928992359872398
0.49289810305363274
0.4928969662463912
0.4928958250053661
0.4928946792689295
0.49289352921893537
0.49289237465330843
0.4928912153706274
0.4928900505393999
0.49288888148235005
0.49288770877009686
0.4928865320615163
0.49288535010153656
0.49288416278200536
0.492882971886897
0.49288177762386676
0.49288057904277405
0.4928793731634121
0.492878162931152
0.4928769482069588
0.49287572999584983
0.49287450724202647
0.49287327854432433
0.49287204574709115
0.4928708084337245
0.4928695665085535
0.49286831862236535
0.4928670657364624
0.4928658085228536
0.49286454874220237
0.49286328218664327
0.4928620103716461
0.4928607333121557
0.49285945208357373
0.4928581654332504
0.49285687409386464
0.4928555781868544
0.49285427715978025
0.4928529705524951
0.4928516580156414
0.4928503412898224
0.4928490202633255
0.4928476935884931
0.4928463604009623
0.4928450221322281
0.49284367978396915
0.4928423335744218
0.4928409811316622
0.4928396227872816
0.49283825945329895
0.4928368915446388
0.49283551714499074
0.4928341360758434
0.49283274993675846
0.49283135971049846
0.4928299644951692
0.4928285632886335
0.4928271568862922
0.4928257458395332
0.4928243285459207
0.49282290458046435
0.4928214754444412
0.4928200419540116
0.49281860401690725
0.4928171594197764
0.492815708314497
0.49281425134676454
0.49281278943509016
0.4928113215607188
0.4928098491801087
0.49280836970077624
0.4928068842486537
0.49280539144533975
0.49280389483497183
0.4928023942131825
0.4928008861117879
0.49279936979216793
0.49279784906566904
0.49279632460313905
0.4927947933280027
0.4927932542050795
0.49279170948225487
0.49279016011124677
0.49278860523202167
0.49278704189925593
0.4927854728344085
0.49278389934885175
0.4927823197626299
0.4927807325017771
0.49277913917172883
0.4927775413209723
0.4927759357486917
0.49277432294230045
0.4927727039809601
0.4927710810128906
0.4927694501091902
0.4927678131714529
0.4927661699610697
0.49276452097266177
0.4927628629832545
0.4927611984318616
0.49275952844041637
0.4927578540476924
0.49275617280483575
0.4927544841168123
0.49275278811944917
0.49275108478790763
0.49274937559955
0.49274766038480805
0.49274593847878995
0.4927442071084131
0.49274247018714035
0.4927407287603608
0.49273898089600393
0.49273722312539214
0.49273545841678634
0.49273368900164927
0.49273191209033507
0.49273012603841304
0.4927283337483129
0.4927265375645267
0.4927247326241424
0.4927229195608514
0.49272110035695077
0.49271927502290963
0.492717440742075
0.49271559841488327
0.4927137498594758
0.4927118948611328
0.49271003111188544
0.49270816025919056
0.49270628368403807
0.4927043996523696
0.4927025072552276
0.4927006080780063
0.4926987012420463
0.492696786688672
0.4926948636709397
0.49269293362679023
0.49269099559902074
0.4926890502889895
0.4926870981587085
0.4926851385308452
0.4926831703955191
0.4926811941187548
0.49267921146772903
0.4926772214175101
0.4926752224121271
0.49267321420767207
0.4926711976527652
0.4926691733760242
0.49266714401690237
0.492665109060433
0.49266306187073144
0.4926610033512326
0.49265894072721483
0.4926568725637396
0.492654793007057
0.4926527034030954
0.4926506089938986
0.4926485065771821
0.4926463915276282
0.4926442697037378
0.49264214295932923
0.4926400077473281
0.4926378603946865
0.4926357060643683
0.49263354437570067
0.4926313718282164
0.49262919117557413
0.4926270039888802
0.49262480987543633
0.4926226068175735
0.4926203961155825
0.49261817757016885
0.49261594839766193
0.4926137111589422
0.49261146623768814
0.4926092122451708
0.4926069480584009
0.4926046758109343
0.4926023953707317
0.49260010432613804
0.49259780485643034
0.49259549757022253
0.49259317987057305
0.49259085248910617
0.4925885163000698
0.4925861713072391
0.492583816010551
0.4925814534721632
0.4925790826063905
0.49257669902072415
0.4925743069293083
0.49257190540732354
0.492569494426792
0.49256707383395354
0.4925646448777638
0.4925622064951405
0.4925597571103683
0.4925573005279966
0.49255483214507356
0.4925523492175408
0.49254986190943395
0.4925473682919173
0.49254486090991667
0.49254233964288235
0.49253981341612457
0.49253727965661454
0.4925347297391329
0.492532170480161
0.49252960586602373
0.49252702764188294
0.49252443902792725
0.49252184145643
0.4925192329316183
0.492516611793114
0.4925139834951235
0.49251134833109417
0.49250869803934405
0.49250603598683507
0.4925033663204219
0.492500683618059
0.49249799194989874
0.4924952906537607
0.49249257776514577
0.4924898524761155
0.4924871180645265
0.49248437510347104
0.4924816182349195
0.4924788523283943
0.492476077666879
0.49247328885724345
0.4924704916850026
0.4924676837184859
0.4924648620473614
0.4924620288894784
0.49245918695176255
0.49245633432967456
0.49245346925496214
0.49245059328616697
0.4924477062554057
0.49244480551530495
0.492441895560813
0.4924389753648911
0.4924360395444859
0.4924330935611259
0.4924301375777219
0.49242716774538475
0.4924241883468597
0.49242119794690686
0.49241819295403655
0.49241517630909487
0.49241214988687737
0.492409110806388
0.49240605769138
0.4924029961711448
0.49239992153241025
0.4923968286191191
0.4923937300920169
0.4923906219050938
0.4923874877287311
0.49238434609584064
0.4923811995559351
0.49237803827152615
0.4923748582589363
0.49237167289074035
0.49236847676423257
0.49236525873823017
0.49236203141563806
0.49235879798039145
0.49235554715274576
0.492352279534352
0.492349003648572
0.492345713827136
0.4923424125284369
0.4923390994197893
0.4923357671941477
0.4923324232597819
0.49232907043359375
0.4923257022553609
0.4923223186394861
0.49231892342379546
0.49231551547457936
0.4923120925887606
0.49230865696404025
0.4923052096718577
0.4923017466387051
0.4922982691089635
0.49229477934248966
0.4922912727848525
0.49228775689351095
0.49228422939884464
0.4922806809528258
0.4922771203922659
0.49227354877016516
0.49226996059130823
0.49226636015455827
0.4922627435577187
0.4922591107664311
0.4922554660768201
0.4922518097775812
0.4922481362627635
0.49224444622383806
0.4922407447825126
0.49223702801867203
0.4922332960393984
0.492229550523329
0.49222578968602976
0.49222201364502693
0.4922182236768121
0.49221441723704024
0.49221059448834775
0.4922067609066098
0.49220291141873834
0.49219904240851126
0.4921951629747538
0.4921912677537137
0.49218735225910304
0.4921834276730876
0.49217948697184766
0.49217552351135524
0.492171553909975
0.4921675680419698
0.4921635552878706
0.4921595341418913
0.4921555021676684
0.4921514473890494
0.49214737721712676
0.4921432962317231
0.49213919437827613
0.49213507465309525
0.49213094728720974
0.4921267987425114
0.49212262688207226
0.492118449448355
0.4921142555952019
0.4921100347541617
0.4921058020809458
0.4921015575594315
0.4920972917535975
0.4920930096840189
0.492088714006238
0.49208439806503745
0.49208006512967517
0.49207571673555817
0.4920713488256672
0.49206696687707524
0.4920625684079244
0.49205814944199716
0.49205371701248257
0.49204926583600644
0.49204479192527606
0.49204030511508584
0.49203580111764683
0.4920312754265699
0.49202673628119065
0.49202217919783375
0.49201760104516373
0.4920130086654619
0.4920083959602386
0.49200376462893697
0.4919991210681849
0.4919944532981292
0.4919897642321435
0.4919850626764609
0.49198034208847824
0.4919756001562038
0.4919708408044049
0.4919660639385204
0.49196126651512406
0.4919564515023317
0.4919516180795032
0.49194676365102863
0.4919418928485055
0.4919370028016959
0.49193209097572804
0.49192716238706835
0.4919222139250869
0.49191724457461433
0.49191225918608084
0.49190725288539683
0.49190222037328496
0.4918971572075551
0.491892074984892
0.4918869716865573
0.49188184886704667
0.49187670484849416
0.4918715395305298
0.49186635624524977
0.4918611520232287
0.49185592511745807
0.4918506827018314
0.4918454188942163
0.49184012868873633
0.4918348235646864
0.49182949901678097
0.4918241475414117
0.49181878019655967
0.4918133926673981
0.49180797622470956
0.4918025450199699
0.491797094817716
0.491791613062763
0.4917861194480597
0.49178060787378114
0.49177505985940284
0.49176950190205404
0.4917639277883485
0.4917583129193476
0.49175268547578954
0.491747044826867
0.49174136626240816
0.49173567045402833
0.49172996456841245
0.4917242238334222
0.4917184595490182
0.491712684255216
0.491706876583026
0.4917010440560271
0.49169520030946207
0.4916893259129537
0.4916834253660688
0.4916775141613442
0.491671572528767
0.4916656011953556
0.4916596157621522
0.49165360342139247
0.4916475655070488
0.4916415083930675
0.49163542356909357
0.49162931839001306
0.4916231910510456
0.4916170312763863
0.4916108544513415
0.4916046581811082
0.49159842707962886
0.4915921754846761
0.4915859064608981
0.49157960272904216
0.4915732754017092
0.4915669298503667
0.49156055265002235
0.4915541532702522
0.49154773220158243
0.49154128058279073
0.4915348089134879
0.4915283136361517
0.491521786961098
0.49151523753594784
0.491508660504793
0.4915020577802096
0.49149543569557064
0.49148878112066147
0.4914821021360236
0.4914754047587868
0.4914686700518826
0.4914619094666015
0.4914551299986041
0.4914483178289722
0.49144147943643396
0.49143462008030125
0.49142772966508536
0.4914208130172859
0.4914138723730517
0.4914068997484238
0.49139990207251827
0.4913928780797622
0.4913858176244923
0.4913787406852173
0.4913716340490782
0.4913644887152096
0.49135732647493985
0.49135013605689265
0.4913429090755932
0.49133566235411635
0.49132838651676985
0.4913210750957215
0.4913137444845036
0.4913063817148534
0.4912989856681057
0.4912915711215753
0.4912841205121312
0.49127663667369953
0.49126913349832185
0.49126159315658396
0.4912540222017553
0.4912464334713969
0.49123880652583535
0.4912311498653703
0.4912234731468811
0.49121575417369884
0.4912080060873255
0.49120023726890877
0.49119242539152386
0.4911845861865106
0.49117672869552753
0.49116882770219034
0.491160895475703
0.49115294660719
0.4911449552155613
0.49113692995018793
0.4911288853610111
0.4911207966165957
0.49111267797344166
0.4911045430026505
0.4910963590261893
0.49108814655900224
0.4910799192962594
0.4910716355516659
0.4910633228558947
0.4910549998911489
0.491046621524022
0.49103821111995244
0.49102978908407846
0.49102131445622726
0.49101280685165904
0.49100428225828413
0.49099571062450964
0.49098710912107557
0.49097847859231325
0.4909698050397157
0.4909611028427392
0.49095236935204734
0.4909435945190523
0.4909347911232164
0.4909259520132009
0.49091707592577216
0.49090817123010305
0.490899227737555
0.4908902516089
0.4908812427162345
0.4908721901768735
0.490863109076893
0.49085399624933157
0.4908448387174329
0.4908356521350234
0.49082643294493217
0.49081716705519274
0.490807869780948
0.4907985417665788
0.4907891701677017
0.4907797621991847
0.4907703223148431
0.4907608405193679
0.4907513182711778
0.4907417699586781
0.49073217872660113
0.49072254477932853
0.49071288442783867
0.49070318355091475
0.490693438271216
0.4906836601924897
0.49067384494165633
0.4906639887872026
0.4906540880234661
0.4906441597131042
0.49063419883019455
0.49062417678942194
0.4906141292207014
0.49060405063917345
0.4905939132538373
0.4905837479275716
0.49057355059167185
0.4905632975968305
0.49055301458469774
0.49054269567831565
0.49053232182545836
0.49052191556944846
0.4905114709288715
0.4905009764040915
0.4904904505241517
0.4904798858946142
0.4904692726710041
0.49045862367205706
0.490447932266107
0.49043719369002486
0.4904264172910103
0.4904155956767079
0.4904047346030375
0.4903938354461671
0.49038288570517796
0.4903719008442376
0.4903608760496154
0.49034979474287194
0.4903386836792367
0.49032753101306764
0.49031631584778423
0.4903050760234733
0.4902937906601087
0.49028243992159776
0.4902710696827661
0.4902596510206358
0.4902481718234328
0.49023667008438454
0.49022511509818567
0.49021350278947484
0.4902018638800348
0.49019016913567315
0.4901784241359552
0.49016665103261825
0.4901548182985165
0.4901429384137261
0.49013102654144197
0.49011905498947195
0.49010706095349205
0.4900950275167556
0.4900829288901586
0.49007079511683155
0.4900586208778753
0.49004637982504473
0.4900341070806684
0.4900217894063537
0.4900094055556979
0.4899969965290233
0.48998454147321613
0.48997201920420924
0.489959479392979
0.4899468700085182
0.48993419751862766
0.4899215131211
0.4899087531704458
0.48989593233783246
0.489883097554213
0.4898701835872585
0.48985721066111143
0.48984422442386316
0.489831158634157
0.4898180368123922
0.4898048987709088
0.4897916774771332
0.4897784022419538
0.48976511131893574
0.48975173741495914
0.4897383098600089
0.4897248617852183
0.4897113280848128
0.48969774603014693
0.4896841428982201
0.48967045017653704
0.48965671018661433
0.4896429449782743
0.48962909222049866
0.48961519909493406
0.48960126746501453
0.4895872530164501
0.48957320068176974
0.48955909084206806
0.48954491352508256
0.4895306975133855
0.48951642138504636
0.48950208305171605
0.489487703579077
0.4894732640340176
0.4894587612299872
0.48944420989908893
0.48942959128683555
0.4894149175941396
0.48940019485490266
0.4893854042447083
0.48937051739746357
0.48935557205181746
0.4893405583130313
0.4893254984524264
0.4893103740794493
0.48929518674832057
0.489279956539654
0.48926464387389584
0.48924927318475714
0.48923386666683155
0.48921837606674135
0.4892028298572739
0.48918724718866125
0.4891715709106096
0.4891558457799283
0.48914007731616743
0.48912421950516566
0.48910830642850045
0.48909234959521886
0.48907631436748883
0.489060218702784
0.4890440710819294
0.4890278486656834
0.48901156303381144
0.488995223505412
0.48897881545657396
0.4889623428505437
0.4889458104569361
0.4889292099460574
0.48891254517501515
0.4888958080398738
0.4888790053041229
0.48886214176258364
0.4888452032895647
0.48882821159885925
0.48881115914480655
0.4887940218485125
0.48877684387329656
0.48875958791657276
0.4887422364383404
0.4887248520425546
0.48870739248873024
0.4886898431188709
0.48867225359579947
0.4886545928220616
0.4886368487845582
0.48861904983155374
0.48860117571151934
0.4885832269135796
0.48856521828835586
0.4885471342248172
0.48852898368400177
0.48851076046334607
0.4884924560424736
0.4884740916530311
0.48845565013453823
0.48843713701548536
0.4884185696960612
0.48839991198097743
0.48838118352645593
0.48836240181279345
0.4883435136596935
0.4883245629180991
0.4883055764463965
0.48828645560562656
0.48826728960666543
0.488248083450733
0.4882287357167558
0.488209348234215
0.48818991173982956
0.4881703326641955
0.4881507198571034
0.4881310585209727
0.4881112572648877
0.48809141708355397
0.48807151695489126
0.4880514830615476
0.488031417025032
0.48801127764249985
0.4879910143294389
0.4879707226471587
0.487950340014463
0.4879298480828517
0.48790932899887896
0.4878887002953207
0.48786797529565046
0.4878472153881167
0.4878263200104259
0.4878053568954508
0.48778437227663735
0.4877632283098289
0.4877420336679873
0.4877208097457734
0.4876994022627353
0.4876779662993329
0.4876564917956939
0.4876348373690385
0.4876131567351422
0.4875914557118914
0.487569588410103
0.4875476901857012
0.4875257310254891
0.4875036314897197
0.4874815020661091
0.4874592964983806
0.487436942098407
0.48741454655169947
0.4873920690798947
0.48736945954557487
0.487346804772945
0.48732405743125967
0.48730119613283746
0.48727828583052746
0.4872552666204721
0.48723214217738253
0.48720896239307493
0.4871856642779667
0.4871622850999512
0.48713883948497944
0.4871152566819055
0.4870916100632319
0.4870678928647626
0.4870440317910508
0.48702010471436236
0.48699610839166
0.4869719757841437
0.48694777822432533
0.48692350171786075
0.48689908898361955
0.4868746086437956
0.48684996390020224
0.48682518510182
0.4868003316997433
0.4867753946982985
0.48675033552483393
0.48672519503924977
0.4866999710294125
0.48667463013238815
0.48664919880417257
0.48662368130206773
0.48659804484640773
0.48657230359995474
0.48654648664912314
0.4865205680576776
0.4864945232495109
0.48646839477868503
0.4864421973686863
0.4864158314680684
0.4863893877777716
0.48636288243056114
0.48633621188082904
0.4863094609335957
0.4862826422544377
0.4862556590187484
0.4862285955273906
0.48620147400702723
0.48617418074341817
0.48614679535425037
0.4861193671524372
0.48609175902373064
0.48606405764369787
0.48603630433562917
0.4860083752408084
0.48598035662127365
0.4859522707049827
0.48592402311053007
0.4858956876920313
0.48586726535449093
0.48583868498900157
0.48581002400460893
0.4857812784350713
0.4857523782659836
0.4857233958903992
0.4856943110187998
0.4856650689320262
0.48563574859621883
0.48560631161361595
0.4855767426576428
0.4855471037944015
0.4855173188659677
0.4854874198937121
0.48545742998523245
0.4854273078248772
0.48539706620978973
0.48536671686236765
0.48533624158246763
0.4853056530079695
0.4852749462224193
0.4852441048770588
0.48521316872798737
0.4851821196089754
0.4851509246622011
0.48511965985038347
0.48508831064473307
0.4850568282785025
0.4850252614281517
0.4849935658063006
0.4849617157344919
0.48492977497716366
0.484897710442836
0.48486550169114734
0.4848331880836479
0.48480075322186594
0.48476818453023013
0.48473549000864374
0.4847026794199078
0.48466974135220714
0.48463665930247424
0.4846034726443423
0.4845701683499301
0.4845367128780388
0.48450315243209163
0.4844694718575436
0.48443561155274134
0.4844016593641895
0.48436754048562314
0.48433316437699925
0.4842987182010321
0.4842641424490018
0.48422937250856457
0.4841945314985493
0.48415954636749176
0.4841243741816402
0.48408915179045087
0.48405377405343625
0.48401820694527803
0.4839825804863435
0.48394676437320594
0.4839107611079737
0.4838747124477703
0.48383848087456444
0.4838020859943271
0.48376563633769226
0.48372897473460513
0.48369216663789905
0.48365530448264243
0.48361822386319486
0.4835809839391343
0.4835436875593749
0.4835061794380571
0.4834685104087104
0.483430795042896
0.48339286512327
0.4833547768528461
0.4833166252468205
0.48327825472153635
0.4832397321382239
0.48320114291784205
0.4831623224866828
0.48312336224751223
0.4830843445955268
0.4830450823145757
0.4830056938475656
0.4829662387650261
0.48292650607046517
0.48288667717792083
0.4828467679192668
0.482806558444616
0.48276629133966154
0.4827259327218121
0.4826852883383692
0.4826446224116531
0.48260388084311867
0.4825628501137957
0.48252176608066727
0.48248054957241004
0.4824390525653289
0.48239749890080336
0.48235580702623865
0.48231384367455993
0.4822718110799249
0.4822296378099135
0.48218721576378615
0.48214472392031543
0.4821020780040121
0.48205918040266216
0.48201619164931037
0.48197303131659414
0.4819296452084084
0.48188612078390963
0.48184232611718764
0.4817982958221843
0.4817541866427579
0.48170988942749277
0.4816653710571809
0.4816207710873529
0.4815759542797399
0.4815309269878273
0.48148582050481337
0.4814404762939672
0.4813949182465714
0.4813493136748432
0.48130345632014226
0.4812573690229528
0.4812112492365729
0.48116485643298507
0.48111824468255404
0.48107160432291357
0.4810246951252136
0.48097757173494826
0.48093039246066366
0.4808829464888985
0.480835300345209
0.4807875652696101
0.4807396022562681
0.4806914167792049
0.4806431432324748
0.48059467070121753
0.4805459433952051
0.480497114454862
0.4804481025140865
0.4803988183796859
0.4803494284812667
0.48029986719903234
0.4802500696728754
0.48020014545468875
0.480150100792127
0.48009989060632274
0.48004947277899934
0.4799988735855869
0.47994813918563484
0.479897112993592
0.4798459023630013
0.4797946706315936
0.4797430305281163
0.47969121955440425
0.4796394200568943
0.47958722297383843
0.47953484352914877
0.479482441489961
0.47942958936610064
0.47937643637917765
0.47932324019529254
0.47926970376457356
0.47921597731458837
0.4791621646299422
0.4791080331718644
0.4790537190694184
0.47899927700851064
0.4789445060440621
0.4788895707570953
0.47883447641279886
0.47877909117552064
0.47872356060240073
0.47866784673230883
0.4786118591196178
0.4785557102082047
0.4784993649297881
0.4784427607406293
0.47838600136257203
0.47832903267368726
0.47827179850934154
0.47821441245138246
0.4781568180668025
0.4780989575674569
0.478040914470283
0.4779826456318955
0.4779241420442305
0.47786547821712266
0.4778065903219137
0.4777475453621121
0.477688359688521
0.47762892200080975
0.4775692566403653
0.477509422269928
0.4774493223571116
0.47738898310762823
0.4773284704927814
0.47726768415727194
0.4772066779343394
0.47714553804209675
0.47708407678116227
0.47702237806281683
0.4769603905849123
0.476898021335185
0.4768354128042674
0.47677272910729873
0.4767096712082681
0.47664634101800796
0.47658291594123925
0.4765191096211867
0.47645508608628995
0.4763909824911192
0.4763264982841482
0.4762617769506788
0.4761969323064773
0.47613171844539914
0.4760663037324382
0.4760007322063322
0.47593478907140524
0.47586869113050306
0.4758024264766954
0.4757357779032562
0.4756689568277859
0.4756019171329815
0.47553452710917077
0.4754669724013515
0.47539920888102527
0.4753312138950367
0.47526310734206006
0.4751947294770276
0.4751260136113752
0.47505714249452213
0.4749880084931655
0.47491851948424413
0.4748488888236417
0.4747790004843596
0.47470877612661655
0.4746384194550985
0.4745676710681796
0.47449643640892764
0.4744250381970292
0.47435334584620814
0.4742813002954997
0.47420903293105654
0.4741365860870456
0.47406375137964846
0.47399070566206336
0.4739174698651214
0.47384381612822674
0.4737699895504004
0.473695966793489
0.473621544555939
0.4735469379096228
0.4734720787556877
0.4733968401123189
0.4733214340037191
0.47324579521908683
0.4731697265076165
0.47309344154301913
0.4730169886415021
0.47294028050841835
0.47286333782370005
0.47278624723134705
0.4727087654474853
0.47263099183838225
0.4725530624546127
0.4724747027298894
0.4723960668348105
0.47231731542625593
0.4722380975336631
0.47215847339313055
0.4720786170267725
0.4719982558295783
0.4719176005658608
0.4718368480340197
0.47175553932751774
0.4716739482949865
0.47159234030222236
0.4715102146271543
0.471427759529261
0.47134532325429923
0.47126233247059235
0.4711789418835019
0.47109563256535897
0.4710117868665879
0.4709274799463901
0.4708431430890361
0.470758509363974
0.47067338540338616
0.47058825354700534
0.4705028817814806
0.4704169960224476
0.4703310590545114
0.4702448382726869
0.47015804040702963
0.4700710886752853
0.46998388715039496
0.4698961612202385
0.4698082419313957
0.4697198680685516
0.4696308747858261
0.4695416509831844
0.46945241113068065
0.46936245064882026
0.46927223231363
0.46918206007542423
0.46909114213642167
0.468999916717756
0.4689087666707586
0.46881699296716106
0.4687248347563223
0.46863267492239713
0.46853995159815626
0.46844681697670343
0.46835359501657453
0.4682600148578364
0.46816616694869545
0.46807211511477914
0.46797776298326677
0.46788291572739754
0.4677877673645302
0.46769238944424246
0.4675965890320469
0.4675004736791317
0.46740389883649897
0.4673067328382129
0.46720923360373606
0.467111431572211
0.46701322162747805
0.46691467396417896
0.4668157999229953
0.46671657862339033
0.4666170745552005
0.46651717816447963
0.46641689911822565
0.46631635705924535
0.46621541216027224
0.4661141299084754
0.46601263564136325
0.4659107835671524
0.4658085530852038
0.46570616103525125
0.4656034117301883
0.4655001217936967
0.46539659893468033
0.4652927737491708
0.4651884756733892
0.46508376719110606
0.46497846023931194
0.4648726963775013
0.4647665450730857
0.46466013335377
0.46455331445266956
0.46444602521869527
0.46433858425089675
0.46423067423920245
0.46412225947617264
0.46401363997794326
0.4639045540182108
0.46379515043469294
0.46368555447063214
0.4635754785720057
0.4634651251724337
0.46335449669131296
0.4632434661431081
0.46313200850038383
0.463020182242485
0.4629080712935213
0.4627954636403574
0.46268207812310325
0.46256836305145316
0.46245413364639554
0.46233955326190523
0.46222471062874243
0.46210934736734727
0.4619936174086446
0.4618776136257111
0.46176102345613496
0.46164411189120824
0.4615269792828759
0.46140921701494725
0.4612912657177251
0.4611731187857748
0.46105445663617944
0.4609354511092676
0.46081610501382
0.460696271700153
0.4605759944319115
0.46045533966394636
0.4603338747591967
0.46021191424910474
0.460089632623849
0.4599670344062558
0.45984374098918934
0.45972017569026863
0.45959636445161395
0.4594718530323153
0.4593470841274306
0.45922198622753696
0.4590964063387459
0.4589705608602896
0.45884437954037305
0.4587179030151914
0.4585908744998074
0.45846339711982914
0.4583355550986527
0.4582072722026991
0.4580781596365988
0.45794850190257835
0.45781849537626895
0.4576881312526592
0.4575571856651965
0.45742575946468
0.45729399243035274
0.4571617151930139
0.45702904172156145
0.4568960645848511
0.45676272536707363
0.4566290147695396
0.45649497814993906
0.4563605112426287
0.45622544151756006
0.45609007556560754
0.4559543620768996
0.4558176015850524
0.45568024197246026
0.4555426473328408
0.4554044323576683
0.4552657236085364
0.4551266559744896
0.4549871235692018
0.4548471371512571
0.4547068272621819
0.45456600669058034
0.4544248276796139
0.4542834128593229
0.45414162281816334
0.453999122004857
0.4538562628050261
0.4537130390363271
0.453568754568015
0.45342396575439514
0.45327893984328405
0.4531330243286424
0.45298658899756755
0.4528400047297568
0.4526930880287057
0.4525452082389157
0.45239730423364105
0.452249340679853
0.45210014546153604
0.45195091094242873
0.45180159068137504
0.4516513927910849
0.45150056759535606
0.4513495474119967
0.4511975956962164
0.45104458280593784
0.4508915353795752
0.4507381750884589
0.45058373464221424
0.45042917510868247
0.45027454204427375
0.4501188357427115
0.44996287548887304
0.4498069690962834
0.4496504494321081
0.4494930221729999
0.4493354991380386
0.44917762334008865
0.4490181161937009
0.44885826016429087
0.44869822466697085
0.448537179062685
0.44837580791265036
0.448214289959579
0.4480520928589917
0.4478892111759258
0.44772643524909544
0.4475631958672759
0.44739905855041334
0.4472347672517638
0.44707009102583023
0.44690416614054224
0.4467373732156503
0.4465703207171421
0.4464025795748202
0.4462342744323613
0.4460658629504453
0.44589694271746827
0.44572702102317335
0.4455572416102185
0.44538714417121233
0.44521617660732904
0.44504459474972513
0.44487283018676926
0.444700230950146
0.44452623140558883
0.44435199886529314
0.4441773778973924
0.4440021023115133
0.44382638404685437
0.4436501997322789
0.44347360008632386
0.44329656452951
0.4431191964496817
0.4429411778456142
0.44276255243245555
0.4425834274929366
0.44240288983596826
0.44222190493010316
0.44204060227769176
0.4418587032142916
0.44167607958279864
0.44149309768061074
0.4413098107149106
0.4411259944453718
0.4409417051250339
0.44075718581777934
0.44057166842263673
0.44038533373232364
0.4401982171887195
0.44001038605916387
0.43982188055833227
0.43963306813702
0.43944413323191645
0.43925407777298214
0.4390637087918947
0.4388735053823971
0.43868230733995567
0.43849021548473693
0.4382976953961177
0.4381042675824651
0.4379100403414735
0.43771503091163494
0.4375200006272351
0.43732405894286286
0.4371276379017389
0.43693106742023
0.4367339782203011
0.4365362648028694
0.4363377211613663
0.4361388702530321
0.4359383649196008
0.43573759231881926
0.43553633627462524
0.435334474836696
0.43513192185167865
0.4349290920935242
0.4347260223253924
0.43452215084613743
0.4343176736251095
0.43411268070130954
0.43390643607703666
0.4336994908173604
0.4334919698030603
0.4332838277951613
0.4330750998645104
0.43286620390127817
0.4326569227158037
0.4324466664842427
0.43223589949738006
0.432024738061405
0.43181253993156454
0.4315992360479023
0.4313855705895737
0.4311713081527924
0.43095620691080877
0.43074092846053785
0.43052542998816995
0.4303091618084599
0.4300919765941735
0.42987441089159284
0.42965578391647735
0.4294361340076586
0.4292158970839289
0.4289952721550141
0.42877416100333066
0.4285526768163393
0.42833061691414065
0.4281077981758003
0.42788449515711086
0.4276602013171489
0.42743474753400335
0.4272088349803523
0.4269823967487901
0.42675536059984603
0.4265278672183688
0.42629995842796786
0.4260713704344811
0.42584205329364744
0.42561188437203445
0.4253808084459046
0.42514922948261297
0.4249165394639112
0.42468335249035577
0.4244502466931512
0.4242163999577411
0.42398172922799543
0.42374666080081125
0.423510694163987
0.42327327280324084
0.42303546587205204
0.42279718428803154
0.42255830994957866
0.4223188284100209
0.4220789306053431
0.42183865153306943
0.42159735455830033
0.42135476121412363
0.42111175975973997
0.42086792695325903
0.42062317391290077
0.42037858652439275
0.42013345961269394
0.4198871750222312
0.41964064383042615
0.4193932278096841
0.41914466749419016
0.4188948936825811
0.41864506468565643
0.4183952226521018
0.4181441382105153
0.41789240346146006
0.4176408784487136
0.4173881093285993
0.41713318501409924
0.4168782315055236
0.41662323181362393
0.41636771325332517
0.41611073613126365
0.4158539468547535
0.4155969369578067
0.41533783829385396
0.41507768970715814
0.4148175603570616
0.4145570624502812
0.41429527358110807
0.4140332398198993
0.41377136299385364
0.4135082652973015
0.4132430561714948
0.4129777747519148
0.4127122021848058
0.41244574497722825
0.41217845241896733
0.41191146671054346
0.4116438635491439
0.41137403506101794
0.41110341792890776
0.4108325983575103
0.41056145771548636
0.4102893086808762
0.4100172808955981
0.40974459227524923
0.40947003999243226
0.40919432998730393
0.4089185426114558
0.40864243136821543
0.4083652504708667
0.4080878264122374
0.4078102899492242
0.40753116357494745
0.4072502446333168
0.4069691789978731
0.4066882196393288
0.4064065315390428
0.4061239217247751
0.40584101120293964
0.4055566499291522
0.40527125488455273
0.4049850728036391
0.4046988038435224
0.4044119344855645
0.404124803057482
0.4038370546318063
0.4035469305509629
0.4032559372589043
0.40296521043814487
0.40267439177068315
0.40238243259408607
0.40208968206388535
0.4017962509663076
0.40150149877412394
0.4012057339411151
0.40090970502088685
0.4006137754836136
0.40031719289973833
0.40001954556109576
0.39971984040126485
0.3994202382325905
0.3991198829884096
0.39881906969880543
0.3985177488343821
0.3982161980683307
0.3979125221974945
0.39760762953737333
0.3973029099865873
0.3969983119608983
0.3966927492675958
0.3963858865075242
0.3960781309083293
0.39576930381726066
0.3954602119292582
0.3951505679522403
0.39484073107757056
0.39452976416909735
0.394217556111678
0.3939039375335215
0.39359058186670515
0.39327652752070896
0.39296194823986963
0.39264667627530814
0.3923299793004762
0.39201195544587786
0.3916942946487055
0.39137599125436157
0.3910568844944214
0.39073716463290376
0.39041575053500166
0.39009369063878935
0.389771380028251
0.38944848419808165
0.38912535214991006
0.38880110363432413
0.388474505692436
0.388148107152907
0.38782176165099314
0.3874946468569103
0.3871664999846158
0.3868368769471125
0.3865067049030266
0.3861765506897145
0.38584532951147615
0.3855135747982786
0.3851811877994946
0.38484694817423953
0.38451267545007556
0.38417775194180526
0.3838423095720484
0.38350636537820193
0.38316861704325267
0.38283035158282513
0.38249151881929877
0.3821523329263585
0.38181268544556507
0.3814717277288297
0.3811292566508724
0.3807867707789666
0.3804440787222745
0.3801008838471077
0.3797558678126152
0.37940964797399285
0.37906362493072804
0.37871721456491886
0.37836973602076013
0.3780213262405999
0.37767164881017173
0.3773220703568327
0.3769714264160986
0.3766204705706228
0.3762687208687377
0.37591523022857776
0.3755614379142122
0.37520747501920676
0.37485321137954397
0.3744973113490542
0.37413965334203253
0.3737825283104592
0.37342553422435293
0.3730667243335218
0.37270658216983354
0.3723460324726261
0.3719859177383105
0.37162411004414886
0.371261571032163
0.3708979074179459
0.37053460356597157
0.37016979758787205
0.36980404959165286
0.36943873668858895
0.36907179224541764
0.3687040656741534
0.3683350209999683
0.3679663120545012
0.3675973547794537
0.36722663611751905
0.36685464536278456
0.36648259882323864
0.3661111482686718
0.36573742327627107
0.36536262266108455
0.3649874123453717
0.36461259630525156
0.36423663411132384
0.3638586922835536
0.36348054734093865
0.36310261234544006
0.36272424356716265
0.3623431177719469
0.3619619353101971
0.3615809027152789
0.36119956696474265
0.3608159449674136
0.36043176624630213
0.36004760382215295
0.3596632896479002
0.35927746241671416
0.3588900863955633
0.35850285063803633
0.3581155113890054
0.35772711244363986
0.3573367188368136
0.3569465953409379
0.35655645854059503
0.35616524090769336
0.35577201263142916
0.35537886376664435
0.3549858251242233
0.35459198066639686
0.3541962089880184
0.3538000695946459
0.3534035492031515
0.35300669658734046
0.3526087319126192
0.352210161833388
0.35181040499797683
0.3514102620307174
0.35100960387676494
0.35060863483247606
0.35020633766306514
0.3498031064053882
0.34939905915617697
0.34899481182191877
0.3485905089399062
0.3481848437650976
0.34777779480446225
0.34737026914326424
0.3469630509226241
0.34655491018242396
0.34614507362829866
0.34573491343918444
0.34532509328976524
0.3449141769040056
0.34450138133768626
0.3440886101169246
0.34367577155926865
0.3432622495571812
0.34284687318302026
0.3424311220672117
0.34201553834459986
0.3415986938806015
0.3411813450965632
0.34076300218480793
0.3403446175648264
0.3399247616252799
0.33950473112691476
0.3390839554576931
0.338662725726946
0.3382403959128802
0.33781729873186345
0.33739406954701195
0.3369698731628554
0.33654495026750814
0.3361191116545037
0.33569329019791816
0.33526622198446526
0.3348388324772285
0.33441056398665997
0.3339816603739691
0.3335520518053381
0.33312192667929985
0.3326911046879112
0.3322595220083813
0.3318272650757289
0.33139440793246816
0.33096174277472545
0.3305271035197773
0.33009188896676983
0.32965668454500424
0.3292210832358748
0.32878434761687153
0.32834669995209353
0.3279089484149281
0.3274699033236667
0.3270306913094587
0.3265917135608486
0.3261507382063673
0.3257091040611698
0.3252674675502841
0.32482524756363895
0.3243820988640273
0.3239383385117166
0.3234944107936226
0.3230486244110656
0.3226027885147898
0.3221578646080013
0.321710772049124
0.3212628065672769
0.3208150937191227
0.32036584454861167
0.3199164778089354
0.31946718175998795
0.3190165814564725
0.31856505719594136
0.3181131926909367
0.31766142115129126
0.31720798369850434
0.31675401543724685
0.3163009011986187
0.3158456486878068
0.315389815143232
0.31493466161028966
0.3144772383437362
0.3140198916706799
0.3135636383440604
0.3131040477550444
0.31264461432195695
0.312186372234921
0.31172530810832455
0.31126451422077145
0.31080394485601454
0.31034103618654585
0.3098790352908463
0.3094171800183189
0.3089521321872673
0.3084875182846255
0.30802355629207034
0.3075581098009143
0.30709274403200565
0.3066262345377231
0.30615774307803406
0.30568990911799615
0.305223614824504
0.30475461528216913
0.30428440905260934
0.3038144804409106
0.30334329449438147
0.302873807104096
0.3024028583520818
0.30192933796150584
0.30145650813910474
0.30098310243547965
0.30051007873627794
0.3000369586196227
0.29956095450350867
0.2990847264975123
0.2986098692777699
0.29813348099210896
0.297656168459505
0.2971789211655946
0.29670004388807625
0.2962219504225603
0.29574394112025515
0.2952631165376031
0.2947829976698491
0.2943015693093957
0.2938204875629964
0.29334115020827073
0.2928578488441552
0.29237418748264216
0.29189055869099034
0.29140614538993903
0.29092331577160513
0.29043871345808725
0.2899525435172778
0.2894673753494015
0.28897961501116937
0.28849312481782186
0.288006429087442
0.2875178208980605
0.2870301736674337
0.2865406557167257
0.28605109465969514
0.2855619103663848
0.2850705726835231
0.28458010389758215
0.2840887993262178
0.28359632845886396
0.2831050919989743
0.2826110864029143
0.2821179151683191
0.28162447786713746
0.2811291667736269
0.280635474162925
0.28013863362833824
0.27964347831832087
0.27914763695582206
0.27865017519286
0.2781540250333717
0.2776545848104189
0.277156949652322
0.27665802657074723
0.27615905761560317
0.275660215793197
0.27515872307791583
0.27465852420135695
0.2741571169843681
0.2736556704435819
0.2731544769167065
0.27265092290818543
0.2721488244179365
0.2716446202711246
0.27114131008916964
0.2706376486696801
0.27013200403236304
0.2696279045975867
0.2691203134367289
0.26861587731248643
0.2681083276824145
0.2676024188739345
0.2670947548818885
0.26658654543022514
0.2660786858212379
0.2655689665667481
0.26506076657184113
0.264550351299493
0.2640411593293926
0.2635302965276069
0.2630198347670629
0.2625082377703342
0.261995948637283
0.2614843662146532
0.26097101700069497
0.2604590503077091
0.25994600133388834
0.25943215140789244
0.25891782694631654
0.2584026439203033
0.25788778616599106
0.25737200498365503
0.25685803359734377
0.25634097324705973
0.25582561481441574
0.25530717366005373
0.25479045156530733
0.2542718064963048
0.2537547790234619
0.25323584202839466
0.2527178951185747
0.25219854930384417
0.2516791894098375
0.25115923663929074
0.2506385040778738
0.25011817924185664
0.24959684901559445
0.2490762364864709
0.2485540299117897
0.24803340349734884
0.2475096605333274
0.24698776805340836
0.24646331565041804
0.2459407315835043
0.24541609431112804
0.24489337979163414
0.24436802577166997
0.2438438944611913
0.24331806042117687
0.24279316062300593
0.2422668375746564
0.24174117302837478
0.2412147440679861
0.24068838376470927
0.2401614600348574
0.23963432992987105
0.2391061904860314
0.23857908637523603
0.23804999883812553
0.23752259551113372
0.23699289928439313
0.2364652007843717
0.2359347171740499
0.23540605140934065
0.23487530708885684
0.23434584266950031
0.23381503191691172
0.23328505522137194
0.23275375229801848
0.2322229590252795
0.23169078473854038
0.23115894130385048
0.23062632581722914
0.23009472400646525
0.22956230963581026
0.22902993907988237
0.22849673278869806
0.22796331843611267
0.2274296235795492
0.2268954093928671
0.22636210414376834
0.22582777654185887
0.22529456409987267
0.22475914687547532
0.22422488704186294
0.22368913778587546
0.2231538581671268
0.22261851430601196
0.22208296314765658
0.2215479418583984
0.2210116416552977
0.2204751394775453
0.2199384246427885
0.21940197764307823
0.21886524572656718
0.21832876881435898
0.21779215313753278
0.217255583714748
0.21671713072371757
0.21617932017331767
0.21564094755481952
0.2151024328215392
0.21456556075423894
0.21402654446524014
0.21348958257611417
0.21295121179476256
0.21241180614497465
0.21187355611301734
0.21133329646958446
0.2107941245902883
0.2102549773340947
0.2097154218795856
0.20917633497559646
0.20863709044049208
0.20809729583350417
0.20755788543556192
0.20701788850325195
0.20647730318148172
0.2059373572926822
0.20539710229015726
0.20485640920969952
0.20431611407275466
0.20377513200216502
0.20323495363011015
0.20269452488354225
0.20215402291183865
0.20161393243204428
0.20107264612191564
0.20053191153443495
0.19999085300085057
0.19944883199077043
0.19890846000438547
0.19836666192614036
0.19782556709058063
0.19728591738021461
0.19674394719796637
0.1962030402793169
0.19566243423649485
0.19511992897590438
0.19457885535659408
0.1940378301892265
0.19349543385232226
0.19295427783242444
0.1924137047817789
0.19187193304284234
0.19133094305852255
0.19078967263834326
0.19024784205567144
0.1897064498491347
0.1891655312701866
0.18862394608714297
0.18808228949641176
0.1875414205522891
0.18700024056209294
0.186458888691144
0.185918035069517
0.185377012778033
0.18483549262939375
0.18429469847062938
0.18375434971263138
0.18321270298914707
0.1826720659902991
0.1821322868534205
0.18159081731846338
0.1810501731658398
0.18051054371487607
0.17996998428219196
0.1794289288178852
0.17888916994640935
0.17834963976558357
0.17780997201539409
0.17727002216025678
0.1767305242215643
0.17619075656333474
0.17565184489612268
0.17511246377664721
0.1745724826327164
0.17403424819254396
0.17349571057525273
0.17295556132635742
0.17241723216021712
0.17187996526752305
0.1713417366408092
0.17080239393399346
0.17026514260885123
0.16972833056990408
0.16918955118711307
0.16865134860945882
0.1681150436442969
0.1675783450026566
0.16704093928634953
0.1665037481885722
0.16596808099616445
0.16543179754107484
0.16489581625639646
0.16435950907877417
0.1638242407449608
0.1632886334272825
0.1627542339787819
0.16221883649894336
0.16168394467658115
0.16114884812994568
0.16061546323541942
0.1600820363475897
0.1595476690429833
0.15901403555915802
0.15848118510347647
0.1579490941118383
0.15741578277146442
0.1568829928960415
0.15635118712960447
0.15581978088452028
0.15528837526013228
0.15475667299814938
0.15422620571790976
0.15369579194198563
0.15316542857516788
0.15263434938611237
0.15210489714761824
0.15157627296292062
0.15104795279656574
0.15051876487051122
0.14998940943658787
0.14946153172653592
0.148934352158701
0.1484069050836809
0.14787968667515963
0.1473524449299527
0.14682583611495834
0.14630042153252534
0.1457743900770134
0.14524876758538566
0.14472368513170342
0.1441990406456118
0.14367488258244296
0.14315098342002402
0.14262684994150826
0.1421040429704109
0.14158149348220805
0.14105934222375952
0.14053697595101947
0.14001556812688196
0.1394943771320117
0.1389744072608983
0.13845468297136243
0.13793506828583926
0.1374148301030977
0.13689532223779582
0.13637708667481094
0.1358599482031785
0.13534275321300065
0.1348255524272815
0.13430812202272335
0.1337912739015055
0.13327497229441634
0.13276039209331053
0.1322468340557937
0.131733481578946
0.13121879129133066
0.13070437928841755
0.13019094851941912
0.12967809190631852
0.12916602195150842
0.12865569912948527
0.12814614889259224
0.12763642297341582
0.12712626606512373
0.12661608085966003
0.12610649086147344
0.1255976529239165
0.1250896357354875
0.12458260559566883
0.12407677481431122
0.12357118038540191
0.12306595793634167
0.12256078982409742
0.12205591915199622
0.12155135260472785
0.12104737105749566
0.12054406671166427
0.120041492730201
0.11953945690645154
0.11903783580051978
0.11853693464278423
0.1180373840024708
0.11753848621013256
0.11704008227323716
0.11654185106186753
0.1160443693301495
0.11554757444162495
0.11505139487705533
0.11455590101761724
0.11406062433581783
0.11356558742379515
0.11307125295712829
0.11257773590069302
0.11208486672988396
0.11159269419337148
0.11110123311503525
0.11061040938739129
0.11012046992535543
0.10963132384085361
0.10914293125870135
0.10865518363244529
0.10816784576694236
0.10768116638445124
0.10719517725034204
0.10670992112787846
0.10622536032478823
0.10574127519432384
0.105257874874073
0.10477518097774328
0.10429325553037397
0.10381204568979821
0.1033315518353458
0.10285173066085655
0.10237255725066291
0.1018940639389924
0.10141626828994117
0.10093916889479376
0.10046275414808292
0.09998702717362988
0.09951202092438503
0.09903784049525623
0.0985644215573789
0.09809172918223323
0.09761976518315188
0.0971485712950788
0.0966781895333099
0.09620857897096531
0.09573975584399427
0.09527171244680833
0.0948044446594261
0.09433785674113733
0.09387206797083367
0.09340705705410889
0.0929428048719858
0.09247930866557798
0.09201660486012936
0.09155468480104545
0.0910935172798205
0.09063315280082974
0.09017366008998816
0.0897150042138468
0.08925717811368877
0.08880028947044302
0.08834414584290924
0.0878889089777672
0.08743410069960551
0.08697986526956357
0.08652687444527603
0.08607478540821142
0.08562322732210462
0.08517244547622448
0.08472253809650958
0.08427343970127024
0.08382545720039385
0.08337826112858149
0.08293193995979775
0.08248648745322588
0.08204229971691078
0.08159889283238694
0.08115596847929377
0.08071383424681108
0.08027254305263083
0.07983188857968927
0.07939195323810044
0.0789527329199072
0.07851474653564833
0.0780779138411821
0.07764211397876772
0.07720771847648902
0.07677401344368541
0.07634033719800314
0.07590773183503767
0.07547556129872761
0.0750441546446681
0.07461351594452764
0.07418461124297081
0.07375690941885486
0.07333071241903127
0.07290463901081048
0.07247922292405792
0.0720543850680574
0.07163025015573994
0.07120673276571308
0.07078512263640914
0.07036476938581945
0.06994611065518162
0.06952705681698103
0.06910879233336886
0.06869105727582953
0.06827392752904315
0.06785886735872929
0.06744512583038198
0.06703291805181556
0.06662029842692915
0.06620831006685526
0.06579676455577184
0.0653867329045411
0.06497844243190491
0.06457201821484373
0.06416492418685718
0.06375848634751279
0.06335249804148237
0.0629484801972446
0.06254613760709361
0.062144953250983404
0.061743734486666084
0.06134275680444717
0.06094284921468044
0.060544833235791094
0.06014894505818695
0.05975251688797971
0.059356474202363965
0.05896133621189212
0.05856813683609544
0.058176846407819595
0.057785148947395795
0.05739393507636203
0.057003992663170355
0.056615726399205646
0.05622920541328447
0.05584212623232888
0.05545532929720744
0.05507112316229349
0.05468794119588403
0.05430495725610362
0.05392294774642512
0.05354200341628578
0.05316258028314526
0.05278424732714575
0.05240577755986478
0.05202879711551376
0.051653497545115744
0.05127926628217755
0.050903923258748894
0.05053126216111353
0.05015986637919403
0.04978946205433664
0.04941764057854666
0.04904939102696856
0.04868154819249803
0.04831523971942537
0.04794707151161441
0.047583286652483237
0.047219086472516714
0.046855853367365634
0.04649258222134077
0.04613261178814677
0.04577234214607718
0.04541150473911355
0.045053923697406406
0.04469654788563279
0.04434063034962961
0.043983757081163914
0.043630386894463344
0.04327677402442796
0.04292292426415683
0.04257193469745596
0.042221231857601044
0.04187086928074208
0.041521818616782155
0.041173973872462605
0.04082733082214206
0.04048034576345915
0.04013515641974266
0.03979165869612822
0.03944757672031016
0.0391048705651321
0.03876399057118471
0.038422902198941525
0.0380825362481774
0.0377444365123223
0.03740605515805065
0.037068253693284266
0.03673318745068245
0.036397064612610545
0.036061939958898864
0.03572960445193993
0.035395886823346934
0.035063630563615486
0.03473362247118744
0.034402049010497524
0.03407268984334271
0.033744789500389026
0.03341543640061505
0.03308915796313074
0.03276307452247304
0.03243647510038313
0.032112786820778394
0.031788369667297194
0.03146475312058234
0.031142769245272796
0.030820127986863545
0.030499544166931403
0.030179453564086328
0.029859377738459942
0.02954104358286529
0.02922243761028715
0.028904945381658928
0.028588083170224036
0.0282713000245023
0.027955967247462736
0.027640733650852477
0.027326443760854965
0.027012463294233433
0.02669906800439096
0.026386370595157187
0.02607392709533022
0.025762205667275512
0.025450813652832492
0.025140124592132686
0.02482981679248531
0.02452011812838129
0.02421071488992982
0.02390169415873441
0.02359293483698131
0.023284457499069905
0.02297618060324909
0.022668564331675307
0.0223609489093323
0.022053827991227223
0.021746706177653282
0.02143999055952479
0.021133172615612632
0.020827058396830408
0.02052068636369112
0.02021478815429478
0.019908489306613743
0.01960249353735713
0.01929621537530542
0.018990091251709553
0.018683616073222265
0.018376861220856196
0.018069887849592695
0.017762513721253825
0.017454835349725882
0.017146391529862363
0.016837667754049265
0.016527870564234402
0.01621755043356223
0.0159061297236757
0.01559386916572262
0.015280471718317125
0.014965773447291922
0.01464997003237994
0.014332331809704097
0.01401333289811122
0.013692760448853706
0.013370302400637225
0.013046002276868222
0.01271905229544491
0.012389688846622997
0.012057415740327721
0.011721949432220508
0.011383120539864615
0.011040281977351322
0.010693013708203572
0.010340794484133914
0.009982749941712443
0.009618602413524385
0.009247180325986891
0.008867515343222889
0.008478704412013026
0.008078878811576672
0.0076664639874682635
0.007239615063646292
0.0067947383520647305
0.006328169152855782
0.005834679926671437
0.005307284082855118
0.004734752340934645
0.004097636675230202
0.0033587605164344
0.0024249501177482443
0.0007650624702337306
0.0
0.0
0.0
0.0
0.0
0.0
0.0
0.0
0.0
0.0
0.0
0.0
0.0
0.0
0.0
0.0
0.0
0.0
0.0
0.0
0.0
0.0
0.0
0.0
0.0
0.0
0.0
0.0
0.0
0.0
0.0
0.0
0.0
0.0
0.0
0.0
0.0
0.0
0.0
0.0
0.0
0.0
0.0
0.0
0.0
0.0
0.0
0.0
0.0
0.0
0.0
0.0
0.0
0.0
0.0
0.0
0.0
0.0
0.0
0.0
0.0
0.0
0.0
0.0
0.0
0.0
0.0
0.0
0.0
0.0
0.0
0.0
0.0
0.0
0.0
0.0
0.0
0.0
0.0
0.0
0.0
0.0
0.0
0.0
0.0
0.0
0.0
0.0
0.0
0.0
0.0
0.0
0.0
0.0
0.0
0.0
0.0
0.0
0.0
0.0
0.0
0.0
0.0
0.0
0.0
0.0
0.0
0.0
0.0
0.0
0.0
0.0
0.0
0.0
0.0
0.0
0.0
0.0
0.0
0.0
0.0
0.0
0.0
0.0
0.0
0.0
0.0
0.0
0.0
0.0
0.0
0.0
0.0
0.0
0.0
0.0
0.0
0.0
0.0
0.0
0.0
0.0
0.0
0.0
0.0
0.0
0.0
0.0
0.0
0.0
0.0
0.0
0.0
0.0
0.0
0.0
0.0
0.0
0.0
0.0
0.0
0.0
0.0
0.0
0.0
0.0
0.0
0.0
0.0
0.0
0.0
0.0
0.0
0.0
0.0
0.0
0.0
0.0
0.0
0.0
0.0
0.0
0.0
0.0
0.0
0.0
0.0
0.0
0.0
0.0
0.0
0.0
0.0
0.0
0.0
0.0
0.0
0.0
0.0
0.0
0.0
0.0
0.0
0.0
0.0
0.0
0.0
0.0
0.0
0.0
0.0
0.0
0.0
0.0
0.0
0.0
0.0
0.0
0.0
0.0
0.0
0.0
0.0
0.0
0.0
0.0
0.0
0.0
0.0
0.0
0.0
0.0
0.0
0.0
0.0
0.0
0.0
0.0
0.0
0.0
0.0
0.0
0.0
0.0
0.0
0.0
0.0
0.0
0.0
0.0
0.0
0.0
0.0
0.0
0.0
0.0
0.0
0.0
0.0
0.0
0.0
0.0
0.0
0.0
0.0
0.0
0.0
0.0
0.0
0.0
0.0
0.0
0.0
0.0
0.0
0.0
0.0
0.0
0.0
0.0
0.0
0.0
0.0
0.0
0.0
0.0
0.0
0.0
0.0
0.0
0.0
0.0
0.0
0.0
0.0
0.0
0.0
0.0
0.0
0.0
0.0
0.0
0.0
0.0
0.0
0.0
0.0
0.0
0.0
0.0
0.0
0.0
0.0
0.0
0.0
0.0
0.0
0.0
0.0
0.0
0.0
0.0
0.0
0.0
0.0
0.0
0.0
0.0
0.0
0.0
0.0
0.0
0.0
0.0
0.0
0.0
0.0
0.0
0.0
0.0
0.0
0.0
0.0
0.0
0.0
0.0
0.0
0.0
0.0
0.0
0.0
0.0
0.0
0.0
0.0
0.0
0.0
0.0
0.0
0.0
0.0
0.0
0.0
0.0
0.0
0.0
0.0
0.0
0.0
0.0
0.0
0.0
0.0
0.0
0.0
0.0
0.0
0.0
0.0
0.0
0.0
0.0
0.0
0.0
0.0
0.0
0.0
0.0
0.0
0.0
0.0
0.0
0.0
0.0
0.0
0.0
0.0
0.0
0.0
0.0
0.0
0.0
0.0
0.0
0.0
0.0
0.0
0.0
0.0
0.0
0.0
0.0
0.0
0.0
0.0
0.0
0.0
0.0
0.0
0.0
0.0
0.0
0.0
0.0
0.0
0.0
0.0
0.0
0.0
0.0
0.0
0.0
0.0
0.0
0.0
0.0
0.0
0.0
0.0
0.0
0.0
0.0
0.0
0.0
0.0
0.0
0.0
0.0
0.0
0.0
0.0
0.0
0.0
0.0
0.0
0.0
0.0
0.0
0.0
0.0
0.0
0.0
0.0
0.0
0.0
0.0
0.0
0.0
0.0
0.0
0.0
0.0
0.0
0.0
0.0
0.0
0.0
0.0
0.0
0.0
0.0
0.0
0.0
0.0
0.0
0.0
0.0
0.0
0.0
0.0
0.0
0.0
0.0
0.0
0.0
0.0
0.0
0.0
0.0
0.0
0.0
0.0
0.0
0.0
0.0
0.0
0.0
0.0
0.0
0.0
0.0
0.0
0.0
0.0
0.0
0.0
0.0
0.0
0.0
0.0
0.0
0.0
0.0
0.0
0.0
0.0
0.0
0.0
0.0
0.0
0.0
0.0
0.0
0.0
0.0
0.0
0.0
0.0
0.0
0.0
0.0
0.0
0.0
0.0
0.0
0.0
0.0
0.0
0.0
0.0
0.0
0.0
0.0
0.0
0.0
0.0
0.0
0.0
0.0
0.0
0.0
0.0
0.0
0.0
0.0
0.0
0.0
0.0
0.0
0.0
0.0
0.0
0.0
0.0
0.0
0.0
0.0
0.0
0.0
0.0
0.0
0.0
0.0
0.0
0.0
0.0
0.0
0.0
0.0
0.0
0.0
0.0
0.0
0.0
0.0
0.0
0.0
0.0
0.0
0.0
0.0
0.0
0.0
0.0
0.0
0.0
0.0
0.0
0.0
0.0
0.0
0.0
0.0
0.0
0.0
0.0
0.0
0.0
0.0
0.0
0.0
0.0
0.0
0.0
0.0
0.0
0.0
0.0
0.0
0.0
0.0
0.0
0.0
0.0
0.0
0.0
0.0
0.0
0.0
0.0
0.0
0.0
0.0
0.0
0.0
0.0
0.0
0.0
0.0
0.0
0.0
0.0
0.0
0.0
0.0
0.0
0.0
0.0
0.0
0.0
0.0
0.0
0.0
0.0
0.0
0.0
0.0
0.0
0.0
0.0
0.0
0.0
0.0
0.0
0.0
0.0
0.0
0.0
0.0
0.0
0.0
0.0
0.0
0.0
0.0
0.0
0.0
0.0
0.0
0.0
0.0
0.0
0.0
0.0
0.0
0.0
0.0
0.0
0.0
0.0
0.0
0.0
0.0
0.0
0.0
0.0
0.0
0.0
0.0
0.0
0.0
0.0
0.0
0.0
0.0
0.0
0.0
0.0
0.0
0.0
0.0
0.0
0.0
0.0
0.0
0.0
0.0
0.0
0.0
0.0
0.0
0.0
0.0
0.0
0.0
0.0
0.0
0.0
0.0
0.0
0.0
0.0
0.0
0.0
0.0
0.0
0.0
0.0
0.0
0.0
0.0
0.0
0.0
0.0
0.0
0.0
0.0
0.0
0.0
0.0
0.0
0.0
0.0
0.0
0.0
0.0
0.0
0.0
0.0
0.0
0.0
0.0
0.0
0.0
0.0
0.0
0.0
0.0
0.0
0.0
0.0
0.0
0.0
0.0
0.0
0.0
0.0
0.0
0.0
0.0
0.0
0.0
0.0
0.0
0.0
0.0
0.0
0.0
0.0
0.0
0.0
0.0
0.0
0.0
0.0
0.0
0.0
0.0
0.0
0.0
0.0
0.0
0.0
0.0
0.0
0.0
0.0
0.0
0.0
0.0
0.0
0.0
0.0
0.0
0.0
0.0
0.0
0.0
0.0
0.0
0.0
0.0
0.0
0.0
0.0
0.0
0.0
0.0
0.0
0.0
0.0
0.0
0.0
0.0
0.0
0.0
0.0
0.0
0.0
0.0
0.0
0.0
0.0
0.0
0.0
0.0
0.0
0.0
0.0
0.0
0.0
0.0
0.0
0.0
0.0
0.0
0.0
0.0
0.0
0.0
0.0
0.0
0.0
0.0
0.0
0.0
0.0
0.0
0.0
0.0
0.0
0.0
0.0
0.0
0.0
0.0
0.0
0.0
0.0
0.0
0.0
0.0
0.0
0.0
0.0
0.0
0.0
0.0
0.0
0.0
0.0
0.0
0.0
0.0
0.0
0.0
0.0
0.0
0.0
0.0
0.0
0.0
0.0
0.0
0.0
0.0
0.0
0.0
0.0
0.0
0.0
0.0
0.0
0.0
0.0
0.0
0.0
0.0
0.0
0.0
0.0
0.0
0.0
0.0
0.0
0.0
0.0
0.0
0.0
0.0
0.0
0.0
0.0
0.0
0.0
0.0
0.0
0.0
0.0
0.0
0.0
0.0
0.0
0.0
0.0
0.0
0.0
0.0
0.0
0.0
0.0
0.0
0.0
0.0
0.0
0.0
0.0
0.0
0.0
0.0
0.0
0.0
0.0
0.0
0.0
0.0
0.0
0.0
0.0
0.0
0.0
0.0
0.0
0.0
0.0
0.0
0.0
0.0
0.0
0.0
0.0
0.0
0.0
0.0
0.0
0.0
0.0
0.0
0.0
0.0
0.0
0.0
0.0
0.0
0.0
0.0
0.0
0.0
0.0
0.0
0.0
0.0
0.0
0.0
0.0
0.0
0.0
0.0
0.0
0.0
0.0
0.0
0.0
0.0
0.0
0.0
0.0
0.0
0.0
0.0
0.0
0.0
0.0
0.0
0.0
0.0
0.0
0.0
0.0
0.0
0.0
0.0
0.0
0.0
0.0
0.0
0.0
0.0
0.0
0.0
0.0
0.0
0.0
