3.5969243829803216e-6
3.749349778478494e-6
3.8843348916374286e-6
4.008904315893432e-6
4.125931680823615e-6
4.237185295813839e-6
4.3438705303043055e-6
4.44684518266212e-6
4.54673777174551e-6
4.643976610334412e-6
4.738350285381353e-6
4.830891312872071e-6
4.921401948600557e-6
5.0104001392271125e-6
5.097957088672542e-6
5.1842042089460285e-6
5.269335884397756e-6
5.353401822527848e-6
5.436503556338964e-6
5.518743716084148e-6
5.599938389016595e-6
5.680332111293068e-6
5.760063886386013e-6
5.839166385841896e-6
5.917599818230163e-6
5.995392418161685e-6
6.072637476556598e-6
6.149417050976188e-6
6.225760032260764e-6
6.30166559084916e-6
6.377138261046134e-6
6.452065529923345e-6
6.526690644280086e-6
6.601019604197274e-6
6.67504394068393e-6
6.7487506325569065e-6
6.822157515207755e-6
6.8952702869100275e-6
6.968088970744037e-6
7.040652155633092e-6
7.112987237008996e-6
7.185078548763422e-6
7.256841505020429e-6
7.3284101540818846e-6
7.399798010984142e-6
7.47098728413937e-6
7.54196353677703e-6
7.612750428288001e-6
7.683377665560948e-6
7.753862425165401e-6
7.824212047098147e-6
7.894411506455462e-6
7.964427005152547e-6
8.034259456209895e-6
8.103871553277076e-6
8.17336679007816e-6
8.242764561775874e-6
8.31207494390173e-6
8.381309489517262e-6
8.450470047482273e-6
8.519552303311254e-6
8.588540197291258e-6
8.657414232637798e-6
8.726189875138936e-6
8.794888083896538e-6
8.863493152947841e-6
8.93195587547068e-6
9.000377112979272e-6
9.068755096986727e-6
9.13709449082881e-6
9.20539387964398e-6
9.273642114586497e-6
9.341827555842815e-6
9.409951243185884e-6
9.47802905920247e-6
9.546078650795523e-6
9.614107695253851e-6
9.682121969646939e-6
9.75006840620876e-6
9.817935819922069e-6
9.885760136801882e-6
9.953552202144402e-6
1.0021321689957356e-5
1.008906897859346e-5
1.0156798156112267e-5
1.0224513449273027e-5
1.0292218805489078e-5
1.035992468048843e-5
1.042763995977893e-5
1.0495360774765675e-5
1.0563095520884493e-5
1.0630795480298233e-5
1.0698500886154596e-5
1.0766189381409426e-5
1.0833885518601315e-5
1.0901579589399597e-5
1.0969238901360996e-5
1.1036886868418306e-5
1.110454423039736e-5
1.1172218171967613e-5
1.1239922454589724e-5
1.1307649686489882e-5
1.1375403042150061e-5
1.1443188120827039e-5
1.1511005600075002e-5
1.157881482278774e-5
1.1646653542056542e-5
1.1714511226188445e-5
1.17823901100598e-5
1.185030124169482e-5
1.1918239315344216e-5
1.1986182648662217e-5
1.2054141394700664e-5
1.212212491262639e-5
1.2190117543027198e-5
1.2258131705413264e-5
1.2326183990423959e-5
1.2394284021114677e-5
1.2462432155260054e-5
1.2530599028312077e-5
1.259881030731534e-5
1.2667071885043012e-5
1.2735380702986054e-5
1.280373190423133e-5
1.2872125148823889e-5
1.2940564515001847e-5
1.3009054609598517e-5
1.3077597392517214e-5
1.314618531342242e-5
1.3214812219798301e-5
1.3283491888303665e-5
1.3352226527236561e-5
1.342100461125048e-5
1.3489817853419153e-5
1.3558652063603865e-5
1.3627524433587897e-5
1.3696451096967267e-5
1.3765438806557675e-5
1.3834486132408176e-5
1.390359013080939e-5
1.3972755708462987e-5
1.4041981257447226e-5
1.4111268216522025e-5
1.4180618305929126e-5
1.4250034705299104e-5
1.4319524257898542e-5
1.4389066503936256e-5
1.445866633573108e-5
1.4528327117321046e-5
1.4598066137824667e-5
1.4667845164663746e-5
1.4737679228840754e-5
1.4807590044209971e-5
1.4877558780797727e-5
1.4947582065022996e-5
1.5017686515642686e-5
1.5087859777745025e-5
1.5158079733026484e-5
1.522836304746928e-5
1.5298728257064508e-5
1.5369166954468288e-5
1.5439676957553147e-5
1.551026260625721e-5
1.5580922387594076e-5
1.5651666146996735e-5
1.572245889178191e-5
1.579333732105063e-5
1.5864289118747995e-5
1.5935302304454113e-5
1.600641874102331e-5
1.607760233050629e-5
1.614886344872354e-5
1.6220198649803347e-5
1.6291626040918806e-5
1.636312779375224e-5
1.6434699704750553e-5
1.6506353847827305e-5
1.6578091285051217e-5
1.6649914494635938e-5
1.6721809489514456e-5
1.679378476484103e-5
1.6865834939078493e-5
1.6937974476377365e-5
1.701018326845627e-5
1.7082448868976724e-5
1.7154768367363095e-5
1.722719922719976e-5
1.7299708992487252e-5
1.7372320398275723e-5
1.7445022467667975e-5
1.751781129930074e-5
1.759069433230318e-5
1.766366436246511e-5
1.7736728447767456e-5
1.780988697294079e-5
1.7883135104466353e-5
1.7956483741944805e-5
1.8029917837500694e-5
1.8103429766152637e-5
1.817704079598248e-5
1.8250737288412004e-5
1.8324527827508598e-5
1.839843461785217e-5
1.847239509805485e-5
1.854645645892432e-5
1.8620586821985964e-5
1.869480203427303e-5
1.8769114423899917e-5
1.8843526821614997e-5
1.8918017716703275e-5
1.899260127433815e-5
1.906727873846288e-5
1.9142037927510146e-5
1.9216893955020117e-5
1.929186268608053e-5
1.936692806898473e-5
1.9442082086553003e-5
1.9517348242059467e-5
1.959272790029389e-5
1.966818586232601e-5
1.9743751556711156e-5
1.9819428594768042e-5
1.989517208845973e-5
1.9971021110382684e-5
2.004696049482161e-5
2.0123009397285654e-5
2.0199165654764206e-5
2.027539663221472e-5
2.035173846491081e-5
2.0428187754569164e-5
2.0504733096331587e-5
2.0581376757137314e-5
2.065812780621591e-5
2.073499025381687e-5
2.081195478268556e-5
2.0889011187677882e-5
2.0966165762383978e-5
2.1043434362188065e-5
2.1120814956542033e-5
2.1198277516156678e-5
2.1275829799518607e-5
2.1353488844249528e-5
2.1431268406677738e-5
2.1509132222749412e-5
2.1587086331887923e-5
2.166514033051068e-5
2.174332757302661e-5
2.1821610714049722e-5
2.1899976174325762e-5
2.197845239594826e-5
2.205705541050303e-5
2.213574464736673e-5
2.2214532504168216e-5
2.229344128889813e-5
2.237246797031107e-5
2.2451594235364537e-5
2.2530816776148173e-5
2.2610148905393643e-5
2.2689598843626447e-5
2.2769168739273956e-5
2.2848854345619436e-5
2.292864391257094e-5
2.300853447054049e-5
2.308852107341826e-5
2.3168608695969035e-5
2.3248818318259185e-5
2.3329167138136627e-5
2.3409607675396133e-5
2.3490143571745523e-5
2.357078136827922e-5
2.365152755463313e-5
2.373240192562519e-5
2.381339038500282e-5
2.389445811325334e-5
2.3975648761644592e-5
2.4056944355144503e-5
2.413832492885993e-5
2.42198084368143e-5
2.4301410630639605e-5
2.4383129109052768e-5
2.4464950778883326e-5
2.454686835573113e-5
2.4628896615389253e-5
2.471105860443965e-5
2.4793354576796365e-5
2.487576238956612e-5
2.495826903086683e-5
2.5040875287029e-5
2.5123595182435814e-5
2.5206440897706398e-5
2.5289405452314438e-5
2.537247142277291e-5
2.5455635864873833e-5
2.5538904053635734e-5
2.56222949041506e-5
2.5705801578083462e-5
2.5789432285796985e-5
2.5873185382870107e-5
2.595703556560708e-5
2.6040991606026502e-5
2.6125055874171187e-5
2.6209235817205325e-5
2.6293531368091147e-5
2.6377934591346203e-5
2.6462470868365967e-5
2.6547118128794488e-5
2.6631856396155552e-5
2.67166976445634e-5
2.6801644174611398e-5
2.6886699825099854e-5
2.697187250298965e-5
2.7057168279457215e-5
2.714258061793009e-5
2.7228097703463037e-5
2.731371137683256e-5
2.739943003473507e-5
2.748527228579403e-5
2.75712435537822e-5
2.7657337039435782e-5
2.77435350470745e-5
2.782982883330417e-5
2.7916219765953708e-5
2.8002734046020352e-5
2.808936569869515e-5
2.817611892513087e-5
2.826299760311272e-5
2.8349989510232272e-5
2.8437078310920454e-5
2.852426940961003e-5
2.8611571096455643e-5
2.8698984357797268e-5
2.8786506267244434e-5
2.887413928121736e-5
2.896189050948562e-5
2.9049755134214073e-5
2.9137725555239745e-5
2.922580941592282e-5
2.931400697905122e-5
2.9402305606721723e-5
2.9490704688436056e-5
2.9579212186904e-5
2.9667841359495534e-5
2.975659845937693e-5
2.984546027496688e-5
2.9934421453140807e-5
3.002348981792779e-5
3.0112669647741988e-5
3.020195947554614e-5
3.0291359388332823e-5
3.0380870935447487e-5
3.047049409907119e-5
3.056022479516939e-5
3.065005167111249e-5
3.073998669446883e-5
3.083003556255367e-5
3.092019857105432e-5
3.101047107684267e-5
3.110084653667296e-5
3.119132114948298e-5
3.128189570223789e-5
3.1372572430631003e-5
3.146335273709561e-5
3.155423724174594e-5
3.164522611063346e-5
3.1736320550066595e-5
3.1827524191851816e-5
3.19188404227777e-5
3.201026490980296e-5
3.210178703041057e-5
3.219341754760938e-5
3.228515921188507e-5
3.237699710649803e-5
3.246893315435063e-5
3.256097006709178e-5
3.265310629035302e-5
3.2745341352388534e-5
3.283768363172343e-5
3.29301372482069e-5
3.3022692534497e-5
3.311534399281043e-5
3.3208094074974025e-5
3.330094535891391e-5
3.3393894953536724e-5
3.3486936729857884e-5
3.3580061436273766e-5
3.367329796743553e-5
3.376663433549076e-5
3.386005695936745e-5
3.395356935838553e-5
3.404718695466062e-5
3.414091247054678e-5
3.423473729637567e-5
3.4328657151246e-5
3.442266812301989e-5
3.451676842632932e-5
3.4610956629535734e-5
3.470521915186034e-5
3.479959245984652e-5
3.489406558375036e-5
3.498862656869184e-5
3.508327330729801e-5
3.517800469404607e-5
3.527281894431882e-5
3.53677167983606e-5
3.546270243546029e-5
3.555777903779438e-5
3.5652947550283174e-5
3.574820303656238e-5
3.584355518220458e-5
3.593900879556176e-5
3.603454476350642e-5
3.613015998887047e-5
3.622586015766089e-5
3.6321643160781564e-5
3.6417502967175864e-5
3.651343510454232e-5
3.660943149096918e-5
3.670549157671722e-5
3.680165283222626e-5
3.689790972890839e-5
3.6994245489369e-5
3.709065133686351e-5
3.718712354154931e-5
3.728367914165889e-5
3.738031078807135e-5
3.747700317577458e-5
3.757377223709842e-5
3.7670632240473113e-5
3.7767549390735676e-5
3.786452655717146e-5
3.7961578708255305e-5
3.8058703458243425e-5
3.815589372098407e-5
3.825313888157535e-5
3.835044970146904e-5
3.8447837446543e-5
3.854528634721104e-5
3.864280459522517e-5
3.8740383624878905e-5
3.8838020023729626e-5
3.893572952565441e-5
3.903348167955963e-5
3.913131573245868e-5
3.922921654752591e-5
3.9327165308040746e-5
3.942515752286184e-5
3.9523186875613346e-5
3.9621245540361236e-5
3.9719329099352415e-5
3.981752204344749e-5
3.9915819765399036e-5
4.001415912459727e-5
4.0112538179061745e-5
4.021095486424228e-5
4.030940452846759e-5
4.040787043411938e-5
4.0506361858864224e-5
4.060491764016717e-5
4.070352280367532e-5
4.0802160737574956e-5
4.090084077149712e-5
4.0999537545828635e-5
4.109825404175086e-5
4.1197002037573796e-5
4.1295801777729546e-5
4.139463156266404e-5
4.1493512539219214e-5
4.1592419844490145e-5
4.169133396176325e-5
4.1790270077535814e-5
4.1889281864046506e-5
4.198829773735349e-5
4.208730275494125e-5
4.218635144891289e-5
4.228542932668575e-5
4.238449580676948e-5
4.248357962684165e-5
4.258268575380391e-5
4.268180343641777e-5
4.278092108428284e-5
4.288005718697587e-5
4.297918865518114e-5
4.307832682216572e-5
4.317748089239753e-5
4.327662756519383e-5
4.337576885568908e-5
4.347490650286135e-5
4.35740237217959e-5
4.367318344926305e-5
4.377234429084357e-5
4.3871485864916605e-5
4.397060291669946e-5
4.4069677249396023e-5
4.416870422353362e-5
4.4267792148618986e-5
4.436689541378716e-5
4.446596396524067e-5
4.456498917271465e-5
4.466396206568176e-5
4.476287660100951e-5
4.486176952381462e-5
4.496066407128035e-5
4.5059555198262686e-5
4.5158417147549966e-5
4.52572095225246e-5
4.535596653386823e-5
4.545469493572481e-5
4.5553371540085525e-5
4.565199161533511e-5
4.575054281482944e-5
4.584905007924762e-5
4.594753762814599e-5
4.60459847577601e-5
4.614436820472641e-5
4.624267493862094e-5
4.6340886344352975e-5
4.643904090088137e-5
4.65371283973239e-5
4.663512853192884e-5
4.673307294254672e-5
4.683094701578551e-5
4.692874097736292e-5
4.702649766165646e-5
4.7124162685456454e-5
4.722170261471844e-5
4.7319155819870934e-5
4.7416499829360824e-5
4.751377380842859e-5
4.761091340817539e-5
4.770796874019176e-5
4.7804922697375074e-5
4.790176703684177e-5
4.7998563239616605e-5
4.809523222363335e-5
4.81917500713885e-5
4.828811720196055e-5
4.838436007643154e-5
4.848055513100115e-5
4.85765867102029e-5
4.867246834104132e-5
4.876820034278865e-5
4.886377383324107e-5
4.895930598453147e-5
4.905468579695137e-5
4.914988805033142e-5
4.92448960501911e-5
4.933968871556279e-5
4.943440474517044e-5
4.9528997523599025e-5
4.962341417250611e-5
4.9717623896092224e-5
4.981160601259829e-5
4.990545233667204e-5
4.999916964085766e-5
5.009270553088862e-5
5.0186009162555185e-5
5.027909367258433e-5
5.037197583300316e-5
5.046467494270399e-5
5.0557191965472175e-5
5.064948981328621e-5
5.074159689340284e-5
5.083346060380008e-5
5.092509164538985e-5
5.10164844284333e-5
5.11076417096388e-5
5.119859485241655e-5
5.128931346672881e-5
5.137979508222178e-5
5.146998298160684e-5
5.155991811268543e-5
5.1649610172315024e-5
5.173903684889063e-5
5.1828215132985285e-5
5.191709984720325e-5
5.2005705857229316e-5
5.2094034445091574e-5
5.2182045149923e-5
5.226975871321502e-5
5.235721316355585e-5
5.244438194452119e-5
5.2531227469773536e-5
5.2617723154162374e-5
5.270387343445342e-5
5.27897219867861e-5
5.287526312278472e-5
5.296047277333424e-5
5.3045321674441286e-5
5.312981568110269e-5
5.321397944426008e-5
5.329774765487355e-5
5.3381114127508296e-5
5.346414471962419e-5
5.354684793639651e-5
5.362915714088524e-5
5.371102880008846e-5
5.379245710434587e-5
5.3873503383529844e-5
5.39542044618274e-5
5.4034478237695645e-5
5.4114276114676415e-5
5.419362396190199e-5
5.427262034458493e-5
5.43511535364302e-5
5.442919493981132e-5
5.450673519160447e-5
5.4583851923788664e-5
5.466056796027321e-5
5.473677080558563e-5
5.481242586757054e-5
5.488754207249681e-5
5.496222050504604e-5
5.503643348428781e-5
5.511010405236537e-5
5.518319711236889e-5
5.525576041255588e-5
5.532780666595655e-5
5.539930972695357e-5
5.547022324031167e-5
5.554058119128184e-5
5.56103507062582e-5
5.5679557030301584e-5
5.574814757521069e-5
5.581616653009701e-5
5.588354191650022e-5
5.5950281451622565e-5
5.601639337551267e-5
5.608191552733729e-5
5.614676504901556e-5
5.621093344329639e-5
5.62744029590746e-5
5.6337222393711614e-5
5.639938192886744e-5
5.646083897506546e-5
5.652154967929413e-5
5.658152993120583e-5
5.6640805858740015e-5
5.669934315059701e-5
5.6757125465759674e-5
5.681413667366176e-5
5.687037647456752e-5
5.6925809783578905e-5
5.6980452014115306e-5
5.703429963369275e-5
5.7087337636612446e-5
5.7139514205961735e-5
5.7190833120394104e-5
5.724131641093262e-5
5.729095192885483e-5
5.733968375589525e-5
5.7387498274742875e-5
5.743441338803323e-5
5.74804306895123e-5
5.752550666428421e-5
5.756961588470436e-5
5.761276343194305e-5
5.765494732896789e-5
5.7696133314665837e-5
5.773630898197195e-5
5.7775474225535436e-5
5.781361532153182e-5
5.785069417050486e-5
5.788669052597371e-5
5.792162654787385e-5
5.795548834509383e-5
5.798821992138165e-5
5.801979216867404e-5
5.805024213624316e-5
5.807955827594614e-5
5.8107688417916745e-5
5.813459151747154e-5
5.8160294483647623e-5
5.8184787638780014e-5
5.8208032312499575e-5
5.8229992344297536e-5
5.825067272504058e-5
5.8270059694480996e-5
5.8288119544621864e-5
5.8304827018710184e-5
5.832017999355836e-5
5.833416144271511e-5
5.834673652013677e-5
5.8357879139861865e-5
5.836757955344588e-5
5.8375822466661884e-5
5.838257862594917e-5
5.838782137318408e-5
5.839153201134629e-5
5.8393690673756375e-5
5.8394272004741746e-5
5.8393251008867434e-5
5.839060570105783e-5
5.8386311894116355e-5
5.838034348015935e-5
5.8372670476955534e-5
5.836327284856164e-5
5.835212659355398e-5
5.8339205208683594e-5
5.832447066461672e-5
5.830789855160713e-5
5.8289469750770614e-5
5.8269155715505635e-5
5.8246912672743226e-5
5.8222720179956834e-5
5.819655843564336e-5
5.8168386262335196e-5
5.8138151574123395e-5
5.810584434073475e-5
5.8071455179578e-5
5.8034918227208583e-5
5.7996186011802287e-5
5.795524789454309e-5
5.791208461480153e-5
5.786664096247677e-5
5.781886511797111e-5
5.7768723059071506e-5
5.771618936174033e-5
5.766123859732807e-5
5.76038293273276e-5
5.7543899869557654e-5
5.7481371934170136e-5
5.741624377913408e-5
5.7348539883664366e-5
5.72781488462123e-5
5.720494636262857e-5
5.712895843772263e-5
5.705023210651584e-5
5.6968636950023955e-5
5.6884024071091955e-5
5.67964256139188e-5
5.670588695063799e-5
5.661226616348484e-5
5.6515424633252684e-5
5.6415402906456504e-5
5.631218446721813e-5
5.62056427144066e-5
5.609567128033136e-5
5.5982311120070286e-5
5.586548268309491e-5
5.574504784158273e-5
5.562096792533985e-5
5.5493279975618094e-5
5.536179625213154e-5
5.522632025501342e-5
5.508702034343102e-5
5.494381848045022e-5
5.4796479433418653e-5
5.4644857900828455e-5
5.448912798669549e-5
5.4329150549512534e-5
5.4164624830135486e-5
5.3995512290918475e-5
5.3821991166797826e-5
5.3643833476149115e-5
5.346061420649748e-5
5.3272494872597024e-5
5.307957769651144e-5
5.2881574855534415e-5
5.2678060612335185e-5
5.2469270429890844e-5
5.225518161627867e-5
5.203539186210002e-5
5.1809736191182504e-5
5.157826822914083e-5
5.134089429802437e-5
5.1097280930587084e-5
5.084732756228169e-5
5.059097988659511e-5
5.0327933437520246e-5
5.005798663187002e-5
4.978110877336464e-5
4.949714608068375e-5
4.9205694288498445e-5
4.8906581450832824e-5
4.85997677809985e-5
4.8284989797453e-5
4.796193524903911e-5
4.7630236412788214e-5
4.728989361884372e-5
4.6940531490240796e-5
4.658183575994452e-5
4.6213390261823494e-5
4.5835030040215145e-5
4.5446558149731164e-5
4.5047443524017085e-5
4.463715719091362e-5
4.421528963963941e-5
4.378195186895339e-5
4.333634450502509e-5
4.2877682958662344e-5
4.2405766704449886e-5
4.1920262196164884e-5
4.142031096780551e-5
4.0904777930069734e-5
4.037376268940243e-5
3.982651005050155e-5
3.9261716812495695e-5
3.867848186534232e-5
3.8076342143922595e-5
3.745421704950595e-5
3.681023720416807e-5
3.614382061420969e-5
3.545341242390631e-5
3.473718316292069e-5
3.39933424867876e-5
3.3220409670570854e-5
3.241607536155864e-5
3.157680881870444e-5
3.070050438427604e-5
2.9783485367825324e-5
2.882155013932286e-5
2.780989002557297e-5
2.674284253780705e-5
2.561311223954362e-5
2.441142613503727e-5
2.312733567488115e-5
2.1744999573929796e-5
2.0243208601550048e-5
1.8594705692842743e-5
1.6755748923804094e-5
1.4652154969083105e-5
1.2146818714201938e-5
8.911802647109994e-6
3.2015760735368862e-6
0.0
0.0
0.0
0.0
0.0
0.0
0.0
0.0
0.0
0.0
0.0
0.0
0.0
0.0
0.0
0.0
0.0
0.0
0.0
0.0
0.0
0.0
0.0
0.0
0.0
0.0
0.0
0.0
0.0
0.0
0.0
0.0
0.0
0.0
0.0
0.0
0.0
0.0
0.0
0.0
0.0
0.0
0.0
0.0
0.0
0.0
0.0
0.0
0.0
0.0
0.0
0.0
0.0
0.0
0.0
0.0
0.0
0.0
0.0
0.0
0.0
0.0
0.0
0.0
0.0
0.0
0.0
0.0
0.0
0.0
0.0
0.0
0.0
0.0
0.0
0.0
0.0
0.0
0.0
0.0
0.0
0.0
0.0
0.0
0.0
0.0
0.0
0.0
0.0
0.0
0.0
0.0
0.0
0.0
0.0
0.0
0.0
0.0
0.0
0.0
0.0
0.0
0.0
0.0
0.0
0.0
0.0
0.0
0.0
0.0
0.0
0.0
0.0
0.0
0.0
0.0
0.0
0.0
0.0
0.0
0.0
0.0
0.0
0.0
0.0
0.0
0.0
0.0
0.0
0.0
0.0
0.0
0.0
0.0
0.0
0.0
0.0
0.0
0.0
0.0
0.0
0.0
0.0
0.0
0.0
0.0
0.0
0.0
0.0
0.0
0.0
0.0
0.0
0.0
0.0
0.0
0.0
0.0
0.0
0.0
0.0
0.0
0.0
0.0
0.0
0.0
0.0
0.0
0.0
0.0
0.0
0.0
0.0
0.0
0.0
0.0
0.0
0.0
0.0
0.0
0.0
0.0
0.0
0.0
0.0
0.0
0.0
0.0
0.0
0.0
0.0
0.0
0.0
0.0
0.0
0.0
0.0
0.0
0.0
0.0
0.0
0.0
0.0
0.0
0.0
0.0
0.0
0.0
0.0
0.0
0.0
0.0
0.0
0.0
0.0
0.0
0.0
0.0
0.0
0.0
0.0
0.0
0.0
0.0
0.0
0.0
0.0
0.0
0.0
0.0
0.0
0.0
0.0
0.0
0.0
0.0
0.0
0.0
0.0
0.0
0.0
0.0
0.0
0.0
0.0
0.0
0.0
0.0
0.0
0.0
0.0
0.0
0.0
0.0
0.0
0.0
0.0
0.0
0.0
0.0
0.0
0.0
0.0
0.0
0.0
0.0
0.0
0.0
0.0
0.0
0.0
0.0
0.0
0.0
0.0
0.0
0.0
0.0
0.0
0.0
0.0
0.0
0.0
0.0
0.0
0.0
0.0
0.0
0.0
0.0
0.0
0.0
0.0
0.0
0.0
0.0
0.0
0.0
0.0
0.0
0.0
0.0
0.0
0.0
0.0
0.0
0.0
0.0
0.0
0.0
0.0
0.0
0.0
0.0
0.0
0.0
0.0
0.0
0.0
0.0
0.0
0.0
0.0
0.0
0.0
0.0
0.0
0.0
0.0
0.0
0.0
0.0
0.0
0.0
0.0
0.0
0.0
0.0
0.0
0.0
0.0
0.0
0.0
0.0
0.0
0.0
0.0
0.0
0.0
0.0
0.0
0.0
0.0
0.0
0.0
0.0
0.0
0.0
0.0
0.0
0.0
0.0
0.0
0.0
0.0
0.0
0.0
0.0
0.0
0.0
0.0
0.0
0.0
0.0
0.0
0.0
0.0
0.0
0.0
0.0
0.0
0.0
0.0
0.0
0.0
0.0
0.0
0.0
0.0
0.0
0.0
0.0
0.0
0.0
0.0
0.0
0.0
0.0
0.0
0.0
0.0
0.0
0.0
0.0
0.0
0.0
0.0
0.0
0.0
0.0
0.0
0.0
0.0
0.0
0.0
0.0
0.0
0.0
0.0
0.0
0.0
0.0
0.0
0.0
0.0
0.0
0.0
0.0
0.0
0.0
0.0
0.0
0.0
0.0
0.0
0.0
0.0
0.0
0.0
0.0
0.0
0.0
0.0
0.0
0.0
0.0
0.0
0.0
0.0
0.0
0.0
0.0
0.0
0.0
0.0
0.0
0.0
0.0
0.0
0.0
0.0
0.0
0.0
0.0
0.0
0.0
0.0
0.0
0.0
0.0
0.0
0.0
0.0
0.0
0.0
0.0
0.0
0.0
0.0
0.0
0.0
0.0
0.0
0.0
0.0
0.0
0.0
0.0
0.0
0.0
0.0
0.0
0.0
0.0
0.0
0.0
0.0
0.0
0.0
0.0
0.0
0.0
0.0
0.0
0.0
0.0
0.0
0.0
0.0
0.0
0.0
0.0
0.0
0.0
0.0
0.0
0.0
0.0
0.0
0.0
0.0
0.0
0.0
0.0
0.0
0.0
0.0
0.0
0.0
0.0
0.0
0.0
0.0
0.0
0.0
0.0
0.0
0.0
0.0
0.0
0.0
0.0
0.0
0.0
0.0
0.0
0.0
0.0
0.0
0.0
0.0
0.0
0.0
0.0
0.0
0.0
0.0
0.0
0.0
0.0
0.0
0.0
0.0
0.0
0.0
0.0
0.0
0.0
0.0
0.0
0.0
0.0
0.0
0.0
0.0
0.0
0.0
0.0
0.0
0.0
0.0
0.0
0.0
0.0
0.0
0.0
0.0
0.0
0.0
0.0
0.0
0.0
0.0
0.0
0.0
0.0
0.0
0.0
0.0
0.0
0.0
0.0
0.0
0.0
0.0
0.0
0.0
0.0
0.0
0.0
0.0
0.0
0.0
0.0
0.0
0.0
0.0
0.0
0.0
0.0
0.0
0.0
0.0
0.0
0.0
0.0
0.0
0.0
0.0
0.0
0.0
0.0
0.0
0.0
0.0
0.0
0.0
0.0
0.0
0.0
0.0
0.0
0.0
0.0
0.0
0.0
0.0
0.0
0.0
0.0
0.0
0.0
0.0
0.0
0.0
0.0
0.0
0.0
0.0
0.0
0.0
0.0
0.0
0.0
0.0
0.0
0.0
0.0
0.0
0.0
0.0
0.0
0.0
0.0
0.0
0.0
0.0
0.0
0.0
0.0
0.0
0.0
0.0
0.0
0.0
0.0
0.0
0.0
0.0
0.0
0.0
0.0
0.0
0.0
0.0
0.0
0.0
0.0
0.0
0.0
0.0
0.0
0.0
0.0
0.0
0.0
0.0
0.0
0.0
0.0
0.0
0.0
0.0
0.0
0.0
0.0
0.0
0.0
0.0
0.0
0.0
0.0
0.0
0.0
0.0
0.0
0.0
0.0
0.0
0.0
0.0
0.0
0.0
0.0
0.0
0.0
0.0
0.0
0.0
0.0
0.0
0.0
0.0
0.0
0.0
0.0
0.0
0.0
0.0
0.0
0.0
0.0
0.0
0.0
0.0
0.0
0.0
0.0
0.0
0.0
0.0
0.0
0.0
0.0
0.0
0.0
0.0
0.0
0.0
0.0
0.0
0.0
0.0
0.0
0.0
0.0
0.0
0.0
0.0
0.0
0.0
0.0
0.0
0.0
0.0
0.0
0.0
0.0
0.0
0.0
0.0
0.0
0.0
0.0
0.0
0.0
0.0
0.0
0.0
0.0
0.0
0.0
0.0
0.0
0.0
0.0
0.0
0.0
0.0
0.0
0.0
0.0
0.0
0.0
0.0
0.0
0.0
0.0
0.0
0.0
0.0
0.0
0.0
0.0
0.0
0.0
0.0
0.0
0.0
0.0
0.0
0.0
0.0
0.0
0.0
0.0
0.0
0.0
0.0
0.0
0.0
0.0
0.0
0.0
0.0
0.0
0.0
0.0
0.0
0.0
0.0
0.0
0.0
0.0
0.0
0.0
0.0
0.0
0.0
0.0
0.0
0.0
0.0
0.0
0.0
0.0
0.0
0.0
0.0
0.0
0.0
0.0
0.0
0.0
0.0
0.0
0.0
0.0
0.0
0.0
0.0
0.0
0.0
0.0
0.0
0.0
0.0
0.0
0.0
0.0
0.0
0.0
0.0
0.0
0.0
0.0
0.0
0.0
0.0
0.0
0.0
0.0
0.0
0.0
0.0
0.0
0.0
0.0
0.0
0.0
0.0
0.0
0.0
0.0
0.0
0.0
0.0
0.0
0.0
0.0
0.0
0.0
0.0
0.0
0.0
0.0
0.0
0.0
0.0
0.0
0.0
0.0
0.0
0.0
0.0
0.0
0.0
0.0
0.0
0.0
0.0
0.0
0.0
0.0
0.0
0.0
0.0
0.0
0.0
0.0
0.0
0.0
0.0
0.0
0.0
0.0
0.0
0.0
0.0
0.0
0.0
0.0
0.0
0.0
0.0
0.0
0.0
0.0
0.0
0.0
0.0
0.0
0.0
0.0
0.0
0.0
0.0
0.0
0.0
0.0
0.0
0.0
0.0
0.0
0.0
0.0
0.0
0.0
0.0
0.0
0.0
0.0
0.0
0.0
0.0
0.0
0.0
0.0
0.0
0.0
0.0
0.0
0.0
0.0
0.0
0.0
0.0
0.0
0.0
0.0
0.0
0.0
0.0
0.0
0.0
0.0
0.0
0.0
0.0
0.0
0.0
0.0
0.0
0.0
0.0
0.0
0.0
0.0
0.0
0.0
0.0
0.0
0.0
0.0
0.0
0.0
0.0
0.0
0.0
0.0
0.0
0.0
0.0
0.0
0.0
0.0
0.0
0.0
0.0
0.0
0.0
0.0
0.0
0.0
0.0
0.0
0.0
0.0
0.0
0.0
0.0
0.0
0.0
0.0
0.0
0.0
0.0
0.0
0.0
0.0
0.0
0.0
0.0
0.0
0.0
0.0
0.0
0.0
0.0
0.0
0.0
0.0
0.0
0.0
0.0
0.0
0.0
0.0
0.0
0.0
0.0
0.0
0.0
0.0
0.0
0.0
0.0
0.0
0.0
0.0
0.0
0.0
0.0
0.0
0.0
0.0
0.0
0.0
0.0
0.0
0.0
0.0
0.0
0.0
0.0
0.0
0.0
0.0
0.0
0.0
0.0
0.0
0.0
0.0
0.0
0.0
0.0
0.0
0.0
0.0
0.0
0.0
0.0
0.0
0.0
0.0
0.0
0.0
0.0
0.0
0.0
0.0
0.0
0.0
0.0
0.0
0.0
0.0
0.0
0.0
0.0
0.0
0.0
0.0
0.0
0.0
0.0
0.0
0.0
0.0
0.0
0.0
0.0
0.0
0.0
0.0
0.0
0.0
0.0
0.0
0.0
0.0
0.0
0.0
0.0
0.0
0.0
0.0
0.0
0.0
0.0
0.0
0.0
0.0
0.0
0.0
0.0
0.0
0.0
0.0
0.0
0.0
0.0
0.0
0.0
0.0
0.0
0.0
0.0
0.0
0.0
0.0
0.0
0.0
0.0
0.0
0.0
0.0
0.0
0.0
0.0
0.0
0.0
0.0
0.0
0.0
0.0
0.0
0.0
0.0
0.0
0.0
0.0
0.0
0.0
0.0
0.0
0.0
0.0
0.0
0.0
0.0
0.0
0.0
0.0
0.0
0.0
0.0
0.0
0.0
0.0
0.0
0.0
0.0
0.0
0.0
0.0
0.0
0.0
0.0
0.0
0.0
0.0
0.0
0.0
0.0
0.0
0.0
0.0
0.0
0.0
0.0
0.0
0.0
0.0
0.0
0.0
0.0
0.0
0.0
0.0
0.0
0.0
0.0
0.0
0.0
0.0
0.0
0.0
0.0
0.0
0.0
0.0
0.0
0.0
0.0
0.0
0.0
0.0
0.0
0.0
0.0
0.0
0.0
0.0
0.0
0.0
0.0
0.0
0.0
0.0
0.0
0.0
0.0
0.0
0.0
0.0
0.0
0.0
0.0
0.0
0.0
0.0
0.0
0.0
0.0
0.0
0.0
0.0
0.0
0.0
0.0
0.0
0.0
0.0
0.0
0.0
0.0
0.0
0.0
0.0
0.0
0.0
0.0
0.0
0.0
0.0
0.0
0.0
0.0
0.0
0.0
0.0
0.0
0.0
0.0
0.0
0.0
0.0
0.0
0.0
0.0
0.0
0.0
0.0
0.0
0.0
0.0
0.0
0.0
0.0
0.0
0.0
0.0
0.0
0.0
0.0
0.0
0.0
0.0
0.0
0.0
0.0
0.0
0.0
0.0
0.0
0.0
0.0
0.0
0.0
0.0
0.0
0.0
0.0
0.0
0.0
0.0
0.0
0.0
0.0
0.0
0.0
0.0
0.0
0.0
0.0
0.0
0.0
0.0
0.0
0.0
0.0
0.0
0.0
0.0
0.0
0.0
0.0
0.0
0.0
0.0
0.0
0.0
0.0
0.0
0.0
0.0
0.0
0.0
0.0
0.0
0.0
0.0
0.0
0.0
0.0
0.0
0.0
0.0
0.0
0.0
0.0
0.0
0.0
0.0
0.0
0.0
0.0
0.0
0.0
0.0
0.0
0.0
0.0
0.0
0.0
0.0
0.0
0.0
0.0
0.0
0.0
0.0
0.0
0.0
0.0
0.0
0.0
0.0
0.0
0.0
0.0
0.0
0.0
0.0
0.0
0.0
0.0
0.0
0.0
0.0
0.0
0.0
0.0
0.0
0.0
0.0
0.0
0.0
0.0
0.0
0.0
0.0
0.0
0.0
0.0
0.0
0.0
0.0
0.0
0.0
0.0
0.0
0.0
0.0
0.0
0.0
0.0
0.0
0.0
0.0
0.0
0.0
0.0
0.0
0.0
0.0
0.0
0.0
0.0
0.0
0.0
0.0
0.0
0.0
0.0
0.0
0.0
0.0
0.0
0.0
0.0
0.0
0.0
0.0
0.0
0.0
0.0
0.0
0.0
0.0
0.0
0.0
0.0
0.0
0.0
0.0
0.0
0.0
0.0
0.0
0.0
0.0
0.0
0.0
0.0
0.0
0.0
0.0
0.0
0.0
0.0
0.0
0.0
0.0
0.0
0.0
0.0
0.0
0.0
0.0
0.0
0.0
0.0
0.0
0.0
0.0
0.0
0.0
0.0
0.0
0.0
0.0
0.0
0.0
0.0
0.0
0.0
0.0
0.0
0.0
0.0
0.0
0.0
0.0
0.0
0.0
0.0
0.0
0.0
0.0
0.0
0.0
0.0
0.0
0.0
0.0
0.0
0.0
0.0
0.0
0.0
0.0
0.0
0.0
0.0
0.0
0.0
0.0
0.0
0.0
0.0
0.0
0.0
0.0
0.0
0.0
0.0
0.0
0.0
0.0
0.0
0.0
0.0
0.0
0.0
0.0
0.0
0.0
0.0
0.0
0.0
0.0
0.0
0.0
0.0
0.0
0.0
0.0
0.0
0.0
0.0
0.0
0.0
0.0
0.0
0.0
0.0
0.0
0.0
0.0
0.0
0.0
0.0
0.0
0.0
0.0
0.0
0.0
0.0
0.0
0.0
0.0
0.0
0.0
0.0
0.0
0.0
0.0
0.0
0.0
0.0
0.0
0.0
0.0
0.0
0.0
0.0
0.0
0.0
0.0
0.0
0.0
0.0
0.0
0.0
0.0
0.0
0.0
0.0
0.0
0.0
0.0
0.0
0.0
0.0
0.0
0.0
0.0
0.0
0.0
0.0
0.0
0.0
0.0
0.0
0.0
0.0
0.0
0.0
0.0
0.0
0.0
0.0
0.0
0.0
0.0
0.0
0.0
0.0
0.0
0.0
0.0
0.0
0.0
0.0
0.0
0.0
0.0
0.0
0.0
0.0
0.0
0.0
0.0
0.0
0.0
0.0
0.0
0.0
0.0
0.0
0.0
0.0
0.0
0.0
0.0
0.0
0.0
0.0
0.0
0.0
0.0
0.0
0.0
0.0
0.0
0.0
0.0
0.0
0.0
0.0
0.0
0.0
0.0
0.0
0.0
0.0
0.0
0.0
0.0
0.0
0.0
0.0
0.0
0.0
0.0
0.0
0.0
0.0
0.0
0.0
0.0
0.0
0.0
0.0
0.0
0.0
0.0
0.0
0.0
0.0
0.0
0.0
0.0
0.0
0.0
0.0
0.0
0.0
0.0
0.0
0.0
0.0
0.0
0.0
0.0
0.0
0.0
0.0
0.0
0.0
0.0
0.0
0.0
0.0
0.0
0.0
0.0
0.0
0.0
0.0
0.0
0.0
0.0
0.0
0.0
0.0
0.0
0.0
0.0
0.0
0.0
0.0
0.0
0.0
0.0
0.0
0.0
0.0
0.0
0.0
0.0
0.0
0.0
0.0
0.0
0.0
0.0
0.0
0.0
0.0
0.0
0.0
0.0
0.0
0.0
0.0
0.0
0.0
0.0
0.0
0.0
0.0
0.0
0.0
0.0
0.0
0.0
0.0
0.0
0.0
0.0
0.0
0.0
0.0
0.0
0.0
0.0
0.0
0.0
0.0
0.0
0.0
0.0
0.0
0.0
0.0
0.0
0.0
0.0
0.0
0.0
0.0
0.0
0.0
0.0
0.0
0.0
0.0
0.0
0.0
0.0
0.0
0.0
0.0
0.0
0.0
0.0
0.0
0.0
0.0
0.0
0.0
0.0
0.0
0.0
0.0
0.0
0.0
0.0
0.0
0.0
0.0
0.0
0.0
0.0
0.0
0.0
0.0
0.0
0.0
0.0
0.0
0.0
0.0
0.0
0.0
0.0
0.0
0.0
0.0
0.0
0.0
0.0
0.0
0.0
0.0
0.0
0.0
0.0
0.0
0.0
0.0
0.0
0.0
0.0
0.0
0.0
0.0
0.0
0.0
0.0
0.0
0.0
0.0
0.0
0.0
0.0
0.0
0.0
0.0
0.0
0.0
0.0
0.0
0.0
0.0
0.0
0.0
0.0
0.0
0.0
0.0
0.0
0.0
0.0
0.0
0.0
0.0
0.0
0.0
0.0
0.0
0.0
0.0
0.0
0.0
0.0
0.0
0.0
0.0
0.0
0.0
0.0
0.0
0.0
0.0
0.0
0.0
0.0
0.0
0.0
0.0
0.0
0.0
0.0
0.0
0.0
0.0
0.0
0.0
0.0
0.0
0.0
0.0
0.0
0.0
0.0
0.0
0.0
0.0
0.0
0.0
0.0
0.0
0.0
0.0
0.0
0.0
0.0
0.0
0.0
0.0
0.0
0.0
0.0
0.0
0.0
0.0
0.0
0.0
0.0
0.0
0.0
0.0
0.0
0.0
0.0
0.0
0.0
0.0
0.0
0.0
0.0
0.0
0.0
0.0
0.0
0.0
0.0
0.0
0.0
0.0
0.0
0.0
0.0
0.0
0.0
0.0
0.0
0.0
0.0
0.0
0.0
0.0
0.0
0.0
0.0
0.0
0.0
0.0
0.0
0.0
0.0
0.0
0.0
0.0
0.0
0.0
0.0
0.0
0.0
0.0
0.0
0.0
0.0
0.0
0.0
0.0
0.0
0.0
0.0
0.0
0.0
0.0
0.0
0.0
0.0
0.0
0.0
0.0
0.0
0.0
0.0
0.0
0.0
0.0
0.0
0.0
0.0
0.0
0.0
0.0
0.0
0.0
0.0
0.0
0.0
0.0
0.0
0.0
0.0
0.0
0.0
0.0
0.0
0.0
0.0
0.0
0.0
0.0
0.0
0.0
0.0
0.0
0.0
0.0
0.0
0.0
0.0
0.0
0.0
0.0
0.0
0.0
0.0
0.0
0.0
0.0
0.0
0.0
0.0
0.0
0.0
0.0
0.0
0.0
0.0
0.0
0.0
0.0
0.0
0.0
0.0
0.0
0.0
0.0
0.0
0.0
0.0
0.0
0.0
0.0
0.0
0.0
0.0
0.0
0.0
0.0
0.0
0.0
0.0
0.0
0.0
0.0
0.0
0.0
0.0
0.0
0.0
0.0
0.0
0.0
0.0
0.0
0.0
0.0
0.0
0.0
0.0
0.0
0.0
0.0
0.0
0.0
0.0
0.0
0.0
0.0
0.0
0.0
0.0
0.0
0.0
0.0
0.0
0.0
0.0
0.0
0.0
0.0
0.0
0.0
0.0
0.0
0.0
0.0
0.0
0.0
0.0
0.0
0.0
0.0
0.0
0.0
0.0
0.0
0.0
0.0
0.0
0.0
0.0
0.0
0.0
0.0
0.0
0.0
0.0
0.0
0.0
0.0
0.0
0.0
0.0
0.0
0.0
0.0
0.0
0.0
0.0
0.0
0.0
0.0
0.0
0.0
0.0
0.0
0.0
0.0
0.0
0.0
0.0
0.0
0.0
0.0
0.0
0.0
0.0
0.0
0.0
0.0
0.0
0.0
0.0
0.0
0.0
0.0
0.0
0.0
0.0
0.0
0.0
0.0
0.0
0.0
0.0
0.0
0.0
0.0
0.0
0.0
0.0
0.0
0.0
0.0
0.0
0.0
0.0
0.0
0.0
0.0
0.0
0.0
0.0
0.0
0.0
0.0
0.0
0.0
0.0
0.0
0.0
0.0
0.0
0.0
0.0
0.0
0.0
0.0
0.0
0.0
0.0
0.0
0.0
0.0
0.0
0.0
0.0
0.0
0.0
0.0
0.0
0.0
0.0
0.0
0.0
0.0
0.0
0.0
0.0
0.0
0.0
0.0
0.0
0.0
0.0
0.0
0.0
0.0
0.0
0.0
0.0
0.0
0.0
0.0
0.0
0.0
0.0
0.0
0.0
0.0
0.0
0.0
0.0
0.0
0.0
0.0
0.0
0.0
0.0
0.0
0.0
0.0
0.0
0.0
0.0
0.0
0.0
0.0
0.0
0.0
0.0
0.0
0.0
0.0
0.0
0.0
0.0
0.0
0.0
0.0
0.0
0.0
0.0
0.0
0.0
0.0
0.0
0.0
0.0
0.0
0.0
0.0
0.0
0.0
0.0
0.0
0.0
0.0
0.0
0.0
0.0
0.0
0.0
0.0
0.0
0.0
0.0
0.0
0.0
0.0
0.0
0.0
0.0
0.0
0.0
0.0
0.0
0.0
0.0
0.0
0.0
0.0
0.0
0.0
0.0
0.0
0.0
0.0
0.0
0.0
0.0
0.0
0.0
0.0
0.0
0.0
0.0
0.0
0.0
0.0
0.0
0.0
0.0
0.0
0.0
0.0
0.0
0.0
0.0
0.0
0.0
0.0
0.0
0.0
0.0
0.0
0.0
0.0
0.0
0.0
0.0
0.0
0.0
0.0
0.0
0.0
0.0
0.0
0.0
0.0
0.0
0.0
0.0
0.0
0.0
0.0
0.0
0.0
0.0
0.0
0.0
0.0
0.0
0.0
0.0
0.0
0.0
0.0
0.0
0.0
0.0
0.0
0.0
0.0
0.0
0.0
0.0
0.0
0.0
0.0
0.0
0.0
0.0
0.0
0.0
0.0
0.0
0.0
0.0
0.0
0.0
0.0
0.0
0.0
0.0
0.0
0.0
0.0
0.0
0.0
0.0
0.0
0.0
0.0
0.0
0.0
0.0
0.0
0.0
0.0
0.0
0.0
0.0
0.0
0.0
0.0
0.0
0.0
0.0
0.0
0.0
0.0
0.0
0.0
0.0
0.0
0.0
0.0
0.0
0.0
0.0
0.0
0.0
0.0
0.0
0.0
0.0
0.0
0.0
0.0
0.0
0.0
0.0
0.0
0.0
0.0
0.0
0.0
0.0
0.0
0.0
0.0
0.0
0.0
0.0
0.0
0.0
0.0
0.0
0.0
0.0
0.0
0.0
0.0
0.0
0.0
0.0
0.0
0.0
0.0
0.0
0.0
0.0
0.0
0.0
0.0
0.0
0.0
0.0
0.0
0.0
0.0
0.0
0.0
0.0
0.0
0.0
0.0
0.0
0.0
0.0
0.0
0.0
0.0
0.0
0.0
0.0
0.0
0.0
0.0
0.0
0.0
0.0
0.0
0.0
0.0
0.0
0.0
0.0
0.0
0.0
0.0
0.0
0.0
0.0
0.0
0.0
0.0
0.0
0.0
0.0
0.0
0.0
0.0
0.0
0.0
0.0
0.0
0.0
0.0
0.0
0.0
0.0
0.0
0.0
0.0
0.0
0.0
0.0
0.0
0.0
0.0
0.0
0.0
0.0
0.0
0.0
0.0
0.0
0.0
0.0
0.0
0.0
0.0
0.0
0.0
0.0
0.0
0.0
0.0
0.0
0.0
0.0
0.0
0.0
0.0
0.0
0.0
0.0
0.0
0.0
0.0
0.0
0.0
0.0
0.0
0.0
0.0
0.0
0.0
0.0
0.0
0.0
0.0
0.0
0.0
0.0
0.0
0.0
0.0
0.0
0.0
0.0
0.0
0.0
0.0
0.0
0.0
0.0
0.0
0.0
0.0
0.0
0.0
0.0
0.0
0.0
0.0
0.0
0.0
0.0
0.0
0.0
0.0
0.0
0.0
0.0
0.0
0.0
0.0
0.0
0.0
0.0
0.0
0.0
0.0
0.0
0.0
0.0
0.0
0.0
0.0
0.0
0.0
0.0
0.0
0.0
0.0
0.0
0.0
0.0
0.0
0.0
0.0
0.0
0.0
0.0
0.0
0.0
0.0
0.0
0.0
0.0
0.0
0.0
0.0
0.0
0.0
0.0
0.0
0.0
0.0
0.0
0.0
0.0
0.0
0.0
0.0
0.0
0.0
0.0
0.0
0.0
0.0
0.0
0.0
0.0
0.0
0.0
0.0
0.0
0.0
0.0
0.0
0.0
0.0
0.0
0.0
0.0
0.0
0.0
0.0
0.0
0.0
0.0
0.0
0.0
0.0
0.0
0.0
0.0
0.0
0.0
0.0
0.0
0.0
0.0
0.0
0.0
0.0
0.0
0.0
0.0
0.0
0.0
0.0
0.0
0.0
0.0
0.0
0.0
0.0
0.0
0.0
0.0
0.0
0.0
0.0
0.0
0.0
0.0
0.0
0.0
0.0
0.0
0.0
0.0
0.0
0.0
0.0
0.0
0.0
0.0
0.0
0.0
0.0
0.0
0.0
0.0
0.0
0.0
0.0
0.0
0.0
0.0
0.0
0.0
0.0
0.0
0.0
0.0
0.0
0.0
0.0
0.0
0.0
0.0
0.0
0.0
0.0
0.0
0.0
0.0
0.0
0.0
0.0
0.0
0.0
0.0
0.0
0.0
0.0
0.0
0.0
0.0
0.0
0.0
0.0
0.0
0.0
0.0
0.0
0.0
0.0
0.0
0.0
0.0
0.0
0.0
0.0
0.0
0.0
0.0
0.0
0.0
0.0
0.0
0.0
0.0
0.0
0.0
0.0
0.0
0.0
0.0
0.0
0.0
0.0
0.0
0.0
0.0
0.0
0.0
0.0
0.0
0.0
0.0
0.0
0.0
0.0
0.0
0.0
0.0
0.0
0.0
0.0
0.0
0.0
0.0
0.0
0.0
0.0
0.0
0.0
0.0
0.0
0.0
0.0
0.0
0.0
0.0
0.0
0.0
0.0
0.0
0.0
0.0
0.0
0.0
0.0
0.0
0.0
0.0
0.0
0.0
0.0
0.0
0.0
0.0
0.0
0.0
0.0
0.0
0.0
0.0
0.0
0.0
0.0
0.0
0.0
0.0
0.0
0.0
0.0
0.0
0.0
0.0
0.0
0.0
0.0
0.0
0.0
0.0
0.0
0.0
0.0
0.0
0.0
0.0
0.0
0.0
0.0
0.0
0.0
0.0
0.0
0.0
0.0
0.0
0.0
0.0
0.0
0.0
0.0
0.0
0.0
0.0
0.0
0.0
0.0
0.0
0.0
0.0
0.0
0.0
0.0
0.0
0.0
0.0
0.0
0.0
0.0
0.0
0.0
0.0
0.0
0.0
0.0
0.0
0.0
0.0
0.0
0.0
0.0
0.0
0.0
0.0
0.0
0.0
0.0
0.0
0.0
0.0
0.0
0.0
0.0
0.0
0.0
0.0
0.0
0.0
0.0
0.0
0.0
0.0
0.0
0.0
0.0
0.0
0.0
0.0
0.0
0.0
0.0
0.0
0.0
0.0
0.0
0.0
0.0
0.0
0.0
0.0
0.0
0.0
0.0
0.0
0.0
0.0
0.0
0.0
0.0
0.0
0.0
0.0
0.0
0.0
0.0
0.0
0.0
0.0
0.0
0.0
0.0
0.0
0.0
0.0
0.0
0.0
0.0
0.0
0.0
0.0
0.0
0.0
0.0
0.0
0.0
