0.001894274141177678
0.0018946222346492162
0.0018949298575632013
0.0018952132321414146
0.0018954790489266674
0.0018957314241130087
0.0018959731595651049
0.0018962062467994545
0.0018964321438218823
0.0018966518464784306
0.0018968649016253298
0.001897073660590871
0.0018972776915560114
0.001897478175254714
0.001897675281931792
0.001897869316398176
0.0018980607235642042
0.001898249621675211
0.0018984362448185529
0.0018986208286395252
0.0018988029656603496
0.001898983209747096
0.001899161876406937
0.0018993390420816083
0.001899514620899925
0.001899688679405119
0.0018998614293138899
0.0019000330565723666
0.0019002036278500784
0.0019003731433113109
0.0019005416151119763
0.001900708794398005
0.001900875225992422
0.0019010409245626384
0.0019012058725414115
0.001901370042303059
0.0019015334749752798
0.001901696184589135
0.0019018581725311833
0.001902019525901452
0.0019021803067089615
0.001902340481187753
0.0019024998582565103
0.0019026587386640611
0.0019028171558641144
0.001902975071227271
0.00190313245366322
0.0019032893565645124
0.0019034458465894497
0.0019036019625021084
0.001903757721213299
0.0019039130901255066
0.0019040679952099233
0.0019042224393449852
0.0019043763409460441
0.001904529929644767
0.0019046832488416982
0.0019048363212730496
0.0019049891728900876
0.001905141808186577
0.0019052942180607954
0.0019054463675440107
0.0019055982141731862
0.00190574979260168
0.0019059011495086238
0.001906052250757653
0.001906202988556737
0.001906353585505373
0.0019065040380203551
0.001906654356671517
0.0019068045386522459
0.0019069545597761783
0.0019071043948318703
0.0019072540465030232
0.0019074035500523865
0.0019075529445473373
0.0019077022471099452
0.0019078514706633452
0.0019080004990947284
0.0019081493083174847
0.0019082979775172017
0.0019084465307860196
0.0019085949896111344
0.0019087433550905727
0.0019088916364421646
0.0019090398431713491
0.0019091879841572768
0.0019093360824958456
0.0019094841578112165
0.0019096322018216114
0.001909780233056206
0.0019099281452762652
0.0019100760266520039
0.0019102238285760573
0.0019103716048937318
0.0019105193346154027
0.0019106669466630588
0.0019108144924145833
0.0019109620173298847
0.001911109537252873
0.0019112570823310337
0.0019114046365911277
0.0019115522070954094
0.0019116998061756414
0.0019118474354874774
0.001911995006889153
0.0019121426025095888
0.0019122901995882906
0.001912437803155952
0.0019125854373891265
0.0019127330908957517
0.0019128807167331327
0.0019130283371672652
0.001913175972705344
0.0019133235895236755
0.0019134712147797668
0.001913618884637214
0.001913766620092526
0.0019139144220225095
0.0019140622268781328
0.0019142100904687182
0.0019143580256763813
0.0019145060259762624
0.0019146540809616799
0.0019148021900224842
0.0019149503621136166
0.0019150986073213625
0.0019152469299927172
0.0019153953139011849
0.0019155437458691343
0.0019156922558212978
0.001915840848637619
0.0019159894995189985
0.0019161381907000675
0.0019162868916944356
0.00191643563982077
0.001916584470058261
0.0019167333970915002
0.001916882417930134
0.0019170315263251996
0.0019171807329675858
0.001917330034489183
0.0019174794340957653
0.0019176289355961771
0.0019177785459413576
0.001917928279964776
0.0019180780936813285
0.0019182279977607959
0.0019183779995583215
0.0019185281363972712
0.001918678326080673
0.0019188286011134583
0.0019189790083298597
0.001919129507318395
0.0019192800909540778
0.001919430816589232
0.0019195816577473144
0.0019197325670119812
0.0019198835803445008
0.0019200347376745624
0.0019201860210285061
0.0019203374258229807
0.0019204889614796406
0.0019206406248511937
0.0019207924371638116
0.0019209443234430386
0.0019210963625584357
0.0019212485281841734
0.0019214007947556846
0.0019215532521342747
0.0019217058230152522
0.0019218585297602205
0.0019220113650985043
0.001922164367926978
0.0019223175001559264
0.0019224707529102204
0.0019226241521631004
0.0019227777002964188
0.001922931402720073
0.0019230852296197418
0.0019232391993009258
0.0019233933003778298
0.0019235475639068445
0.0019237019470113772
0.001923856423243418
0.0019240109865629638
0.001924165759917381
0.001924320674046554
0.0019244757776390158
0.0019246310473465115
0.0019247864749582845
0.0019249420764850984
0.001925097836655805
0.001925253770659099
0.001925409879432716
0.0019255661527847016
0.001925722614090608
0.00192587923137394
0.0019260359885228404
0.0019261929310324926
0.0019263500299555075
0.001926507303733575
0.0019266647998076158
0.0019268223850037337
0.0019269801600506173
0.0019271380571905456
0.001927296110357983
0.0019274543459612057
0.0019276127701671564
0.001927771337335499
0.0019279300777910158
0.0019280889943376278
0.0019282480612201507
0.0019284073107667225
0.001928566776873354
0.0019287264255380709
0.0019288862398781504
0.0019290462700345514
0.0019292065190465687
0.0019293669122501303
0.0019295275123827407
0.0019296883272713007
0.0019298492617126689
0.001930010398931262
0.0019301717068923052
0.0019303332264698494
0.0019304949532287278
0.0019306568180605243
0.0019308188978981252
0.0019309811857011001
0.0019311436574470369
0.0019313063181486147
0.001931469187248761
0.00193163227344382
0.0019317955571557662
0.0019319590169448453
0.0019321226663816487
0.0019322865393021427
0.0019324506315939096
0.001932614879797251
0.00193277930060914
0.0019329439303828611
0.0019331087984885778
0.0019332738282799597
0.0019334390328132162
0.0019336044326722123
0.0019337700987560125
0.001933935952151443
0.0019341019643505273
0.0019342681958663388
0.001934434680885304
0.0019346013337169967
0.001934768180901034
0.0019349352699276488
0.0019351025946101465
0.0019352701164286159
0.001935437828656394
0.0019356057597513278
0.0019357739273773067
0.0019359423363398992
0.0019361109779133323
0.0019362798275068531
0.0019364488791279901
0.0019366181226112362
0.0019367875687883024
0.0019369572623423171
0.0019371272399296433
0.0019372974013927237
0.001937467754762492
0.001937638314199962
0.0019378090937515594
0.0019379801355941322
0.0019381514102195523
0.0019383228443288238
0.0019384945305789673
0.0019386664312856594
0.0019388385046002542
0.0019390107888381186
0.00193918331764948
0.0019393560862987018
0.0019395290674583759
0.0019397022460990391
0.0019398756538317997
0.001940049339735936
0.0019402233046959812
0.0019403975022652831
0.0019405719053255447
0.0019407465159380075
0.0019409213641459926
0.0019410964760858405
0.0019412718373917747
0.0019414474116412862
0.001941623193033191
0.001941799193144389
0.001941975452377335
0.0019421519566968852
0.0019423287238820182
0.0019425057509006552
0.001942682984692712
0.001942860444257412
0.0019430381350625798
0.0019432160733092296
0.001943394259316766
0.0019435726767799751
0.0019437513798250684
0.0019439303222667803
0.001944109462368686
0.0019442888259501865
0.0019444684183803293
0.0019446482482832188
0.0019448283328880678
0.0019450086855438181
0.001945189292946337
0.0019453701306414717
0.0019455511819170429
0.00194573246508751
0.0019459140200611437
0.0019460958588468555
0.0019462779676161282
0.0019464603095046232
0.0019466428665968602
0.0019468256423767728
0.0019470086928710718
0.0019471920052043887
0.001947375587515081
0.0019475594507822262
0.0019477435697523883
0.0019479279104771031
0.00194811248503338
0.0019482973116146758
0.0019484823929595938
0.0019486677235325963
0.0019488533092019607
0.0019490391656931364
0.00194922528347103
0.0019494116471231095
0.0019495982735384045
0.0019497851639767136
0.0019499722923685568
0.0019501596581415308
0.0019503472789032855
0.001950535183495324
0.001950723385921704
0.0019509118377146525
0.0019511005282846017
0.001951289475000739
0.0019514786877215789
0.0019516681641280015
0.001951857905216083
0.0019520479150699093
0.0019522381944710157
0.0019524287355766473
0.0019526195151155358
0.0019528105593536137
0.001953001881253101
0.001953193482311585
0.00195338535354164
0.0019535774819224253
0.0019537698602706006
0.001953962491165656
0.0019541553802809968
0.001954348531531985
0.001954541947195501
0.001954735628556362
0.0019549295791455325
0.0019551238076718643
0.001955318322337259
0.0019555131149120333
0.001955708163770016
0.001955903492871462
0.0019560991091166708
0.001956294981741986
0.0019564911159019325
0.0019566875184488766
0.0019568841871454392
0.0019570811220912107
0.001957278342273082
0.001957475857614157
0.0019576736485972385
0.001957871704617709
0.0019580700320735492
0.001958268637650536
0.0019584675163506616
0.0019586666562556605
0.0019588660387638394
0.0019590657269711836
0.00195926569645246
0.001959465919370143
0.001959666404526259
0.0019598671862653856
0.001960068271740285
0.001960269643804947
0.001960471294604794
0.0019606732170845288
0.0019608754087660843
0.0019610778679436044
0.0019612805667978913
0.0019614835851613655
0.00196168690088152
0.0019618904896943922
0.0019620943484962047
0.0019622984763729995
0.0019625028709612503
0.001962707535356491
0.0019629124800954276
0.001963117713592097
0.001963323239457877
0.0019635290486181693
0.0019637351636131624
0.0019639415964859235
0.001964148307568718
0.0019643552917911374
0.0019645625631420608
0.00196477011875694
0.001964977947264914
0.001965186040688048
0.0019653943832187615
0.001965602975400089
0.001965811900407496
0.0019660211480947453
0.001966230683866766
0.0019664404904734343
0.0019666505616518053
0.001966860936407072
0.0019670716006653837
0.001967282522989232
0.001967493740093823
0.0019677052851519946
0.0019679170863730715
0.0019681291520312837
0.0019683415169394537
0.0019685541779590576
0.0019687671216891186
0.00196898032698501
0.001969193819584359
0.0019694076264128915
0.001969621715076556
0.001969836105818724
0.001970050782081384
0.001970265738654191
0.0019704810125084297
0.0019706965388827918
0.001970912406705817
0.001971128585043912
0.00197134503477996
0.0019715617484089487
0.0019717787143918447
0.001971995917839303
0.001972213351419958
0.0019724312050819243
0.0019726494714566284
0.001972868013082553
0.0019730868282844343
0.0019733059151391666
0.0019735252659802594
0.001973744846186596
0.001973964679148023
0.0019741848544117028
0.0019744053414573965
0.001974626106047861
0.0019748471719994694
0.0019750684854288104
0.0019752900559362675
0.0019755119129551135
0.0019757341051016898
0.001975956586753631
0.001976179408716702
0.0019764025182103344
0.0019766258743745165
0.00197684951471689
0.0019770735640292055
0.0019772978637579213
0.001977522383292715
0.001977747249727116
0.0019779724337322573
0.0019781978465304357
0.0019784235569931755
0.0019786495800779976
0.0019788758949423045
0.00197910247877638
0.0019793293776035055
0.0019795565423418597
0.001979784002754724
0.001980011783891599
0.0019802398361596367
0.001980468168113274
0.001980696783275493
0.0019809256473909205
0.0019811549140432254
0.0019813844919117553
0.0019816143380275357
0.0019818444443891648
0.001982074772897378
0.001982305316880535
0.0019825363331593044
0.001982767720383024
0.001982999366316846
0.001983231255238045
0.0019834633705870454
0.001983695702638778
0.001983928342377215
0.0019841613495229313
0.001984394717402168
0.0019846283903805256
0.001984862277875724
0.0019850964658486175
0.001985330975579985
0.0019855657572557407
0.001985800804836113
0.001986036094083588
0.001986271689914781
0.0019865076560035395
0.0019867439486119004
0.001986980517636334
0.001987217337352839
0.0019874543684105434
0.001987691709419882
0.0019879293417082106
0.0019881672220233766
0.001988405433290962
0.0019886439463218247
0.0019888827436013046
0.001989121936384235
0.001989361398298785
0.0019896010535828327
0.0019898410028959144
0.001990081197519413
0.0019903217409649016
0.001990562480899995
0.0019908035483666682
0.001991044908099631
0.0019912865467558477
0.0019915286255099856
0.0019917709543344187
0.0019920134803516855
0.001992256211644902
0.0019924992222725437
0.001992742713702342
0.0019929864014484786
0.0019932303273871833
0.0019934745001716496
0.001993718905067655
0.00199396385085671
0.001994209062292616
0.0019944544828011035
0.001994700077375486
0.0019949457993421217
0.0019951920174760933
0.0019954386209669953
0.001995685481542807
0.0019959325275410115
0.0019961797132529435
0.0019964272897038306
0.0019966752856287458
0.0019969235729710147
0.001997172026404089
0.001997420690336933
0.0019976696195919542
0.001997918876604822
0.001998168475196037
0.0019984183263545012
0.0019986685180955993
0.0019989189186765837
0.0019991695683181532
0.0019994204629711462
0.0019996716217128745
0.001999923143270449
0.0020001749562423665
0.002000427066273227
0.0020006793272359055
0.0020009318656992333
0.0020011847220445904
0.0020014378466758904
0.002001691301293737
0.0020019449709818412
0.002002198911575098
0.0020024531408044783
0.0020027075559665756
0.0020029622308264214
0.00200321729114228
0.0020034726754598626
0.0020037282888981695
0.002003984067655214
0.002004240039274517
0.002004496349448585
0.0020047529983978577
0.0020050099310209234
0.0020052670755633223
0.0020055244721108594
0.0020057822099147356
0.002006040104198491
0.002006298152195182
0.002006556576037234
0.0020068154230431733
0.002007074504696798
0.0020073337018356825
0.0020075930132144714
0.00200785265349022
0.0020081127634852974
0.002008373100915073
0.0020086335274883287
0.0020088941470053742
0.0020091553073030917
0.0020094166635132122
0.0020096781413894787
0.002009939730017421
0.002010201715088229
0.002010464202331281
0.0020107268329542754
0.0020109895094703057
0.0020112523032652825
0.002011515582553907
0.0020117792748843193
0.002012043134963291
0.0020123070619637615
0.0020125712548136553
0.0020128357902508454
0.002013100603470886
0.0020133655522374017
0.002013630793758869
0.0020138962358308495
0.0020141620074465693
0.0020144279399596284
0.0020146942392691965
0.002014960658258808
0.0020152272720472568
0.002015494141989886
0.0020157614570725482
0.0020160289191075496
0.0020162965293401055
0.002016564250222508
0.0020168323285801857
0.002017100781152486
0.002017369458100439
0.0020176381954837134
0.002017907117599588
0.0020181763895855552
0.002018445906256575
0.002018715641754394
0.0020189855703228567
0.0020192557423645324
0.0020195260411411645
0.002019796595337832
0.0020200674464459704
0.0020203385808440937
0.0020206097908474214
0.002020881150017573
0.0020211528439572374
0.002021424879879489
0.0020216970198351464
0.002021969251616816
0.002022241748198346
0.0020225146001787765
0.002022787630760398
0.0020230607628092608
0.0020233341083721198
0.002023607744876759
0.002023881542155287
0.00202415550912291
0.0020244297440641466
0.0020247042586191205
0.0020249788850566345
0.002025253574830248
0.002025528613629536
0.002025804030343483
0.0020260794993158773
0.0020263548873547125
0.0020266306546581317
0.0020269068711924556
0.0020271832139757344
0.0020274594220987463
0.0020277359348698527
0.0020280128603418633
0.0020282899808271673
0.002028567063666909
0.00202884438838901
0.002029122040039127
0.002029399817098796
0.0020296776009120156
0.0020299556742336034
0.00203023413309607
0.002030512707530215
0.0020307912265599246
0.0020310699273504594
0.0020313490331578593
0.0020316283640017647
0.002031907689286216
0.002032187076551787
0.002032466758581059
0.002032746751547058
0.0020330269093164054
0.002033307062230213
0.0020335873591060586
0.0020338678723308247
0.0020341487203563973
0.0020344296627877014
0.0020347106756380224
0.0020349917858231586
0.002035273210106287
0.0020355547446956022
0.002035836346157219
0.002036118036303385
0.0020364000067829486
0.0020366821211720435
0.002036964271793295
0.002037246578979734
0.0020375292258993814
0.002037811989496363
0.0020380946856209405
0.0020383775938895886
0.002038660797601019
0.002038944108145792
0.0020392274266705164
0.002039510886310321
0.002039794571806503
0.002040078450368217
0.0020403624430116686
0.0020406464816033667
0.0020409305820206377
0.0020412148473104206
0.002041499435700321
0.00204178414620712
0.0020420686972524543
0.0020423533843068084
0.0020426385049641827
0.002042923757373314
0.0020432088007945257
0.0020434939481126352
0.002043779527805807
0.0020440652391405987
0.0020443507765194454
0.002044636430377532
0.002044922442439157
0.002045208515332813
0.0020454945391047107
0.002045780705720244
0.0020460671267747985
0.002046353531154205
0.00204663996545663
0.0020469266046188967
0.0020472133733321443
0.002047500031879774
0.002047786848054438
0.002048074066600651
0.0020483611633460006
0.002048648163604946
0.002048935380692003
0.002049222922233561
0.00204951029693734
0.0020497976171684183
0.002050085256665186
0.0020503731059753165
0.0020506607063939274
0.0020509482892108475
0.0020512363633748303
0.00205152449310267
0.0020518123693607153
0.002052100268029208
0.0020523886264775595
0.002052676929358099
0.0020529650509072917
0.0020532533634012584
0.002053541896991168
0.002053830402934182
0.0020541188273251153
0.0020544073961483466
0.0020546960401975865
0.0020549846393937508
0.0020552733484458384
0.002055562191836273
0.0020558510063074797
0.002056139761791992
0.0020564286670637735
0.0020567176809830907
0.002057006633469484
0.0020572955657463233
0.0020575845478852475
0.0020578736811379364
0.0020581627367803846
0.002058451805348269
0.002058740907921949
0.0020590301304199694
0.0020593193472855293
0.002059608455943703
0.002059897589535981
0.0020601868509426214
0.002060476232578783
0.0020607653481986947
0.0020610544620061257
0.0020613437601627884
0.0020616330343142513
0.002061922155198953
0.0020622112844362
0.0020625006932760096
0.002062789930626707
0.0020630790134170637
0.0020633682016029196
0.0020636574924102636
0.0020639466366848807
0.0020642356573840953
0.0020645248764424415
0.002064813972712255
0.00206510300947508
0.002065392086895023
0.0020656812013914783
0.0020659701534434497
0.0020662589692200272
0.002066547976901089
0.002066836861079499
0.00206712569269723
0.0020674145057101427
0.0020677032816016467
0.002067991966679359
0.0020682805972776297
0.002068569248549416
0.0020688576924176552
0.002069146128958875
0.0020694346980678485
0.0020697230559265515
0.002070011223858561
0.002070299486912921
0.0020705878183363458
0.002070875789199442
0.0020711636019826373
0.002071451779899835
0.0020717397417375754
0.002072027342737846
0.0020723149890154043
0.002072602780342599
0.002072890283993001
0.002073177519788587
0.002073465007169744
0.0020737523255619935
0.0020740393098307103
0.0020743263123677766
0.0020746133801552817
0.002074900190087521
0.0020751867523441593
0.002075473441131238
0.0020757598794653377
0.002076046056226232
0.002076332479629361
0.0020766187493725654
0.002076904680334134
0.0020771904771925407
0.0020774763967844564
0.0020777620188941613
0.002078047280415356
0.0020783328932225805
0.0020786182932015737
0.0020789032163907525
0.0020791880394986223
0.0020794729956530246
0.0020797576225093308
0.002080041790205773
0.0020803261885724397
0.0020806104377467612
0.0020808941692870785
0.002081177918215087
0.0020814616527942277
0.002081745070232458
0.002082028058589767
0.0020823111844632475
0.0020825941807167186
0.002082876664694769
0.002083159093303521
0.002083441422703861
0.0020837235070964816
0.002084005240318823
0.0020842868710224585
0.0020845683771241867
0.002084849518155917
0.0020851305255885576
0.0020854112972716714
0.002085691749846593
0.0020859720989035864
0.0020862521669573063
0.002086532034954555
0.0020868116338901214
0.002087091012450816
0.002087370084579774
0.002087648842916337
0.002087927448736089
0.002088205766400759
0.0020884837245023196
0.0020887615274136845
0.0020890389233403873
0.002089316041223095
0.002089592896015372
0.0020898694387254894
0.002090145663137999
0.0020904216428488604
0.0020906973762729393
0.0020909726735630716
0.0020912476926797942
0.0020915227247259227
0.002091797183035382
0.002092071234272591
0.0020923451557950754
0.002092618770394353
0.002092891842045323
0.0020931646174266482
0.002093437393288142
0.0020937095975186756
0.0020939812070558303
0.0020942528977519405
0.0020945241496748393
0.002094794856542457
0.0020950652346562433
0.0020953354353392007
0.0020956051521693305
0.0020958743120814225
0.00209614332888831
0.00209641195455296
0.002096680045799926
0.002096947936380513
0.002097215287318853
0.00209748226564787
0.0020977489097079257
0.002098015138950401
0.0020982808990969207
0.002098546228047494
0.002098811264503471
0.0020990756925867264
0.0020993396645224223
0.002099603504670965
0.0020998666867657195
0.0021001293301842958
0.002100391693630521
0.0021006535882006506
0.0021009148332606664
0.0021011756639297274
0.002101436201640893
0.0021016960398273794
0.002101955368657938
0.0021022145058467254
0.00210247292451681
0.002102730726983242
0.002102988333692306
0.0021032453131341424
0.0021035016083832134
0.002103757538527581
0.002104013072559587
0.002104267780609325
0.002104521978231032
0.002104775975132108
0.0021050291772158228
0.0021052816454938572
0.002105533952808513
0.002105785586938889
0.00210603634946377
0.0021062867147149805
0.002106536705613027
0.002106785893527169
0.0021070344260938827
0.00210728262985793
0.0021075301049511275
0.002107776748233942
0.0021080230506220717
0.0021082686784604176
0.0021085134324229054
0.0021087578499388616
0.0021090016000470907
0.0021092445679778316
0.0021094869036277202
0.0021097286663153384
0.0021099696148163386
0.0021102098632590897
0.002110449663861117
0.00211068868465984
0.002110926977721994
0.002111164876483411
0.0021114019135443462
0.0021116379922002868
0.002111873548937097
0.0021121084371417877
0.0021123423668477203
0.0021125755222382177
0.0021128081960166654
0.0021130399525032097
0.0021132707265845534
0.002113501047622192
0.0021137305385167085
0.002113958970743828
0.0021141868250889205
0.002114413920727879
0.0021146400236939688
0.0021148652685377216
0.002115089831069758
0.0021153134912034323
0.0021155361380155433
0.0021157581348145754
0.0021159792788912396
0.0021161993625433847
0.0021164186557795775
0.002116637062798481
0.0021168544108998944
0.0021170707724780906
0.0021172862137718864
0.0021175006870991064
0.002117714161446975
0.002117926762090644
0.002118138446029253
0.0021183490757638447
0.0021185587379267457
0.0021187674113494572
0.002118975072750294
0.0021191817454323963
0.0021193873446641457
0.0021195919135156504
0.002119795489224364
0.0021199979480111177
0.0021201993489799228
0.002120399745858573
0.0021205989887784315
0.0021207971163003676
0.002120994172926765
0.0021211900771343547
0.002121384819834654
0.002121578488017684
0.0021217710461260892
0.002121962353795066
0.0021221524949777905
0.002122341549526841
0.0021225292709308595
0.002122715744089991
0.002122901140952774
0.0021230851782192382
0.002123267949565019
0.0021234495241086457
0.002123629814127571
0.0021238087946235202
0.0021239865310905964
0.002124162977412084
0.0021243379672297416
0.0021245117024779664
0.00212468421992597
0.002124855188323402
0.002125024806671204
0.0021251931892228614
0.002125360048559508
0.0021255254980936545
0.0021256896545118024
0.0021258523498785807
0.00212601346960039
0.002126173200001401
0.0021263315281150412
0.0021264882009093323
0.0021266433650253915
0.0021267971112809373
0.0021269491661227383
0.0021270996631332895
0.0021272487148188456
0.002127396113519732
0.0021275419279974364
0.0021276863401984442
0.002127829153177462
0.002127970215424246
0.0021281096285218283
0.002128247389621502
0.002128383401764276
0.0021285176996354077
0.002128650272300876
0.002128781058481025
0.0021289101384099384
0.002129037432389875
0.002129162810672477
0.0021292864263566555
0.002129408249531484
0.002129528103404459
0.0021296460920339367
0.0021297622429700966
0.00212987641137158
0.002129988624831907
0.00213009897280658
0.0021302072968636737
0.002130313530793235
0.002130417646230848
0.0021305196705190817
0.002130619524939098
0.0021307173582353015
0.002130813156254486
0.0021309067045537635
0.002130998128205902
0.0021310874767600323
0.002131174554846918
0.002131259401740892
0.002131342086998023
0.0021314224590949244
0.002131500490136934
0.0021315762701184997
0.0021316497362361664
0.0021317207674342183
0.0021317894688407317
0.0021318558132061662
0.0021319196487903794
0.0021319810095005057
0.002132039943960461
0.002132096311331792
0.002132150162805881
0.002132201511907296
0.002132250259663279
0.002132296366486379
0.002132339890962613
0.0021323807703688717
0.002132418920259293
0.0021324543963782247
0.0021324872057968815
0.002132517209852299
0.002132544444383108
0.002132568882203412
0.002132590441164675
0.0021326091270045602
0.0021326248989532626
0.00213263770851112
0.0021326475448374123
0.002132654388771642
0.0021326582021340846
0.002132658958892337
0.0021326566362905326
0.0021326512952731763
0.0021326428041196126
0.00213263126915027
0.0021326165336606165
0.002132598561890195
0.0021325772902095756
0.002132552683242894
0.0021325247488706645
0.002132493409161408
0.002132458614565291
0.002132420385808542
0.0021323786951084377
0.002132333406908074
0.0021322845539396423
0.0021322321567291253
0.0021321760560000865
0.002132116243073285
0.002132052798099186
0.002131985564134046
0.002131914451573185
0.0021318393381975806
0.002131760278981257
0.0021316771839042475
0.0021315902160632754
0.0021314992960802153
0.0021314042105833614
0.0021313049975149553
0.0021312017695875986
0.0021310943432756367
0.0021309825781606613
0.0021308666404803423
0.002130746452141938
0.0021306217160585797
0.002130492569096756
0.0021303591348368865
0.0021302210407418694
0.0021300784386928517
0.002129931243726043
0.0021297794687468786
0.0021296229871321164
0.002129461685027327
0.0021292958795916177
0.0021291250918788356
0.0021289493870612656
0.002128768953974491
0.0021285833519187817
0.0021283927029730975
0.0021281970108717263
0.0021279962006102667
0.0021277901699178763
0.0021275787401823336
0.002127362307461888
0.0021271404431993774
0.002126912985648447
0.0021266804261983316
0.0021264421457250194
0.0021261981929362865
0.0021259490007920403
0.002125694054611919
0.002125433207249325
0.002125166502576105
0.002124894235058195
0.00212461570609901
0.0021243309816414133
0.0021240405878716587
0.0021237440179162617
0.002123440761188656
0.0021231316392064906
0.0021228163897462357
0.0021224939456838095
0.0021221655382543075
0.0021218307055908526
0.002121488393439458
0.0021211394467182568
0.002120784097373507
0.002120421776674416
0.002120052097198613
0.0021196760531978854
0.0021192928953031914
0.002118901897955368
0.002118504222043158
0.002118099305876865
0.002117686145047329
0.002117266055596773
0.002116839044623398
0.0021164034901945735
0.0021159604166253124
0.002115510201186894
0.0021150516917672084
0.0021145848541003014
0.0021141107801104756
0.0021136284187100738
0.002113137187385746
0.0021126383289349045
0.0021121310394378668
0.0021116147083903736
0.0021110900540199005
0.0021105575793658386
0.002110015535460969
0.0021094644889427124
0.0021089055454448172
0.0021083367115151755
0.002107758830054092
0.002107172314820859
0.0021065762768354384
0.0021059705188342824
0.0021053552444880684
0.00210473089726485
0.00210409647578949
0.0021034517526519066
0.002102797667377492
0.002102133073332089
0.0021014585928358534
0.002100774065950473
0.0021000784131901197
0.002099372879026338
0.0020986559817224304
0.00209792771047876
0.0020971894007070072
0.0020964397855739746
0.0020956787695931797
0.002094906549386926
0.00209412360453798
0.002093328525683206
0.002092521398163168
0.002091703968864107
0.0020908739881202072
0.0020900307355432193
0.0020891770185368624
0.00208831107692502
0.0020874309313642916
0.0020865392433591545
0.002085635873868421
0.002084718430356947
0.0020837878715049764
0.0020828455878489226
0.002081889350222485
0.002080918714608243
0.00207993605966932
0.0020789396444584897
0.002077927848299953
0.0020769033123505596
0.002075865517824552
0.0020748116649668942
0.002073744083911053
0.002072662801490359
0.0020715654613420015
0.0020704530006554586
0.002069326554547587
0.0020681841229068247
0.002067025178085811
0.0020658520213872257
0.0020646630302410466
0.002063456811481735
0.0020622351553609103
0.002060997155723614
0.0020597406768547988
0.0020584685917071715
0.00205718021548113
0.002055872856542725
0.002054548697428442
0.002053208424327978
0.0020518495483534877
0.002050471865402109
0.002049077239014097
0.002047663943623332
0.0020462307862190838
0.002044780458977044
0.002043311627030889
0.0020418217252564192
0.0020403135474904074
0.002038786196804728
0.0020372370764735926
0.0020356682465580162
0.0020340803298494305
0.002032471446365008
0.0020308410293010787
0.0020291906069262963
0.002027518750327906
0.002025824227110667
0.0020241094418150625
0.0020223723296324877
0.0020206113774941963
0.0020188291295234247
0.00201702358638655
0.002015194067672941
0.002013342118818389
0.0020114663693045864
0.002009565341614724
0.0020076398714371124
0.0020056912141195324
0.00200371638488791
0.002001715697509653
0.0019996914928032527
0.001997640476081593
0.001995562152259635
0.001993459859886736
0.0019913304567304234
0.001989171925359137
0.0019869873927068566
0.001984776242321263
0.0019825349357782897
0.0019802646137864364
0.00197796814590789
0.0019756418703244737
0.0019732845720136904
0.0019708997487017893
0.0019684846583462663
0.001966036767863953
0.0019635596546992594
0.0019610521737284093
0.00195851120012599
0.0019559377409614225
0.001953333251085132
0.0019506960786572745
0.0019480231113369819
0.0019453171916864642
0.0019425782473620945
0.0019398027289976919
0.0019369924895300328
0.0019341484726163964
0.0019312671680903953
0.0019283484917137475
0.0019253912861205884
0.0019223991043178718
0.0019193690648547704
0.001916298708778978
0.0019131922372540024
0.0019100454645506189
0.0019068568891369743
0.0019036301885612642
0.001900362366612298
0.0018970519503801902
0.0018936970662364174
0.0018903029388440777
0.0018868672917451705
0.0018833814184043781
0.0018798560931867403
0.001876286667316028
0.0018726673181816901
0.0018690041554324404
0.0018652938491662463
0.0018615358673113216
0.001857726915582891
0.0018538733658321883
0.001849971351856762
0.0018460104337635701
0.0018420043258465042
0.0018379494036542205
0.001833832514380474
0.0018296689940569557
0.0018254509298218779
0.001821177451901942
0.0018168444374993577
0.001812462487539205
0.0018080220420217652
0.0018035158055728377
0.001798958090861376
0.00179434154666501
0.0017896601266020045
0.0017849385539951495
0.0017801736593507308
0.001775353337000752
0.0017704833432818814
0.0017655707455669766
0.0017606047247249123
0.0017555822215437283
0.0017505147791612092
0.001745394173920764
0.0017402093434396096
0.0017349746050626012
0.0017296891041338035
0.0017243333103226747
0.0017189214990821508
0.0017134576506474884
0.0017079294450541523
0.0017023335243279245
0.0016966826835555272
0.0016909657781144442
0.0016851733583237408
0.0016793193847432948
0.001673404056386681
0.0016674082714725582
0.0016613413526969138
0.0016552100728877432
0.001648999420776979
0.0016427095570862693
0.0016363491520658827
0.001629905533022856
0.0016233767248131847
0.0016167673977256066
0.0016100805939681712
0.001603298806926863
0.001596429617561905
0.0015894765466448264
0.0015824224071934476
0.0015752768991650953
0.0015680362707780708
0.0015606977349143741
0.0015532550429444426
0.001545710016202185
0.0015380619636444313
0.0015302991903636872
0.001522432587350526
0.0015144511732138987
0.0015063420107621097
0.001498121620660254
0.001489778457702859
0.001481307956457181
0.0014727089355326883
0.0014639811454849466
0.0014551116727975807
0.0014460976884105063
0.001436953957323075
0.0014276568869374699
0.0014181952096295404
0.0014085885070276988
0.001398821870598381
0.0013888811022686257
0.0013787729660660172
0.0013685017941029952
0.001358036335171293
0.0013473747737735309
0.0013365399167317733
0.0013255003100967316
0.0013142378472359051
0.0013027769972416552
0.001291105097107674
0.0012791862971547972
0.0012670298085000835
0.0012546463602693947
0.0012419976131420255
0.001229072853294055
0.0012158979371475111
0.0012024339469554148
0.0011886443771065114
0.0011745574042608942
0.0011601620861120606
0.0011454079719584861
0.0011302909636681307
0.001114826380782728
0.0010989664851742
0.001082680572503546
0.001065988105852445
0.001048836760606556
0.0010311774490500787
0.0010130173141700385
0.0009943374497759165
0.0009750707439448779
0.0009551813171353532
0.0009346586539094128
0.0009134222976268667
0.0008914062624900711
0.0008685974338465575
0.0008448895843376372
0.0008201826465457751
0.0007944148531314086
0.0007674845555654381
0.0007392150124919425
0.0007094474138834049
0.0006780397465181165
0.0006446684205345586
0.0006089943329102912
0.0005706633708125515
0.000529030634277245
0.0004831920764259282
0.0004318498130053782
0.00037280149321524824
0.000301345435859037
0.0002048489451627491
0.0
0.0
0.0
0.0
0.0
0.0
0.0
0.0
0.0
0.0
0.0
0.0
0.0
0.0
0.0
0.0
0.0
0.0
0.0
0.0
0.0
0.0
0.0
0.0
0.0
0.0
0.0
0.0
0.0
0.0
0.0
0.0
0.0
0.0
0.0
0.0
0.0
0.0
0.0
0.0
0.0
0.0
0.0
0.0
0.0
0.0
0.0
0.0
0.0
0.0
0.0
0.0
0.0
0.0
0.0
0.0
0.0
0.0
0.0
0.0
0.0
0.0
0.0
0.0
0.0
0.0
0.0
0.0
0.0
0.0
0.0
0.0
0.0
0.0
0.0
0.0
0.0
0.0
0.0
0.0
0.0
0.0
0.0
0.0
0.0
0.0
0.0
0.0
0.0
0.0
0.0
0.0
0.0
0.0
0.0
0.0
0.0
0.0
0.0
0.0
0.0
0.0
0.0
0.0
0.0
0.0
0.0
0.0
0.0
0.0
0.0
0.0
0.0
0.0
0.0
0.0
0.0
0.0
0.0
0.0
0.0
0.0
0.0
0.0
0.0
0.0
0.0
0.0
0.0
0.0
0.0
0.0
0.0
0.0
0.0
0.0
0.0
0.0
0.0
0.0
0.0
0.0
0.0
0.0
0.0
0.0
0.0
0.0
0.0
0.0
0.0
0.0
0.0
0.0
0.0
0.0
0.0
0.0
0.0
0.0
0.0
0.0
0.0
0.0
0.0
0.0
0.0
0.0
0.0
0.0
0.0
0.0
0.0
0.0
0.0
0.0
0.0
0.0
0.0
0.0
0.0
0.0
0.0
0.0
0.0
0.0
0.0
0.0
0.0
0.0
0.0
0.0
0.0
0.0
0.0
0.0
0.0
0.0
0.0
0.0
0.0
0.0
0.0
0.0
0.0
0.0
0.0
0.0
0.0
0.0
0.0
0.0
0.0
0.0
0.0
0.0
0.0
0.0
0.0
0.0
0.0
0.0
0.0
0.0
0.0
0.0
0.0
0.0
0.0
0.0
0.0
0.0
0.0
0.0
0.0
0.0
0.0
0.0
0.0
0.0
0.0
0.0
0.0
0.0
0.0
0.0
0.0
0.0
0.0
0.0
0.0
0.0
0.0
0.0
0.0
0.0
0.0
0.0
0.0
0.0
0.0
0.0
0.0
0.0
0.0
0.0
0.0
0.0
0.0
0.0
0.0
0.0
0.0
0.0
0.0
0.0
0.0
0.0
0.0
0.0
0.0
0.0
0.0
0.0
0.0
0.0
0.0
0.0
0.0
0.0
0.0
0.0
0.0
0.0
0.0
0.0
0.0
0.0
0.0
0.0
0.0
0.0
0.0
0.0
0.0
0.0
0.0
0.0
0.0
0.0
0.0
0.0
0.0
0.0
0.0
0.0
0.0
0.0
0.0
0.0
0.0
0.0
0.0
0.0
0.0
0.0
0.0
0.0
0.0
0.0
0.0
0.0
0.0
0.0
0.0
0.0
0.0
0.0
0.0
0.0
0.0
0.0
0.0
0.0
0.0
0.0
0.0
0.0
0.0
0.0
0.0
0.0
0.0
0.0
0.0
0.0
0.0
0.0
0.0
0.0
0.0
0.0
0.0
0.0
0.0
0.0
0.0
0.0
0.0
0.0
0.0
0.0
0.0
0.0
0.0
0.0
0.0
0.0
0.0
0.0
0.0
0.0
0.0
0.0
0.0
0.0
0.0
0.0
0.0
0.0
0.0
0.0
0.0
0.0
0.0
0.0
0.0
0.0
0.0
0.0
0.0
0.0
0.0
0.0
0.0
0.0
0.0
0.0
0.0
0.0
0.0
0.0
0.0
0.0
0.0
0.0
0.0
0.0
0.0
0.0
0.0
0.0
0.0
0.0
0.0
0.0
0.0
0.0
0.0
0.0
0.0
0.0
0.0
0.0
0.0
0.0
0.0
0.0
0.0
0.0
0.0
0.0
0.0
0.0
0.0
0.0
0.0
0.0
0.0
0.0
0.0
0.0
0.0
0.0
0.0
0.0
0.0
0.0
0.0
0.0
0.0
0.0
0.0
0.0
0.0
0.0
0.0
0.0
0.0
0.0
0.0
0.0
0.0
0.0
0.0
0.0
0.0
0.0
0.0
0.0
0.0
0.0
0.0
0.0
0.0
0.0
0.0
0.0
0.0
0.0
0.0
0.0
0.0
0.0
0.0
0.0
0.0
0.0
0.0
0.0
0.0
0.0
0.0
0.0
0.0
0.0
0.0
0.0
0.0
0.0
0.0
0.0
0.0
0.0
0.0
0.0
0.0
0.0
0.0
0.0
0.0
0.0
0.0
0.0
0.0
0.0
0.0
0.0
0.0
0.0
0.0
0.0
0.0
0.0
0.0
0.0
0.0
0.0
0.0
0.0
0.0
0.0
0.0
0.0
0.0
0.0
0.0
0.0
0.0
0.0
0.0
0.0
0.0
0.0
0.0
0.0
0.0
0.0
0.0
0.0
0.0
0.0
0.0
0.0
0.0
0.0
0.0
0.0
0.0
0.0
0.0
0.0
0.0
0.0
0.0
0.0
0.0
0.0
0.0
0.0
0.0
0.0
0.0
0.0
0.0
0.0
0.0
0.0
0.0
0.0
0.0
0.0
0.0
0.0
0.0
0.0
0.0
0.0
0.0
0.0
0.0
0.0
0.0
0.0
0.0
0.0
0.0
0.0
0.0
0.0
0.0
0.0
0.0
0.0
0.0
0.0
0.0
0.0
0.0
0.0
0.0
0.0
0.0
0.0
0.0
0.0
0.0
0.0
0.0
0.0
0.0
0.0
0.0
0.0
0.0
0.0
0.0
0.0
0.0
0.0
0.0
0.0
0.0
0.0
0.0
0.0
0.0
0.0
0.0
0.0
0.0
0.0
0.0
0.0
0.0
0.0
0.0
0.0
0.0
0.0
0.0
0.0
0.0
0.0
0.0
0.0
0.0
0.0
0.0
0.0
0.0
0.0
0.0
0.0
0.0
0.0
0.0
0.0
0.0
0.0
0.0
0.0
0.0
0.0
0.0
0.0
0.0
0.0
0.0
0.0
0.0
0.0
0.0
0.0
0.0
0.0
0.0
0.0
0.0
0.0
0.0
0.0
0.0
0.0
0.0
0.0
0.0
0.0
0.0
0.0
0.0
0.0
0.0
0.0
0.0
0.0
0.0
0.0
0.0
0.0
0.0
0.0
0.0
0.0
0.0
0.0
0.0
0.0
0.0
0.0
0.0
0.0
0.0
0.0
0.0
0.0
0.0
0.0
0.0
0.0
0.0
0.0
0.0
0.0
0.0
0.0
0.0
0.0
0.0
0.0
0.0
0.0
0.0
0.0
0.0
0.0
0.0
0.0
0.0
0.0
0.0
0.0
0.0
0.0
0.0
0.0
0.0
0.0
0.0
0.0
0.0
0.0
0.0
0.0
0.0
0.0
0.0
0.0
0.0
0.0
0.0
0.0
0.0
0.0
0.0
0.0
0.0
0.0
0.0
0.0
0.0
0.0
0.0
0.0
0.0
0.0
0.0
0.0
0.0
0.0
0.0
0.0
0.0
0.0
0.0
0.0
0.0
0.0
0.0
0.0
0.0
0.0
0.0
0.0
0.0
0.0
0.0
0.0
0.0
0.0
0.0
0.0
0.0
0.0
0.0
0.0
0.0
0.0
0.0
0.0
0.0
0.0
0.0
0.0
0.0
0.0
0.0
0.0
0.0
0.0
0.0
0.0
0.0
0.0
0.0
0.0
0.0
0.0
0.0
0.0
0.0
0.0
0.0
0.0
0.0
0.0
0.0
0.0
0.0
0.0
0.0
0.0
0.0
0.0
0.0
0.0
0.0
0.0
0.0
0.0
0.0
0.0
0.0
0.0
0.0
0.0
0.0
0.0
0.0
0.0
0.0
0.0
0.0
0.0
0.0
0.0
0.0
0.0
0.0
0.0
0.0
0.0
0.0
0.0
0.0
0.0
0.0
0.0
0.0
0.0
0.0
0.0
0.0
0.0
0.0
0.0
0.0
0.0
0.0
0.0
0.0
0.0
0.0
0.0
0.0
0.0
0.0
0.0
0.0
0.0
0.0
0.0
0.0
0.0
0.0
0.0
0.0
0.0
0.0
0.0
0.0
0.0
0.0
0.0
0.0
0.0
0.0
0.0
0.0
0.0
0.0
0.0
0.0
0.0
0.0
0.0
0.0
0.0
0.0
0.0
0.0
0.0
0.0
0.0
0.0
0.0
0.0
0.0
0.0
0.0
0.0
0.0
0.0
0.0
0.0
0.0
0.0
0.0
0.0
0.0
0.0
0.0
0.0
0.0
0.0
0.0
0.0
0.0
0.0
0.0
0.0
0.0
0.0
0.0
0.0
0.0
0.0
0.0
0.0
0.0
0.0
0.0
0.0
0.0
0.0
0.0
0.0
0.0
0.0
0.0
0.0
0.0
0.0
0.0
0.0
0.0
0.0
0.0
0.0
0.0
0.0
0.0
0.0
0.0
0.0
0.0
0.0
0.0
0.0
0.0
0.0
0.0
0.0
0.0
0.0
0.0
0.0
0.0
0.0
0.0
0.0
0.0
0.0
0.0
0.0
0.0
0.0
0.0
0.0
0.0
0.0
0.0
0.0
0.0
0.0
0.0
0.0
0.0
0.0
0.0
0.0
0.0
0.0
0.0
0.0
0.0
0.0
0.0
0.0
0.0
0.0
0.0
0.0
0.0
0.0
0.0
0.0
0.0
0.0
0.0
0.0
0.0
0.0
0.0
0.0
0.0
0.0
0.0
0.0
0.0
0.0
0.0
0.0
0.0
0.0
0.0
0.0
0.0
0.0
0.0
0.0
0.0
0.0
0.0
0.0
0.0
0.0
0.0
0.0
0.0
0.0
0.0
0.0
0.0
0.0
0.0
0.0
0.0
0.0
0.0
0.0
0.0
0.0
0.0
0.0
0.0
0.0
0.0
0.0
0.0
0.0
0.0
0.0
0.0
0.0
0.0
0.0
0.0
0.0
0.0
0.0
0.0
0.0
0.0
0.0
0.0
0.0
0.0
0.0
0.0
0.0
0.0
0.0
0.0
0.0
0.0
0.0
0.0
0.0
0.0
0.0
0.0
0.0
0.0
0.0
0.0
0.0
0.0
0.0
0.0
0.0
0.0
0.0
0.0
0.0
0.0
0.0
0.0
0.0
0.0
0.0
0.0
0.0
0.0
0.0
0.0
0.0
0.0
0.0
0.0
0.0
0.0
0.0
0.0
0.0
0.0
0.0
0.0
0.0
0.0
0.0
0.0
0.0
0.0
0.0
0.0
0.0
0.0
0.0
0.0
0.0
0.0
0.0
0.0
0.0
0.0
0.0
0.0
0.0
0.0
0.0
0.0
0.0
0.0
0.0
0.0
0.0
0.0
0.0
0.0
0.0
0.0
0.0
0.0
0.0
0.0
0.0
0.0
0.0
0.0
0.0
0.0
0.0
0.0
0.0
0.0
0.0
0.0
0.0
0.0
0.0
0.0
0.0
0.0
0.0
0.0
0.0
0.0
0.0
0.0
0.0
0.0
0.0
0.0
0.0
0.0
0.0
0.0
0.0
0.0
0.0
0.0
0.0
0.0
0.0
0.0
0.0
0.0
0.0
0.0
0.0
0.0
0.0
0.0
0.0
0.0
0.0
0.0
0.0
0.0
0.0
0.0
0.0
0.0
0.0
0.0
0.0
0.0
0.0
0.0
0.0
0.0
0.0
0.0
0.0
0.0
0.0
0.0
0.0
0.0
0.0
0.0
0.0
0.0
0.0
0.0
0.0
0.0
0.0
0.0
0.0
0.0
0.0
0.0
0.0
0.0
0.0
0.0
0.0
0.0
0.0
0.0
0.0
0.0
0.0
0.0
0.0
0.0
0.0
0.0
0.0
0.0
0.0
0.0
0.0
0.0
0.0
0.0
0.0
0.0
0.0
0.0
0.0
0.0
0.0
0.0
0.0
0.0
0.0
0.0
0.0
0.0
0.0
0.0
0.0
0.0
0.0
0.0
0.0
0.0
0.0
0.0
0.0
0.0
0.0
0.0
0.0
0.0
0.0
0.0
0.0
0.0
0.0
0.0
0.0
0.0
0.0
0.0
0.0
0.0
0.0
0.0
0.0
0.0
0.0
0.0
0.0
0.0
0.0
0.0
0.0
0.0
0.0
0.0
0.0
0.0
0.0
0.0
0.0
0.0
0.0
0.0
0.0
0.0
0.0
0.0
0.0
0.0
0.0
0.0
0.0
0.0
0.0
0.0
0.0
0.0
0.0
0.0
0.0
0.0
0.0
0.0
0.0
0.0
0.0
0.0
0.0
0.0
0.0
0.0
0.0
0.0
0.0
0.0
0.0
0.0
0.0
0.0
0.0
0.0
0.0
0.0
0.0
0.0
0.0
0.0
0.0
0.0
0.0
0.0
0.0
0.0
0.0
0.0
0.0
0.0
0.0
0.0
0.0
0.0
0.0
0.0
0.0
0.0
0.0
0.0
0.0
0.0
0.0
0.0
0.0
0.0
0.0
0.0
0.0
0.0
0.0
0.0
0.0
0.0
0.0
0.0
0.0
0.0
0.0
0.0
0.0
0.0
0.0
0.0
0.0
0.0
0.0
0.0
0.0
0.0
0.0
0.0
0.0
0.0
0.0
0.0
0.0
0.0
0.0
0.0
0.0
0.0
0.0
0.0
0.0
0.0
0.0
0.0
0.0
0.0
0.0
0.0
0.0
0.0
0.0
0.0
0.0
0.0
0.0
0.0
0.0
0.0
0.0
0.0
0.0
0.0
0.0
0.0
0.0
0.0
0.0
0.0
0.0
0.0
0.0
0.0
0.0
0.0
0.0
0.0
0.0
0.0
0.0
0.0
0.0
0.0
0.0
0.0
0.0
0.0
0.0
0.0
0.0
0.0
0.0
0.0
0.0
0.0
0.0
0.0
0.0
0.0
0.0
0.0
0.0
0.0
0.0
0.0
0.0
0.0
0.0
0.0
0.0
0.0
0.0
0.0
0.0
0.0
0.0
0.0
0.0
0.0
0.0
0.0
0.0
0.0
0.0
0.0
0.0
0.0
0.0
0.0
0.0
0.0
0.0
0.0
0.0
0.0
0.0
0.0
0.0
0.0
0.0
0.0
0.0
0.0
0.0
0.0
0.0
0.0
0.0
0.0
0.0
0.0
0.0
0.0
0.0
0.0
0.0
0.0
0.0
0.0
0.0
0.0
0.0
0.0
0.0
0.0
0.0
0.0
0.0
0.0
0.0
0.0
0.0
0.0
0.0
0.0
0.0
0.0
0.0
0.0
0.0
0.0
0.0
0.0
0.0
0.0
0.0
0.0
0.0
0.0
0.0
0.0
0.0
0.0
0.0
0.0
0.0
0.0
0.0
0.0
0.0
0.0
0.0
0.0
0.0
0.0
0.0
0.0
0.0
0.0
0.0
0.0
0.0
0.0
0.0
0.0
0.0
0.0
0.0
0.0
0.0
0.0
0.0
0.0
0.0
0.0
0.0
0.0
0.0
0.0
0.0
0.0
0.0
0.0
0.0
0.0
0.0
0.0
0.0
0.0
0.0
0.0
0.0
0.0
0.0
0.0
0.0
0.0
0.0
0.0
0.0
0.0
0.0
0.0
0.0
0.0
0.0
0.0
0.0
0.0
0.0
0.0
0.0
0.0
0.0
0.0
0.0
0.0
0.0
0.0
0.0
0.0
0.0
0.0
0.0
0.0
0.0
0.0
0.0
0.0
0.0
0.0
0.0
0.0
0.0
0.0
0.0
0.0
0.0
0.0
0.0
0.0
0.0
0.0
0.0
0.0
0.0
0.0
0.0
0.0
0.0
0.0
0.0
0.0
0.0
0.0
0.0
0.0
0.0
0.0
0.0
0.0
0.0
0.0
0.0
0.0
0.0
0.0
0.0
0.0
0.0
0.0
0.0
0.0
0.0
0.0
0.0
0.0
0.0
0.0
0.0
0.0
0.0
0.0
0.0
0.0
0.0
0.0
0.0
0.0
0.0
0.0
0.0
0.0
0.0
0.0
0.0
0.0
0.0
0.0
0.0
0.0
0.0
0.0
0.0
0.0
0.0
0.0
0.0
0.0
0.0
0.0
0.0
0.0
0.0
0.0
0.0
0.0
0.0
0.0
0.0
0.0
0.0
0.0
0.0
0.0
0.0
0.0
0.0
0.0
0.0
0.0
0.0
0.0
0.0
0.0
0.0
0.0
0.0
0.0
0.0
0.0
0.0
0.0
0.0
0.0
0.0
0.0
0.0
0.0
0.0
0.0
0.0
0.0
0.0
0.0
0.0
0.0
0.0
0.0
0.0
0.0
0.0
0.0
0.0
0.0
0.0
0.0
0.0
0.0
0.0
0.0
0.0
0.0
0.0
0.0
0.0
0.0
0.0
0.0
0.0
0.0
0.0
0.0
0.0
0.0
0.0
0.0
0.0
0.0
0.0
0.0
0.0
0.0
0.0
0.0
0.0
0.0
0.0
0.0
0.0
0.0
0.0
0.0
0.0
0.0
0.0
0.0
0.0
0.0
0.0
0.0
0.0
0.0
0.0
0.0
0.0
0.0
0.0
0.0
0.0
0.0
0.0
0.0
0.0
0.0
0.0
0.0
0.0
0.0
0.0
0.0
0.0
0.0
0.0
0.0
0.0
0.0
0.0
0.0
0.0
0.0
0.0
0.0
0.0
0.0
0.0
0.0
0.0
0.0
0.0
0.0
0.0
0.0
0.0
0.0
0.0
0.0
0.0
0.0
0.0
0.0
0.0
0.0
0.0
0.0
0.0
0.0
0.0
0.0
0.0
0.0
0.0
0.0
0.0
0.0
0.0
0.0
0.0
0.0
0.0
0.0
0.0
0.0
0.0
0.0
0.0
0.0
0.0
0.0
0.0
0.0
0.0
0.0
0.0
0.0
0.0
0.0
0.0
0.0
0.0
0.0
0.0
0.0
0.0
0.0
0.0
0.0
0.0
0.0
0.0
0.0
0.0
0.0
0.0
0.0
0.0
0.0
0.0
0.0
0.0
0.0
0.0
0.0
0.0
0.0
0.0
0.0
0.0
0.0
0.0
0.0
0.0
0.0
0.0
0.0
0.0
0.0
0.0
0.0
0.0
0.0
0.0
0.0
0.0
0.0
0.0
0.0
0.0
0.0
0.0
0.0
0.0
0.0
0.0
0.0
0.0
0.0
0.0
0.0
0.0
0.0
0.0
0.0
0.0
0.0
0.0
0.0
0.0
0.0
0.0
0.0
0.0
0.0
0.0
0.0
0.0
0.0
0.0
0.0
0.0
0.0
0.0
0.0
0.0
0.0
0.0
0.0
0.0
0.0
0.0
0.0
0.0
0.0
0.0
0.0
0.0
0.0
0.0
0.0
0.0
0.0
0.0
0.0
0.0
0.0
0.0
0.0
0.0
0.0
0.0
0.0
0.0
0.0
0.0
0.0
0.0
0.0
0.0
0.0
0.0
0.0
0.0
0.0
0.0
0.0
0.0
0.0
0.0
0.0
0.0
0.0
0.0
0.0
0.0
0.0
0.0
0.0
0.0
0.0
0.0
0.0
0.0
0.0
0.0
0.0
0.0
0.0
0.0
0.0
0.0
0.0
0.0
0.0
0.0
0.0
0.0
0.0
0.0
0.0
0.0
0.0
0.0
0.0
0.0
0.0
0.0
0.0
0.0
0.0
0.0
0.0
0.0
0.0
0.0
0.0
0.0
0.0
0.0
0.0
0.0
0.0
0.0
0.0
0.0
0.0
0.0
0.0
0.0
0.0
0.0
0.0
0.0
0.0
0.0
0.0
0.0
0.0
0.0
0.0
0.0
0.0
0.0
0.0
0.0
0.0
0.0
0.0
0.0
0.0
0.0
0.0
0.0
0.0
0.0
0.0
0.0
0.0
0.0
0.0
0.0
0.0
0.0
0.0
0.0
0.0
0.0
0.0
0.0
0.0
0.0
0.0
0.0
0.0
0.0
0.0
0.0
0.0
0.0
0.0
0.0
0.0
0.0
0.0
0.0
0.0
0.0
0.0
0.0
0.0
0.0
0.0
0.0
0.0
0.0
0.0
0.0
0.0
0.0
0.0
0.0
0.0
0.0
0.0
0.0
0.0
0.0
0.0
0.0
0.0
0.0
0.0
0.0
0.0
0.0
0.0
0.0
0.0
0.0
0.0
0.0
0.0
0.0
0.0
0.0
0.0
0.0
0.0
0.0
0.0
0.0
0.0
0.0
0.0
0.0
0.0
0.0
0.0
0.0
0.0
0.0
0.0
0.0
0.0
0.0
0.0
0.0
0.0
0.0
0.0
0.0
0.0
0.0
0.0
0.0
0.0
0.0
0.0
0.0
0.0
0.0
0.0
0.0
0.0
0.0
0.0
0.0
0.0
0.0
0.0
0.0
0.0
0.0
0.0
0.0
0.0
0.0
0.0
0.0
0.0
0.0
0.0
0.0
0.0
0.0
0.0
0.0
0.0
0.0
0.0
0.0
0.0
0.0
0.0
0.0
0.0
0.0
0.0
0.0
0.0
0.0
0.0
0.0
0.0
0.0
0.0
0.0
0.0
0.0
0.0
0.0
0.0
0.0
0.0
0.0
0.0
0.0
0.0
0.0
0.0
0.0
0.0
0.0
0.0
0.0
0.0
0.0
0.0
0.0
0.0
0.0
0.0
0.0
0.0
0.0
0.0
0.0
0.0
0.0
0.0
0.0
0.0
0.0
0.0
0.0
0.0
0.0
0.0
0.0
0.0
0.0
0.0
0.0
0.0
0.0
0.0
0.0
0.0
0.0
0.0
0.0
0.0
0.0
0.0
0.0
0.0
0.0
0.0
0.0
0.0
0.0
0.0
0.0
0.0
0.0
0.0
0.0
0.0
0.0
0.0
0.0
0.0
0.0
0.0
0.0
0.0
0.0
0.0
0.0
0.0
0.0
0.0
0.0
0.0
0.0
0.0
0.0
0.0
0.0
0.0
0.0
0.0
0.0
0.0
0.0
0.0
0.0
0.0
0.0
0.0
0.0
0.0
0.0
0.0
0.0
0.0
0.0
0.0
0.0
0.0
0.0
0.0
0.0
0.0
0.0
0.0
0.0
0.0
0.0
0.0
0.0
0.0
0.0
0.0
0.0
0.0
0.0
