0.000368929961934515
0.000369322279879043
0.00036966942113966745
0.00036998954407063976
0.0003702900965982151
0.0003705756619178135
0.00037084936299255856
0.0003711134215961821
0.0003713694653822885
0.0003716186047568595
0.0003718603094637801
0.00037209723340687385
0.0003723288773347293
0.00037255657323442164
0.0003727805082642902
0.00037300102307814446
0.00037321861858213113
0.0003734334252289512
0.0003736457055788674
0.0003738557245493407
0.0003740630152872757
0.0003742682048521493
0.00037447165012577746
0.00037467343628418267
0.0003748734636269149
0.00037507180598240336
0.00037526870285159626
0.0003754643647834069
0.00037565886662273615
0.00037585220743424023
0.0003760443999381605
0.00037623515891103694
0.00037642510480162295
0.0003766142536892763
0.0003768025848332697
0.00037699006594382755
0.00037717674322189896
0.00037736263196203073
0.0003775477330156979
0.0003777321452236722
0.0003779159388784033
0.0003780990748251051
0.00037828133789727386
0.00037846306969363807
0.0003786443056857414
0.0003788250012463725
0.00037900512030584614
0.00037918472347305335
0.0003793638866308291
0.0003795426538104811
0.00037972104406032214
0.0003798990197181631
0.00038007649558111437
0.00038025347448238567
0.00038042986242413173
0.0003806059221389735
0.000380781703126957
0.00038095723124439686
0.0003811325360638412
0.0003813076225692917
0.00038148248014310994
0.0003816570684585581
0.0003818313385306693
0.0003820053298533225
0.0003821790957776475
0.00038235259689685315
0.000382525709141144
0.0003826986878848983
0.00038287152890095977
0.00038304424421945594
0.0003832168305047886
0.0003833892598347491
0.0003835615030717169
0.00038373356312197736
0.0003839054803666261
0.0003840772996083287
0.00038424904044987443
0.00038442071768236754
0.0003845921975975336
0.0003847634522644494
0.0003849345726174635
0.00038510558625707675
0.000385276517811748
0.00038544736845090057
0.00038561814869713523
0.00038578886941516207
0.0003859595407576982
0.00038613018927299457
0.0003863008375340557
0.00038647147596484945
0.00038664212589154825
0.0003868126647735135
0.0003869831941708037
0.00038715365796659456
0.0003873241181886536
0.00038749455057562724
0.0003876648730300193
0.00038783514471624295
0.00038800541802894265
0.0003881757112213977
0.00038834605908329
0.00038851644317046484
0.0003886868716283364
0.0003888573586961975
0.00038902790623881653
0.0003891984122228072
0.0003893689717154838
0.00038953955840181914
0.00038971017807024863
0.00038988085865332997
0.00039005158697558303
0.00039022230872524184
0.0003903930495996994
0.0003905638332871158
0.00039073462062660567
0.00039090544299511334
0.00039107634222663345
0.0003912473426365656
0.00039141844526863196
0.00039158957655591414
0.00039176080110264494
0.000391932133849953
0.0003921035672685142
0.00039227508932262165
0.00039244669931716783
0.00039261840764220673
0.0003927902260089374
0.00039296215948535007
0.00039313418928671375
0.00039330630014460227
0.0003934785267712985
0.00039365087485780843
0.00039382331566412083
0.0003939958285838638
0.0003941683782251657
0.0003943410078679576
0.00039451375811880263
0.00039468664605914823
0.00039485966826044655
0.0003950328175053085
0.000395206106246977
0.00039537953061614045
0.0003955530943780437
0.00039572680200166755
0.0003959006616119931
0.0003960746905048715
0.0003962488376054782
0.0003964231153407013
0.00039659753230124643
0.0003967721319399183
0.0003969468187082523
0.0003971216304214351
0.0003972966216064755
0.0003974717453004425
0.0003976469932414782
0.0003978224322234771
0.00039799803149652744
0.0003981737358961296
0.0003983495873137196
0.00039852563230451365
0.0003987018500072173
0.0003988782351429777
0.0003990547987486814
0.0003992315372214888
0.00039940847536768935
0.0003995855258560512
0.00039976278066513926
0.0003999402091779178
0.0004001177816316359
0.00040029560289547313
0.00040047358289398887
0.0004006517477683067
0.00040083008910044715
0.0004010086523544697
0.00040118739315676426
0.00040136630120510036
0.0004015454068850908
0.0004017247130549755
0.00040190422611271315
0.0004020839113080396
0.000402263790086283
0.0004024438492123716
0.00040262412504753057
0.0004028045675579133
0.00040298514586937964
0.0004031658529435208
0.00040334683259112003
0.0004035280039310972
0.0004037094239923186
0.0004038910655699028
0.00040407291914583524
0.0004042550035390751
0.00040443730097789875
0.00040461982932938446
0.0004048025897899879
0.0004049855705231915
0.000405168798998125
0.00040535223786647054
0.00040553586833190345
0.00040571974377292755
0.0004059038303715013
0.00040608814982597745
0.00040627275785297206
0.000406457498442982
0.0004066424897404394
0.000406827652384215
0.00040701302623037493
0.0004071986423426323
0.0004073845080629003
0.00040757056993733875
0.0004077568636285418
0.0004079433925242979
0.0004081301264826764
0.00040831710354216296
0.0004085043636187495
0.00040869186690709107
0.0004088795936767462
0.0004090676029348844
0.00040925589838919406
0.00040944439241669546
0.00040963315883983507
0.00040982220698863474
0.00041001142504208763
0.00041020091092911225
0.00041039062708571664
0.0004105806216924593
0.0004107708896673571
0.0004109613498051744
0.00041115209272314993
0.0004113431102677219
0.00041153437428246447
0.0004117258907760227
0.0004119176827583214
0.0004121097606024586
0.00041230210137932667
0.00041249467994358783
0.0004126875123864994
0.00041288063870289376
0.00041307405418801896
0.0004132676841551916
0.00041346154837394077
0.0004136556898167281
0.00041385014326095264
0.00041404481843212564
0.00041423973082138616
0.0004144349048196304
0.000414630424234825
0.0004148261960857873
0.0004150221868192342
0.000415218467982485
0.00041541508009620054
0.0004156119221010452
0.0004158090254399064
0.0004160064463527408
0.0004162041776936453
0.0004164021740831772
0.000416600427687138
0.0004167989722707025
0.00041699782886551665
0.0004171970033141814
0.00041739648545603713
0.0004175962463468212
0.00041779627902532786
0.0004179965715832486
0.00041819713695888416
0.0004183980281856657
0.00041859928884486336
0.00041880080050840906
0.0004190025727980229
0.0004192046226073183
0.00041940696671218853
0.00041960965524588987
0.0004198126534137349
0.00042001587446500495
0.00042021942836043517
0.0004204232705808978
0.00042062735161267726
0.00042083171701969566
0.00042103640686934584
0.00042124141571054367
0.00042144671126913475
0.0004216522758387443
0.00042185814707842604
0.00042206438343118463
0.0004222709861515083
0.0004224779002634174
0.0004226850937022688
0.00042289256904955353
0.00042310036214968766
0.000423308504239607
0.0004235169784282268
0.00042372574157604874
0.00042393478692289793
0.0004241441283755551
0.00042435381415468424
0.0004245638277442642
0.0004247741904802111
0.00042498489893251967
0.0004251958901232202
0.0004254071868140994
0.000425618795672493
0.0004258307361598516
0.0004260430088343365
0.0004262555944420939
0.00042646855766083304
0.0004266818436476106
0.0004268954028073739
0.000427109266059467
0.00042732343996242393
0.00042753793496506297
0.00042775277179501125
0.00042796796657052296
0.0004281835036130228
0.00042839935391609575
0.00042861549768704465
0.0004288319569395774
0.00042904877950600945
0.0004292659799486219
0.00042948354196388987
0.0004297014216995782
0.0004299195979080135
0.00043013807490402254
0.0004303569198369353
0.00043057611834936764
0.0004307956817372352
0.0004310156211675174
0.0004312359066400548
0.0004314564977161849
0.00043167740901200416
0.0004318986624823024
0.0004321202615947155
0.00043234219990877205
0.00043256448464307017
0.0004327871348373858
0.00043301013928316644
0.00043323347970885764
0.0004334571765491704
0.0004336812315200361
0.0004339056135624765
0.0004341303221691749
0.0004343553786443973
0.0004345808177965831
0.00043480665666352064
0.0004350328373078073
0.00043525934720842945
0.00043548620740646544
0.00043571342994517924
0.0004359410122487373
0.00043616895571624097
0.00043639726547928557
0.0004366259426947457
0.00043685497815197465
0.0004370843440775891
0.00043731407224779104
0.0004375441784701051
0.00043777466477634024
0.00043800552058183165
0.00043823673043610743
0.00043846828589896506
0.0004387001902773037
0.00043893245060771266
0.00043916507181326246
0.0004393980568402544
0.0004396314074713459
0.0004398651281830309
0.0004400992296989115
0.0004403337221435573
0.00044056859583706986
0.00044080382492852005
0.0004410394385383309
0.0004412754452330697
0.0004415118081300189
0.00044174853366557663
0.00044198563033380234
0.0004422230956611805
0.0004424609299814624
0.00044269915647133097
0.00044293778737411563
0.000443176799361572
0.0004434161798528609
0.00044365593681204823
0.0004438960785610133
0.00044413659929774417
0.00044437748484117077
0.0004446187129061117
0.00044486036006780803
0.00044510239703426577
0.00044534479033883216
0.0004455875508617829
0.00044583072044449614
0.00044607430802404597
0.0004463182931007018
0.0004465626664136365
0.0004468074196602645
0.000447052550079086
0.00044729805584200425
0.0004475439034405163
0.0004477901899498064
0.00044803688878684985
0.000448283970757365
0.00044853143235815514
0.0004487792727258477
0.000449027489234493
0.0004492760858877837
0.0004495250757369172
0.00044977446926942937
0.00045002427114645933
0.00045027447061040635
0.00045052509534080655
0.00045077616028069747
0.0004510276174577486
0.00045127946098096533
0.0004515317081287076
0.000451784355682718
0.0004520373900779297
0.0004522908018549721
0.0004525445720044496
0.0004527987014178918
0.00045305329170501786
0.0004533083308311214
0.00045356377691794874
0.0004538196092194559
0.00045407582035953905
0.0004543324581850193
0.00045458950582196416
0.00045484692517923716
0.00045510476133282855
0.00045536305508975743
0.0004556217190905733
0.0004558807636913295
0.00045614023167278513
0.00045640011952221193
0.0004566604111537255
0.0004569210809928901
0.00045718216077777167
0.00045744368374159224
0.00045770561056762736
0.00045796796631876805
0.00045823073103479304
0.00045849389861061103
0.00045875751462432987
0.00045902150007511266
0.00045928596418767624
0.0004595508694139407
0.00045981616812439005
0.000460081851393646
0.0004603479053369804
0.00046061431194185687
0.0004608810624280218
0.0004611483901767683
0.0004614162866226659
0.0004616845834350648
0.00046195327884503606
0.0004622223707764551
0.0004624918500931361
0.00046276167451750344
0.0004630318730280673
0.00046330255599371793
0.00046357368627228135
0.0004638452220844578
0.00046411719303515936
0.00046438953313143483
0.00046466225445111737
0.0004649353935120108
0.00046520901050594286
0.0004654830495850455
0.00046575757369874814
0.00046603251817604316
0.0004663078329568643
0.00046658356454788155
0.0004668598671969877
0.000467136545774166
0.0004674135627646539
0.0004676910752746886
0.0004679690475138045
0.0004682473702035263
0.0004685261286667142
0.0004688053417248647
0.0004690849839785538
0.00046936502756238463
0.00046964552966743657
0.00046992642996786406
0.0004702077655920756
0.0004704895678801904
0.0004707717758251355
0.0004710544003274798
0.0004713374507906774
0.00047162088463135993
0.0004719048882160752
0.0004721893488775811
0.00047247421371862886
0.000472759473128555
0.0004730450801522304
0.00047333102675914114
0.00047361763187430935
0.0004739047702998565
0.00047419230316552303
0.00047448021124765326
0.0004747684742562092
0.00047505708036476836
0.00047534614289712775
0.0004756357364522464
0.0004759258532069421
0.0004762164244279848
0.0004765073377942307
0.000476798700525588
0.00047709053948409683
0.000477382793044951
0.0004776754539924304
0.0004779684924834916
0.0004782619896995245
0.0004785560253900209
0.0004788505455056201
0.00047914548796209477
0.0004794408209958331
0.0004797364958413489
0.00048003263582853666
0.00048032921804242525
0.00048062618884206937
0.0004809236521125801
0.0004812215717962612
0.00048151992639761354
0.0004818188553714366
0.00048211820123372345
0.0004824178695667018
0.0004827179865316686
0.00048301849152211776
0.00048331951442361244
0.000483620864981735
0.00048392270755491913
0.00048422499840021597
0.00048452772118073243
0.0004848310782648328
0.00048513483202320784
0.00048543891646862087
0.00048574334198130933
0.00048604820174787204
0.00048635374901910105
0.0004866596272586046
0.00048696588933759604
0.00048727254642940944
0.00048757958034089554
0.00048788737950128744
0.0004881955986099776
0.0004885041668733888
0.0004888130405376927
0.0004891221610807859
0.0004894319928233397
0.0004897423969679929
0.0004900532124621573
0.0004903643494375982
0.0004906757505216352
0.0004909877322907958
0.000491300331541621
0.0004916133873413335
0.000491926742019484
0.0004922404518262094
0.0004925545862408445
0.0004928692244653409
0.0004931843843922285
0.0004934999540808291
0.0004938160452484139
0.0004941324918841808
0.0004944493449648331
0.0004947665996804693
0.0004950842805292892
0.0004954025128432144
0.0004957212067672826
0.0004960403698687144
0.0004963598174377602
0.0004966797100647343
0.0004970000993365713
0.0004973209228414579
0.0004976422592104147
0.0004979639631107959
0.0004982861057360015
0.0004986087099842575
0.0004989316458753022
0.0004992550073273597
0.000499578954449656
0.0004999034097829936
0.0005002282532061982
0.0005005534039144027
0.0005008788971193164
0.0005012049184864161
0.0005015314688234959
0.0005018584784964823
0.0005021858565349979
0.0005025136477844525
0.0005028419704246279
0.000503170591866147
0.0005034995087848028
0.0005038290046441259
0.0005041591404417145
0.0005044896762754362
0.0005048204603684813
0.0005051514912334054
0.0005054830432020492
0.0005058152967460123
0.0005061479429526733
0.0005064808053273103
0.0005068140166898303
0.0005071480223484237
0.0005074823818617586
0.0005078170004562685
0.0005081518642497945
0.0005084873393370867
0.0005088235618688271
0.000509160072805876
0.000509496747294913
0.0005098336558333252
0.0005101712850599218
0.0005105095496525701
0.0005108481353729676
0.0005111869130453594
0.0005115261382221433
0.000511865909901097
0.0005122061452959104
0.0005125466620327235
0.000512887662459076
0.0005132290284059569
0.0005135709261247624
0.0005139131391038057
0.0005142559326921395
0.00051459898915954
0.0005149423917789175
0.000515286228399262
0.0005156307481696494
0.0005159755672410751
0.0005163206873783628
0.0005166660603978848
0.0005170120050462671
0.0005173585288624688
0.0005177054522747378
0.0005180525796919084
0.0005184000571715003
0.0005187480984732377
0.0005190965681779577
0.0005194454332074699
0.0005197946605031169
0.0005201443156317103
0.0005204942478028632
0.0005208446238576671
0.0005211954979231232
0.0005215468528739995
0.0005218984210561194
0.0005222503011210642
0.000522602729720072
0.0005229557167848624
0.0005233089538828724
0.0005236624251949337
0.0005240163556438081
0.0005243708633971812
0.000524725719110966
0.0005250808227871898
0.0005254363202941163
0.0005257923126598153
0.0005261486309142723
0.0005265052869049614
0.0005268624088635838
0.0005272200123561982
0.0005275778792290737
0.0005279359462776608
0.000528294586111683
0.0005286538370738421
0.000529013274731034
0.0005293727250850302
0.0005297327890045986
0.0005300935585304543
0.0005304546122025956
0.0005308156091313839
0.0005311771234944362
0.0005315392970876013
0.000531901845748013
0.0005322644651798134
0.0005326275211973664
0.0005329911255847091
0.0005333550148188746
0.0005337190334211382
0.0005340835520642873
0.0005344486972101257
0.0005348141151963359
0.0005351795816941446
0.0005355454078739394
0.0005359118871829985
0.0005362787838362301
0.0005366457950152347
0.0005370130093630019
0.0005373807330601075
0.0005377489878657637
0.0005381175818558643
0.0005384862918941987
0.0005388553138220687
0.000539224743049087
0.0005395947358613596
0.0005399649735318799
0.000540335426870684
0.0005407061314421196
0.0005410773732880575
0.0005414489569453142
0.0005418207527242252
0.0005421927890013895
0.0005425653190081281
0.0005429381629029952
0.0005433111783067547
0.0005436845243601921
0.0005440584436102148
0.0005444326411915126
0.0005448068733775006
0.0005451815101894433
0.0005455566622319402
0.0005459320799548356
0.0005463076322063775
0.0005466834954377102
0.0005470597821764111
0.0005474364490733726
0.0005478133915159252
0.0005481905188873393
0.0005485678522327197
0.0005489455284522696
0.0005493237579104062
0.0005497022738550508
0.0005500807016341067
0.0005504594338610291
0.00055083886681067
0.0005512185990606346
0.0005515981768056859
0.0005519780162320983
0.0005523585551317956
0.000552739393209351
0.0005531201226895154
0.0005535011305040217
0.000553882739266724
0.000554264552403592
0.0005546464229437123
0.0005550286068338805
0.0005554112533332122
0.0005557940001363851
0.0005561769092433717
0.0005565602144206613
0.0005569438149408643
0.0005573273899581111
0.0005577112973601393
0.0005580958713231663
0.0005584804122740053
0.0005588649450430939
0.0005592498891662232
0.000559635389021307
0.0005600207859107404
0.0005604062297601643
0.0005607922218948646
0.0005611786155499791
0.0005615647946669871
0.0005619510690813904
0.0005623381223952747
0.0005627253693843534
0.0005631123939140211
0.0005634995663849135
0.0005638874748625526
0.000564275426274487
0.0005646632506066217
0.0005650514485146263
0.0005654400605303772
0.0005658287514112292
0.0005662174479741603
0.0005666064542846687
0.0005669956768379254
0.0005673849531023572
0.0005677744914055022
0.0005681643244323093
0.000568554231606246
0.0005689441715604015
0.00056933442587829
0.0005697249386075543
0.0005701154795437936
0.0005705061036490599
0.000570896905166319
0.0005712880205720677
0.0005716791399604074
0.000572070385110988
0.0005724617840666598
0.0005728534526489163
0.0005732452203374981
0.0005736369474314806
0.0005740288135580801
0.0005744209576355535
0.0005748133716588275
0.0005752055542229342
0.0005755978369511689
0.0005759904717791011
0.0005763831755165846
0.000576775771772729
0.0005771684791101048
0.0005775616654423145
0.0005779547173492484
0.000578347656689711
0.0005787408359499052
0.000579134250722181
0.0005795275613842215
0.0005799207978788811
0.0005803143976027475
0.0005807079226880302
0.0005811014583137344
0.0005814951397972096
0.0005818889615918053
0.0005822826508512946
0.000582676242711227
0.0005830701826586031
0.0005834640399674688
0.0005838579101356925
0.0005842518385177897
0.000584645798765319
0.0005850397164938518
0.0005854336401236368
0.0005858276710587366
0.0005862214968444822
0.0005866153891853552
0.0005870095381817784
0.000587403472951108
0.0005877972212942951
0.0005881911713167712
0.0005885852854732085
0.0005889789760877303
0.0005893725181805358
0.0005897666261282765
0.0005901604880027737
0.0005905539130475926
0.0005909474619657697
0.0005913412702105753
0.0005917347442530492
0.0005921279093168442
0.000592521475012358
0.00059291486417185
0.0005933078490261133
0.0005937009101674658
0.0005940941105379615
0.000594487006119001
0.0005948796088070245
0.0005952724296966737
0.0005956649505325101
0.0005960571261749527
0.0005964496392599996
0.000596841979299874
0.0005972338905998642
0.0005976256515864302
0.000598017612630227
0.0005984091633768651
0.0005988002288887277
0.0005991917616869324
0.0005995830502336309
0.0005999737393210496
0.0006003643104521233
0.0006007550813257387
0.0006011454160551015
0.0006015351339119944
0.0006019251786707183
0.0006023150275370031
0.0006027041726076491
0.0006030933449979236
0.0006034824992519882
0.0006038712176293788
0.0006042593440627011
0.0006046476530444641
0.0006050357759157558
0.000605423185341921
0.0006058105049112295
0.0006061976721330221
0.0006065844845850715
0.0006069707937823027
0.0006073569379148072
0.000607742884069279
0.0006081282996268521
0.0006085134966870949
0.000608898331693687
0.0006092826903286094
0.0006096668651775289
0.0006100506100729346
0.0006104340326799855
0.0006108170355245184
0.0006111996819557343
0.0006115818508878365
0.0006119635291283008
0.0006123449341831855
0.0006127258769632121
0.0006131063283971334
0.0006134865659896766
0.0006138661688028416
0.000614245309959639
0.0006146240063752063
0.0006150021873402746
0.0006153798407028522
0.0006157570634040261
0.0006161338493110627
0.0006165099352908263
0.0006168855333453525
0.0006172610370866314
0.000617635641593211
0.0006180095703532867
0.0006183831975543263
0.0006187562773108705
0.0006191284838168331
0.0006195001490301794
0.0006198716728735445
0.0006202422717797408
0.0006206119100162098
0.0006209815026419023
0.0006213503380142071
0.0006217182694673784
0.0006220856084893672
0.0006224525314231808
0.000622818617223784
0.0006231837620325227
0.0006235485223391356
0.0006239125568279207
0.0006242756663218929
0.0006246382977307863
0.0006249999869202651
0.0006253609546524073
0.0006257212474614002
0.0006260807511830251
0.0006264393871052125
0.0006267972008036068
0.0006271543733584182
0.0006275104738262043
0.000627865701513278
0.0006282204868170142
0.0006285741162049349
0.0006289267442076426
0.0006292787119842264
0.00062962976000612
0.0006299796791626592
0.0006303287468149209
0.0006306771112170287
0.0006310242223587807
0.0006313703290764038
0.0006317158473073682
0.0006320600679071452
0.0006324031206792465
0.0006327455575689402
0.0006330867980513555
0.0006334267598972226
0.0006337658590878533
0.0006341040468628693
0.0006344407469995928
0.0006347763696028248
0.00063511131546916
0.0006354447935106368
0.0006357768769529268
0.0006361083105969722
0.0006364384133573865
0.0006367669176976805
0.0006370944368490382
0.0006374209852200675
0.0006377459729134869
0.0006380696125037579
0.0006383923201627164
0.0006387135669851921
0.0006390332109338662
0.0006393518786520813
0.0006396691291136625
0.0006399846962641958
0.0006402992633860107
0.0006406123942877958
0.0006409239321620447
0.0006412340598398471
0.0006415428429093338
0.0006418499634354674
0.0006421554953672698
0.0006424597933289426
0.000642762403633033
0.0006430633330116236
0.0006433631178452456
0.000643661138520983
0.0006439572431576632
0.00064425196792624
0.0006445451170314352
0.0006448363173911936
0.0006451257875450246
0.0006454138779719172
0.0006457000367434243
0.0006459841689062626
0.000646266913827502
0.0006465477979991675
0.0006468265303556374
0.0006471036845499886
0.0006473790259230661
0.0006476522583825304
0.0006479235319132057
0.0006481930438035791
0.000648460515254009
0.0006487258008992819
0.0006489893188380942
0.0006492508126134501
0.0006495100226327123
0.000649767252426589
0.0006500223738128489
0.0006502752222111755
0.0006505259337001154
0.0006507744504863249
0.0006510207017100709
0.0006512646359784416
0.0006515063793432341
0.0006517458651385322
0.0006519829210374707
0.000652217627556684
0.0006524499428512628
0.0006526798231680464
0.0006529072760475377
0.0006531321899327176
0.0006533545932112116
0.000653574506919111
0.0006537917788697727
0.0006540064795699041
0.0006542186176277834
0.000654428014292351
0.000654634690264373
0.0006548386705308418
0.0006550398490996376
0.0006552381958645854
0.0006554337767890601
0.0006556265319662859
0.0006558162996901282
0.0006560031399467106
0.0006561871060040532
0.0006563679341144014
0.000656545724118567
0.0006567205738241479
0.0006568921890090613
0.0006570606332166123
0.0006572259433711337
0.0006573880121058468
0.0006575467900795096
0.0006577023073576358
0.0006578544941414011
0.0006580031802197147
0.0006581485087186569
0.0006582904767021845
0.0006584287823778794
0.0006585635587601344
0.0006586948614883356
0.0006588224206895447
0.0006589462980469414
0.00065906655309556
0.0006591830259715757
0.000659295603161574
0.0006594043800008338
0.0006595093072724795
0.0006596101821804986
0.0006597070652577565
0.0006597999728670047
0.0006598887050464948
0.0006599732978267133
0.0006600537691345445
0.0006601299627015918
0.0006602018640467641
0.0006602694942516141
0.0006603327360932637
0.0006603914909756223
0.0006604457500682235
0.0006604954632229516
0.0006605405467515783
0.000660580963448177
0.0006606166577424901
0.0006606475614132586
0.0006606736377295513
0.0006606948114654986
0.0006607110099990514
0.000660722197513205
0.0006607283046405591
0.0006607292645741251
0.0006607250213867299
0.0006607155043118185
0.0006607006589873413
0.000660680419907093
0.0006606546949952133
0.0006606234452336915
0.0006605866278492334
0.0006605440540123216
0.0006604956965973616
0.0006604415858760829
0.0006603815632387694
0.0006603155372243881
0.0006602435744855458
0.0006601655009549216
0.0006600811647228973
0.0006599906511928955
0.0006598938336915043
0.0006597905172800127
0.0006596807174566554
0.0006595644166084456
0.0006594413841289553
0.0006593115863397585
0.0006591751268412851
0.000659031684006569
0.0006588811544700237
0.0006587237524640649
0.0006585590267668951
0.0006583868987483811
0.0006582076224410064
0.0006580208897672997
0.0006578264430324801
0.0006576244517902222
0.0006574149136121269
0.0006571973407036159
0.000656971773182514
0.0006567384577367869
0.0006564967989058808
0.0006562467647728209
0.0006559887853769656
0.0006557221833674035
0.0006554467368742705
0.000655162940333989
0.0006548703025967291
0.0006545685187133822
0.000654257886458181
0.0006539382930036646
0.0006536092241268173
0.000653270721110559
0.0006529230041432504
0.0006525653948374479
0.000652197934807279
0.000651820963662556
0.000651433796743642
0.0006510363850575797
0.0006506291084113706
0.0006502111117722012
0.0006497823365530894
0.0006493433213773831
0.0006488932033645205
0.0006484317159637395
0.0006479594585653027
0.0006474762920700471
0.0006469809378811638
0.0006464740602595816
0.0006459560299182156
0.000645425477187027
0.000644882568905977
0.0006443281809015856
0.0006437610749612269
0.0006431806991310523
0.0006425882092160986
0.0006419828545892796
0.0006413634629275859
0.0006407313752184716
0.0006400860850925077
0.0006394262018917735
0.0006387521246760654
0.0006380646938394988
0.0006373629541289121
0.0006366460364037498
0.000635914921211987
0.0006351691562835694
0.0006344071522344385
0.0006336300557086893
0.0006328382259072203
0.0006320294920421315
0.0006312048055432116
0.0006303637039111765
0.0006295062880545294
0.0006286318577988921
0.0006277398120374114
0.0006268315386205144
0.0006259047650644577
0.0006249598797166948
0.0006239978852561477
0.0006230165616760183
0.0006220164577542425
0.0006209975293303338
0.0006199592977183175
0.0006189012628690695
0.000617822492597645
0.0006167249653225902
0.0006156064420455071
0.000614465471795491
0.000613305012920872
0.0006121222654056149
0.0006109163369117934
0.0006096895464111685
0.0006084397769415106
0.0006071662349901783
0.0006058690480950635
0.0006045495424961419
0.0006032042169597941
0.0006018332983989046
0.000600439193190028
0.0005990193314098553
0.0005975711323493789
0.0005960983752310221
0.0005945996430908872
0.0005930697110717098
0.0005915142503043873
0.000589931034161453
0.000588316385601533
0.0005866724565494793
0.0005850001158076442
0.0005832964543497552
0.0005815594160078152
0.0005797934278411459
0.000577994951425409
0.0005761601646948294
0.0005742946042982727
0.0005723948346651641
0.0005704558275833191
0.000568483426081003
0.0005664773079888798
0.0005644294721350178
0.0005623440757533744
0.0005602226650460572
0.0005580594947320711
0.0005558541043452395
0.000553610944404218
0.0005513245963078121
0.0005489917892936602
0.0005466178768537574
0.0005441984617372674
0.0005417300144986542
0.0005392153367517424
0.0005366560760456229
0.0005340426046787377
0.000531377532442096
0.0005286659187197059
0.0005258964064434486
0.0005230717211132226
0.0005201935630204039
0.0005172569527533002
0.0005142598983321684
0.0005112023471653661
0.000508085403764952
0.0005049028944327377
0.0005016524009359495
0.00049833735850701
0.0004949505733009061
0.0004914937325814783
0.0004879644724607327
0.0004843555556373059
0.000480672310692523
0.00047690623725878286
0.0004730535156068685
0.0004691191316845936
0.0004650941084388608
0.0004609761174214424
0.0004567635777419312
0.0004524558867818138
0.00044804235681064695
0.00044352023063558456
0.0004388955948568242
0.00043415251420662583
0.0004292829660483981
0.0004242988695312445
0.0004191855528679358
0.0004139262338598901
0.00040853136866167016
0.0004029945048981911
0.0003972945894609433
0.00039143046570304537
0.0003854034430681526
0.0003791904276710123
0.00037277891661508834
0.0003661750490412558
0.00035935702250643577
0.00035229889294753635
0.0003450048660917084
0.00033745462056892237
0.00032961085426044026
0.00032146977712139676
0.0003130080429122459
0.00030417933040890685
0.0002949581962001455
0.0002853160348445042
0.00027519008990870773
0.0002645193416525948
0.0002532568942934678
0.0002413025608638423
0.00022853314731922957
0.00021482666981816466
0.0001999735624688336
0.00018366695802378885
0.00016551823183471017
0.00014482305204385296
0.00012021288769497751
8.853859775699455e-5
3.376233283784788e-5
0.0
0.0
0.0
0.0
0.0
0.0
0.0
0.0
0.0
0.0
0.0
0.0
0.0
0.0
0.0
0.0
0.0
0.0
0.0
0.0
0.0
0.0
0.0
0.0
0.0
0.0
0.0
0.0
0.0
0.0
0.0
0.0
0.0
0.0
0.0
0.0
0.0
0.0
0.0
0.0
0.0
0.0
0.0
0.0
0.0
0.0
0.0
0.0
0.0
0.0
0.0
0.0
0.0
0.0
0.0
0.0
0.0
0.0
0.0
0.0
0.0
0.0
0.0
0.0
0.0
0.0
0.0
0.0
0.0
0.0
0.0
0.0
0.0
0.0
0.0
0.0
0.0
0.0
0.0
0.0
0.0
0.0
0.0
0.0
0.0
0.0
0.0
0.0
0.0
0.0
0.0
0.0
0.0
0.0
0.0
0.0
0.0
0.0
0.0
0.0
0.0
0.0
0.0
0.0
0.0
0.0
0.0
0.0
0.0
0.0
0.0
0.0
0.0
0.0
0.0
0.0
0.0
0.0
0.0
0.0
0.0
0.0
0.0
0.0
0.0
0.0
0.0
0.0
0.0
0.0
0.0
0.0
0.0
0.0
0.0
0.0
0.0
0.0
0.0
0.0
0.0
0.0
0.0
0.0
0.0
0.0
0.0
0.0
0.0
0.0
0.0
0.0
0.0
0.0
0.0
0.0
0.0
0.0
0.0
0.0
0.0
0.0
0.0
0.0
0.0
0.0
0.0
0.0
0.0
0.0
0.0
0.0
0.0
0.0
0.0
0.0
0.0
0.0
0.0
0.0
0.0
0.0
0.0
0.0
0.0
0.0
0.0
0.0
0.0
0.0
0.0
0.0
0.0
0.0
0.0
0.0
0.0
0.0
0.0
0.0
0.0
0.0
0.0
0.0
0.0
0.0
0.0
0.0
0.0
0.0
0.0
0.0
0.0
0.0
0.0
0.0
0.0
0.0
0.0
0.0
0.0
0.0
0.0
0.0
0.0
0.0
0.0
0.0
0.0
0.0
0.0
0.0
0.0
0.0
0.0
0.0
0.0
0.0
0.0
0.0
0.0
0.0
0.0
0.0
0.0
0.0
0.0
0.0
0.0
0.0
0.0
0.0
0.0
0.0
0.0
0.0
0.0
0.0
0.0
0.0
0.0
0.0
0.0
0.0
0.0
0.0
0.0
0.0
0.0
0.0
0.0
0.0
0.0
0.0
0.0
0.0
0.0
0.0
0.0
0.0
0.0
0.0
0.0
0.0
0.0
0.0
0.0
0.0
0.0
0.0
0.0
0.0
0.0
0.0
0.0
0.0
0.0
0.0
0.0
0.0
0.0
0.0
0.0
0.0
0.0
0.0
0.0
0.0
0.0
0.0
0.0
0.0
0.0
0.0
0.0
0.0
0.0
0.0
0.0
0.0
0.0
0.0
0.0
0.0
0.0
0.0
0.0
0.0
0.0
0.0
0.0
0.0
0.0
0.0
0.0
0.0
0.0
0.0
0.0
0.0
0.0
0.0
0.0
0.0
0.0
0.0
0.0
0.0
0.0
0.0
0.0
0.0
0.0
0.0
0.0
0.0
0.0
0.0
0.0
0.0
0.0
0.0
0.0
0.0
0.0
0.0
0.0
0.0
0.0
0.0
0.0
0.0
0.0
0.0
0.0
0.0
0.0
0.0
0.0
0.0
0.0
0.0
0.0
0.0
0.0
0.0
0.0
0.0
0.0
0.0
0.0
0.0
0.0
0.0
0.0
0.0
0.0
0.0
0.0
0.0
0.0
0.0
0.0
0.0
0.0
0.0
0.0
0.0
0.0
0.0
0.0
0.0
0.0
0.0
0.0
0.0
0.0
0.0
0.0
0.0
0.0
0.0
0.0
0.0
0.0
0.0
0.0
0.0
0.0
0.0
0.0
0.0
0.0
0.0
0.0
0.0
0.0
0.0
0.0
0.0
0.0
0.0
0.0
0.0
0.0
0.0
0.0
0.0
0.0
0.0
0.0
0.0
0.0
0.0
0.0
0.0
0.0
0.0
0.0
0.0
0.0
0.0
0.0
0.0
0.0
0.0
0.0
0.0
0.0
0.0
0.0
0.0
0.0
0.0
0.0
0.0
0.0
0.0
0.0
0.0
0.0
0.0
0.0
0.0
0.0
0.0
0.0
0.0
0.0
0.0
0.0
0.0
0.0
0.0
0.0
0.0
0.0
0.0
0.0
0.0
0.0
0.0
0.0
0.0
0.0
0.0
0.0
0.0
0.0
0.0
0.0
0.0
0.0
0.0
0.0
0.0
0.0
0.0
0.0
0.0
0.0
0.0
0.0
0.0
0.0
0.0
0.0
0.0
0.0
0.0
0.0
0.0
0.0
0.0
0.0
0.0
0.0
0.0
0.0
0.0
0.0
0.0
0.0
0.0
0.0
0.0
0.0
0.0
0.0
0.0
0.0
0.0
0.0
0.0
0.0
0.0
0.0
0.0
0.0
0.0
0.0
0.0
0.0
0.0
0.0
0.0
0.0
0.0
0.0
0.0
0.0
0.0
0.0
0.0
0.0
0.0
0.0
0.0
0.0
0.0
0.0
0.0
0.0
0.0
0.0
0.0
0.0
0.0
0.0
0.0
0.0
0.0
0.0
0.0
0.0
0.0
0.0
0.0
0.0
0.0
0.0
0.0
0.0
0.0
0.0
0.0
0.0
0.0
0.0
0.0
0.0
0.0
0.0
0.0
0.0
0.0
0.0
0.0
0.0
0.0
0.0
0.0
0.0
0.0
0.0
0.0
0.0
0.0
0.0
0.0
0.0
0.0
0.0
0.0
0.0
0.0
0.0
0.0
0.0
0.0
0.0
0.0
0.0
0.0
0.0
0.0
0.0
0.0
0.0
0.0
0.0
0.0
0.0
0.0
0.0
0.0
0.0
0.0
0.0
0.0
0.0
0.0
0.0
0.0
0.0
0.0
0.0
0.0
0.0
0.0
0.0
0.0
0.0
0.0
0.0
0.0
0.0
0.0
0.0
0.0
0.0
0.0
0.0
0.0
0.0
0.0
0.0
0.0
0.0
0.0
0.0
0.0
0.0
0.0
0.0
0.0
0.0
0.0
0.0
0.0
0.0
0.0
0.0
0.0
0.0
0.0
0.0
0.0
0.0
0.0
0.0
0.0
0.0
0.0
0.0
0.0
0.0
0.0
0.0
0.0
0.0
0.0
0.0
0.0
0.0
0.0
0.0
0.0
0.0
0.0
0.0
0.0
0.0
0.0
0.0
0.0
0.0
0.0
0.0
0.0
0.0
0.0
0.0
0.0
0.0
0.0
0.0
0.0
0.0
0.0
0.0
0.0
0.0
0.0
0.0
0.0
0.0
0.0
0.0
0.0
0.0
0.0
0.0
0.0
0.0
0.0
0.0
0.0
0.0
0.0
0.0
0.0
0.0
0.0
0.0
0.0
0.0
0.0
0.0
0.0
0.0
0.0
0.0
0.0
0.0
0.0
0.0
0.0
0.0
0.0
0.0
0.0
0.0
0.0
0.0
0.0
0.0
0.0
0.0
0.0
0.0
0.0
0.0
0.0
0.0
0.0
0.0
0.0
0.0
0.0
0.0
0.0
0.0
0.0
0.0
0.0
0.0
0.0
0.0
0.0
0.0
0.0
0.0
0.0
0.0
0.0
0.0
0.0
0.0
0.0
0.0
0.0
0.0
0.0
0.0
0.0
0.0
0.0
0.0
0.0
0.0
0.0
0.0
0.0
0.0
0.0
0.0
0.0
0.0
0.0
0.0
0.0
0.0
0.0
0.0
0.0
0.0
0.0
0.0
0.0
0.0
0.0
0.0
0.0
0.0
0.0
0.0
0.0
0.0
0.0
0.0
0.0
0.0
0.0
0.0
0.0
0.0
0.0
0.0
0.0
0.0
0.0
0.0
0.0
0.0
0.0
0.0
0.0
0.0
0.0
0.0
0.0
0.0
0.0
0.0
0.0
0.0
0.0
0.0
0.0
0.0
0.0
0.0
0.0
0.0
0.0
0.0
0.0
0.0
0.0
0.0
0.0
0.0
0.0
0.0
0.0
0.0
0.0
0.0
0.0
0.0
0.0
0.0
0.0
0.0
0.0
0.0
0.0
0.0
0.0
0.0
0.0
0.0
0.0
0.0
0.0
0.0
0.0
0.0
0.0
0.0
0.0
0.0
0.0
0.0
0.0
0.0
0.0
0.0
0.0
0.0
0.0
0.0
0.0
0.0
0.0
0.0
0.0
0.0
0.0
0.0
0.0
0.0
0.0
0.0
0.0
0.0
0.0
0.0
0.0
0.0
0.0
0.0
0.0
0.0
0.0
0.0
0.0
0.0
0.0
0.0
0.0
0.0
0.0
0.0
0.0
0.0
0.0
0.0
0.0
0.0
0.0
0.0
0.0
0.0
0.0
0.0
0.0
0.0
0.0
0.0
0.0
0.0
0.0
0.0
0.0
0.0
0.0
0.0
0.0
0.0
0.0
0.0
0.0
0.0
0.0
0.0
0.0
0.0
0.0
0.0
0.0
0.0
0.0
0.0
0.0
0.0
0.0
0.0
0.0
0.0
0.0
0.0
0.0
0.0
0.0
0.0
0.0
0.0
0.0
0.0
0.0
0.0
0.0
0.0
0.0
0.0
0.0
0.0
0.0
0.0
0.0
0.0
0.0
0.0
0.0
0.0
0.0
0.0
0.0
0.0
0.0
0.0
0.0
0.0
0.0
0.0
0.0
0.0
0.0
0.0
0.0
0.0
0.0
0.0
0.0
0.0
0.0
0.0
0.0
0.0
0.0
0.0
0.0
0.0
0.0
0.0
0.0
0.0
0.0
0.0
0.0
0.0
0.0
0.0
0.0
0.0
0.0
0.0
0.0
0.0
0.0
0.0
0.0
0.0
0.0
0.0
0.0
0.0
0.0
0.0
0.0
0.0
0.0
0.0
0.0
0.0
0.0
0.0
0.0
0.0
0.0
0.0
0.0
0.0
0.0
0.0
0.0
0.0
0.0
0.0
0.0
0.0
0.0
0.0
0.0
0.0
0.0
0.0
0.0
0.0
0.0
0.0
0.0
0.0
0.0
0.0
0.0
0.0
0.0
0.0
0.0
0.0
0.0
0.0
0.0
0.0
0.0
0.0
0.0
0.0
0.0
0.0
0.0
0.0
0.0
0.0
0.0
0.0
0.0
0.0
0.0
0.0
0.0
0.0
0.0
0.0
0.0
0.0
0.0
0.0
0.0
0.0
0.0
0.0
0.0
0.0
0.0
0.0
0.0
0.0
0.0
0.0
0.0
0.0
0.0
0.0
0.0
0.0
0.0
0.0
0.0
0.0
0.0
0.0
0.0
0.0
0.0
0.0
0.0
0.0
0.0
0.0
0.0
0.0
0.0
0.0
0.0
0.0
0.0
0.0
0.0
0.0
0.0
0.0
0.0
0.0
0.0
0.0
0.0
0.0
0.0
0.0
0.0
0.0
0.0
0.0
0.0
0.0
0.0
0.0
0.0
0.0
0.0
0.0
0.0
0.0
0.0
0.0
0.0
0.0
0.0
0.0
0.0
0.0
0.0
0.0
0.0
0.0
0.0
0.0
0.0
0.0
0.0
0.0
0.0
0.0
0.0
0.0
0.0
0.0
0.0
0.0
0.0
0.0
0.0
0.0
0.0
0.0
0.0
0.0
0.0
0.0
0.0
0.0
0.0
0.0
0.0
0.0
0.0
0.0
0.0
0.0
0.0
0.0
0.0
0.0
0.0
0.0
0.0
0.0
0.0
0.0
0.0
0.0
0.0
0.0
0.0
0.0
0.0
0.0
0.0
0.0
0.0
0.0
0.0
0.0
0.0
0.0
0.0
0.0
0.0
0.0
0.0
0.0
0.0
0.0
0.0
0.0
0.0
0.0
0.0
0.0
0.0
0.0
0.0
0.0
0.0
0.0
0.0
0.0
0.0
0.0
0.0
0.0
0.0
0.0
0.0
0.0
0.0
0.0
0.0
0.0
0.0
0.0
0.0
0.0
0.0
0.0
0.0
0.0
0.0
0.0
0.0
0.0
0.0
0.0
0.0
0.0
0.0
0.0
0.0
0.0
0.0
0.0
0.0
0.0
0.0
0.0
0.0
0.0
0.0
0.0
0.0
0.0
0.0
0.0
0.0
0.0
0.0
0.0
0.0
0.0
0.0
0.0
0.0
0.0
0.0
0.0
0.0
0.0
0.0
0.0
0.0
0.0
0.0
0.0
0.0
0.0
0.0
0.0
0.0
0.0
0.0
0.0
0.0
0.0
0.0
0.0
0.0
0.0
0.0
0.0
0.0
0.0
0.0
0.0
0.0
0.0
0.0
0.0
0.0
0.0
0.0
0.0
0.0
0.0
0.0
0.0
0.0
0.0
0.0
0.0
0.0
0.0
0.0
0.0
0.0
0.0
0.0
0.0
0.0
0.0
0.0
0.0
0.0
0.0
0.0
0.0
0.0
0.0
0.0
0.0
0.0
0.0
0.0
0.0
0.0
0.0
0.0
0.0
0.0
0.0
0.0
0.0
0.0
0.0
0.0
0.0
0.0
0.0
0.0
0.0
0.0
0.0
0.0
0.0
0.0
0.0
0.0
0.0
0.0
0.0
0.0
0.0
0.0
0.0
0.0
0.0
0.0
0.0
0.0
0.0
0.0
0.0
0.0
0.0
0.0
0.0
0.0
0.0
0.0
0.0
0.0
0.0
0.0
0.0
0.0
0.0
0.0
0.0
0.0
0.0
0.0
0.0
0.0
0.0
0.0
0.0
0.0
0.0
0.0
0.0
0.0
0.0
0.0
0.0
0.0
0.0
0.0
0.0
0.0
0.0
0.0
0.0
0.0
0.0
0.0
0.0
0.0
0.0
0.0
0.0
0.0
0.0
0.0
0.0
0.0
0.0
0.0
0.0
0.0
0.0
0.0
0.0
0.0
0.0
0.0
0.0
0.0
0.0
0.0
0.0
0.0
0.0
0.0
0.0
0.0
0.0
0.0
0.0
0.0
0.0
0.0
0.0
0.0
0.0
0.0
0.0
0.0
0.0
0.0
0.0
0.0
0.0
0.0
0.0
0.0
0.0
0.0
0.0
0.0
0.0
0.0
0.0
0.0
0.0
0.0
0.0
0.0
0.0
0.0
0.0
0.0
0.0
0.0
0.0
0.0
0.0
0.0
0.0
0.0
0.0
0.0
0.0
0.0
0.0
0.0
0.0
0.0
0.0
0.0
0.0
0.0
0.0
0.0
0.0
0.0
0.0
0.0
0.0
0.0
0.0
0.0
0.0
0.0
0.0
0.0
0.0
0.0
0.0
0.0
0.0
0.0
0.0
0.0
0.0
0.0
0.0
0.0
0.0
0.0
0.0
0.0
0.0
0.0
0.0
0.0
0.0
0.0
0.0
0.0
0.0
0.0
0.0
0.0
0.0
0.0
0.0
0.0
0.0
0.0
0.0
0.0
0.0
0.0
0.0
0.0
0.0
0.0
0.0
0.0
0.0
0.0
0.0
0.0
0.0
0.0
0.0
0.0
0.0
0.0
0.0
0.0
0.0
0.0
0.0
0.0
0.0
0.0
0.0
0.0
0.0
0.0
0.0
0.0
0.0
0.0
0.0
0.0
0.0
0.0
0.0
0.0
0.0
0.0
0.0
0.0
0.0
0.0
0.0
0.0
0.0
0.0
0.0
0.0
0.0
0.0
0.0
0.0
0.0
0.0
0.0
0.0
0.0
0.0
0.0
0.0
0.0
0.0
0.0
0.0
0.0
0.0
0.0
0.0
0.0
0.0
0.0
0.0
0.0
0.0
0.0
0.0
0.0
0.0
0.0
0.0
0.0
0.0
0.0
0.0
0.0
0.0
0.0
0.0
0.0
0.0
0.0
0.0
0.0
0.0
0.0
0.0
0.0
0.0
0.0
0.0
0.0
0.0
0.0
0.0
0.0
0.0
0.0
0.0
0.0
0.0
0.0
0.0
0.0
0.0
0.0
0.0
0.0
0.0
0.0
0.0
0.0
0.0
0.0
0.0
0.0
0.0
0.0
0.0
0.0
0.0
0.0
0.0
0.0
0.0
0.0
0.0
0.0
0.0
0.0
0.0
0.0
0.0
0.0
0.0
0.0
0.0
0.0
0.0
0.0
0.0
0.0
0.0
0.0
0.0
0.0
0.0
0.0
0.0
0.0
0.0
0.0
0.0
0.0
0.0
0.0
0.0
0.0
0.0
0.0
0.0
0.0
0.0
0.0
0.0
0.0
0.0
0.0
0.0
0.0
0.0
0.0
0.0
0.0
0.0
0.0
0.0
0.0
0.0
0.0
0.0
0.0
0.0
0.0
0.0
0.0
0.0
0.0
0.0
0.0
0.0
0.0
0.0
0.0
0.0
0.0
0.0
0.0
0.0
0.0
0.0
0.0
0.0
0.0
0.0
0.0
0.0
0.0
0.0
0.0
0.0
0.0
0.0
0.0
0.0
0.0
0.0
0.0
0.0
0.0
0.0
0.0
0.0
0.0
0.0
0.0
0.0
0.0
0.0
0.0
0.0
0.0
0.0
0.0
0.0
0.0
0.0
0.0
0.0
0.0
0.0
0.0
0.0
0.0
0.0
0.0
0.0
0.0
0.0
0.0
0.0
0.0
0.0
0.0
0.0
0.0
0.0
0.0
0.0
0.0
0.0
0.0
0.0
0.0
0.0
0.0
0.0
0.0
0.0
0.0
0.0
0.0
0.0
0.0
0.0
0.0
0.0
0.0
0.0
0.0
0.0
0.0
0.0
0.0
0.0
0.0
0.0
0.0
0.0
0.0
0.0
0.0
0.0
0.0
0.0
0.0
0.0
0.0
0.0
0.0
0.0
0.0
0.0
0.0
0.0
0.0
0.0
0.0
0.0
0.0
0.0
0.0
0.0
0.0
0.0
0.0
0.0
0.0
0.0
0.0
0.0
0.0
0.0
0.0
0.0
0.0
0.0
0.0
0.0
0.0
0.0
0.0
0.0
0.0
0.0
0.0
0.0
0.0
0.0
0.0
0.0
0.0
0.0
0.0
0.0
0.0
0.0
0.0
0.0
0.0
0.0
0.0
0.0
0.0
0.0
0.0
0.0
0.0
0.0
0.0
0.0
0.0
0.0
0.0
0.0
0.0
0.0
0.0
0.0
0.0
0.0
0.0
0.0
0.0
0.0
0.0
0.0
0.0
0.0
0.0
0.0
0.0
0.0
0.0
0.0
0.0
0.0
0.0
0.0
0.0
0.0
0.0
0.0
0.0
0.0
0.0
0.0
0.0
0.0
0.0
0.0
0.0
0.0
0.0
0.0
0.0
0.0
0.0
0.0
0.0
0.0
0.0
0.0
0.0
0.0
0.0
0.0
0.0
0.0
0.0
0.0
0.0
0.0
0.0
0.0
0.0
0.0
0.0
0.0
0.0
0.0
0.0
0.0
0.0
0.0
0.0
0.0
0.0
0.0
0.0
0.0
0.0
0.0
0.0
0.0
0.0
0.0
0.0
0.0
0.0
0.0
0.0
0.0
0.0
0.0
0.0
0.0
0.0
0.0
0.0
0.0
0.0
0.0
0.0
0.0
0.0
0.0
0.0
0.0
0.0
0.0
0.0
0.0
0.0
0.0
0.0
0.0
0.0
0.0
0.0
0.0
0.0
0.0
0.0
0.0
0.0
0.0
0.0
0.0
0.0
0.0
0.0
0.0
0.0
0.0
0.0
0.0
0.0
0.0
0.0
0.0
0.0
0.0
0.0
0.0
0.0
0.0
0.0
0.0
0.0
0.0
0.0
0.0
0.0
0.0
0.0
0.0
0.0
0.0
0.0
0.0
0.0
0.0
0.0
0.0
0.0
0.0
0.0
0.0
0.0
0.0
0.0
0.0
0.0
0.0
0.0
0.0
0.0
0.0
0.0
0.0
0.0
0.0
0.0
0.0
0.0
0.0
0.0
0.0
0.0
0.0
0.0
0.0
0.0
0.0
0.0
0.0
0.0
0.0
0.0
0.0
0.0
0.0
0.0
0.0
0.0
0.0
0.0
0.0
0.0
0.0
0.0
0.0
0.0
0.0
0.0
0.0
0.0
0.0
0.0
0.0
0.0
0.0
0.0
0.0
0.0
0.0
0.0
0.0
0.0
0.0
0.0
0.0
0.0
0.0
0.0
0.0
0.0
0.0
0.0
0.0
0.0
0.0
0.0
0.0
0.0
0.0
0.0
0.0
0.0
0.0
0.0
0.0
0.0
0.0
0.0
0.0
0.0
0.0
0.0
0.0
0.0
0.0
0.0
0.0
0.0
0.0
0.0
0.0
0.0
0.0
0.0
0.0
0.0
0.0
0.0
0.0
0.0
0.0
0.0
0.0
0.0
0.0
0.0
0.0
0.0
0.0
0.0
0.0
0.0
0.0
0.0
0.0
0.0
0.0
0.0
0.0
0.0
0.0
0.0
0.0
0.0
0.0
0.0
0.0
0.0
0.0
0.0
0.0
0.0
0.0
0.0
0.0
0.0
0.0
0.0
0.0
0.0
0.0
0.0
0.0
0.0
0.0
0.0
0.0
0.0
0.0
0.0
0.0
0.0
0.0
0.0
0.0
0.0
0.0
0.0
0.0
0.0
0.0
0.0
0.0
0.0
0.0
0.0
0.0
0.0
0.0
0.0
0.0
0.0
0.0
0.0
0.0
0.0
0.0
0.0
0.0
0.0
0.0
0.0
0.0
0.0
0.0
0.0
0.0
0.0
0.0
0.0
0.0
0.0
0.0
0.0
0.0
0.0
0.0
0.0
0.0
0.0
0.0
0.0
0.0
0.0
0.0
0.0
0.0
0.0
0.0
0.0
0.0
0.0
0.0
0.0
0.0
0.0
0.0
0.0
0.0
0.0
0.0
0.0
0.0
0.0
0.0
0.0
0.0
0.0
0.0
0.0
0.0
0.0
0.0
0.0
0.0
0.0
0.0
0.0
0.0
0.0
0.0
0.0
0.0
0.0
0.0
0.0
0.0
0.0
0.0
0.0
0.0
0.0
0.0
0.0
0.0
0.0
0.0
0.0
0.0
0.0
0.0
0.0
0.0
0.0
0.0
0.0
0.0
0.0
0.0
0.0
0.0
0.0
0.0
0.0
0.0
0.0
0.0
0.0
0.0
0.0
0.0
0.0
0.0
0.0
0.0
0.0
0.0
0.0
0.0
0.0
0.0
0.0
0.0
0.0
0.0
0.0
0.0
0.0
0.0
0.0
0.0
0.0
0.0
0.0
0.0
0.0
0.0
0.0
0.0
0.0
0.0
0.0
0.0
0.0
0.0
0.0
0.0
0.0
0.0
0.0
0.0
0.0
0.0
0.0
0.0
0.0
0.0
0.0
0.0
0.0
0.0
0.0
0.0
0.0
0.0
0.0
0.0
0.0
0.0
0.0
0.0
0.0
0.0
0.0
0.0
0.0
0.0
0.0
0.0
0.0
0.0
0.0
0.0
0.0
0.0
0.0
0.0
0.0
0.0
0.0
0.0
0.0
0.0
0.0
0.0
0.0
0.0
0.0
0.0
0.0
0.0
0.0
0.0
0.0
0.0
0.0
0.0
0.0
0.0
0.0
0.0
0.0
0.0
0.0
0.0
0.0
0.0
0.0
0.0
0.0
0.0
0.0
0.0
0.0
0.0
0.0
0.0
0.0
0.0
0.0
0.0
0.0
0.0
0.0
0.0
0.0
0.0
0.0
0.0
0.0
0.0
0.0
0.0
0.0
0.0
0.0
0.0
0.0
0.0
0.0
0.0
0.0
0.0
0.0
0.0
0.0
0.0
0.0
0.0
0.0
0.0
0.0
0.0
0.0
0.0
0.0
0.0
0.0
0.0
0.0
0.0
0.0
0.0
0.0
0.0
0.0
0.0
0.0
0.0
0.0
0.0
0.0
0.0
0.0
0.0
0.0
0.0
0.0
0.0
0.0
0.0
0.0
0.0
0.0
0.0
0.0
0.0
0.0
0.0
0.0
0.0
0.0
0.0
0.0
0.0
0.0
0.0
0.0
0.0
0.0
0.0
0.0
0.0
0.0
0.0
0.0
0.0
0.0
