3.0437680144927476e-6
3.1898512633346437e-6
3.3192207567749147e-6
3.4386085447411005e-6
3.550768533027825e-6
3.657395354659966e-6
3.7596441565227693e-6
3.858336995624853e-6
3.954076200730207e-6
4.0472722310005946e-6
4.13772242318662e-6
4.226416333984593e-6
4.313164412068866e-6
4.398463048581032e-6
4.482380466420473e-6
4.5650425957163755e-6
4.646635724132137e-6
4.727207477501371e-6
4.806855153592156e-6
4.885677103991782e-6
4.963497047250149e-6
5.0405493436734965e-6
5.1169672085958055e-6
5.192781944883548e-6
5.267955405587118e-6
5.342514642065672e-6
5.416549058684197e-6
5.490137293784363e-6
5.563307028986616e-6
5.636057461058536e-6
5.708392927777671e-6
5.780205586023278e-6
5.851728563762981e-6
5.92296760448264e-6
5.99391458357841e-6
6.064557014560919e-6
6.134911984332045e-6
6.204984947838391e-6
6.2747759204048245e-6
6.344321880340581e-6
6.413649077177176e-6
6.4827424900946834e-6
6.551521045938786e-6
6.6201132120545765e-6
6.688531934268514e-6
6.7567601549627854e-6
6.824784031930086e-6
6.89262623462298e-6
6.960315228059994e-6
7.027867468576168e-6
7.0952899845070896e-6
7.16256837010877e-6
7.2296702281783525e-6
7.296596428329074e-6
7.363311211610202e-6
7.429913759085217e-6
7.49642265236157e-6
7.562847542025038e-6
7.629199493747413e-6
7.695480273340288e-6
7.761685740257693e-6
7.827800497362776e-6
7.893805854408703e-6
7.959716627416872e-6
8.02555289664882e-6
8.091299604648807e-6
8.156909589683192e-6
8.222479504790781e-6
8.288007649179973e-6
8.353498485466492e-6
8.418950651697571e-6
8.484353457507255e-6
8.549695742754611e-6
8.614978497773329e-6
8.680216937097285e-6
8.745427965286912e-6
8.810618933253653e-6
8.875795370392065e-6
8.94090641725585e-6
9.005941349933377e-6
9.07093458959242e-6
9.135896522472923e-6
9.200836412632424e-6
9.265754616390185e-6
9.33065504456888e-6
9.395541741099716e-6
9.46041848181346e-6
9.525295278965303e-6
9.590180640247116e-6
9.65507085152125e-6
9.719973950359401e-6
9.7848432489769e-6
9.849717292003333e-6
9.914574650448503e-6
9.979438843094505e-6
1.0044300561085906e-5
1.0109128473285615e-5
1.0173945007607398e-5
1.0238770028743244e-5
1.0303610413290356e-5
1.0368479339484673e-5
1.0433369717263606e-5
1.0498284580742276e-5
1.0563229287092183e-5
1.0628204477305802e-5
1.0693171191334965e-5
1.0758165592126638e-5
1.0823177582162169e-5
1.0888209294992692e-5
1.0953271307284772e-5
1.1018358528177663e-5
1.108345017768714e-5
1.1148555975008518e-5
1.121368487893723e-5
1.127882187992407e-5
1.1343978868205398e-5
1.1409171729365617e-5
1.147440967371475e-5
1.1539693035374518e-5
1.1604993675761944e-5
1.1670336174586271e-5
1.173572616801199e-5
1.1801160717193012e-5
1.1866635160872294e-5
1.1932149164631053e-5
1.199770662615237e-5
1.2063311949236641e-5
1.2128967002135846e-5
1.2194664543338586e-5
1.2260398670739548e-5
1.232618257084779e-5
1.2392018349659992e-5
1.2457894958350124e-5
1.2523804450700483e-5
1.2589733226360608e-5
1.265569774268686e-5
1.272171344269538e-5
1.2787786784102746e-5
1.2853916387296367e-5
1.292009942285271e-5
1.298634057991781e-5
1.3052638308200836e-5
1.3118993975435405e-5
1.3185409218401583e-5
1.325188707169886e-5
1.3318434077941669e-5
1.3385030633173952e-5
1.3451681411831756e-5
1.351838962464304e-5
1.3585171816969943e-5
1.3651991366367575e-5
1.3718862655760358e-5
1.3785806466824973e-5
1.3852804757169528e-5
1.3919854285441805e-5
1.3986980528644621e-5
1.4054171644615015e-5
1.4121406443715936e-5
1.4188700872346371e-5
1.4256072666188353e-5
1.4323513763175132e-5
1.439102206186504e-5
1.4458601705012654e-5
1.4526251231698446e-5
1.459398005486184e-5
1.466175466110422e-5
1.4729610172790984e-5
1.4797534785498658e-5
1.4865517017790648e-5
1.493359693220271e-5
1.5001739958493334e-5
1.5069956016265083e-5
1.5138241793503422e-5
1.520661460958975e-5
1.5275057384561596e-5
1.5343566081486372e-5
1.5412152243472607e-5
1.5480816873302542e-5
1.554956232830136e-5
1.561837520685306e-5
1.568726362550286e-5
1.5756222419312304e-5
1.582526541732354e-5
1.5894373359490748e-5
1.59635343203002e-5
1.6032745500695388e-5
1.6102061879383158e-5
1.617145237975771e-5
1.624093874336179e-5
1.6310510449342007e-5
1.6380163748308294e-5
1.644990574285249e-5
1.6519729522928736e-5
1.6589641825800227e-5
1.6659643002736882e-5
1.6729728412057202e-5
1.6799908465846535e-5
1.6870168748848384e-5
1.694050194930002e-5
1.7010928398632374e-5
1.7081435030703617e-5
1.7152030040841967e-5
1.7222734653283593e-5
1.729348899985507e-5
1.7364338208876962e-5
1.7435251766696658e-5
1.7506244815532736e-5
1.757732912981165e-5
1.7648507398508522e-5
1.771975902724007e-5
1.7791097546984477e-5
1.7862524128261753e-5
1.7934027101268134e-5
1.8005620901898633e-5
1.8077320683639518e-5
1.8149111074284836e-5
1.8220984386620244e-5
1.8292963077463665e-5
1.836504843036391e-5
1.8437206764112396e-5
1.8509466200163027e-5
1.8581830169661866e-5
1.8654255729595724e-5
1.8726780220233083e-5
1.8799389119320577e-5
1.8872100720465366e-5
1.8944912932698714e-5
1.90177945328106e-5
1.9090780046339223e-5
1.91638662011202e-5
1.923704207129161e-5
1.931030980113168e-5
1.938367803711222e-5
1.945715058867083e-5
1.9530718525314193e-5
1.960437206887692e-5
1.9678117211476446e-5
1.9751969083405032e-5
1.982592571817559e-5
1.989995839142456e-5
1.997407449418004e-5
2.004829028477236e-5
2.0122618883058833e-5
2.0197025608625094e-5
2.0271516208259053e-5
2.0346099826650125e-5
2.0420808307786733e-5
2.0495605940334834e-5
2.057047972430205e-5
2.0645456807999088e-5
2.0720552479945468e-5
2.079572795174732e-5
2.0870995041080092e-5
2.094637503051137e-5
2.1021864994497698e-5
2.109744741073951e-5
2.1173119091278267e-5
2.1248892723629192e-5
2.1324776129062306e-5
2.1400771328735873e-5
2.147687423568503e-5
2.1553073597331312e-5
2.1629366547742868e-5
2.170574833356437e-5
2.1782223675338856e-5
2.185881257483718e-5
2.1935531419429812e-5
2.2012334841222222e-5
2.2089226286351332e-5
2.2166211968574774e-5
2.224329805100396e-5
2.2320503396969843e-5
2.2397814514464423e-5
2.2475198132796042e-5
2.255269588622145e-5
2.2630290582039806e-5
2.2707963131454372e-5
2.2785730637094e-5
2.2863608096458148e-5
2.2941593181155067e-5
2.301967336028674e-5
2.3097841647001637e-5
2.3176112105272388e-5
2.3254506686945413e-5
2.3333025593724495e-5
2.341164765958847e-5
2.3490360432956563e-5
2.356916462650649e-5
2.3648073580997237e-5
2.372709887526984e-5
2.3806233809362424e-5
2.3885461724071448e-5
2.396477977224954e-5
2.404419294537566e-5
2.4123719241308912e-5
2.420335209598238e-5
2.428309929572207e-5
2.4362959228021905e-5
2.444290772305691e-5
2.4522953102622656e-5
2.460309758338445e-5
2.4683348220944312e-5
2.4763704906476722e-5
2.484416003012591e-5
2.4924737739517944e-5
2.5005416950114133e-5
2.5086178577517113e-5
2.5167033989405598e-5
2.5247985332273222e-5
2.53290362172626e-5
2.5410194131127737e-5
2.5491464808936746e-5
2.5572841972146746e-5
2.5654314314975064e-5
2.57358740156695e-5
2.5817529024942512e-5
2.589929701791516e-5
2.59811831071541e-5
2.6063180761804177e-5
2.6145273075727383e-5
2.6227451670884845e-5
2.6309717799013006e-5
2.6392096356240248e-5
2.647458159763964e-5
2.6557177467019314e-5
2.663988759836743e-5
2.6722700298131763e-5
2.6805599959880172e-5
2.6888591672947166e-5
2.6971683271427413e-5
2.705487563553441e-5
2.7138165921817193e-5
2.722155640842036e-5
2.730505380035282e-5
2.7388653451412002e-5
2.7472348069268643e-5
2.755614486410184e-5
2.7640044022836666e-5
2.7724033460812047e-5
2.7808112535582346e-5
2.7892288757670315e-5
2.797657466927779e-5
2.8060976148709467e-5
2.8145471055554615e-5
2.8230054234416406e-5
2.83147330580876e-5
2.839951152557773e-5
2.8484388173046014e-5
2.8569363013449355e-5
2.865443744837833e-5
2.873961138909711e-5
2.882488088214972e-5
2.891023506833368e-5
2.8995685247296924e-5
2.908123675752857e-5
2.9166889803812922e-5
2.9252639898793076e-5
2.9338480750709718e-5
2.942440867385853e-5
2.9510424339313898e-5
2.9596529793157277e-5
2.968272628834328e-5
2.9769014334600468e-5
2.9855394008381722e-5
2.994186637334672e-5
3.0028434793922343e-5
3.0115102399581533e-5
3.02018649921071e-5
3.028871240562403e-5
3.0375654767859177e-5
3.0462694599877264e-5
3.054981766150884e-5
3.063702568952959e-5
3.072432116778216e-5
3.081170253161284e-5
3.089916924342181e-5
3.098672915547318e-5
3.1074386078723856e-5
3.1162130751138985e-5
3.124995786600481e-5
3.133786965197022e-5
3.142586845508657e-5
3.1513951436656864e-5
3.160211269051847e-5
3.169034335308912e-5
3.177867069952752e-5
3.186708326822276e-5
3.195556809233872e-5
3.2044128403366275e-5
3.213277870054661e-5
3.222152145149478e-5
3.2310348393643064e-5
3.2399255364473897e-5
3.248823855065623e-5
3.257729615226472e-5
3.266642670332749e-5
3.275561724226277e-5
3.284490215863966e-5
3.293427095352025e-5
3.30237122001552e-5
3.311322378734327e-5
3.320280455158766e-5
3.329245268577364e-5
3.3382168769522656e-5
3.347195663125199e-5
3.3561819153372716e-5
3.365175710082556e-5
3.374176567999218e-5
3.383185391155257e-5
3.392202620271676e-5
3.401226436385838e-5
3.410256533681457e-5
3.41929343566907e-5
3.428336929535419e-5
3.4373864321573844e-5
3.446441507620818e-5
3.455501379522692e-5
3.464565982359341e-5
3.4736388374825566e-5
3.4827194079010096e-5
3.491806095851152e-5
3.500898058681298e-5
3.509994929897826e-5
3.519098300940966e-5
3.5282074633645135e-5
3.537320959063683e-5
3.5464402742250693e-5
3.5555667370525624e-5
3.564697147069558e-5
3.573831758884062e-5
3.582971966208211e-5
3.5921175274115416e-5
3.6012677583899105e-5
3.610421643133077e-5
3.6195801777109896e-5
3.6287444048055657e-5
3.637912822685908e-5
3.6470861842063646e-5
3.656263665511264e-5
3.6654449276684864e-5
3.674631431577761e-5
3.683820295708708e-5
3.6930151903731334e-5
3.702214673012492e-5
3.7114169561977426e-5
3.7206215990147686e-5
3.729827989218727e-5
3.739035373010369e-5
3.748243316883521e-5
3.7574597314434144e-5
3.7666841604198686e-5
3.775910656411087e-5
3.7851390164330816e-5
3.7943690259298943e-5
3.803600227611829e-5
3.812831031321174e-5
3.822062286063647e-5
3.831297609420034e-5
3.8405355745066105e-5
3.84977460200309e-5
3.859015542629374e-5
3.868255998595573e-5
3.8774962263516256e-5
3.886737304942914e-5
3.8959811040342535e-5
3.905225568340377e-5
3.914472650182028e-5
3.923719998619655e-5
3.9329657641335495e-5
3.9422113412192563e-5
3.951461717738522e-5
3.960710178231449e-5
3.969955301992447e-5
3.9792021544909805e-5
3.9884493539235806e-5
3.9976930855213993e-5
4.0069360035558453e-5
4.016178542467405e-5
4.0254196704619015e-5
4.0346582781043404e-5
4.043896059384983e-5
4.0531308328152285e-5
4.062363624254891e-5
4.071595259671229e-5
4.080823538487453e-5
4.0900486174239937e-5
4.099270626590384e-5
4.10848797328684e-5
4.117706476410263e-5
4.1269222521372436e-5
4.136133372788862e-5
4.1453393172199846e-5
4.154538362909561e-5
4.1637300470721554e-5
4.1729243858322776e-5
4.1821171061663144e-5
4.1913035278822544e-5
4.2004828156188964e-5
4.2096541030289286e-5
4.218816795338883e-5
4.227974259480648e-5
4.237128606825869e-5
4.246279328017206e-5
4.255423998176473e-5
4.2645588417387924e-5
4.273686982728509e-5
4.28280900326923e-5
4.29192271882148e-5
4.3010276511401764e-5
4.310122618859522e-5
4.3192098808890854e-5
4.3282916250631813e-5
4.3373658947636724e-5
4.3464304997345247e-5
4.35548419493286e-5
4.3645252220838067e-5
4.373557077528735e-5
4.382578773277918e-5
4.391588394464041e-5
4.400588800471037e-5
4.409578597216865e-5
4.418556836090567e-5
4.4275273953274906e-5
4.436485230037709e-5
4.4454272239082404e-5
4.454356843414567e-5
4.463271976333167e-5
4.472176153913347e-5
4.4810634306249486e-5
4.489938335940921e-5
4.49879924668112e-5
4.507645351235245e-5
4.516482202110063e-5
4.525302515785359e-5
4.534104052728893e-5
4.542886794494361e-5
4.5516530926735555e-5
4.560409839745229e-5
4.569146439665901e-5
4.5778640614411535e-5
4.586562670263853e-5
4.595241394441336e-5
4.603910798389229e-5
4.612560731339284e-5
4.6211888383813415e-5
4.6297935408796395e-5
4.638372866067477e-5
4.646939290888892e-5
4.6554885125243026e-5
4.664015672826633e-5
4.6725179169404116e-5
4.680993308621119e-5
4.68945004898027e-5
4.697888657231842e-5
4.7063043273900623e-5
4.714692404588195e-5
4.7230539918665264e-5
4.7313905125791414e-5
4.7397036093384324e-5
4.747993274726695e-5
4.756256092675782e-5
4.764494511949067e-5
4.7727037338219226e-5
4.7808846232529966e-5
4.7890365871761006e-5
4.7971597744402375e-5
4.8052568757846375e-5
4.8133250786564755e-5
4.821364057523646e-5
4.82936867308975e-5
4.837342457685445e-5
4.8452861592824074e-5
4.853197688543795e-5
4.8610784327798595e-5
4.868924285076669e-5
4.876736442881439e-5
4.884514899108237e-5
4.8922559730064175e-5
4.8999613710809836e-5
4.9076343025810294e-5
4.915272299213371e-5
4.922871936233151e-5
4.9304307629482266e-5
4.9379490434045455e-5
4.945430451401228e-5
4.952874341935407e-5
4.9602784720063984e-5
4.967640155769865e-5
4.974959759294866e-5
4.9822392620047054e-5
4.989472863043784e-5
4.996659886371292e-5
5.003805850406041e-5
5.010911303916824e-5
5.0179703456312436e-5
5.024979085115773e-5
5.0319368746774445e-5
5.0388487843839015e-5
5.0457177528717084e-5
5.052536594264052e-5
5.059301009675256e-5
5.0660130205205205e-5
5.07268075041532e-5
5.0792945509496534e-5
5.085851827277222e-5
5.092351610503829e-5
5.098800195496246e-5
5.105199238728335e-5
5.1115391224805726e-5
5.1178167737287524e-5
5.1240327417995274e-5
5.130195144682494e-5
5.136301415940882e-5
5.142344969639372e-5
5.148322700372327e-5
5.1542382726586076e-5
5.1600924470165785e-5
5.165882816209082e-5
5.171605357505853e-5
5.177262537726923e-5
5.1828514240896094e-5
5.188373738172988e-5
5.1938249780881643e-5
5.199208339026843e-5
5.204517805652354e-5
5.209753688561916e-5
5.2149163011832675e-5
5.220008222643762e-5
5.2250226462712396e-5
5.229958578439885e-5
5.2348143136709314e-5
5.239593204973907e-5
5.244294084839023e-5
5.248913303763284e-5
5.25344717226513e-5
5.257896494861978e-5
5.262262762088584e-5
5.266542973008856e-5
5.270735470117737e-5
5.2748386182267524e-5
5.2788519085570145e-5
5.282772349123613e-5
5.28660052551311e-5
5.2903356356230194e-5
5.293976055834985e-5
5.297517677589484e-5
5.30096021788284e-5
5.304304538034803e-5
5.307549148095278e-5
5.310689742727527e-5
5.313724835165848e-5
5.316654884730158e-5
5.3194792200370535e-5
5.3221943989843594e-5
5.324798154356178e-5
5.3272900159011364e-5
5.329669012985121e-5
5.3319323346493036e-5
5.334078424220367e-5
5.336106330632093e-5
5.338014316102288e-5
5.339799455548827e-5
5.341459798893656e-5
5.3429952534799314e-5
5.344403893289762e-5
5.345682147268211e-5
5.346827798314363e-5
5.3478408774608033e-5
5.348719343122597e-5
5.3494600257708495e-5
5.350060472279213e-5
5.350519719896465e-5
5.3508355815270073e-5
5.351005472071271e-5
5.351027228931209e-5
5.350898790594318e-5
5.350617687408618e-5
5.350181741595012e-5
5.349588996605633e-5
5.34883651634632e-5
5.347921329594121e-5
5.346841727288708e-5
5.3455961101257576e-5
5.344181048593107e-5
5.3425925868057546e-5
5.3408288169070475e-5
5.338888590097162e-5
5.3367689555332124e-5
5.334465307398624e-5
5.331974368709526e-5
5.3292943798887e-5
5.326424140125015e-5
5.3233592716424596e-5
5.3200958601711544e-5
5.316629105438709e-5
5.312958660241313e-5
5.3090816872033166e-5
5.3049945979023555e-5
5.300690701809495e-5
5.296168139339145e-5
5.291425389298473e-5
5.2864586218773605e-5
5.2812606430501175e-5
5.275829987678093e-5
5.2701649924091354e-5
5.264259372064414e-5
5.258104957369457e-5
5.2517022396425316e-5
5.2450514194261715e-5
5.2381417605595414e-5
5.230966467064734e-5
5.2235255678500457e-5
5.215817235371477e-5
5.2078332346631374e-5
5.199566143324884e-5
5.1910116971849845e-5
5.1821670502283704e-5
5.1730292336050543e-5
5.1635925754755856e-5
5.1538481594723465e-5
5.1437845387234163e-5
5.133402644359225e-5
5.122707261488688e-5
5.1116816231760766e-5
5.100307322467037e-5
5.088589379628803e-5
5.0765356831306764e-5
5.064126815057384e-5
5.0513408965272646e-5
5.0381834983792514e-5
5.0246618168531005e-5
5.0107549803375156e-5
4.9964428440714396e-5
4.981731752193706e-5
4.966619404023544e-5
4.951087330641392e-5
4.9351201279879214e-5
4.9187236888031674e-5
4.90188629675139e-5
4.884587805568201e-5
4.8668223441294786e-5
4.848594708998017e-5
4.829877475365633e-5
4.810642084614436e-5
4.790911637181032e-5
4.77067400552522e-5
4.74989481853489e-5
4.7285523862244334e-5
4.706669776556645e-5
4.6842257348884685e-5
4.661176276425666e-5
4.637514033868763e-5
4.613261672863562e-5
4.588384788637453e-5
4.562821323742426e-5
4.5365908248552556e-5
4.509704178493138e-5
4.4821175941084445e-5
4.4537677392195265e-5
4.424683008746018e-5
4.3948553983471306e-5
4.364223559260401e-5
4.332758663263829e-5
4.300461803685972e-5
4.26731294929431e-5
4.233257875399817e-5
4.198274101258901e-5
4.162344812695757e-5
4.125417216631857e-5
4.0874518116162036e-5
4.048432012337731e-5
4.008322697700646e-5
3.967051855236627e-5
3.924578546097934e-5
3.8808788948343184e-5
3.835895250625318e-5
3.7895605622764377e-5
3.741796944399496e-5
3.692576518543188e-5
3.641813905375869e-5
3.589428433058943e-5
3.5353197601107506e-5
3.479419059200356e-5
3.421647134335554e-5
3.361867999251372e-5
3.29993678364892e-5
3.235716074307362e-5
3.169136774630188e-5
3.099976748278216e-5
3.0279968406627928e-5
2.9530278426366923e-5
2.874855564972005e-5
2.7931493992676078e-5
2.7074891588454747e-5
2.6176072371989584e-5
2.5230297761139676e-5
2.423096241324423e-5
2.317090627031638e-5
2.2042116885268147e-5
2.08331010633044e-5
1.9527197683130503e-5
1.8104754853189207e-5
1.6535052303614886e-5
1.4770196857804476e-5
1.2728821106755074e-5
1.024830903335237e-5
6.867106571637288e-6
0.0
0.0
0.0
0.0
0.0
0.0
0.0
0.0
0.0
0.0
0.0
0.0
0.0
0.0
0.0
0.0
0.0
0.0
0.0
0.0
0.0
0.0
0.0
0.0
0.0
0.0
0.0
0.0
0.0
0.0
0.0
0.0
0.0
0.0
0.0
0.0
0.0
0.0
0.0
0.0
0.0
0.0
0.0
0.0
0.0
0.0
0.0
0.0
0.0
0.0
0.0
0.0
0.0
0.0
0.0
0.0
0.0
0.0
0.0
0.0
0.0
0.0
0.0
0.0
0.0
0.0
0.0
0.0
0.0
0.0
0.0
0.0
0.0
0.0
0.0
0.0
0.0
0.0
0.0
0.0
0.0
0.0
0.0
0.0
0.0
0.0
0.0
0.0
0.0
0.0
0.0
0.0
0.0
0.0
0.0
0.0
0.0
0.0
0.0
0.0
0.0
0.0
0.0
0.0
0.0
0.0
0.0
0.0
0.0
0.0
0.0
0.0
0.0
0.0
0.0
0.0
0.0
0.0
0.0
0.0
0.0
0.0
0.0
0.0
0.0
0.0
0.0
0.0
0.0
0.0
0.0
0.0
0.0
0.0
0.0
0.0
0.0
0.0
0.0
0.0
0.0
0.0
0.0
0.0
0.0
0.0
0.0
0.0
0.0
0.0
0.0
0.0
0.0
0.0
0.0
0.0
0.0
0.0
0.0
0.0
0.0
0.0
0.0
0.0
0.0
0.0
0.0
0.0
0.0
0.0
0.0
0.0
0.0
0.0
0.0
0.0
0.0
0.0
0.0
0.0
0.0
0.0
0.0
0.0
0.0
0.0
0.0
0.0
0.0
0.0
0.0
0.0
0.0
0.0
0.0
0.0
0.0
0.0
0.0
0.0
0.0
0.0
0.0
0.0
0.0
0.0
0.0
0.0
0.0
0.0
0.0
0.0
0.0
0.0
0.0
0.0
0.0
0.0
0.0
0.0
0.0
0.0
0.0
0.0
0.0
0.0
0.0
0.0
0.0
0.0
0.0
0.0
0.0
0.0
0.0
0.0
0.0
0.0
0.0
0.0
0.0
0.0
0.0
0.0
0.0
0.0
0.0
0.0
0.0
0.0
0.0
0.0
0.0
0.0
0.0
0.0
0.0
0.0
0.0
0.0
0.0
0.0
0.0
0.0
0.0
0.0
0.0
0.0
0.0
0.0
0.0
0.0
0.0
0.0
0.0
0.0
0.0
0.0
0.0
0.0
0.0
0.0
0.0
0.0
0.0
0.0
0.0
0.0
0.0
0.0
0.0
0.0
0.0
0.0
0.0
0.0
0.0
0.0
0.0
0.0
0.0
0.0
0.0
0.0
0.0
0.0
0.0
0.0
0.0
0.0
0.0
0.0
0.0
0.0
0.0
0.0
0.0
0.0
0.0
0.0
0.0
0.0
0.0
0.0
0.0
0.0
0.0
0.0
0.0
0.0
0.0
0.0
0.0
0.0
0.0
0.0
0.0
0.0
0.0
0.0
0.0
0.0
0.0
0.0
0.0
0.0
0.0
0.0
0.0
0.0
0.0
0.0
0.0
0.0
0.0
0.0
0.0
0.0
0.0
0.0
0.0
0.0
0.0
0.0
0.0
0.0
0.0
0.0
0.0
0.0
0.0
0.0
0.0
0.0
0.0
0.0
0.0
0.0
0.0
0.0
0.0
0.0
0.0
0.0
0.0
0.0
0.0
0.0
0.0
0.0
0.0
0.0
0.0
0.0
0.0
0.0
0.0
0.0
0.0
0.0
0.0
0.0
0.0
0.0
0.0
0.0
0.0
0.0
0.0
0.0
0.0
0.0
0.0
0.0
0.0
0.0
0.0
0.0
0.0
0.0
0.0
0.0
0.0
0.0
0.0
0.0
0.0
0.0
0.0
0.0
0.0
0.0
0.0
0.0
0.0
0.0
0.0
0.0
0.0
0.0
0.0
0.0
0.0
0.0
0.0
0.0
0.0
0.0
0.0
0.0
0.0
0.0
0.0
0.0
0.0
0.0
0.0
0.0
0.0
0.0
0.0
0.0
0.0
0.0
0.0
0.0
0.0
0.0
0.0
0.0
0.0
0.0
0.0
0.0
0.0
0.0
0.0
0.0
0.0
0.0
0.0
0.0
0.0
0.0
0.0
0.0
0.0
0.0
0.0
0.0
0.0
0.0
0.0
0.0
0.0
0.0
0.0
0.0
0.0
0.0
0.0
0.0
0.0
0.0
0.0
0.0
0.0
0.0
0.0
0.0
0.0
0.0
0.0
0.0
0.0
0.0
0.0
0.0
0.0
0.0
0.0
0.0
0.0
0.0
0.0
0.0
0.0
0.0
0.0
0.0
0.0
0.0
0.0
0.0
0.0
0.0
0.0
0.0
0.0
0.0
0.0
0.0
0.0
0.0
0.0
0.0
0.0
0.0
0.0
0.0
0.0
0.0
0.0
0.0
0.0
0.0
0.0
0.0
0.0
0.0
0.0
0.0
0.0
0.0
0.0
0.0
0.0
0.0
0.0
0.0
0.0
0.0
0.0
0.0
0.0
0.0
0.0
0.0
0.0
0.0
0.0
0.0
0.0
0.0
0.0
0.0
0.0
0.0
0.0
0.0
0.0
0.0
0.0
0.0
0.0
0.0
0.0
0.0
0.0
0.0
0.0
0.0
0.0
0.0
0.0
0.0
0.0
0.0
0.0
0.0
0.0
0.0
0.0
0.0
0.0
0.0
0.0
0.0
0.0
0.0
0.0
0.0
0.0
0.0
0.0
0.0
0.0
0.0
0.0
0.0
0.0
0.0
0.0
0.0
0.0
0.0
0.0
0.0
0.0
0.0
0.0
0.0
0.0
0.0
0.0
0.0
0.0
0.0
0.0
0.0
0.0
0.0
0.0
0.0
0.0
0.0
0.0
0.0
0.0
0.0
0.0
0.0
0.0
0.0
0.0
0.0
0.0
0.0
0.0
0.0
0.0
0.0
0.0
0.0
0.0
0.0
0.0
0.0
0.0
0.0
0.0
0.0
0.0
0.0
0.0
0.0
0.0
0.0
0.0
0.0
0.0
0.0
0.0
0.0
0.0
0.0
0.0
0.0
0.0
0.0
0.0
0.0
0.0
0.0
0.0
0.0
0.0
0.0
0.0
0.0
0.0
0.0
0.0
0.0
0.0
0.0
0.0
0.0
0.0
0.0
0.0
0.0
0.0
0.0
0.0
0.0
0.0
0.0
0.0
0.0
0.0
0.0
0.0
0.0
0.0
0.0
0.0
0.0
0.0
0.0
0.0
0.0
0.0
0.0
0.0
0.0
0.0
0.0
0.0
0.0
0.0
0.0
0.0
0.0
0.0
0.0
0.0
0.0
0.0
0.0
0.0
0.0
0.0
0.0
0.0
0.0
0.0
0.0
0.0
0.0
0.0
0.0
0.0
0.0
0.0
0.0
0.0
0.0
0.0
0.0
0.0
0.0
0.0
0.0
0.0
0.0
0.0
0.0
0.0
0.0
0.0
0.0
0.0
0.0
0.0
0.0
0.0
0.0
0.0
0.0
0.0
0.0
0.0
0.0
0.0
0.0
0.0
0.0
0.0
0.0
0.0
0.0
0.0
0.0
0.0
0.0
0.0
0.0
0.0
0.0
0.0
0.0
0.0
0.0
0.0
0.0
0.0
0.0
0.0
0.0
0.0
0.0
0.0
0.0
0.0
0.0
0.0
0.0
0.0
0.0
0.0
0.0
0.0
0.0
0.0
0.0
0.0
0.0
0.0
0.0
0.0
0.0
0.0
0.0
0.0
0.0
0.0
0.0
0.0
0.0
0.0
0.0
0.0
0.0
0.0
0.0
0.0
0.0
0.0
0.0
0.0
0.0
0.0
0.0
0.0
0.0
0.0
0.0
0.0
0.0
0.0
0.0
0.0
0.0
0.0
0.0
0.0
0.0
0.0
0.0
0.0
0.0
0.0
0.0
0.0
0.0
0.0
0.0
0.0
0.0
0.0
0.0
0.0
0.0
0.0
0.0
0.0
0.0
0.0
0.0
0.0
0.0
0.0
0.0
0.0
0.0
0.0
0.0
0.0
0.0
0.0
0.0
0.0
0.0
0.0
0.0
0.0
0.0
0.0
0.0
0.0
0.0
0.0
0.0
0.0
0.0
0.0
0.0
0.0
0.0
0.0
0.0
0.0
0.0
0.0
0.0
0.0
0.0
0.0
0.0
0.0
0.0
0.0
0.0
0.0
0.0
0.0
0.0
0.0
0.0
0.0
0.0
0.0
0.0
0.0
0.0
0.0
0.0
0.0
0.0
0.0
0.0
0.0
0.0
0.0
0.0
0.0
0.0
0.0
0.0
0.0
0.0
0.0
0.0
0.0
0.0
0.0
0.0
0.0
0.0
0.0
0.0
0.0
0.0
0.0
0.0
0.0
0.0
0.0
0.0
0.0
0.0
0.0
0.0
0.0
0.0
0.0
0.0
0.0
0.0
0.0
0.0
0.0
0.0
0.0
0.0
0.0
0.0
0.0
0.0
0.0
0.0
0.0
0.0
0.0
0.0
0.0
0.0
0.0
0.0
0.0
0.0
0.0
0.0
0.0
0.0
0.0
0.0
0.0
0.0
0.0
0.0
0.0
0.0
0.0
0.0
0.0
0.0
0.0
0.0
0.0
0.0
0.0
0.0
0.0
0.0
0.0
0.0
0.0
0.0
0.0
0.0
0.0
0.0
0.0
0.0
0.0
0.0
0.0
0.0
0.0
0.0
0.0
0.0
0.0
0.0
0.0
0.0
0.0
0.0
0.0
0.0
0.0
0.0
0.0
0.0
0.0
0.0
0.0
0.0
0.0
0.0
0.0
0.0
0.0
0.0
0.0
0.0
0.0
0.0
0.0
0.0
0.0
0.0
0.0
0.0
0.0
0.0
0.0
0.0
0.0
0.0
0.0
0.0
0.0
0.0
0.0
0.0
0.0
0.0
0.0
0.0
0.0
0.0
0.0
0.0
0.0
0.0
0.0
0.0
0.0
0.0
0.0
0.0
0.0
0.0
0.0
0.0
0.0
0.0
0.0
0.0
0.0
0.0
0.0
0.0
0.0
0.0
0.0
0.0
0.0
0.0
0.0
0.0
0.0
0.0
0.0
0.0
0.0
0.0
0.0
0.0
0.0
0.0
0.0
0.0
0.0
0.0
0.0
0.0
0.0
0.0
0.0
0.0
0.0
0.0
0.0
0.0
0.0
0.0
0.0
0.0
0.0
0.0
0.0
0.0
0.0
0.0
0.0
0.0
0.0
0.0
0.0
0.0
0.0
0.0
0.0
0.0
0.0
0.0
0.0
0.0
0.0
0.0
0.0
0.0
0.0
0.0
0.0
0.0
0.0
0.0
0.0
0.0
0.0
0.0
0.0
0.0
0.0
0.0
0.0
0.0
0.0
0.0
0.0
0.0
0.0
0.0
0.0
0.0
0.0
0.0
0.0
0.0
0.0
0.0
0.0
0.0
0.0
0.0
0.0
0.0
0.0
0.0
0.0
0.0
0.0
0.0
0.0
0.0
0.0
0.0
0.0
0.0
0.0
0.0
0.0
0.0
0.0
0.0
0.0
0.0
0.0
0.0
0.0
0.0
0.0
0.0
0.0
0.0
0.0
0.0
0.0
0.0
0.0
0.0
0.0
0.0
0.0
0.0
0.0
0.0
0.0
0.0
0.0
0.0
0.0
0.0
0.0
0.0
0.0
0.0
0.0
0.0
0.0
0.0
0.0
0.0
0.0
0.0
0.0
0.0
0.0
0.0
0.0
0.0
0.0
0.0
0.0
0.0
0.0
0.0
0.0
0.0
0.0
0.0
0.0
0.0
0.0
0.0
0.0
0.0
0.0
0.0
0.0
0.0
0.0
0.0
0.0
0.0
0.0
0.0
0.0
0.0
0.0
0.0
0.0
0.0
0.0
0.0
0.0
0.0
0.0
0.0
0.0
0.0
0.0
0.0
0.0
0.0
0.0
0.0
0.0
0.0
0.0
0.0
0.0
0.0
0.0
0.0
0.0
0.0
0.0
0.0
0.0
0.0
0.0
0.0
0.0
0.0
0.0
0.0
0.0
0.0
0.0
0.0
0.0
0.0
0.0
0.0
0.0
0.0
0.0
0.0
0.0
0.0
0.0
0.0
0.0
0.0
0.0
0.0
0.0
0.0
0.0
0.0
0.0
0.0
0.0
0.0
0.0
0.0
0.0
0.0
0.0
0.0
0.0
0.0
0.0
0.0
0.0
0.0
0.0
0.0
0.0
0.0
0.0
0.0
0.0
0.0
0.0
0.0
0.0
0.0
0.0
0.0
0.0
0.0
0.0
0.0
0.0
0.0
0.0
0.0
0.0
0.0
0.0
0.0
0.0
0.0
0.0
0.0
0.0
0.0
0.0
0.0
0.0
0.0
0.0
0.0
0.0
0.0
0.0
0.0
0.0
0.0
0.0
0.0
0.0
0.0
0.0
0.0
0.0
0.0
0.0
0.0
0.0
0.0
0.0
0.0
0.0
0.0
0.0
0.0
0.0
0.0
0.0
0.0
0.0
0.0
0.0
0.0
0.0
0.0
0.0
0.0
0.0
0.0
0.0
0.0
0.0
0.0
0.0
0.0
0.0
0.0
0.0
0.0
0.0
0.0
0.0
0.0
0.0
0.0
0.0
0.0
0.0
0.0
0.0
0.0
0.0
0.0
0.0
0.0
0.0
0.0
0.0
0.0
0.0
0.0
0.0
0.0
0.0
0.0
0.0
0.0
0.0
0.0
0.0
0.0
0.0
0.0
0.0
0.0
0.0
0.0
0.0
0.0
0.0
0.0
0.0
0.0
0.0
0.0
0.0
0.0
0.0
0.0
0.0
0.0
0.0
0.0
0.0
0.0
0.0
0.0
0.0
0.0
0.0
0.0
0.0
0.0
0.0
0.0
0.0
0.0
0.0
0.0
0.0
0.0
0.0
0.0
0.0
0.0
0.0
0.0
0.0
0.0
0.0
0.0
0.0
0.0
0.0
0.0
0.0
0.0
0.0
0.0
0.0
0.0
0.0
0.0
0.0
0.0
0.0
0.0
0.0
0.0
0.0
0.0
0.0
0.0
0.0
0.0
0.0
0.0
0.0
0.0
0.0
0.0
0.0
0.0
0.0
0.0
0.0
0.0
0.0
0.0
0.0
0.0
0.0
0.0
0.0
0.0
0.0
0.0
0.0
0.0
0.0
0.0
0.0
0.0
0.0
0.0
0.0
0.0
0.0
0.0
0.0
0.0
0.0
0.0
0.0
0.0
0.0
0.0
0.0
0.0
0.0
0.0
0.0
0.0
0.0
0.0
0.0
0.0
0.0
0.0
0.0
0.0
0.0
0.0
0.0
0.0
0.0
0.0
0.0
0.0
0.0
0.0
0.0
0.0
0.0
0.0
0.0
0.0
0.0
0.0
0.0
0.0
0.0
0.0
0.0
0.0
0.0
0.0
0.0
0.0
0.0
0.0
0.0
0.0
0.0
0.0
0.0
0.0
0.0
0.0
0.0
0.0
0.0
0.0
0.0
0.0
0.0
0.0
0.0
0.0
0.0
0.0
0.0
0.0
0.0
0.0
0.0
0.0
0.0
0.0
0.0
0.0
0.0
0.0
0.0
0.0
0.0
0.0
0.0
0.0
0.0
0.0
0.0
0.0
0.0
0.0
0.0
0.0
0.0
0.0
0.0
0.0
0.0
0.0
0.0
0.0
0.0
0.0
0.0
0.0
0.0
0.0
0.0
0.0
0.0
0.0
0.0
0.0
0.0
0.0
0.0
0.0
0.0
0.0
0.0
0.0
0.0
0.0
0.0
0.0
0.0
0.0
0.0
0.0
0.0
0.0
0.0
0.0
0.0
0.0
0.0
0.0
0.0
0.0
0.0
0.0
0.0
0.0
0.0
0.0
0.0
0.0
0.0
0.0
0.0
0.0
0.0
0.0
0.0
0.0
0.0
0.0
0.0
0.0
0.0
0.0
0.0
0.0
0.0
0.0
0.0
0.0
0.0
0.0
0.0
0.0
0.0
0.0
0.0
0.0
0.0
0.0
0.0
0.0
0.0
0.0
0.0
0.0
0.0
0.0
0.0
0.0
0.0
0.0
0.0
0.0
0.0
0.0
0.0
0.0
0.0
0.0
0.0
0.0
0.0
0.0
0.0
0.0
0.0
0.0
0.0
0.0
0.0
0.0
0.0
0.0
0.0
0.0
0.0
0.0
0.0
0.0
0.0
0.0
0.0
0.0
0.0
0.0
0.0
0.0
0.0
0.0
0.0
0.0
0.0
0.0
0.0
0.0
0.0
0.0
0.0
0.0
0.0
0.0
0.0
0.0
0.0
0.0
0.0
0.0
0.0
0.0
0.0
0.0
0.0
0.0
0.0
0.0
0.0
0.0
0.0
0.0
0.0
0.0
0.0
0.0
0.0
0.0
0.0
0.0
0.0
0.0
0.0
0.0
0.0
0.0
0.0
0.0
0.0
0.0
0.0
0.0
0.0
0.0
0.0
0.0
0.0
0.0
0.0
0.0
0.0
0.0
0.0
0.0
0.0
0.0
0.0
0.0
0.0
0.0
0.0
0.0
0.0
0.0
0.0
0.0
0.0
0.0
0.0
0.0
0.0
0.0
0.0
0.0
0.0
0.0
0.0
0.0
0.0
0.0
0.0
0.0
0.0
0.0
0.0
0.0
0.0
0.0
0.0
0.0
0.0
0.0
0.0
0.0
0.0
0.0
0.0
0.0
0.0
0.0
0.0
0.0
0.0
0.0
0.0
0.0
0.0
0.0
0.0
0.0
0.0
0.0
0.0
0.0
0.0
0.0
0.0
0.0
0.0
0.0
0.0
0.0
0.0
0.0
0.0
0.0
0.0
0.0
0.0
0.0
0.0
0.0
0.0
0.0
0.0
0.0
0.0
0.0
0.0
0.0
0.0
0.0
0.0
0.0
0.0
0.0
0.0
0.0
0.0
0.0
0.0
0.0
0.0
0.0
0.0
0.0
0.0
0.0
0.0
0.0
0.0
0.0
0.0
0.0
0.0
0.0
0.0
0.0
0.0
0.0
0.0
0.0
0.0
0.0
0.0
0.0
0.0
0.0
0.0
0.0
0.0
0.0
0.0
0.0
0.0
0.0
0.0
0.0
0.0
0.0
0.0
0.0
0.0
0.0
0.0
0.0
0.0
0.0
0.0
0.0
0.0
0.0
0.0
0.0
0.0
0.0
0.0
0.0
0.0
0.0
0.0
0.0
0.0
0.0
0.0
0.0
0.0
0.0
0.0
0.0
0.0
0.0
0.0
0.0
0.0
0.0
0.0
0.0
0.0
0.0
0.0
0.0
0.0
0.0
0.0
0.0
0.0
0.0
0.0
0.0
0.0
0.0
0.0
0.0
0.0
0.0
0.0
0.0
0.0
0.0
0.0
0.0
0.0
0.0
0.0
0.0
0.0
0.0
0.0
0.0
0.0
0.0
0.0
0.0
0.0
0.0
0.0
0.0
0.0
0.0
0.0
0.0
0.0
0.0
0.0
0.0
0.0
0.0
0.0
0.0
0.0
0.0
0.0
0.0
0.0
0.0
0.0
0.0
0.0
0.0
0.0
0.0
0.0
0.0
0.0
0.0
0.0
0.0
0.0
0.0
0.0
0.0
0.0
0.0
0.0
0.0
0.0
0.0
0.0
0.0
0.0
0.0
0.0
0.0
0.0
0.0
0.0
0.0
0.0
0.0
0.0
0.0
0.0
0.0
0.0
0.0
0.0
0.0
0.0
0.0
0.0
0.0
0.0
0.0
0.0
0.0
0.0
0.0
0.0
0.0
0.0
0.0
0.0
0.0
0.0
0.0
0.0
0.0
0.0
0.0
0.0
0.0
0.0
0.0
0.0
0.0
0.0
0.0
0.0
0.0
0.0
0.0
0.0
0.0
0.0
0.0
0.0
0.0
0.0
0.0
0.0
0.0
0.0
0.0
0.0
0.0
0.0
0.0
0.0
0.0
0.0
0.0
0.0
0.0
0.0
0.0
0.0
0.0
0.0
0.0
0.0
0.0
0.0
0.0
0.0
0.0
0.0
0.0
0.0
0.0
0.0
0.0
0.0
0.0
0.0
0.0
0.0
0.0
0.0
0.0
0.0
0.0
0.0
0.0
0.0
0.0
0.0
0.0
0.0
0.0
0.0
0.0
0.0
0.0
0.0
0.0
0.0
0.0
0.0
0.0
0.0
0.0
0.0
0.0
0.0
0.0
0.0
0.0
0.0
0.0
0.0
0.0
0.0
0.0
0.0
0.0
0.0
0.0
0.0
0.0
0.0
0.0
0.0
0.0
0.0
0.0
0.0
0.0
0.0
0.0
0.0
0.0
0.0
0.0
0.0
0.0
0.0
0.0
0.0
0.0
0.0
0.0
0.0
0.0
0.0
0.0
0.0
0.0
0.0
0.0
0.0
0.0
0.0
0.0
0.0
0.0
0.0
0.0
0.0
0.0
0.0
0.0
0.0
0.0
0.0
0.0
0.0
0.0
0.0
0.0
0.0
0.0
0.0
0.0
0.0
0.0
0.0
0.0
0.0
0.0
0.0
0.0
0.0
0.0
0.0
0.0
0.0
0.0
0.0
0.0
0.0
0.0
0.0
0.0
0.0
0.0
0.0
0.0
0.0
0.0
0.0
0.0
0.0
0.0
0.0
0.0
0.0
0.0
0.0
0.0
0.0
0.0
0.0
0.0
0.0
0.0
0.0
0.0
0.0
0.0
0.0
0.0
0.0
0.0
0.0
0.0
0.0
0.0
0.0
0.0
0.0
0.0
0.0
0.0
0.0
0.0
0.0
0.0
0.0
0.0
0.0
0.0
0.0
0.0
0.0
0.0
0.0
0.0
0.0
0.0
0.0
0.0
0.0
0.0
0.0
0.0
0.0
0.0
0.0
0.0
0.0
0.0
0.0
0.0
0.0
0.0
0.0
0.0
0.0
0.0
0.0
0.0
0.0
0.0
0.0
0.0
0.0
0.0
0.0
0.0
0.0
0.0
0.0
0.0
0.0
0.0
0.0
0.0
0.0
0.0
0.0
0.0
0.0
0.0
0.0
0.0
0.0
0.0
0.0
0.0
0.0
0.0
0.0
0.0
0.0
0.0
0.0
0.0
0.0
0.0
0.0
0.0
0.0
0.0
0.0
0.0
0.0
0.0
0.0
0.0
0.0
0.0
0.0
0.0
0.0
0.0
0.0
0.0
0.0
0.0
0.0
0.0
0.0
0.0
0.0
0.0
0.0
0.0
0.0
0.0
0.0
0.0
0.0
0.0
0.0
0.0
0.0
0.0
0.0
0.0
0.0
0.0
0.0
0.0
0.0
0.0
0.0
0.0
0.0
0.0
0.0
0.0
0.0
0.0
0.0
0.0
0.0
0.0
0.0
0.0
0.0
0.0
0.0
0.0
0.0
0.0
0.0
0.0
0.0
0.0
0.0
0.0
0.0
0.0
0.0
0.0
0.0
0.0
0.0
0.0
0.0
0.0
0.0
0.0
0.0
0.0
0.0
0.0
0.0
0.0
0.0
0.0
0.0
0.0
0.0
0.0
0.0
0.0
0.0
0.0
0.0
0.0
0.0
0.0
0.0
0.0
0.0
0.0
0.0
0.0
0.0
0.0
0.0
0.0
0.0
0.0
0.0
0.0
0.0
0.0
0.0
0.0
0.0
0.0
0.0
0.0
0.0
0.0
0.0
0.0
0.0
0.0
0.0
0.0
0.0
0.0
0.0
0.0
0.0
0.0
0.0
0.0
0.0
0.0
0.0
0.0
0.0
0.0
0.0
0.0
0.0
0.0
0.0
0.0
0.0
0.0
0.0
0.0
0.0
0.0
0.0
0.0
0.0
0.0
0.0
0.0
0.0
0.0
0.0
0.0
0.0
0.0
0.0
0.0
0.0
0.0
0.0
0.0
0.0
0.0
0.0
0.0
0.0
0.0
0.0
0.0
0.0
0.0
0.0
0.0
0.0
0.0
0.0
0.0
0.0
0.0
0.0
0.0
0.0
0.0
0.0
0.0
0.0
0.0
0.0
0.0
0.0
0.0
0.0
0.0
0.0
0.0
0.0
0.0
0.0
0.0
0.0
0.0
0.0
0.0
0.0
0.0
0.0
0.0
0.0
0.0
0.0
0.0
0.0
0.0
0.0
0.0
0.0
0.0
0.0
0.0
0.0
0.0
0.0
0.0
0.0
0.0
0.0
0.0
0.0
0.0
0.0
0.0
0.0
0.0
0.0
0.0
0.0
0.0
0.0
0.0
0.0
0.0
0.0
0.0
0.0
0.0
0.0
0.0
0.0
0.0
0.0
0.0
0.0
0.0
0.0
0.0
0.0
0.0
0.0
0.0
0.0
0.0
0.0
0.0
0.0
0.0
0.0
0.0
0.0
0.0
0.0
0.0
0.0
0.0
0.0
0.0
0.0
0.0
0.0
0.0
0.0
0.0
0.0
0.0
0.0
0.0
0.0
0.0
0.0
0.0
0.0
0.0
0.0
0.0
0.0
0.0
0.0
0.0
0.0
0.0
0.0
0.0
0.0
0.0
0.0
0.0
0.0
0.0
0.0
0.0
0.0
0.0
0.0
0.0
0.0
0.0
0.0
0.0
0.0
0.0
0.0
0.0
0.0
0.0
0.0
0.0
0.0
0.0
0.0
0.0
0.0
0.0
0.0
0.0
0.0
0.0
0.0
0.0
0.0
0.0
0.0
0.0
0.0
0.0
0.0
0.0
0.0
0.0
0.0
0.0
0.0
0.0
0.0
0.0
0.0
0.0
0.0
0.0
0.0
0.0
0.0
0.0
0.0
0.0
0.0
0.0
0.0
0.0
0.0
0.0
0.0
0.0
0.0
0.0
0.0
0.0
0.0
0.0
0.0
0.0
0.0
0.0
0.0
0.0
0.0
0.0
0.0
0.0
0.0
0.0
0.0
0.0
0.0
0.0
0.0
0.0
0.0
0.0
0.0
0.0
0.0
0.0
0.0
0.0
0.0
0.0
0.0
0.0
0.0
0.0
0.0
0.0
0.0
0.0
0.0
0.0
0.0
0.0
0.0
0.0
0.0
0.0
0.0
0.0
0.0
0.0
0.0
0.0
0.0
0.0
0.0
0.0
0.0
0.0
0.0
0.0
0.0
0.0
0.0
0.0
0.0
0.0
0.0
0.0
0.0
0.0
0.0
0.0
0.0
0.0
0.0
0.0
0.0
0.0
0.0
0.0
0.0
0.0
0.0
0.0
0.0
0.0
0.0
0.0
0.0
0.0
0.0
0.0
0.0
0.0
0.0
0.0
0.0
0.0
0.0
0.0
0.0
0.0
0.0
0.0
0.0
0.0
0.0
0.0
0.0
0.0
0.0
0.0
0.0
0.0
0.0
0.0
0.0
0.0
0.0
0.0
0.0
0.0
0.0
0.0
0.0
0.0
0.0
0.0
0.0
0.0
0.0
0.0
0.0
0.0
0.0
0.0
0.0
0.0
0.0
0.0
0.0
0.0
0.0
0.0
0.0
0.0
0.0
0.0
0.0
0.0
0.0
0.0
0.0
0.0
0.0
0.0
0.0
0.0
0.0
0.0
0.0
0.0
0.0
0.0
0.0
0.0
0.0
0.0
0.0
0.0
0.0
0.0
0.0
0.0
0.0
0.0
0.0
0.0
0.0
0.0
0.0
0.0
0.0
0.0
0.0
0.0
0.0
0.0
0.0
0.0
0.0
0.0
0.0
0.0
0.0
0.0
0.0
0.0
0.0
0.0
0.0
0.0
0.0
0.0
0.0
0.0
0.0
0.0
0.0
0.0
0.0
0.0
0.0
0.0
0.0
0.0
0.0
0.0
0.0
0.0
0.0
0.0
0.0
0.0
0.0
0.0
0.0
0.0
0.0
0.0
0.0
0.0
0.0
0.0
0.0
0.0
0.0
0.0
0.0
0.0
0.0
0.0
0.0
0.0
0.0
0.0
0.0
0.0
0.0
0.0
0.0
0.0
0.0
0.0
0.0
0.0
0.0
0.0
0.0
0.0
0.0
0.0
0.0
0.0
0.0
0.0
0.0
0.0
0.0
0.0
0.0
0.0
0.0
0.0
0.0
0.0
0.0
0.0
0.0
0.0
0.0
0.0
0.0
0.0
0.0
0.0
0.0
0.0
