2.777305062237866e-5
2.8023397568704364e-5
2.824506951087706e-5
2.844961222950342e-5
2.8641750627424542e-5
2.8824392276664873e-5
2.899951906924793e-5
2.9168541394542955e-5
2.933249267099322e-5
2.949207730100569e-5
2.964694961017723e-5
2.979880508895181e-5
2.9947320087595362e-5
3.009334524190672e-5
3.0236997999096267e-5
3.037849452817463e-5
3.051815422956498e-5
3.0656059088357206e-5
3.079237606780592e-5
3.09272738829542e-5
3.106045122560582e-5
3.1192309537065266e-5
3.132307709262987e-5
3.145280773454971e-5
3.1581436456508394e-5
3.170900981053869e-5
3.1835681015795625e-5
3.196158484055164e-5
3.2086768849497025e-5
3.221123186504193e-5
3.233498150078393e-5
3.245783345854744e-5
3.25801867411442e-5
3.270205133094659e-5
3.282341348476241e-5
3.2944251997434884e-5
3.306459624895498e-5
3.31844557172378e-5
3.330383057317171e-5
3.342278420637286e-5
3.354136164848105e-5
3.36595373379375e-5
3.3777172677581176e-5
3.3894487548445705e-5
3.401150425034251e-5
3.412819372753494e-5
3.424453242450679e-5
3.436055922859564e-5
3.447632293498904e-5
3.459185179718299e-5
3.4707157943165665e-5
3.482221684304289e-5
3.493697319864837e-5
3.5051428604399036e-5
3.516552201328046e-5
3.527942314523853e-5
3.5393163878300095e-5
3.550676081408435e-5
3.56202329745641e-5
3.573358347649786e-5
3.584680533467364e-5
3.595987231399778e-5
3.607275254680125e-5
3.6185471466487575e-5
3.629806350822522e-5
3.6410503015308956e-5
3.6522709424429466e-5
3.663484812556346e-5
3.6746916302115194e-5
3.685892167898212e-5
3.697086201874219e-5
3.7082719130020454e-5
3.719447401722799e-5
3.730612846540695e-5
3.741770858668576e-5
3.75292433856195e-5
3.764074552638194e-5
3.775222455859092e-5
3.786359358168512e-5
3.797483434195421e-5
3.8086005805126664e-5
3.819712582728363e-5
3.8308210345942555e-5
3.841926006145461e-5
3.853028175535217e-5
3.8641282436549264e-5
3.875226865671598e-5
3.886325763693354e-5
3.8974264025076816e-5
3.908528156182765e-5
3.919632409265672e-5
3.930731183233197e-5
3.94183108209061e-5
3.952928448686082e-5
3.964027316588422e-5
3.975126102428603e-5
3.9862194541783696e-5
3.99731121885654e-5
4.008404805333799e-5
4.0195014000798016e-5
4.030603268207501e-5
4.041709206277648e-5
4.052819743493365e-5
4.0639358068417854e-5
4.0750575162767634e-5
4.086178213083123e-5
4.097304097088309e-5
4.108433449879853e-5
4.1195666468154706e-5
4.130705508838546e-5
4.1418491747121615e-5
4.152994096770276e-5
4.1641419492273204e-5
4.17529427628495e-5
4.186448518073884e-5
4.197606720920693e-5
4.208771615860661e-5
4.219944791165462e-5
4.2311263151696094e-5
4.242311379204319e-5
4.253504204253292e-5
4.2647057670188334e-5
4.275915575429212e-5
4.2871328422648875e-5
4.2983575215581274e-5
4.309590292540873e-5
4.320831921356193e-5
4.332082739877453e-5
4.343341518958993e-5
4.354607258714373e-5
4.3658822309652894e-5
4.3771668086690263e-5
4.388459110093522e-5
4.399757784855071e-5
4.4110605130215376e-5
4.422370127660371e-5
4.4336892886332874e-5
4.4450191157927984e-5
4.45635938534325e-5
4.467709624903281e-5
4.4790706515137474e-5
4.490442212354826e-5
4.501824555123615e-5
4.5132179738398834e-5
4.524623002539859e-5
4.5360407773475325e-5
4.547467948293617e-5
4.5589053308081555e-5
4.570353489433175e-5
4.58181527768287e-5
4.593284423793382e-5
4.604763409916921e-5
4.616255817572849e-5
4.627758563726725e-5
4.639271105881e-5
4.650797833033172e-5
4.66233672666264e-5
4.673884162129535e-5
4.6854428924866574e-5
4.697015979288156e-5
4.708602053065073e-5
4.7202007682009224e-5
4.731812851995255e-5
4.7434380690826126e-5
4.7550780531031874e-5
4.766727059842617e-5
4.7783911417912665e-5
4.790068286190996e-5
4.801756535119706e-5
4.8134627933480654e-5
4.8251811335355456e-5
4.8369132780361105e-5
4.84865867403093e-5
4.860420317779738e-5
4.872195288595952e-5
4.883982908918874e-5
4.895785182187901e-5
4.907602298713467e-5
4.919434682257346e-5
4.931280043926693e-5
4.943139798743929e-5
4.955013075555672e-5
4.966902273819813e-5
4.9788040953958376e-5
4.990716504009144e-5
5.0026390347846255e-5
5.0145811775341434e-5
5.026537598122151e-5
5.0385120624737364e-5
5.050502777809875e-5
5.062509117898599e-5
5.0745323272711866e-5
5.0865712350458685e-5
5.098627023381321e-5
5.1106997738418694e-5
5.122788706874041e-5
5.134895639760791e-5
5.1470181070996664e-5
5.159154868109689e-5
5.1713094526248283e-5
5.1834796274151066e-5
5.19566682893937e-5
5.207874744336737e-5
5.220093058554842e-5
5.2323295861204446e-5
5.244579079090532e-5
5.256844174871948e-5
5.269126930647381e-5
5.2814278347312104e-5
5.2937433512557034e-5
5.306075842051966e-5
5.3184255333724735e-5
5.330790431120336e-5
5.343173055623592e-5
5.355576053135963e-5
5.367996790064257e-5
5.3804339611800516e-5
5.392891478131078e-5
5.405369589963443e-5
5.417862492088443e-5
5.430375078855297e-5
5.4429079717354195e-5
5.455453758990166e-5
5.4680189345586795e-5
5.480601009297506e-5
5.493203180533917e-5
5.505825114243563e-5
5.518461424859927e-5
5.5311181258282593e-5
5.543794678846139e-5
5.5564892174703105e-5
5.569202142170305e-5
5.5819349824544416e-5
5.594688429572753e-5
5.6074609634608825e-5
5.6202509158833315e-5
5.633059356835564e-5
5.645888945056104e-5
5.658739370693866e-5
5.671605673095187e-5
5.6844891663412424e-5
5.697392707611339e-5
5.710318610909371e-5
5.723260877236896e-5
5.736220536883418e-5
5.749199212581243e-5
5.762202480011379e-5
5.7752241579225623e-5
5.788262015040222e-5
5.80132081177633e-5
5.81440324670653e-5
5.827502597214625e-5
5.84062095592316e-5
5.853762067864821e-5
5.866925460206891e-5
5.8801081136995995e-5
5.893309507585821e-5
5.906531891382073e-5
5.9197766676710185e-5
5.933044227928882e-5
5.94633389753991e-5
5.959643749811567e-5
5.972973321839723e-5
5.9863218207054143e-5
5.9996901091906704e-5
6.0130817235816144e-5
6.026499571938914e-5
6.039935760599832e-5
6.053390931078118e-5
6.066866210260866e-5
6.080362717720629e-5
6.0938837990642635e-5
6.107427135126029e-5
6.120986938313176e-5
6.134570545832053e-5
6.148174988074444e-5
6.161796959752169e-5
6.175439502150364e-5
6.189105290867353e-5
6.202793963258767e-5
6.216503365023322e-5
6.230232313590235e-5
6.243983324112965e-5
6.257760301594612e-5
6.271563332053089e-5
6.285388744017784e-5
6.299234395036718e-5
6.313100457095093e-5
6.326989325737193e-5
6.34090308967021e-5
6.354840620839247e-5
6.36879903525599e-5
6.38277788020875e-5
6.396778084952475e-5
6.410802874400249e-5
6.424851144423276e-5
6.438924322717154e-5
6.453022179770697e-5
6.467140502329704e-5
6.481280812439091e-5
6.49544355557755e-5
6.509630033879862e-5
6.523840284505795e-5
6.538073018039727e-5
6.552332564632313e-5
6.566615252234918e-5
6.580917758291972e-5
6.595242151649573e-5
6.609588870212094e-5
6.623958612627391e-5
6.638352766590825e-5
6.652772411523702e-5
6.667216496305263e-5
6.681683075837963e-5
6.69617082155396e-5
6.710681206556383e-5
6.725217435858955e-5
6.7397804856716e-5
6.754369262276643e-5
6.768980823623951e-5
6.783613742300623e-5
6.798268304871439e-5
6.812949013370062e-5
6.82765491297226e-5
6.842386775782646e-5
6.857145324408622e-5
6.8719285440797e-5
6.886733718336118e-5
6.90156182493518e-5
6.916414334724024e-5
6.93129147784654e-5
6.946192819173421e-5
6.961118840174902e-5
6.976070816842388e-5
6.991047994187799e-5
7.006049142011818e-5
7.021075629637929e-5
7.036127569297364e-5
7.051202870964606e-5
7.06630149653738e-5
7.081424873559328e-5
7.096575337762943e-5
7.111754031346058e-5
7.126957056942488e-5
7.142183568532048e-5
7.15743497607979e-5
7.172712085043647e-5
7.188014717934708e-5
7.203342963988124e-5
7.218697164543147e-5
7.234077392953792e-5
7.24948302508821e-5
7.264912187588243e-5
7.280367012646399e-5
7.295848558765516e-5
7.311356957805618e-5
7.326891492500035e-5
7.342451117662443e-5
7.358035259323882e-5
7.373644133915787e-5
7.389278208853097e-5
7.404937809337709e-5
7.420623126546713e-5
7.43633427505424e-5
7.45207154980826e-5
7.467835666453637e-5
7.483627300407247e-5
7.49944579331147e-5
7.515289397107276e-5
7.531160065958985e-5
7.547058369968869e-5
7.562981817224505e-5
7.578930833420405e-5
7.594905982955344e-5
7.61090709115166e-5
7.62693417158519e-5
7.642988778517442e-5
7.659071729239486e-5
7.675181443296643e-5
7.691317063992564e-5
7.70747911914882e-5
7.72366816071823e-5
7.73988378839037e-5
7.756125036550364e-5
7.772390392632393e-5
7.788685010034231e-5
7.805006904120808e-5
7.821353807301878e-5
7.837726442683588e-5
7.854127622223147e-5
7.87055793859789e-5
7.887015998667032e-5
7.903501166848193e-5
7.920012871799316e-5
7.936550915645475e-5
7.953115163250089e-5
7.969703341491654e-5
7.986321988271691e-5
8.002969298295362e-5
8.019643288274781e-5
8.036343709956897e-5
8.053070492053643e-5
8.069823444044364e-5
8.086602822654222e-5
8.103409495172367e-5
8.120244155853384e-5
8.137107105595321e-5
8.153997604187564e-5
8.170917506023093e-5
8.187867805749178e-5
8.204845249209015e-5
8.221849424387524e-5
8.238881482419623e-5
8.255941190409001e-5
8.273027616645889e-5
8.290140106087116e-5
8.307277358331924e-5
8.324439416449463e-5
8.341633125600666e-5
8.358857656682796e-5
8.376110163508257e-5
8.393389227875176e-5
8.410694333728011e-5
8.428028694523457e-5
8.445391152300034e-5
8.462779115338102e-5
8.480195609258438e-5
8.497643371575718e-5
8.515116481782935e-5
8.532615619258042e-5
8.550143652611806e-5
8.567700325386148e-5
8.585284530277529e-5
8.602894518384873e-5
8.620532412367934e-5
8.638200435860495e-5
8.65589591093135e-5
8.673620508559493e-5
8.691372857781486e-5
8.709152522369849e-5
8.726962558882436e-5
8.744797606877696e-5
8.762665021713615e-5
8.780562242775795e-5
8.798486027677697e-5
8.816435748354325e-5
8.834410441267106e-5
8.852408863611793e-5
8.87043039490287e-5
8.888490776687585e-5
8.906589404716277e-5
8.924714880329707e-5
8.942867056505189e-5
8.961045765082506e-5
8.979250360612171e-5
8.99747795832322e-5
9.015730486351313e-5
9.034015370484421e-5
9.052330073018167e-5
9.070671741759465e-5
9.08904234591035e-5
9.107437397046593e-5
9.125857679537733e-5
9.144305628126984e-5
9.162785275822585e-5
9.18129281739545e-5
9.199832472177811e-5
9.218399839349125e-5
9.236991504472815e-5
9.255610573591086e-5
9.274267427420491e-5
9.292948855213782e-5
9.311652288051255e-5
9.330388296477088e-5
9.349154428354593e-5
9.367943269320442e-5
9.386760541717635e-5
9.405607477991095e-5
9.424482325089591e-5
9.44338316327428e-5
9.462313811886902e-5
9.481270160390067e-5
9.500254674201739e-5
9.51926942696493e-5
9.538310260644305e-5
9.55737786876072e-5
9.576472896057979e-5
9.595592420989439e-5
9.614748923628183e-5
9.633934760292076e-5
9.653146318516648e-5
9.672382905072689e-5
9.691641308266868e-5
9.710920941034302e-5
9.730243257797273e-5
9.749599768601692e-5
9.768981064239322e-5
9.788385800623953e-5
9.807812561684759e-5
9.827260501423524e-5
9.846737206002242e-5
9.866247648662998e-5
9.885791249701838e-5
9.905363326112387e-5
9.924956259745882e-5
9.944577218480375e-5
9.964227956311186e-5
9.983904268365218e-5
0.00010003605612272591
0.00010023329924764625
0.00010043082613165184
0.00010062868985652832
0.00010082685345190352
0.00010102527454743278
0.00010122393117016878
0.00010142278993541266
0.0001016219331851686
0.00010182134488574393
0.00010202098834773085
0.00010222093277193469
0.00010242115326080428
0.00010262163471730975
0.00010282247017858824
0.0001030235531591269
0.00010322481957820589
0.00010342635349865385
0.000103628113528581
0.00010383018617161319
0.00010403244301860689
0.00010423499367292418
0.00010443780804871457
0.00010464087445301912
0.00010484432785127597
0.00010504800810815804
0.00010525187024603719
0.00010545592048946593
0.00010566022053962854
0.0001058649392814232
0.00010606983700406818
0.00010627494836410774
0.00010648028004926408
0.00010668581907568103
0.00010689182458612852
0.00010709806457173367
0.00010730449083267923
0.00010751107328940095
0.00010771777199554277
0.00010792489652523454
0.00010813235311666774
0.00010834003319435548
0.00010854787584816982
0.00010875584189400889
0.00010896414182562567
0.00010917279919563909
0.00010938170557034008
0.00010959075481167345
0.00010979998352353243
0.00011000943708052425
0.00011021916728031484
0.0001104291849902521
0.0001106394145895491
0.00011084992947246594
0.0001110606180374345
0.00011127151317944455
0.00011148261063381802
0.00011169392564251404
0.00011190554045557047
0.0001121173941792655
0.00011232949070945003
0.00011254170619101748
0.00011275414621621031
0.00011296684387002699
0.00011317975653296585
0.00011339293518100305
0.00011360628218605395
0.00011381984358933687
0.00011403363333867389
0.00011424756408646538
0.00011446169682930834
0.00011467613627158405
0.00011489082979801576
0.00011510569662302717
0.00011532068205189839
0.00011553580810746045
0.00011575119617074889
0.00011596684535828892
0.0001161827082734949
0.0001163987234938936
0.0001166149185557258
0.00011683137039611597
0.00011704792451591007
0.00011726457738682515
0.00011748151423748268
0.00011769877361842645
0.00011791619608911614
0.00011813368039153321
0.00011835122416543196
0.00011856900618810897
0.00011878714329035613
0.00011900543097913843
0.00011922375194664343
0.00011944219181779982
0.00011966104076132626
0.00011988000840722374
0.00012009903113196637
0.00012031809831541216
0.0001205374477567414
0.0001207571665066994
0.00012097695275410514
0.00012119672337455566
0.00012141652069606995
0.0001216366617871756
0.0001218570896272902
0.00012207759753030803
0.00012229809970181862
0.00012251876069895156
0.00012273964292802496
0.0001229606905375518
0.00012318178316651163
0.00012340305026735079
0.00012362441316419222
0.00012384597760500417
0.0001240676012568152
0.00012428945386664907
0.00012451132771311825
0.00012473327332020626
0.0001249553462318665
0.00012517770554207905
0.00012540010122900398
0.00012562253237814654
0.0001258449659042806
0.00012606760484353224
0.00012629045009813683
0.0001265133851202794
0.000126736283617862
0.00012695923576389254
0.00012718237626560102
0.00012740561578891655
0.00012762893070997387
0.0001278522974422717
0.00012807575546606455
0.000128299205991736
0.00012852275308196907
0.00012874642859578013
0.00012897021890274254
0.00012919395110971987
0.00012941768586526616
0.000129641570491544
0.00012986560834283084
0.00013008960090866417
0.00013031353563755044
0.000130537552325302
0.00013076172272563015
0.0001309858988233233
0.0001312100147359305
0.0001314341597262346
0.00013165839443187566
0.00013188260940366294
0.00013210680918530752
0.00013233107129883963
0.00013255540226385162
0.00013277966214315606
0.00013300380846441686
0.00013322807126610266
0.00013345247089881812
0.00013367673895422656
0.00013390076412029086
0.00013412491768943752
0.0001343492530100251
0.00013457350434188228
0.00013479745707629018
0.00013502146423396784
0.00013524560968230164
0.0001354697136834646
0.0001356935848693187
0.00013591744568562696
0.00013614136109702237
0.0001363651649894079
0.00013658875833202493
0.00013681236511073572
0.00013703605858314479
0.0001372596179830416
0.00013748290261438823
0.00013770609898526568
0.00013792938173508046
0.00013815260269649905
0.00013837557374033886
0.0001385983450527816
0.000138821098162452
0.00013904384155573557
0.00013926645460794336
0.00013948879852988615
0.00013971098737551206
0.00013993307409466944
0.00014015514773698236
0.00014037701207694924
0.00014059864553814017
0.0001408200650504523
0.00014104143658850773
0.0001412626461157603
0.0001414836042197529
0.00014170432317497873
0.0001419249481728784
0.00014214536750998806
0.00014236549223896648
0.0001425854114146169
0.00014280526235201666
0.0001430248661405954
0.00014324407501257073
0.00014346310070146803
0.00014368200200911863
0.00014390062762401193
0.0001441188960396435
0.00014433690453650002
0.0001445547125452112
0.00014477228894241393
0.00014498956745074323
0.0001452064902599142
0.00014542306396797943
0.00014563936127570513
0.0001458554960679221
0.00014607130933876966
0.00014628658204440573
0.00014650153198264598
0.0001467163769101312
0.00014693088231312307
0.00014714478622064196
0.0001473583175468015
0.0001475717149763495
0.00014778474643381656
0.00014799717781052143
0.0001482092189306203
0.00014842104170743767
0.00014863241843688372
0.00014884326125215179
0.00014905370465648812
0.0001492638230113842
0.0001494734099457706
0.00014968249255465057
0.00014989119085899872
0.00015009944199313117
0.00015030706462255692
0.00015051424515103524
0.00015072115523502387
0.00015092741032462896
0.0001511330163793393
0.00015133818974262764
0.00015154299787359892
0.00015174708249255232
0.00015195051589765623
0.00015215355374548385
0.00015235610887912658
0.0001525578502796521
0.00015275893245856535
0.00015295970110966838
0.00015315984208224683
0.00015335913239927922
0.0001535577548745753
0.00015375600045864556
0.0001539535043261255
0.00015415017173193852
0.00015434624723150952
0.00015454174024029794
0.0001547364717873408
0.00015493039598925626
0.00015512365449703248
0.00015531618997190937
0.0001555079118381593
0.0001556989121662937
0.00015588919559791299
0.0001560786434462167
0.00015626722540403327
0.00015645506639044607
0.0001566421273609366
0.00015682828668199723
0.00015701355970021148
0.0001571979795248475
0.0001573815980134553
0.0001575642575395769
0.00015774600338559338
0.00015792683624656016
0.0001581067965860536
0.00015828579301385487
0.000158463749671626
0.00015864073579830156
0.00015881680032324132
0.00015899192522886516
0.00015916587504207047
0.0001593387835266944
0.00015951074692401138
0.00015968162633289744
0.00015985133184147674
0.00016001994439265217
0.00016018760564808244
0.00016035403856536605
0.0001605192393491236
0.00016068334122167326
0.00016084632558315985
0.00016100803626032225
0.00016116847136694176
0.0001613277926364092
0.00016148580595119476
0.0001616425299687602
0.00016179800184380207
0.00016195220156258033
0.00016210500580236343
0.00016225641247227202
0.00016240657461917167
0.00016255530922050455
0.00016270263511822277
0.00016284855091784712
0.00016299302816198186
0.00016313602110342
0.00016327752867790972
0.00016341756757587355
0.00016355600779973653
0.00016369292599947803
0.00016382836612652269
0.00016396214579203754
0.00016409425599977405
0.0001642248058145793
0.00016435375900740893
0.00016448090308009448
0.00016460630835312117
0.0001647301770911961
0.0001648522290382584
0.000164972386223383
0.0001650907984101683
0.00016520747950804344
0.00016532222959971112
0.000165435035586266
0.00016554607487550806
0.00016565515727530106
0.00016576219737015572
0.00016586730178623334
0.00016597045842114226
0.00016607152424820553
0.00016617047878960583
0.00016626742255759452
0.00016636219916845587
0.00016645477338674344
0.0001665452763719723
0.00016663355782908166
0.00016671953368676878
0.00016680323809370413
0.00016688471278528323
0.0001669638002255212
0.00016704045938006592
0.00016711484316601756
0.00016718677794827247
0.00016725617006778216
0.00016732307616194455
0.00016738751297042833
0.00016744933995466591
0.00016750850044865717
0.00016756510139821028
0.00016761902553120157
0.00016767017125655679
0.00016771860008621585
0.00016776426392055768
0.0001678070756191598
0.0001678469850150258
0.000167884031515909
0.0001679181343416204
0.0001679492106089419
0.00016797727221664103
0.00016800226894338682
0.0001680241441803399
0.00016804284964782714
0.00016805835836112082
0.00016807062093466315
0.00016807958266901264
0.0001680852057343055
0.00016808743985814308
0.0001680862386289165
0.000168081551647019
0.00016807333097575172
0.00016806152446493356
0.00016804608343810458
0.00016802695331374014
0.00016800408813889787
0.0001679774369271931
0.00016794692874006818
0.00016791252151607426
0.00016787415480042008
0.00016783173916830202
0.00016778526949137273
0.00016773466740696848
0.0001676798691013857
0.00016762082298815305
0.000167557468868871
0.0001674897253303591
0.00016741752537306612
0.0001673408545664571
0.00016725960395769406
0.00016717360973698674
0.00016708298387630344
0.00016698760895333248
0.0001668873129742886
0.00016678208106756626
0.0001666719337411854
0.00016655669944508938
0.00016643616338152497
0.0001663104952072883
0.00016617963804615803
0.0001660431774414455
0.00016590127875469655
0.00016575391790638687
0.00016560087975933603
0.0001654419950735796
0.00016527734957630627
0.00016510690348107835
0.0001649302966992435
0.00016474758579422742
0.00016455877370754509
0.00016436352092332664
0.00016416196803412862
0.00016395388671529876
0.00016373913387229518
0.00016351765955275766
0.00016328939695741987
0.00016305419966371047
0.0001628118203567452
0.00016256242709446802
0.00016230576017830007
0.0001620413635694439
0.00016176962938220792
0.00016149031417095653
0.0001612030015091863
0.00016090774947330168
0.00016060458066589998
0.00016029311558594895
0.0001599730545606874
0.00015964474384995127
0.00015930779613660832
0.00015896162147121382
0.00015860675157771528
0.0001582428937235424
0.0001578692671582087
0.00015748630460664202
0.00015709392169810683
0.0001566914395217078
0.00015627869153986035
0.00015585618101890557
0.00015542319481633396
0.00015497896552393197
0.00015452430467495897
0.0001540589067880341
0.0001535814669886683
0.00015309269146233822
0.00015259274862437962
0.00015208044702161587
0.00015155545846510702
0.0001510184610976184
0.00015046882014411146
0.0001499055035550089
0.0001493291051771979
0.0001487395867861143
0.00014813544956198495
0.00014751715758979094
0.00014688489830366635
0.00014623692107363083
0.00014557370502019622
0.00014489519671401
0.00014420059202751364
0.0001434892959286908
0.00014276159569672823
0.0001420169267525043
0.00014125388195369138
0.00014047309727643117
0.0001396741050692268
0.0001388547795372744
0.00013801622221518945
0.0001371583353681255
0.0001362789427512686
0.00013537792587515278
0.00013445576896190363
0.00013351110254529287
0.0001325419810768108
0.00013154944414671947
0.0001305330628486896
0.00012948964872631677
0.00012841995972792894
0.0001273241963512991
0.00012619908163610108
0.00012504441037889796
0.00012386029892747178
0.00012264492615332714
0.00012139607311443142
0.00012011361846976967
0.00011879684730666128
0.00011744209125103314
0.00011604890499993741
0.0001146169149814002
0.00011314252549945104
0.00011162433180489358
0.00011006095817545411
0.00010844895332151288
0.00010678627525094868
0.00010507049500212338
0.00010329882364076079
0.00010146682689982964
9.95710693471898e-5
9.760864497799518e-5
9.557414996123221e-5
9.346258349656757e-5
9.126831748619103e-5
8.898441847630392e-5
8.660420486095703e-5
8.411840144305643e-5
8.151621890149693e-5
7.878711364446484e-5
7.591536306170023e-5
7.28830353478047e-5
6.967077786248795e-5
6.625094433552893e-5
6.25877440070102e-5
5.863622998691488e-5
5.4332658284944615e-5
4.958197058513096e-5
4.423983261882309e-5
3.8061023927913084e-5
3.053615614769212e-5
2.020486516427281e-5
0.0
0.0
0.0
0.0
0.0
0.0
0.0
0.0
0.0
0.0
0.0
0.0
0.0
0.0
0.0
0.0
0.0
0.0
0.0
0.0
0.0
0.0
0.0
0.0
0.0
0.0
0.0
0.0
0.0
0.0
0.0
0.0
0.0
0.0
0.0
0.0
0.0
0.0
0.0
0.0
0.0
0.0
0.0
0.0
0.0
0.0
0.0
0.0
0.0
0.0
0.0
0.0
0.0
0.0
0.0
0.0
0.0
0.0
0.0
0.0
0.0
0.0
0.0
0.0
0.0
0.0
0.0
0.0
0.0
0.0
0.0
0.0
0.0
0.0
0.0
0.0
0.0
0.0
0.0
0.0
0.0
0.0
0.0
0.0
0.0
0.0
0.0
0.0
0.0
0.0
0.0
0.0
0.0
0.0
0.0
0.0
0.0
0.0
0.0
0.0
0.0
0.0
0.0
0.0
0.0
0.0
0.0
0.0
0.0
0.0
0.0
0.0
0.0
0.0
0.0
0.0
0.0
0.0
0.0
0.0
0.0
0.0
0.0
0.0
0.0
0.0
0.0
0.0
0.0
0.0
0.0
0.0
0.0
0.0
0.0
0.0
0.0
0.0
0.0
0.0
0.0
0.0
0.0
0.0
0.0
0.0
0.0
0.0
0.0
0.0
0.0
0.0
0.0
0.0
0.0
0.0
0.0
0.0
0.0
0.0
0.0
0.0
0.0
0.0
0.0
0.0
0.0
0.0
0.0
0.0
0.0
0.0
0.0
0.0
0.0
0.0
0.0
0.0
0.0
0.0
0.0
0.0
0.0
0.0
0.0
0.0
0.0
0.0
0.0
0.0
0.0
0.0
0.0
0.0
0.0
0.0
0.0
0.0
0.0
0.0
0.0
0.0
0.0
0.0
0.0
0.0
0.0
0.0
0.0
0.0
0.0
0.0
0.0
0.0
0.0
0.0
0.0
0.0
0.0
0.0
0.0
0.0
0.0
0.0
0.0
0.0
0.0
0.0
0.0
0.0
0.0
0.0
0.0
0.0
0.0
0.0
0.0
0.0
0.0
0.0
0.0
0.0
0.0
0.0
0.0
0.0
0.0
0.0
0.0
0.0
0.0
0.0
0.0
0.0
0.0
0.0
0.0
0.0
0.0
0.0
0.0
0.0
0.0
0.0
0.0
0.0
0.0
0.0
0.0
0.0
0.0
0.0
0.0
0.0
0.0
0.0
0.0
0.0
0.0
0.0
0.0
0.0
0.0
0.0
0.0
0.0
0.0
0.0
0.0
0.0
0.0
0.0
0.0
0.0
0.0
0.0
0.0
0.0
0.0
0.0
0.0
0.0
0.0
0.0
0.0
0.0
0.0
0.0
0.0
0.0
0.0
0.0
0.0
0.0
0.0
0.0
0.0
0.0
0.0
0.0
0.0
0.0
0.0
0.0
0.0
0.0
0.0
0.0
0.0
0.0
0.0
0.0
0.0
0.0
0.0
0.0
0.0
0.0
0.0
0.0
0.0
0.0
0.0
0.0
0.0
0.0
0.0
0.0
0.0
0.0
0.0
0.0
0.0
0.0
0.0
0.0
0.0
0.0
0.0
0.0
0.0
0.0
0.0
0.0
0.0
0.0
0.0
0.0
0.0
0.0
0.0
0.0
0.0
0.0
0.0
0.0
0.0
0.0
0.0
0.0
0.0
0.0
0.0
0.0
0.0
0.0
0.0
0.0
0.0
0.0
0.0
0.0
0.0
0.0
0.0
0.0
0.0
0.0
0.0
0.0
0.0
0.0
0.0
0.0
0.0
0.0
0.0
0.0
0.0
0.0
0.0
0.0
0.0
0.0
0.0
0.0
0.0
0.0
0.0
0.0
0.0
0.0
0.0
0.0
0.0
0.0
0.0
0.0
0.0
0.0
0.0
0.0
0.0
0.0
0.0
0.0
0.0
0.0
0.0
0.0
0.0
0.0
0.0
0.0
0.0
0.0
0.0
0.0
0.0
0.0
0.0
0.0
0.0
0.0
0.0
0.0
0.0
0.0
0.0
0.0
0.0
0.0
0.0
0.0
0.0
0.0
0.0
0.0
0.0
0.0
0.0
0.0
0.0
0.0
0.0
0.0
0.0
0.0
0.0
0.0
0.0
0.0
0.0
0.0
0.0
0.0
0.0
0.0
0.0
0.0
0.0
0.0
0.0
0.0
0.0
0.0
0.0
0.0
0.0
0.0
0.0
0.0
0.0
0.0
0.0
0.0
0.0
0.0
0.0
0.0
0.0
0.0
0.0
0.0
0.0
0.0
0.0
0.0
0.0
0.0
0.0
0.0
0.0
0.0
0.0
0.0
0.0
0.0
0.0
0.0
0.0
0.0
0.0
0.0
0.0
0.0
0.0
0.0
0.0
0.0
0.0
0.0
0.0
0.0
0.0
0.0
0.0
0.0
0.0
0.0
0.0
0.0
0.0
0.0
0.0
0.0
0.0
0.0
0.0
0.0
0.0
0.0
0.0
0.0
0.0
0.0
0.0
0.0
0.0
0.0
0.0
0.0
0.0
0.0
0.0
0.0
0.0
0.0
0.0
0.0
0.0
0.0
0.0
0.0
0.0
0.0
0.0
0.0
0.0
0.0
0.0
0.0
0.0
0.0
0.0
0.0
0.0
0.0
0.0
0.0
0.0
0.0
0.0
0.0
0.0
0.0
0.0
0.0
0.0
0.0
0.0
0.0
0.0
0.0
0.0
0.0
0.0
0.0
0.0
0.0
0.0
0.0
0.0
0.0
0.0
0.0
0.0
0.0
0.0
0.0
0.0
0.0
0.0
0.0
0.0
0.0
0.0
0.0
0.0
0.0
0.0
0.0
0.0
0.0
0.0
0.0
0.0
0.0
0.0
0.0
0.0
0.0
0.0
0.0
0.0
0.0
0.0
0.0
0.0
0.0
0.0
0.0
0.0
0.0
0.0
0.0
0.0
0.0
0.0
0.0
0.0
0.0
0.0
0.0
0.0
0.0
0.0
0.0
0.0
0.0
0.0
0.0
0.0
0.0
0.0
0.0
0.0
0.0
0.0
0.0
0.0
0.0
0.0
0.0
0.0
0.0
0.0
0.0
0.0
0.0
0.0
0.0
0.0
0.0
0.0
0.0
0.0
0.0
0.0
0.0
0.0
0.0
0.0
0.0
0.0
0.0
0.0
0.0
0.0
0.0
0.0
0.0
0.0
0.0
0.0
0.0
0.0
0.0
0.0
0.0
0.0
0.0
0.0
0.0
0.0
0.0
0.0
0.0
0.0
0.0
0.0
0.0
0.0
0.0
0.0
0.0
0.0
0.0
0.0
0.0
0.0
0.0
0.0
0.0
0.0
0.0
0.0
0.0
0.0
0.0
0.0
0.0
0.0
0.0
0.0
0.0
0.0
0.0
0.0
0.0
0.0
0.0
0.0
0.0
0.0
0.0
0.0
0.0
0.0
0.0
0.0
0.0
0.0
0.0
0.0
0.0
0.0
0.0
0.0
0.0
0.0
0.0
0.0
0.0
0.0
0.0
0.0
0.0
0.0
0.0
0.0
0.0
0.0
0.0
0.0
0.0
0.0
0.0
0.0
0.0
0.0
0.0
0.0
0.0
0.0
0.0
0.0
0.0
0.0
0.0
0.0
0.0
0.0
0.0
0.0
0.0
0.0
0.0
0.0
0.0
0.0
0.0
0.0
0.0
0.0
0.0
0.0
0.0
0.0
0.0
0.0
0.0
0.0
0.0
0.0
0.0
0.0
0.0
0.0
0.0
0.0
0.0
0.0
0.0
0.0
0.0
0.0
0.0
0.0
0.0
0.0
0.0
0.0
0.0
0.0
0.0
0.0
0.0
0.0
0.0
0.0
0.0
0.0
0.0
0.0
0.0
0.0
0.0
0.0
0.0
0.0
0.0
0.0
0.0
0.0
0.0
0.0
0.0
0.0
0.0
0.0
0.0
0.0
0.0
0.0
0.0
0.0
0.0
0.0
0.0
0.0
0.0
0.0
0.0
0.0
0.0
0.0
0.0
0.0
0.0
0.0
0.0
0.0
0.0
0.0
0.0
0.0
0.0
0.0
0.0
0.0
0.0
0.0
0.0
0.0
0.0
0.0
0.0
0.0
0.0
0.0
0.0
0.0
0.0
0.0
0.0
0.0
0.0
0.0
0.0
0.0
0.0
0.0
0.0
0.0
0.0
0.0
0.0
0.0
0.0
0.0
0.0
0.0
0.0
0.0
0.0
0.0
0.0
0.0
0.0
0.0
0.0
0.0
0.0
0.0
0.0
0.0
0.0
0.0
0.0
0.0
0.0
0.0
0.0
0.0
0.0
0.0
0.0
0.0
0.0
0.0
0.0
0.0
0.0
0.0
0.0
0.0
0.0
0.0
0.0
0.0
0.0
0.0
0.0
0.0
0.0
0.0
0.0
0.0
0.0
0.0
0.0
0.0
0.0
0.0
0.0
0.0
0.0
0.0
0.0
0.0
0.0
0.0
0.0
0.0
0.0
0.0
0.0
0.0
0.0
0.0
0.0
0.0
0.0
0.0
0.0
0.0
0.0
0.0
0.0
0.0
0.0
0.0
0.0
0.0
0.0
0.0
0.0
0.0
0.0
0.0
0.0
0.0
0.0
0.0
0.0
0.0
0.0
0.0
0.0
0.0
0.0
0.0
0.0
0.0
0.0
0.0
0.0
0.0
0.0
0.0
0.0
0.0
0.0
0.0
0.0
0.0
0.0
0.0
0.0
0.0
0.0
0.0
0.0
0.0
0.0
0.0
0.0
0.0
0.0
0.0
0.0
0.0
0.0
0.0
0.0
0.0
0.0
0.0
0.0
0.0
0.0
0.0
0.0
0.0
0.0
0.0
0.0
0.0
0.0
0.0
0.0
0.0
0.0
0.0
0.0
0.0
0.0
0.0
0.0
0.0
0.0
0.0
0.0
0.0
0.0
0.0
0.0
0.0
0.0
0.0
0.0
0.0
0.0
0.0
0.0
0.0
0.0
0.0
0.0
0.0
0.0
0.0
0.0
0.0
0.0
0.0
0.0
0.0
0.0
0.0
0.0
0.0
0.0
0.0
0.0
0.0
0.0
0.0
0.0
0.0
0.0
0.0
0.0
0.0
0.0
0.0
0.0
0.0
0.0
0.0
0.0
0.0
0.0
0.0
0.0
0.0
0.0
0.0
0.0
0.0
0.0
0.0
0.0
0.0
0.0
0.0
0.0
0.0
0.0
0.0
0.0
0.0
0.0
0.0
0.0
0.0
0.0
0.0
0.0
0.0
0.0
0.0
0.0
0.0
0.0
0.0
0.0
0.0
0.0
0.0
0.0
0.0
0.0
0.0
0.0
0.0
0.0
0.0
0.0
0.0
0.0
0.0
0.0
0.0
0.0
0.0
0.0
0.0
0.0
0.0
0.0
0.0
0.0
0.0
0.0
0.0
0.0
0.0
0.0
0.0
0.0
0.0
0.0
0.0
0.0
0.0
0.0
0.0
0.0
0.0
0.0
0.0
0.0
0.0
0.0
0.0
0.0
0.0
0.0
0.0
0.0
0.0
0.0
0.0
0.0
0.0
0.0
0.0
0.0
0.0
0.0
0.0
0.0
0.0
0.0
0.0
0.0
0.0
0.0
0.0
0.0
0.0
0.0
0.0
0.0
0.0
0.0
0.0
0.0
0.0
0.0
0.0
0.0
0.0
0.0
0.0
0.0
0.0
0.0
0.0
0.0
0.0
0.0
0.0
0.0
0.0
0.0
0.0
0.0
0.0
0.0
0.0
0.0
0.0
0.0
0.0
0.0
0.0
0.0
0.0
0.0
0.0
0.0
0.0
0.0
0.0
0.0
0.0
0.0
0.0
0.0
0.0
0.0
0.0
0.0
0.0
0.0
0.0
0.0
0.0
0.0
0.0
0.0
0.0
0.0
0.0
0.0
0.0
0.0
0.0
0.0
0.0
0.0
0.0
0.0
0.0
0.0
0.0
0.0
0.0
0.0
0.0
0.0
0.0
0.0
0.0
0.0
0.0
0.0
0.0
0.0
0.0
0.0
0.0
0.0
0.0
0.0
0.0
0.0
0.0
0.0
0.0
0.0
0.0
0.0
0.0
0.0
0.0
0.0
0.0
0.0
0.0
0.0
0.0
0.0
0.0
0.0
0.0
0.0
0.0
0.0
0.0
0.0
0.0
0.0
0.0
0.0
0.0
0.0
0.0
0.0
0.0
0.0
0.0
0.0
0.0
0.0
0.0
0.0
0.0
0.0
0.0
0.0
0.0
0.0
0.0
0.0
0.0
0.0
0.0
0.0
0.0
0.0
0.0
0.0
0.0
0.0
0.0
0.0
0.0
0.0
0.0
0.0
0.0
0.0
0.0
0.0
0.0
0.0
0.0
0.0
0.0
0.0
0.0
0.0
0.0
0.0
0.0
0.0
0.0
0.0
0.0
0.0
0.0
0.0
0.0
0.0
0.0
0.0
0.0
0.0
0.0
0.0
0.0
0.0
0.0
0.0
0.0
0.0
0.0
0.0
0.0
0.0
0.0
0.0
0.0
0.0
0.0
0.0
0.0
0.0
0.0
0.0
0.0
0.0
0.0
0.0
0.0
0.0
0.0
0.0
0.0
0.0
0.0
0.0
0.0
0.0
0.0
0.0
0.0
0.0
0.0
0.0
0.0
0.0
0.0
0.0
0.0
0.0
0.0
0.0
0.0
0.0
0.0
0.0
0.0
0.0
0.0
0.0
0.0
0.0
0.0
0.0
0.0
0.0
0.0
0.0
0.0
0.0
0.0
0.0
0.0
0.0
0.0
0.0
0.0
0.0
0.0
0.0
0.0
0.0
0.0
0.0
0.0
0.0
0.0
0.0
0.0
0.0
0.0
0.0
0.0
0.0
0.0
0.0
0.0
0.0
0.0
0.0
0.0
0.0
0.0
0.0
0.0
0.0
0.0
0.0
0.0
0.0
0.0
0.0
0.0
0.0
0.0
0.0
0.0
0.0
0.0
0.0
0.0
0.0
0.0
0.0
0.0
0.0
0.0
0.0
0.0
0.0
0.0
0.0
0.0
0.0
0.0
0.0
0.0
0.0
0.0
0.0
0.0
0.0
0.0
0.0
0.0
0.0
0.0
0.0
0.0
0.0
0.0
0.0
0.0
0.0
0.0
0.0
0.0
0.0
0.0
0.0
0.0
0.0
0.0
0.0
0.0
0.0
0.0
0.0
0.0
0.0
0.0
0.0
0.0
0.0
0.0
0.0
0.0
0.0
0.0
0.0
0.0
0.0
0.0
0.0
0.0
0.0
0.0
0.0
0.0
0.0
0.0
0.0
0.0
0.0
0.0
0.0
0.0
0.0
0.0
0.0
0.0
0.0
0.0
0.0
0.0
0.0
0.0
0.0
0.0
0.0
0.0
0.0
0.0
0.0
0.0
0.0
0.0
0.0
0.0
0.0
0.0
0.0
0.0
0.0
0.0
0.0
0.0
0.0
0.0
0.0
0.0
0.0
0.0
0.0
0.0
0.0
0.0
0.0
0.0
0.0
0.0
0.0
0.0
0.0
0.0
0.0
0.0
0.0
0.0
0.0
0.0
0.0
0.0
0.0
0.0
0.0
0.0
0.0
0.0
0.0
0.0
0.0
0.0
0.0
0.0
0.0
0.0
0.0
0.0
0.0
0.0
0.0
0.0
0.0
0.0
0.0
0.0
0.0
0.0
0.0
0.0
0.0
0.0
0.0
0.0
0.0
0.0
0.0
0.0
0.0
0.0
0.0
0.0
0.0
0.0
0.0
0.0
0.0
0.0
0.0
0.0
0.0
0.0
0.0
0.0
0.0
0.0
0.0
0.0
0.0
0.0
0.0
0.0
0.0
0.0
0.0
0.0
0.0
0.0
0.0
0.0
0.0
0.0
0.0
0.0
0.0
0.0
0.0
0.0
0.0
0.0
0.0
0.0
0.0
0.0
0.0
0.0
0.0
0.0
0.0
0.0
0.0
0.0
0.0
0.0
0.0
0.0
0.0
0.0
0.0
0.0
0.0
0.0
0.0
0.0
0.0
0.0
0.0
0.0
0.0
0.0
0.0
0.0
0.0
0.0
0.0
0.0
0.0
0.0
0.0
0.0
0.0
0.0
0.0
0.0
0.0
0.0
0.0
0.0
0.0
0.0
0.0
0.0
0.0
0.0
0.0
0.0
0.0
0.0
0.0
0.0
0.0
0.0
0.0
0.0
0.0
0.0
0.0
0.0
0.0
0.0
0.0
0.0
0.0
0.0
0.0
0.0
0.0
0.0
0.0
0.0
0.0
0.0
0.0
0.0
0.0
0.0
0.0
0.0
0.0
0.0
0.0
0.0
0.0
0.0
0.0
0.0
0.0
0.0
0.0
0.0
0.0
0.0
0.0
0.0
0.0
0.0
0.0
0.0
0.0
0.0
0.0
0.0
0.0
0.0
0.0
0.0
0.0
0.0
0.0
0.0
0.0
0.0
0.0
0.0
0.0
0.0
0.0
0.0
0.0
0.0
0.0
0.0
0.0
0.0
0.0
0.0
0.0
0.0
0.0
0.0
0.0
0.0
0.0
0.0
0.0
0.0
0.0
0.0
0.0
0.0
0.0
0.0
0.0
0.0
0.0
0.0
0.0
0.0
0.0
0.0
0.0
0.0
0.0
0.0
0.0
0.0
0.0
0.0
0.0
0.0
0.0
0.0
0.0
0.0
0.0
0.0
0.0
0.0
0.0
0.0
0.0
0.0
0.0
0.0
0.0
0.0
0.0
0.0
0.0
0.0
0.0
0.0
0.0
0.0
0.0
0.0
0.0
0.0
0.0
0.0
0.0
0.0
0.0
0.0
0.0
0.0
0.0
0.0
0.0
0.0
0.0
0.0
0.0
0.0
0.0
0.0
0.0
0.0
0.0
0.0
0.0
0.0
0.0
0.0
0.0
0.0
0.0
0.0
0.0
0.0
0.0
0.0
0.0
0.0
0.0
0.0
0.0
0.0
0.0
0.0
0.0
0.0
0.0
0.0
0.0
0.0
0.0
0.0
0.0
0.0
0.0
0.0
0.0
0.0
0.0
0.0
0.0
0.0
0.0
0.0
0.0
0.0
0.0
0.0
0.0
0.0
0.0
0.0
0.0
0.0
0.0
0.0
0.0
0.0
0.0
0.0
0.0
0.0
0.0
0.0
0.0
0.0
0.0
0.0
0.0
0.0
0.0
0.0
0.0
0.0
0.0
0.0
0.0
0.0
0.0
0.0
0.0
0.0
0.0
0.0
0.0
0.0
0.0
0.0
0.0
0.0
0.0
0.0
0.0
0.0
0.0
0.0
0.0
0.0
0.0
0.0
0.0
0.0
0.0
0.0
0.0
0.0
0.0
0.0
0.0
0.0
0.0
0.0
0.0
0.0
0.0
0.0
0.0
0.0
0.0
0.0
0.0
0.0
0.0
0.0
0.0
0.0
0.0
0.0
0.0
0.0
0.0
0.0
0.0
0.0
0.0
0.0
0.0
0.0
0.0
0.0
0.0
0.0
0.0
0.0
0.0
0.0
0.0
0.0
0.0
0.0
0.0
0.0
0.0
0.0
0.0
0.0
0.0
0.0
0.0
0.0
0.0
0.0
0.0
0.0
0.0
0.0
0.0
0.0
0.0
0.0
0.0
0.0
0.0
0.0
0.0
0.0
0.0
0.0
0.0
0.0
0.0
0.0
0.0
0.0
0.0
0.0
0.0
0.0
0.0
0.0
0.0
0.0
0.0
0.0
0.0
0.0
0.0
0.0
0.0
0.0
0.0
0.0
0.0
0.0
0.0
0.0
0.0
0.0
0.0
0.0
0.0
0.0
0.0
0.0
0.0
0.0
0.0
0.0
0.0
0.0
0.0
0.0
0.0
0.0
0.0
0.0
0.0
0.0
0.0
0.0
0.0
0.0
0.0
0.0
0.0
0.0
0.0
0.0
0.0
0.0
0.0
0.0
0.0
0.0
0.0
0.0
0.0
0.0
0.0
0.0
0.0
0.0
0.0
0.0
0.0
0.0
0.0
0.0
0.0
0.0
0.0
0.0
0.0
0.0
0.0
0.0
0.0
0.0
0.0
0.0
0.0
0.0
0.0
0.0
0.0
0.0
0.0
0.0
0.0
0.0
0.0
0.0
0.0
0.0
0.0
0.0
0.0
0.0
0.0
0.0
0.0
0.0
0.0
0.0
0.0
0.0
0.0
0.0
0.0
0.0
0.0
0.0
0.0
0.0
0.0
0.0
0.0
0.0
0.0
0.0
0.0
0.0
0.0
0.0
0.0
0.0
0.0
0.0
0.0
0.0
0.0
0.0
0.0
0.0
0.0
0.0
0.0
0.0
0.0
0.0
0.0
0.0
0.0
0.0
0.0
0.0
0.0
0.0
0.0
0.0
0.0
0.0
0.0
0.0
0.0
0.0
0.0
0.0
0.0
0.0
0.0
0.0
0.0
0.0
0.0
0.0
0.0
0.0
0.0
0.0
0.0
0.0
0.0
0.0
0.0
0.0
0.0
0.0
0.0
0.0
0.0
0.0
0.0
0.0
0.0
0.0
0.0
0.0
0.0
0.0
0.0
0.0
0.0
0.0
0.0
0.0
0.0
0.0
0.0
0.0
0.0
0.0
0.0
0.0
0.0
0.0
0.0
0.0
0.0
0.0
0.0
0.0
0.0
0.0
0.0
0.0
0.0
0.0
0.0
0.0
0.0
0.0
0.0
0.0
0.0
0.0
0.0
0.0
0.0
0.0
0.0
0.0
0.0
0.0
0.0
0.0
0.0
0.0
0.0
0.0
0.0
0.0
0.0
0.0
0.0
0.0
0.0
0.0
0.0
0.0
0.0
0.0
0.0
0.0
0.0
0.0
0.0
0.0
0.0
0.0
0.0
0.0
0.0
0.0
0.0
0.0
0.0
0.0
0.0
0.0
0.0
0.0
0.0
0.0
0.0
0.0
0.0
0.0
0.0
0.0
0.0
0.0
0.0
0.0
0.0
0.0
0.0
0.0
0.0
0.0
0.0
0.0
0.0
0.0
0.0
0.0
0.0
0.0
0.0
0.0
0.0
0.0
0.0
0.0
0.0
0.0
0.0
0.0
0.0
0.0
0.0
0.0
0.0
0.0
0.0
0.0
0.0
0.0
0.0
0.0
0.0
0.0
0.0
0.0
0.0
0.0
0.0
0.0
0.0
0.0
0.0
0.0
0.0
0.0
0.0
0.0
0.0
0.0
0.0
0.0
0.0
0.0
0.0
0.0
0.0
0.0
0.0
0.0
0.0
0.0
0.0
0.0
0.0
0.0
0.0
0.0
0.0
0.0
0.0
0.0
0.0
0.0
0.0
0.0
0.0
0.0
0.0
0.0
0.0
0.0
0.0
0.0
0.0
0.0
0.0
0.0
0.0
0.0
0.0
0.0
0.0
0.0
0.0
0.0
0.0
0.0
0.0
0.0
0.0
0.0
0.0
0.0
0.0
0.0
0.0
0.0
0.0
0.0
0.0
0.0
0.0
0.0
0.0
0.0
0.0
0.0
0.0
0.0
0.0
0.0
0.0
0.0
0.0
0.0
0.0
0.0
0.0
0.0
0.0
0.0
0.0
0.0
0.0
0.0
0.0
0.0
0.0
0.0
0.0
0.0
0.0
0.0
0.0
0.0
0.0
0.0
0.0
0.0
0.0
0.0
0.0
0.0
0.0
0.0
0.0
0.0
0.0
0.0
0.0
0.0
0.0
0.0
0.0
0.0
0.0
0.0
0.0
0.0
0.0
0.0
0.0
0.0
0.0
0.0
0.0
0.0
0.0
0.0
0.0
0.0
0.0
0.0
0.0
0.0
0.0
0.0
0.0
0.0
0.0
0.0
0.0
0.0
0.0
0.0
0.0
0.0
0.0
0.0
0.0
0.0
0.0
0.0
0.0
0.0
0.0
0.0
0.0
0.0
0.0
0.0
0.0
0.0
0.0
0.0
0.0
0.0
0.0
0.0
0.0
0.0
0.0
0.0
0.0
0.0
0.0
0.0
0.0
0.0
0.0
0.0
0.0
0.0
0.0
0.0
0.0
0.0
0.0
0.0
0.0
0.0
0.0
0.0
0.0
0.0
0.0
0.0
0.0
0.0
0.0
0.0
0.0
0.0
0.0
0.0
0.0
0.0
0.0
0.0
0.0
0.0
0.0
0.0
0.0
0.0
0.0
0.0
0.0
0.0
0.0
0.0
0.0
0.0
0.0
0.0
0.0
0.0
0.0
0.0
0.0
0.0
0.0
0.0
0.0
0.0
0.0
0.0
0.0
0.0
0.0
0.0
0.0
0.0
0.0
0.0
0.0
0.0
0.0
0.0
0.0
0.0
0.0
0.0
0.0
0.0
0.0
0.0
0.0
0.0
0.0
0.0
0.0
0.0
0.0
0.0
0.0
0.0
0.0
0.0
0.0
0.0
0.0
0.0
0.0
0.0
0.0
0.0
0.0
0.0
0.0
0.0
0.0
0.0
0.0
0.0
0.0
0.0
0.0
0.0
0.0
0.0
0.0
0.0
0.0
0.0
0.0
0.0
0.0
0.0
0.0
0.0
0.0
0.0
0.0
0.0
0.0
0.0
0.0
0.0
0.0
0.0
0.0
0.0
0.0
0.0
0.0
0.0
0.0
0.0
0.0
0.0
0.0
0.0
0.0
0.0
0.0
0.0
0.0
0.0
0.0
0.0
0.0
0.0
0.0
0.0
0.0
0.0
0.0
0.0
0.0
0.0
0.0
0.0
0.0
0.0
0.0
0.0
0.0
0.0
0.0
0.0
0.0
0.0
0.0
0.0
0.0
0.0
0.0
0.0
0.0
0.0
0.0
0.0
0.0
0.0
0.0
0.0
0.0
0.0
0.0
0.0
0.0
0.0
0.0
0.0
0.0
0.0
0.0
0.0
0.0
0.0
0.0
0.0
0.0
0.0
0.0
0.0
0.0
0.0
0.0
0.0
0.0
0.0
0.0
0.0
0.0
0.0
0.0
0.0
0.0
0.0
0.0
0.0
0.0
0.0
0.0
0.0
0.0
0.0
0.0
0.0
0.0
0.0
0.0
0.0
0.0
0.0
0.0
0.0
0.0
0.0
0.0
0.0
0.0
0.0
0.0
0.0
0.0
0.0
0.0
0.0
0.0
0.0
0.0
0.0
0.0
0.0
0.0
0.0
0.0
0.0
0.0
0.0
0.0
0.0
