0.00665421960406665
0.00665448922368638
0.006654726416887306
0.006654944062797611
0.006655147582041842
0.006655340306362292
0.006655524494880474
0.006655701747771143
0.006655873233512345
0.00665603975320573
0.006656201003547569
0.0066563587974491235
0.006656512830456412
0.006656664014502939
0.006656812492589207
0.006656958507637477
0.006657102405514874
0.00665724428433203
0.006657384328332855
0.006657522721546301
0.006657659165897342
0.006657794083993675
0.006657927717219148
0.006658060126935226
0.006658191253232386
0.006658321150308575
0.006658449980134594
0.006658577884476813
0.006658704915571562
0.0066588310760106306
0.006658956377375118
0.0066590806375594145
0.00665920426427716
0.006659327269820889
0.006659449642621426
0.006659571363809225
0.006659692465559601
0.006659812959875752
0.006659932849395847
0.0066600522000968805
0.0066601710591051855
0.006660289402664746
0.006660407079723708
0.006660524318575202
0.006660641151560036
0.0066607575511229465
0.006660873495428942
0.00666098902490763
0.006661104189557446
0.0066612190186582446
0.006661333525326951
0.006661447686306562
0.006661561448084957
0.006661674813809435
0.006661787724729464
0.006661900350328141
0.006662012722971058
0.006662124859772006
0.006662236780136086
0.006662348487712657
0.006662459976218069
0.006662571220521528
0.0066626821901474105
0.006662792911036164
0.006662903417793913
0.006663013685973788
0.006663123637575638
0.006663233435572905
0.0066633430775922655
0.006663452571581891
0.00666356191573832
0.006663671092733559
0.006663780084576343
0.006663888893620553
0.006663997545870923
0.006664106069993774
0.006664214478628472
0.006664322781326426
0.00666443089409182
0.006664538799941312
0.0066646465567425225
0.006664754182255687
0.00666486169229688
0.0066649690878807285
0.0066650763758932885
0.006665183563407658
0.006665290657022896
0.006665397673581456
0.006665504627362263
0.006665611512465323
0.006665718342350455
0.006665825040510862
0.006665931670786394
0.006666038198287444
0.006666144662003575
0.006666251046940426
0.006666357302140444
0.006666463464870623
0.006666569568010381
0.006666675623048526
0.0066667816517055785
0.006666887642525484
0.006666993600623975
0.006667099534880891
0.006667205446649003
0.006667311273295964
0.006667417073199323
0.006667522830095876
0.006667628547671996
0.006667734243298736
0.006667839908855728
0.006667945510845455
0.006668051065337669
0.006668156587091022
0.006668262052030138
0.006668367479680892
0.0066684728959263894
0.006668578315746776
0.006668683739734005
0.006668789122582867
0.006668894504145264
0.006668999893579651
0.006669105286206346
0.006669210674603174
0.0066693160583410635
0.006669421443791741
0.006669526838110044
0.0066696322443538115
0.006669737650968516
0.006669843048604693
0.00666994845851572
0.006670053884128942
0.006670159307829441
0.006670264717047499
0.006670370090250157
0.006670475453969993
0.006670580832994872
0.0066706862376778265
0.006670791665843838
0.006670897113024005
0.006671002586731048
0.006671108084527587
0.006671213608625179
0.006671319161654823
0.006671424748455519
0.00667153037940805
0.006671636023415903
0.006671741687988706
0.006671847378263771
0.0066719531204610626
0.006672058856633816
0.00667216460968793
0.006672270412524564
0.006672376236637052
0.006672482076992183
0.006672587973840284
0.006672693908471062
0.006672799847549077
0.006672905816313677
0.006673011842701831
0.0066731179139914495
0.006673224026880914
0.006673330187883823
0.0066734363946983856
0.006673542662078777
0.006673648937470992
0.006673755276014789
0.006673861659178168
0.00667396806903184
0.006674074568262993
0.006674181102714765
0.006674287687926178
0.0066743943187269755
0.006674501022136923
0.00667460777146146
0.006674714560435301
0.006674821407066642
0.0066749283128933875
0.006675035281554883
0.0066751422921930165
0.006675249357455059
0.00667535646932421
0.006675463649277104
0.006675570867411599
0.0066756781053219924
0.006675785358814099
0.006675892713108666
0.006676000119982112
0.006676107613051951
0.00667621517595854
0.006676322802874335
0.006676430504748499
0.006676538270847948
0.006676646111536083
0.006676754027297911
0.006676862010931836
0.0066769700784283376
0.006677078207537407
0.006677186387023761
0.006677294648154986
0.006677402970803276
0.006677511367545349
0.006677619870878706
0.0066777283889097715
0.006677836990933015
0.006677945630174126
0.006678054329899948
0.00667816310813009
0.006678271968925273
0.006678380880775663
0.0066784898643912375
0.006678598921540568
0.006678708034410784
0.006678817225043479
0.00667892651648003
0.0066790358852053125
0.006679145319496643
0.006679254853510121
0.006679364489086362
0.0066794741749619645
0.006679583953895565
0.006679693831012373
0.006679803741108722
0.006679913740911361
0.0066800238083762325
0.0066801339712171375
0.006680244226176296
0.006680354525979031
0.006680464922907833
0.006680575411939449
0.006680685976520034
0.006680796619886252
0.006680907355066821
0.00668101818774782
0.006681129104403494
0.006681240090290609
0.006681351154457869
0.0066814623196596685
0.006681573582860353
0.00668168490084265
0.00668179628479598
0.00668190775917025
0.0066820193436088835
0.0066821309860210735
0.006682242695104435
0.0066823544846097436
0.006682466402204489
0.006682578394308692
0.006682690441519654
0.006682802584511414
0.006682914846077184
0.006683027168197342
0.006683139568612413
0.006683252079080814
0.006683364695148176
0.006683477390646493
0.006683590160860718
0.006683703024719138
0.006683815993838562
0.006683929071166013
0.006684042250563357
0.006684155515278777
0.006684268861078694
0.006684382280948959
0.006684495781953235
0.006684609393775588
0.006684723140626622
0.00668483695519133
0.006684950842664082
0.006685064812312934
0.00668517887329573
0.006685293053500321
0.006685407332921074
0.00668552166244111
0.006685636103653732
0.006685750631158928
0.006685865216894059
0.006685979886178437
0.006686094661148762
0.006686209538360921
0.006686324499379148
0.006686439533996019
0.006686554662980824
0.006686669918608836
0.006686785301096278
0.0066869007793055
0.006687016335006974
0.006687131969345075
0.006687247701965596
0.006687363549858072
0.0066874795031886735
0.006687595537592632
0.006687711649004214
0.006687827844835072
0.006687944151474443
0.006688060559337619
0.006688177079828546
0.00668829371062909
0.006688410416467765
0.006688527209611619
0.0066886440933871345
0.00668876107815725
0.006688878163817567
0.0066889953393524494
0.006689112639979863
0.006689230035027371
0.006689347496851138
0.006689465042147158
0.006689582674162624
0.00668970039825998
0.0066898182254052675
0.006689936163985448
0.00669005420494781
0.006690172331994786
0.00669029053394024
0.006690408822484953
0.0066905272233493155
0.006690645743963267
0.006690764374923074
0.006690883091873753
0.0066910018828725834
0.006691120749927102
0.006691239729158582
0.006691358809450709
0.00669147799183172
0.006691597289267678
0.006691716684992237
0.006691836156673034
0.006691955711850221
0.006692075361989209
0.006692195108519625
0.006692314947518186
0.006692434882443728
0.006692554923088156
0.0066926750629020025
0.006692795291582634
0.006692915619674842
0.006693036047616419
0.0066931565582558535
0.006693277150905418
0.006693397836561571
0.006693518633389994
0.006693639549954637
0.00669376055470374
0.006693881640497405
0.006694002818138346
0.006694124093572532
0.006694245464930091
0.006694366932477416
0.006694488498415632
0.006694610162843864
0.006694731920351923
0.0066948537557058735
0.006694975685319855
0.006695097717059608
0.0066952198514528575
0.0066953420823489904
0.006695464401054401
0.006695586802620473
0.006695709288319112
0.006695831861378364
0.006695954523939769
0.0066960772770374
0.006696200121047432
0.006696323057797346
0.00669644609237989
0.006696569229543014
0.006696692463624349
0.006696815780521108
0.006696939194964958
0.0066970627108578285
0.006697186308337142
0.006697309990253216
0.006697433760509174
0.0066975576172693405
0.006697681560195712
0.006697805600774403
0.006697929744759412
0.006698053979405767
0.006698178297610393
0.006698302702954413
0.006698427199179132
0.006698551782693824
0.0066986764455922825
0.006698801175823395
0.006698926012413093
0.0066990509395808105
0.006699175939502743
0.006699301017251667
0.006699426193769006
0.006699551472986968
0.006699676843701248
0.00669980230053083
0.006699927838611845
0.0067000534559398675
0.006700179150995284
0.006700304906077029
0.006700430770237841
0.006700556729176596
0.006700682767380432
0.0067008088824211266
0.006700935073259467
0.006701061337964015
0.006701187677975161
0.006701314099307795
0.006701440606637135
0.006701567201656038
0.006701693878244355
0.006701820649732174
0.006701947522938465
0.006702074472943473
0.0067022014960951325
0.0067023286004669076
0.006702455783770633
0.00670258303850728
0.006702710359293935
0.006702837735998211
0.006702965168494714
0.006703092707050699
0.006703220344815099
0.0067033480601071845
0.006703475841853394
0.0067036036857230025
0.006703731614909379
0.006703859620265469
0.006703987682153613
0.006704115822334609
0.006704244060308194
0.006704372351957668
0.006704500701794362
0.006704629130371844
0.006704757635148766
0.006704886207439041
0.00670501483392977
0.006705143529603052
0.006705272310072639
0.0067054011552025
0.006705530076575266
0.006705659063619271
0.0067057881126456305
0.006705917245212151
0.006706046421851632
0.00670617569525097
0.0067063050461677
0.00670643445056871
0.006706563903407358
0.0067066933972539525
0.006706822922718339
0.006706952474989005
0.006707082166529223
0.006707211991962878
0.006707341868715175
0.006707471795195326
0.006707601769668408
0.006707731787002882
0.006707861826145392
0.00670799190045306
0.006708122062273029
0.00670825229277071
0.006708382571047084
0.0067085129105033964
0.006708643278740699
0.006708773680857788
0.006708904133567178
0.00670903466474145
0.006709165246863962
0.006709295908978811
0.00670942661937593
0.0067095573534916
0.006709688132681248
0.00670981902909463
0.0067099499492484765
0.006710080874747413
0.006710211879069924
0.006710342944265289
0.0067104740179872256
0.006710605139667479
0.006710736317242532
0.006710867537860571
0.0067109987876020055
0.006711130092445582
0.006711261423226119
0.0067113927964447765
0.006711524225788725
0.006711655681879833
0.0067117871689564785
0.006711918675060273
0.006712050181141096
0.006712181786479537
0.006712313437655626
0.0067124451092635245
0.006712576796035627
0.006712708475545434
0.006712840143427813
0.00671297194550113
0.006713103822744896
0.006713235710284824
0.006713367598503839
0.00671349947736494
0.006713631340763469
0.00671376323965187
0.006713895206994449
0.006714027237958167
0.006714159300097913
0.006714291341485832
0.00671442340995902
0.006714555516639167
0.006714687632616957
0.006714819753778305
0.006714951865729509
0.006715084004152525
0.006715216203781417
0.006715348439073273
0.006715480681111033
0.006715612914782427
0.006715745117402511
0.0067158773432142455
0.006716009580913597
0.006716141805621532
0.006716274062580329
0.006716406334650206
0.006716538611215923
0.006716670952853582
0.006716803288585313
0.00671693557582477
0.006717067869412653
0.006717200141677674
0.006717332448706251
0.006717464705794896
0.006717596984142152
0.006717729263400821
0.006717861535343581
0.006717993887109934
0.0067181262136112975
0.006718258485229337
0.006718390705731131
0.006718522914687158
0.006718655220490757
0.006718787467428847
0.006718919677456662
0.006719051854516581
0.006719183989830668
0.00671931624903494
0.006719448482100655
0.006719580657693734
0.006719712756266398
0.006719844752191318
0.006719976842567967
0.00672010896638844
0.006720241053830093
0.006720373065654092
0.006720504976874459
0.00672063692056496
0.006720768910593734
0.0067209008775583196
0.006721032753928164
0.006721164562587387
0.006721296331734591
0.006721428093342971
0.006721559853541985
0.006721691564176763
0.006721823270181717
0.006721954901039585
0.006722086477477427
0.0067222179964823055
0.0067223494670428045
0.006722480939638341
0.0067226123756682875
0.00672274377693416
0.006722875066418463
0.006723006309114039
0.006723137524828167
0.0067232686866458904
0.006723399825362993
0.006723530880466975
0.006723661879745083
0.006723792831207841
0.006723923680944158
0.006724054466009323
0.0067241852497366885
0.006724315999045201
0.006724446664192522
0.0067245772116890454
0.006724707654875979
0.0067248380668486285
0.0067249684462684246
0.006725098763797286
0.006725228981957936
0.006725359138155895
0.006725489264919555
0.006725619261095742
0.006725749124547431
0.006725878966014563
0.006726008807475846
0.006726138552844765
0.006726268141568043
0.006726397572469367
0.006726526951690838
0.006726656347616666
0.006726785638071781
0.006726914753563242
0.0067270437448758
0.006727172782508928
0.006727301694275317
0.006727430442713274
0.006727559021864808
0.006727687570928731
0.0067278161397011675
0.0067279445508000675
0.006728072756027008
0.006728200848280618
0.006728328966343282
0.006728457053802114
0.0067285849900804605
0.006728712725443365
0.006728840355284102
0.00672896791516768
0.006729095372340238
0.0067292226570840295
0.0067293498437989005
0.006729476886931607
0.006729603846903689
0.006729730641685623
0.006729857368079817
0.006729983907125449
0.006730110331448467
0.0067302366453497
0.006730362922315146
0.006730489019863693
0.006730614937644465
0.006730740657012053
0.006730866292583678
0.00673099189085686
0.006731117343041183
0.006731242527498026
0.006731367541915563
0.006731492461566883
0.0067316172357688945
0.006731741851130895
0.0067318662945395165
0.006731990587815192
0.006732114675968689
0.006732238616886666
0.0067323624279907795
0.006732486101209769
0.006732609537185275
0.006732732759630463
0.006732855863504901
0.006732978850031302
0.00673310161014601
0.0067332241375420605
0.006733346508706468
0.006733468762426643
0.006733590817842306
0.006733712639199604
0.006733834275289816
0.006733955758994868
0.00673407703087953
0.006734198093566866
0.006734318989014518
0.0067344397205593
0.006734560212832556
0.006734680443609906
0.006734800536597909
0.006734920501961099
0.006735040196151149
0.006735159560945471
0.006735278794548037
0.006735397924591521
0.0067355168098137234
0.006735635337226862
0.006735753694460086
0.0067358719254799766
0.006735989935079623
0.006736107623072361
0.006736225107238828
0.006736342421522189
0.006736459478862904
0.0067365762283560235
0.006736692787510599
0.006736809194117943
0.006736925333356046
0.006737041133072006
0.0067371566909670295
0.00673727209746273
0.00673738727567552
0.0067375021291816994
0.006737616684989168
0.006737731036890521
0.006737845189085283
0.006737959080063171
0.00673807263954031
0.006738185926739675
0.0067382989693661206
0.0067384118132628994
0.006738524366250887
0.006738636610719226
0.006738748556025153
0.006738860286671246
0.0067389715204430375
0.006739082436244663
0.0067391930425127755
0.006739303412578033
0.006739413490771987
0.006739523233832374
0.006739632687075214
0.006739741919248765
0.006739850842024137
0.006739959383194451
0.0067400676489751754
0.006740175668897967
0.006740283368736994
0.006740390709755364
0.006740497740960341
0.00674060449231757
0.006740710949396843
0.006740817080493169
0.006740922858835664
0.006741028288926452
0.0067411334072575504
0.006741238270092405
0.006741342800701735
0.006741446894789605
0.006741550659616849
0.006741654200779094
0.006741757405906972
0.006741860150573859
0.006741962546985527
0.006742064710456089
0.006742166530247087
0.006742267896583131
0.006742368911561456
0.006742469658101684
0.006742570028827845
0.00674266998379413
0.006742769588869232
0.0067428688802072855
0.0067429677618806505
0.0067430662486384785
0.0067431643986594885
0.006743262183872765
0.006743359520922284
0.006743456499608701
0.006743553182002833
0.006743649382821637
0.006743745133608869
0.006743840537212468
0.006743935626349031
0.00674403023625132
0.006744124403569238
0.006744218248563363
0.006744311732372814
0.006744404704302696
0.0067444972386961136
0.0067445894964530346
0.006744681334325782
0.006744772653176404
0.006744863539591601
0.006744954128835633
0.0067450442555792404
0.006745133879913678
0.006745223116058564
0.006745311970346651
0.006745400363746931
0.006745488278412787
0.006745575781472915
0.006745662849392679
0.006745749444355769
0.006745835610676826
0.006745921353264867
0.006746006621159294
0.006746091404327844
0.006746175761779649
0.006746259678929907
0.006746343104145063
0.006746426047991541
0.00674650852851366
0.0067465905721244
0.006746672111632452
0.00674675317101693
0.006746833753974303
0.006746913881977123
0.006746993517749172
0.006747072631455948
0.0067471512579110144
0.006747229422481472
0.006747307112538697
0.006747384158104874
0.006747460700477593
0.006747536786277823
0.006747612357768561
0.006747687379909474
0.006747761892793179
0.006747835963127438
0.006747909472503574
0.006747982424345036
0.006748054882234875
0.0067481268423904995
0.006748198240481953
0.0067482690812094605
0.006748339440636388
0.0067484092379381825
0.006748478486538477
0.00674854720838059
0.006748615399482484
0.006748683010745925
0.0067487500451747
0.006748816578435505
0.006748882534706231
0.006748947928534058
0.006749012765099844
0.006749077037878628
0.006749140732747996
0.006749203855596035
0.006749266420417647
0.006749328375503663
0.006749389762360059
0.006749450607191161
0.006749510835096708
0.006749570449113046
0.006749629506014618
0.006749687996509714
0.006749745831687457
0.006749803051803526
0.006749859757000333
0.006749915874347169
0.006749971349284208
0.006750026239485976
0.00675008055974916
0.006750134225635444
0.006750187240333164
0.006750239696553139
0.006750291513940541
0.006750342661330719
0.006750393200137848
0.00675044313476209
0.006750492406085774
0.006750541015042376
0.0067505890220621876
0.006750636361086803
0.006750683108771489
0.006750729379452948
0.006750774991142894
0.006750819912792484
0.006750864175409504
0.0067509078149405235
0.0067509508570500355
0.006750993252134018
0.006751035164032603
0.006751076323275194
0.006751116665043786
0.0067511563354044095
0.006751195362828807
0.006751233680246518
0.006751271270717304
0.006751308222379949
0.006751344480649364
0.00675137999779554
0.006751414839440412
0.0067514489968915166
0.006751482431051268
0.006751515127844108
0.006751547150171154
0.0067515784630428465
0.006751609022470817
0.006751638876914759
0.006751668017556125
0.006751696426064783
0.0067517240903704106
0.006751751032453612
0.006751777246304691
0.0067518027073637694
0.006751827440898881
0.006751851436859696
0.006751874677523546
0.006751897177647318
0.006751918919678373
0.006751939907650179
0.0067519601331629715
0.006751979597312729
0.00675199829204106
0.006752016214049536
0.006752033370795689
0.00675204975091121
0.006752065136989088
0.006752079533146504
0.006752093136489942
0.006752105951034564
0.006752117974496614
0.00675212920220111
0.006752139631393451
0.006752149261741607
0.006752158090042311
0.00675216610771143
0.006752173317029243
0.006752179720678424
0.006752185301574323
0.006752190062336906
0.006752194004531349
0.006752197121364892
0.006752199408086028
0.006752200865083292
0.0067522014887490345
0.006752201274364452
0.0067522002214799644
0.006752198323769934
0.006752195578992279
0.0067521919797071915
0.006752187453410075
0.006752182067421805
0.006752175824376911
0.0067521687246585235
0.006752160753942477
0.006752151914615539
0.006752142209372171
0.006752131622607716
0.006752120164081896
0.006752107824401018
0.00675209459773886
0.0067520804840112665
0.006752065483175377
0.006752049590458704
0.006752032793758473
0.006752015109466747
0.006751996526029216
0.006751977014793466
0.00675195661021486
0.006751935301991145
0.006751913065159243
0.006751889910582075
0.006751865727866265
0.006751840592045854
0.0067518145100963186
0.006751787518938379
0.006751759594059714
0.006751730698961777
0.006751700887478836
0.006751670147091439
0.006751638423027909
0.006751605762317177
0.00675157217052992
0.006751537602368508
0.006751502055713212
0.006751465588219307
0.006751428152761074
0.006751389696347853
0.006751350303352297
0.006751309964159186
0.006751268582042491
0.006751226233442408
0.006751182950972299
0.006751138650137619
0.006751093340815728
0.006751047169230346
0.00675100001226452
0.0067509518012338465
0.006750902607462599
0.006750852450308713
0.0067508012254549185
0.0067507489946676885
0.006750695799250194
0.006750641516772652
0.0067505862126650785
0.006750529909810177
0.006750472569483049
0.006750414171608581
0.00675035476960728
0.00675029455238168
0.006750233291155025
0.006750171142220854
0.006750108266965308
0.006750044111010275
0.006749978860624898
0.006749912616212066
0.006749845250673916
0.006749776796879445
0.006749707336094155
0.006749636810530942
0.006749565122801115
0.006749492399393728
0.0067494186734353475
0.006749343766220939
0.006749267778596786
0.006749190783726514
0.006749112614580616
0.006749033323185269
0.006748952985543459
0.006748871550326571
0.0067487889458384695
0.006748705245055743
0.006748620485073677
0.006748534521020585
0.006748447420686256
0.006748359260801142
0.006748269927207061
0.0067481794498244685
0.006748087676793136
0.006747994286723037
0.006747899742357061
0.006747804056912321
0.006747707237578143
0.00674760921966368
0.0067475100125092054
0.006747409672314266
0.006747308150618837
0.00674720544998735
0.006747101573233565
0.006746996498337877
0.006746890259822793
0.006746782827813322
0.006746674172114063
0.006746564345581193
0.006746453177014943
0.0067463407591325875
0.006746227164950166
0.006746112364009299
0.006745996320250581
0.006745879071306341
0.006745760612881807
0.006745640881509869
0.0067455198856198
0.0067453976963527135
0.006745274255950723
0.006745149498977892
0.006745023577725527
0.006744896184950459
0.006744767418790457
0.006744637470276582
0.006744506264261689
0.0067443737366075125
0.006744239936792932
0.00674410487226247
0.00674396847775179
0.0067438307718134406
0.006743691872737596
0.0067435516078371395
0.006743409925944579
0.00674326708441705
0.006743122907285469
0.006742977275538247
0.006742830536877413
0.006742682542329863
0.006742533088145989
0.0067423823060834
0.006742230287350588
0.0067420768400282905
0.006741921951248532
0.006741765850633451
0.00674160837863555
0.00674144939580216
0.0067412891017911356
0.00674112742441226
0.00674096421598185
0.00674079967753248
0.006740633920731699
0.006740467282320099
0.006740299386776311
0.006740129993181865
0.006739959196932893
0.006739786930585736
0.006739613288686225
0.006739438202555023
0.006739261655792614
0.0067390837019205944
0.006738904201985024
0.006738723231890474
0.006738540948383921
0.0067383571008976986
0.006738171692125805
0.006737984959033036
0.0067377967119962275
0.006737606864259031
0.006737415613958601
0.006737222883559337
0.006737028472731233
0.0067368326154313395
0.006736635400548977
0.006736435906465983
0.006736234538239593
0.006736031837601961
0.006735827458004244
0.0067356213646689415
0.00673541397318581
0.006735204963862119
0.0067349941527842135
0.006734781941987984
0.006734568186059678
0.006734352628569957
0.006734135382700669
0.006733916619866814
0.006733696083205106
0.006733473866568195
0.006733250269856411
0.0067330248921176035
0.006732797716073962
0.006732569179619153
0.006732338520079281
0.006732105989395496
0.006731872042349329
0.006731636379256115
0.006731398796302235
0.006731159614138975
0.006730918922603892
0.006730676268819877
0.006730431812228103
0.006730185910972776
0.006729938035469728
0.006729688413609588
0.00672943743656096
0.00672918451225598
0.006728929538759774
0.006728673065478971
0.0067284147360867266
0.006728154329562944
0.006727892206364846
0.006727628390940278
0.0067273625493926665
0.006727094810455682
0.006726825447905365
0.006726554043289124
0.006726281008193743
0.006726006354365891
0.006725730105355052
0.006725451954516694
0.0067251721715926634
0.006724890252099776
0.0067246062480342105
0.0067243205964477035
0.006724032817630364
0.006723742832444241
0.0067234510988447
0.006723157603452235
0.006722861658084908
0.006722563748567329
0.006722264167450208
0.006721962204753233
0.006721658049177452
0.006721352265099765
0.006721044247037484
0.006720733788025821
0.006720420828014132
0.0067201055421176855
0.006719787669544016
0.0067194679846897445
0.006719146305766693
0.006718822027168644
0.006718495438311538
0.006718167024475258
0.00671783630595274
0.006717502984601729
0.006717167681205218
0.006716830267488862
0.00671649002294403
0.006716147426961759
0.0067158029283199945
0.006715455672014943
0.006715106157963813
0.006714754278554204
0.006714400162426842
0.006714043608154403
0.006713684462826496
0.0067133235826072795
0.006712959951066643
0.006712593809510239
0.006712225632909096
0.0067118545783716906
0.006711481008217219
0.00671110502534975
0.006710726585438682
0.006710345568338148
0.006709961733664828
0.006709575878136378
0.006709187307266286
0.006708796017426559
0.0067084027651189105
0.006708006462086765
0.006707607627957989
0.00670720696381019
0.006706803538690346
0.00670639720167693
0.006705988103419614
0.006705576760911909
0.0067051621933913105
0.006704744588290779
0.006704324783936469
0.0067039021063205265
0.006703475918784478
0.006703047447915977
0.006702616387831268
0.0067021813650338736
0.006701744119173791
0.006701304024730295
0.00670085915773793
0.006700411377453811
0.0066999610423118215
0.006699507495512875
0.006699050335851113
0.006698590855032453
0.0066981280821120925
0.006697661287494525
0.0066971917548816874
0.0066967190946870475
0.006696242219350965
0.0066957627170725
0.006695280644165945
0.006694794242211334
0.006694304860893377
0.0066938128905243395
0.006693317083668743
0.006692817403086648
0.006692315187316439
0.006691809359927801
0.0066912993792990726
0.006690786602310551
0.006690270257598798
0.00668974979604481
0.006689226010214855
0.0066886995083329315
0.006688168876546047
0.006687634444225205
0.006687097106731892
0.0066865554273687405
0.006686010525072143
0.0066854625780447844
0.006684910658494619
0.006684354650442496
0.006683794806194586
0.006683231587358448
0.006682664151406828
0.0066820923683366335
0.006681517130005934
0.006680937490293466
0.006680354056906296
0.006679766748655475
0.006679174710851517
0.0066785787703453154
0.006677977232081964
0.006677370952664243
0.006676761104321806
0.006676146704533588
0.00667552745647936
0.006674903619613423
0.006674275884730888
0.006673643186210658
0.006673005665880942
0.006672364937633627
0.006671719142941647
0.006671067726186212
0.006670412963033998
0.006669753558938014
0.00666908808054397
0.006668418607713961
0.006667745088600715
0.006667065807882956
0.006666381546959935
0.0066656933836946475
0.006664999963265057
0.006664301062471362
0.006663598224891577
0.00666288988035931
0.006662175628882346
0.006661457331533006
0.0066607350162431935
0.00666000624432642
0.006659272694703842
0.0066585344437980745
0.006657789951090465
0.006657039927569539
0.006656285197415401
0.0066555244850383674
0.006654757513873907
0.006653985874872028
0.006653208559072114
0.00665242443778784
0.0066516339674231135
0.006650837601508281
0.006650033815772493
0.00664922472884101
0.00664840993125909
0.006647588139239733
0.006646760577854076
0.006645927752614554
0.0066450881856379785
0.006644241829901758
0.006643389901074011
0.00664253140948234
0.00664166570128647
0.006640794478999509
0.006639917010516128
0.006639031839683033
0.006638140933867959
0.006637243909716526
0.006636339016059045
0.006635427163953673
0.006634509210436072
0.0066335843985842755
0.006632652534907979
0.006631714666687354
0.006630769591302288
0.0066298166957680284
0.006628857407137745
0.006627890642487217
0.006626915645388301
0.006625933904045819
0.006624944393894094
0.0066239468259603205
0.006622942124422428
0.00662192837179576
0.006620905348499211
0.006619874304751945
0.006618836038535435
0.006617788939997975
0.006616733359928529
0.006615670602730153
0.0066145990368160325
0.006613518497906239
0.006612430802780803
0.006611334412322385
0.006610228385259704
0.006609114411681771
0.006607992268808338
0.00660686087783407
0.0066057202930067315
0.00660457193432278
0.006603413679812083
0.006602245929433467
0.006601070290356579
0.006599885696864022
0.006598691196707468
0.00659748807109701
0.006596275852272033
0.006595053134300847
0.006593820514636472
0.006592578790785086
0.006591327342174158
0.006590064519446051
0.006588791594637151
0.006587508360114575
0.0065862130507473166
0.006584907459473896
0.006583591946414914
0.006582265252839315
0.00658092746542515
0.0065795781728806395
0.006578219112996757
0.006576849094006664
0.006575467129930613
0.006574075233655227
0.0065726720165401415
0.006571256926752575
0.006569831376434648
0.00656839377679619
0.0065669437235045805
0.006565481447365748
0.006564008788764829
0.006562525230179128
0.006561027454878614
0.006559519562460604
0.0065579997602102464
0.006556465651124974
0.006554919954460937
0.006553360857262624
0.006551788827520804
0.006550202923508651
0.006548605532112346
0.006546993540105464
0.006545364479703673
0.006543724157911507
0.006542071420346326
0.006540401099190301
0.006538719598409144
0.006537023885133686
0.00653531379841273
0.00653358822655783
0.006531851694940535
0.006530100134637378
0.006528330586714101
0.006526548710519524
0.006524752719495827
0.006522938543009696
0.006521111726942486
0.0065192719508422505
0.0065174140419954315
0.0065155400605455835
0.00651365286494579
0.0065117481783663255
0.006509825776423182
0.006507890013414725
0.00650593795969155
0.006503965397590052
0.0065019762063986295
0.006499971928478253
0.006497945800099069
0.006495903486071148
0.0064938467374918585
0.006491771187147003
0.006489676170201236
0.006487567027741196
0.006485439317859632
0.00648328964799477
0.0064811231303278
0.006478940985924939
0.00647673685012741
0.006474513911006567
0.006472275226348751
0.006470016285426543
0.006467736616891748
0.006465439717139291
0.0064631215276858426
0.006460781778554814
0.00645842257033508
0.006456045421675647
0.006453644403541577
0.006451220363142102
0.006448777270866191
0.006446309846982616
0.006443822022929203
0.006441313031249044
0.006438783389380316
0.006436230715383276
0.006433656165890513
0.0064310593947954
0.006428437593138915
0.006425795936237555
0.006423130804403206
0.00642043861968794
0.006417726481863538
0.006414990914230137
0.006412230724021027
0.0064094464428407424
0.006406638845543313
0.006403804695890157
0.0064009440522285995
0.0063980625533314305
0.006395151582107084
0.006392209843377101
0.006389245580673991
0.006386255522103177
0.00638323727815829
0.006380193237609152
0.006377125957259161
0.0063740266808855976
0.006370896709947044
0.006367745241884614
0.0063645644279742885
0.006361350809089848
0.006358112437705843
0.0063548488685302475
0.006351550853101706
0.0063482230181385844
0.006344870323112854
0.006341484546370728
0.00633806527561723
0.00633462179692875
0.006331143655723695
0.0063276264391414015
0.006324081506398324
0.006320509106990915
0.006316899537186085
0.006313258037029993
0.006309593066697094
0.006305898280869659
0.006302172077563532
0.006298422911357575
0.006294642675115335
0.006290827340551588
0.006286985155058575
0.006283117003284536
0.006279215790830741
0.006275281923958489
0.006271321413736973
0.006267327561966485
0.00626329731174002
0.006259237055871619
0.006255144216384256
0.00625101425422262
0.006246852794481663
0.006242660598870416
0.006238431014014808
0.006234166089059808
0.006229873655633104
0.006225542433121186
0.006221171727271045
0.0062167717190536416
0.006212336365869247
0.006207860675412056
0.006203348695976487
0.006198806002102885
0.006194221621206901
0.0061895951851602135
0.0061849345981380135
0.00618023137143095
0.0061754863519259745
0.006170704668342222
0.006165885808585289
0.00616102192612989
0.006156114909067252
0.006151173507873819
0.006146187528938587
0.006141156954368577
0.006136090242539393
0.00613097881547239
0.00612582016649139
0.006120617742999705
0.006115375206655389
0.0061100848728267215
0.006104748835272454
0.00609936762454886
0.0060939363697396455
0.006088455158656528
0.006082931459346414
0.006077357501856457
0.006071731509671702
0.006066057718476017
0.006060341095409555
0.006054570719594862
0.00604874542037847
0.00604287885089415
0.006036954441433346
0.006030973791444495
0.006024942531407338
0.006018863916412745
0.006012725403397957
0.006006524459375925
0.006000278358882092
0.005993973631231462
0.005987602811503955
0.00598117825949303
0.005974701345536151
0.005968163813794271
0.005961557917292893
0.005954901268867614
0.005948190372119338
0.005941407960934477
0.0059345633910003895
0.005927655578499752
0.005920694081641593
0.005913656299028479
0.00590655266949721
0.005899391465706558
0.005892154758171944
0.005884845577931259
0.0058774673229862965
0.0058700361683515665
0.005862524421450983
0.005854933271460421
0.005847283410868997
0.005839563820271965
0.005831765078219815
0.005823886068600544
0.005815949208447835
0.0058079285134725045
0.00579981116990675
0.005791625581065303
0.005783369165991498
0.005775026044088065
0.005766590808534002
0.005758091452706769
0.005749508581056747
0.005740824553099168
0.005732065486567246
0.005723229285941064
0.0057143003647094045
0.005705275669463571
0.005696174942409117
0.005686975936670917
0.0056776686404056845
0.00566827681146052
0.005658800880944822
0.005649219661990233
0.005639536046216699
0.005629767297496398
0.005619897921775146
0.005609919198755063
0.005599845795930915
0.005589675933911085
0.005579391345269493
0.005568999481360889
0.005558506193027038
0.005547895440371782
0.005537163187707277
0.005526330994000917
0.005515390459634554
0.0055043247442565805
0.0054931434904689005
0.005481858543423625
0.005470447080555153
0.005458903654272494
0.005447248572026652
0.005435473971560883
0.005423555979283055
0.005411501916379495
0.005399332359326224
0.005387028632082258
0.0053745795677202935
0.005362005701858594
0.0053492957189316594
0.005336436834942981
0.005323438149971738
0.005310308096394615
0.00529702575056582
0.005283579684787008
0.005269993570678201
0.005256252048808378
0.005242348182707541
0.005228284131124073
0.005214072662815937
0.0051996934005836635
0.00518514330332296
0.005170435222707691
0.00515555704546684
0.005140500510707221
0.005125263125792356
0.005109858133199484
0.005094257335077628
0.0050784689137955315
0.005062501648031296
0.005046344571984011
0.005029987729421459
0.005013440198312853
0.004996703380587662
0.004979742942996926
0.004962577308949099
0.004945206949929739
0.004927617831350691
0.004909801279572805
0.004891772712852309
0.004873526527451838
0.004855023987279366
0.00483629485807787
0.004817348015445706
0.004798150809879741
0.004778681089656012
0.004758976417562062
0.004739041371701135
0.004718800404919594
0.00469829376666717
0.004677544552235221
0.004656513827627554
0.00463516185603304
0.004613543002303458
0.004591684501084785
0.004569463915746522
0.004546909406858037
0.004524086503831665
0.004500979323815811
0.004477480363760842
0.004453640818140568
0.004429518720484587
0.004405036773983411
0.004380148135625957
0.004354921691407435
0.0043293803180907515
0.004303389992272863
0.004276987025160645
0.004250233180453311
0.0042230938970078714
0.004195475645707549
0.004167419734343285
0.004139002111588517
0.004110078812350756
0.0040806673184117835
0.004050793121480944
0.004020497656181734
0.003989628255848254
0.003958228177979246
0.00392634489518171
0.0038939128623073312
0.003860876416326395
0.0038272626311854053
0.003793117885294969
0.003758296146175683
0.0037228254539074523
0.00368671731922925
0.0036499816000690774
0.003612462514078671
0.003574223925871483
0.0035352882019496355
0.00349553049373434
0.0034549362197127333
0.0034135243535502436
0.003371272090519375
0.0033280649234948396
0.0032839843267596382
0.0032390757954370514
0.0031932500555492743
0.0031464031338341693
0.003098561144322953
0.0030497218576807043
0.0029997025025656153
0.002948409749558735
0.002895903984739487
0.002842104177571612
0.002786821094972715
0.0027299470798629972
0.002671497112265544
0.0026112860087364512
0.002549139781524338
0.0024849100594465266
0.0024185203735788267
0.002349646668240928
0.002278065332597141
0.002203528110891363
0.002125771985346186
0.002044307297881611
0.0019586216183589775
0.0018682358712253067
0.0017723513414830516
0.0016699722882334623
0.0015597688818216418
0.0014400100184592591
0.0013078814965915184
0.0011592134291485573
0.0009864406265704172
0.0007735963293624097
0.0004684071023146366
0.0
0.0
0.0
0.0
0.0
0.0
0.0
0.0
0.0
0.0
0.0
0.0
0.0
0.0
0.0
0.0
0.0
0.0
0.0
0.0
0.0
0.0
0.0
0.0
0.0
0.0
0.0
0.0
0.0
0.0
0.0
0.0
0.0
0.0
0.0
0.0
0.0
0.0
0.0
0.0
0.0
0.0
0.0
0.0
0.0
0.0
0.0
0.0
0.0
0.0
0.0
0.0
0.0
0.0
0.0
0.0
0.0
0.0
0.0
0.0
0.0
0.0
0.0
0.0
0.0
0.0
0.0
0.0
0.0
0.0
0.0
0.0
0.0
0.0
0.0
0.0
0.0
0.0
0.0
0.0
0.0
0.0
0.0
0.0
0.0
0.0
0.0
0.0
0.0
0.0
0.0
0.0
0.0
0.0
0.0
0.0
0.0
0.0
0.0
0.0
0.0
0.0
0.0
0.0
0.0
0.0
0.0
0.0
0.0
0.0
0.0
0.0
0.0
0.0
0.0
0.0
0.0
0.0
0.0
0.0
0.0
0.0
0.0
0.0
0.0
0.0
0.0
0.0
0.0
0.0
0.0
0.0
0.0
0.0
0.0
0.0
0.0
0.0
0.0
0.0
0.0
0.0
0.0
0.0
0.0
0.0
0.0
0.0
0.0
0.0
0.0
0.0
0.0
0.0
0.0
0.0
0.0
0.0
0.0
0.0
0.0
0.0
0.0
0.0
0.0
0.0
0.0
0.0
0.0
0.0
0.0
0.0
0.0
0.0
0.0
0.0
0.0
0.0
0.0
0.0
0.0
0.0
0.0
0.0
0.0
0.0
0.0
0.0
0.0
0.0
0.0
0.0
0.0
0.0
0.0
0.0
0.0
0.0
0.0
0.0
0.0
0.0
0.0
0.0
0.0
0.0
0.0
0.0
0.0
0.0
0.0
0.0
0.0
0.0
0.0
0.0
0.0
0.0
0.0
0.0
0.0
0.0
0.0
0.0
0.0
0.0
0.0
0.0
0.0
0.0
0.0
0.0
0.0
0.0
0.0
0.0
0.0
0.0
0.0
0.0
0.0
0.0
0.0
0.0
0.0
0.0
0.0
0.0
0.0
0.0
0.0
0.0
0.0
0.0
0.0
0.0
0.0
0.0
0.0
0.0
0.0
0.0
0.0
0.0
0.0
0.0
0.0
0.0
0.0
0.0
0.0
0.0
0.0
0.0
0.0
0.0
0.0
0.0
0.0
0.0
0.0
0.0
0.0
0.0
0.0
0.0
0.0
0.0
0.0
0.0
0.0
0.0
0.0
0.0
0.0
0.0
0.0
0.0
0.0
0.0
0.0
0.0
0.0
0.0
0.0
0.0
0.0
0.0
0.0
0.0
0.0
0.0
0.0
0.0
0.0
0.0
0.0
0.0
0.0
0.0
0.0
0.0
0.0
0.0
0.0
0.0
0.0
0.0
0.0
0.0
0.0
0.0
0.0
0.0
0.0
0.0
0.0
0.0
0.0
0.0
0.0
0.0
0.0
0.0
0.0
0.0
0.0
0.0
0.0
0.0
0.0
0.0
0.0
0.0
0.0
0.0
0.0
0.0
0.0
0.0
0.0
0.0
0.0
0.0
0.0
0.0
0.0
0.0
0.0
0.0
0.0
0.0
0.0
0.0
0.0
0.0
0.0
0.0
0.0
0.0
0.0
0.0
0.0
0.0
0.0
0.0
0.0
0.0
0.0
0.0
0.0
0.0
0.0
0.0
0.0
0.0
0.0
0.0
0.0
0.0
0.0
0.0
0.0
0.0
0.0
0.0
0.0
0.0
0.0
0.0
0.0
0.0
0.0
0.0
0.0
0.0
0.0
0.0
0.0
0.0
0.0
0.0
0.0
0.0
0.0
0.0
0.0
0.0
0.0
0.0
0.0
0.0
0.0
0.0
0.0
0.0
0.0
0.0
0.0
0.0
0.0
0.0
0.0
0.0
0.0
0.0
0.0
0.0
0.0
0.0
0.0
0.0
0.0
0.0
0.0
0.0
0.0
0.0
0.0
0.0
0.0
0.0
0.0
0.0
0.0
0.0
0.0
0.0
0.0
0.0
0.0
0.0
0.0
0.0
0.0
0.0
0.0
0.0
0.0
0.0
0.0
0.0
0.0
0.0
0.0
0.0
0.0
0.0
0.0
0.0
0.0
0.0
0.0
0.0
0.0
0.0
0.0
0.0
0.0
0.0
0.0
0.0
0.0
0.0
0.0
0.0
0.0
0.0
0.0
0.0
0.0
0.0
0.0
0.0
0.0
0.0
0.0
0.0
0.0
0.0
0.0
0.0
0.0
0.0
0.0
0.0
0.0
0.0
0.0
0.0
0.0
0.0
0.0
0.0
0.0
0.0
0.0
0.0
0.0
0.0
0.0
0.0
0.0
0.0
0.0
0.0
0.0
0.0
0.0
0.0
0.0
0.0
0.0
0.0
0.0
0.0
0.0
0.0
0.0
0.0
0.0
0.0
0.0
0.0
0.0
0.0
0.0
0.0
0.0
0.0
0.0
0.0
0.0
0.0
0.0
0.0
0.0
0.0
0.0
0.0
0.0
0.0
0.0
0.0
0.0
0.0
0.0
0.0
0.0
0.0
0.0
0.0
0.0
0.0
0.0
0.0
0.0
0.0
0.0
0.0
0.0
0.0
0.0
0.0
0.0
0.0
0.0
0.0
0.0
0.0
0.0
0.0
0.0
0.0
0.0
0.0
0.0
0.0
0.0
0.0
0.0
0.0
0.0
0.0
0.0
0.0
0.0
0.0
0.0
0.0
0.0
0.0
0.0
0.0
0.0
0.0
0.0
0.0
0.0
0.0
0.0
0.0
0.0
0.0
0.0
0.0
0.0
0.0
0.0
0.0
0.0
0.0
0.0
0.0
0.0
0.0
0.0
0.0
0.0
0.0
0.0
0.0
0.0
0.0
0.0
0.0
0.0
0.0
0.0
0.0
0.0
0.0
0.0
0.0
0.0
0.0
0.0
0.0
0.0
0.0
0.0
0.0
0.0
0.0
0.0
0.0
0.0
0.0
0.0
0.0
0.0
0.0
0.0
0.0
0.0
0.0
0.0
0.0
0.0
0.0
0.0
0.0
0.0
0.0
0.0
0.0
0.0
0.0
0.0
0.0
0.0
0.0
0.0
0.0
0.0
0.0
0.0
0.0
0.0
0.0
0.0
0.0
0.0
0.0
0.0
0.0
0.0
0.0
0.0
0.0
0.0
0.0
0.0
0.0
0.0
0.0
0.0
0.0
0.0
0.0
0.0
0.0
0.0
0.0
0.0
0.0
0.0
0.0
0.0
0.0
0.0
0.0
0.0
0.0
0.0
0.0
0.0
0.0
0.0
0.0
0.0
0.0
0.0
0.0
0.0
0.0
0.0
0.0
0.0
0.0
0.0
0.0
0.0
0.0
0.0
0.0
0.0
0.0
0.0
0.0
0.0
0.0
0.0
0.0
0.0
0.0
0.0
0.0
0.0
0.0
0.0
0.0
0.0
0.0
0.0
0.0
0.0
0.0
0.0
0.0
0.0
0.0
0.0
0.0
0.0
0.0
0.0
0.0
0.0
0.0
0.0
0.0
0.0
0.0
0.0
0.0
0.0
0.0
0.0
0.0
0.0
0.0
0.0
0.0
0.0
0.0
0.0
0.0
0.0
0.0
0.0
0.0
0.0
0.0
0.0
0.0
0.0
0.0
0.0
0.0
0.0
0.0
0.0
0.0
0.0
0.0
0.0
0.0
0.0
0.0
0.0
0.0
0.0
0.0
0.0
0.0
0.0
0.0
0.0
0.0
0.0
0.0
0.0
0.0
0.0
0.0
0.0
0.0
0.0
0.0
0.0
0.0
0.0
0.0
0.0
0.0
0.0
0.0
0.0
0.0
0.0
0.0
0.0
0.0
0.0
0.0
0.0
0.0
0.0
0.0
0.0
0.0
0.0
0.0
0.0
0.0
0.0
0.0
0.0
0.0
0.0
0.0
0.0
0.0
0.0
0.0
0.0
0.0
0.0
0.0
0.0
0.0
0.0
0.0
0.0
0.0
0.0
0.0
0.0
0.0
0.0
0.0
0.0
0.0
0.0
0.0
0.0
0.0
0.0
0.0
0.0
0.0
0.0
0.0
0.0
0.0
0.0
0.0
0.0
0.0
0.0
0.0
0.0
0.0
0.0
0.0
0.0
0.0
0.0
0.0
0.0
0.0
0.0
0.0
0.0
0.0
0.0
0.0
0.0
0.0
0.0
0.0
0.0
0.0
0.0
0.0
0.0
0.0
0.0
0.0
0.0
0.0
0.0
0.0
0.0
0.0
0.0
0.0
0.0
0.0
0.0
0.0
0.0
0.0
0.0
0.0
0.0
0.0
0.0
0.0
0.0
0.0
0.0
0.0
0.0
0.0
0.0
0.0
0.0
0.0
0.0
0.0
0.0
0.0
0.0
0.0
0.0
0.0
0.0
0.0
0.0
0.0
0.0
0.0
0.0
0.0
0.0
0.0
0.0
0.0
0.0
0.0
0.0
0.0
0.0
0.0
0.0
0.0
0.0
0.0
0.0
0.0
0.0
0.0
0.0
0.0
0.0
0.0
0.0
0.0
0.0
0.0
0.0
0.0
0.0
0.0
0.0
0.0
0.0
0.0
0.0
0.0
0.0
0.0
0.0
0.0
0.0
0.0
0.0
0.0
0.0
0.0
0.0
0.0
0.0
0.0
0.0
0.0
0.0
0.0
0.0
0.0
0.0
0.0
0.0
0.0
0.0
0.0
0.0
0.0
0.0
0.0
0.0
0.0
0.0
0.0
0.0
0.0
0.0
0.0
0.0
0.0
0.0
0.0
0.0
0.0
0.0
0.0
0.0
0.0
0.0
0.0
0.0
0.0
0.0
0.0
0.0
0.0
0.0
0.0
0.0
0.0
0.0
0.0
0.0
0.0
0.0
0.0
0.0
0.0
0.0
0.0
0.0
0.0
0.0
0.0
0.0
0.0
0.0
0.0
0.0
0.0
0.0
0.0
0.0
0.0
0.0
0.0
0.0
0.0
0.0
0.0
0.0
0.0
0.0
0.0
0.0
0.0
0.0
0.0
0.0
0.0
0.0
0.0
0.0
0.0
0.0
0.0
0.0
0.0
0.0
0.0
0.0
0.0
0.0
0.0
0.0
0.0
0.0
0.0
0.0
0.0
0.0
0.0
0.0
0.0
0.0
0.0
0.0
0.0
0.0
0.0
0.0
0.0
0.0
0.0
0.0
0.0
0.0
0.0
0.0
0.0
0.0
0.0
0.0
0.0
0.0
0.0
0.0
0.0
0.0
0.0
0.0
0.0
0.0
0.0
0.0
0.0
0.0
0.0
0.0
0.0
0.0
0.0
0.0
0.0
0.0
0.0
0.0
0.0
0.0
0.0
0.0
0.0
0.0
0.0
0.0
0.0
0.0
0.0
0.0
0.0
0.0
0.0
0.0
0.0
0.0
0.0
0.0
0.0
0.0
0.0
0.0
0.0
0.0
0.0
0.0
0.0
0.0
0.0
0.0
0.0
0.0
0.0
0.0
0.0
0.0
0.0
0.0
0.0
0.0
0.0
0.0
0.0
0.0
0.0
0.0
0.0
0.0
0.0
0.0
0.0
0.0
0.0
0.0
0.0
0.0
0.0
0.0
0.0
0.0
0.0
0.0
0.0
0.0
0.0
0.0
0.0
0.0
0.0
0.0
0.0
0.0
0.0
0.0
0.0
0.0
0.0
0.0
0.0
0.0
0.0
0.0
0.0
0.0
0.0
0.0
0.0
0.0
0.0
0.0
0.0
0.0
0.0
0.0
0.0
0.0
0.0
0.0
0.0
0.0
0.0
0.0
0.0
0.0
0.0
0.0
0.0
0.0
0.0
0.0
0.0
0.0
0.0
0.0
0.0
0.0
0.0
0.0
0.0
0.0
0.0
0.0
0.0
0.0
0.0
0.0
0.0
0.0
0.0
0.0
0.0
0.0
0.0
0.0
0.0
0.0
0.0
0.0
0.0
0.0
0.0
0.0
0.0
0.0
0.0
0.0
0.0
0.0
0.0
0.0
0.0
0.0
0.0
0.0
0.0
0.0
0.0
0.0
0.0
0.0
0.0
0.0
0.0
0.0
0.0
0.0
0.0
0.0
0.0
0.0
0.0
0.0
0.0
0.0
0.0
0.0
0.0
0.0
0.0
0.0
0.0
0.0
0.0
0.0
0.0
0.0
0.0
0.0
0.0
0.0
0.0
0.0
0.0
0.0
0.0
0.0
0.0
0.0
0.0
0.0
0.0
0.0
0.0
0.0
0.0
0.0
0.0
0.0
0.0
0.0
0.0
0.0
0.0
0.0
0.0
0.0
0.0
0.0
0.0
0.0
0.0
0.0
0.0
0.0
0.0
0.0
0.0
0.0
0.0
0.0
0.0
0.0
0.0
0.0
0.0
0.0
0.0
0.0
0.0
0.0
0.0
0.0
0.0
0.0
0.0
0.0
0.0
0.0
0.0
0.0
0.0
0.0
0.0
0.0
0.0
0.0
0.0
0.0
0.0
0.0
0.0
0.0
0.0
0.0
0.0
0.0
0.0
0.0
0.0
0.0
0.0
0.0
0.0
0.0
0.0
0.0
0.0
0.0
0.0
0.0
0.0
0.0
0.0
0.0
0.0
0.0
0.0
0.0
0.0
0.0
0.0
0.0
0.0
0.0
0.0
0.0
0.0
0.0
0.0
0.0
0.0
0.0
0.0
0.0
0.0
0.0
0.0
0.0
0.0
0.0
0.0
0.0
0.0
0.0
0.0
0.0
0.0
0.0
0.0
0.0
0.0
0.0
0.0
0.0
0.0
0.0
0.0
0.0
0.0
0.0
0.0
0.0
0.0
0.0
0.0
0.0
0.0
0.0
0.0
0.0
0.0
0.0
0.0
0.0
0.0
0.0
0.0
0.0
0.0
0.0
0.0
0.0
0.0
0.0
0.0
0.0
0.0
0.0
0.0
0.0
0.0
0.0
0.0
0.0
0.0
0.0
0.0
0.0
0.0
0.0
0.0
0.0
0.0
0.0
0.0
0.0
0.0
0.0
0.0
0.0
0.0
0.0
0.0
0.0
0.0
0.0
0.0
0.0
0.0
0.0
0.0
0.0
0.0
0.0
0.0
0.0
0.0
0.0
0.0
0.0
0.0
0.0
0.0
0.0
0.0
0.0
0.0
0.0
0.0
0.0
0.0
0.0
0.0
0.0
0.0
0.0
0.0
0.0
0.0
0.0
0.0
0.0
0.0
0.0
0.0
0.0
0.0
0.0
0.0
0.0
0.0
0.0
0.0
0.0
0.0
0.0
0.0
0.0
0.0
0.0
0.0
0.0
0.0
0.0
0.0
0.0
0.0
0.0
0.0
0.0
0.0
0.0
0.0
0.0
0.0
0.0
0.0
0.0
0.0
0.0
0.0
0.0
0.0
0.0
0.0
0.0
0.0
0.0
0.0
0.0
0.0
0.0
0.0
0.0
0.0
0.0
0.0
0.0
0.0
0.0
0.0
0.0
0.0
0.0
0.0
0.0
0.0
0.0
0.0
0.0
0.0
0.0
0.0
0.0
0.0
0.0
0.0
0.0
0.0
0.0
0.0
0.0
0.0
0.0
0.0
0.0
0.0
0.0
0.0
0.0
0.0
0.0
0.0
0.0
0.0
0.0
0.0
0.0
0.0
0.0
0.0
0.0
0.0
0.0
0.0
0.0
0.0
0.0
0.0
0.0
0.0
0.0
0.0
0.0
0.0
0.0
0.0
0.0
0.0
0.0
0.0
0.0
0.0
0.0
0.0
0.0
0.0
0.0
0.0
0.0
0.0
0.0
0.0
0.0
0.0
0.0
0.0
0.0
0.0
0.0
0.0
0.0
0.0
0.0
0.0
0.0
0.0
0.0
0.0
0.0
0.0
0.0
0.0
0.0
0.0
0.0
0.0
0.0
0.0
0.0
0.0
0.0
0.0
0.0
0.0
0.0
0.0
0.0
0.0
0.0
0.0
0.0
0.0
0.0
0.0
0.0
0.0
0.0
0.0
0.0
0.0
0.0
0.0
0.0
0.0
0.0
0.0
0.0
0.0
0.0
0.0
0.0
0.0
0.0
0.0
0.0
0.0
0.0
0.0
0.0
0.0
0.0
0.0
0.0
0.0
0.0
0.0
0.0
0.0
0.0
0.0
0.0
0.0
0.0
0.0
0.0
0.0
0.0
0.0
0.0
0.0
0.0
0.0
0.0
0.0
0.0
0.0
0.0
0.0
0.0
0.0
0.0
0.0
0.0
0.0
0.0
0.0
0.0
0.0
0.0
0.0
0.0
0.0
0.0
0.0
0.0
0.0
0.0
0.0
0.0
0.0
0.0
0.0
0.0
0.0
0.0
0.0
0.0
0.0
0.0
0.0
0.0
0.0
0.0
0.0
0.0
0.0
0.0
0.0
0.0
0.0
0.0
0.0
0.0
0.0
0.0
0.0
0.0
0.0
0.0
0.0
0.0
0.0
0.0
0.0
0.0
0.0
0.0
0.0
0.0
0.0
0.0
0.0
0.0
0.0
0.0
0.0
0.0
0.0
0.0
0.0
0.0
0.0
0.0
0.0
0.0
0.0
0.0
0.0
0.0
0.0
0.0
0.0
0.0
0.0
0.0
0.0
0.0
0.0
0.0
0.0
0.0
0.0
0.0
0.0
0.0
0.0
0.0
0.0
0.0
0.0
0.0
0.0
0.0
0.0
0.0
0.0
0.0
0.0
0.0
0.0
0.0
0.0
0.0
0.0
0.0
0.0
0.0
0.0
0.0
0.0
0.0
0.0
0.0
0.0
0.0
0.0
0.0
0.0
0.0
0.0
0.0
0.0
0.0
0.0
0.0
0.0
0.0
0.0
0.0
0.0
0.0
0.0
0.0
0.0
0.0
0.0
0.0
0.0
0.0
0.0
0.0
0.0
0.0
0.0
0.0
0.0
0.0
0.0
0.0
0.0
0.0
0.0
0.0
0.0
0.0
0.0
0.0
0.0
0.0
0.0
0.0
0.0
0.0
0.0
0.0
0.0
0.0
0.0
0.0
0.0
0.0
0.0
0.0
0.0
0.0
0.0
0.0
0.0
0.0
0.0
0.0
0.0
0.0
0.0
0.0
0.0
0.0
0.0
0.0
0.0
0.0
0.0
0.0
0.0
0.0
0.0
0.0
0.0
0.0
0.0
0.0
0.0
0.0
0.0
0.0
0.0
0.0
0.0
0.0
0.0
0.0
0.0
0.0
0.0
0.0
0.0
0.0
0.0
0.0
0.0
0.0
0.0
0.0
0.0
0.0
0.0
0.0
0.0
0.0
0.0
0.0
0.0
0.0
0.0
0.0
0.0
0.0
0.0
0.0
0.0
0.0
0.0
0.0
0.0
0.0
0.0
0.0
0.0
0.0
0.0
0.0
0.0
0.0
0.0
0.0
0.0
0.0
0.0
0.0
0.0
0.0
0.0
0.0
0.0
0.0
0.0
0.0
0.0
0.0
0.0
0.0
0.0
0.0
0.0
0.0
0.0
0.0
0.0
0.0
0.0
0.0
0.0
0.0
0.0
0.0
0.0
0.0
0.0
0.0
0.0
0.0
0.0
0.0
0.0
0.0
0.0
0.0
0.0
0.0
0.0
0.0
0.0
0.0
0.0
0.0
0.0
0.0
0.0
0.0
0.0
0.0
0.0
0.0
0.0
0.0
0.0
0.0
0.0
0.0
0.0
0.0
0.0
0.0
0.0
0.0
0.0
0.0
0.0
0.0
0.0
0.0
0.0
0.0
0.0
0.0
0.0
0.0
0.0
0.0
0.0
0.0
0.0
0.0
0.0
0.0
0.0
0.0
0.0
0.0
0.0
0.0
0.0
0.0
0.0
0.0
0.0
0.0
0.0
0.0
0.0
0.0
0.0
0.0
0.0
0.0
0.0
0.0
0.0
0.0
0.0
0.0
0.0
0.0
0.0
0.0
0.0
0.0
0.0
0.0
0.0
0.0
0.0
0.0
0.0
0.0
0.0
0.0
0.0
0.0
0.0
0.0
0.0
0.0
0.0
0.0
0.0
0.0
0.0
0.0
0.0
0.0
0.0
0.0
0.0
0.0
0.0
0.0
