0.006267283063796661
0.006267554870444145
0.006267794075893093
0.006268013637940908
0.006268219001462729
0.006268413513368748
0.00626859944377137
0.006268778401081872
0.006268951560039749
0.006269119725807843
0.006269282588743261
0.006269441977111622
0.006269597581564826
0.006269750321633951
0.006269900340582655
0.006270047882752902
0.0062701932967148665
0.006270336680852711
0.006270478220670231
0.006270618101568437
0.006270756021655145
0.00627089240747141
0.006271027502597578
0.006271161368722958
0.006271293944928783
0.006271425285640927
0.006271555554303127
0.00627168489401121
0.006271813357378789
0.006271940946825058
0.006272067673854153
0.006272193354043008
0.00627231839953619
0.006272442822653727
0.006272566611573025
0.006272689747073214
0.006272812261565069
0.006272934167059902
0.006273055466093916
0.006273176225294811
0.006273296492241614
0.006273416242797775
0.006273535324996479
0.006273653969314245
0.006273772207808137
0.00627389001251465
0.006274007361245776
0.006274124294829696
0.0062742408637966995
0.00627435709772135
0.006274473009824859
0.006274588576506096
0.006274703743520915
0.006274818513969089
0.006274932828277313
0.0062750468579506995
0.006275160635712998
0.00627527417885447
0.006275387506990806
0.006275500623787097
0.006275613522848789
0.00627572617868949
0.006275838560398824
0.006275950694195553
0.006276062615084347
0.0062761742982650045
0.006276285664680944
0.0062763968793512264
0.006276507939851487
0.006276618854211434
0.006276729620583658
0.006276840221390496
0.006276950638375703
0.006277060873889301
0.006277170954245846
0.00627728090846429
0.00627739074933297
0.006277500486514659
0.006277610034877034
0.006277719377169283
0.006277828571990679
0.00627793763731254
0.006278046589140589
0.006278155428483553
0.006278264162301163
0.0062783727977442395
0.006278481341485222
0.006278589810580891
0.006278698219494584
0.006278806562238167
0.006278914852446599
0.006279023012552579
0.006279131107249437
0.006279239101153699
0.006279347033775095
0.006279454889900378
0.006279562617846933
0.006279670255372808
0.006279777835798607
0.006279885370763805
0.006279992882286286
0.006280100358746677
0.006280207805327293
0.006280315231028831
0.006280422637206701
0.006280529960289314
0.006280637259526282
0.006280744518417585
0.006280851740693589
0.006280958943966371
0.006281066119995009
0.006281173234793315
0.006281280304647548
0.006281387344518578
0.006281494329974592
0.006281601280810698
0.006281708223277303
0.0062818151725705295
0.0062819221292916075
0.006282029047473139
0.006282135967540647
0.006282242898786057
0.006282349836462025
0.006282456773036672
0.006282563708072027
0.006282670648031819
0.00628277760017613
0.006282884567608325
0.006282991538602898
0.006283098503668599
0.00628320548437266
0.006283312484193968
0.006283419485254545
0.006283526474791892
0.006283633430941779
0.006283740380625398
0.006283847349000989
0.006283954346579063
0.006284061371154587
0.0062841684181929435
0.006284275495322305
0.006284382600070904
0.006284489734686184
0.0062845969018422146
0.006284704106455347
0.006284811359070356
0.0062849186281166815
0.006285025921218649
0.006285133243594293
0.006285240621872284
0.006285347997211934
0.006285455392869898
0.006285562842260839
0.006285670316438601
0.006285777810291189
0.006285885364700158
0.006285992960669117
0.006286100564340686
0.006286208201348366
0.006286315900073504
0.006286423647600433
0.006286531440580205
0.00628663928563469
0.006286747180430871
0.00628685513996457
0.006286963110848063
0.0062870711491021
0.006287179235905913
0.006287287353045227
0.006287395564219576
0.006287503814412178
0.006287612119415899
0.006287720473982367
0.006287828905575454
0.006287937387076515
0.006288045912122615
0.006288154499019327
0.006288263149337199
0.006288371866782786
0.006288480630163278
0.006288589452337826
0.00628869832516357
0.006288807270476465
0.00628891625788881
0.00628902526869137
0.0062891342986177825
0.006289243434305318
0.00628935262674301
0.006289461910115508
0.006289571267803279
0.006289680693890267
0.0062897901995169975
0.006289899773781798
0.006290009427231053
0.00629011916036848
0.006290228965881583
0.006290338860040875
0.0062904488202314875
0.006290558835034056
0.006290668936254484
0.006290779103433062
0.006290889349369262
0.006290999707128874
0.006291110083256959
0.006291220548237184
0.006291331054501285
0.006291441625719547
0.006291552280230493
0.0062916630221768405
0.006291773819513574
0.00629188469331602
0.006291995645393493
0.006292106657631682
0.006292217752464232
0.0062923289533477625
0.006292440236370919
0.00629255158961561
0.006292663047848653
0.006292774612959976
0.006292886232795825
0.006292997950877694
0.0062931097724367975
0.006293221631125414
0.006293333584682039
0.0062934456106825895
0.006293557737345081
0.006293669961370158
0.006293782234649039
0.006293894610407854
0.006294007083549251
0.006294119637235329
0.006294232274772269
0.006294345009436678
0.006294457847032711
0.006294570773805018
0.0062946837747550844
0.006294796859106092
0.006294910050040119
0.006295023344483719
0.00629513669844277
0.006295250123318338
0.006295363644019837
0.006295477280567989
0.006295590979928602
0.00629570475096719
0.006295818607699045
0.006295932598690262
0.006296046669387421
0.006296160800037101
0.006296275032079821
0.006296389388752348
0.006296503810968703
0.006296618316809662
0.006296732938644644
0.006296847671956022
0.006296962490100592
0.006297077388286782
0.006297192385813542
0.006297307494534845
0.006297422717473391
0.006297538048394401
0.006297653470244731
0.006297768978724005
0.006297884566697549
0.006298000241376174
0.006298116033029375
0.006298231966356231
0.00629834797276823
0.006298464057571233
0.006298580230224494
0.006298696500078207
0.006298812895580052
0.006298929396358155
0.00629904595235462
0.006299162626374767
0.006299279392542805
0.0062993962222588785
0.006299513141350403
0.006299630172406204
0.006299747311935032
0.006299864541156518
0.006299981849676105
0.0063000992586887475
0.006300216801130861
0.006300334477250064
0.0063004522553135765
0.006300570116745855
0.006300688062728815
0.00630080611331757
0.006300924285864185
0.006301042570360645
0.00630116094197219
0.006301279396566599
0.006301397941720413
0.006301516604376038
0.006301635374777757
0.006301754264583746
0.006301873271451548
0.0063019923594131244
0.0063021115410021615
0.006302230819631678
0.006302350205897547
0.006302469699715136
0.006302589289863505
0.006302709012309442
0.006302828835773285
0.006302948732056992
0.0063030687182179445
0.006303188797588904
0.0063033089756639
0.006303429263659162
0.006303549670161787
0.006303670185954846
0.0063037907944213725
0.006303911484158371
0.006304032267129858
0.006304153169621134
0.006304274199248464
0.0063043953464375704
0.006304516586340938
0.006304637906781066
0.006304759309825719
0.006304880832388534
0.006305002463374132
0.006305124204239011
0.006305246067647577
0.006305368036500725
0.006305490088006608
0.006305612229888223
0.006305734473880847
0.006305856821469665
0.006305979268670544
0.006306101819041083
0.006306224482613122
0.006306347252722544
0.006306470118866181
0.00630659309184537
0.006306716172134011
0.006306839342228255
0.006306962601447114
0.0063070859610540545
0.006307209439644703
0.006307333046005756
0.006307456747913854
0.006307580538093528
0.006307704427613333
0.006307828422578883
0.0063079525211061395
0.006308076723494269
0.006308201032023695
0.0063083254468250735
0.006308449962394459
0.0063085745631786625
0.006308699265989925
0.006308824078902325
0.006308949002486912
0.006309074030483427
0.006309199154028307
0.006309324368086127
0.0063094496739842165
0.006309575075052379
0.00630970057350532
0.0063098261704312274
0.006309951866247322
0.006310077662853149
0.006310203565491474
0.006310329579053505
0.006310455697778264
0.006310581907263594
0.006310708222616714
0.006310834647865089
0.0063109611627107775
0.006311087770099926
0.006311214474058657
0.006311341272738609
0.0063114681658225655
0.006311595165104513
0.0063117222765117905
0.006311849487030357
0.006311976789419553
0.006312104187377935
0.006312231684770423
0.006312359277953266
0.0063124869588616255
0.006312614715181874
0.006312742586919198
0.006312870557948098
0.006312998610041664
0.006313126748427662
0.006313254994595553
0.006313383352613815
0.006313511811042358
0.006313640364404066
0.006313769007750126
0.006313897739060807
0.006314026556812757
0.006314155442896399
0.006314284447620893
0.0063144135563714945
0.006314542753283339
0.006314672035904919
0.006314801403206395
0.006314930853242275
0.0063150603875242245
0.006315190012255484
0.006315319732268582
0.006315449549339455
0.00631557945723243
0.006315709469658724
0.006315839593656532
0.006315969803708643
0.006316100096110116
0.00631623047918049
0.00631636095061286
0.006316491502754316
0.0063166221301193095
0.0063167528223436065
0.006316883579334216
0.006317014452711559
0.006317145435496835
0.006317276505485484
0.0063174076513556505
0.0063175388687014365
0.006317670181369346
0.006317801580015439
0.006317933044522428
0.006318064597269048
0.006318196258322731
0.006318327982435455
0.00631845977427656
0.00631859165498944
0.006318723622014737
0.006318855666477341
0.006318987774746511
0.006319119962251144
0.006319252245076529
0.006319384602587333
0.006319517046728238
0.006319649566686327
0.006319782158714539
0.0063199148450119235
0.00632004758507349
0.0063201804330865535
0.006320313369333673
0.006320446369164489
0.006320579427434845
0.006320712536548819
0.006320845686891901
0.006320978873550162
0.006321112212197623
0.006321245697388369
0.006321379244285665
0.006321512851299908
0.006321646516692619
0.006321780235231536
0.00632191398530453
0.006322047780686756
0.006322181675272639
0.006322315649751119
0.0063224496826760415
0.006322583787885983
0.006322717932095274
0.006322852120593305
0.006322986370624759
0.006323120710930788
0.006323255113248519
0.006323389607534274
0.006323524161209291
0.006323658749036236
0.0063237933930474464
0.006323928167591428
0.006324062976484799
0.006324197800825808
0.006324332716330896
0.006324467704584248
0.006324602711726387
0.006324737778420407
0.00632487291290236
0.0063250081019936176
0.006325143331409296
0.0063252786279699305
0.006325413961685506
0.00632554934961651
0.006325684805931877
0.006325820300415262
0.00632595583749056
0.006326091406300406
0.0063262269871183895
0.00632636268110574
0.006326498433266668
0.006326634217466469
0.0063267700283279075
0.006326905842771225
0.0063270416563372955
0.006327177619505429
0.006327313671494496
0.006327449745452868
0.006327585831511105
0.006327721919361899
0.006327858002751116
0.006327994134317058
0.006328130348156301
0.006328266639370043
0.0063284029745478455
0.006328539300142182
0.006328675665597813
0.006328812082471939
0.006328948520982622
0.006329084976939748
0.006329221435540748
0.006329357933704648
0.006329494507394497
0.006329631130310929
0.006329767772652359
0.006329904418863536
0.006330041045560515
0.006330177708863732
0.006330314397165838
0.006330451084818429
0.006330587818662089
0.006330724581056599
0.0063308613611028
0.006330998221529391
0.00633113508902687
0.006331271919610052
0.006331408770062353
0.006331545611827651
0.006331682503008163
0.006331819356043848
0.006331956244673977
0.006332093147928258
0.006332230057370077
0.006332367063288723
0.006332504057005829
0.006332641007920921
0.006332777919986509
0.006332914834242229
0.006333051863045988
0.006333188845226602
0.006333325803590381
0.006333462742284109
0.006333599652281819
0.006333736705320807
0.0063338737460624074
0.006334010742104034
0.0063341476732431705
0.00633428451295684
0.006334421465663867
0.006334558468253185
0.006334695448423244
0.00633483236555914
0.006334969193791563
0.006335106071230925
0.006335243012395864
0.00633537994539369
0.006335516800233739
0.006335653600721738
0.0063357903761993815
0.006335927159951019
0.006336063958446042
0.006336200721793874
0.006336337496792932
0.006336474210319189
0.006336610883925056
0.006336747514559508
0.0063368841116513116
0.006337020727757244
0.006337157322884472
0.00633729389900954
0.006337430376158238
0.006337566821969234
0.006337703257143006
0.0063378396538025464
0.006337976044080747
0.0063381123651382815
0.006338248645975693
0.006338384895030708
0.006338521056303865
0.006338657168433902
0.0063387932974507495
0.006338929409070721
0.006339065451618747
0.006339201390306471
0.006339337239089424
0.006339473074198315
0.006339608894376854
0.006339744669190468
0.00633988035969355
0.0063400160028382994
0.0063401516339704695
0.006340287148554515
0.006340422544428935
0.006340557937149008
0.006340693349807623
0.006340828682343524
0.0063409638716770255
0.006341098916629129
0.006341233928038749
0.0063413689774418
0.006341503937487325
0.00634163873571062
0.006341773425192432
0.006341908184125567
0.006342042832866819
0.006342177332365872
0.006342311676450932
0.006342446010680794
0.006342580387299519
0.00634271462107678
0.006342848661675675
0.006342982599219289
0.006343116583693581
0.006343250558612338
0.006343384398000031
0.00634351804990681
0.0063436516142287075
0.006343785128334703
0.006343918558093506
0.006344051830642072
0.006344185023988839
0.006344318090568806
0.00634445109379998
0.006344583947896739
0.006344716754424722
0.00634484938885423
0.00634498192274718
0.006345114363633363
0.006345246790493498
0.006345379054074991
0.006345511154104742
0.00634564307111724
0.006345774925510621
0.0063459067612495045
0.006346038468913905
0.006346169926389499
0.006346301231275959
0.006346432462788625
0.006346563567883564
0.0063466945326383535
0.006346825343397119
0.006346956023244902
0.006347086514500705
0.00634721687816157
0.0063473471327200985
0.006347477269881693
0.0063476071856545645
0.006347736906217012
0.006347866530144174
0.006347996058944887
0.006348125377914856
0.006348254480493774
0.006348383447416599
0.006348512319768044
0.006348641012489665
0.006348769488020057
0.006348897797941986
0.00634902597711326
0.006349153963003832
0.006349281758525834
0.0063494094081317605
0.006349536915544038
0.006349664201341443
0.006349791242146171
0.00634991816881837
0.0063500449923776904
0.0063501715612614435
0.006350297813936861
0.006350423960183753
0.006350550029536818
0.006350675872731961
0.006350801370247512
0.006350926720842135
0.0063510519713431595
0.006351177021154214
0.006351301764237553
0.0063514263255391055
0.006351550741288795
0.0063516749193800615
0.006351798805913783
0.006351922525734367
0.006352046119245094
0.006352169464767373
0.006352292485771314
0.006352415286151361
0.006352537962252864
0.006352660432644635
0.006352782594959948
0.006352904478010138
0.0063530261817835
0.006353147711041688
0.00635326900053392
0.006353389975568003
0.006353510699364615
0.006353631201635434
0.006353751531472119
0.006353871589926213
0.006353991359317797
0.006354110849801438
0.006354230151799409
0.006354348992366128
0.006354467534803886
0.006354585788130816
0.006354703830992436
0.006354821604135155
0.006354939061429594
0.00635505625156441
0.006355173248436773
0.006355289957713491
0.006355406302187795
0.006355522395855417
0.006355638270687894
0.00635575384736041
0.006355869084452666
0.006355984034762698
0.00635609873073993
0.0063562131571567315
0.006356327280211169
0.006356441071292494
0.006356554535427329
0.006356667712121833
0.0063567806622549195
0.006356893303542158
0.006357005523713021
0.006357117438508387
0.00635722916221783
0.006357340573972734
0.0063574515396094145
0.006357562180387882
0.006357672621272881
0.006357782742995992
0.006357892426954339
0.006358001783762635
0.006358110903546676
0.006358219670381205
0.006358328041172663
0.006358436087508855
0.006358543848992965
0.006358651221796292
0.0063587582221273945
0.006358864913479825
0.006358971265675101
0.00635907718829124
0.00635918277921572
0.006359288109345039
0.006359392978236738
0.006359497416486457
0.006359601536524739
0.006359705374515689
0.006359808750883125
0.0063599117057249735
0.006360014370862819
0.006360116704269878
0.006360218541255206
0.006360319963316083
0.006360421147251593
0.006360521936534944
0.006360622222472619
0.006360722100294736
0.006360821719094536
0.006360920897614311
0.006361019592035093
0.006361117928390447
0.006361215914147168
0.0063613134625517395
0.0063614105541294355
0.006361507263307556
0.0063616035644978135
0.006361699416145498
0.0063617948676553664
0.006361889924870374
0.006361984531718588
0.006362078677269914
0.0063621724274423195
0.006362265766473695
0.006362358637325572
0.006362451051997418
0.006362543030958674
0.0063626346041055345
0.006362725696854263
0.0063628163362750316
0.006362906526899951
0.006362996293211272
0.006363085593905795
0.006363174395823666
0.0063632627383439265
0.006363350650454301
0.006363438120013825
0.006363524968829969
0.006363611341963683
0.006363697292537776
0.0063637827558927365
0.0063638676926516995
0.006363952148570435
0.006364036199869627
0.006364119712787039
0.00636420269139686
0.006364285208428266
0.006364367260199646
0.006364448773843484
0.00636452975493595
0.006364610291011663
0.006364690290122663
0.0063647697680477835
0.006364848750411821
0.006364927233305858
0.006365005160671265
0.006365082536664248
0.006365159448722865
0.006365235809910419
0.006365311637440979
0.006365386937884708
0.006365461704203997
0.006365535920471229
0.006365609594041858
0.006365682741821076
0.00636575530389116
0.006365827329219946
0.006365898849405768
0.006365969776994115
0.006366040115910449
0.006366109933687556
0.006366179220284401
0.006366247870864342
0.00636631593332843
0.0063663835277804875
0.006366450556291692
0.006366516960747845
0.00636658281575916
0.006366648140201875
0.006366712833282474
0.006366776899000025
0.006366840450260313
0.006366903390723653
0.006366965682936232
0.006367027402104856
0.006367088554720209
0.006367149069236644
0.006367208947059085
0.006367268263539381
0.006367326937954655
0.006367385040826708
0.006367442704371072
0.006367499739182065
0.0063675561069453865
0.006367611846953157
0.006367667005725418
0.006367721585465039
0.006367775536947564
0.006367829048638819
0.006367881841680483
0.006367933842456101
0.006367985205734455
0.0063680359698305355
0.00636808604889205
0.006368135420605479
0.006368184201929775
0.006368232322835477
0.006368279720293902
0.006368326482446912
0.006368372599590789
0.0063684180200632105
0.006368462725137947
0.006368506801948478
0.006368550204464389
0.006368592872485434
0.0063686348741543684
0.006368676199058957
0.006368716822813334
0.00636875672887258
0.006368795950206436
0.006368834480121511
0.006368872283711992
0.006368909396113133
0.006368945802855065
0.006368981483315247
0.0063690164620430105
0.006369050713832768
0.0063690842465155065
0.006369117048838394
0.006369149124286701
0.006369180461083995
0.00636921105581242
0.006369240923485225
0.006369270046780543
0.006369298220275048
0.00636932545801547
0.006369351930485361
0.0063693776478612315
0.006369402608787915
0.006369426806500153
0.006369450238144742
0.006369472907114845
0.0063694948103869995
0.006369515930577462
0.006369536277674601
0.006369555868629339
0.0063695746584992545
0.006369592658019731
0.00636960988241515
0.006369626316624133
0.006369641944584759
0.006369656778893234
0.006369670830878822
0.0063696840679313416
0.006369696488548064
0.0063697081202204
0.006369718935244284
0.006369728921522644
0.006369738022451669
0.00636974630797625
0.006369753765515321
0.006369760391880657
0.0063697661941202015
0.006369771162302208
0.006369775291947523
0.0063697785849586444
0.006369781033836908
0.0063697826380790835
0.006369783394181549
0.006369783298161802
0.006369782347370835
0.006369780539275391
0.006369777869456534
0.0063697743377572474
0.006369769940922736
0.006369764668170316
0.00636975852589855
0.006369751510438379
0.0063697436112302485
0.006369734829213961
0.006369725053202189
0.006369714364300602
0.0063697027749105494
0.006369690299669049
0.0063696769250797935
0.006369662632669306
0.006369647446978651
0.006369631361399099
0.006369614345450275
0.006369596421992396
0.006369577593514237
0.006369557833402325
0.006369537138235823
0.006369515540917208
0.006369493012943568
0.006369469520048737
0.006369445112056855
0.006369419783051131
0.006369393470798786
0.0063693662217258985
0.0063693380566681975
0.006369308919981362
0.006369278821978394
0.006369247877981979
0.006369215980812207
0.006369183082362117
0.006369149229790105
0.0063691144362047775
0.006369078628297893
0.006369041847538434
0.006369004122850897
0.006368965366240446
0.006368925622753009
0.006368884908254468
0.006368843193985646
0.00636880046419635
0.006368756757093333
0.006368712253615022
0.0063686667533609485
0.0063686203857687045
0.006368573303263901
0.006368525006920626
0.006368475647633942
0.006368425314134605
0.0063683739091530845
0.006368321456337698
0.006368268017533214
0.0063682135478712555
0.006368157970818849
0.006368101383329981
0.0063680438131931754
0.006367985119533701
0.006367925378266575
0.006367864646654746
0.00636780279230367
0.006367739855139427
0.006367675894795214
0.00636761087003841
0.006367544722646593
0.00636747751013979
0.006367409261835026
0.006367339860361367
0.006367269359232712
0.00636719782006568
0.006367125149608956
0.006367051371239636
0.0063669763357484975
0.006366899747941977
0.006366822041162768
0.006366743225542258
0.006366663306406295
0.006366582229656619
0.006366500002045176
0.006366416669424156
0.006366332190946642
0.0063662465681260764
0.006366159802585144
0.006366071875054836
0.0063659828137101245
0.006365892592969048
0.006365801186629958
0.00636570863810717
0.006365614791255434
0.006365519734837932
0.0063654235297610235
0.006365326149652049
0.006365227563214255
0.006365127801721597
0.006365026860860533
0.006364924685857515
0.0063648212830127015
0.006364716711970181
0.006364610923106846
0.006364503859486414
0.00636439565121485
0.006364286016962452
0.006364175056027226
0.0063640629327704245
0.006363949581894571
0.006363834947154937
0.006363719070504905
0.006363601957879457
0.0063634835518284845
0.006363363867556981
0.006363243007324294
0.006363120820287101
0.006362997260743916
0.006362872552432199
0.006362746541341384
0.006362619122367587
0.006362490605206193
0.006362360856923017
0.006362229693845954
0.006362097230647085
0.006361963546843783
0.006361828473030991
0.006361691996771208
0.006361554319675411
0.006361415300564642
0.0063612748142805615
0.006361133033582038
0.006360989897873298
0.0063608452753928695
0.006360699343292618
0.006360552208671224
0.006360404192988715
0.006360254938360404
0.006360104214077381
0.006359952113687467
0.0063597985745493385
0.006359643680088712
0.0063594873683349784
0.006359329623674441
0.0063591704931025145
0.006359009851535708
0.0063588477658624125
0.006358684375720214
0.0063585194558049415
0.006358353007325568
0.006358185242200149
0.006358015989454734
0.006357845169981949
0.006357672961116167
0.006357499292361612
0.006357323982083529
0.0063571472402168235
0.0063569691463745024
0.0063567888430387945
0.006356606708119147
0.006356423241360695
0.006356238128210833
0.006356051335914531
0.006355863240353263
0.006355673550820108
0.0063554820991487595
0.006355289249441446
0.006355094868769391
0.006354898722650675
0.006354700909107058
0.00635450158611603
0.0063543005198069425
0.006354097794504236
0.006353893682934167
0.006353687818259921
0.006353480183351178
0.006353271177491753
0.006353060094708048
0.0063528471714631276
0.006352632823190484
0.00635241677452979
0.00635219883725595
0.006351979304276439
0.0063517582572844514
0.006351535279225744
0.00635131051526745
0.006351084293699427
0.006350856126293552
0.006350626225177947
0.006350394946455208
0.006350161743074671
0.006349926519463554
0.006349689781278196
0.006349451198701361
0.006349210565026802
0.006348968212348449
0.006348724163068785
0.0063484781069881825
0.006348230161933286
0.006347980580596672
0.006347728974416879
0.006347475728531423
0.006347220847063685
0.0063469643581434265
0.006346705969595665
0.006346445929688747
0.006346183768282695
0.0063459195321044284
0.006345653626626877
0.00634538560401647
0.0063451153888843675
0.006344843406551969
0.006344569643561366
0.006344293456484778
0.006344015296962009
0.006343735437115763
0.00634345321224273
0.006343168796922161
0.006342882717663605
0.006342594406737542
0.0063423036686265566
0.006342010438994338
0.006341714884888275
0.006341416761980083
0.006341116794957898
0.006340814812084407
0.006340510243099098
0.00634020335791441
0.006339894611083851
0.006339583550006219
0.0063392698925018075
0.0063389542213306525
0.006338636414339507
0.006338315790936334
0.006337992800821575
0.006337667865978443
0.006337340178251275
0.006337010207474168
0.006336677850421154
0.006336343226858346
0.006336006144881383
0.006335666457946692
0.006335324973856171
0.0063349807296058346
0.006334633951642746
0.006334285088204316
0.0063339333392097245
0.0063335790458720525
0.006333222303861941
0.0063328630691823675
0.006332501226068431
0.006332136544249158
0.0063317697788780325
0.006331400268335578
0.006331028003818467
0.00633065370605906
0.0063302763394539815
0.006329896390317444
0.006329514526073907
0.006329129861075824
0.006328742249272307
0.006328351832254594
0.006327959101607266
0.006327563119008772
0.00632716406092375
0.006326762726634832
0.00632635847010545
0.006325950679871166
0.006325540527411868
0.00632512771824101
0.006324710934404827
0.006324291840295504
0.006323869836237184
0.006323443089985907
0.006323013365578493
0.00632258100514782
0.006322145376021352
0.006321706090118256
0.006321264386553157
0.0063208193333095354
0.006320370224024369
0.006319918296556251
0.006319463167482799
0.00631900378656689
0.0063185416813122215
0.0063180769043043325
0.006317607757646196
0.006317135536096607
0.006316660616970221
0.006316181795304458
0.006315699035002359
0.006315213623242625
0.006314724518184998
0.006314231193340525
0.006313734958680196
0.006313235065626755
0.006312730979705935
0.006312223465789851
0.006311713109063513
0.006311198527073045
0.006310680047428682
0.006310158545503466
0.006309632608223786
0.006309103309423473
0.00630857083037123
0.006308034273165105
0.00630749352225899
0.006306948820072996
0.006306400613301373
0.006305848079209934
0.006305291087946544
0.006304730505702522
0.006304165407641657
0.006303596383351677
0.006303023351037604
0.0063024454734851715
0.00630186356745808
0.006301275996933473
0.006300683560716105
0.0063000874013365345
0.0062994865553530404
0.006298880742549354
0.006298270212082197
0.00629765562572081
0.006297035936968937
0.0062964112812073595
0.006295783228517612
0.006295149961750869
0.006294510935788334
0.006293868377710531
0.0062932210144473946
0.006292567435051382
0.006291909678750663
0.0062912476921258694
0.006290579785701459
0.0062899067241451515
0.006289229564921634
0.006288546960633834
0.006287858686496931
0.00628716627161662
0.006286468186642546
0.00628576399703935
0.006285055537990869
0.006284342815747847
0.006283623451212764
0.006282899098065877
0.006282169828872981
0.006281434118136145
0.006280692664293039
0.006279946279236531
0.006279193697996953
0.006278434642893681
0.006277670684856647
0.006276900821890905
0.0062761239488555685
0.00627534055909132
0.006274551042093929
0.00627375389609067
0.006272951205802259
0.006272142563873015
0.006271326671101206
0.006270504753273685
0.006269677308230912
0.006268842863979365
0.006268001369417283
0.006267154029267415
0.006266299855861975
0.006265438194842051
0.006264570736462761
0.006263696747855979
0.006262814774673997
0.006261926757917566
0.006261032306745566
0.006260129690600813
0.006259219838435663
0.006258303573385858
0.0062573801188908484
0.006256449273821196
0.006255512073573092
0.006254567343952931
0.006253614467598606
0.006252654867334434
0.006251687456051448
0.006250711472315073
0.00624972840136611
0.006248737213056704
0.0062477376135479405
0.006246730524593004
0.006245714107005697
0.006244688101399441
0.0062436537071677845
0.006242611717329365
0.006241560519126187
0.0062405004532035116
0.006239432826140626
0.006238355993403155
0.006237269784778888
0.00623617602256548
0.006235073154736077
0.006233960228975411
0.006232838941443788
0.006231709063272609
0.006230569456502101
0.0062294202173627106
0.006228262780768658
0.006227095032561137
0.006225917301399939
0.006224731220475497
0.006223535695154894
0.006222329744686873
0.0062211147016543265
0.00621989008954567
0.006218654482783619
0.006217408479385216
0.006216152880821682
0.006214887049516719
0.006213609334341244
0.006212321031487735
0.00621102194718879
0.006209710306070217
0.006208387853899079
0.006207054965842479
0.006205710340851254
0.006204354060551926
0.00620298570276701
0.006201607024747515
0.006200216812098994
0.006198814058694509
0.006197400802590404
0.006195975597831606
0.006194537879289937
0.006193089105789428
0.0061916276902444405
0.0061901532064909375
0.006188665806072367
0.0061871674040948395
0.00618565743944282
0.0061841325053018535
0.006182596827715448
0.006181048570070418
0.00617948529095317
0.006177909757092968
0.006176320163115106
0.006174716933550942
0.006173099077521884
0.006171469060794495
0.006169823845493726
0.006168160761661276
0.006166485731366976
0.006164797555024834
0.006163090946783041
0.006161372442839216
0.006159638938631035
0.0061578902629659754
0.006156125240883924
0.006154348484680951
0.006152555867338447
0.006150744379827471
0.006148919824288262
0.006147080282999882
0.0061452215886485155
0.006143349441074775
0.006141463425764106
0.006139558296092517
0.006137636189602208
0.006135700036717239
0.006133745473283723
0.006131772191705749
0.006129784680526262
0.006127779926183082
0.006125753610465693
0.006123709879043382
0.006121650158494949
0.0061195674526143655
0.006117467576114996
0.0061153523238027625
0.006113217196558649
0.006111061472715497
0.006108890615272625
0.006106700100610953
0.0061044864466775345
0.0061022549474902795
0.006100006772516107
0.006097735323028904
0.006095443934261612
0.0060931357287925874
0.006090805988139686
0.0060884543088277005
0.006086084293717166
0.006083691735088241
0.006081276345111546
0.00607884028476016
0.006076385114062967
0.006073904718570372
0.006071400194197082
0.006068875413152795
0.006066324886061022
0.006063752667161023
0.0060611579552876165
0.006058541182698738
0.0060559001259706015
0.00605323840688531
0.006050556560838256
0.006047851668034793
0.006045129014169796
0.006042384954185537
0.0060396158407097856
0.006036828924367399
0.00603402069699748
0.006031190009907679
0.0060283374300425996
0.006025463776617512
0.006022565765199797
0.006019643488674872
0.0060167027290091105
0.006013734902226808
0.006010738627763286
0.006007722242094613
0.006004682418297033
0.006001616696456214
0.005998527607509195
0.005995417763728843
0.0059922783755474085
0.005989110769118906
0.0059859241928676326
0.005982710745010691
0.005979466961376151
0.005976201043445041
0.0059729124524283165
0.005969591979479673
0.005966244311958123
0.005962874456146825
0.00595947416846369
0.0059560430630305064
0.005952590472476883
0.00594910611683044
0.00594558546512664
0.0059420398360605755
0.005938469487424505
0.0059348647221101405
0.005931227859097603
0.005927565685786817
0.0059238717729788205
0.0059201444156596955
0.005916392080701588
0.005912606704395215
0.005908784138378579
0.005904932562045867
0.0059010529146377826
0.00589713804920926
0.005893188333725391
0.0058892097721904065
0.005885195609393797
0.005881142789772437
0.005877057864515313
0.005872937915875954
0.005868778434278652
0.005864585041411291
0.0058603585098704215
0.005856092089561474
0.005851787713804571
0.005847453267440511
0.005843077411261743
0.005838659360734114
0.0058342093095408035
0.005829721094248132
0.005825189697347952
0.0058206191828308615
0.00581601516391204
0.005811366483003204
0.005806672735922116
0.005801942045886732
0.005797165680272137
0.005792344376751143
0.005787483305901829
0.005782581988461243
0.00577763228666012
0.005772636109898162
0.005767602314875262
0.005762520487699228
0.005757390559163392
0.00575222101724567
0.005747003114990616
0.00574173430186866
0.005736418052278064
0.0057310580644891205
0.005725646469558379
0.005720185286139037
0.005714675359600887
0.005709111348817705
0.00570349328375793
0.005697828832329058
0.005692109982824027
0.005686334743455623
0.005680507434277677
0.00567463314542009
0.00566870060375304
0.005662708408539338
0.0056566706420042015
0.0056505702564903365
0.0056444088655930496
0.005638192173584448
0.005631923397973609
0.005625589783440125
0.005619188720516326
0.005612737794308306
0.005606223116614131
0.005599636885811024
0.0055929916347671246
0.005586288797666436
0.00557951980168839
0.005572676554828725
0.005565777103538867
0.0055588178671139256
0.00555178090654228
0.0055446758548652695
0.005537501371704658
0.005530267500428372
0.005522950746743053
0.00551556207290143
0.005508109936753572
0.005500575443267228
0.005492961544954991
0.005485271706290539
0.005477522793628078
0.005469685873176921
0.005461762035033539
0.005453772650545198
0.005445706322076439
0.005437553033640908
0.0054293114575260214
0.005421005117957672
0.0054126068258233346
0.005404103568859311
0.005395524493945038
0.00538686672140239
0.005378113342172535
0.005369258732207353
0.005360332210073957
0.005351313281930411
0.005342183143576613
0.005332969151164084
0.0053236689922217875
0.005314266134910623
0.005304757446582457
0.005295163666467713
0.005285461716893579
0.005275640586564145
0.005265724956411526
0.005255715043060934
0.005245588453461777
0.005235348105587824
0.005225012113221796
0.005214563821657615
0.005203993701085534
0.0051933171997788005
0.0051825325179588756
0.005171620240375488
0.005160588228648864
0.005149442794914845
0.005138166525737285
0.005126754599100855
0.005115229717445841
0.00510358287111879
0.005091795969097874
0.005079879078255182
0.005067844152294726
0.005055666956824546
0.005043341653119848
0.005030889905467509
0.005018303136586542
0.00500555567226859
0.0049926553641991495
0.004979623315486832
0.0049664392996022965
0.00495309121780967
0.004939600792792163
0.004925955549942222
0.004912141045554755
0.004898167219054853
0.004884043100861408
0.004869745901990108
0.004855263156539289
0.004840619799993722
0.004825799443887098
0.004810793423576995
0.004795603936238285
0.004780244308003009
0.004764692205698692
0.004748943645247893
0.004733012129427584
0.004716884721607139
0.004700551796569996
0.004684010508061896
0.0046672744125957405
0.004650312890274088
0.0046331338102681505
0.0046157460398377915
0.004598137169820945
0.004580295697203732
0.004562230890483819
0.004543943691437414
0.004525396097624216
0.004506607673643258
0.004487578437288574
0.004468291962397961
0.0044487383925336885
0.004428933385277803
0.004408869974631943
0.004388504629780242
0.004367869019980047
0.0043469723832994835
0.004325777202822359
0.004304258304564598
0.004282456501177562
0.004260375425612846
0.004237930025593338
0.0042151640535770685
0.004192101565730081
0.004168697747555036
0.004144906740542281
0.004120787926795052
0.0040963695568338645
0.004071513410678093
0.004046249480813004
0.004020648949947205
0.0039946918802129805
0.003968255648853148
0.003941395737021678
0.003914174408456449
0.0038865024516652647
0.003858323868820675
0.003829713217625457
0.003800693982215652
0.0037711108522613113
0.0037410009732371926
0.0037104311229006243
0.0036793584354782778
0.0036476714988994572
0.0036154124891226557
0.0035826640557075386
0.0035492550191291803
0.003515198925193903
0.0034805197980018856
0.0034452593022291926
0.003409232631290261
0.0033724815227635053
0.0033350543075028414
0.0032968647791029072
0.0032578366643485693
0.0032180197423276116
0.003177533209725882
0.003136195371123564
0.0030940258335978715
0.003051022519274387
0.003007179567986359
0.0029622921152347194
0.002916415440199058
0.0028695514555187466
0.0028215226942421693
0.0027722800364323305
0.0027218120337150578
0.00267005230251642
0.0026168106218220047
0.0025620330569955233
0.0025056768064989415
0.002447562873784931
0.0023874765540590364
0.0023253563027983456
0.0022610915452248156
0.002194309960056984
0.002124725905297399
0.002052227934959141
0.0019764711520164624
0.0018968959304163358
0.001812968441668098
0.0017242240686529558
0.0016297434046151646
0.0015283713727574629
0.0014186145914100012
0.0012985033389821404
0.0011645338810829628
0.001011193759304802
0.0008277967633128332
0.0005869123479681602
0.0
0.0
0.0
0.0
0.0
0.0
0.0
0.0
0.0
0.0
0.0
0.0
0.0
0.0
0.0
0.0
0.0
0.0
0.0
0.0
0.0
0.0
0.0
0.0
0.0
0.0
0.0
0.0
0.0
0.0
0.0
0.0
0.0
0.0
0.0
0.0
0.0
0.0
0.0
0.0
0.0
0.0
0.0
0.0
0.0
0.0
0.0
0.0
0.0
0.0
0.0
0.0
0.0
0.0
0.0
0.0
0.0
0.0
0.0
0.0
0.0
0.0
0.0
0.0
0.0
0.0
0.0
0.0
0.0
0.0
0.0
0.0
0.0
0.0
0.0
0.0
0.0
0.0
0.0
0.0
0.0
0.0
0.0
0.0
0.0
0.0
0.0
0.0
0.0
0.0
0.0
0.0
0.0
0.0
0.0
0.0
0.0
0.0
0.0
0.0
0.0
0.0
0.0
0.0
0.0
0.0
0.0
0.0
0.0
0.0
0.0
0.0
0.0
0.0
0.0
0.0
0.0
0.0
0.0
0.0
0.0
0.0
0.0
0.0
0.0
0.0
0.0
0.0
0.0
0.0
0.0
0.0
0.0
0.0
0.0
0.0
0.0
0.0
0.0
0.0
0.0
0.0
0.0
0.0
0.0
0.0
0.0
0.0
0.0
0.0
0.0
0.0
0.0
0.0
0.0
0.0
0.0
0.0
0.0
0.0
0.0
0.0
0.0
0.0
0.0
0.0
0.0
0.0
0.0
0.0
0.0
0.0
0.0
0.0
0.0
0.0
0.0
0.0
0.0
0.0
0.0
0.0
0.0
0.0
0.0
0.0
0.0
0.0
0.0
0.0
0.0
0.0
0.0
0.0
0.0
0.0
0.0
0.0
0.0
0.0
0.0
0.0
0.0
0.0
0.0
0.0
0.0
0.0
0.0
0.0
0.0
0.0
0.0
0.0
0.0
0.0
0.0
0.0
0.0
0.0
0.0
0.0
0.0
0.0
0.0
0.0
0.0
0.0
0.0
0.0
0.0
0.0
0.0
0.0
0.0
0.0
0.0
0.0
0.0
0.0
0.0
0.0
0.0
0.0
0.0
0.0
0.0
0.0
0.0
0.0
0.0
0.0
0.0
0.0
0.0
0.0
0.0
0.0
0.0
0.0
0.0
0.0
0.0
0.0
0.0
0.0
0.0
0.0
0.0
0.0
0.0
0.0
0.0
0.0
0.0
0.0
0.0
0.0
0.0
0.0
0.0
0.0
0.0
0.0
0.0
0.0
0.0
0.0
0.0
0.0
0.0
0.0
0.0
0.0
0.0
0.0
0.0
0.0
0.0
0.0
0.0
0.0
0.0
0.0
0.0
0.0
0.0
0.0
0.0
0.0
0.0
0.0
0.0
0.0
0.0
0.0
0.0
0.0
0.0
0.0
0.0
0.0
0.0
0.0
0.0
0.0
0.0
0.0
0.0
0.0
0.0
0.0
0.0
0.0
0.0
0.0
0.0
0.0
0.0
0.0
0.0
0.0
0.0
0.0
0.0
0.0
0.0
0.0
0.0
0.0
0.0
0.0
0.0
0.0
0.0
0.0
0.0
0.0
0.0
0.0
0.0
0.0
0.0
0.0
0.0
0.0
0.0
0.0
0.0
0.0
0.0
0.0
0.0
0.0
0.0
0.0
0.0
0.0
0.0
0.0
0.0
0.0
0.0
0.0
0.0
0.0
0.0
0.0
0.0
0.0
0.0
0.0
0.0
0.0
0.0
0.0
0.0
0.0
0.0
0.0
0.0
0.0
0.0
0.0
0.0
0.0
0.0
0.0
0.0
0.0
0.0
0.0
0.0
0.0
0.0
0.0
0.0
0.0
0.0
0.0
0.0
0.0
0.0
0.0
0.0
0.0
0.0
0.0
0.0
0.0
0.0
0.0
0.0
0.0
0.0
0.0
0.0
0.0
0.0
0.0
0.0
0.0
0.0
0.0
0.0
0.0
0.0
0.0
0.0
0.0
0.0
0.0
0.0
0.0
0.0
0.0
0.0
0.0
0.0
0.0
0.0
0.0
0.0
0.0
0.0
0.0
0.0
0.0
0.0
0.0
0.0
0.0
0.0
0.0
0.0
0.0
0.0
0.0
0.0
0.0
0.0
0.0
0.0
0.0
0.0
0.0
0.0
0.0
0.0
0.0
0.0
0.0
0.0
0.0
0.0
0.0
0.0
0.0
0.0
0.0
0.0
0.0
0.0
0.0
0.0
0.0
0.0
0.0
0.0
0.0
0.0
0.0
0.0
0.0
0.0
0.0
0.0
0.0
0.0
0.0
0.0
0.0
0.0
0.0
0.0
0.0
0.0
0.0
0.0
0.0
0.0
0.0
0.0
0.0
0.0
0.0
0.0
0.0
0.0
0.0
0.0
0.0
0.0
0.0
0.0
0.0
0.0
0.0
0.0
0.0
0.0
0.0
0.0
0.0
0.0
0.0
0.0
0.0
0.0
0.0
0.0
0.0
0.0
0.0
0.0
0.0
0.0
0.0
0.0
0.0
0.0
0.0
0.0
0.0
0.0
0.0
0.0
0.0
0.0
0.0
0.0
0.0
0.0
0.0
0.0
0.0
0.0
0.0
0.0
0.0
0.0
0.0
0.0
0.0
0.0
0.0
0.0
0.0
0.0
0.0
0.0
0.0
0.0
0.0
0.0
0.0
0.0
0.0
0.0
0.0
0.0
0.0
0.0
0.0
0.0
0.0
0.0
0.0
0.0
0.0
0.0
0.0
0.0
0.0
0.0
0.0
0.0
0.0
0.0
0.0
0.0
0.0
0.0
0.0
0.0
0.0
0.0
0.0
0.0
0.0
0.0
0.0
0.0
0.0
0.0
0.0
0.0
0.0
0.0
0.0
0.0
0.0
0.0
0.0
0.0
0.0
0.0
0.0
0.0
0.0
0.0
0.0
0.0
0.0
0.0
0.0
0.0
0.0
0.0
0.0
0.0
0.0
0.0
0.0
0.0
0.0
0.0
0.0
0.0
0.0
0.0
0.0
0.0
0.0
0.0
0.0
0.0
0.0
0.0
0.0
0.0
0.0
0.0
0.0
0.0
0.0
0.0
0.0
0.0
0.0
0.0
0.0
0.0
0.0
0.0
0.0
0.0
0.0
0.0
0.0
0.0
0.0
0.0
0.0
0.0
0.0
0.0
0.0
0.0
0.0
0.0
0.0
0.0
0.0
0.0
0.0
0.0
0.0
0.0
0.0
0.0
0.0
0.0
0.0
0.0
0.0
0.0
0.0
0.0
0.0
0.0
0.0
0.0
0.0
0.0
0.0
0.0
0.0
0.0
0.0
0.0
0.0
0.0
0.0
0.0
0.0
0.0
0.0
0.0
0.0
0.0
0.0
0.0
0.0
0.0
0.0
0.0
0.0
0.0
0.0
0.0
0.0
0.0
0.0
0.0
0.0
0.0
0.0
0.0
0.0
0.0
0.0
0.0
0.0
0.0
0.0
0.0
0.0
0.0
0.0
0.0
0.0
0.0
0.0
0.0
0.0
0.0
0.0
0.0
0.0
0.0
0.0
0.0
0.0
0.0
0.0
0.0
0.0
0.0
0.0
0.0
0.0
0.0
0.0
0.0
0.0
0.0
0.0
0.0
0.0
0.0
0.0
0.0
0.0
0.0
0.0
0.0
0.0
0.0
0.0
0.0
0.0
0.0
0.0
0.0
0.0
0.0
0.0
0.0
0.0
0.0
0.0
0.0
0.0
0.0
0.0
0.0
0.0
0.0
0.0
0.0
0.0
0.0
0.0
0.0
0.0
0.0
0.0
0.0
0.0
0.0
0.0
0.0
0.0
0.0
0.0
0.0
0.0
0.0
0.0
0.0
0.0
0.0
0.0
0.0
0.0
0.0
0.0
0.0
0.0
0.0
0.0
0.0
0.0
0.0
0.0
0.0
0.0
0.0
0.0
0.0
0.0
0.0
0.0
0.0
0.0
0.0
0.0
0.0
0.0
0.0
0.0
0.0
0.0
0.0
0.0
0.0
0.0
0.0
0.0
0.0
0.0
0.0
0.0
0.0
0.0
0.0
0.0
0.0
0.0
0.0
0.0
0.0
0.0
0.0
0.0
0.0
0.0
0.0
0.0
0.0
0.0
0.0
0.0
0.0
0.0
0.0
0.0
0.0
0.0
0.0
0.0
0.0
0.0
0.0
0.0
0.0
0.0
0.0
0.0
0.0
0.0
0.0
0.0
0.0
0.0
0.0
0.0
0.0
0.0
0.0
0.0
0.0
0.0
0.0
0.0
0.0
0.0
0.0
0.0
0.0
0.0
0.0
0.0
0.0
0.0
0.0
0.0
0.0
0.0
0.0
0.0
0.0
0.0
0.0
0.0
0.0
0.0
0.0
0.0
0.0
0.0
0.0
0.0
0.0
0.0
0.0
0.0
0.0
0.0
0.0
0.0
0.0
0.0
0.0
0.0
0.0
0.0
0.0
0.0
0.0
0.0
0.0
0.0
0.0
0.0
0.0
0.0
0.0
0.0
0.0
0.0
0.0
0.0
0.0
0.0
0.0
0.0
0.0
0.0
0.0
0.0
0.0
0.0
0.0
0.0
0.0
0.0
0.0
0.0
0.0
0.0
0.0
0.0
0.0
0.0
0.0
0.0
0.0
0.0
0.0
0.0
0.0
0.0
0.0
0.0
0.0
0.0
0.0
0.0
0.0
0.0
0.0
0.0
0.0
0.0
0.0
0.0
0.0
0.0
0.0
0.0
0.0
0.0
0.0
0.0
0.0
0.0
0.0
0.0
0.0
0.0
0.0
0.0
0.0
0.0
0.0
0.0
0.0
0.0
0.0
0.0
0.0
0.0
0.0
0.0
0.0
0.0
0.0
0.0
0.0
0.0
0.0
0.0
0.0
0.0
0.0
0.0
0.0
0.0
0.0
0.0
0.0
0.0
0.0
0.0
0.0
0.0
0.0
0.0
0.0
0.0
0.0
0.0
0.0
0.0
0.0
0.0
0.0
0.0
0.0
0.0
0.0
0.0
0.0
0.0
0.0
0.0
0.0
0.0
0.0
0.0
0.0
0.0
0.0
0.0
0.0
0.0
0.0
0.0
0.0
0.0
0.0
0.0
0.0
0.0
0.0
0.0
0.0
0.0
0.0
0.0
0.0
0.0
0.0
0.0
0.0
0.0
0.0
0.0
0.0
0.0
0.0
0.0
0.0
0.0
0.0
0.0
0.0
0.0
0.0
0.0
0.0
0.0
0.0
0.0
0.0
0.0
0.0
0.0
0.0
0.0
0.0
0.0
0.0
0.0
0.0
0.0
0.0
0.0
0.0
0.0
0.0
0.0
0.0
0.0
0.0
0.0
0.0
0.0
0.0
0.0
0.0
0.0
0.0
0.0
0.0
0.0
0.0
0.0
0.0
0.0
0.0
0.0
0.0
0.0
0.0
0.0
0.0
0.0
0.0
0.0
0.0
0.0
0.0
0.0
0.0
0.0
0.0
0.0
0.0
0.0
0.0
0.0
0.0
0.0
0.0
0.0
0.0
0.0
0.0
0.0
0.0
0.0
0.0
0.0
0.0
0.0
0.0
0.0
0.0
0.0
0.0
0.0
0.0
0.0
0.0
0.0
0.0
0.0
0.0
0.0
0.0
0.0
0.0
0.0
0.0
0.0
0.0
0.0
0.0
0.0
0.0
0.0
0.0
0.0
0.0
0.0
0.0
0.0
0.0
0.0
0.0
0.0
0.0
0.0
0.0
0.0
0.0
0.0
0.0
0.0
0.0
0.0
0.0
0.0
0.0
0.0
0.0
0.0
0.0
0.0
0.0
0.0
0.0
0.0
0.0
0.0
0.0
0.0
0.0
0.0
0.0
0.0
0.0
0.0
0.0
0.0
0.0
0.0
0.0
0.0
0.0
0.0
0.0
0.0
0.0
0.0
0.0
0.0
0.0
0.0
0.0
0.0
0.0
0.0
0.0
0.0
0.0
0.0
0.0
0.0
0.0
0.0
0.0
0.0
0.0
0.0
0.0
0.0
0.0
0.0
0.0
0.0
0.0
0.0
0.0
0.0
0.0
0.0
0.0
0.0
0.0
0.0
0.0
0.0
0.0
0.0
0.0
0.0
0.0
0.0
0.0
0.0
0.0
0.0
0.0
0.0
0.0
0.0
0.0
0.0
0.0
0.0
0.0
0.0
0.0
0.0
0.0
0.0
0.0
0.0
0.0
0.0
0.0
0.0
0.0
0.0
0.0
0.0
0.0
0.0
0.0
0.0
0.0
0.0
0.0
0.0
0.0
0.0
0.0
0.0
0.0
0.0
0.0
0.0
0.0
0.0
0.0
0.0
0.0
0.0
0.0
0.0
0.0
0.0
0.0
0.0
0.0
0.0
0.0
0.0
0.0
0.0
0.0
0.0
0.0
0.0
0.0
0.0
0.0
0.0
0.0
0.0
0.0
0.0
0.0
0.0
0.0
0.0
0.0
0.0
0.0
0.0
0.0
0.0
0.0
0.0
0.0
0.0
0.0
0.0
0.0
0.0
0.0
0.0
0.0
0.0
0.0
0.0
0.0
0.0
0.0
0.0
0.0
0.0
0.0
0.0
0.0
0.0
0.0
0.0
0.0
0.0
0.0
0.0
0.0
0.0
0.0
0.0
0.0
0.0
0.0
0.0
0.0
0.0
0.0
0.0
0.0
0.0
0.0
0.0
0.0
0.0
0.0
0.0
0.0
0.0
0.0
0.0
0.0
0.0
0.0
0.0
0.0
0.0
0.0
0.0
0.0
0.0
0.0
0.0
0.0
0.0
0.0
0.0
0.0
0.0
0.0
0.0
0.0
0.0
0.0
0.0
0.0
0.0
0.0
0.0
0.0
0.0
0.0
0.0
0.0
0.0
0.0
0.0
0.0
0.0
0.0
0.0
0.0
0.0
0.0
0.0
0.0
0.0
0.0
0.0
0.0
0.0
0.0
0.0
0.0
0.0
0.0
0.0
0.0
0.0
0.0
0.0
0.0
0.0
0.0
0.0
0.0
0.0
0.0
0.0
0.0
0.0
0.0
0.0
0.0
0.0
0.0
0.0
0.0
0.0
0.0
0.0
0.0
0.0
0.0
0.0
0.0
0.0
0.0
0.0
0.0
0.0
0.0
0.0
0.0
0.0
0.0
0.0
0.0
0.0
0.0
0.0
0.0
0.0
0.0
0.0
0.0
0.0
0.0
0.0
0.0
0.0
0.0
0.0
0.0
0.0
0.0
0.0
0.0
0.0
0.0
0.0
0.0
0.0
0.0
0.0
0.0
0.0
0.0
0.0
0.0
0.0
0.0
0.0
0.0
0.0
0.0
0.0
0.0
0.0
0.0
0.0
0.0
0.0
0.0
0.0
0.0
0.0
0.0
0.0
0.0
0.0
0.0
0.0
0.0
0.0
0.0
0.0
0.0
0.0
0.0
0.0
0.0
0.0
0.0
0.0
0.0
0.0
0.0
0.0
0.0
0.0
0.0
0.0
0.0
0.0
0.0
0.0
0.0
0.0
0.0
0.0
0.0
0.0
0.0
0.0
0.0
0.0
0.0
0.0
0.0
0.0
0.0
0.0
0.0
0.0
0.0
0.0
0.0
0.0
0.0
0.0
0.0
0.0
0.0
0.0
0.0
0.0
0.0
0.0
0.0
0.0
0.0
0.0
0.0
0.0
0.0
0.0
0.0
0.0
0.0
0.0
0.0
0.0
0.0
0.0
0.0
0.0
0.0
0.0
0.0
0.0
0.0
0.0
0.0
0.0
0.0
0.0
0.0
0.0
0.0
0.0
0.0
0.0
0.0
0.0
0.0
0.0
0.0
0.0
0.0
0.0
0.0
0.0
0.0
0.0
0.0
0.0
0.0
0.0
0.0
0.0
0.0
0.0
0.0
0.0
0.0
0.0
0.0
0.0
0.0
0.0
0.0
0.0
0.0
0.0
0.0
0.0
0.0
0.0
0.0
0.0
0.0
0.0
0.0
0.0
0.0
0.0
0.0
0.0
0.0
0.0
0.0
0.0
0.0
0.0
0.0
0.0
0.0
0.0
0.0
0.0
0.0
0.0
0.0
0.0
0.0
0.0
0.0
0.0
0.0
0.0
0.0
0.0
0.0
0.0
0.0
0.0
0.0
0.0
0.0
0.0
0.0
0.0
0.0
0.0
0.0
0.0
0.0
0.0
0.0
0.0
0.0
0.0
0.0
0.0
0.0
0.0
0.0
0.0
0.0
0.0
0.0
0.0
0.0
0.0
0.0
0.0
0.0
0.0
0.0
0.0
0.0
0.0
0.0
0.0
0.0
0.0
0.0
0.0
0.0
0.0
0.0
0.0
0.0
0.0
0.0
0.0
0.0
0.0
0.0
0.0
0.0
0.0
0.0
0.0
0.0
0.0
0.0
0.0
0.0
0.0
0.0
0.0
0.0
0.0
0.0
0.0
0.0
0.0
0.0
0.0
0.0
0.0
0.0
0.0
0.0
0.0
0.0
0.0
0.0
0.0
0.0
0.0
0.0
0.0
0.0
0.0
0.0
0.0
0.0
0.0
0.0
0.0
0.0
0.0
0.0
0.0
0.0
0.0
0.0
0.0
0.0
0.0
0.0
0.0
0.0
0.0
0.0
0.0
0.0
0.0
0.0
0.0
0.0
0.0
0.0
0.0
0.0
0.0
0.0
0.0
0.0
0.0
0.0
0.0
0.0
0.0
0.0
0.0
0.0
0.0
0.0
0.0
0.0
0.0
0.0
0.0
0.0
0.0
0.0
0.0
0.0
0.0
0.0
0.0
0.0
0.0
0.0
0.0
0.0
0.0
0.0
0.0
0.0
0.0
0.0
0.0
0.0
0.0
0.0
0.0
0.0
0.0
0.0
0.0
0.0
0.0
0.0
0.0
0.0
0.0
0.0
0.0
0.0
0.0
0.0
0.0
0.0
0.0
0.0
0.0
0.0
0.0
0.0
0.0
0.0
0.0
0.0
0.0
0.0
0.0
0.0
0.0
0.0
0.0
0.0
0.0
0.0
0.0
0.0
0.0
0.0
0.0
0.0
0.0
0.0
0.0
0.0
0.0
0.0
0.0
0.0
0.0
0.0
0.0
0.0
0.0
0.0
0.0
0.0
0.0
0.0
0.0
0.0
0.0
0.0
0.0
0.0
0.0
0.0
0.0
0.0
0.0
0.0
0.0
0.0
0.0
0.0
0.0
0.0
0.0
0.0
0.0
0.0
0.0
0.0
0.0
0.0
0.0
0.0
0.0
0.0
0.0
0.0
0.0
0.0
0.0
0.0
0.0
0.0
0.0
0.0
0.0
0.0
0.0
0.0
0.0
0.0
0.0
0.0
0.0
0.0
0.0
0.0
0.0
0.0
0.0
0.0
0.0
0.0
0.0
0.0
0.0
0.0
0.0
0.0
0.0
0.0
0.0
0.0
0.0
0.0
0.0
0.0
0.0
0.0
0.0
0.0
0.0
0.0
0.0
0.0
0.0
0.0
0.0
0.0
0.0
0.0
0.0
0.0
0.0
0.0
0.0
0.0
0.0
0.0
0.0
0.0
0.0
0.0
0.0
0.0
0.0
0.0
0.0
0.0
0.0
0.0
0.0
0.0
0.0
0.0
0.0
0.0
0.0
0.0
0.0
0.0
0.0
0.0
0.0
0.0
0.0
0.0
0.0
0.0
0.0
0.0
0.0
0.0
0.0
0.0
0.0
0.0
0.0
0.0
0.0
0.0
0.0
0.0
0.0
0.0
0.0
0.0
0.0
0.0
0.0
0.0
0.0
0.0
0.0
0.0
0.0
0.0
0.0
0.0
0.0
0.0
0.0
0.0
0.0
0.0
0.0
0.0
0.0
0.0
0.0
0.0
0.0
0.0
0.0
0.0
0.0
0.0
0.0
0.0
0.0
0.0
0.0
0.0
0.0
0.0
0.0
0.0
0.0
0.0
0.0
0.0
0.0
0.0
0.0
0.0
0.0
0.0
0.0
0.0
0.0
0.0
0.0
0.0
0.0
0.0
0.0
0.0
0.0
0.0
0.0
0.0
0.0
0.0
0.0
0.0
0.0
0.0
0.0
0.0
0.0
0.0
0.0
0.0
0.0
0.0
0.0
0.0
0.0
0.0
0.0
0.0
0.0
0.0
0.0
0.0
0.0
0.0
0.0
0.0
0.0
0.0
0.0
0.0
0.0
0.0
