0.014529046796542185
0.014529290044257693
0.014529502342811378
0.014529695807661945
0.01452987570912633
0.014530045281439644
0.014530206703930118
0.01453036151151513
0.01453051082022648
0.014530655399621416
0.0145307950504324
0.01453093139596629
0.014531064207940531
0.014531194305313343
0.01453132183424232
0.014531447024421466
0.014531570189853254
0.014531691429013912
0.01453181091260916
0.014531928808962584
0.014532044875840408
0.014532159484897606
0.014532272849364066
0.014532385027821641
0.014532495976185613
0.014532605747380686
0.01453271448450921
0.014532822312056323
0.014532929278017437
0.014533035388412899
0.014533140656933414
0.01453324493525412
0.014533348569876666
0.014533451573249109
0.014533553937955074
0.01453365565073623
0.014533756741102046
0.01453385722158116
0.014533957096892381
0.01453405642436847
0.014534155245195772
0.014534253541503863
0.014534351172987214
0.014534448338592534
0.014534545076753712
0.014534641366112428
0.014534737190304483
0.01453483258446816
0.014534927591331261
0.014535022236229826
0.014535116531038911
0.014535210457717399
0.014535303973630937
0.014535397083004945
0.014535489739385022
0.014535582083467101
0.014535674142643557
0.014535765931644915
0.01453585746698082
0.014535948752204207
0.014536039782782248
0.014536130538910954
0.014536220996640413
0.014536311178102786
0.014536401112304616
0.014536490780114604
0.014536580119164368
0.014536669262855587
0.014536758209651206
0.014536846966401486
0.014536935532039788
0.014537023892992525
0.01453711203527993
0.01453719996146143
0.014537287693150467
0.014537375253949795
0.014537462654396123
0.01453754990247732
0.014537636930982586
0.014537723727042212
0.014537810337939003
0.014537896778448155
0.014537983061690131
0.014538069188852771
0.014538155165823926
0.014538240998608598
0.014538326692798727
0.014538412262131992
0.014538497718209822
0.014538583056477303
0.014538668287841068
0.01453875335154715
0.014538838298901114
0.014538923102391245
0.014539007793376132
0.014539092360162107
0.014539176762635367
0.014539261030884444
0.014539345191312723
0.014539429253217216
0.014539513233923367
0.01453959712442924
0.014539680928888512
0.014539764654401583
0.014539848299555777
0.014539931806719256
0.014540015233065345
0.014540098565890848
0.014540181808269652
0.014540264974008421
0.014540348056813793
0.014540431030539753
0.01454051390808003
0.014540596701216905
0.0145406793912589
0.014540761993755315
0.014540844529118423
0.014540927009108499
0.014541009434178685
0.014541091768985867
0.01454117404480883
0.014541256268808374
0.014541338437328546
0.014541420544610627
0.014541502590374152
0.014541584579628786
0.014541666517957854
0.014541748407733915
0.014541830239993269
0.014541912007542344
0.014541993726928226
0.014542075400797891
0.014542157015523633
0.014542238561470359
0.014542320022154597
0.014542401418278884
0.01454248276906096
0.014542564082476575
0.014542645356805956
0.014542726588579594
0.014542807783562874
0.014542888939842558
0.014542970059088941
0.014543051143284993
0.014543132196093074
0.014543213225397846
0.01454329420729321
0.014543375147567624
0.014543456050139274
0.01454353693501109
0.014543617757824964
0.014543698536182412
0.014543779295182207
0.014543860012994785
0.01454394068580256
0.014544021344247662
0.014544101973965431
0.014544182549584719
0.014544263090353457
0.014544343617434579
0.014544424121044166
0.014544504598596257
0.014544585054950217
0.014544665488268355
0.014544745909613384
0.014544826279156299
0.014544906638588977
0.014544986973778993
0.014545067270868996
0.014545147577201946
0.014545227851895319
0.014545308106602707
0.014545388337343826
0.014545468564327145
0.014545548767337081
0.014545628941606034
0.014545709100579602
0.014545789245285884
0.014545869378317857
0.014545949483943454
0.014546029571559326
0.014546109635077804
0.014546189690446343
0.01454626971522011
0.014546349695667272
0.014546429628725469
0.014546509577832049
0.014546589506850912
0.014546669440648058
0.014546749366846376
0.014546829280963123
0.01454690919098264
0.014546989088753256
0.014547068981801503
0.01454714887029801
0.01454722874873757
0.014547308628764485
0.014547388493745593
0.014547468335278006
0.014547548176308633
0.014547628001814156
0.014547707820916463
0.014547787657306384
0.014547867443206243
0.014547947229529953
0.01454802698177439
0.01454810671696812
0.0145481864481793
0.01454826617817866
0.014548345883728905
0.014548425579876366
0.014548505267743749
0.014548584934172704
0.014548664595123491
0.014548744267170477
0.014548823932913964
0.014548903583643859
0.014548983244020312
0.014549062915083247
0.014549142559369677
0.014549222207780458
0.014549301863760558
0.014549381479870291
0.014549461097109303
0.014549540699323932
0.014549620306362572
0.014549699915586013
0.014549779492683153
0.014549859075236161
0.014549938659347249
0.014550018232860867
0.01455009779791411
0.014550177363650602
0.014550256933883178
0.01455033649863679
0.014550416047136099
0.014550495585691253
0.014550575130354645
0.014550654678652521
0.014550734199471586
0.014550813700692436
0.014550893199576281
0.014550972709834417
0.014551052194093885
0.014551131658421677
0.014551211112424304
0.014551290589675954
0.014551370051787327
0.014551449484839248
0.014551528917493159
0.014551608365558652
0.014551687787687125
0.014551767196280908
0.014551846613500721
0.014551926035837593
0.014552005444545218
0.014552084836092079
0.014552164223571104
0.014552243614844433
0.014552323011633164
0.014552402409279623
0.014552481795733698
0.014552561167783088
0.014552640520298503
0.014552719858008076
0.01455279920136946
0.014552878566864918
0.014552957907159094
0.014553037225690105
0.014553116528695459
0.014553195822284693
0.014553275125500403
0.014553354424059101
0.014553433683642134
0.01455351294673626
0.014553592195403791
0.014553671410036865
0.014553750607931161
0.014553829804067601
0.01455390899570428
0.014553988169814012
0.014554067319120385
0.014554146457655851
0.014554225607220991
0.014554304767480332
0.014554383916648763
0.014554463041933509
0.014554542143871545
0.014554621235612263
0.014554700328381878
0.014554779415047998
0.014554858478651308
0.014554937516159642
0.014555016532353008
0.014555095544832513
0.014555174546683402
0.014555253545242067
0.014555332538539544
0.014555411502295326
0.01455549044453313
0.014555569367178832
0.0145556482768741
0.014555727173160692
0.014555806048246796
0.01455588492543055
0.014555963783630634
0.01455604260397012
0.014556121397395207
0.01455620016576416
0.014556278912326272
0.014556357644035588
0.01455643636605793
0.014556515071905593
0.014556593750325041
0.014556672393552067
0.014556751009080255
0.014556829613612567
0.014556908211561918
0.014556986796186925
0.01455706535092874
0.014557143867558372
0.014557222347108932
0.01455730081304712
0.01455737926597417
0.014557457719882264
0.014557536160719765
0.014557614576975804
0.014557692953596133
0.01455777129519295
0.014557849608893492
0.014557927895206215
0.014558006151141459
0.014558084378551172
0.01455816258335667
0.014558240760792682
0.014558318903714732
0.014558397018543046
0.014558475105090054
0.014558553151796487
0.014558631157834068
0.014558709129906264
0.014558787079262194
0.014558865010856452
0.01455894290382227
0.014559020753147403
0.014559098565358839
0.014559176343802948
0.014559254086797655
0.014559331794049555
0.014559409466437218
0.01455948710351521
0.014559564701330347
0.01455964224972251
0.014559719758698452
0.014559797232739565
0.014559874671631572
0.014559952070932577
0.014560029424633959
0.014560106729138909
0.014560183984794313
0.014560261193164148
0.014560338355132398
0.014560415470864967
0.014560492540037575
0.014560569563274188
0.014560646543218208
0.014560723482261048
0.014560800376278214
0.014560877215930594
0.01456095400987016
0.01456103075993078
0.014561107453206362
0.014561184090958646
0.014561260675078963
0.01456133720388701
0.014561413676671289
0.014561490099919073
0.01456156647653586
0.014561642798054907
0.014561719059544688
0.014561795262646221
0.014561871409069267
0.014561947496024498
0.014562023518120183
0.014562099467497999
0.014562175367351349
0.01456225120741025
0.014562326976300942
0.014562402676564437
0.014562478320244284
0.014562553909015721
0.01456262943542448
0.014562704895585971
0.014562780285957694
0.014562855604737747
0.01456293085042374
0.014563006011872987
0.014563081117791043
0.014563156158879377
0.014563231125266638
0.01456330601484459
0.014563380826382638
0.014563455558127325
0.014563530210323266
0.014563604785884948
0.01456367928689332
0.014563753713635845
0.01456382806181084
0.014563902338518425
0.014563976546957815
0.014564050671830746
0.014564124710290643
0.01456419866636702
0.014564272538019587
0.014564346320197518
0.014564420009128559
0.01456449359847842
0.014564567087500013
0.014564640504431554
0.014564713844419678
0.01456478709422414
0.014564860246744622
0.014564933298823565
0.014565006262992121
0.014565079133236476
0.014565151897665402
0.014565224567943435
0.01456529715427597
0.014565369630876507
0.014565441999641876
0.014565514271482992
0.014565586444087088
0.014565658511778826
0.01456573046636867
0.014565802315514154
0.014565874067090916
0.01456594570902388
0.014566017246939714
0.014566088674132673
0.014566159987812178
0.014566231199018053
0.014566302285135583
0.014566373274327745
0.01456644415501914
0.014566514913177763
0.014566585545296256
0.014566656046609085
0.014566726411346015
0.014566796636341158
0.014566866781569215
0.014566936842666366
0.014567006773898349
0.014567076573601153
0.01456714624003847
0.014567215769672978
0.01456728515054041
0.014567354389126924
0.014567423512424085
0.014567492509296731
0.014567561367728478
0.014567630093898975
0.014567698669857996
0.014567767097544055
0.01456783538489629
0.014567903545501611
0.014567971563981607
0.014568039454361711
0.014568107199081167
0.014568174784545754
0.014568242220977188
0.014568309544392984
0.014568376705477195
0.01456844369409152
0.014568510546963212
0.01456857725367448
0.014568643786634833
0.014568710165020548
0.014568776391775312
0.014568842459332444
0.01456890835970472
0.014568974104983623
0.01456903967947437
0.014569105090421483
0.014569170343518477
0.014569235423082739
0.01456930033023683
0.014569365189825063
0.014569429978339822
0.014569494625731231
0.01456955910426536
0.014569623400401462
0.01456968751060686
0.01456975142310426
0.014569815135037838
0.014569878715731382
0.014569942134882602
0.014570005359950533
0.014570068385392626
0.014570131205559878
0.014570193816756142
0.014570256242213376
0.014570318496213397
0.014570380574888282
0.014570442461531212
0.014570504130750917
0.014570565603915125
0.014570626884903506
0.014570687959057922
0.014570748823451003
0.014570809470339787
0.014570869914996395
0.014570930171843209
0.014570990227658275
0.014571050067990933
0.014571109684947526
0.014571169067289119
0.014571228238290131
0.014571287191545958
0.014571345914771895
0.014571404426804456
0.01457146271865319
0.014571520784287594
0.014571578648700387
0.01457163627922722
0.014571693656281522
0.014571750802610403
0.014571807705056346
0.014571864386373728
0.014571920808884533
0.014571977001800712
0.014572032954952284
0.014572088663474434
0.014572144162393762
0.014572199405758865
0.014572254380110412
0.014572309086101139
0.014572363538970063
0.014572417781461974
0.014572471747941431
0.01457252544623168
0.014572578876778338
0.014572632034829697
0.014572684985020238
0.014572737664998382
0.014572790061030997
0.014572842164353166
0.01457289396413888
0.014572945536213749
0.014572996854203034
0.01457304788941444
0.01457309862547235
0.014573149051654816
0.01457319921748866
0.014573249125893238
0.014573298748607185
0.0145733480588067
0.01457339706403681
0.014573445773459799
0.014573494197187469
0.014573542335579717
0.014573590169163974
0.01457363771883408
0.014573684959130813
0.01457373188814831
0.014573778503421998
0.014573824806533645
0.01457387081332259
0.014573916508182079
0.014573961889885221
0.014574006930480672
0.01457405165089689
0.014574096055963945
0.014574140134645782
0.014574183895372215
0.01457422731623155
0.014574270404723068
0.014574313161624396
0.014574355567692349
0.014574397633536402
0.014574439377452135
0.014574480786906992
0.014574521843537016
0.01457456253541697
0.014574602865593872
0.01457464285477601
0.01457468250009252
0.014574721790344665
0.01457476071243442
0.01457479908000406
0.014574837022730365
0.014574874581796383
0.014574911755407339
0.01457494857352791
0.014574985039255488
0.014575021122946917
0.014575056806314705
0.014575092088197806
0.014575126995875315
0.01457516154465874
0.014575195699013816
0.014575229439238897
0.014575262777534244
0.014575295755068478
0.014575328324622834
0.014575360475334972
0.01457539220479374
0.014575423545230191
0.014575454505059362
0.014575485038605193
0.014575515133574595
0.01457554489802046
0.014575574303291029
0.014575603304172433
0.01457563187079601
0.014575659990620927
0.014575687683159219
0.014575714953423306
0.014575741791685111
0.014575768181165747
0.01457579413539414
0.014575819642434049
0.014575844712058927
0.014575869325397556
0.014575893498779954
0.014575917207015052
0.014575940367177265
0.01457596303662685
0.01457598526068943
0.014576007011247616
0.014576028286540777
0.014576049081709931
0.014576069413366569
0.01457608901704894
0.014576108101002794
0.01457612690018183
0.014576145211689383
0.014576163043772362
0.014576180385666057
0.014576197232835245
0.014576213581232464
0.014576229431056277
0.014576244772871462
0.014576259611612937
0.014576273946324238
0.014576287772503076
0.014576301119185894
0.014576314101845352
0.014576326571116892
0.014576338523115264
0.014576349944329225
0.01457636083266239
0.014576371192332996
0.014576381022885939
0.01457639031455855
0.014576399062166
0.014576407266929709
0.014576414927960257
0.014576422038233647
0.014576428595299552
0.014576434598512001
0.014576440044428212
0.014576444926432182
0.01457644924182472
0.014576452992391313
0.014576456173432242
0.014576458777655676
0.01457646080317704
0.014576462250868352
0.014576463115612448
0.014576463392260196
0.014576463079123194
0.014576462173982457
0.01457646067172
0.01457645856876914
0.014576455864631068
0.014576452554697318
0.014576448633620342
0.014576444100253461
0.014576438954703912
0.014576433189034078
0.01457642679610612
0.014576419777985836
0.014576412137062136
0.014576403862680045
0.014576394946227075
0.014576385388260183
0.014576375193831044
0.014576364358994778
0.014576352871310143
0.0145763407250428
0.014576327922455943
0.014576314468576334
0.014576300354013878
0.014576285571878895
0.014576270104256805
0.014576253874406458
0.014576236973495561
0.014576219397018636
0.014576201127612915
0.014576181715408677
0.01457616161503425
0.014576140824732969
0.01457611932642141
0.014576097125742598
0.014576074228534422
0.014576050621923143
0.014576026285795626
0.014576001234804268
0.01457597548258831
0.014575949001294115
0.014575921778132668
0.014575893826355076
0.014575865153244872
0.014575835742311562
0.014575805580439753
0.014575774666632811
0.01457574300503607
0.014575710600391752
0.014575677447943684
0.014575643531946219
0.014575608828694778
0.014575573356955423
0.014575537150055209
0.014575500168774753
0.014575462367961802
0.014575423781650061
0.014575384453451228
0.014575344338985958
0.014575303386369812
0.01457526163189338
0.014575219118260015
0.014575175800061258
0.014575131635161371
0.01457508666374993
0.014575040900135266
0.01457499431094596
0.014574946872211194
0.014574898624551726
0.014574849557201853
0.014574799635909326
0.014574748868783911
0.01457469729471451
0.014574644863028606
0.014574591560883136
0.014574537494803981
0.014574482605260768
0.014574426828659896
0.014574370137456261
0.014574312623426209
0.01457425426323904
0.014574194975974123
0.014574134777253327
0.014574073759281755
0.014574011871990913
0.014573948999592282
0.014573885229054237
0.014573820627142006
0.014573755129957072
0.014573688631794481
0.014573621243894027
0.014573552994193219
0.014573483790988277
0.01457341362037569
0.01457334253739276
0.01457327055255828
0.014573197606115609
0.014573123708974884
0.014573048888156699
0.014572973098836196
0.014572896329199598
0.014572818617035284
0.014572739967682352
0.014572660319149083
0.014572579676933862
0.014572498083388003
0.014572415523724703
0.014572331973209177
0.014572247396914706
0.01457216185645335
0.014572075321392005
0.014571987780395135
0.014571899201790375
0.014571809618321288
0.014571719058005483
0.014571627475338024
0.014571534831762434
0.014571441182772607
0.014571347161406456
0.014571252108486012
0.01457115595661638
0.014571058768326116
0.01457096058369027
0.014570861343784072
0.014570760948914128
0.014570659548127779
0.014570557133090214
0.014570453606969696
0.014570348963626014
0.014570243287630605
0.014570136567991172
0.014570028679373343
0.014569919735208329
0.014569809707217836
0.014569698552325977
0.014569586264668217
0.01456947292229702
0.014569358534144818
0.014569242936810382
0.01456912624934598
0.014569008438637777
0.014568889484832207
0.014568769389857667
0.014568648170772615
0.014568525807154106
0.014568402261249665
0.01456827762516524
0.01456815180866669
0.014568024742332302
0.014567896571632705
0.014567767283513314
0.014567636744689572
0.01456750495830527
0.014567372115590704
0.014567238121645943
0.014567102723708893
0.01456696578696817
0.01456682760375316
0.014566688147429903
0.014566547359646477
0.014566405445262673
0.014566262392678544
0.01456611793559603
0.014565972276530831
0.014565825495470166
0.014565677408324493
0.014565527981513591
0.014565377376075344
0.014565225584069476
0.01456507239983649
0.014564918017431028
0.014564762581051017
0.014564605868269876
0.014564447886881408
0.014564288734736157
0.014564128294597384
0.014563966412951247
0.014563803160581602
0.014563638568762128
0.014563471772831005
0.014563303991074968
0.014563135699497829
0.01456296605456892
0.014562794907597312
0.01456262252693457
0.014562448990958238
0.014562273870968073
0.01456209738817894
0.014561919768620635
0.014561740673235814
0.01456156011042111
0.014561378265801011
0.014561195208238235
0.014561010564412282
0.014560824496650117
0.014560637251741514
0.01456044852341924
0.01456025833049065
0.014560066762695525
0.014559873887803441
0.014559679528970028
0.014559483691454366
0.014559286536363495
0.014559087820582687
0.014558887582890555
0.014558685976001857
0.014558482836708849
0.014558278284815877
0.01455807225473431
0.014557864788696888
0.014557655843801432
0.014557445479085695
0.014557233691571147
0.014557020350735708
0.014556805552106913
0.014556588862919242
0.014556370105964106
0.014556149957382702
0.014555928308337185
0.014555705138602062
0.014555480480682519
0.01455525433287325
0.014555026625448686
0.014554797350765576
0.01455456665944157
0.014554334412313796
0.014554100350604787
0.014553864963984111
0.01455362810618241
0.01455338952825525
0.01455314937303087
0.014552907841342092
0.014552664709458952
0.01455241969910758
0.014552173313885612
0.014551925572404983
0.014551675847840949
0.014551424602757964
0.014551171942204925
0.014550917766161088
0.014550661800067808
0.014550404324062384
0.01455014540297297
0.014549884629046864
0.014549622229208171
0.014549358336690585
0.01454909261285177
0.014548825383244044
0.014548556473725178
0.014548285834240539
0.014548013534984566
0.014547739622541977
0.014547464049523699
0.01454718666059387
0.01454690777575398
0.014546627228699698
0.014546344659807055
0.014546060620687922
0.014545774976559714
0.014545487434474005
0.014545198187171043
0.01454490823419846
0.014544616656821767
0.01454432314718498
0.014544028158082409
0.014543731508036032
0.014543432771865584
0.01454313254291083
0.014542830698101967
0.014542526731429386
0.014542221135301426
0.014541913970977411
0.01454160484523113
0.014541293777732637
0.014540981283402879
0.014540666968566752
0.01454035043021024
0.014540032392754813
0.01453971277650839
0.01453939084088343
0.014539067218794485
0.014538742158848627
0.014538415035198095
0.014538085638424755
0.014537753995366352
0.014537420587843252
0.014537084958900236
0.014536747631423003
0.014536408741109048
0.014536067599060476
0.014535724646626034
0.014535380154217561
0.01453503334945014
0.014534684679391903
0.014534334297257378
0.0145339819742941
0.014533627606407615
0.014533271532219885
0.014532914470883472
0.014532555430735835
0.014532194095435129
0.014531830164259638
0.014531464274821652
0.014531096904704707
0.014530727955247989
0.014530356729542504
0.014529983433096484
0.014529608514252619
0.014529231667169818
0.014528852394008734
0.014528471382364473
0.014528088598422287
0.014527703172435126
0.014527315810386602
0.014526926888069959
0.014526535572733524
0.014526142144289917
0.014525746990642591
0.014525349864029058
0.014524950430550099
0.01452454905772854
0.014524145930082057
0.01452374036891003
0.014523332714313
0.014522923332697292
0.014522511703064836
0.014522097978697244
0.014521681968258577
0.014521262859265797
0.014520841646654582
0.014520418400448959
0.014519993161066483
0.014519565654750934
0.014519135937697646
0.014518704264342902
0.014518270434790854
0.014517834468157456
0.014517396387198778
0.014516956113328525
0.014516513802772354
0.014516069337702277
0.01451562260579549
0.014515173853806448
0.014514723037517085
0.01451426988636971
0.014513814707400187
0.014513357389622308
0.014512897796852225
0.014512436087697774
0.014511972256166097
0.014511506062155033
0.014511037551783132
0.01451056709573937
0.014510094397187737
0.014509619214859385
0.014509142131647
0.014508664060690558
0.014508183403361624
0.014507700816897317
0.01450721602756411
0.014506728810564369
0.014506239361362432
0.014505747711053804
0.014505253635293638
0.014504757214864814
0.01450425888306925
0.014503758027680851
0.014503254483230556
0.014502749173972578
0.014502241480952601
0.014501731001521903
0.014501217943900408
0.014500702126422339
0.014500183535520291
0.014499662640977106
0.014499139767086822
0.014498614261738142
0.014498086097586392
0.014497556067255892
0.01449702363382192
0.014496488555270423
0.014495952113560038
0.014495413263525232
0.014494871527481573
0.014494327587019322
0.014493780746233845
0.014493231215768412
0.014492679304251367
0.014492125688868365
0.014491569268884109
0.014491010241885195
0.01449044892617826
0.014489885108538348
0.014489318750100663
0.014488750033648558
0.014488178525792594
0.014487604481474252
0.014487028411047351
0.014486449531726151
0.01448586786899796
0.014485284176568388
0.014484697867883502
0.014484108688599007
0.014483517266620963
0.014482923370143164
0.014482326397834734
0.01448172708099119
0.014481125699477302
0.01448052006639972
0.014479911099648416
0.014479300180441497
0.014478686274628554
0.014478069287799857
0.014477450482889455
0.014476828915483094
0.014476204056299605
0.014475577110324227
0.014474947658844842
0.014474315052552653
0.014473680083464288
0.014473042887420885
0.014472402573214084
0.014471759430859692
0.014471114339565879
0.014470466152335553
0.014469814837144952
0.014469161663229192
0.014468506831299533
0.014467848720484715
0.014467188630940897
0.014466525726004303
0.014465859451900098
0.014465190726702742
0.014464519808416228
0.014463845448124598
0.01446316810846137
0.01446248879562642
0.014461806059894786
0.014461118911164453
0.014460429821316718
0.014459737427024832
0.014459041472063124
0.014458343472019287
0.01445764246598564
0.014456938501561298
0.014456232429562062
0.014455523848252907
0.014454811879893427
0.014454096885230387
0.014453379375821826
0.014452658106795692
0.01445193216537411
0.01445120400158261
0.014450473868300149
0.0144497407352187
0.014449005388983352
0.014448266520305526
0.014447524288540976
0.014446779847278374
0.014446031957299427
0.014445280446938045
0.014444526523741718
0.014443770165599933
0.01444300961732949
0.014442246152755297
0.014441480533984783
0.014440710966599669
0.014439937954081173
0.014439162950018795
0.014438384436332804
0.014437601914954069
0.014436815753052572
0.014436026071340065
0.014435232091909726
0.014434435766929475
0.014433636657069855
0.014432833283524094
0.014432026390343454
0.014431217196507208
0.014430404944448891
0.014429588835431191
0.014428770096977945
0.014427948432994971
0.014427122903294893
0.014426295742173205
0.014425466225447886
0.014424632319265194
0.014423795248859946
0.014422954777500682
0.014422111235223306
0.014421264164815073
0.014420413231441753
0.014419558499387529
0.01441869949145281
0.014417836883559524
0.014416971815606331
0.014416103276359185
0.01441523149817286
0.01441435644269899
0.014413477572124892
0.01441259502355779
0.014411708341838424
0.014410819390473194
0.0144099265946733
0.014409027441245515
0.014408125992084752
0.014407221170173465
0.014406312448349862
0.014405401807148766
0.014404487378984088
0.01440356885336724
0.014402646600409639
0.014401721811238295
0.014400792306573927
0.014399858544847332
0.014398922472697508
0.014397982646355294
0.014397037602779009
0.014396090093093625
0.01439513946590987
0.014394182728687243
0.014393223735724481
0.014392261159490065
0.014391291001077161
0.014390317167461142
0.014389340463002127
0.014388359492513622
0.01438737342356194
0.014386385076274601
0.01438539299151904
0.014384395430236103
0.014383397379482025
0.014382395436223452
0.014381387329051133
0.01438037646424618
0.014379362983261146
0.014378343224651584
0.014377318431724366
0.014376290508115973
0.014375257565442109
0.01437422069140135
0.014373181002517426
0.014372136644242431
0.0143710866569908
0.014370033867256148
0.014368976723779299
0.014367914143274181
0.014366847784358643
0.014365778467188917
0.014364701351286853
0.014363619602004685
0.014362536627027996
0.01436144749411132
0.01436035462795839
0.014359258839948234
0.01435815826769458
0.014357052720685817
0.01435594274762509
0.014354829297045986
0.014353710739901632
0.0143525868630621
0.014351459462332905
0.014350326724862719
0.014349189866803568
0.014348048778452818
0.014346901845068975
0.014345750683055613
0.014344591986239092
0.01434342756058024
0.01434225970264153
0.01434108656830543
0.014339909802992951
0.014338729377052188
0.014337545045513878
0.014336354847102861
0.01433515909616344
0.014333959039629954
0.014332752840827669
0.01433154027317179
0.014330325080807102
0.014329104897186843
0.014327877130234326
0.014326645671262302
0.014325410458199335
0.014324168391800052
0.014322920957758634
0.014321670163195136
0.01432041226800936
0.014319146762340466
0.014317877970352501
0.01431660516573036
0.014315324777566585
0.014314040721841741
0.014312753338964578
0.01431145840602399
0.014310158962216917
0.014308855183487373
0.014307544412354363
0.014306227956909199
0.014304907305598281
0.014303580279021668
0.01430224645642531
0.014300908652004833
0.014299565166278902
0.01429821399821157
0.01429685568817565
0.01429549214920115
0.014294122563975506
0.014292748512489392
0.01429136941949717
0.014289980918249302
0.014288587402493681
0.014287189390759148
0.014285784451771075
0.014284372570616035
0.014282955818172878
0.014281532622031436
0.014280102073914856
0.01427866695415353
0.014277226089169816
0.014275777147086704
0.014274322130164479
0.014272860055354109
0.014271389831752388
0.014269914674380678
0.014268434491966433
0.014266947179820159
0.014265453352500726
0.01426395477079988
0.014262449499133061
0.01426093662800982
0.014259418486887101
0.014257893430368753
0.014256360327766152
0.014254821586310607
0.014253275662447393
0.014251722170850894
0.014250162605646672
0.014248595671199467
0.014247019349390488
0.014245436139652642
0.014243846170096046
0.014242248083882468
0.014240642253442903
0.014239030875714306
0.014237411408789776
0.014235783667771442
0.014234150454594082
0.014232509519101799
0.014230859535637332
0.014229203106887004
0.01422753993373648
0.014225865601461963
0.014224183191028378
0.014222495270628896
0.01422080024112926
0.014219096054395008
0.014217385581741432
0.014215667866015526
0.01421394169044416
0.014212208771277974
0.014210468505935044
0.014208718963254997
0.014206961070825405
0.014205196008546559
0.014203422390679836
0.014201639809051286
0.014199851347559021
0.014198053358688819
0.014196242575292114
0.014194423576316622
0.014192597288361688
0.014190761553782759
0.014188916587778863
0.014187061903431802
0.014185199964420763
0.014183329215380677
0.014181448387244429
0.014179560307953365
0.014177661726957341
0.014175752065494127
0.014173834691924138
0.014171908808003696
0.014169973604482631
0.014168027555799134
0.014166074123451314
0.014164113007626584
0.014162140080457176
0.014160160357658571
0.014158171134187603
0.014156169897549663
0.014154160456363973
0.01415214359934035
0.01415011684794149
0.014148077705395919
0.014146030465121041
0.01414396975057172
0.014141894425966865
0.01413981199614943
0.014137720799766901
0.014135614393976568
0.014133500954857053
0.01413137675288266
0.014129241685372183
0.014127093335703668
0.014124937014991285
0.014122769320668714
0.014120587502806299
0.014118399041698286
0.014116200057003337
0.014113985740178216
0.014111762974671201
0.014109532717914066
0.014107288220136358
0.014105032448222168
0.014102769245561916
0.01410049453478022
0.014098204973133579
0.014095907208251634
0.014093597845019144
0.014091271786599429
0.014088931916233506
0.01408658261429123
0.014084215615653288
0.014081837655633053
0.014079450860225018
0.014077050273371961
0.014074634377391768
0.014072208692263683
0.014069769840610306
0.014067314478046404
0.014064849187915592
0.014062374050915144
0.014059881766806729
0.014057376618430815
0.01405486314064856
0.014052336818524188
0.014049796118003938
0.014047244887575168
0.014044678589292349
0.014042097042166062
0.014039502681476197
0.014036897278461804
0.014034274262327113
0.014031632511507502
0.014028979018817701
0.0140263079773797
0.014023623783156918
0.014020925717063253
0.014018212441030069
0.014015483112020083
0.014012739434211005
0.014009982487346568
0.0140072085251859
0.01400442252978367
0.014001622066782394
0.01399880253592459
0.013995971744258644
0.01399312725629641
0.013990266894466885
0.013987391097470325
0.013984500789791889
0.013981592776207334
0.013978667274214186
0.013975730161075561
0.013972770587293036
0.013969788906585416
0.013966794285361222
0.013963782860836698
0.01396075138352298
0.013957704085989264
0.01395464366598009
0.013951562517809683
0.013948462318463264
0.013945351003058224
0.013942220916513495
0.01393906779041174
0.013935902590429773
0.01393272458166357
0.013929523544342808
0.013926304136458378
0.013923071293542241
0.013919817365976049
0.013916541982595735
0.013913254064849037
0.013909940727665417
0.013906600373184799
0.013903243964392884
0.013899871855869933
0.013896475772243433
0.013893058921386816
0.013889627856267003
0.013886175725281898
0.013882700739467721
0.013879210609947087
0.013875700001574828
0.013872164437237785
0.013868612675001262
0.01386504415665881
0.013861452456217647
0.013857837882840097
0.013854206077729794
0.013850551243058985
0.013846870096512752
0.013843165685872618
0.013839438262381484
0.013835685462379479
0.013831912233027101
0.013828119468704662
0.013824301198902995
0.013820458203682016
0.013816599334767659
0.013812714686507363
0.013808803006619304
0.013804874541376704
0.013800924067222173
0.013796946150909043
0.013792944703388623
0.013788924829456983
0.013784876964296573
0.013780800905022074
0.013776700993676418
0.01377257095229911
0.013768413515840698
0.013764233362328022
0.013760030169070625
0.013755796709771815
0.013751536208064465
0.013747256210665275
0.013742947356393663
0.013738609753160486
0.013734252609215843
0.01372986803832644
0.013725453253373198
0.013721011379541462
0.013716545743959618
0.013712050458221376
0.013707526460206093
0.013702970132145099
0.013698382409773677
0.01369376319217695
0.013689119042265493
0.013684444233808072
0.013679737843425766
0.013675003206438796
0.013670244476515894
0.013665452792099858
0.013660629417822322
0.013655784608658848
0.01365090424977868
0.013645990171853141
0.01364104693644575
0.013636077399559646
0.013631069724727034
0.013626020122121892
0.013620946478415259
0.013615837947920886
0.013610689187032364
0.013605511322439142
0.013600305095932396
0.013595063879156285
0.013589781763243235
0.013584475020445961
0.013579140428401257
0.013573763318305789
0.01356835140426273
0.01356290484086674
0.013557430295133968
0.013551908471088938
0.013546346420214354
0.013540753654728288
0.01353511735356016
0.01352944109444956
0.013523727841004078
0.013517989712542821
0.013512205604249924
0.013506377639691867
0.013500523648988207
0.013494633097259434
0.013488699753987372
0.013482723446242665
0.01347672030570867
0.013470670231745429
0.0134645583869054
0.0134584125869055
0.01345223188448739
0.013446006452921903
0.01343973115414411
0.01343342695857275
0.013427080006892782
0.01342067961351167
0.01341424529067861
0.013407775399942853
0.013401259111048034
0.013394692985065293
0.013388091408445262
0.013381433104899544
0.013374714443383711
0.01336795626571136
0.013361160873711093
0.013354312134200304
0.013347412524587673
0.013340474916086526
0.013333490428123146
0.013326454987723354
0.013319378475462133
0.013312258006956462
0.013305080173771239
0.013297849541295365
0.013290567210652639
0.013283225158634787
0.013275825354570014
0.013268383777330578
0.013260894107066865
0.013253345249291901
0.013245744520808086
0.013238106152828773
0.013230411922067246
0.013222656722409904
0.013214852816220996
0.013206995213469488
0.01319906781415998
0.013191072751914005
0.013183032594752203
0.013174935679866821
0.013166773982003353
0.013158562128618998
0.01315029436960634
0.013141968304539326
0.013133585482159635
0.01312514936909165
0.013116647169279327
0.013108070571691957
0.013099438165604209
0.013090735440973623
0.013081968536876817
0.013073137131718322
0.013064251357613858
0.013055298723235718
0.013046281614885928
0.013037209053636891
0.01302806782125579
0.013018856441900144
0.013009570868803782
0.013000224251445723
0.012990794920044263
0.012981294618063152
0.012971731591138352
0.01296209968262491
0.012952397859077792
0.0129426355253502
0.01293281465115339
0.012922914652242198
0.012912946493987668
0.012902909811418412
0.012892801439997211
0.012882613257685718
0.012872360604041773
0.012862041910793053
0.012851637331712918
0.012841166943075908
0.012830633384619339
0.01282002576189084
0.01280932972261297
0.01279856352419603
0.012787735134587752
0.012776806844522665
0.012765797764591053
0.012754725358510929
0.012743572780004176
0.012732321998577545
0.012720999952549328
0.012709629396061625
0.012698145968102903
0.012686561939306375
0.012674916591458302
0.012663206686104019
0.01265137680004163
0.012639452405574849
0.01262747306130226
0.012615398626057586
0.012603210644085556
0.012590950358688733
0.012578627945192827
0.012566179374742519
0.012553629514814695
0.01254101082939254
0.012528306691451344
0.012515476338305931
0.012502546679049698
0.012489556238177102
0.01247644382702707
0.01246322734255945
0.012449916412945667
0.0124365348765711
0.012423019327843815
0.012409398674283412
0.012395689457863865
0.012381871395328262
0.012367930453006392
0.012353884369922144
0.012339761571428621
0.01232550758974782
0.012311136549787298
0.012296661857991104
0.01228209842020805
0.012267388494523078
0.012252559396237235
0.012237636480175392
0.01222258178964569
0.012207402602139573
0.012192114490516501
0.012176717412339106
0.012161180659507598
0.012145521556564214
0.012129752851923822
0.01211384845589869
0.01209779749584537
0.012081627235657177
0.012065349683032349
0.012048928095462612
0.012032347563056676
0.012015651964342502
0.011998843236719165
0.0119818797872805
0.011964753091179978
0.011947508270093896
0.011930121261900692
0.011912584027749541
0.011894897961302428
0.011877084416167511
0.011859117004833017
0.011840994628671463
0.011822712722735034
0.011804290308429412
0.01178570486232181
0.011766947581388866
0.01174805126311423
0.011728992320522068
0.011709776250526653
0.01169039350370928
0.011670853526539146
0.01165112604550438
0.011631230759921405
0.011611160190427546
0.011590932998649993
0.011570516496596779
0.011549924926544957
0.011529164362623136
0.01150823505640093
0.011487097184724212
0.011465758077963156
0.011444243413221197
0.011422549435183027
0.01140065306968352
0.01137855756149788
0.011356282896851724
0.011333814123098428
0.011311118325510364
0.011288201875494034
0.011265092592272156
0.01124178935563351
0.011218276865842794
0.011194528174833464
0.011170572631229515
0.011146416822347202
0.011122010759176239
0.011097348711547514
0.011072485245536279
0.011047421259157282
0.011022102353049559
0.010996523669841569
0.010970741831864285
0.01094471633643029
0.010918394527006527
0.010891809091775012
0.01086502892600531
0.01083802236343157
0.010810691837847122
0.01078308005001529
0.010755247099612234
0.01072715105409557
0.010698724472649206
0.010670015147726461
0.010641079465384522
0.010611873590031904
0.01058232763509635
0.010552475536230807
0.010522355866351961
0.010491941070576492
0.010461183592888416
0.010430119627878397
0.010398793939927898
0.010367116637523889
0.01033508356723703
0.010302719531209018
0.01027006846413108
0.010237043356207856
0.010203674621856835
0.010169965324199136
0.010135920587506635
0.010101478872511874
0.010066669359181107
0.01003150211444925
0.00999596403292785
0.009960016993311782
0.009923727292162085
0.00988710610994463
0.009850105033649081
0.009812699574859156
0.009774952077750754
0.009736875712351111
0.009698362362623838
0.009659440038253458
0.009620151223864722
0.009580495455931178
0.00954033723279421
0.009499760403949205
0.009458787906439683
0.00941742948690203
0.009375558635719188
0.009333216989967745
0.009290425554744037
0.009247210559864374
0.009203458330786965
0.009159203996332702
0.009114478565638311
0.009069264399544818
0.009023470368243157
0.008977135853452086
0.008930297350760213
0.008882896834369424
0.008834906225009726
0.008786332550492501
0.00873718810300724
0.008687398240231809
0.008636997871439707
0.008585953897365755
0.008534293938950681
0.008481909155523219
0.008428866711851207
0.008375133008647473
0.008320714133859777
0.008265442057370178
0.008209468526707637
0.00815276741041394
0.008095299774142554
0.008036872783216128
0.007977671105065913
0.007917675235179389
0.007856807825718846
0.00779489970194615
0.007732119787976845
0.007668439513090623
0.0076037539104499945
0.007537904340239519
0.007471088381140075
0.007403279519841502
0.007334315091441982
0.007264030890926666
0.007192648957742372
0.007120143776287638
0.007046306637814504
0.006970973507295767
0.006894347367300781
0.006816431910026433
0.006737012334588308
0.006655847254961585
0.006573148831468459
0.006488956835530381
0.006402993706042249
0.006314972547068106
0.0062251170834181834
0.006133451992514296
0.0060397014429606245
0.005943551805434567
0.005845101643364849
0.005744402756676643
0.0056411642497914884
0.005535014837238943
0.005425972542852377
0.005314033996793812
0.005198862202354957
0.005080015287663214
0.004957373697387024
0.004830836648031287
0.0047000155137031695
0.004564559671982512
0.004424173984474779
0.004278535685547534
0.004127018953413179
0.003968689424166705
0.0038026847866598564
0.003628134086867904
0.0034436069763899794
0.0032471158452031645
0.0030364124652371327
0.002808435483069944
0.002558245258954608
0.0022781203220767696
0.0019554999594309443
0.0015644189382718865
0.00102839177991713
0.0
0.0
0.0
0.0
0.0
0.0
0.0
0.0
0.0
0.0
0.0
0.0
0.0
0.0
0.0
0.0
0.0
0.0
0.0
0.0
0.0
0.0
0.0
0.0
0.0
0.0
0.0
0.0
0.0
0.0
0.0
0.0
0.0
0.0
0.0
0.0
0.0
0.0
0.0
0.0
0.0
0.0
0.0
0.0
0.0
0.0
0.0
0.0
0.0
0.0
0.0
0.0
0.0
0.0
0.0
0.0
0.0
0.0
0.0
0.0
0.0
0.0
0.0
0.0
0.0
0.0
0.0
0.0
0.0
0.0
0.0
0.0
0.0
0.0
0.0
0.0
0.0
0.0
0.0
0.0
0.0
0.0
0.0
0.0
0.0
0.0
0.0
0.0
0.0
0.0
0.0
0.0
0.0
0.0
0.0
0.0
0.0
0.0
0.0
0.0
0.0
0.0
0.0
0.0
0.0
0.0
0.0
0.0
0.0
0.0
0.0
0.0
0.0
0.0
0.0
0.0
0.0
0.0
0.0
0.0
0.0
0.0
0.0
0.0
0.0
0.0
0.0
0.0
0.0
0.0
0.0
0.0
0.0
0.0
0.0
0.0
0.0
0.0
0.0
0.0
0.0
0.0
0.0
0.0
0.0
0.0
0.0
0.0
0.0
0.0
0.0
0.0
0.0
0.0
0.0
0.0
0.0
0.0
0.0
0.0
0.0
0.0
0.0
0.0
0.0
0.0
0.0
0.0
0.0
0.0
0.0
0.0
0.0
0.0
0.0
0.0
0.0
0.0
0.0
0.0
0.0
0.0
0.0
0.0
0.0
0.0
0.0
0.0
0.0
0.0
0.0
0.0
0.0
0.0
0.0
0.0
0.0
0.0
0.0
0.0
0.0
0.0
0.0
0.0
0.0
0.0
0.0
0.0
0.0
0.0
0.0
0.0
0.0
0.0
0.0
0.0
0.0
0.0
0.0
0.0
0.0
0.0
0.0
0.0
0.0
0.0
0.0
0.0
0.0
0.0
0.0
0.0
0.0
0.0
0.0
0.0
0.0
0.0
0.0
0.0
0.0
0.0
0.0
0.0
0.0
0.0
0.0
0.0
0.0
0.0
0.0
0.0
0.0
0.0
0.0
0.0
0.0
0.0
0.0
0.0
0.0
0.0
0.0
0.0
0.0
0.0
0.0
0.0
0.0
0.0
0.0
0.0
0.0
0.0
0.0
0.0
0.0
0.0
0.0
0.0
0.0
0.0
0.0
0.0
0.0
0.0
0.0
0.0
0.0
0.0
0.0
0.0
0.0
0.0
0.0
0.0
0.0
0.0
0.0
0.0
0.0
0.0
0.0
0.0
0.0
0.0
0.0
0.0
0.0
0.0
0.0
0.0
0.0
0.0
0.0
0.0
0.0
0.0
0.0
0.0
0.0
0.0
0.0
0.0
0.0
0.0
0.0
0.0
0.0
0.0
0.0
0.0
0.0
0.0
0.0
0.0
0.0
0.0
0.0
0.0
0.0
0.0
0.0
0.0
0.0
0.0
0.0
0.0
0.0
0.0
0.0
0.0
0.0
0.0
0.0
0.0
0.0
0.0
0.0
0.0
0.0
0.0
0.0
0.0
0.0
0.0
0.0
0.0
0.0
0.0
0.0
0.0
0.0
0.0
0.0
0.0
0.0
0.0
0.0
0.0
0.0
0.0
0.0
0.0
0.0
0.0
0.0
0.0
0.0
0.0
0.0
0.0
0.0
0.0
0.0
0.0
0.0
0.0
0.0
0.0
0.0
0.0
0.0
0.0
0.0
0.0
0.0
0.0
0.0
0.0
0.0
0.0
0.0
0.0
0.0
0.0
0.0
0.0
0.0
0.0
0.0
0.0
0.0
0.0
0.0
0.0
0.0
0.0
0.0
0.0
0.0
0.0
0.0
0.0
0.0
0.0
0.0
0.0
0.0
0.0
0.0
0.0
0.0
0.0
0.0
0.0
0.0
0.0
0.0
0.0
0.0
0.0
0.0
0.0
0.0
0.0
0.0
0.0
0.0
0.0
0.0
0.0
0.0
0.0
0.0
0.0
0.0
0.0
0.0
0.0
0.0
0.0
0.0
0.0
0.0
0.0
0.0
0.0
0.0
0.0
0.0
0.0
0.0
0.0
0.0
0.0
0.0
0.0
0.0
0.0
0.0
0.0
0.0
0.0
0.0
0.0
0.0
0.0
0.0
0.0
0.0
0.0
0.0
0.0
0.0
0.0
0.0
0.0
0.0
0.0
0.0
0.0
0.0
0.0
0.0
0.0
0.0
0.0
0.0
0.0
0.0
0.0
0.0
0.0
0.0
0.0
0.0
0.0
0.0
0.0
0.0
0.0
0.0
0.0
0.0
0.0
0.0
0.0
0.0
0.0
0.0
0.0
0.0
0.0
0.0
0.0
0.0
0.0
0.0
0.0
0.0
0.0
0.0
0.0
0.0
0.0
0.0
0.0
0.0
0.0
0.0
0.0
0.0
0.0
0.0
0.0
0.0
0.0
0.0
0.0
0.0
0.0
0.0
0.0
0.0
0.0
0.0
0.0
0.0
0.0
0.0
0.0
0.0
0.0
0.0
0.0
0.0
0.0
0.0
0.0
0.0
0.0
0.0
0.0
0.0
0.0
0.0
0.0
0.0
0.0
0.0
0.0
0.0
0.0
0.0
0.0
0.0
0.0
0.0
0.0
0.0
0.0
0.0
0.0
0.0
0.0
0.0
0.0
0.0
0.0
0.0
0.0
0.0
0.0
0.0
0.0
0.0
0.0
0.0
0.0
0.0
0.0
0.0
0.0
0.0
0.0
0.0
0.0
0.0
0.0
0.0
0.0
0.0
0.0
0.0
0.0
0.0
0.0
0.0
0.0
0.0
0.0
0.0
0.0
0.0
0.0
0.0
0.0
0.0
0.0
0.0
0.0
0.0
0.0
0.0
0.0
0.0
0.0
0.0
0.0
0.0
0.0
0.0
0.0
0.0
0.0
0.0
0.0
0.0
0.0
0.0
0.0
0.0
0.0
0.0
0.0
0.0
0.0
0.0
0.0
0.0
0.0
0.0
0.0
0.0
0.0
0.0
0.0
0.0
0.0
0.0
0.0
0.0
0.0
0.0
0.0
0.0
0.0
0.0
0.0
0.0
0.0
0.0
0.0
0.0
0.0
0.0
0.0
0.0
0.0
0.0
0.0
0.0
0.0
0.0
0.0
0.0
0.0
0.0
0.0
0.0
0.0
0.0
0.0
0.0
0.0
0.0
0.0
0.0
0.0
0.0
0.0
0.0
0.0
0.0
0.0
0.0
0.0
0.0
0.0
0.0
0.0
0.0
0.0
0.0
0.0
0.0
0.0
0.0
0.0
0.0
0.0
0.0
0.0
0.0
0.0
0.0
0.0
0.0
0.0
0.0
0.0
0.0
0.0
0.0
0.0
0.0
0.0
0.0
0.0
0.0
0.0
0.0
0.0
0.0
0.0
0.0
0.0
0.0
0.0
0.0
0.0
0.0
0.0
0.0
0.0
0.0
0.0
0.0
0.0
0.0
0.0
0.0
0.0
0.0
0.0
0.0
0.0
0.0
0.0
0.0
0.0
0.0
0.0
0.0
0.0
0.0
0.0
0.0
0.0
0.0
0.0
0.0
0.0
0.0
0.0
0.0
0.0
0.0
0.0
0.0
0.0
0.0
0.0
0.0
0.0
0.0
0.0
0.0
0.0
0.0
0.0
0.0
0.0
0.0
0.0
0.0
0.0
0.0
0.0
0.0
0.0
0.0
0.0
0.0
0.0
0.0
0.0
0.0
0.0
0.0
0.0
0.0
0.0
0.0
0.0
0.0
0.0
0.0
0.0
0.0
0.0
0.0
0.0
0.0
0.0
0.0
0.0
0.0
0.0
0.0
0.0
0.0
0.0
0.0
0.0
0.0
0.0
0.0
0.0
0.0
0.0
0.0
0.0
0.0
0.0
0.0
0.0
0.0
0.0
0.0
0.0
0.0
0.0
0.0
0.0
0.0
0.0
0.0
0.0
0.0
0.0
0.0
0.0
0.0
0.0
0.0
0.0
0.0
0.0
0.0
0.0
0.0
0.0
0.0
0.0
0.0
0.0
0.0
0.0
0.0
0.0
0.0
0.0
0.0
0.0
0.0
0.0
0.0
0.0
0.0
0.0
0.0
0.0
0.0
0.0
0.0
0.0
0.0
0.0
0.0
0.0
0.0
0.0
0.0
0.0
0.0
0.0
0.0
0.0
0.0
0.0
0.0
0.0
0.0
0.0
0.0
0.0
0.0
0.0
0.0
0.0
0.0
0.0
0.0
0.0
0.0
0.0
0.0
0.0
0.0
0.0
0.0
0.0
0.0
0.0
0.0
0.0
0.0
0.0
0.0
0.0
0.0
0.0
0.0
0.0
0.0
0.0
0.0
0.0
0.0
0.0
0.0
0.0
0.0
0.0
0.0
0.0
0.0
0.0
0.0
0.0
0.0
0.0
0.0
0.0
0.0
0.0
0.0
0.0
0.0
0.0
0.0
0.0
0.0
0.0
0.0
0.0
0.0
0.0
0.0
0.0
0.0
0.0
0.0
0.0
0.0
0.0
0.0
0.0
0.0
0.0
0.0
0.0
0.0
0.0
0.0
0.0
0.0
0.0
0.0
0.0
0.0
0.0
0.0
0.0
0.0
0.0
0.0
0.0
0.0
0.0
0.0
0.0
0.0
0.0
0.0
0.0
0.0
0.0
0.0
0.0
0.0
0.0
0.0
0.0
0.0
0.0
0.0
0.0
0.0
0.0
0.0
0.0
0.0
0.0
0.0
0.0
0.0
0.0
0.0
0.0
0.0
0.0
0.0
0.0
0.0
0.0
0.0
0.0
0.0
0.0
0.0
0.0
0.0
0.0
0.0
0.0
0.0
0.0
0.0
0.0
0.0
0.0
0.0
0.0
0.0
0.0
0.0
0.0
0.0
0.0
0.0
0.0
0.0
0.0
0.0
0.0
0.0
0.0
0.0
0.0
0.0
0.0
0.0
0.0
0.0
0.0
0.0
0.0
0.0
0.0
0.0
0.0
0.0
0.0
0.0
0.0
0.0
0.0
0.0
0.0
0.0
0.0
0.0
0.0
0.0
0.0
0.0
0.0
0.0
0.0
0.0
0.0
0.0
0.0
0.0
0.0
0.0
0.0
0.0
0.0
0.0
0.0
0.0
0.0
0.0
0.0
0.0
0.0
0.0
0.0
0.0
0.0
0.0
0.0
0.0
0.0
0.0
0.0
0.0
0.0
0.0
0.0
0.0
0.0
0.0
0.0
0.0
0.0
0.0
0.0
0.0
0.0
0.0
0.0
0.0
0.0
0.0
0.0
0.0
0.0
0.0
0.0
0.0
0.0
0.0
0.0
0.0
0.0
0.0
0.0
0.0
0.0
0.0
0.0
0.0
0.0
0.0
0.0
0.0
0.0
0.0
0.0
0.0
0.0
0.0
0.0
0.0
0.0
0.0
0.0
0.0
0.0
0.0
0.0
0.0
0.0
0.0
0.0
0.0
0.0
0.0
0.0
0.0
0.0
0.0
0.0
0.0
0.0
0.0
0.0
0.0
0.0
0.0
0.0
0.0
0.0
0.0
0.0
0.0
0.0
0.0
0.0
0.0
0.0
0.0
0.0
0.0
0.0
0.0
0.0
0.0
0.0
0.0
0.0
0.0
0.0
0.0
0.0
0.0
0.0
0.0
0.0
0.0
0.0
0.0
0.0
0.0
0.0
0.0
0.0
0.0
0.0
0.0
0.0
0.0
0.0
0.0
0.0
0.0
0.0
0.0
0.0
0.0
0.0
0.0
0.0
0.0
0.0
0.0
0.0
0.0
0.0
0.0
0.0
0.0
0.0
0.0
0.0
0.0
0.0
0.0
0.0
0.0
0.0
0.0
0.0
0.0
0.0
0.0
0.0
0.0
0.0
0.0
0.0
0.0
0.0
0.0
0.0
0.0
0.0
0.0
0.0
0.0
0.0
0.0
0.0
0.0
0.0
0.0
0.0
0.0
0.0
0.0
0.0
0.0
0.0
0.0
0.0
0.0
0.0
0.0
0.0
0.0
0.0
0.0
0.0
0.0
0.0
0.0
0.0
0.0
0.0
0.0
0.0
0.0
0.0
0.0
0.0
0.0
0.0
0.0
0.0
0.0
0.0
0.0
0.0
0.0
0.0
0.0
0.0
0.0
0.0
0.0
0.0
0.0
0.0
0.0
0.0
0.0
0.0
0.0
0.0
0.0
0.0
0.0
0.0
0.0
0.0
0.0
0.0
0.0
0.0
0.0
0.0
0.0
0.0
0.0
0.0
0.0
0.0
0.0
0.0
0.0
0.0
0.0
0.0
0.0
0.0
0.0
0.0
0.0
0.0
0.0
0.0
0.0
0.0
0.0
0.0
0.0
0.0
0.0
0.0
0.0
0.0
0.0
0.0
0.0
0.0
0.0
0.0
0.0
0.0
0.0
0.0
0.0
0.0
0.0
0.0
0.0
0.0
0.0
0.0
0.0
0.0
0.0
0.0
0.0
0.0
0.0
0.0
0.0
0.0
0.0
0.0
0.0
0.0
0.0
0.0
0.0
0.0
0.0
0.0
0.0
0.0
0.0
0.0
0.0
0.0
0.0
0.0
0.0
0.0
0.0
0.0
0.0
0.0
0.0
0.0
0.0
0.0
0.0
0.0
0.0
0.0
0.0
0.0
0.0
0.0
0.0
0.0
0.0
0.0
0.0
0.0
0.0
0.0
0.0
0.0
0.0
0.0
0.0
0.0
0.0
0.0
0.0
0.0
0.0
0.0
0.0
0.0
0.0
0.0
0.0
0.0
0.0
0.0
0.0
0.0
0.0
0.0
0.0
0.0
0.0
0.0
0.0
0.0
0.0
0.0
0.0
0.0
0.0
0.0
0.0
0.0
0.0
0.0
0.0
0.0
0.0
0.0
0.0
0.0
0.0
0.0
0.0
0.0
0.0
0.0
0.0
0.0
0.0
0.0
0.0
0.0
0.0
0.0
0.0
0.0
0.0
0.0
0.0
0.0
0.0
0.0
0.0
0.0
0.0
0.0
0.0
0.0
0.0
0.0
0.0
0.0
0.0
0.0
0.0
0.0
0.0
0.0
0.0
0.0
0.0
0.0
0.0
0.0
0.0
0.0
0.0
0.0
0.0
0.0
0.0
0.0
0.0
0.0
0.0
0.0
0.0
0.0
0.0
0.0
0.0
0.0
0.0
0.0
0.0
0.0
0.0
0.0
0.0
0.0
0.0
0.0
0.0
0.0
0.0
0.0
0.0
0.0
0.0
0.0
0.0
0.0
0.0
0.0
0.0
0.0
0.0
0.0
0.0
0.0
0.0
0.0
0.0
0.0
0.0
0.0
0.0
0.0
0.0
0.0
0.0
0.0
0.0
0.0
0.0
0.0
0.0
0.0
0.0
0.0
0.0
0.0
0.0
0.0
0.0
0.0
0.0
0.0
0.0
0.0
0.0
0.0
0.0
0.0
0.0
0.0
0.0
0.0
0.0
0.0
0.0
0.0
0.0
0.0
0.0
0.0
0.0
0.0
0.0
0.0
0.0
0.0
0.0
0.0
0.0
0.0
0.0
0.0
0.0
0.0
0.0
0.0
0.0
0.0
0.0
0.0
0.0
0.0
0.0
0.0
0.0
0.0
0.0
0.0
0.0
0.0
0.0
0.0
0.0
0.0
0.0
0.0
0.0
0.0
0.0
0.0
0.0
0.0
0.0
0.0
0.0
0.0
0.0
0.0
0.0
0.0
0.0
0.0
0.0
0.0
0.0
0.0
0.0
0.0
0.0
0.0
0.0
0.0
0.0
0.0
0.0
0.0
0.0
0.0
0.0
0.0
0.0
0.0
0.0
0.0
0.0
0.0
0.0
0.0
0.0
0.0
0.0
0.0
0.0
0.0
0.0
0.0
0.0
0.0
0.0
0.0
0.0
0.0
0.0
0.0
0.0
0.0
0.0
0.0
0.0
0.0
0.0
0.0
0.0
0.0
0.0
0.0
0.0
0.0
0.0
0.0
0.0
0.0
0.0
0.0
0.0
0.0
0.0
0.0
0.0
0.0
0.0
0.0
0.0
0.0
0.0
0.0
0.0
0.0
0.0
0.0
0.0
0.0
0.0
0.0
0.0
0.0
0.0
0.0
0.0
0.0
0.0
0.0
0.0
0.0
0.0
0.0
0.0
0.0
0.0
0.0
0.0
0.0
0.0
0.0
0.0
0.0
0.0
0.0
0.0
0.0
0.0
0.0
0.0
0.0
0.0
0.0
0.0
0.0
0.0
0.0
0.0
0.0
0.0
0.0
0.0
0.0
0.0
0.0
0.0
0.0
0.0
0.0
0.0
0.0
0.0
0.0
0.0
0.0
0.0
0.0
0.0
0.0
0.0
0.0
0.0
0.0
0.0
0.0
0.0
0.0
0.0
0.0
0.0
0.0
0.0
0.0
0.0
0.0
0.0
0.0
0.0
0.0
0.0
0.0
0.0
0.0
0.0
0.0
0.0
0.0
0.0
0.0
0.0
0.0
0.0
0.0
0.0
0.0
0.0
0.0
0.0
0.0
0.0
0.0
0.0
0.0
0.0
0.0
0.0
0.0
0.0
0.0
0.0
0.0
0.0
0.0
0.0
0.0
0.0
0.0
0.0
0.0
0.0
0.0
0.0
0.0
0.0
0.0
0.0
0.0
0.0
0.0
0.0
0.0
0.0
0.0
0.0
0.0
0.0
0.0
0.0
0.0
0.0
0.0
0.0
0.0
0.0
0.0
0.0
0.0
0.0
0.0
0.0
0.0
0.0
0.0
0.0
0.0
0.0
0.0
0.0
0.0
0.0
0.0
0.0
0.0
0.0
0.0
0.0
0.0
0.0
0.0
0.0
0.0
0.0
0.0
0.0
0.0
0.0
0.0
0.0
0.0
0.0
0.0
0.0
0.0
0.0
0.0
0.0
0.0
0.0
0.0
0.0
0.0
0.0
0.0
0.0
0.0
0.0
0.0
0.0
0.0
0.0
0.0
0.0
0.0
0.0
0.0
0.0
0.0
0.0
0.0
0.0
0.0
0.0
0.0
0.0
0.0
0.0
0.0
0.0
0.0
0.0
0.0
0.0
0.0
0.0
0.0
0.0
0.0
0.0
0.0
0.0
0.0
0.0
0.0
0.0
0.0
0.0
0.0
0.0
0.0
0.0
0.0
0.0
0.0
0.0
0.0
0.0
0.0
0.0
0.0
0.0
0.0
0.0
0.0
0.0
0.0
0.0
0.0
0.0
0.0
0.0
0.0
0.0
0.0
0.0
0.0
0.0
0.0
0.0
0.0
0.0
0.0
0.0
0.0
0.0
0.0
0.0
0.0
0.0
0.0
0.0
0.0
0.0
0.0
0.0
0.0
0.0
0.0
0.0
0.0
0.0
