0.0533003391406374
0.053300503120793104
0.05330063748397987
0.053300752962273004
0.05330085507494255
0.05330094718420063
0.05330103148960382
0.05330110949786888
0.05330118228107853
0.05330125059990863
0.053301314703893016
0.05330137562445163
0.053301433446855485
0.05330148870389407
0.05330154158243061
0.053301592291586646
0.053301641053182455
0.05330168798487463
0.0533017332248177
0.05330177689828558
0.053301818979261284
0.05330185966889135
0.053301899087552354
0.053301937291269925
0.053301974301529546
0.05330201017471799
0.05330204499176617
0.053302078819038735
0.0533021116933258
0.05330214363757852
0.053302174677665196
0.05330220479558441
0.05330223411545372
0.05330226265260271
0.05330229041751902
0.053302317420575056
0.053302343684133204
0.053302369225360344
0.05330239405943881
0.05330241821379252
0.053302441709370735
0.05330246455238834
0.053302486630393595
0.05330250804046379
0.05330252885432562
0.0533025490755232
0.05330256871011948
0.05330258777497669
0.053302606286723266
0.05330262425691626
0.05330264169378349
0.0533026586002249
0.05330267497640271
0.05330269083228766
0.05330270617010928
0.05330272102227965
0.053302735398030654
0.05330274930367475
0.053302762745249976
0.053302775726492
0.05330278825016677
0.05330280031760413
0.05330281193080311
0.05330282309821353
0.05330283382809203
0.05330284412250835
0.05330285398033727
0.05330286342189681
0.053302872449252074
0.05330288106539912
0.05330288927249672
0.05330289707193303
0.05330290446580364
0.053302911458085626
0.053302918053942355
0.05330292425777143
0.053302930072273394
0.053302935499641754
0.05330294053832023
0.05330294519218363
0.05330294946801371
0.05330295336943246
0.053302956899451484
0.053302960060285814
0.053302962854275514
0.053302965283574075
0.0533029673501316
0.05330296905580288
0.05330297040190078
0.05330297138929324
0.053302972019050494
0.0533029722923919
0.05330297221187937
0.053302971779202186
0.05330297099607762
0.053302969863995985
0.053302968385795846
0.05330296656380112
0.05330296439923613
0.053302961892957634
0.053302959045108136
0.05330295585643386
0.05330295232741093
0.05330294845821576
0.05330294423078259
0.053302939588258935
0.05330293460811992
0.05330292929185612
0.053302923640289684
0.05330291765326188
0.05330291133181571
0.0533029046790966
0.05330289769566909
0.05330289038171037
0.05330288274006325
0.05330287477073251
0.05330286647256103
0.05330285784458027
0.053302848886714264
0.05330283960329306
0.05330282999166453
0.05330282005108429
0.05330280978199374
0.05330279918530933
0.053302788261415844
0.05330277700996926
0.05330276543033266
0.053302753522176165
0.05330274128691145
0.053302728726031076
0.05330271583737454
0.053302702620499
0.053302689077751805
0.053302675211336546
0.053302661025129684
0.05330264651669881
0.053302631683062145
0.05330261652270151
0.05330260103572244
0.05330258522267274
0.053302569082336285
0.05330255261490558
0.05330253581989391
0.05330251869668907
0.053302501244224566
0.05330248346033782
0.05330246534999735
0.05330244691213691
0.053302428145801044
0.053302409045981186
0.053302389622987556
0.05330236987318854
0.05330234979029111
0.053302329379336454
0.0533023086414591
0.053302287568597395
0.053302266163858206
0.05330224443402184
0.05330222237425091
0.05330219997836127
0.053302177248382036
0.05330215418459551
0.05330213078516151
0.05330210705009121
0.053302082975486935
0.05330205857296431
0.05330203382986948
0.053302008749814
0.05330198333463289
0.05330195756993257
0.05330193146888189
0.05330190502739875
0.05330187824630549
0.05330185111815702
0.053301823648950114
0.05330179583998827
0.05330176768619933
0.05330173918649919
0.05330171033917967
0.053301681149295975
0.05330165161303354
0.053301621732127276
0.05330159150001994
0.05330156092455616
0.05330153001106317
0.053301498761176846
0.05330146714968201
0.05330143518953676
0.053301402869915325
0.05330137019456283
0.053301337164415576
0.05330130377532308
0.05330127002957547
0.05330123592307269
0.05330120145462118
0.053301166625567595
0.05330113142974174
0.053301095873361515
0.05330105995956995
0.05330102367728763
0.053300987032277265
0.05330095001949148
0.053300912626508455
0.05330087488410672
0.05330083676804678
0.053300798293989426
0.05330075945345112
0.053300720239181774
0.05330068064858479
0.05330064069225336
0.053300600362009266
0.053300559656267586
0.05330051858091053
0.05330047712692721
0.0533004352842683
0.05330039306050687
0.05330035045923751
0.05330030746606584
0.05330026407860521
0.05330022031598468
0.05330017616035477
0.05330013160813594
0.0533000866848427
0.053300041366816535
0.053299995662054823
0.053299949557986386
0.05329990305439186
0.05329985617024746
0.05329980888260007
0.053299761192063706
0.05329971310450922
0.05329966461747738
0.053299615724019804
0.05329956642011713
0.053299516710323146
0.05329946660015445
0.05329941608457636
0.05329936515190393
0.05329931380184973
0.053299262053183874
0.05329920990011724
0.05329915733017023
0.0532991043324296
0.053299050930226494
0.053298997118742336
0.053298942890409554
0.053298888220412746
0.05329883313303049
0.05329877763699171
0.053298721711220305
0.05329866534248526
0.05329860855832679
0.053298551349023296
0.05329849369689154
0.053298435602179346
0.05329837707677835
0.053298318121996396
0.053298258726667366
0.0532981988829675
0.0532981385873908
0.053298077841277616
0.05329801665196987
0.05329795502041254
0.05329789294923787
0.05329783043341853
0.053297767454997494
0.05329770399817712
0.05329764009846947
0.053297575751972366
0.053297510952272746
0.053297445692723024
0.05329737995545927
0.05329731374983441
0.05329724710301493
0.05329717997794332
0.053297112387604886
0.05329704434754115
0.05329697584159611
0.053296906854849384
0.05329683738734426
0.05329676744847275
0.053296697043100916
0.053296626157110186
0.053296554768493404
0.05329648287441014
0.05329641049191104
0.05329633763078306
0.053296264288962183
0.0532961904524016
0.053296116108132244
0.053296041260137296
0.05329596592226035
0.05329589009571447
0.05329581377421489
0.053295736938528904
0.05329565959275136
0.0532955817270712
0.053295503340832086
0.05329542445557545
0.053295345061500764
0.053295265154575666
0.05329518472575436
0.053295103772963814
0.05329502230178242
0.05329494028546203
0.05329485774291392
0.053294774691887085
0.053294691119183724
0.053294607020750444
0.053294522390875294
0.05329443721957477
0.05329435149835291
0.053294265231319804
0.05329417842825146
0.05329409109565073
0.05329400322328621
0.05329391478989394
0.05329382578703204
0.05329373621895022
0.053293646101681864
0.0532935554425059
0.05329346423829155
0.05329337245922368
0.05329328017418816
0.053293187482993776
0.053293094207424806
0.05329300035788994
0.05329290594981314
0.05329281097540931
0.05329271542344928
0.05329261929043396
0.053292522577166344
0.05329242527861767
0.05329232738426909
0.05329222889669926
0.05329212982192297
0.05329203014885877
0.05329192987453642
0.05329182901081756
0.05329172755617931
0.05329162549911576
0.053291522821572526
0.053291419513090285
0.053291315597676296
0.05329121107917288
0.053291105945955895
0.05329100019026234
0.05329089381105395
0.053290786805535194
0.053290679168833344
0.05329057089804751
0.053290461995220244
0.05329035247149257
0.05329024230968438
0.05329013149981753
0.05329002003836964
0.05328990792795079
0.05328979517375172
0.05328968177775883
0.05328956773628291
0.053289453043718085
0.05328933769544957
0.053289221687879265
0.05328910501755157
0.05328898767984763
0.053288869666874045
0.05328875097087042
0.05328863159404294
0.053288511547067687
0.053288390812695846
0.05328826938381682
0.05328814727683648
0.05328802448614332
0.053287901004956284
0.05328777683209758
0.053287651965139037
0.053287526389187115
0.05328740009487004
0.05328727309168262
0.05328714538374729
0.053287016964318826
0.05328688782631495
0.053286757970179836
0.05328662740104573
0.05328649612873317
0.05328636410902371
0.05328623135485673
0.05328609788212004
0.05328596368245596
0.05328582872990804
0.05328569301634458
0.053285556550049726
0.05328541933332046
0.05328528136806545
0.053285142653184625
0.05328500318709312
0.05328486298642289
0.05328472199310832
0.053284580218916966
0.053284437677825924
0.05328429436891066
0.05328415028996319
0.053284005439830695
0.05328385981350895
0.053283713400527684
0.0532835661917297
0.053283418181210046
0.05328326937222759
0.053283119745113745
0.053282969287397695
0.05328281802462311
0.05328266595718662
0.053282513071682386
0.05328235936693812
0.053282204848172025
0.05328204951832662
0.053281893386676854
0.05328173645004295
0.0532815786424932
0.05328141996743778
0.05328126044748666
0.053281100092321024
0.05328093890363192
0.05328077684818306
0.05328061393314464
0.05328045017956983
0.053280285555769996
0.05328012003195724
0.053279953660549724
0.05327978643210565
0.053279618316109376
0.0532794493109831
0.05327927942373564
0.053279108667937
0.0532789370197034
0.05327876445354512
0.05327859099169443
0.053278416614049896
0.053278241330255445
0.053278065141190274
0.053277888012580245
0.05327770999384531
0.05327753100777972
0.053277351075411226
0.053277170225385806
0.05327698846062937
0.05327680578765077
0.053276622216079046
0.05327643774971935
0.05327625222296272
0.05327606563534199
0.053275878098988705
0.053275689611736815
0.053275500171655804
0.053275309781883065
0.0532751184693606
0.053274926210930516
0.05327473292438948
0.05327453863139419
0.053274343357887145
0.053274147078775765
0.05327394983805126
0.053273751623906566
0.05327355240635086
0.053273352137245995
0.05327315085320395
0.053272948503318894
0.05327274513066508
0.05327254076868668
0.05327233537948344
0.05327212884314044
0.05327192130027319
0.053271712776190715
0.053271503149068485
0.05327129244062528
0.053271080729757905
0.05327086794814838
0.05327065407695311
0.053270439131136264
0.053270223128074785
0.05327000601974121
0.05326978784829757
0.05326956858082138
0.05326934818823979
0.05326912671372356
0.05326890414473237
0.05326868145451099
0.05326845857446985
0.05326823447290706
0.05326800923246129
0.05326778289051181
0.05326755545081001
0.053267326947362456
0.05326709738370522
0.0532668664987569
0.05326663438566292
0.05326640115112758
0.053266166807019184
0.05326593136648423
0.05326569483609859
0.05326545711916952
0.05326521814895257
0.05326497792534627
0.053264736499297666
0.05326449395988878
0.05326425021388296
0.0532640052335504
0.05326375906557635
0.05326351171195892
0.053263263193493955
0.053263013436935305
0.05326276236847699
0.05326251002782552
0.053262256462838685
0.0532620016966625
0.05326174576742679
0.053261488564103954
0.0532612301012061
0.05326097042075259
0.05326070942692821
0.05326044714573156
0.05326018359070203
0.05325991863225277
0.05325965240339745
0.053259384984065204
0.053259116257670665
0.05325884627374959
0.05325857491020571
0.05325830233304088
0.05325802838909737
0.05325775311202493
0.05325747651125811
0.05325719839525909
0.053256918974330554
0.05325663830497259
0.05325635637417957
0.05325607309132307
0.05325578821356765
0.05325550206615456
0.05325521459531176
0.05325492578601909
0.0532546356507989
0.05325434381487607
0.053254050596486024
0.05325375605819051
0.053253460237959294
0.05325316318927588
0.053252864460142525
0.053252564174218774
0.053252262483124604
0.05325195947103817
0.0532516551862023
0.05325134931422397
0.053251041809798436
0.05325073282334221
0.05325042250503096
0.05325011079546028
0.05324979762062883
0.0532494828950522
0.05324916659353989
0.05324884882121967
0.05324852950745257
0.053248208826537614
0.053247886660485334
0.05324756300896796
0.05324723784096058
0.05324691102081381
0.05324658263276844
0.05324625266200663
0.053245921294433514
0.05324558835845006
0.0532452537931219
0.05324491765633464
0.05324457985847802
0.05324424054585753
0.0532438996370491
0.05324355710087082
0.05324321306921978
0.05324286743692297
0.05324252002505009
0.05324217091178503
0.05324182021404538
0.05324146801394529
0.05324111426937097
0.053240758771581326
0.053240401510484404
0.05324004255375628
0.053239681994617705
0.05323931827415168
0.053238952191683876
0.053238584557074496
0.05323821536986642
0.05323784430559275
0.05323747128387629
0.05323709656587796
0.0532367203184482
0.05323634254042125
0.05323596291281074
0.0532355812173765
0.05323519779817819
0.05323481285384716
0.05323442622707938
0.05323403739063654
0.05323364684533861
0.05323325469692391
0.05323286095846626
0.05323246519190101
0.05323206722302848
0.053231667584295525
0.05323126642113981
0.053230863878350396
0.05323045921070409
0.053230052431065523
0.05322964390796745
0.053229233792258544
0.05322882176941706
0.05322840770949741
0.05322799170354518
0.05322757396677793
0.05322715424412821
0.0532267326720871
0.05322630903698169
0.05322588359755604
0.05322545601525655
0.053225026677465724
0.053224594547830496
0.05322416008306947
0.0532237233036883
0.053223284685427814
0.053222844220024955
0.05322240196319631
0.05322195749862547
0.05322150861681096
0.05322105741720113
0.053220606266517693
0.053220153155288
0.05321969779513917
0.05321924035108659
0.05321878085723138
0.05321831934918677
0.0532178557310819
0.05321739019445322
0.053216922509702495
0.053216452594013294
0.053215980457981746
0.053215506785230696
0.053215032330848656
0.053214555544908324
0.053214076400150044
0.053213595305124
0.05321311227612784
0.05321262699722686
0.05321213929361192
0.05321164946953234
0.053211157654689395
0.053210663639339816
0.05321016727249999
0.05320966877862146
0.05320916813233637
0.05320866514376351
0.0532081597787532
0.05320765233472611
0.053207142895228814
0.0532066309212245
0.05320611634116757
0.053205599751192184
0.05320508139917766
0.05320456041049219
0.053204036633705855
0.053203510666671686
0.05320298300132142
0.05320245279276819
0.05320191981714731
0.05320138447675795
0.05320084721327434
0.05320030747837629
0.05319976509143337
0.053199220432131364
0.05319867372687175
0.053198124409931144
0.05319757227356366
0.05319701783850213
0.05319646143776965
0.0531959025725763
0.05319534079968048
0.053194776463013245
0.05319421001840639
0.05319364132401578
0.053193069894163836
0.053192495677955164
0.05319191896067366
0.053191340082059745
0.05319075872690334
0.05319017473368039
0.05318958778531056
0.053188997688681156
0.05318840521675551
0.05318781030273413
0.05318721247448338
0.0531866104639122
0.053186006023553944
0.05318539910598037
0.05318478928477793
0.05318417683822924
0.05318356199074966
0.05318294446920873
0.05318232385594856
0.053181700624436806
0.05318107517110516
0.053180446868966634
0.0531798155152464
0.05317918151300286
0.05317854507462597
0.05317790589039464
0.05317726375382465
0.05317661872307066
0.05317597096167976
0.053175320614699505
0.053174667635420475
0.05317401177373987
0.053173352647269065
0.053172690700892256
0.053172026582359116
0.05317135959607782
0.053170689022376906
0.05317001554948358
0.053169339972906286
0.053168661546780516
0.053167979469225246
0.05316729443381217
0.053166607165948
0.05316591695879819
0.053165223208665985
0.05316452661604309
0.05316382743785729
0.05316312519516129
0.05316241959319834
0.05316171128415341
0.0531610001421856
0.053160285717430304
0.05315956817931608
0.053158848114669796
0.05315812484164959
0.05315739813323363
0.053156669451294505
0.053155938158505875
0.05315520344316292
0.05315446500572966
0.05315372408920509
0.05315298040051927
0.05315223295361762
0.05315148200752745
0.053150728745537196
0.05314997255801064
0.05314921208386577
0.053148448443635435
0.05314768244974161
0.053146913360916204
0.053146139986000734
0.053145363679179596
0.053144584773287484
0.05314380224890692
0.053143015999615024
0.053142226682946915
0.05314143443908969
0.053140638641440044
0.053139839446643654
0.05313903717294725
0.05313823137277726
0.053137421957729865
0.05313660936448615
0.05313579366693976
0.053134974256304535
0.05313415122733771
0.053133325045238315
0.05313249557999718
0.0531316626127453
0.053130825830403156
0.05312998587482293
0.05312914246896791
0.05312829553246655
0.053127444792302796
0.05312659059622934
0.05312573323269794
0.05312487229226046
0.05312400744606115
0.05312313918859917
0.05312227291599352
0.05312140308972242
0.05312052912617282
0.053119651629411936
0.05311877097756947
0.053117886663763755
0.05311699783191304
0.05311610584056318
0.05311521062798671
0.053114311370996564
0.053113408051157496
0.0531125014250829
0.05311159140993133
0.05311067696779879
0.05310975908954595
0.05310883755703168
0.053107912031571385
0.053106982497140985
0.053106049617621075
0.05310511348166636
0.05310417277676194
0.05310322850409729
0.05310228041257378
0.05310132836723088
0.053100372406852864
0.053099412688479036
0.05309844907101834
0.05309748128050594
0.053096510059992136
0.053095534720355074
0.05309455475628552
0.05309357131187398
0.0530925842999411
0.053091592722767096
0.053090596637878
0.0530895975075855
0.05308859462215035
0.053087586122974956
0.05308657068871037
0.05308555069688978
0.05308452612264732
0.05308349657217589
0.05308246356630208
0.0530814270250962
0.05308038504434321
0.053079339113600355
0.05307828981831938
0.05307723585359793
0.05307617701033872
0.05307511445194087
0.05307404812879612
0.05307297661901743
0.05307190130186078
0.05307082257379713
0.05306973864864883
0.053068650476543924
0.053067558742754664
0.05306646265125547
0.053065361180195274
0.053064253978048675
0.0530631415794545
0.05306201738356037
0.0530608916945613
0.0530597681933195
0.05305864001090479
0.05305750618475481
0.05305636851710069
0.053055227521426364
0.05305408039909481
0.053052928632355924
0.053051773700788674
0.0530506134080791
0.05304944783810474
0.05304827820512938
0.05304710495713165
0.053045925716633024
0.05304474154864212
0.05304355403322542
0.05304236123336043
0.05304116329194364
0.053039960792776474
0.053038754168676074
0.05303754232668638
0.05303632532108149
0.05303510416457769
0.05303387720069272
0.053032644630565715
0.05303140762321491
0.053030165193412374
0.053028918090919454
0.053027665927025826
0.05302640897466726
0.05302514698841421
0.05302388034432405
0.053022609025728806
0.05302133226304163
0.053020050642191445
0.05301876270880377
0.053017467445448746
0.053016167762219964
0.05301486302673915
0.05301355313314238
0.053012238281412646
0.05301091847006825
0.05300959330937306
0.05300826276812003
0.05300692773060497
0.05300558740075155
0.05300424030621125
0.053002889279047026
0.05300153348164353
0.05300017150181847
0.05299880417193517
0.052997432642795717
0.052996055649482364
0.05299467163641877
0.05299328346018145
0.052991891226541375
0.05299049142652467
0.052989086675443546
0.05298767764697482
0.05298626457226031
0.052984845078320006
0.052983420730295334
0.052981991889800364
0.05298055631795106
0.05297911528105021
0.052977669516153146
0.052976217179154114
0.05297476006062048
0.05297329721691386
0.052971828388392116
0.05297035396858286
0.052968874217755195
0.05296738888667367
0.05296589714879114
0.05296440073502437
0.05296289875436144
0.05296138929847165
0.052959875323535875
0.052958356115975005
0.05295683012824186
0.05295529839764453
0.052953769170420495
0.05295223523341631
0.052950694402944795
0.05294914908135308
0.05294759845680168
0.05294604016753689
0.052944477320707055
0.052942909274149616
0.05294133340975022
0.05293975229578296
0.05293816625046968
0.052936573250044104
0.0529349734105696
0.0529333693816333
0.05293175914535273
0.05293014065487379
0.05292851762628178
0.05292688964873617
0.05292525296021887
0.052923610795679664
0.052921964407165824
0.05292031062067741
0.05291864778334386
0.05291697398218188
0.052915294315379155
0.05291360649427946
0.05291191315887972
0.052910214984729524
0.05290850854167224
0.05290679605555098
0.05290507885801653
0.052903353109225115
0.05290162104898619
0.05289988344040545
0.052898139153490634
0.05289638768186193
0.052894630705097444
0.05289287227068785
0.052891107289720456
0.05288933129368763
0.05288754060093008
0.05288574574195535
0.05288394785550849
0.0528821451019722
0.05288033407987515
0.05287851580553668
0.05287669246111545
0.05287486256001522
0.05287302369808338
0.05287117921866086
0.052869328405163
0.052867467173208046
0.052865599378095283
0.052863726829411845
0.052861845513586435
0.05285995679516074
0.052858062540583665
0.052856161561125416
0.052854252266537824
0.05285233642062614
0.05285041490495592
0.05284848448711023
0.052846546798384006
0.05284460358202342
0.052842652367788734
0.052840693890459756
0.05283872777961415
0.0528367508901019
0.05283476671516443
0.05283277558931371
0.05283077770499123
0.05282877177964298
0.052826758085513924
0.05282473781951109
0.05282271004830195
0.052820674861777994
0.0528186323705262
0.05281658221685942
0.05281452512639273
0.05281246055557199
0.052810387991147546
0.0528083086280964
0.05280622385562034
0.052804130797745985
0.05280203087921608
0.05279992360151136
0.05279780833025103
0.052795685797195985
0.05279355599824996
0.05279141782420896
0.05278927148293083
0.05278711896457339
0.05278495863179427
0.05278278937418964
0.0527806138318422
0.052778442448981264
0.052776261940107344
0.052774075086364836
0.05277188064587245
0.052769677607082115
0.05276746685240406
0.05276524852448686
0.05276302162071215
0.05276078651303914
0.052758545152428796
0.052756294785502894
0.05275403468010967
0.052751768987734704
0.05274949492900825
0.05274721071087405
0.0527449138957537
0.05274260476028513
0.052740285505155866
0.05273795823512634
0.052735624403451004
0.05273328109986571
0.052730928213049054
0.05272856927673743
0.052726201898032767
0.052723825757479775
0.05272144863616567
0.05271906307879932
0.05271666697897328
0.05271426335931867
0.052711845636461696
0.05270941247394917
0.052706969760444124
0.05270452504870353
0.05270206865637391
0.05269960294333153
0.0526971293176373
0.05269464683996964
0.052692155346589234
0.05268965564503706
0.05268714583240996
0.05268462703192363
0.052682101508048994
0.05267956583486473
0.052677020105196905
0.05267446762378902
0.052671905826613186
0.05266933361130012
0.05266675372470872
0.052664165154500744
0.05266156528864223
0.052658957314670865
0.052656342451274527
0.05265371238241093
0.052651070459918764
0.05264842215210741
0.05264576297287706
0.05264309248397066
0.052640416197814004
0.05263773003127976
0.05263503170681853
0.05263232642080985
0.05262961237838351
0.0526268871715889
0.052624155731000356
0.05262141731523625
0.052618667546335145
0.052615907679885006
0.05261314149209428
0.052610364064388085
0.052607575267212575
0.05260478054400285
0.05260199002109658
0.05259918756942632
0.052596378730316404
0.052593559942663085
0.05259072886476838
0.05258788939595249
0.052585042642002054
0.05258218330601765
0.052579313362906256
0.052576437083707815
0.05257354833823728
0.0525706362239412
0.052567716856599125
0.05256478549654866
0.052561841075092895
0.05255889001208336
0.052555928239650294
0.05255295864041864
0.052549984226176204
0.05254700125032508
0.05254400602312314
0.052541000078856204
0.05253798453391148
0.052534953549612184
0.052531894918477505
0.05252882892368266
0.05252575785894556
0.05252267599714963
0.05251958683544439
0.05251648488112465
0.052513370818915855
0.05251024947447643
0.05250711563093478
0.052503968625697
0.05250081353033827
0.052497650270002166
0.052494471504245896
0.05249128257621322
0.05248808667043298
0.05248487630855133
0.05248165360008598
0.05247842462149449
0.05247518305509452
0.05247192684332648
0.052468659322503025
0.052465379790923555
0.05246208449673184
0.05245878151358777
0.052455469031958434
0.05245214094262758
0.05244880034723723
0.0524454523054631
0.052442095511790104
0.052438726281076944
0.05243534828874992
0.05243196031913152
0.05242856220505244
0.05242516809663334
0.05242176645742267
0.05241834895123567
0.05241492063241789
0.052411480541945096
0.052408030044529985
0.052404567287296575
0.05240109092537141
0.052397591538373034
0.05239407644840748
0.0523905488204625
0.052387013327322506
0.05238347058464471
0.052379918340547886
0.05237635492569662
0.052372775823969195
0.05236918361515422
0.052365576846288814
0.05236196311016096
0.05235833608495307
0.05235467285216148
0.05235100138890583
0.05234732428392548
0.05234363063231207
0.05233993026732013
0.0523362168232497
0.05233248908378492
0.05232874857303295
0.05232500014300907
0.052321234975457945
0.05231745496405387
0.05231366827500465
0.05230986927663803
0.05230605162515352
0.05230222646161223
0.05229839116014494
0.05229453368860318
0.05229066960571545
0.052286793746995734
0.052282891561486695
0.052278977139912475
0.052275053731659346
0.05227111575595583
0.05226715989298299
0.05226319749609352
0.05225922603673473
0.052255237468110095
0.0522512639829329
0.05224727767801729
0.05224326950221188
0.05223925311288069
0.05223522908878636
0.05223118292083893
0.05222711028082671
0.0522230247436632
0.052218922699665334
0.05221481508427783
0.05221069647875132
0.052206561587780254
0.052202407333969886
0.05219824491902262
0.05219406824486489
0.052189873070100215
0.05218566598427244
0.052181447575999275
0.052177186848430424
0.052172910840754004
0.052168642424123314
0.05216434959201395
0.052160042159002835
0.052155726367084605
0.05215139493974065
0.05214704713325724
0.052142685143154
0.052138312731182454
0.05213392354317569
0.05212951677522973
0.052125099523700924
0.052120664728405
0.052116217096309245
0.05211175631456065
0.05210727611953825
0.052102783359387714
0.05209826603043789
0.0520937299021892
0.052089183974876205
0.05208462109375813
0.052080061814509825
0.052075502554846886
0.05207093194198254
0.05206634244456643
0.052061735334379876
0.0520571033746289
0.052052450114684345
0.05204777972804988
0.05204310314337184
0.052038411284644516
0.05203369426427814
0.052028967078863286
0.05202422952736026
0.052019469775203345
0.05201469358780604
0.052009908700656846
0.052005091578596854
0.05200023908844259
0.0519953782319651
0.05199052101090787
0.05198563261650985
0.05198073171857734
0.05197582009307254
0.05197088411689147
0.05196593544632546
0.05196097479030002
0.05195599219098715
0.0519509925998315
0.051945981728621735
0.0519409513724704
0.05193590001212523
0.05193083834518818
0.051925760009963816
0.051920657890015876
0.05191553504602923
0.05191040251510621
0.051905270544905624
0.051900129509087733
0.05189497797887004
0.05188978189267063
0.05188457528485996
0.05187935713780407
0.05187411846631712
0.05186885928612931
0.05186358726161432
0.0518582968439007
0.051852985588804794
0.051847663143471924
0.05184232499668626
0.051836962619297995
0.05183157281450925
0.05182614843778049
0.05182069962853855
0.051815252739677076
0.051809793940463
0.051804307114874715
0.05179880081960672
0.05179328123062588
0.05178774314584066
0.05178218329880726
0.05177661033676152
0.051771018293994844
0.05176540318421258
0.051759773911708766
0.051754124864331924
0.051748454720031985
0.051742768924829916
0.05173708296438023
0.051731372698085316
0.051725647546388226
0.051719898138116
0.051714128820378055
0.05170833857583579
0.05170253676168999
0.0516967130566447
0.05169086682072281
0.051685008218792516
0.05167912925115272
0.05167322530754539
0.05166730590315337
0.05166136969252603
0.05165537217004589
0.0516493533665626
0.05164332680526759
0.051637302059124236
0.05163124242923623
0.051625163575886354
0.05161906537182548
0.05161294305489404
0.05160680495532272
0.0516006490642776
0.05159446865078969
0.05158826710000475
0.05158204838323463
0.051575801782601474
0.05156954527309245
0.051563302651419764
0.0515570315935846
0.051550714151788926
0.05154437876361646
0.05153803351192779
0.051531664545010326
0.051525272714184
0.05151885649262382
0.05151242452073954
0.05150597152446357
0.05149949313940569
0.051492999302722636
0.051486461634488126
0.0514798789979497
0.05147327957515146
0.05146667662859974
0.051460063214553035
0.051453407005579675
0.05144673424532332
0.05144004405803592
0.05143332147658652
0.05142658494690645
0.051419820057528674
0.05141302490808629
0.05140621464126779
0.05139943011890755
0.05139262430801383
0.051385771288840906
0.051378902011525264
0.05137199918325387
0.051365063348081844
0.05135811995919756
0.05135115880493676
0.051344158612288415
0.05133714671074384
0.05133011088214875
0.0513230509258328
0.051315942448844895
0.05130879700587189
0.051301626110797596
0.05129443318883352
0.051287249664041676
0.05128003265474386
0.05127276826990454
0.05126548203863904
0.05125818234324256
0.05125084802779622
0.051243497749466155
0.05123614885353318
0.05122880377418321
0.051221403813552266
0.051213990785171686
0.0512065539547327
0.051199077031072515
0.051191569606891724
0.05118405625969168
0.05117650032588121
0.05116892350317108
0.0511613327278272
0.05115371239740612
0.05114604237862083
0.05113832675976901
0.05113058387448796
0.0511228115715625
0.051115044501840345
0.05110725315701999
0.05109940708883445
0.051091535751216006
0.051083663970790824
0.05107577519340728
0.05106786275436841
0.05105993701365289
0.051051980323867194
0.0510439923247462
0.051035980877134
0.05102795151972695
0.051019884064291976
0.05101178003888262
0.05100366331132681
0.050995509669246146
0.05098733275706636
0.05097913059012411
0.05097085323740686
0.05096253523563353
0.05095418847850722
0.05094584975025103
0.05093748601720645
0.05092908837169886
0.0509206807577766
0.05091223383764595
0.05090375937792489
0.050895275407287374
0.050886767855738375
0.05087823301466834
0.05086967386809036
0.050861081241042924
0.05085245615585556
0.050843815999468
0.050835134230070377
0.05082641646638407
0.05081768063247932
0.050808899015884354
0.05080002951260873
0.050791133560047275
0.05078221946430849
0.05077330051520777
0.05076438028479122
0.05075543486275427
0.050746446247688246
0.05073738152240163
0.05072834284049161
0.0507192883115073
0.05071018961069823
0.05070106016474026
0.0506919143341905
0.050682734298511355
0.05067351571865709
0.05066428066781149
0.05065499856397896
0.050645663983989196
0.050636278588801736
0.05062684127973906
0.05061735989145823
0.050607873893913385
0.05059842007281723
0.05058893180273463
0.05057936596525009
0.05056975278871268
0.05056015881431323
0.05055051966977873
0.05054086112533548
0.050531181821837114
0.050521464319673616
0.05051170329577613
0.050501913612078016
0.05049208704341349
0.050482223856477604
0.0504723274181529
0.050462331719348684
0.05045231499779071
0.05044228001572643
0.050432247795776076
0.0504221981223824
0.05041205788062163
0.050401899975427725
0.050391741465951476
0.0503815395041322
0.05037131912547237
0.05036105841297418
0.05035074703232921
0.0503404026080917
0.050330038619087684
0.05031963079783399
0.05030918426653208
0.050298694966929756
0.05028814043890403
0.05027754505661191
0.05026692120887722
0.050256307341127744
0.0502456095825421
0.05023489896095239
0.05022418172296955
0.0502134166461687
0.05020259907810598
0.05019176063870107
0.05018088319779225
0.050169962198309756
0.05015900553506635
0.050148021768493374
0.0501370325132369
0.050125960192274194
0.05011482984592614
0.050103655164710166
0.05009241671030435
0.050081168287103295
0.05006992399646241
0.050058627395535606
0.050047283644751854
0.05003591582195802
0.05002450312085582
0.050013045909642374
0.050001570842890024
0.04999005260962118
0.0499785269647671
0.04996696527161298
0.049955312230137425
0.04994361213657586
0.04993180638685438
0.04991997864712626
0.049908152409033964
0.049896326250210364
0.04988443918439043
0.04987251464721845
0.04986054702382563
0.049848523379015526
0.04983648386906572
0.04982446104503757
0.04981238033550899
0.049800259477083025
0.04978801821545491
0.04977575072066139
0.04976334971415396
0.04975090042122402
0.04973853677204312
0.04972614383328039
0.049713681287769
0.04970115956495908
0.04968862693391607
0.04967605435090531
0.04966345226888994
0.04965083206954551
0.049638174387212686
0.049625422757859756
0.0496125257859912
0.04959958474365749
0.04958658760795165
0.049573607741418196
0.04956065229175082
0.04954766918880081
0.04953459499579323
0.04952147424239674
0.049508366780663025
0.0494952147762056
0.04948199461267284
0.04946873841426346
0.049455368476856644
0.04944184514591229
0.04942827541207001
0.049414720091421116
0.04940122209383623
0.049387662550812686
0.049374070040250774
0.049360447945516195
0.049346771456308246
0.049333041030343104
0.04931927113301747
0.049305442297359926
0.04929149770899252
0.049277402203978735
0.04926327049506613
0.04924912072088253
0.049235029626887555
0.04922093200993047
0.049206800142787506
0.049192603103481995
0.04917834965546031
0.04916403081367296
0.04914964894925102
0.04913521693837443
0.04912064310410979
0.049105951482285574
0.04909119725952221
0.049076500240075094
0.04906183248581649
0.04904718683318247
0.04903245946588035
0.04901765783315297
0.04900277749154875
0.048987837051452564
0.0489728384412954
0.048957723167026415
0.04894244469482947
0.048927118773698854
0.04891183768594365
0.048896574207359274
0.0488813571583943
0.04886607237736331
0.04885071367622523
0.048835249074525106
0.04881972720746998
0.04880409855047751
0.048788383417309386
0.04877250358640635
0.048756594694573586
0.048740775635840825
0.04872491265533841
0.04870908652716001
0.0486932208924927
0.04867726518475101
0.048661197886658535
0.048645020268996225
0.048628751261121435
0.04861237022324254
0.04859587639246023
0.04857949452012057
0.04856304590168464
0.048546578007730504
0.04853014134497061
0.048513643769110375
0.048497053366358185
0.04848027854964545
0.04846343421650319
0.04844648650800939
0.04842942628937773
0.04841243644475557
0.048395405648967764
0.04837829786741702
0.04836125386392548
0.04834418328631939
0.04832698395593455
0.04830958365744174
0.04829214024538808
0.048274606130173835
0.048256941853713785
0.04823933611523998
0.048221718463433934
0.0482040013488232
0.048186301337999615
0.04816858237318733
0.04815074134290941
0.04813270997500324
0.048114613935854665
0.04809641972769322
0.048078236371349004
0.0480599689156354
0.048041662437478386
0.04802338817847727
0.048005052212084835
0.047986556601316135
0.04796801264323013
0.0479494064349793
0.04793061371215516
0.04791178995226105
0.047892978197031554
0.047874072879669195
0.04785510642781277
0.04783610635771528
0.04781703398743486
0.047797919697743184
0.047778690005494326
0.04775931942272181
0.0477399374277466
0.047720464821354544
0.04770092552597179
0.04768133734130474
0.04766162998330645
0.047641930869669925
0.0476221962062691
0.04760238658404405
0.04758240357823427
0.04756235527145597
0.047542265834612296
0.04752204948925876
0.047501668674268506
0.04748138047412895
0.04746106728210555
0.047440675377449636
0.04742015773518225
0.04739956605705329
0.04737884168893932
0.04735800282760807
0.047337007798239794
0.047316108702386395
0.04729515508403374
0.04727412335759723
0.04725304517432278
0.04723185254229122
0.0472105098288163
0.04718902276568502
0.047167450910669956
0.04714586220901593
0.0471242641637867
0.04710259398609774
0.0470809121815655
0.04705906243463299
0.047037092820582174
0.04701498248350596
0.04699277797078577
0.046970517666062736
0.0469482523976276
0.046925906104957046
0.04690359028854165
0.046881081788003286
0.04685846597754211
0.0468357031058782
0.046812810611820584
0.04678988453706739
0.04676691927153001
0.046743898578179476
0.04672093822747793
0.04669776121754213
0.04667440810525302
0.04665097145288314
0.04662737633460012
0.046603747237506835
0.0465800921309511
0.046556488902322474
0.046532803952219676
0.04650882232806238
0.04648475138115598
0.04646056551406438
0.046436243335101254
0.04641193604675862
0.046387653740768656
0.0463634020687348
0.046338825640315995
0.046314067881604776
0.04628921101062734
0.046264268708414547
0.046239290466260886
0.0462143636308
0.046189422189433595
0.046164197714721335
0.04613875973443257
0.0461132048693877
0.04608759104644977
0.04606194166084882
0.04603643311880711
0.04601069765023896
0.04598473164602279
0.04595865357197902
0.04593239700127774
0.04590602763820959
0.04587976619284432
0.04585362223710915
0.04582705985359511
0.04580031214791828
0.04577348629266429
0.04574656040447405
0.045719558378579064
0.04569263744045299
0.04566561265995727
0.04563829131121309
0.04561081685240252
0.04558321710089199
0.04555561076333906
0.04552786454846584
0.04550024338522556
0.04547234804307527
0.04544425087883808
0.04541602927324096
0.0453877089862584
0.045359284821025095
0.04533090099151192
0.04530246123074995
0.04527368609012215
0.04524477924083942
0.04521582005961455
0.04518669460691714
0.04515751818767159
0.04512840947886548
0.045099058557351225
0.045069427600416025
0.04503976260856958
0.04500999609900717
0.04498007066880484
0.04495015937392672
0.04492013828767666
0.04488988964059339
0.04485948412284204
0.044828943096496356
0.04479825907506607
0.04476763263186784
0.044736840081824755
0.04470587482959529
0.044674746290530955
0.044643479250908204
0.044612031987702735
0.04458053274884889
0.04454906432490588
0.04451737796387006
0.044485493217134096
0.04445332123440983
0.04442114360849241
0.04438894130500604
0.044356672005418686
0.04432416364013182
0.04429150171125348
0.04425851048447298
0.044225536004684075
0.044192606719492086
0.04415949201799276
0.04412616187743409
0.04409253142768501
0.04405881815637716
0.04402514149059564
0.04399134951179357
0.04395732954648421
0.0439230567941585
0.04388862583818545
0.04385415444802026
0.04381959056141829
0.04378496554759625
0.04375001716021187
0.04371469850334317
0.04367963593611806
0.043644361290220486
0.04360896956743514
0.04357320735186961
0.04353717657791673
0.04350134941949437
0.04346541285092414
0.043429075635867
0.04339263372051758
0.04335590300851645
0.04331924004141147
0.04328245454951367
0.04324540572539881
0.0432082066993224
0.04317071430652815
0.04313314312168381
0.04309555704170504
0.043057855977821524
0.04301980183796713
0.04298143021265418
0.042943031255465273
0.04290467639598045
0.04286617550976359
0.042827218942360884
0.0427880489628464
0.042748844432843526
0.042709658693408994
0.04267024006994452
0.04263050101405126
0.0425904520402383
0.042550426478201085
0.04251030787741532
0.042470014063843146
0.04242941566027699
0.04238846991472887
0.04234755170300945
0.04230652667984917
0.04226537641501771
0.042223813193002765
0.04218193084346205
0.04214013648493837
0.04209824990107282
0.0420561010428851
0.04201352010814603
0.0419707727250041
0.04192809358991959
0.04188527810346076
0.04184205418582666
0.041798425444731696
0.041754876525141864
0.04171126906362264
0.041667313045409354
0.0416231043938134
0.04157848806738825
0.041534053609346436
0.04148937787511262
0.041444342043756105
0.04139908158094724
0.04135358590438464
0.0413081767096469
0.04126230336506031
0.04121629159779945
0.04116981851567321
0.04112351270357237
0.0410768714126221
0.041029987217519756
0.040982725038250296
0.04093544260676288
0.040887953651727364
0.04084021704080536
0.04079211595301927
0.04074386567333721
0.040695511022684316
0.04064679448669495
0.04059785174212634
0.04054871027540588
0.04049943532650227
0.040449755876480614
0.04039987274094825
0.0403498943678266
0.04029963545506293
0.040248960742003216
0.04019811638600701
0.04014722257058236
0.040095980293754815
0.04004428911143143
0.03999248966440148
0.03994054391279
0.03988834851561225
0.039835592698796086
0.03978282086459424
0.03972981477643929
0.03967662082380964
0.03962285272370007
0.03956904801783537
0.039514933127537
0.03946068764138816
0.039405929093686794
0.039351081028395886
0.039295832487545895
0.03924044671162547
0.039184686426393535
0.03912872766349039
0.039072397722007345
0.03901578182872035
0.03895897752552054
0.03890191781379148
0.03884449315900658
0.038786668164921295
0.038728650375029636
0.038670458747981924
0.038611937100448135
0.03855296988889819
0.03849363970577127
0.03843421694399707
0.03837454575970497
0.03831445440740405
0.0382538555260295
0.03819316555327236
0.03813225371431798
0.038070963900416206
0.03800915156190819
0.03794711583872393
0.037884944126977675
0.03782239409745368
0.03775930331020426
0.03769589985461443
0.037632506112559694
0.037568535849943775
0.03750408114143406
0.03743940091822642
0.03737469915028905
0.03730921610611246
0.03724338222777516
0.03717741253596822
0.037111180983580586
0.03704432141245851
0.03697699180086898
0.03690974579445368
0.0368419351140099
0.036773629943687394
0.03670497628999572
0.036636214146573386
0.03656685934770658
0.03649692698221114
0.03642695945036673
0.03635663272907523
0.03628561273880262
0.03621416023254765
0.036142776750918856
0.036070757360985015
0.03599804237226103
0.035925143189268476
0.03585218666142376
0.03577832518880263
0.03570405094930023
0.03562973684090599
0.0355547681174207
0.03547919767768961
0.035403462374428825
0.035327323804308385
0.03525043100291285
0.03517338674734173
0.035095897985454184
0.035017700073009195
0.034939161151701745
0.03486041091482535
0.0347809232333953
0.034700857002547575
0.03462058117179374
0.03453981002856618
0.03445843885262648
0.03437660735667509
0.034294293144390114
0.03421144358669101
0.034128251658602386
0.03404444616098755
0.03396004271979604
0.03387518226507093
0.033789913363502316
0.03370413216538151
0.03361760627649403
0.033530617245142294
0.03344311838599783
0.033355233365495555
0.033266704380402204
0.03317738607389624
0.03308764970509593
0.03299752625367029
0.03290672673589949
0.032815248910557565
0.032723213713293835
0.03263055731344285
0.03253749060245978
0.0324437905658481
0.032349268880324744
0.03225409926555735
0.0321584612701
0.03206235775686144
0.03196542261564745
0.03186769405412846
0.03176948210300587
0.03167066872028495
0.03157111067634383
0.031470940041567134
0.031369928837174786
0.0312682440061424
0.031166077924946512
0.031063159504317067
0.030959326700626247
0.03085478896595109
0.03074972494977459
0.030643750197328894
0.030537061303279905
0.0304296517652615
0.03032139458519978
0.030212415778564535
0.03010265957003123
0.029992071275835547
0.029880643877012655
0.029768523747950602
0.02965549490031426
0.02954154071645952
0.02942675286958715
0.029311224388407883
0.029194827327631085
0.029077431292864997
0.02895917010870909
0.02883989041936975
0.028719780407817856
0.028598869690609895
0.028476919289928057
0.028353854606435733
0.02822986118937781
0.02810503561064137
0.027979018804105787
0.027852160720474223
0.02772411132798338
0.027594896975288462
0.027464855349567805
0.02733361199007431
0.02720127353300271
0.02706783311201015
0.026933191355841577
0.026797352925956145
0.02666042797899149
0.02652232235309788
0.02638289337099782
0.02624234218417749
0.026100352758768795
0.02595716350748446
0.025812722447140345
0.02566685409797245
0.02551965765854274
0.02537104253092913
0.0252211305050878
0.02506968488194661
0.024916709525694674
0.02476231393860177
0.024606370555103656
0.02444902287636495
0.024290009989868043
0.024129191070722398
0.02396679755464265
0.023802903313034033
0.023637455348832045
0.023470418309395696
0.023301351735399135
0.02313026427103635
0.022957673529180506
0.02278333351460187
0.02260719537096889
0.022428853973259277
0.02224812096294643
0.022065583217867432
0.02188113815493074
0.021694603626899327
0.02150565395669326
0.021314036326934623
0.02112012351842158
0.020924008776337457
0.02072551004104297
0.020524245238796226
0.0203200581886231
0.020113079497947436
0.019903386704685423
0.019690865092331984
0.019475148427692126
0.01925615121123836
0.01903388539571688
0.01880825488285359
0.0185791127496953
0.018346237305560266
0.01810938452285745
0.01786866965237543
0.017623922788802857
0.017374690595629225
0.017120911231296054
0.016862457705169448
0.0165994600259725
0.016331785494538762
0.016058608834078204
0.015779853768921662
0.015495148692463052
0.015204339092347804
0.014907388611414316
0.0146030931251745
0.014291298966829803
0.013971517530764583
0.013643130574795655
0.013306009367317429
0.012958470178032571
0.012600095622458223
0.01223004897080695
0.011847106588561135
0.011450247485945001
0.011037270663794525
0.010606546080874439
0.010156094288113203
0.009682916651286677
0.009183680924362725
0.008653369685410651
0.008085815655319527
0.007473488616958864
0.006805281457281922
0.006062461879720919
0.005211835266778377
0.004186690003095976
0.0028035096274842543
0.0
0.0
0.0
0.0
0.0
0.0
0.0
0.0
0.0
0.0
0.0
0.0
0.0
0.0
0.0
0.0
0.0
0.0
0.0
0.0
0.0
0.0
0.0
0.0
0.0
0.0
0.0
0.0
0.0
0.0
0.0
0.0
0.0
0.0
0.0
0.0
0.0
0.0
0.0
0.0
0.0
0.0
0.0
0.0
0.0
0.0
0.0
0.0
0.0
0.0
0.0
0.0
0.0
0.0
0.0
0.0
0.0
0.0
0.0
0.0
0.0
0.0
0.0
0.0
0.0
0.0
0.0
0.0
0.0
0.0
0.0
0.0
0.0
0.0
0.0
0.0
0.0
0.0
0.0
0.0
0.0
0.0
0.0
0.0
0.0
0.0
0.0
0.0
0.0
0.0
0.0
0.0
0.0
0.0
0.0
0.0
0.0
0.0
0.0
0.0
0.0
0.0
0.0
0.0
0.0
0.0
0.0
0.0
0.0
0.0
0.0
0.0
0.0
0.0
0.0
0.0
0.0
0.0
0.0
0.0
0.0
0.0
0.0
0.0
0.0
0.0
0.0
0.0
0.0
0.0
0.0
0.0
0.0
0.0
0.0
0.0
0.0
0.0
0.0
0.0
0.0
0.0
0.0
0.0
0.0
0.0
0.0
0.0
0.0
0.0
0.0
0.0
0.0
0.0
0.0
0.0
0.0
0.0
0.0
0.0
0.0
0.0
0.0
0.0
0.0
0.0
0.0
0.0
0.0
0.0
0.0
0.0
0.0
0.0
0.0
0.0
0.0
0.0
0.0
0.0
0.0
0.0
0.0
0.0
0.0
0.0
0.0
0.0
0.0
0.0
0.0
0.0
0.0
0.0
0.0
0.0
0.0
0.0
0.0
0.0
0.0
0.0
0.0
0.0
0.0
0.0
0.0
0.0
0.0
0.0
0.0
0.0
0.0
0.0
0.0
0.0
0.0
0.0
0.0
0.0
0.0
0.0
0.0
0.0
0.0
0.0
0.0
0.0
0.0
0.0
0.0
0.0
0.0
0.0
0.0
0.0
0.0
0.0
0.0
0.0
0.0
0.0
0.0
0.0
0.0
0.0
0.0
0.0
0.0
0.0
0.0
0.0
0.0
0.0
0.0
0.0
0.0
0.0
0.0
0.0
0.0
0.0
0.0
0.0
0.0
0.0
0.0
0.0
0.0
0.0
0.0
0.0
0.0
0.0
0.0
0.0
0.0
0.0
0.0
0.0
0.0
0.0
0.0
0.0
0.0
0.0
0.0
0.0
0.0
0.0
0.0
0.0
0.0
0.0
0.0
0.0
0.0
0.0
0.0
0.0
0.0
0.0
0.0
0.0
0.0
0.0
0.0
0.0
0.0
0.0
0.0
0.0
0.0
0.0
0.0
0.0
0.0
0.0
0.0
0.0
0.0
0.0
0.0
0.0
0.0
0.0
0.0
0.0
0.0
0.0
0.0
0.0
0.0
0.0
0.0
0.0
0.0
0.0
0.0
0.0
0.0
0.0
0.0
0.0
0.0
0.0
0.0
0.0
0.0
0.0
0.0
0.0
0.0
0.0
0.0
0.0
0.0
0.0
0.0
0.0
0.0
0.0
0.0
0.0
0.0
0.0
0.0
0.0
0.0
0.0
0.0
0.0
0.0
0.0
0.0
0.0
0.0
0.0
0.0
0.0
0.0
0.0
0.0
0.0
0.0
0.0
0.0
0.0
0.0
0.0
0.0
0.0
0.0
0.0
0.0
0.0
0.0
0.0
0.0
0.0
0.0
0.0
0.0
0.0
0.0
0.0
0.0
0.0
0.0
0.0
0.0
0.0
0.0
0.0
0.0
0.0
0.0
0.0
0.0
0.0
0.0
0.0
0.0
0.0
0.0
0.0
0.0
0.0
0.0
0.0
0.0
0.0
0.0
0.0
0.0
0.0
0.0
0.0
0.0
0.0
0.0
0.0
0.0
0.0
0.0
0.0
0.0
0.0
0.0
0.0
0.0
0.0
0.0
0.0
0.0
0.0
0.0
0.0
0.0
0.0
0.0
0.0
0.0
0.0
0.0
0.0
0.0
0.0
0.0
0.0
0.0
0.0
0.0
0.0
0.0
0.0
0.0
0.0
0.0
0.0
0.0
0.0
0.0
0.0
0.0
0.0
0.0
0.0
0.0
0.0
0.0
0.0
0.0
0.0
0.0
0.0
0.0
0.0
0.0
0.0
0.0
0.0
0.0
0.0
0.0
0.0
0.0
0.0
0.0
0.0
0.0
0.0
0.0
0.0
0.0
0.0
0.0
0.0
0.0
0.0
0.0
0.0
0.0
0.0
0.0
0.0
0.0
0.0
0.0
0.0
0.0
0.0
0.0
0.0
0.0
0.0
0.0
0.0
0.0
0.0
0.0
0.0
0.0
0.0
0.0
0.0
0.0
0.0
0.0
0.0
0.0
0.0
0.0
0.0
0.0
0.0
0.0
0.0
0.0
0.0
0.0
0.0
0.0
0.0
0.0
0.0
0.0
0.0
0.0
0.0
0.0
0.0
0.0
0.0
0.0
0.0
0.0
0.0
0.0
0.0
0.0
0.0
0.0
0.0
0.0
0.0
0.0
0.0
0.0
0.0
0.0
0.0
0.0
0.0
0.0
0.0
0.0
0.0
0.0
0.0
0.0
0.0
0.0
0.0
0.0
0.0
0.0
0.0
0.0
0.0
0.0
0.0
0.0
0.0
0.0
0.0
0.0
0.0
0.0
0.0
0.0
0.0
0.0
0.0
0.0
0.0
0.0
0.0
0.0
0.0
0.0
0.0
0.0
0.0
0.0
0.0
0.0
0.0
0.0
0.0
0.0
0.0
0.0
0.0
0.0
0.0
0.0
0.0
0.0
0.0
0.0
0.0
0.0
0.0
0.0
0.0
0.0
0.0
0.0
0.0
0.0
0.0
0.0
0.0
0.0
0.0
0.0
0.0
0.0
0.0
0.0
0.0
0.0
0.0
0.0
0.0
0.0
0.0
0.0
0.0
0.0
0.0
0.0
0.0
0.0
0.0
0.0
0.0
0.0
0.0
0.0
0.0
0.0
0.0
0.0
0.0
0.0
0.0
0.0
0.0
0.0
0.0
0.0
0.0
0.0
0.0
0.0
0.0
0.0
0.0
0.0
0.0
0.0
0.0
0.0
0.0
0.0
0.0
0.0
0.0
0.0
0.0
0.0
0.0
0.0
0.0
0.0
0.0
0.0
0.0
0.0
0.0
0.0
0.0
0.0
0.0
0.0
0.0
0.0
0.0
0.0
0.0
0.0
0.0
0.0
0.0
0.0
0.0
0.0
0.0
0.0
0.0
0.0
0.0
0.0
0.0
0.0
0.0
0.0
0.0
0.0
0.0
0.0
0.0
0.0
0.0
0.0
0.0
0.0
0.0
0.0
0.0
0.0
0.0
0.0
0.0
0.0
0.0
0.0
0.0
0.0
0.0
0.0
0.0
0.0
0.0
0.0
0.0
0.0
0.0
0.0
0.0
0.0
0.0
0.0
0.0
0.0
0.0
0.0
0.0
0.0
0.0
0.0
0.0
0.0
0.0
0.0
0.0
0.0
0.0
0.0
0.0
0.0
0.0
0.0
0.0
0.0
0.0
0.0
0.0
0.0
0.0
0.0
0.0
0.0
0.0
0.0
0.0
0.0
0.0
0.0
0.0
0.0
0.0
0.0
0.0
0.0
0.0
0.0
0.0
0.0
0.0
0.0
0.0
0.0
0.0
0.0
0.0
0.0
0.0
0.0
0.0
0.0
0.0
0.0
0.0
0.0
0.0
0.0
0.0
0.0
0.0
0.0
0.0
0.0
0.0
0.0
0.0
0.0
0.0
0.0
0.0
0.0
0.0
0.0
0.0
0.0
0.0
0.0
0.0
0.0
0.0
0.0
0.0
0.0
0.0
0.0
0.0
0.0
0.0
0.0
0.0
0.0
0.0
0.0
0.0
0.0
0.0
0.0
0.0
0.0
0.0
0.0
0.0
0.0
0.0
0.0
0.0
0.0
0.0
0.0
0.0
0.0
0.0
0.0
0.0
0.0
0.0
0.0
0.0
0.0
0.0
0.0
0.0
0.0
0.0
0.0
0.0
0.0
0.0
0.0
0.0
0.0
0.0
0.0
0.0
0.0
0.0
0.0
0.0
0.0
0.0
0.0
0.0
0.0
0.0
0.0
0.0
0.0
0.0
0.0
0.0
0.0
0.0
0.0
0.0
0.0
0.0
0.0
0.0
0.0
0.0
0.0
0.0
0.0
0.0
0.0
0.0
0.0
0.0
0.0
0.0
0.0
0.0
0.0
0.0
0.0
0.0
0.0
0.0
0.0
0.0
0.0
0.0
0.0
0.0
0.0
0.0
0.0
0.0
0.0
0.0
0.0
0.0
0.0
0.0
0.0
0.0
0.0
0.0
0.0
0.0
0.0
0.0
0.0
0.0
0.0
0.0
0.0
0.0
0.0
0.0
0.0
0.0
0.0
0.0
0.0
0.0
0.0
0.0
0.0
0.0
0.0
0.0
0.0
0.0
0.0
0.0
0.0
0.0
0.0
0.0
0.0
0.0
0.0
0.0
0.0
0.0
0.0
0.0
0.0
0.0
0.0
0.0
0.0
0.0
0.0
0.0
0.0
0.0
0.0
0.0
0.0
0.0
0.0
0.0
0.0
0.0
0.0
0.0
0.0
0.0
0.0
0.0
0.0
0.0
0.0
0.0
0.0
0.0
0.0
0.0
0.0
0.0
0.0
0.0
0.0
0.0
0.0
0.0
0.0
0.0
0.0
0.0
0.0
0.0
0.0
0.0
0.0
0.0
0.0
0.0
0.0
0.0
0.0
0.0
0.0
0.0
0.0
0.0
0.0
0.0
0.0
0.0
0.0
0.0
0.0
0.0
0.0
0.0
0.0
0.0
0.0
0.0
0.0
0.0
0.0
0.0
0.0
0.0
0.0
0.0
0.0
0.0
0.0
0.0
0.0
0.0
0.0
0.0
0.0
0.0
0.0
0.0
0.0
0.0
0.0
0.0
0.0
0.0
0.0
0.0
0.0
0.0
0.0
0.0
0.0
0.0
0.0
0.0
0.0
0.0
0.0
0.0
0.0
0.0
0.0
0.0
0.0
0.0
0.0
0.0
0.0
0.0
0.0
0.0
0.0
0.0
0.0
0.0
0.0
0.0
0.0
0.0
0.0
0.0
0.0
0.0
0.0
0.0
0.0
0.0
0.0
0.0
0.0
0.0
0.0
0.0
0.0
0.0
0.0
0.0
0.0
0.0
0.0
0.0
0.0
0.0
0.0
0.0
0.0
0.0
0.0
0.0
0.0
0.0
0.0
0.0
0.0
0.0
0.0
0.0
0.0
0.0
0.0
0.0
0.0
0.0
0.0
0.0
0.0
0.0
0.0
0.0
0.0
0.0
0.0
0.0
0.0
0.0
0.0
0.0
0.0
0.0
0.0
0.0
0.0
0.0
0.0
0.0
0.0
0.0
0.0
0.0
0.0
0.0
0.0
0.0
0.0
0.0
0.0
0.0
0.0
0.0
0.0
0.0
0.0
0.0
0.0
0.0
0.0
0.0
0.0
0.0
0.0
0.0
0.0
0.0
0.0
0.0
0.0
0.0
0.0
0.0
0.0
0.0
0.0
0.0
0.0
0.0
0.0
0.0
0.0
0.0
0.0
0.0
0.0
0.0
0.0
0.0
0.0
0.0
0.0
0.0
0.0
0.0
0.0
0.0
0.0
0.0
0.0
0.0
0.0
0.0
0.0
0.0
0.0
0.0
0.0
0.0
0.0
0.0
0.0
0.0
0.0
0.0
0.0
0.0
0.0
0.0
0.0
0.0
0.0
0.0
0.0
0.0
0.0
0.0
0.0
0.0
0.0
0.0
0.0
0.0
0.0
0.0
0.0
0.0
0.0
0.0
0.0
0.0
0.0
0.0
0.0
0.0
0.0
0.0
0.0
0.0
0.0
0.0
0.0
0.0
0.0
0.0
0.0
0.0
0.0
0.0
0.0
0.0
0.0
0.0
0.0
0.0
0.0
0.0
0.0
0.0
0.0
0.0
0.0
0.0
0.0
0.0
0.0
0.0
0.0
0.0
0.0
0.0
0.0
0.0
0.0
0.0
0.0
0.0
0.0
0.0
0.0
0.0
0.0
0.0
0.0
0.0
0.0
0.0
0.0
0.0
0.0
0.0
0.0
0.0
0.0
0.0
0.0
0.0
0.0
0.0
0.0
0.0
0.0
0.0
0.0
0.0
0.0
0.0
0.0
0.0
0.0
0.0
0.0
0.0
0.0
0.0
0.0
0.0
0.0
0.0
0.0
0.0
0.0
0.0
0.0
0.0
0.0
0.0
0.0
0.0
0.0
0.0
0.0
0.0
0.0
0.0
0.0
0.0
0.0
0.0
0.0
0.0
0.0
0.0
0.0
0.0
0.0
0.0
0.0
0.0
0.0
0.0
0.0
0.0
0.0
0.0
0.0
0.0
0.0
0.0
0.0
0.0
0.0
0.0
0.0
0.0
0.0
0.0
0.0
0.0
0.0
0.0
0.0
0.0
0.0
0.0
0.0
0.0
0.0
0.0
0.0
0.0
0.0
0.0
0.0
0.0
0.0
0.0
0.0
0.0
0.0
0.0
0.0
0.0
0.0
0.0
0.0
0.0
0.0
0.0
0.0
0.0
0.0
0.0
0.0
0.0
0.0
0.0
0.0
0.0
0.0
0.0
0.0
0.0
0.0
0.0
0.0
0.0
0.0
0.0
0.0
0.0
0.0
0.0
0.0
0.0
0.0
0.0
0.0
0.0
0.0
0.0
0.0
0.0
0.0
0.0
0.0
0.0
0.0
0.0
0.0
0.0
0.0
0.0
0.0
0.0
0.0
0.0
0.0
0.0
0.0
0.0
0.0
0.0
0.0
0.0
0.0
0.0
0.0
0.0
0.0
0.0
0.0
0.0
0.0
0.0
0.0
0.0
0.0
0.0
0.0
0.0
0.0
0.0
0.0
0.0
0.0
0.0
0.0
0.0
0.0
0.0
0.0
0.0
0.0
0.0
0.0
0.0
0.0
0.0
0.0
0.0
0.0
0.0
0.0
0.0
0.0
0.0
0.0
0.0
0.0
0.0
0.0
0.0
0.0
0.0
0.0
0.0
0.0
0.0
0.0
0.0
0.0
0.0
0.0
0.0
0.0
0.0
0.0
0.0
0.0
0.0
0.0
0.0
0.0
0.0
0.0
0.0
0.0
0.0
0.0
0.0
0.0
0.0
0.0
0.0
0.0
0.0
0.0
0.0
0.0
0.0
0.0
0.0
0.0
0.0
0.0
0.0
0.0
0.0
0.0
0.0
0.0
0.0
0.0
0.0
0.0
0.0
0.0
0.0
0.0
0.0
0.0
0.0
0.0
0.0
0.0
0.0
0.0
0.0
0.0
0.0
0.0
0.0
0.0
0.0
0.0
0.0
0.0
0.0
0.0
0.0
0.0
0.0
0.0
0.0
0.0
0.0
0.0
0.0
0.0
0.0
0.0
0.0
0.0
0.0
0.0
0.0
0.0
0.0
0.0
0.0
0.0
0.0
0.0
0.0
0.0
0.0
0.0
0.0
0.0
0.0
0.0
0.0
0.0
0.0
0.0
0.0
0.0
0.0
0.0
0.0
0.0
0.0
0.0
0.0
0.0
0.0
0.0
0.0
0.0
0.0
0.0
0.0
0.0
0.0
0.0
0.0
0.0
0.0
0.0
0.0
0.0
0.0
0.0
0.0
0.0
0.0
0.0
0.0
0.0
0.0
0.0
0.0
0.0
0.0
0.0
0.0
0.0
0.0
0.0
0.0
0.0
0.0
0.0
0.0
0.0
0.0
0.0
0.0
0.0
0.0
0.0
0.0
0.0
0.0
0.0
0.0
0.0
0.0
0.0
0.0
0.0
0.0
0.0
0.0
0.0
0.0
0.0
0.0
0.0
0.0
0.0
0.0
0.0
0.0
0.0
0.0
0.0
0.0
0.0
0.0
0.0
0.0
0.0
0.0
0.0
0.0
0.0
0.0
0.0
0.0
0.0
0.0
0.0
0.0
0.0
0.0
0.0
0.0
0.0
0.0
0.0
0.0
0.0
0.0
0.0
0.0
0.0
0.0
0.0
0.0
0.0
0.0
0.0
0.0
0.0
0.0
0.0
0.0
0.0
0.0
0.0
0.0
0.0
