0.07151064801923164
0.07151079248241139
0.07151090583414195
0.07151099900069595
0.07151107797355356
0.07151114639334039
0.07151120661709598
0.07151126024307682
0.07151130839921181
0.0715113518943799
0.07151139116841435
0.07151142709411866
0.07151145988356854
0.07151148999516575
0.07151151764409522
0.07151154304566948
0.07151156640111739
0.07151158784342222
0.07151160750749655
0.07151162551045495
0.07151164190787342
0.07151165684874353
0.07151167042575324
0.07151168269770276
0.07151169371277684
0.07151170353248824
0.07151171221926068
0.07151171982152667
0.07151172637422579
0.07151173190835726
0.07151173645621381
0.07151174004875802
0.0715117427328411
0.07151174452592339
0.07151174544607512
0.07151174551345282
0.07151174474917224
0.07151174317333034
0.07151174080615685
0.07151173766541229
0.07151173376566318
0.07151172912280386
0.07151172362109856
0.07151171732758219
0.07151171033540031
0.07151170265791336
0.0715116943102182
0.07151168530328389
0.07151167564482044
0.07151166534186554
0.0715116544017942
0.07151164283575706
0.07151163066037948
0.0715116178885163
0.0715116045412652
0.07151159061160918
0.07151157610242265
0.07151156101721111
0.07151154535839291
0.07151152913003087
0.07151151233787938
0.0715114949914821
0.07151147710294242
0.07151145867603095
0.07151143971159481
0.07151142021998924
0.07151140022353773
0.07151137970051405
0.07151135865450878
0.07151133708724364
0.0715113150022676
0.07151129240680718
0.07151126930927668
0.07151124571447078
0.07151122162159679
0.07151119702798377
0.07151117193351614
0.07151114633831608
0.07151112026591624
0.07151109372688275
0.07151106671293318
0.07151103922365769
0.07151101125840725
0.07151098281994617
0.0715109539094182
0.07151092452765294
0.07151089467534756
0.07151086434993176
0.07151083354887379
0.07151080227518374
0.0715107705262433
0.07151073832711133
0.07151070566185802
0.07151067254347857
0.07151063896246439
0.0715106049254636
0.07151057045197103
0.07151053553384198
0.07151050016275189
0.07151046433639056
0.07151042804834207
0.07151039130314506
0.07151035409990784
0.07151031643617883
0.07151027829600709
0.0715102396509483
0.07151020055004632
0.07151016100032614
0.07151012100181577
0.07151008054902228
0.07151003964587385
0.07150999830692757
0.07150995652808934
0.07150991430512482
0.0715098716493102
0.07150982855472213
0.07150978501190336
0.07150974101497046
0.07150969656365092
0.07150965167772762
0.07150960634142836
0.07150956055095145
0.07150951430834668
0.07150946761715112
0.07150942047804473
0.07150937288862452
0.07150932484585543
0.0715092763483668
0.07150922740163355
0.07150917801057931
0.07150912816577212
0.07150907786557838
0.07150902711860785
0.07150897593174109
0.07150892431689435
0.07150887226266468
0.07150881975742159
0.07150876679593454
0.07150871337902748
0.07150865950883384
0.07150860518140596
0.0715085503977683
0.07150849515659158
0.07150843945624799
0.07150838329381441
0.07150832666316688
0.07150826958062494
0.07150821204245676
0.07150815404579652
0.07150809557579045
0.07150803666428096
0.07150797729931865
0.07150791746224869
0.07150785716870069
0.07150779642178469
0.07150773519817899
0.07150767350786563
0.07150761137033734
0.07150754877127778
0.07150748569369751
0.07150742214426933
0.07150735812440637
0.07150729362961064
0.07150722866061462
0.07150716320758108
0.07150709730249964
0.0715070309112037
0.07150696404431788
0.0715068967112246
0.07150682887235733
0.07150676056165231
0.07150669176878748
0.0715066224964835
0.07150655272630058
0.07150648247461686
0.07150641174515414
0.07150634052547658
0.07150626881364051
0.07150619660620794
0.07150612391649074
0.07150605073541712
0.07150597706782921
0.07150590289819715
0.07150582824641787
0.07150575312543885
0.07150567753880897
0.07150560142596132
0.0715055248193905
0.07150544769400793
0.07150537005994884
0.07150529192029362
0.07150521326602044
0.07150513410355992
0.07150505442413796
0.07150497422598681
0.07150489351316028
0.07150481227233459
0.07150473051883631
0.0715046482604208
0.07150456547237341
0.07150448216875012
0.07150439833880975
0.07150431395561233
0.0715042290894174
0.07150414368586751
0.07150405778072576
0.0715039713552804
0.0715038843941121
0.07150379689243366
0.07150370887439929
0.07150362032249623
0.07150353123402983
0.07150344162251603
0.0715033514688943
0.0715032607523674
0.07150316949050436
0.07150307769182881
0.07150298532619867
0.07150289238978892
0.07150279892448061
0.0715027048927783
0.07150261028821886
0.07150251516569252
0.0715024194754817
0.07150232323529249
0.07150222641945041
0.07150212902865874
0.07150203110337809
0.07150193259620692
0.07150183350953418
0.07150173385647109
0.07150163363267922
0.07150153282467547
0.07150143142522576
0.07150132944471325
0.07150122689521651
0.07150112376709339
0.07150102003739907
0.07150091570667803
0.0715008108138618
0.07150070534762468
0.07150059928341976
0.07150049260031223
0.07150038534618604
0.0715002775118073
0.07150016908262835
0.07150006001011028
0.07149995034388609
0.0714998401018598
0.07149972924275703
0.07149961774150843
0.07149950565356672
0.07149939296022456
0.07149927962757362
0.07149916565732595
0.07149905107377144
0.07149893588016507
0.07149882005544937
0.0714987035853752
0.07149858646425088
0.07149846869579932
0.07149835029520549
0.07149823126507883
0.0714981116111823
0.07149799132449601
0.07149787037137789
0.07149774872280572
0.07149762644798395
0.07149750354000635
0.07149737998728038
0.0714972557779241
0.07149713087896957
0.07149700530934706
0.0714968791212809
0.07149675224523595
0.07149662470676427
0.07149649653574341
0.07149636770234144
0.07149623817938054
0.07149610796798919
0.07149597708667271
0.07149584554523529
0.0714957133180214
0.07149558036505305
0.07149544668238604
0.07149531230288306
0.07149517724553524
0.07149504150719074
0.0714949050626341
0.07149476788893327
0.07149462999456001
0.07149449140592737
0.07149435212596056
0.07149421214381112
0.07149407142511181
0.0714939299784051
0.07149378778679501
0.07149364485010515
0.07149350120861293
0.07149335684517875
0.07149321175328811
0.07149306591741098
0.07149291933475653
0.07149277201634563
0.07149262391482145
0.07149247506545167
0.07149232550100168
0.07149217519832884
0.07149202415091557
0.07149187234932843
0.07149171977656575
0.0714915664184592
0.07149141228341127
0.07149125738980036
0.0714911017499674
0.07149094534635943
0.07149078814203695
0.07149063012318652
0.07149047129851209
0.07149031169741447
0.07149015133352811
0.07148999020197837
0.07148982825095156
0.07148966553846436
0.07148950213578462
0.07148933789924498
0.07148917284824649
0.07148900701076608
0.07148884037385995
0.0714886729186664
0.0714885046399767
0.07148833554011058
0.0714881656111489
0.07148799483570958
0.07148782321934424
0.07148765077346174
0.07148747747968519
0.0714873033338322
0.07148712835741435
0.07148695254857938
0.07148677588823697
0.07148659834612522
0.07148641990532088
0.07148624060836252
0.07148606046272095
0.07148587944919947
0.07148569755537215
0.0714855147804098
0.07148533112042738
0.07148514656810107
0.0714849611194465
0.07148477477893694
0.07148458756650979
0.071484399453647
0.07148421042430748
0.07148402047352313
0.0714838296067709
0.0714836378338355
0.0714834451589767
0.07148325157678023
0.07148305707860896
0.07148286165750754
0.07148266530826773
0.07148246802606639
0.07148226980404039
0.07148207062985418
0.07148187049145108
0.07148166939360082
0.07148146735525956
0.07148126434833078
0.07148106036190924
0.07148085542454738
0.0714806495277242
0.0714804426609816
0.07148023482329911
0.07148002601148086
0.07147981620165147
0.07147960537924442
0.07147939356117329
0.07147918075527768
0.07147896695125562
0.07147875213829334
0.07147853631812336
0.0714783195002105
0.07147810170170699
0.0714778828501939
0.07147766296822104
0.0714774420830092
0.07147722018160158
0.07147699722209438
0.07147677319217663
0.07147654810663343
0.07147632197027652
0.07147609478723162
0.07147586655663185
0.07147563727679787
0.0714754069759344
0.07147517555961402
0.07147494304832784
0.07147470946597585
0.07147447481205482
0.07147423908389097
0.07147400228052786
0.07147376439470061
0.07147352541027856
0.07147328531332221
0.0714730440952645
0.0714728017624566
0.07147255828393767
0.07147231364057918
0.07147206787497395
0.07147182098880649
0.07147157296129482
0.07147132379155932
0.0714710734890596
0.07147082205949759
0.07147056951859886
0.07147031586215694
0.07147006098465385
0.07146980489286928
0.07146954762438484
0.07146928919585656
0.07146902961095032
0.07146876881714034
0.07146850682705314
0.07146824367552401
0.07146797931258321
0.07146771369154305
0.07146744689761853
0.07146717891654979
0.0714669097003434
0.0714666392476406
0.07146636757071231
0.07146609469221912
0.07146582057494534
0.07146554517928018
0.07146526854181103
0.07146499063153296
0.07146471146489357
0.0714644310442554
0.07146414931617785
0.07146386636034134
0.07146358205508202
0.07146329643505692
0.07146300954681961
0.07146272139594394
0.07146243199363815
0.07146214135598211
0.07146184948969046
0.0714615561339373
0.07146126128972827
0.07146096513565539
0.07146066766927608
0.07146036888851712
0.07146006879926654
0.07145976744484164
0.07145946478953313
0.07145916070496862
0.07145885522653815
0.07145854839612698
0.07145824017536398
0.07145793063433094
0.07145761975536517
0.0714573074923859
0.07145699377108866
0.07145667864996018
0.07145636205055046
0.07145604404146565
0.07145572467597723
0.07145540389577344
0.07145508151488007
0.07145475775413043
0.07145443265379141
0.07145410602489555
0.07145377790263596
0.07145344841090567
0.07145311744429354
0.07145278497464488
0.07145245102636887
0.07145211562750933
0.07145177870450654
0.07145144032393627
0.07145110043578519
0.07145075899615708
0.0714504160730714
0.0714500716481258
0.07144972655516842
0.07144938075627812
0.07144903325731247
0.07144868418793046
0.0714483336071864
0.07144798152188031
0.07144762798553592
0.07144727300439219
0.0714469161759716
0.07144655764602414
0.07144619758069894
0.07144583599925391
0.07144547292282705
0.07144510836235565
0.07144474216975823
0.07144437424349785
0.07144400458493441
0.07144363327385483
0.07144326044828624
0.07144288596585
0.07144250978517362
0.07144213197912043
0.07144175255173621
0.07144137153596875
0.07144098882056188
0.07144060429376854
0.07144021801784842
0.07143983006726265
0.07143944047840572
0.07143904931051662
0.071438656394903
0.07143826175494503
0.0714378654558745
0.07143746735259764
0.07143706748601561
0.07143666587796822
0.07143626233238634
0.07143585705326919
0.07143545016321282
0.07143504148575017
0.07143463109726325
0.07143421881334205
0.0714338048873805
0.07143338908780464
0.07143297146697428
0.07143255204037231
0.07143213051895358
0.07143170722300664
0.07143128223905172
0.07143085554817771
0.07143042701417057
0.07142999627122168
0.07142956381254721
0.07142912955782278
0.0714286934853046
0.07142825561488503
0.07142781538253591
0.07142737327008841
0.07142692937287709
0.07142648374895112
0.07142603647947776
0.07142558688507625
0.07142513515379671
0.0714246815138516
0.07142422609196752
0.07142376896339751
0.07142330965686733
0.0714228481060948
0.07142238453834472
0.07142191918000705
0.07142145194277863
0.07142098271673686
0.07142051137506326
0.07142003788141095
0.07141956239451264
0.07141908477949782
0.07141860529007386
0.07141812378919567
0.07141764027738903
0.07141715470945312
0.0714166668841946
0.07141617692882128
0.07141568482252147
0.07141519084350866
0.07141469473694945
0.0714141964133708
0.07141369596030894
0.071413193245664
0.07141268848833805
0.07141218156837392
0.07141167244065494
0.07141116130233832
0.07141064799812193
0.07141013226361859
0.07140961421343978
0.071409094025528
0.07140857182262167
0.07140804754303631
0.0714075208786345
0.0714069918160244
0.07140646045687009
0.07140592694031384
0.0714053898800095
0.07140484988666404
0.07140430781766727
0.07140376367311368
0.07140321697585346
0.0714026676093356
0.07140211595977287
0.07140156227369457
0.0714010065499439
0.0714004483202982
0.07139988726567446
0.07139932389348756
0.07139875849641505
0.07139819084409116
0.07139762016408294
0.07139704719323295
0.07139647208750693
0.07139589486666115
0.07139531488971275
0.07139473190343489
0.07139414668944194
0.07139355946122777
0.07139297053620815
0.07139237875485899
0.071391784103929
0.07139118712354549
0.0713905880349697
0.07138998637960357
0.0713893819691408
0.07138877493793183
0.07138816560108588
0.07138755358755267
0.07138693909782694
0.07138632182169616
0.07138570213755957
0.07138507955357261
0.07138445463506615
0.07138382651692131
0.07138319546640377
0.07138256127540676
0.07138192463619218
0.07138128553764028
0.07138064406148564
0.07137999960505327
0.07137935028438541
0.07137869800488748
0.07137804490420827
0.07137738918781474
0.07137673043972552
0.0713760689003067
0.07137540462013998
0.07137473765179245
0.07137406785796765
0.07137339551651282
0.07137272029688616
0.07137204208090778
0.07137136088547257
0.07137067750872123
0.0713699925324149
0.07136930441624294
0.07136861312261954
0.07136791924227198
0.07136722279941898
0.0713665233396985
0.07136582061275712
0.07136511505838113
0.07136440686447419
0.07136369573002865
0.07136298143902517
0.07136226431583155
0.07136154432507094
0.07136082119490078
0.07136009487770428
0.0713593658022642
0.07135863408940017
0.0713578989659972
0.07135716033129819
0.07135641904238528
0.07135567545528794
0.07135492831636346
0.07135417741053408
0.07135342359647158
0.07135266757983004
0.07135190815083309
0.07135114499063072
0.07135037867704261
0.07134960984319566
0.07134883770522127
0.07134806200632615
0.07134728329100452
0.07134650188368903
0.07134571697684311
0.07134492827549359
0.07134413652498739
0.07134334220241573
0.07134254460900087
0.07134174310046487
0.07134093816934525
0.07134013046685603
0.07133931979134639
0.071338505451741
0.07133768737728291
0.07133686597584868
0.07133604173231892
0.07133521419872718
0.07133438314630908
0.07133354815488605
0.07133270932834263
0.07133186736213121
0.07133102216235077
0.07133017305956442
0.07132931828126628
0.0713284602908519
0.07132759902169786
0.07132673387003545
0.07132586523224979
0.07132499342754016
0.07132411806970293
0.07132323856827255
0.07132235559569104
0.07132146971452867
0.07132058003757202
0.07131968627929426
0.07131878901182416
0.07131788853658408
0.07131698441637199
0.07131607636049875
0.0713151644526115
0.07131424892533185
0.07131332998458553
0.07131240756534353
0.07131148131549234
0.0713105506964806
0.07130961633817562
0.07130867915535857
0.07130773816695404
0.07130679235978096
0.07130584270629614
0.07130489032902047
0.07130393417695555
0.07130297312163131
0.07130200814226559
0.0713010402613211
0.07130006848407591
0.07129909196215646
0.07129811168319986
0.071297128009671
0.0712961402685584
0.07129514804691951
0.07129415226307906
0.07129315274099453
0.07129214884961055
0.07129114082839344
0.07129012950275757
0.071289113915812
0.07128809347944207
0.07128707014664755
0.07128604339318131
0.07128501208044483
0.07128397578974607
0.07128293626681027
0.0712818931007652
0.07128084490981763
0.07127979205901412
0.07127873620838193
0.0712776765037523
0.07127661103937623
0.07127554138722011
0.0712744686857116
0.0712733918973963
0.07127230935613592
0.07127122295934006
0.0712701331732151
0.07126903857241611
0.07126793900972263
0.07126683540603306
0.07126572795675125
0.07126461578403519
0.07126349911251349
0.07126237838775927
0.07126125298571688
0.07126012278421993
0.07125898839434967
0.07125784991995053
0.07125670651257605
0.07125555830581252
0.07125440594985262
0.07125324926412314
0.07125208794452557
0.07125092155586378
0.0712497509940043
0.07124857587372593
0.07124739608420382
0.07124621124639904
0.07124502184589039
0.07124382828517827
0.07124262999512677
0.07124142651932963
0.07124021828087845
0.0712390105125628
0.07123779804177406
0.07123658005631998
0.07123535739946939
0.07123413059875584
0.07123289894901691
0.07123166125889242
0.07123041942199457
0.0712291733529874
0.07122792190705637
0.07122666505998754
0.07122540386561747
0.07122413820922936
0.07122286664864097
0.0712215905629023
0.07122030964964327
0.07121902343906411
0.07121773191031222
0.07121643596591001
0.07121513563104205
0.07121382920258963
0.07121251807046573
0.07121120188832974
0.07120988047031276
0.07120855387129206
0.07120722231015922
0.07120588559210242
0.0712045433381459
0.07120319657982949
0.07120184436224102
0.07120048598630903
0.07119912303890748
0.0711977553998716
0.07119638168765775
0.07119500198350123
0.07119361831367582
0.07119222969552932
0.07119083355716692
0.07118942980934514
0.07118802076017113
0.07118660563141122
0.07118518388077097
0.07118375760947908
0.07118232670743972
0.07118088854720582
0.07117944518601095
0.0711779974323291
0.07117654348630835
0.07117508306091855
0.07117361776186333
0.07117214752108071
0.07117067037921791
0.07116918823869214
0.07116770179804474
0.07116620866245872
0.07116470992631907
0.07116320653400882
0.07116169738979779
0.07116018108809821
0.07115865840123813
0.07115712977157002
0.0711555881032175
0.07115404312898661
0.07115249856892492
0.07115094782083807
0.07114938956293729
0.07114782627328649
0.0711462586572398
0.07114468287085127
0.07114310095189046
0.07114151493272038
0.0711399217976887
0.07113832166344658
0.07113671619775438
0.07113510601578997
0.07113348785547179
0.0711318631795937
0.07113023415647295
0.07112859812920098
0.0711269552949883
0.07112530645538422
0.071123652204219
0.07112199104377685
0.07112032304954222
0.07111864961005838
0.07111696877137283
0.07111528091568174
0.07111358722651813
0.07111188635577079
0.07111017933069479
0.07110846561977349
0.07110674559737501
0.07110501892685267
0.07110328611812347
0.07110154715551317
0.0710998009870597
0.07109804841478967
0.07109628739788167
0.071094516545122
0.0710927398892804
0.07109095656644686
0.07108916643258194
0.07108736976120934
0.07108556655046043
0.07108375626917497
0.07108193887534538
0.071080115577322
0.07107828528835301
0.07107644599894902
0.07107460157654875
0.07107275087771674
0.0710708919754184
0.07106902600650462
0.07106715454178907
0.07106527585553903
0.07106338782643679
0.07106149435175997
0.07105959557585023
0.07105768671373737
0.07105577133292253
0.07105385025852073
0.07105192292518708
0.07104998706848296
0.07104804482336455
0.07104609668300557
0.07104413959538676
0.07104217528761551
0.07104020476455924
0.07103822551330569
0.07103623997448341
0.07103424686247677
0.07103224582410297
0.07103023739603952
0.07102822193312898
0.07102619909613951
0.07102416775983562
0.07102213028165126
0.07102008544831413
0.07101803066244967
0.0710159699481387
0.07101390233485037
0.07101182571685032
0.07100974150636886
0.07100765722581864
0.07100556602319096
0.07100346564500176
0.0710013593431557
0.07099924583616278
0.07099712210277993
0.07099499237805344
0.07099285578664087
0.07099070876151337
0.07098855480243446
0.07098639434281061
0.0709842246261237
0.07098204581099905
0.0709798615056225
0.07097766896221444
0.0709754653945087
0.07097325586231594
0.0709710398059033
0.07096881210460594
0.07096657716219217
0.07096433669245414
0.07096208638564627
0.07095982470373083
0.07095755142835863
0.07095527039445247
0.07095297849448672
0.07095067931336532
0.07094837376725617
0.07094605719555498
0.07094373261913077
0.07094140185091974
0.07093905967950997
0.07093670914524276
0.0709343512834998
0.07093198456093672
0.07092960829065716
0.07092722475139597
0.07092483812429395
0.07092244227083491
0.07092003443878633
0.07091761175285001
0.07091518095150619
0.07091274484032506
0.07091030232858338
0.07090784880761611
0.07090538565466285
0.07090291582520394
0.07090043730536608
0.0708979468392711
0.07089544895506332
0.07089294327354859
0.07089042414072977
0.07088789631251648
0.07088536223744575
0.0708828164823983
0.07088026089544378
0.07087769800192364
0.07087512619307708
0.0708725433175188
0.07086995176117708
0.07086735271623672
0.0708647418101744
0.07086212124954658
0.07085949339161776
0.07085685489561656
0.07085420675511672
0.07085154840053612
0.07084887548947695
0.07084619290224276
0.07084350109089996
0.07084080031527401
0.0708380888412648
0.07083536703684241
0.07083263651958097
0.07082989602765925
0.07082714568191573
0.07082438563153905
0.0708216153932953
0.07081883594608375
0.07081604655575711
0.07081324652917044
0.07081043743907324
0.07080761973406938
0.07080479099184701
0.07080195313779332
0.07079910548515014
0.07079624718717657
0.070793379233843
0.07079050161095328
0.07078761282240749
0.07078471315397339
0.07078180501041646
0.07077888645619922
0.07077595600618074
0.07077301725132785
0.07077007830861654
0.07076712696621952
0.07076416718393111
0.07076119728022955
0.07075821588582085
0.07075522419286213
0.07075222239459984
0.07074920913452698
0.07074618491572189
0.07074315237722474
0.07074010779305558
0.07073705017255147
0.07073398513152714
0.07073090890909678
0.07072781907956684
0.07072471549856839
0.07072159751382238
0.07071846599760012
0.07071532379097986
0.07071217285585607
0.07070900926229541
0.07070583285981122
0.07070264841833908
0.07069945270666625
0.07069624460261711
0.0706930326828767
0.07068980948768998
0.07068657217070415
0.07068332481529743
0.0706800616254523
0.07067678226150044
0.07067349106002387
0.07067019434394559
0.0706668833469757
0.07066355990191067
0.07066022590599287
0.07065688009229103
0.07065352223977175
0.07065015343610435
0.07064677111586941
0.07064337679181887
0.07063997350875569
0.07063655664685978
0.07063312633835211
0.07062968703623662
0.07062623528540571
0.0706227696001117
0.07061929368071088
0.07061580616226357
0.07061230352521362
0.07060879006280239
0.0706052674161795
0.07060172415751156
0.07059816492454203
0.07059459718200473
0.07059101489334474
0.07058741750977188
0.07058381240783929
0.07058019408678033
0.07057655947802918
0.07057291557786449
0.07056925996974783
0.0705655890750426
0.07056190833241859
0.07055821782527875
0.07055451210051822
0.07055079284959302
0.07054706516070285
0.070543322404579
0.07053956440560995
0.07053579849729973
0.070532030480561
0.0705282464314297
0.07052445383124112
0.07052064787062166
0.07051682538734491
0.07051299164279984
0.0705091481315827
0.07050528770097145
0.0705014130166618
0.07049752984455328
0.07049362990599214
0.07048970414721997
0.07048576954489381
0.07048181884257841
0.07047785059942935
0.0704738734667615
0.07046988196066852
0.07046587774608429
0.0704618653767453
0.07045784151410028
0.07045380117909947
0.0704497464422712
0.07044567967767659
0.07044159350646391
0.07043747824648533
0.07043335313160005
0.0704292197063418
0.07042507187036438
0.07042091425906268
0.07041673947929133
0.07041254845198167
0.07040834768932257
0.07040413019254955
0.07039989502642598
0.07039564901405207
0.0703913920477054
0.07038711425737082
0.07038282283305579
0.07037852205912373
0.07037420187145103
0.07036986510713401
0.07036551994339496
0.07036115787808345
0.0703567761415014
0.07035237853986051
0.07034796461694645
0.0703435294994286
0.0703390840642638
0.07033462587715145
0.07033014671576367
0.0703256507536401
0.07032114479999699
0.07031662571550502
0.07031208884816038
0.07030754020993596
0.07030297816295449
0.07029839959620979
0.07029381972374528
0.07028922971185327
0.07028461830882869
0.0702799923371521
0.07027535050164149
0.07027069464302578
0.0702660222608207
0.07026133154021472
0.07025661731636065
0.07025188225199025
0.07024713031644826
0.07024236780344936
0.07023759186703102
0.07023280197953924
0.0702279970857882
0.07022317291971779
0.07021833139735068
0.07021347026476463
0.07020859975439193
0.0702037113222077
0.07019878369003434
0.07019384587247256
0.07018889613521521
0.07018392607543433
0.07017894767776975
0.07017395169173996
0.07016893648421964
0.07016390410499897
0.07015886108197096
0.0701537955504121
0.07014871005820743
0.07014361537522457
0.07013850378853123
0.07013336711195742
0.07012822033577992
0.07012305992379965
0.07011786968858781
0.07011267056340324
0.07010745555817019
0.07010220468143659
0.07009693734599692
0.07009165792367503
0.07008635890491968
0.07008103582084332
0.07007570395010412
0.07007035752386734
0.07006498652154283
0.07005962530614392
0.07005424681526658
0.07004883887850981
0.0700434198609065
0.07003799054348075
0.07003253134969334
0.07002704324793442
0.07002154014077287
0.07001601433476146
0.07001047577565972
0.07000492438922362
0.06999935154905294
0.06999375261273924
0.06998814267860069
0.06998251352911958
0.06997685944781698
0.0699711893160819
0.0699655058249087
0.06995977568691013
0.06995402500520456
0.06994827794364875
0.06994250021782783
0.06993670469917969
0.06993089782413378
0.06992506990352726
0.0699192199516917
0.06991335092072536
0.0699074678730917
0.06990156226161431
0.06989563300329234
0.06988968964831037
0.06988372269813929
0.06987773856593855
0.06987173676334059
0.06986570885027171
0.06985966388039841
0.06985358543619767
0.06984748170758
0.06984136480672241
0.06983522510505843
0.06982908055962038
0.06982292882052918
0.06981676177362676
0.0698105692544634
0.06980435296894834
0.06979811153202356
0.06979184242474272
0.0697855478166589
0.06977924487151471
0.0697729213572243
0.06976656395023621
0.06976019285965429
0.06975380781643907
0.06974739287251194
0.06974095579994362
0.06973450702582151
0.06972802106859446
0.06972149452668565
0.06971495676010758
0.06970841411181494
0.06970183384471933
0.06969523862896737
0.06968863042327676
0.06968198948988359
0.06967533151327411
0.06966865744760004
0.06966195386649943
0.06965522745539851
0.06964848590846888
0.06964171818906047
0.0696349222548535
0.06962811249703814
0.06962128036008144
0.06961441612729602
0.0696075235283899
0.06960061462013849
0.06959369454389973
0.06958676063180833
0.06957981053668387
0.0695728100045503
0.06956579335317545
0.06955876120138516
0.06955170144882178
0.06954461412603252
0.06953750965245582
0.06953038042321122
0.06952322254811592
0.06951604952598525
0.06950885540522007
0.06950162870016291
0.06949437195097419
0.06948707778727484
0.06947975084814954
0.06947241750015022
0.06946506773320311
0.06945768517177144
0.06945027737453842
0.06944285290257471
0.06943540364406375
0.06942792520841856
0.0694204292298791
0.0694129076801064
0.06940535518481294
0.06939778372559112
0.06939018577539018
0.06938255955814884
0.0693749124696651
0.06936725289384195
0.06935955891021832
0.06935184295589181
0.06934409861975135
0.06933632604283894
0.06932852539603934
0.06932070842807966
0.0693128620275486
0.06930498540095752
0.0692970922478043
0.06928917179159748
0.06928121781809843
0.0692732431205792
0.06926524606821967
0.06925718432695975
0.06924909413537379
0.06924099111194995
0.0692328789623874
0.06922472618597383
0.06921655061205687
0.06920835021003274
0.0692001189029646
0.06919186655113574
0.06918359046085884
0.06917528158029551
0.06916694446695437
0.06915858466086056
0.06915019137928279
0.06914177722090273
0.06913336654719088
0.06912492001056077
0.06911641739669558
0.06910788977702269
0.06909934523474802
0.06909076897382772
0.06908216213674694
0.06907352267958222
0.06906486224200865
0.06905617373560961
0.06904745138479844
0.06903870850183497
0.06902991702435018
0.06902107500420004
0.06901221069265456
0.06900333271072084
0.06899443425302805
0.06898548770168991
0.06897652003120301
0.06896753012856335
0.06895849855575746
0.06894944924458886
0.0689403658929981
0.06893124220783121
0.06892209733805724
0.06891296444791381
0.0689038026269193
0.0688945870817606
0.0688853500202673
0.06887606731339735
0.06886673789662129
0.06885739589134299
0.06884803031382891
0.0688386125557355
0.06882917939032905
0.06881971438949985
0.06881021728497537
0.06880066458560108
0.06879107525911313
0.06878145211948329
0.06877179288862209
0.06876213609076798
0.06875244108821421
0.06874268825520143
0.06873291029478391
0.06872311597873666
0.06871327619533667
0.06870341107138934
0.06869354131658918
0.06868366174404011
0.06867371997359661
0.0686637610664729
0.06865377060283338
0.06864372663110209
0.06863364106359478
0.06862354219398312
0.06861338656076309
0.0686032033345803
0.06859300184693631
0.06858276113071682
0.06857246257929721
0.06856211903475871
0.0685517394579197
0.06854131658083677
0.06853088956221441
0.0685204349759919
0.06850991617528018
0.06849936406325814
0.06848880656029506
0.06847822325726342
0.06846760579731619
0.06845696908860993
0.0684462914320284
0.06843557235492652
0.06842482240246359
0.06841404910294344
0.06840322527885255
0.06839234906897342
0.0683814528488721
0.06837050772211159
0.06835953200851866
0.06834852305571193
0.0683374380138283
0.0683263038926627
0.06831513322898439
0.06830395797617995
0.06829274536494154
0.06828149622075645
0.06827022639814546
0.06825890471655872
0.0682475535862955
0.06823618425563494
0.06822478135639637
0.0682133426511224
0.06820187215443548
0.06819035756286138
0.06817880022934455
0.06816722351046278
0.06815558760018779
0.06814389877807646
0.0681321864778412
0.06812042210337137
0.06810856594842615
0.06809667544190855
0.06808476156308978
0.06807282435804402
0.06806086957721473
0.06804888917812082
0.06803685704318059
0.06802473945925665
0.0680126382171181
0.06800051797292758
0.06798833957374126
0.06797612106443782
0.06796388161229006
0.06795159564616277
0.06793925918756742
0.06792690338591255
0.0679144822996554
0.06790199116152759
0.0678894472869902
0.06787685032948322
0.06786419562084009
0.06785152112608901
0.06783886696580048
0.06782616778616278
0.06781338521203036
0.06780055500617164
0.06778772658320462
0.06777483997442464
0.06776192958390784
0.0677489925023258
0.06773600557774839
0.0677229649503351
0.06770989076587416
0.06769676857076742
0.06768359393335889
0.06767037145893072
0.06765704838293723
0.06764368858726329
0.06763030094905315
0.06761690463635886
0.06760347504566205
0.0675899508608083
0.06757640625892854
0.06756284318545211
0.06754922352510816
0.06753558254339351
0.06752189533598112
0.06750814540219612
0.06749435300051557
0.06748053602868063
0.06746666214471288
0.06745273564206127
0.06743875602522174
0.06742469750761135
0.06741058616030775
0.06739643845394293
0.0673822871441603
0.0673680429775572
0.06735377188535416
0.067339488352525
0.06732514550061108
0.06731073963187302
0.06729631048702031
0.06728183276436432
0.06726729877175461
0.06725271910477483
0.06723810517281131
0.06722346936887143
0.06720874517383968
0.06719394614578202
0.06717909005737507
0.06716415998488784
0.06714921017527649
0.06713424716448041
0.06711922159834659
0.06710414137361821
0.06708903115265875
0.06707386330111786
0.06705864174230618
0.06704339987952591
0.06702809985132432
0.06701277521301172
0.06699740595988117
0.06698194681711522
0.06696642245408053
0.06695077583372039
0.066935102907527
0.06691941318942182
0.0669037004935813
0.06688792373007613
0.06687210387990355
0.06685622920567309
0.06684028258072196
0.06682431805854407
0.06680836051537845
0.06679232857712149
0.06677624590044344
0.06676004237255599
0.06674380713457052
0.06672742456768291
0.06671097581076633
0.06669459221655007
0.06667816041305766
0.06666164916370151
0.06664507074079902
0.06662847914291556
0.0666118288104113
0.06659513226524903
0.06657841833815455
0.06656165757310349
0.06654479453214496
0.0665277837031461
0.06651072940419295
0.06649360186322133
0.06647644798104574
0.06645930602287875
0.06644212929637228
0.06642485396702538
0.06640751416932275
0.06639018235002214
0.06637279473027541
0.06635532310599446
0.0663378134573553
0.06632019391912419
0.06630241963078004
0.06628458276165373
0.0662667502996838
0.06624893754000848
0.06623103765773117
0.06621309766292612
0.06619512429931274
0.06617708065124227
0.06615896947363575
0.06614081481116026
0.06612259376475899
0.06610425333273139
0.06608576834009172
0.06606723885297333
0.06604866982952894
0.06603013397114398
0.06601156914310068
0.06599294672280213
0.06597424503580343
0.06595548539924626
0.06593665398613656
0.06591774432303438
0.06589877407821809
0.06587967681459866
0.06586045695977609
0.0658411592515372
0.06582190065118289
0.06580265194205888
0.06578339384776923
0.06576402922589082
0.06574459122238249
0.06572506727393103
0.06570546733064843
0.06568580454222032
0.06566602231300447
0.065646082007741
0.06562608576844209
0.06560611811534214
0.06558614516341668
0.06556618617121464
0.06554615216074486
0.06552602109984852
0.06550577901725822
0.06548546796341442
0.06546505085362449
0.06544453745674561
0.0654238611262934
0.06540315360139207
0.06538250831418355
0.06536180413818893
0.06534110960234521
0.06532036745744234
0.06529951057164847
0.06527853334525308
0.06525744492410794
0.0652362582162033
0.06521495287419636
0.06519353346885168
0.06517220935981802
0.06515080065277544
0.06512935702194095
0.06510792314254474
0.065086415995574
0.06506479570672641
0.0650429930505307
0.0650211141395144
0.06499911626630688
0.06497700517938025
0.0649549480183109
0.06493284203258315
0.06491064081383076
0.06488848148387098
0.06486628947198647
0.06484394973900962
0.06482140090368181
0.06479880382337522
0.06477610747517418
0.06475326588377595
0.06473046557114462
0.06470766225471838
0.06468473495005463
0.06466179356584169
0.06463883054158925
0.06461575177499987
0.0645924588249789
0.06456907924651689
0.0645456132607066
0.06452213573727678
0.06449855044754604
0.06447492743788151
0.06445133433769502
0.06442764672329568
0.06440379152010521
0.06437988948898682
0.0643559145981796
0.06433172909345815
0.06430749691530538
0.0642832782630161
0.06425894439408836
0.06423454161688182
0.06421009335702972
0.0641855771426505
0.06416098865681355
0.06413627950744712
0.0641114230484945
0.06408653407651253
0.06406153679480668
0.0640364629182279
0.06401134698402146
0.06398609707007462
0.06396083341981876
0.06393552400396117
0.06391014358325464
0.06388456819134516
0.06385890442641903
0.06383319739349107
0.06380735052727064
0.0637813352731199
0.06375539818079783
0.06372942643358685
0.06370335707583853
0.06367715982374778
0.06365088356659156
0.06362445205240752
0.06359789020389395
0.06357117339182813
0.06354453970319957
0.0635178394053318
0.06349103787365107
0.06346418659522507
0.06343722845061368
0.06341010287040671
0.06338280631023774
0.0633554256248326
0.06332801224301833
0.06330057557422217
0.0632730577076478
0.06324551981114636
0.06321781353225829
0.06318997993848796
0.0631619848248603
0.06313388717189009
0.06310571822650161
0.06307752261369383
0.06304925232214063
0.06302099123538717
0.06299254330817886
0.06296398116270935
0.06293526562198382
0.06290639394340412
0.06287747548035567
0.06284850213417266
0.0628194784508378
0.06279048879099904
0.06276128903375139
0.06273191646731399
0.06270245409949037
0.06267280315348067
0.06264309829332923
0.06261335814771828
0.0625836649729744
0.06255387814803683
0.0625238046821721
0.062493640287686156
0.06246335375389057
0.06243289896954206
0.06240243581283213
0.062371987718036245
0.062341569544941425
0.06231083723118014
0.062279917614798196
0.06224889500085742
0.0622177780687473
0.06218658884932106
0.06215542377128165
0.06212424670407362
0.062092806880860274
0.062061151663580616
0.06202936686286725
0.06199752501829051
0.0619656191153851
0.06193381082698498
0.061901773985670525
0.06186953699315481
0.061837193367747026
0.06180465196573264
0.06177198711704413
0.06173941673610676
0.06170692977975455
0.06167402205300448
0.06164093607755219
0.061607784611868686
0.06157453262492907
0.0615411843566603
0.06150789523002876
0.06147448103328506
0.06144077887728807
0.06140691895356612
0.061372937688389285
0.06133895440255354
0.06130481986989689
0.061270783109882855
0.0612364532718082
0.06120193305752366
0.061167283755165294
0.06113253930490397
0.0610976882637035
0.061062869421216484
0.061027978134142166
0.06099273469494678
0.06095735947297717
0.060921938798912355
0.060886349117397216
0.060850706109222906
0.06081512169888336
0.060779288808079195
0.06074315123871365
0.06070698166612404
0.06067073084975204
0.06063430945620454
0.06059788981192621
0.06056136347048344
0.060524606577621445
0.06048766321625465
0.06045059283230571
0.06041339066540675
0.06037624718070352
0.060338923905695015
0.06030142784378285
0.060263745443040896
0.060225934694984405
0.06018794748018464
0.06014990282889703
0.06011188955346817
0.06007366548253222
0.060035220147354476
0.0599964785667895
0.05995774856707979
0.05991899310993203
0.0598801669102394
0.05984110474447836
0.05980188571915765
0.059762316050640044
0.05972277581851622
0.059683283518143684
0.05964361253212583
0.05960372128876231
0.059563531542716104
0.059523238651910615
0.05948299929008002
0.059442636757962505
0.05940205609981593
0.05936122926294096
0.05932024774034944
0.05927919146728127
0.05923806299733905
0.0591968878987298
0.05915539260378677
0.05911351414410878
0.05907190518313311
0.0590300733881266
0.05898813731582016
0.05894582132730466
0.058903246136716145
0.05886089561260345
0.05881843329024758
0.058775539916670505
0.05873256788573018
0.05868931751810794
0.05864614428359466
0.058602843904603436
0.058559278966650266
0.05851557105110868
0.05847157875063357
0.058427505304597775
0.05838343432345021
0.0583392697302797
0.05829473065787688
0.05824986736185641
0.05820499781852454
0.05816020024318078
0.05811526728154871
0.05806986077068754
0.05802423101489328
0.05797860007736202
0.05793301059207565
0.05788718795853058
0.05784105043758037
0.05779458778507811
0.05774818067005998
0.05770169353786264
0.057655042698490734
0.05760809730856254
0.05756079475273644
0.05751353712479984
0.057466195526177224
0.057418750234855036
0.0573708893646733
0.05732270726283976
0.05727463130389978
0.057226497088411425
0.0571781096241311
0.057129281914795
0.057080306781799504
0.057031421609593284
0.05698243145826807
0.056933024155461885
0.056883208459463895
0.05683352256247184
0.056783793756354575
0.05673372124028185
0.05668340755759776
0.05663268289871212
0.05658220769197137
0.05653149041066955
0.05648041472778182
0.05642913265897083
0.05637763429685451
0.05632628668927192
0.05627444428603537
0.056222497798808425
0.05617007433312601
0.05611790434072116
0.056065402597825206
0.05601266183664047
0.055959541981155936
0.055906462731031385
0.05585320839161717
0.05579972188312139
0.05574585912425454
0.055691891880631256
0.055637872536344245
0.05558349092617765
0.05552890552813817
0.05547415214934993
0.05541931585897558
0.05536406883006882
0.05530865172737236
0.05525319630487364
0.05519748041854913
0.05514134063001581
0.05508507699117134
0.05502884192140449
0.05497226182236979
0.05491521714804893
0.054858127035061606
0.054800956804335985
0.05474356676008337
0.05468557203215166
0.05462765479822502
0.05456955126717517
0.05451130852362185
0.05445244336668529
0.05439364273360007
0.05433456644762021
0.05427541942914535
0.05421572687055522
0.054156047239205654
0.05409598319365922
0.054035843576597506
0.05397532845757683
0.05391469879736392
0.053853725631846684
0.05379250812018534
0.05373114406834797
0.053669582092641756
0.05360770258432611
0.05354545004666031
0.05348305118850793
0.053420549589733024
0.053357770652707914
0.053294590971099495
0.053231052539700875
0.05316751446955607
0.053103790477757665
0.05303972012567161
0.05297511476300648
0.05291053402944333
0.05284580068724415
0.05278074337946259
0.05271516042235063
0.052649447629875654
0.05258371752120051
0.052517631350961644
0.05245100785558591
0.052384142254403174
0.052317501961390254
0.05225021240329918
0.05218245531679513
0.05211459837473375
0.05204694752028677
0.051978348046124195
0.05190946967503993
0.05184067829733538
0.05177172031663594
0.051702043281083146
0.05163191289359309
0.051562241384281074
0.051491927029240554
0.05142109593231871
0.0513500420286596
0.05127917593239655
0.051207613969284894
0.05113539919098227
0.051063480924645244
0.0509913639072147
0.05091839350886085
0.05084504425092905
0.05077218503479897
0.050698638045280985
0.050624250774887955
0.05054997869557291
0.050476000610820713
0.050400776663701866
0.05032529044068569
0.05025022376961657
0.050174355081029916
0.05009780165752273
0.050021509589364514
0.04994495090944444
0.04986741973765158
0.0497900727420371
0.04971250492551143
0.04963410186789713
0.04955550776497477
0.04947700113513137
0.049397742723735615
0.0493179500097683
0.04923827114029352
0.049158162700641515
0.049077457220114674
0.04899656431995085
0.0489152915946439
0.048833539686879174
0.04875168823345017
0.04866932703180764
0.048586476603870145
0.048503381818827906
0.04842001454936287
0.04833624098336589
0.04825185369115992
0.04816730925301131
0.0480822398575351
0.04799697024978863
0.047911427321515106
0.047825013616422385
0.04773842942645589
0.047651783804819464
0.04756443449290046
0.047476643015826346
0.04738858398919009
0.047299998657452054
0.04721117155498178
0.047121948770618226
0.04703214208299482
0.04694181898892117
0.046851197954638324
0.04676047048605079
0.046669001215206535
0.046576893800271114
0.046484727919813805
0.04639204097700597
0.04629877185265352
0.04620532522445931
0.04611115722703602
0.04601649768472348
0.04592174476851324
0.045826438362389366
0.04573038741519083
0.045634012834409356
0.04553738937341719
0.045439990911754546
0.045342257649808496
0.0452441866498392
0.04514528782213457
0.0450461408712687
0.044946633824589764
0.04484627792067679
0.04474560343698122
0.04464462932599221
0.044542831731251585
0.04444065919241062
0.044337953592219814
0.04423470929715754
0.044131201871074076
0.04402687940887384
0.043922010641988266
0.04381681449752998
0.043710891012063664
0.04360455482829169
0.043497761213973786
0.04339021113218596
0.04328204374422163
0.04317354414843954
0.0430643643609091
0.0429547122755145
0.04284428148370827
0.042733379303509136
0.0426219521298857
0.04250973201166014
0.04239725640227941
0.04228387598366513
0.04216998862284713
0.04205557344534459
0.041940174807877026
0.041824781887395995
0.04170827691301186
0.04159108714116721
0.04147377268077309
0.04135510080834734
0.04123626307189695
0.04111684958030189
0.04099618617141527
0.040875455520699634
0.04075379662208476
0.04063124223009407
0.040508530018179
0.040384530396414355
0.0402600532146078
0.04013512950029932
0.04000909012763307
0.039882520025349345
0.03975505119587935
0.03962679249487862
0.03949821973889658
0.039368615873113355
0.03923819117159975
0.0391068395981052
0.03897463766283381
0.03884218114499635
0.03870865871391492
0.03857424646029078
0.038438873326976604
0.03830253654410225
0.038165919065401344
0.03802823896126504
0.037889645670194066
0.037750071516803325
0.03760936987106438
0.03746823045601898
0.037326249000774255
0.037183121151387194
0.03703910069987335
0.03689388344584577
0.036747972638202994
0.03660127148964295
0.03645332778176891
0.03630446626762807
0.03615458058315861
0.036003646791849975
0.03585187765275763
0.03569885073266755
0.03554475475473527
0.035389714209558464
0.03523355000321088
0.03507639352462359
0.034917916987668475
0.03475826436534145
0.03459757698715937
0.03443588036058612
0.0342728666390436
0.03410859766450255
0.033943068712438684
0.033776279609963114
0.033608590658904855
0.033439269764955946
0.03326876584222885
0.03309683649175487
0.0329235939184331
0.03274925695819115
0.032573206626781946
0.03239581781116489
0.03221699430217087
0.03203673033433588
0.031855145852253346
0.031671843972508766
0.0314870086858096
0.03130069878373392
0.03111273937352677
0.03092329676856681
0.030732016898453812
0.030538998464427612
0.030344370603778342
0.030148022851850538
0.02995001979646779
0.02974999894655564
0.029547949614547195
0.02934412631715785
0.029138487414816682
0.028930967392439652
0.028721271573450304
0.028509221426264334
0.028295117200740988
0.028079039024074017
0.027860914029863227
0.027640473426090127
0.027417337285798465
0.027191678472826414
0.02696383590392647
0.02673370876775345
0.02650121806118458
0.026265717323453414
0.02602731012000018
0.02578633574693511
0.02554282477538313
0.02529683984859288
0.025047443073436638
0.024794928164153903
0.02453897874783256
0.024279998445833565
0.024017864054981925
0.023752379555579607
0.023482989818734163
0.023209653427789287
0.022932427509229723
0.022651257816054402
0.02236615179430024
0.022076433852769778
0.021782240404406673
0.021483125907966822
0.021179166847623894
0.020870174380842942
0.020555560077460528
0.02023518832551277
0.019908922226082846
0.019576495535287647
0.019237523847947458
0.018891607252249167
0.01853837996858779
0.01817755469077384
0.01780899248379725
0.017432241484033002
0.01704649323923945
0.016650932351861776
0.01624472027027287
0.015827075273127805
0.015397565459695745
0.01495507930095062
0.01449765665293446
0.014024492221034255
0.013533262079321241
0.013022245897681818
0.012489288108281984
0.011931334660765944
0.011344141882784823
0.010723210875863736
0.010062028037090486
0.009352564280390177
0.008582575348572583
0.007734574387119282
0.0067808638272763115
0.005666627876298452
0.004266111424596603
0.0020613029411072708
0.0
0.0
0.0
0.0
0.0
0.0
0.0
0.0
0.0
0.0
0.0
0.0
0.0
0.0
0.0
0.0
0.0
0.0
0.0
0.0
0.0
0.0
0.0
0.0
0.0
0.0
0.0
0.0
0.0
0.0
0.0
0.0
0.0
0.0
0.0
0.0
0.0
0.0
0.0
0.0
0.0
0.0
0.0
0.0
0.0
0.0
0.0
0.0
0.0
0.0
0.0
0.0
0.0
0.0
0.0
0.0
0.0
0.0
0.0
0.0
0.0
0.0
0.0
0.0
0.0
0.0
0.0
0.0
0.0
0.0
0.0
0.0
0.0
0.0
0.0
0.0
0.0
0.0
0.0
0.0
0.0
0.0
0.0
0.0
0.0
0.0
0.0
0.0
0.0
0.0
0.0
0.0
0.0
0.0
0.0
0.0
0.0
0.0
0.0
0.0
0.0
0.0
0.0
0.0
0.0
0.0
0.0
0.0
0.0
0.0
0.0
0.0
0.0
0.0
0.0
0.0
0.0
0.0
0.0
0.0
0.0
0.0
0.0
0.0
0.0
0.0
0.0
0.0
0.0
0.0
0.0
0.0
0.0
0.0
0.0
0.0
0.0
0.0
0.0
0.0
0.0
0.0
0.0
0.0
0.0
0.0
0.0
0.0
0.0
0.0
0.0
0.0
0.0
0.0
0.0
0.0
0.0
0.0
0.0
0.0
0.0
0.0
0.0
0.0
0.0
0.0
0.0
0.0
0.0
0.0
0.0
0.0
0.0
0.0
0.0
0.0
0.0
0.0
0.0
0.0
0.0
0.0
0.0
0.0
0.0
0.0
0.0
0.0
0.0
0.0
0.0
0.0
0.0
0.0
0.0
0.0
0.0
0.0
0.0
0.0
0.0
0.0
0.0
0.0
0.0
0.0
0.0
0.0
0.0
0.0
0.0
0.0
0.0
0.0
0.0
0.0
0.0
0.0
0.0
0.0
0.0
0.0
0.0
0.0
0.0
0.0
0.0
0.0
0.0
0.0
0.0
0.0
0.0
0.0
0.0
0.0
0.0
0.0
0.0
0.0
0.0
0.0
0.0
0.0
0.0
0.0
0.0
0.0
0.0
0.0
0.0
0.0
0.0
0.0
0.0
0.0
0.0
0.0
0.0
0.0
0.0
0.0
0.0
0.0
0.0
0.0
0.0
0.0
0.0
0.0
0.0
0.0
0.0
0.0
0.0
0.0
0.0
0.0
0.0
0.0
0.0
0.0
0.0
0.0
0.0
0.0
0.0
0.0
0.0
0.0
0.0
0.0
0.0
0.0
0.0
0.0
0.0
0.0
0.0
0.0
0.0
0.0
0.0
0.0
0.0
0.0
0.0
0.0
0.0
0.0
0.0
0.0
0.0
0.0
0.0
0.0
0.0
0.0
0.0
0.0
0.0
0.0
0.0
0.0
0.0
0.0
0.0
0.0
0.0
0.0
0.0
0.0
0.0
0.0
0.0
0.0
0.0
0.0
0.0
0.0
0.0
0.0
0.0
0.0
0.0
0.0
0.0
0.0
0.0
0.0
0.0
0.0
0.0
0.0
0.0
0.0
0.0
0.0
0.0
0.0
0.0
0.0
0.0
0.0
0.0
0.0
0.0
0.0
0.0
0.0
0.0
0.0
0.0
0.0
0.0
0.0
0.0
0.0
0.0
0.0
0.0
0.0
0.0
0.0
0.0
0.0
0.0
0.0
0.0
0.0
0.0
0.0
0.0
0.0
0.0
0.0
0.0
0.0
0.0
0.0
0.0
0.0
0.0
0.0
0.0
0.0
0.0
0.0
0.0
0.0
0.0
0.0
0.0
0.0
0.0
0.0
0.0
0.0
0.0
0.0
0.0
0.0
0.0
0.0
0.0
0.0
0.0
0.0
0.0
0.0
0.0
0.0
0.0
0.0
0.0
0.0
0.0
0.0
0.0
0.0
0.0
0.0
0.0
0.0
0.0
0.0
0.0
0.0
0.0
0.0
0.0
0.0
0.0
0.0
0.0
0.0
0.0
0.0
0.0
0.0
0.0
0.0
0.0
0.0
0.0
0.0
0.0
0.0
0.0
0.0
0.0
0.0
0.0
0.0
0.0
0.0
0.0
0.0
0.0
0.0
0.0
0.0
0.0
0.0
0.0
0.0
0.0
0.0
0.0
0.0
0.0
0.0
0.0
0.0
0.0
0.0
0.0
0.0
0.0
0.0
0.0
0.0
0.0
0.0
0.0
0.0
0.0
0.0
0.0
0.0
0.0
0.0
0.0
0.0
0.0
0.0
0.0
0.0
0.0
0.0
0.0
0.0
0.0
0.0
0.0
0.0
0.0
0.0
0.0
0.0
0.0
0.0
0.0
0.0
0.0
0.0
0.0
0.0
0.0
0.0
0.0
0.0
0.0
0.0
0.0
0.0
0.0
0.0
0.0
0.0
0.0
0.0
0.0
0.0
0.0
0.0
0.0
0.0
0.0
0.0
0.0
0.0
0.0
0.0
0.0
0.0
0.0
0.0
0.0
0.0
0.0
0.0
0.0
0.0
0.0
0.0
0.0
0.0
0.0
0.0
0.0
0.0
0.0
0.0
0.0
0.0
0.0
0.0
0.0
0.0
0.0
0.0
0.0
0.0
0.0
0.0
0.0
0.0
0.0
0.0
0.0
0.0
0.0
0.0
0.0
0.0
0.0
0.0
0.0
0.0
0.0
0.0
0.0
0.0
0.0
0.0
0.0
0.0
0.0
0.0
0.0
0.0
0.0
0.0
0.0
0.0
0.0
0.0
0.0
0.0
0.0
0.0
0.0
0.0
0.0
0.0
0.0
0.0
0.0
0.0
0.0
0.0
0.0
0.0
0.0
0.0
0.0
0.0
0.0
0.0
0.0
0.0
0.0
0.0
0.0
0.0
0.0
0.0
0.0
0.0
0.0
0.0
0.0
0.0
0.0
0.0
0.0
0.0
0.0
0.0
0.0
0.0
0.0
0.0
0.0
0.0
0.0
0.0
0.0
0.0
0.0
0.0
0.0
0.0
0.0
0.0
0.0
0.0
0.0
0.0
0.0
0.0
0.0
0.0
0.0
0.0
0.0
0.0
0.0
0.0
0.0
0.0
0.0
0.0
0.0
0.0
0.0
0.0
0.0
0.0
0.0
0.0
0.0
0.0
0.0
0.0
0.0
0.0
0.0
0.0
0.0
0.0
0.0
0.0
0.0
0.0
0.0
0.0
0.0
0.0
0.0
0.0
0.0
0.0
0.0
0.0
0.0
0.0
0.0
0.0
0.0
0.0
0.0
0.0
0.0
0.0
0.0
0.0
0.0
0.0
0.0
0.0
0.0
0.0
0.0
0.0
0.0
0.0
0.0
0.0
0.0
0.0
0.0
0.0
0.0
0.0
0.0
0.0
0.0
0.0
0.0
0.0
0.0
0.0
0.0
0.0
0.0
0.0
0.0
0.0
0.0
0.0
0.0
0.0
0.0
0.0
0.0
0.0
0.0
0.0
0.0
0.0
0.0
0.0
0.0
0.0
0.0
0.0
0.0
0.0
0.0
0.0
0.0
0.0
0.0
0.0
0.0
0.0
0.0
0.0
0.0
0.0
0.0
0.0
0.0
0.0
0.0
0.0
0.0
0.0
0.0
0.0
0.0
0.0
0.0
0.0
0.0
0.0
0.0
0.0
0.0
0.0
0.0
0.0
0.0
0.0
0.0
0.0
0.0
0.0
0.0
0.0
0.0
0.0
0.0
0.0
0.0
0.0
0.0
0.0
0.0
0.0
0.0
0.0
0.0
0.0
0.0
0.0
0.0
0.0
0.0
0.0
0.0
0.0
0.0
0.0
0.0
0.0
0.0
0.0
0.0
0.0
0.0
0.0
0.0
0.0
0.0
0.0
0.0
0.0
0.0
0.0
0.0
0.0
0.0
0.0
0.0
0.0
0.0
0.0
0.0
0.0
0.0
0.0
0.0
0.0
0.0
0.0
0.0
0.0
0.0
0.0
0.0
0.0
0.0
0.0
0.0
0.0
0.0
0.0
0.0
0.0
0.0
0.0
0.0
0.0
0.0
0.0
0.0
0.0
0.0
0.0
0.0
0.0
0.0
0.0
0.0
0.0
0.0
0.0
0.0
0.0
0.0
0.0
0.0
0.0
0.0
0.0
0.0
0.0
0.0
0.0
0.0
0.0
0.0
0.0
0.0
0.0
0.0
0.0
0.0
0.0
0.0
0.0
0.0
0.0
0.0
0.0
0.0
0.0
0.0
0.0
0.0
0.0
0.0
0.0
0.0
0.0
0.0
0.0
0.0
0.0
0.0
0.0
0.0
0.0
0.0
0.0
0.0
0.0
0.0
0.0
0.0
0.0
0.0
0.0
0.0
0.0
0.0
0.0
0.0
0.0
0.0
0.0
0.0
0.0
0.0
0.0
0.0
0.0
0.0
0.0
0.0
0.0
0.0
0.0
0.0
0.0
0.0
0.0
0.0
0.0
0.0
0.0
0.0
0.0
0.0
0.0
0.0
0.0
0.0
0.0
0.0
0.0
0.0
0.0
0.0
0.0
0.0
0.0
0.0
0.0
0.0
0.0
0.0
0.0
0.0
0.0
0.0
0.0
0.0
0.0
0.0
0.0
0.0
0.0
0.0
0.0
0.0
0.0
0.0
0.0
0.0
0.0
0.0
0.0
0.0
0.0
0.0
0.0
0.0
0.0
0.0
0.0
0.0
0.0
0.0
0.0
0.0
0.0
0.0
0.0
0.0
0.0
0.0
0.0
0.0
0.0
0.0
0.0
0.0
0.0
0.0
0.0
0.0
0.0
0.0
0.0
0.0
0.0
0.0
0.0
0.0
0.0
0.0
0.0
0.0
0.0
0.0
0.0
0.0
0.0
0.0
0.0
0.0
0.0
0.0
0.0
0.0
0.0
0.0
0.0
0.0
0.0
0.0
0.0
0.0
0.0
0.0
0.0
0.0
0.0
0.0
0.0
0.0
0.0
0.0
0.0
0.0
0.0
0.0
0.0
0.0
0.0
0.0
0.0
0.0
0.0
0.0
0.0
0.0
0.0
0.0
0.0
0.0
0.0
0.0
0.0
0.0
0.0
0.0
0.0
0.0
0.0
0.0
0.0
0.0
0.0
0.0
0.0
0.0
0.0
0.0
0.0
0.0
0.0
0.0
0.0
0.0
0.0
0.0
0.0
0.0
0.0
0.0
0.0
0.0
0.0
0.0
0.0
0.0
0.0
0.0
0.0
0.0
0.0
0.0
0.0
0.0
0.0
0.0
0.0
0.0
0.0
0.0
0.0
0.0
0.0
0.0
0.0
0.0
0.0
0.0
0.0
0.0
0.0
0.0
0.0
0.0
0.0
0.0
0.0
0.0
0.0
0.0
0.0
0.0
0.0
0.0
0.0
0.0
0.0
0.0
0.0
0.0
0.0
0.0
0.0
0.0
0.0
0.0
0.0
0.0
0.0
0.0
0.0
0.0
0.0
0.0
0.0
0.0
0.0
0.0
0.0
0.0
0.0
0.0
0.0
0.0
0.0
0.0
0.0
0.0
0.0
0.0
0.0
0.0
0.0
0.0
0.0
0.0
0.0
0.0
0.0
0.0
0.0
0.0
0.0
0.0
0.0
0.0
0.0
0.0
0.0
0.0
0.0
0.0
0.0
0.0
0.0
0.0
0.0
0.0
0.0
0.0
0.0
0.0
0.0
0.0
0.0
0.0
0.0
0.0
0.0
0.0
0.0
0.0
0.0
0.0
0.0
0.0
0.0
0.0
0.0
0.0
0.0
0.0
0.0
0.0
0.0
0.0
0.0
0.0
0.0
0.0
0.0
0.0
0.0
0.0
0.0
0.0
0.0
0.0
0.0
0.0
0.0
0.0
0.0
0.0
0.0
0.0
0.0
0.0
0.0
0.0
0.0
0.0
0.0
0.0
0.0
0.0
0.0
0.0
0.0
0.0
0.0
0.0
0.0
0.0
0.0
0.0
0.0
0.0
0.0
0.0
0.0
0.0
0.0
0.0
0.0
0.0
0.0
0.0
0.0
0.0
0.0
0.0
0.0
0.0
0.0
0.0
0.0
0.0
0.0
0.0
0.0
0.0
0.0
0.0
0.0
0.0
0.0
0.0
0.0
0.0
0.0
0.0
0.0
0.0
0.0
0.0
0.0
0.0
0.0
0.0
0.0
0.0
0.0
0.0
0.0
0.0
0.0
0.0
0.0
0.0
0.0
0.0
0.0
0.0
0.0
0.0
0.0
0.0
0.0
0.0
0.0
0.0
0.0
0.0
0.0
0.0
0.0
0.0
0.0
0.0
0.0
0.0
0.0
0.0
0.0
0.0
0.0
0.0
0.0
0.0
0.0
0.0
0.0
0.0
0.0
0.0
0.0
0.0
0.0
0.0
0.0
0.0
0.0
0.0
0.0
0.0
0.0
0.0
0.0
0.0
0.0
0.0
0.0
0.0
0.0
0.0
0.0
0.0
0.0
0.0
0.0
0.0
0.0
0.0
0.0
0.0
0.0
0.0
0.0
0.0
0.0
0.0
0.0
0.0
0.0
0.0
0.0
0.0
0.0
0.0
0.0
0.0
0.0
0.0
0.0
0.0
0.0
0.0
0.0
0.0
0.0
0.0
0.0
0.0
0.0
0.0
0.0
0.0
0.0
0.0
0.0
0.0
0.0
0.0
0.0
0.0
0.0
0.0
0.0
0.0
0.0
0.0
0.0
0.0
0.0
0.0
0.0
0.0
0.0
0.0
0.0
0.0
0.0
0.0
0.0
0.0
0.0
0.0
0.0
0.0
0.0
0.0
0.0
0.0
0.0
0.0
0.0
0.0
0.0
0.0
0.0
0.0
0.0
0.0
0.0
0.0
0.0
0.0
0.0
0.0
0.0
0.0
0.0
0.0
0.0
0.0
0.0
0.0
0.0
0.0
0.0
0.0
0.0
0.0
0.0
0.0
0.0
0.0
0.0
0.0
0.0
0.0
0.0
0.0
0.0
0.0
0.0
0.0
0.0
0.0
0.0
0.0
0.0
0.0
0.0
0.0
0.0
0.0
0.0
0.0
0.0
0.0
0.0
0.0
0.0
0.0
0.0
0.0
0.0
0.0
0.0
0.0
0.0
0.0
0.0
0.0
0.0
0.0
0.0
0.0
0.0
0.0
0.0
0.0
0.0
0.0
0.0
0.0
0.0
0.0
0.0
0.0
0.0
0.0
0.0
0.0
0.0
0.0
0.0
0.0
0.0
0.0
0.0
0.0
0.0
0.0
0.0
0.0
0.0
0.0
0.0
0.0
0.0
0.0
0.0
0.0
0.0
0.0
0.0
0.0
0.0
0.0
0.0
0.0
0.0
0.0
0.0
0.0
0.0
0.0
0.0
0.0
0.0
0.0
0.0
0.0
0.0
0.0
0.0
0.0
0.0
0.0
0.0
0.0
0.0
0.0
0.0
0.0
0.0
0.0
0.0
0.0
0.0
0.0
0.0
0.0
0.0
0.0
0.0
0.0
0.0
0.0
0.0
0.0
0.0
0.0
0.0
0.0
0.0
0.0
0.0
0.0
0.0
0.0
0.0
0.0
0.0
0.0
0.0
0.0
0.0
0.0
0.0
0.0
0.0
0.0
0.0
0.0
0.0
0.0
0.0
0.0
0.0
0.0
0.0
0.0
0.0
0.0
0.0
0.0
0.0
0.0
0.0
0.0
0.0
0.0
0.0
0.0
0.0
0.0
0.0
0.0
0.0
0.0
0.0
0.0
0.0
0.0
0.0
0.0
0.0
0.0
0.0
0.0
0.0
0.0
0.0
0.0
0.0
0.0
0.0
0.0
0.0
0.0
0.0
0.0
0.0
0.0
0.0
0.0
0.0
0.0
0.0
0.0
0.0
0.0
0.0
0.0
0.0
0.0
0.0
0.0
0.0
0.0
