0.17255632999827247
0.17255635277049985
0.17255633615559973
0.17255629198465403
0.17255622895819953
0.17255615231147248
0.1725560652961491
0.17255597002488618
0.17255586793567243
0.1725557601091106
0.17255564812594015
0.17255553187731867
0.17255541233761235
0.17255528950364105
0.1725551637567237
0.17255503534433833
0.1725549043381226
0.17255477096056357
0.17255463532363396
0.17255449749218052
0.17255435801432426
0.1725542167196728
0.17255407353102792
0.1725539285225481
0.172553781902864
0.17255363376300967
0.17255348405184223
0.1725533327080538
0.17255317975452572
0.172553025270228
0.17255286932555342
0.17255271224712665
0.1725525536128849
0.17255239345276208
0.1725522318302971
0.1725520688243906
0.17255190444808913
0.17255173873874396
0.1725515717466423
0.17255140343060413
0.1725512337661994
0.17255106282753638
0.17255089050526862
0.17255071667341007
0.17255054153870014
0.17255036517358968
0.17255018764748958
0.17255000893542596
0.17254982899093355
0.17254964779351642
0.17254946534521298
0.17254928170683662
0.1725490969942669
0.17254891123749622
0.17254872457132236
0.17254853675020723
0.17254834773846844
0.17254815752253283
0.17254796608284761
0.17254777342535257
0.1725475795737544
0.17254738458708288
0.17254718853831305
0.1725469914027925
0.17254679313648802
0.17254659379965917
0.1725463935560336
0.17254619212987662
0.1725459895339273
0.17254578576214674
0.1725455808264095
0.17254537476911125
0.17254516763671152
0.17254495943883152
0.17254475013863477
0.1725445396907194
0.1725443280779172
0.1725441152878068
0.1725439014952372
0.17254368675102272
0.17254347095587055
0.1725432540849735
0.1725430361155235
0.17254281705354113
0.17254259689289744
0.1725423756263824
0.17254215324708053
0.17254192972569263
0.17254170503646515
0.17254147919530224
0.1725412521773127
0.17254102415128164
0.17254079498969602
0.17254056477368998
0.17254033342600616
0.17254010098435918
0.172539867568612
0.17253963310742845
0.172539397534862
0.17253916082947976
0.17253892294530548
0.1725386839097249
0.17253844371358343
0.17253820233857248
0.1725379597700469
0.17253771611314322
0.17253747129431934
0.172537225353949
0.1725369782872442
0.1725367300565292
0.1725364806831058
0.17253623025029638
0.17253597872587909
0.1725357260790012
0.17253547237173314
0.1725352175623872
0.17253496159145157
0.17253470442341057
0.17253444605680335
0.1725341866045286
0.17253392597171674
0.1725336641361378
0.17253340110952542
0.1725331369112007
0.172532871543607
0.17253260499192855
0.17253233723866374
0.1725320682761677
0.172531798134391
0.17253152683891468
0.1725312543364843
0.1725309806182811
0.17253070573063944
0.17253042970859797
0.17253015261248114
0.1725298743768113
0.17252959493784012
0.17252931426797327
0.17252903237236028
0.17252874926267836
0.17252846491852472
0.17252817934592998
0.1725278925384906
0.1725276044884581
0.17252731518172404
0.172527024588311
0.17252673279290195
0.17252643977569684
0.17252614552232537
0.1725258499586392
0.17252555324614655
0.17252525532279353
0.17252495609547724
0.17252465564359018
0.17252435398212948
0.17252405099587834
0.17252374673622395
0.1725234412991961
0.17252313461339266
0.17252282659676116
0.17252251728394596
0.1725222066831643
0.17252189477391977
0.17252158156129013
0.17252126699968517
0.17252095124374728
0.17252063412979668
0.17252031571067905
0.17251999603849924
0.17251967492355355
0.17251935252610576
0.1725190287982674
0.17251870375418826
0.1725183773092474
0.1725180495423274
0.17251772047169703
0.17251739004059966
0.1725170582419252
0.17251672506182814
0.17251639056331938
0.17251605470568454
0.1725157175124668
0.17251537891413865
0.17251503900313367
0.1725146978382511
0.17251435543453578
0.17251401151867385
0.17251366624074288
0.17251331948983106
0.1725129713145419
0.1725126217308618
0.17251227070046474
0.1725119182547049
0.17251156435669465
0.17251120900121578
0.17251085220862494
0.17251049392256082
0.17251013421316816
0.17250977311595644
0.1725094105241734
0.17250904650178397
0.17250868100379213
0.17250831391592966
0.1725079455459901
0.17250757565841376
0.17250720440990486
0.17250683172021783
0.17250645752478883
0.1725060818056653
0.1725057046685876
0.17250532603989058
0.17250494591020907
0.17250456433898445
0.17250418124670755
0.17250379654794307
0.1725034103204049
0.17250302260226758
0.17250263326867815
0.17250224230718028
0.17250184989651343
0.17250145588101795
0.17250106023690734
0.1725006631957591
0.1725002645511217
0.1724998643790993
0.17249946257522214
0.17249905914575994
0.17249865426038283
0.1724982477246644
0.17249783955168208
0.17249742979810137
0.1724970184482888
0.17249660544947115
0.1724961907751037
0.17249577447063438
0.17249535658760984
0.17249493708868602
0.17249451588322345
0.17249409297678525
0.17249366852954295
0.1724932424968782
0.17249281478169265
0.1724923853028077
0.17249195425574934
0.17249152160473621
0.17249108729325718
0.17249065113015066
0.1724902133175121
0.1724897739284087
0.1724893328001381
0.1724888898364675
0.1724884452606851
0.17248799900005488
0.17248755092314103
0.17248710104047563
0.1724866494509044
0.17248619616938982
0.17248574111542037
0.17248528423613377
0.17248482551272018
0.17248436496324152
0.17248390265004854
0.1724834385857596
0.1724829727949686
0.17248250524466108
0.17248203580692043
0.1724815643732586
0.1724810912154224
0.1724806163084506
0.1724801396096239
0.1724796610756081
0.1724791805826689
0.17247869820732098
0.17247821415240555
0.17247772815318718
0.1724772403107676
0.17247675074118912
0.17247625933242977
0.1724757659836562
0.1724752707025342
0.17247477356235671
0.1724742746026113
0.17247377372831438
0.17247327079150743
0.1724727657816356
0.17247225882661513
0.17247175000075707
0.17247123929437636
0.1724707266151552
0.17247021188030726
0.17246969512529817
0.17246917645208573
0.17246865587389185
0.17246813335245595
0.17246760876247305
0.17246708213923514
0.17246655342329026
0.17246602261736205
0.1724654898743311
0.17246495513296453
0.17246441837184256
0.17246387953649067
0.1724633386198204
0.17246279566556963
0.17246225050257236
0.17246170326439583
0.17246115407403179
0.17246060284859718
0.17246004956677863
0.17245949419679193
0.17245893667949194
0.1724583769666411
0.17245781509245725
0.1724572511270131
0.17245668511773135
0.17245611700308214
0.17245554665196647
0.1724549740183262
0.1724543991376476
0.17245382211965193
0.17245324301616324
0.17245266181184007
0.17245207832272802
0.17245149258674447
0.17245090457778217
0.1724503142410988
0.17244972165011344
0.1724491269081911
0.17244852997142265
0.17244793077512774
0.17244732930384962
0.17244672556903065
0.1724461195454075
0.1724455111744101
0.17244490047946207
0.17244428750437446
0.1724436721869814
0.17244305451584344
0.17244243457042308
0.17244181234690525
0.17244118778067125
0.17244056076819106
0.1724399312537558
0.1724392993911834
0.17243866520974085
0.17243802864478353
0.17243738965590638
0.1724367482435552
0.17243610439731902
0.17243545809517513
0.17243480932665964
0.17243415811085597
0.17243350452051887
0.17243284845908508
0.1724321898741291
0.1724315287520301
0.1724308651154928
0.17243019900190046
0.1724295304291711
0.17242885938154875
0.17242818583221803
0.1724275097601878
0.17242683115059715
0.17242614999043354
0.17242546625938585
0.17242477991846686
0.17242409092985614
0.17242339931373604
0.17242270513877153
0.17242200831177992
0.17242130879909892
0.17242060670220913
0.17241990199513343
0.17241919464537037
0.1724184846528546
0.17241777200979866
0.1724170566384415
0.17241633849306037
0.17241561763511934
0.17241489409478314
0.17241416784042163
0.17241343883884605
0.17241270709953796
0.17241197265798283
0.17241123557535062
0.1724104956099913
0.17240975284215881
0.1724090073671028
0.1724082591442762
0.17240750803609464
0.17240675400519334
0.17240599710539348
0.1724052373566193
0.172404474776319
0.17240370936504468
0.17240294112056945
0.1724021701405556
0.17240139611239164
0.1724006191089482
0.1723998392136835
0.17239905642864967
0.1723982707483934
0.17239748217315093
0.1723966906821153
0.17239589622520193
0.17239509875980272
0.17239429826139213
0.17239349475490415
0.1723926881416412
0.1723918783625574
0.17239106556256484
0.1723902497510993
0.17238943086313768
0.1723886088995802
0.17238778389535608
0.17238695587273928
0.17238612488618957
0.17238529092533902
0.17238445364717814
0.1723836130787327
0.1723827693474369
0.17238192251181544
0.17238107258740215
0.17238021940596016
0.1723793630128779
0.17237850352569384
0.17237764078477874
0.1723767746420882
0.17237590537961966
0.17237503295422116
0.17237415721306446
0.17237327815613335
0.17237239582728817
0.17237151030374534
0.17237062146832594
0.1723697291967322
0.17236883361169442
0.1723679346168206
0.17236703226939692
0.17236612658070313
0.17236521738234772
0.17236430493556268
0.17236338885201238
0.1723624692481461
0.1723615462779622
0.17236061996293836
0.17235969034248663
0.1723587574713922
0.17235782137383115
0.17235688121785311
0.17235593701335358
0.17235498933762222
0.17235403818657494
0.17235308355729784
0.17235212547220224
0.17235116407283688
0.17235019924821948
0.17234923059307314
0.17234825822519265
0.1723472822821218
0.1723463026458609
0.1723453195430057
0.17234433292078583
0.1723433426366368
0.17234234845933166
0.17234135057859665
0.17234034875080642
0.1723393431977334
0.1723383340915796
0.17233732125163406
0.17233630409576636
0.17233528332595344
0.17233425907218242
0.17233323074281567
0.17233219845390096
0.17233116259920686
0.17233012285088398
0.17232907912496123
0.17232803150252243
0.1723269800756054
0.1723259246175493
0.1723248653413725
0.17232380209458845
0.1723227347444355
0.17232166350797642
0.17232058833167815
0.1723195097853389
0.17231842795784058
0.1723173415699207
0.1723162510328379
0.17231515653546114
0.17231405810286315
0.1723129559054521
0.17231184996565393
0.17231073903439095
0.17230962357245663
0.1723085041019673
0.17230738068644383
0.17230625339488942
0.17230512226436306
0.1723039868391155
0.17230284680932975
0.17230170218516536
0.17230055321912213
0.1722994003422968
0.17229824311810502
0.1722970814235274
0.17229591548819131
0.17229474532841893
0.17229357104993573
0.17229239231394292
0.1722912087815831
0.17229002065018093
0.17228882815350932
0.1722876314072931
0.17228643059716955
0.17228522520923692
0.1722840153199989
0.17228280113368202
0.17228158221020215
0.17228035867971583
0.1722791306137828
0.1722778974183786
0.1722766597225029
0.1722754179041939
0.1722741714285216
0.1722729205326016
0.17227166465902738
0.17227040458437892
0.17226913960768223
0.17226786989333853
0.17226659549306672
0.1722653155341738
0.17226403099538873
0.17226274214294773
0.1722614489225997
0.17226015092527253
0.17225884704910105
0.17225753879283046
0.17225622591721268
0.1722549083602816
0.17225358618605982
0.17225225769775307
0.17225092435649947
0.17224958645381788
0.17224824416795526
0.17224689774578408
0.172245545146942
0.17224418694495966
0.17224282382537623
0.1722414561687315
0.1722400842139791
0.17223870655087462
0.17223732298764236
0.17223593421156452
0.17223454090521326
0.17223314280733507
0.17223173959302662
0.17223033088811615
0.17222891658952777
0.17222749717687388
0.1722260721605168
0.17222464227746767
0.1722232072392566
0.1722217670515344
0.17222032158430092
0.1722188702441614
0.17221741341550442
0.17221595104168844
0.17221448395335115
0.17221301139757975
0.17221153311415682
0.17221004936810105
0.17220855977308336
0.17220706498247082
0.17220556464574813
0.17220405863445237
0.17220254753628517
0.17220103089598973
0.1721995079378979
0.17219797899934794
0.17219644461878056
0.17219490516203947
0.17219336045034264
0.1721918095808244
0.17219025252040554
0.17218868957417324
0.1721871211560818
0.17218554603507846
0.17218396424059484
0.1721823772406908
0.17218078503876563
0.172179186243074
0.17217758052044926
0.1721759690062578
0.17217435242434684
0.17217273077360246
0.17217110269187005
0.17216946725607216
0.1721678259522148
0.1721661796363297
0.17216452764040607
0.17216286772335487
0.17216120203586466
0.1721595310347735
0.17215785477985873
0.17215617141471776
0.1721544802128544
0.1721527834484133
0.17215108174252208
0.17214937621698595
0.17214766338455345
0.1721459431501884
0.17214421708214014
0.17214248582353142
0.1721407480525867
0.17213900323140638
0.17213725175383313
0.1721354945334977
0.17213373050451916
0.17213196025085345
0.17213018288396048
0.1721283994991369
0.1721266086862243
0.17212481207666602
0.1721230091720732
0.1721211995138357
0.1721193817704848
0.17211755793246278
0.17211572797154187
0.17211389212544848
0.17211204867427227
0.17211019637892475
0.17210833711221857
0.17210647292256173
0.17210460219492324
0.1721027237480962
0.17210083827438885
0.17209894592325217
0.17209704684895663
0.1720951406658166
0.1720932281693032
0.17209130842356457
0.17208938109840777
0.17208744624856223
0.17208550555607338
0.1720835590928291
0.17208160465327144
0.17207964213801405
0.1720776732294609
0.1720756979992998
0.17207371516373315
0.17207172401981044
0.1720697258195122
0.17206772109951884
0.1720657090119908
0.17206368895127228
0.1720616618404701
0.1720596275842643
0.17205758541975724
0.17205553521870423
0.17205347819701836
0.1720514146988578
0.17204934254862045
0.17204726147062352
0.17204517388550208
0.17204308079724523
0.172040978681378
0.1720388669415809
0.17203674799929589
0.17203462384067036
0.17203249106972573
0.1720303487986059
0.17202819865682245
0.17202604242457767
0.17202387790676196
0.1720217043903519
0.17201952340731216
0.17201733586939844
0.17201513952035943
0.17201293354273373
0.17201072002761736
0.17200850031376883
0.17200627248193828
0.1720040347071993
0.17200178837249944
0.17199953529962292
0.17199727492861447
0.17199500533790454
0.1719927263378444
0.17199043907081238
0.1719881448912297
0.17198584255582158
0.17198353143304332
0.17198121045223694
0.17197888107256395
0.17197654398049994
0.1719741989197681
0.17197184403861704
0.1719694749158185
0.17196709790365491
0.17196471281881148
0.17196231799503908
0.17195991453634052
0.1719575033297866
0.17195508331179268
0.17195265285669759
0.1719502138290478
0.1719477677867322
0.17194531228359328
0.17194284653843772
0.17194037213633004
0.17193788991206857
0.17193539866478585
0.1719328975994144
0.17193038695238907
0.1719278673701878
0.1719253394234585
0.1719228029374528
0.17192025694900348
0.17191769998415876
0.17191513378100237
0.17191256085396914
0.1719099785118456
0.1719073839832957
0.17190477994349918
0.17190216947387685
0.17189954969558582
0.17189691752392522
0.17189427564929677
0.17189162687357135
0.17188896847755464
0.17188629814732956
0.171883618590641
0.17188093080214084
0.1718782329463939
0.1718755239026293
0.17187280618337758
0.17187007931191953
0.1718673415719444
0.17186459362251336
0.17186183771815772
0.17185907125452365
0.1718562917781716
0.17185350429424448
0.17185070855004925
0.1718479014498241
0.171845081861588
0.1718422545410486
0.1718394183720044
0.17183656960339982
0.17183370923515023
0.17183084178158226
0.17182796492447
0.17182507349724696
0.17182217177474396
0.17181926284716217
0.17181634390378941
0.1718134104349434
0.17181046759037158
0.17180751663473692
0.17180455371252185
0.17180157843236937
0.17179859329194203
0.17179559881541842
0.1717925926170901
0.17178957533426012
0.17178654817480357
0.17178350945818893
0.1717804588601993
0.17177739803605654
0.17177432726891395
0.17177124427566956
0.17176814942244265
0.1717650444669444
0.17176192892592668
0.1717588019851286
0.171755662478405
0.17175251282230278
0.1717493519840097
0.17174617967045847
0.17174299486801037
0.17173979888738333
0.17173659281381642
0.1717333751222962
0.1717301445929721
0.17172690151502865
0.171723652650341
0.1717203922273615
0.17171711806779225
0.17171383244468688
0.17171053677857778
0.17170722917924167
0.17170390645162775
0.1717005736873544
0.1716972306599633
0.17169387430242455
0.17169050455609985
0.17168712425129498
0.17168373308279788
0.17168032719231188
0.171676910279017
0.17167348153718703
0.17167003971347697
0.17166658475828467
0.17166311902470677
0.17165964227463643
0.1716561503310669
0.17165264691033336
0.17164913109429633
0.1716456023923002
0.17164206095547097
0.17163850737237438
0.17163494112724204
0.17163136121366035
0.17162777038714894
0.17162416610456907
0.1716205465091296
0.17161691583367134
0.1716132737609344
0.17160961661590682
0.17160594462163598
0.17160226317436786
0.17159856966066395
0.17159485724654255
0.17159113123752234
0.17158739463992828
0.17158364301717102
0.1715798749387896
0.17157609597834939
0.1715723058452647
0.1715684975854993
0.17156467665249275
0.17156084518893736
0.17155699843404157
0.17155313563469848
0.17154926104269605
0.17154537447956464
0.17154147077080134
0.1715375549485799
0.17153362923969068
0.1715296874878483
0.17152573204760643
0.17152176541383427
0.1715177846974505
0.17151378619683177
0.17150977595399908
0.171505754214632
0.17150170868867973
0.17149765070240036
0.17149358581651716
0.17148950573492125
0.1714854069857526
0.1714812960924895
0.17147717490891046
0.17147303333434094
0.17146887673183925
0.17146471044247297
0.17146052654644858
0.1714563253567485
0.1714521112555897
0.17144788585889664
0.17144364060995337
0.17143937935262288
0.17143510777612328
0.17143081891480882
0.17142651329110958
0.17142219300995
0.17141785962887526
0.17141350922765874
0.1714091420088527
0.17140476161044435
0.1714003639061578
0.1713959502304751
0.17139152237425334
0.1713870768168599
0.17138261624700857
0.17137813927825704
0.17137364689233098
0.1713691382045604
0.1713646145190298
0.17136007583528112
0.1713555194108743
0.17135094734167447
0.1713463544275923
0.17134173704605535
0.17133710559533244
0.17133245782576434
0.17132779336489393
0.17132311292651112
0.17131841650653773
0.17131370272734422
0.17130897148236804
0.17130422591950878
0.1712994632123308
0.17129467813668628
0.1712898807568619
0.1712850680990575
0.17128023515493862
0.17127538488383814
0.17127052137031804
0.17126564013072063
0.17126073565801367
0.17125581807801932
0.1712508877658388
0.17124593230003696
0.17124096094691696
0.17123597554769054
0.17123097180423696
0.1712259469634201
0.1712209065690475
0.17121585190129313
0.17121077504388918
0.17120568048069035
0.1712005708186657
0.17119543954411354
0.17119029298646762
0.17118512781440867
0.1711799431152878
0.17117474028219637
0.17116952023576046
0.17116428209843726
0.17115902295836
0.1711537489207826
0.17114845684471217
0.17114314001121217
0.17113780883254087
0.17113246080096595
0.17112709047188962
0.17112170150035177
0.1711163014119059
0.17111088204978472
0.17110543989764096
0.17109998330976825
0.17109450841658483
0.17108900801437826
0.17108349307381673
0.1710779613270221
0.17107240354047554
0.17106682877662238
0.17106123815668176
0.17105562454848522
0.17104998836499588
0.17104433893874854
0.17103866916331392
0.1710329718372257
0.1710272600444351
0.17102153233601225
0.17101577547837474
0.17101000085495743
0.17100421291703852
0.1709984005542618
0.170992562085482
0.17098670457810555
0.17098082800896716
0.17097492437468498
0.17096900290988154
0.1709630659693952
0.17095710152863391
0.1709511173598857
0.17094511816278188
0.17093909052557074
0.1709330422750052
0.17092697607434765
0.17092088797870747
0.17091477622201434
0.17090864666523514
0.170902505647038
0.17089633999055762
0.17089015335100774
0.17088394513434563
0.17087770832468904
0.17087145421503544
0.17086518454538996
0.17085888748539954
0.17085256657156775
0.17084622938551394
0.1708398707590376
0.17083348234125437
0.1708270757480367
0.1708206518578412
0.1708141957854452
0.17080771827193764
0.17080122558929892
0.1707947038099523
0.17078815767536284
0.17078159365368345
0.17077500762261502
0.17076839407299924
0.17076175911361938
0.17075510579531636
0.17074842292327924
0.17074171614651812
0.1707349914964691
0.17072824042317225
0.17072146546886025
0.17071466518741046
0.17070782848454216
0.170700967816756
0.17069408433936314
0.17068717871526637
0.17068024650912308
0.17067328866162904
0.1706663093068634
0.1706593052179008
0.1706522767007193
0.17064522413542738
0.17063814628775595
0.1706310456519721
0.17062392035361998
0.17061676862335443
0.17060959434344575
0.17060239405136565
0.17059516628056148
0.17058791595003117
0.17058064127106193
0.17057334010656083
0.17056601498740173
0.17055866582568843
0.17055128881703843
0.17054388472113655
0.1705364587834655
0.17052900693232115
0.17052152541592933
0.1705140234609856
0.1705065024702482
0.1704989497850051
0.1704913761679927
0.17048377731321526
0.17047614971588324
0.17046849641738226
0.1704608179127372
0.170453110732927
0.1704453761637277
0.1704376209513694
0.1704298355641369
0.1704220174683625
0.17041418102062406
0.17040631660105382
0.17039841800773337
0.17039049496981562
0.1703825425306596
0.17037455617887648
0.17036654315653232
0.17035850846546205
0.17035044208112596
0.1703423436189925
0.1703342252375379
0.1703260786948287
0.1703178989323008
0.1703097016822261
0.17030147621126554
0.17029321525417063
0.17028492922898436
0.1702766133304658
0.17026827101951286
0.17025990201519045
0.1702515099745684
0.17024308634797825
0.1702346315720243
0.1702261504703425
0.17021763981592797
0.17020909904487877
0.170200530920565
0.17019192891400411
0.17018329686826744
0.17017464248506817
0.17016595399818046
0.1701572317904919
0.17014848718409806
0.17013971139269887
0.17013090063693476
0.17012206432121807
0.17011319897095306
0.17010429563733298
0.17009536522824928
0.17008641191184143
0.17007740660094442
0.1700683611021621
0.17005929439634387
0.17005019115892564
0.1700410500972011
0.17003188983117234
0.17002269638086767
0.17001346194665082
0.17000420428998683
0.16999491727561222
0.16998559075514066
0.16997623463838712
0.16996685262758113
0.16995743230037152
0.16994797795368258
0.1699385025183267
0.16992898913830318
0.1699194373625782
0.1699098658245231
0.16990026394273078
0.16989062154071533
0.16988095767792627
0.16987126009463205
0.16986152073136648
0.1698517529788337
0.16984196065126358
0.16983212551971982
0.16982225437254644
0.16981236189683607
0.1698024269883757
0.16979244468081325
0.16978244295874353
0.16977240058861248
0.1697623139054508
0.1697522048957029
0.16974205961257607
0.1697318752294783
0.16972166489265791
0.16971142555335306
0.16970114453341625
0.16969082710490238
0.1696804820229519
0.1696700921119551
0.16965965473648703
0.16964919259157546
0.16963870399046901
0.16962817918505316
0.1696176297861141
0.16960703703090846
0.16959640325312553
0.1695857450172684
0.1695750446184378
0.1695642995719696
0.1695535271818633
0.16954272715755359
0.16953187447783502
0.1695209873812551
0.16951007673125407
0.1694991169936588
0.16948811535802963
0.1694770925688615
0.16946602705452923
0.1694549117845414
0.1694437551603095
0.16943255694755885
0.16942130501421795
0.16941002702405522
0.16939871680514604
0.16938735349681736
0.1693759476828864
0.16936451663528826
0.16935304792804348
0.16934153075131353
0.16932998379217715
0.16931840288791344
0.16930677082757994
0.16929511384120727
0.1692834311251079
0.16927169402610553
0.16925991991874306
0.16924810550075786
0.1692362554532225
0.16922436340960545
0.1692124247495811
0.16920045048180182
0.16918842427906988
0.16917635527824743
0.16916425945966648
0.1691521179103107
0.16913993725301038
0.16912771857046324
0.16911545673021589
0.16910315173110446
0.16909079691777223
0.1690784182912729
0.16906599398944372
0.16905350104079028
0.16904098511117305
0.1690284248904866
0.16901581893841103
0.16900319369288394
0.1689905238351528
0.16897780523682354
0.1689650430921114
0.1689522539552188
0.16893940773182978
0.16892651088345795
0.1689135900369004
0.16890062520312388
0.16888759671728756
0.16887454259881285
0.168861453863912
0.16884828946206365
0.16883510248236194
0.1688218751901249
0.1688085567846293
0.16879519660420544
0.1687818057335176
0.1687683651238884
0.16875486343172735
0.16874133941537273
0.1687277708066009
0.1687141347193825
0.16870048946754845
0.16868680024109023
0.1686730361665171
0.1686592438307196
0.16864542522042414
0.16863153050593424
0.16861758393997409
0.16860360678088862
0.1685895704192155
0.16857548491195262
0.1685613729402318
0.1685472079162264
0.16853297648992324
0.16851871703718396
0.16850440867404032
0.16849003686811598
0.16847562419433942
0.1684611836163041
0.1684466579277167
0.1684320800974541
0.16841749000957804
0.16840282899770306
0.16838812818049712
0.16837339787323055
0.16835861401887872
0.16834377420814647
0.1683288859196696
0.16831396199822546
0.16829898076944189
0.16828393947811152
0.16826886235856528
0.16825372531654223
0.16823854482221406
0.16822331946446953
0.1682080277966462
0.16819269273432844
0.16817727258243986
0.16816178821981378
0.16814627037870647
0.16813069462440103
0.16811507520199553
0.16809941412512028
0.16808371400365885
0.1680679489477235
0.16805212327282165
0.16803626023980064
0.16802032999169111
0.1680043270208108
0.16798830279090268
0.1679722262021214
0.16795606339021726
0.1679398657203981
0.16792363251412515
0.16790732323094662
0.16789095763585588
0.16787456224327527
0.16785809245033453
0.16784154223601067
0.167824963519157
0.16780834058772387
0.16779163591850374
0.16777489903921058
0.16775813297984546
0.16774128386273168
0.16772439148782345
0.16770745827436176
0.16769044996805121
0.16767338368320453
0.16765627898794225
0.16763910788583883
0.1676218651992418
0.16760458743398074
0.16758725289371756
0.1675698368987836
0.16755234881040992
0.1675348086197077
0.1675172014554398
0.16749955375748946
0.16748185818172326
0.16746406480632206
0.16744622426934364
0.16742834432703776
0.16741039424538814
0.16739237412545407
0.1673743106855312
0.1673561841426024
0.16733798283721887
0.1673197426566454
0.16730144886100975
0.1672830722781361
0.16726464148426937
0.16724614502714238
0.16722756555097124
0.16720894052012633
0.1671902722953005
0.16717153646748467
0.16715273906437159
0.16713390249482524
0.1671150031716203
0.16709602996168113
0.16707701239065556
0.1670579300715284
0.16703876926765485
0.1670195603981213
0.1670002844932318
0.166980937051381
0.16696153701864705
0.1669420667291835
0.16692250415931137
0.1669028794873173
0.16688319638683047
0.1668634367440647
0.16684360595947725
0.16682373119942673
0.1668037816238234
0.16678375543488805
0.16676368747758824
0.16674355035320318
0.16672332822930586
0.1667030534539635
0.16668272257730696
0.16666228493502563
0.1666417754791802
0.16662122549711741
0.16660061466368895
0.16657992078119652
0.16655917869275205
0.16653837672932442
0.16651750036541274
0.16649657099289936
0.16647558180536473
0.16645450982897753
0.16643336664356925
0.16641216693464328
0.16639089464907308
0.16636954474359358
0.16634815452986498
0.16632668199209463
0.1663050887529274
0.16628342905302643
0.16626171440382695
0.1662399196348531
0.1662180476259658
0.16619609322789733
0.16617408603533398
0.16615200806897304
0.16612984492077726
0.1661076302337508
0.1660853255129968
0.16606292441645837
0.16604046745575096
0.16601794660948058
0.16599535282087166
0.16597266719935508
0.1659499314364503
0.16592714243776227
0.16590425275031176
0.16588132105865236
0.16585831567739856
0.16583520887486994
0.16581204541272354
0.16578883924539375
0.1657655582277928
0.16574217199750313
0.16571873223835645
0.16569517725310645
0.16567149598152334
0.1656477746692343
0.16562399431818506
0.16560008233131152
0.1655761320917559
0.16555210191975375
0.16552799113168384
0.1655037703058621
0.16547949870697662
0.16545514226442473
0.1654306729090977
0.16540617632645996
0.1653816045008639
0.1653569045305435
0.16533215395862302
0.16530736612197644
0.16528246582374123
0.16525748857515155
0.16523247855757078
0.1652073947819815
0.16518219026448916
0.16515694331289033
0.16513161733069168
0.16510615688577782
0.16508059150717191
0.16505497481783732
0.16502921540364
0.16500338727562733
0.16497751413070702
0.16495154278617458
0.16492545346299758
0.1648993026012806
0.1648730620397302
0.1648466989974011
0.1648202884366748
0.16479382389467995
0.16476722625581577
0.1647405459177278
0.16471383583561272
0.1646870494584392
0.16466016843858486
0.16463323350742212
0.16460619646595123
0.16457905614845086
0.16455183917380062
0.16452456480214503
0.16449716431862307
0.16446962329088044
0.16444202164534488
0.1644142978790813
0.16438649839892044
0.16435861652187966
0.16433062255236613
0.16430252138613377
0.1642743338925286
0.16424608416422326
0.1642177269808982
0.1641893059971815
0.1641608089169146
0.1641321829812011
0.16410350553525435
0.1640747627773963
0.1640459283472491
0.16401700550314097
0.16398800444607234
0.16395889397068797
0.16392967734029132
0.16390041394807964
0.16387099202462357
0.16384142188668227
0.16381179438608232
0.1637820646383157
0.1637521873801827
0.16372222636660236
0.16369220892056985
0.16366207694562346
0.16363184865156716
0.1636015816023542
0.16357120326918148
0.1635406622417272
0.16351010089990595
0.1634794968818946
0.16344874874797502
0.16341790225210365
0.16338700563815056
0.16335598860008502
0.16332484711171558
0.16329366501619316
0.16326231297203792
0.1632307849929465
0.16319917346732746
0.16316748121216632
0.16313564673880443
0.16310371766839532
0.16307176475909063
0.16303970111344981
0.16300749293200426
0.16297521511517082
0.16294286279411807
0.16291036989148205
0.16287782218476188
0.16284521011822103
0.1628124758223304
0.16277961981725628
0.16274669391013508
0.16271365061972737
0.1626804637234129
0.16264714825943455
0.16261368415644695
0.16258009888813535
0.16254643168842298
0.1625127011821825
0.1624788531237161
0.16244485261225028
0.16241081023348997
0.16237666255373545
0.1623423764645605
0.16230804579283067
0.16227362168680956
0.16223905493594032
0.16220438571913562
0.16216965899874064
0.1621347935934322
0.16209979187532336
0.16206467202750355
0.16202938218204124
0.16199396426922447
0.16195845951656856
0.1619228886589578
0.16188714614392855
0.16185130261504735
0.16181541479637596
0.1617793916495756
0.1617432319705862
0.16170702652899935
0.16167070861188
0.1616342540968448
0.16159769014379302
0.16156104541906374
0.16152429720260814
0.1614874003758934
0.16145032799106662
0.16141311807704187
0.1613757575263913
0.1613383246189867
0.1613007955017246
0.1612631311888182
0.1612253554907007
0.16118751041386228
0.16114952679630498
0.16111142400598172
0.1610732797636513
0.16103498633202679
0.16099658167304023
0.1609580753233197
0.16091944824294485
0.16088064954936182
0.160841607779878
0.16080250827155626
0.16076330216189527
0.16072396014753249
0.16068451258514113
0.16064497834647187
0.16060531382574592
0.16056547631559856
0.16052560165556012
0.1604856920623212
0.16044560336829097
0.16040539508085105
0.16036501411256116
0.16032456309165607
0.16028384430138182
0.16024295464878321
0.1602020635955472
0.1601610192534642
0.1601198181290906
0.1600784857266199
0.1600371235323201
0.159995593930389
0.159953922843029
0.15991222714415776
0.1598704226337343
0.15982843642517927
0.15978623064160194
0.1597439651947823
0.15970151992635895
0.15965884595386304
0.15961613106009415
0.15957333421132538
0.15953036379976054
0.1594872216471001
0.1594440653284422
0.15940077878408054
0.15935730052303354
0.15931375687015392
0.15927007525459827
0.15922616992385724
0.1591821029066778
0.15913799540196877
0.15909374785030267
0.15904926451277976
0.15900469124725872
0.15896005257794207
0.15891524234953888
0.1588702746368799
0.15882522605116564
0.15878004783978467
0.15873468326136114
0.15868914468643014
0.15864350481078032
0.15859771088350036
0.1585518453456179
0.15850583985332065
0.15845964962421585
0.15841328321052883
0.15836682647297015
0.15832023824470615
0.1582734700003288
0.1582265683002891
0.15817955257958122
0.15813234266004544
0.15808495306891807
0.15803753288465763
0.15799003576193224
0.1579423811607708
0.15789446972178797
0.15784645705334616
0.15779828942299212
0.1577499417105467
0.1577014831772211
0.15765284433114174
0.15760400574486222
0.15755504748451796
0.15750605137720525
0.15745694047688993
0.15740769700417798
0.15735831460283609
0.15730869537809247
0.15725889606337914
0.1572089449769054
0.15715884830112678
0.1571085710767844
0.1570580746372148
0.1570075190940404
0.15695691855780683
0.15690616489768466
0.1568552951051474
0.1568043187441965
0.15675307264853763
0.1567016197532197
0.15665000679253485
0.15659822387144987
0.15654624460277206
0.15649410015438942
0.15644200089976573
0.15638969876725825
0.1563372722878749
0.15628475467906158
0.15623207504013
0.1561791470274778
0.15612597923852872
0.15607267212344683
0.156019126030005
0.1559654190685574
0.15591170276510663
0.15585787495084533
0.1558038277597512
0.1557497293012182
0.15569555307994337
0.15564108255392198
0.15558629316452746
0.15553141088389247
0.1554763486998651
0.15542101438358616
0.1553656488257423
0.15531031284283836
0.15525468665732015
0.1551988879181558
0.15514304196107753
0.1550870649047783
0.15503068454083113
0.15497408191996181
0.1549174142988405
0.15486061830241485
0.15480355877365046
0.15474644530026524
0.15468935284534752
0.15463197026241213
0.15457431928832135
0.15451660612182488
0.15445874218280592
0.15440048050845798
0.1543420744321265
0.15428368690113736
0.15422503392420878
0.15416623981467664
0.1541073199251426
0.1540483240098526
0.15398907712572507
0.1539296360688847
0.15386996974427003
0.1538101521150932
0.15375009681504545
0.15368988367870012
0.1536296379640085
0.1535691316031763
0.15350849111575918
0.1534477312117414
0.15338688805196668
0.15332567748844186
0.15326423557022412
0.1532027169464176
0.15314094178581927
0.15307891667049797
0.15301690784151656
0.15295479585641614
0.15289245265434676
0.15282992078265148
0.1527672532792399
0.15270426992570724
0.15264102742716737
0.1525775803939628
0.15251416395519252
0.15245058433264502
0.15238674627366453
0.1523228154196776
0.15225877136887725
0.15219441622698293
0.1521297032518435
0.1520648745670091
0.1519999105722119
0.15193482794502644
0.1518695795830095
0.15180424955629632
0.15173868633897158
0.15167290907113126
0.15160681629165426
0.1515405408778567
0.1514740802005266
0.15140745724918098
0.15134075209238904
0.15127393218435137
0.151206890069672
0.1511396518180729
0.15107217751818813
0.15100436256894767
0.15093640349019893
0.15086827641000905
0.15080008863388147
0.15073178441673143
0.15066323443099222
0.1505944699539982
0.15052554465551124
0.15045622152769902
0.15038670628974873
0.15031707861660387
0.15024745255209465
0.15017762630201464
0.15010748112439085
0.15003719553373554
0.14996670327922965
0.14989582680609267
0.14982479111898098
0.14975369425866292
0.1496825971089444
0.14961115647894999
0.14953943157197805
0.14946753847705943
0.14939546647840077
0.14932309324171197
0.14925056816272583
0.14917801092764907
0.1491052263917093
0.14903214635929382
0.14895881471563585
0.14888540061275063
0.14881173595827504
0.14873791163399566
0.14866377969876712
0.14858955053251746
0.1485151975826187
0.1484404716895753
0.14836550980415672
0.14829055337169472
0.14821547377912989
0.14813986370835142
0.14806404864391323
0.14798819684286682
0.14791219280001225
0.14783592155474168
0.14775954872352529
0.14768289418395109
0.14760593016322118
0.147528714935622
0.14745134303985954
0.1473739553990259
0.1472962896768755
0.1472185200593716
0.14714029392921307
0.14706188990927352
0.14698326266724085
0.14690449936470087
0.14682555875792244
0.14674655425913175
0.1466673165793774
0.146587576494011
0.14650764740212224
0.14642764794893523
0.14634739587711496
0.14626701954261123
0.14618658987647445
0.1461058105981449
0.14602452412442682
0.1459431565918448
0.14586176583080493
0.14578006219850603
0.14569821337406846
0.1456162163489913
0.14553392376517765
0.14545119015384705
0.145368309681987
0.14528530276044138
0.145202290759426
0.14511893638384654
0.14503533675228444
0.14495136010813126
0.14486725699776662
0.1447829153038879
0.14469840115427457
0.1446138356128431
0.14452904362677518
0.14444381829816977
0.1443581931132675
0.14427259571471665
0.14418687244507433
0.14410095945754334
0.14401476833407995
0.1439283342818035
0.1438413739129327
0.1437544106763694
0.14366738803938053
0.1435801645729406
0.14349260893635693
0.14340473056688974
0.14331653458801427
0.1432283722166917
0.14313990678284425
0.14305123489445368
0.1429623163878765
0.14287319160713022
0.1427836151873826
0.14269400181999387
0.14260433169410688
0.14251433169722233
0.1424238120037845
0.14233342895149131
0.1422426989334371
0.14215183043172042
0.14206046348920867
0.1419688762320674
0.14187743306386041
0.14178572778272613
0.14169334516984897
0.14160096047432066
0.14150836129869973
0.14141567203558947
0.14132264279641119
0.1412293098992812
0.14113581225884828
0.14104204220234495
0.14094795191170578
0.14085380761843624
0.1407596270190677
0.1406649053041199
0.1405697092653642
0.14047447205811864
0.1403793028349688
0.1402839302925011
0.1401879533610105
0.14009158943516314
0.13999530107281846
0.13989895259172402
0.13980221336891593
0.13970516945411374
0.1396077125316665
0.13951026254634988
0.13941255923726434
0.1393146152874122
0.13921645766639484
0.13911789416260992
0.13901912661904772
0.1389202025040263
0.1388211574791916
0.1387217689799927
0.13862198827159652
0.13852198139695285
0.13842195013915667
0.13832165965182558
0.13822092553703855
0.138119997843093
0.1380188884435813
0.13791767495996088
0.13781599159125701
0.13771396008864265
0.13761199136187635
0.13750969920293088
0.13740706729329177
0.13730416973751475
0.13720097975072562
0.13709784424971702
0.1369942406575916
0.13689031228061732
0.13678622780416258
0.1366819001649735
0.13657753949173068
0.13647254996829927
0.13636749857959954
0.13626199940036512
0.13615660747877348
0.13605081797853114
0.1359446955689194
0.13583822041499058
0.13573172552692256
0.13562496123975099
0.13551798472437301
0.13541044878758937
0.13530283598635567
0.1351950862262315
0.1350870094080295
0.134978637614322
0.13486997261339126
0.1347611909714084
0.13465204313186233
0.13454268135811367
0.13443312895289705
0.13432329027557008
0.13421302401561214
0.13410264283707607
0.13399217533909238
0.13388127365528182
0.13376990417510293
0.1336585229178774
0.13354694894186267
0.1334351292277837
0.13332265926079245
0.13321022786034564
0.13309757809124106
0.132984777507766
0.13287133343845078
0.1327578159449547
0.13264400831122886
0.13253018015454604
0.13241585055421462
0.13230128294138593
0.13218632195381194
0.13207135372364517
0.13195609793511306
0.13184051889107265
0.13172452052758196
0.1316082906436796
0.1314920578590156
0.13137556663412675
0.13125855510849424
0.13114113634957744
0.13102371461525159
0.13090624803601772
0.13078830491942853
0.13066983906121046
0.13055113126695048
0.1304324993423712
0.13031365684138752
0.1301942475229557
0.13007437744747014
0.12995456431709074
0.12983463397407063
0.12971428164393492
0.1295933986308408
0.12947236358514916
0.1293513505785377
0.12922998736136193
0.12910805052148408
0.128985844409168
0.12886385678922208
0.1287412737756043
0.1286182158023754
0.1284950085508812
0.12837201141299562
0.12824813204214225
0.12812398158411897
0.12799975972579444
0.12787552266023203
0.12775057699260736
0.12762521391410986
0.12750007756665313
0.12737458603053797
0.1272485544619434
0.12712223634698697
0.126995934207383
0.1268692788131647
0.12674194758004634
0.1266147739774018
0.12648735212476195
0.12635939713102096
0.1262309555133669
0.126102854409231
0.12597420299359693
0.1258449542030465
0.1257155689670638
0.12558642168949244
0.12545639571036593
0.12532608549379243
0.12519592323145293
0.12506517161735498
0.12493400114314934
0.1248028688078669
0.12467140869733666
0.12453924021694986
0.12440739279731897
0.12427506566400391
0.12414202330551631
0.12400897250218613
0.1238761410871178
0.12374235822288365
0.12360815391976455
0.12347420754407819
0.12333989185151832
0.12320497610071374
0.12306989952643825
0.12293466001113501
0.12279886466418087
0.12266306856172796
0.12252687099443867
0.12239027140745297
0.12225332195474367
0.12211632809981154
0.12197913949407366
0.12184120053286532
0.12170309255349152
0.1215647371552936
0.12142644234673386
0.12128758184330889
0.12114802333276209
0.12100852994667693
0.12086899016314609
0.1207288622998635
0.12058836697355058
0.12044775709647025
0.12030656744623441
0.12016541131343682
0.1200240524928758
0.1198819621893426
0.11973947755750712
0.11959696804614368
0.11945453147368637
0.11931129858568705
0.11916752219754352
0.11902398969598618
0.11887994859976111
0.11873545241735402
0.11859100396603547
0.11844586036468943
0.11830032554717829
0.11815497805407914
0.11800927648347209
0.11786275773221544
0.117716075506081
0.11756954425887645
0.11742218526332049
0.11727462182797338
0.11712704021829141
0.11697873251617778
0.11683024620471841
0.1166816946404591
0.11653250792413868
0.11638298413448948
0.11623349518571977
0.11608346227787994
0.11593296982868413
0.11578222490911118
0.11563136208649175
0.11548020072158267
0.11532841110880547
0.11517649266595881
0.11502423809305899
0.11487145680667095
0.11471875914380884
0.11456564918931259
0.1144118628659709
0.11425791792819016
0.11410383666046583
0.11394913335405533
0.11379446648877606
0.1136391395783251
0.11348343971068768
0.11332772944296848
0.11317138999784859
0.11301496931882866
0.1128580413877653
0.112700875363463
0.11254331484410104
0.11238514517211712
0.11222743545840107
0.11206860281755796
0.11190954150152327
0.11175081495521375
0.111590649584398
0.11143095962040658
0.11127105592281707
0.11110984752773363
0.11094929747566115
0.11078806056722978
0.11062602692824146
0.11046458795114894
0.11030194660919868
0.11013914184533517
0.10997654232734609
0.10981298714733408
0.10964929633780883
0.10948518160824348
0.10932053596965093
0.10915615387860425
0.1089911189821751
0.10882560250536498
0.10865957070640062
0.1084930890137276
0.10832699331179796
0.10816009958909223
0.10799289970309724
0.10782507658577785
0.1076566486226061
0.10748885811521056
0.10732007735292975
0.10715108201078312
0.1069816870987392
0.10681127653298256
0.10664140941410438
0.10647116164373224
0.10630012575138431
0.10612904595865488
0.10595693569901649
0.10578496302238198
0.10561296509878314
0.10543993465068065
0.10526688113540653
0.10509338315219283
0.10491927309684577
0.10474536020586955
0.10457046811632123
0.10439531081596755
0.10422003730997102
0.10404402783764462
0.10386825890139124
0.10369143824559665
0.10351432349394803
0.10333695044820741
0.10315931364192461
0.10298127390706306
0.10280264228447276
0.10262378545086878
0.10244415376096112
0.10226496273032987
0.10208450819255122
0.10190425671413861
0.10172313433380795
0.10154188452065568
0.1013604232886847
0.10117813063771433
0.10099570060442119
0.10081255388347773
0.10062937445430775
0.10044553434747397
0.10026153027618688
0.10007673387860919
0.09989191287088732
0.09970649394457412
0.09952065331508846
0.09933463994137443
0.09914747459039466
0.09896077358405347
0.09877302832726316
0.09858539747091487
0.09839703224036347
0.09820797825041165
0.0980189552011481
0.09782922246982831
0.09763945224949222
0.09744879672413566
0.09725781372285376
0.09706630991061962
0.09687450349125888
0.0966824585594087
0.0964900418427991
0.09629658921687428
0.09610288406130289
0.09590871595076746
0.0957144102968188
0.09551984207463854
0.09532411701118029
0.09512845439779487
0.09493147421136461
0.09473550940567575
0.09453791473960908
0.09434100366779416
0.09414208802612752
0.09394379845390802
0.09374413977206683
0.09354507557644068
0.093345022899527
0.0931447280435575
0.09294355077014632
0.09274197511333758
0.09254008910803387
0.0923376645279375
0.09213494780979822
0.0919313436483965
0.09172759835903727
0.09152297718096034
0.09131847916958538
0.09111292788784467
0.09090718798763653
0.09070071821741228
0.0904938799272665
0.09028666921308229
0.09007866075138962
0.08987051798737629
0.08966109807759899
0.08945215610940935
0.08924175674849281
0.08903214604329156
0.08882048609951941
0.08860966602998141
0.0883967962100395
0.08818490430978435
0.08797142674449729
0.08775825479460908
0.0875437643980954
0.08732934892416548
0.08711372840776817
0.08689818521927424
0.08668173887807656
0.08646503424372524
0.08624731751638522
0.08602949164455302
0.08581061935422621
0.08559182632276746
0.08537174594452175
0.08515191842836468
0.08493064076593898
0.08470947109167729
0.08448700392016179
0.08426480751489987
0.08404131069389031
0.08381772018097046
0.0835933836246773
0.08336809106948262
0.08314266761671639
0.08291598874348774
0.08268967770744817
0.0824618970174849
0.08223441332489742
0.08200513429658449
0.08177619138927968
0.08154556161200761
0.08131537544502793
0.08108417024902277
0.08085267344415045
0.08062033924279043
0.08038684207020602
0.08015301486759213
0.07991800854812603
0.07968335113134875
0.07944730278207225
0.07921138335484663
0.0789738252476507
0.07873581672664019
0.07849692504197917
0.07825768035756865
0.07801785213704754
0.07777739936035533
0.07753619040258103
0.07729400800565309
0.07705090344694007
0.07680745568917925
0.07656311634592702
0.07631815006997948
0.07607254671083762
0.07582572344946246
0.07557853968693885
0.07533017507380209
0.07508162470888356
0.0748320290765047
0.07458152334827606
0.07433031501238577
0.07407820754892448
0.07382552982182065
0.07357186777475433
0.07331789873149132
0.073062211871252
0.07280598439682281
0.07254922313261318
0.07229110015211047
0.07203295924225442
0.07177299517969411
0.07151355619040083
0.07125119914035968
0.07099032469749444
0.0707262726593663
0.07046286328350529
0.07019776438688696
0.06993203131309894
0.06966599754425436
0.06939732694816916
0.0691301919268727
0.06885956137868894
0.06858994467640943
0.0683184249550561
0.06804536376774437
0.06777286729119211
0.06749768082415437
0.06722295617283063
0.06694660032292092
0.06666891740108824
0.06639091297019242
0.06611074727470463
0.0658300350211607
0.06554839485961157
0.0652657473982311
0.06498184451893972
0.06469711071571818
0.06441099386544323
0.0641238145740348
0.06383512842932368
0.0635449059123135
0.06325468353191831
0.06296277558961867
0.0626701339464061
0.062375772805169406
0.06207999688470034
0.061783153397755884
0.061484401622084274
0.06118539569521202
0.06088461507732356
0.0605831239635247
0.060280130015856886
0.05997501796637645
0.059669068893754465
0.05936141395158491
0.05905262455986813
0.05874256793074085
0.05843079932572716
0.058118191348084366
0.057803828071995376
0.05748738089633794
0.05716998755084043
0.056850406796715644
0.056529643797109265
0.05620794032363348
0.05588379999384941
0.05555830238068246
0.05523119133466377
0.054902316714935416
0.05457165859101866
0.054238881512520536
0.05390509507890541
0.053569003623345844
0.05323103714121353
0.05289202131407635
0.05254982784597773
0.05220637263959801
0.05186132836988793
0.05151340903791351
0.05116403188471367
0.05081257241848208
0.05045850714117204
0.05010286719031134
0.04974499331348405
0.04938430632160166
0.04902174855638037
0.04865718539137476
0.048289542288512885
0.04791972825609849
0.04754754569278968
0.0471724538247418
0.04679509898863719
0.04641501531288481
0.04603188182656713
0.04564654622330329
0.04525817502641393
0.04486645983276837
0.04447194096361866
0.04407436910965655
0.0436735547918654
0.043269418520560717
0.04286191897770759
0.042451136853247806
0.04203694510077444
0.04161901179643542
0.04119720557798487
0.04077159533284447
0.04034212563933989
0.03990846339584735
0.03947045717752645
0.039028044491237146
0.0385813531429915
0.0381298065843749
0.03767351340533182
0.03721244220497333
0.03674612870315238
0.03627426911078756
0.03579700450055837
0.035313791691184926
0.034824331947588674
0.034328794319798364
0.03382641750173115
0.03331713387308704
0.03280125791652422
0.03227809217731536
0.03174704182981371
0.03120802413245901
0.03066029192266241
0.030103473943303944
0.02953727816249621
0.028960542484120565
0.028372959671231438
0.02777428630016879
0.027163579623292022
0.026539974550484492
0.0259026684427502
0.025249935677213845
0.02458073773863738
0.023894040076922293
0.023187652408386314
0.022460425610393374
0.021710742090662212
0.020936166809019007
0.02013367046987903
0.01930005536972853
0.0184309775183876
0.017520359743301763
0.016561455307428447
0.015545167895692758
0.014458573246583062
0.013285332263649894
0.012000065463589253
0.010561761533572083
0.008898078519342096
0.006848351916980729
0.003832555767201621
0.0
0.0
0.0
0.0
0.0
0.0
0.0
0.0
0.0
0.0
0.0
0.0
0.0
0.0
0.0
0.0
0.0
0.0
0.0
0.0
0.0
0.0
0.0
0.0
0.0
0.0
0.0
0.0
0.0
0.0
0.0
0.0
0.0
0.0
0.0
0.0
0.0
0.0
0.0
0.0
0.0
0.0
0.0
0.0
0.0
0.0
0.0
0.0
0.0
0.0
0.0
0.0
0.0
0.0
0.0
0.0
0.0
0.0
0.0
0.0
0.0
0.0
0.0
0.0
0.0
0.0
0.0
0.0
0.0
0.0
0.0
0.0
0.0
0.0
0.0
0.0
0.0
0.0
0.0
0.0
0.0
0.0
0.0
0.0
0.0
0.0
0.0
0.0
0.0
0.0
0.0
0.0
0.0
0.0
0.0
0.0
0.0
0.0
0.0
0.0
0.0
0.0
0.0
0.0
0.0
0.0
0.0
0.0
0.0
0.0
0.0
0.0
0.0
0.0
0.0
0.0
0.0
0.0
0.0
0.0
0.0
0.0
0.0
0.0
0.0
0.0
0.0
0.0
0.0
0.0
0.0
0.0
0.0
0.0
0.0
0.0
0.0
0.0
0.0
0.0
0.0
0.0
0.0
0.0
0.0
0.0
0.0
0.0
0.0
0.0
0.0
0.0
0.0
0.0
0.0
0.0
0.0
0.0
0.0
0.0
0.0
0.0
0.0
0.0
0.0
0.0
0.0
0.0
0.0
0.0
0.0
0.0
0.0
0.0
0.0
0.0
0.0
0.0
0.0
0.0
0.0
0.0
0.0
0.0
0.0
0.0
0.0
0.0
0.0
0.0
0.0
0.0
0.0
0.0
0.0
0.0
0.0
0.0
0.0
0.0
0.0
0.0
0.0
0.0
0.0
0.0
0.0
0.0
0.0
0.0
0.0
0.0
0.0
0.0
0.0
0.0
0.0
0.0
0.0
0.0
0.0
0.0
0.0
0.0
0.0
0.0
0.0
0.0
0.0
0.0
0.0
0.0
0.0
0.0
0.0
0.0
0.0
0.0
0.0
0.0
0.0
0.0
0.0
0.0
0.0
0.0
0.0
0.0
0.0
0.0
0.0
0.0
0.0
0.0
0.0
0.0
0.0
0.0
0.0
0.0
0.0
0.0
0.0
0.0
0.0
0.0
0.0
0.0
0.0
0.0
0.0
0.0
0.0
0.0
0.0
0.0
0.0
0.0
0.0
0.0
0.0
0.0
0.0
0.0
0.0
0.0
0.0
0.0
0.0
0.0
0.0
0.0
0.0
0.0
0.0
0.0
0.0
0.0
0.0
0.0
0.0
0.0
0.0
0.0
0.0
0.0
0.0
0.0
0.0
0.0
0.0
0.0
0.0
0.0
0.0
0.0
0.0
0.0
0.0
0.0
0.0
0.0
0.0
0.0
0.0
0.0
0.0
0.0
0.0
0.0
0.0
0.0
0.0
0.0
0.0
0.0
0.0
0.0
0.0
0.0
0.0
0.0
0.0
0.0
0.0
0.0
0.0
0.0
0.0
0.0
0.0
0.0
0.0
0.0
0.0
0.0
0.0
0.0
0.0
0.0
0.0
0.0
0.0
0.0
0.0
0.0
0.0
0.0
0.0
0.0
0.0
0.0
0.0
0.0
0.0
0.0
0.0
0.0
0.0
0.0
0.0
0.0
0.0
0.0
0.0
0.0
0.0
0.0
0.0
0.0
0.0
0.0
0.0
0.0
0.0
0.0
0.0
0.0
0.0
0.0
0.0
0.0
0.0
0.0
0.0
0.0
0.0
0.0
0.0
0.0
0.0
0.0
0.0
0.0
0.0
0.0
0.0
0.0
0.0
0.0
0.0
0.0
0.0
0.0
0.0
0.0
0.0
0.0
0.0
0.0
0.0
0.0
0.0
0.0
0.0
0.0
0.0
0.0
0.0
0.0
0.0
0.0
0.0
0.0
0.0
0.0
0.0
0.0
0.0
0.0
0.0
0.0
0.0
0.0
0.0
0.0
0.0
0.0
0.0
0.0
0.0
0.0
0.0
0.0
0.0
0.0
0.0
0.0
0.0
0.0
0.0
0.0
0.0
0.0
0.0
0.0
0.0
0.0
0.0
0.0
0.0
0.0
0.0
0.0
0.0
0.0
0.0
0.0
0.0
0.0
0.0
0.0
0.0
0.0
0.0
0.0
0.0
0.0
0.0
0.0
0.0
0.0
0.0
0.0
0.0
0.0
0.0
0.0
0.0
0.0
0.0
0.0
0.0
0.0
0.0
0.0
0.0
0.0
0.0
0.0
0.0
0.0
0.0
0.0
0.0
0.0
0.0
0.0
0.0
0.0
0.0
0.0
0.0
0.0
0.0
0.0
0.0
0.0
0.0
0.0
0.0
0.0
0.0
0.0
0.0
0.0
0.0
0.0
0.0
0.0
0.0
0.0
0.0
0.0
0.0
0.0
0.0
0.0
0.0
0.0
0.0
0.0
0.0
0.0
0.0
0.0
0.0
0.0
0.0
0.0
0.0
0.0
0.0
0.0
0.0
0.0
0.0
0.0
0.0
0.0
0.0
0.0
0.0
0.0
0.0
0.0
0.0
0.0
0.0
0.0
0.0
0.0
0.0
0.0
0.0
0.0
0.0
0.0
0.0
0.0
0.0
0.0
0.0
0.0
0.0
0.0
0.0
0.0
0.0
0.0
0.0
0.0
0.0
0.0
0.0
0.0
0.0
0.0
0.0
0.0
0.0
0.0
0.0
0.0
0.0
0.0
0.0
0.0
0.0
0.0
0.0
0.0
0.0
0.0
0.0
0.0
0.0
0.0
0.0
0.0
0.0
0.0
0.0
0.0
0.0
0.0
0.0
0.0
0.0
0.0
0.0
0.0
0.0
0.0
0.0
0.0
0.0
0.0
0.0
0.0
0.0
0.0
0.0
0.0
0.0
0.0
0.0
0.0
0.0
0.0
0.0
0.0
0.0
0.0
0.0
0.0
0.0
0.0
0.0
0.0
0.0
0.0
0.0
0.0
0.0
0.0
0.0
0.0
0.0
0.0
0.0
0.0
0.0
0.0
0.0
0.0
0.0
0.0
0.0
0.0
0.0
0.0
0.0
0.0
0.0
0.0
0.0
0.0
0.0
0.0
0.0
0.0
0.0
0.0
0.0
0.0
0.0
0.0
0.0
0.0
0.0
0.0
0.0
0.0
0.0
0.0
0.0
0.0
0.0
0.0
0.0
0.0
0.0
0.0
0.0
0.0
0.0
0.0
0.0
0.0
0.0
0.0
0.0
0.0
0.0
0.0
0.0
0.0
0.0
0.0
0.0
0.0
0.0
0.0
0.0
0.0
0.0
0.0
0.0
0.0
0.0
0.0
0.0
0.0
0.0
0.0
0.0
0.0
0.0
0.0
0.0
0.0
0.0
0.0
0.0
0.0
0.0
0.0
0.0
0.0
0.0
0.0
0.0
0.0
0.0
0.0
0.0
0.0
0.0
0.0
0.0
0.0
0.0
0.0
0.0
0.0
0.0
0.0
0.0
0.0
0.0
0.0
0.0
0.0
0.0
0.0
0.0
0.0
0.0
0.0
0.0
0.0
0.0
0.0
0.0
0.0
0.0
0.0
0.0
0.0
0.0
0.0
0.0
0.0
0.0
0.0
0.0
0.0
0.0
0.0
0.0
0.0
0.0
0.0
0.0
0.0
0.0
0.0
0.0
0.0
0.0
0.0
0.0
0.0
0.0
0.0
0.0
0.0
0.0
0.0
0.0
0.0
0.0
0.0
0.0
0.0
0.0
0.0
0.0
0.0
0.0
0.0
0.0
0.0
0.0
0.0
0.0
0.0
0.0
0.0
0.0
0.0
0.0
0.0
0.0
0.0
0.0
0.0
0.0
0.0
0.0
0.0
0.0
0.0
0.0
0.0
0.0
0.0
0.0
0.0
0.0
0.0
0.0
0.0
0.0
0.0
0.0
0.0
0.0
0.0
0.0
0.0
0.0
0.0
0.0
0.0
0.0
0.0
0.0
0.0
0.0
0.0
0.0
0.0
0.0
0.0
0.0
0.0
0.0
0.0
0.0
0.0
0.0
0.0
0.0
0.0
0.0
0.0
0.0
0.0
0.0
0.0
0.0
0.0
0.0
0.0
0.0
0.0
0.0
0.0
0.0
0.0
0.0
0.0
0.0
0.0
0.0
0.0
0.0
0.0
0.0
0.0
0.0
0.0
0.0
0.0
0.0
0.0
0.0
0.0
0.0
0.0
0.0
0.0
0.0
0.0
0.0
0.0
0.0
0.0
0.0
0.0
0.0
0.0
0.0
0.0
0.0
0.0
0.0
0.0
0.0
0.0
0.0
0.0
0.0
0.0
0.0
0.0
0.0
0.0
0.0
0.0
0.0
0.0
0.0
0.0
0.0
0.0
0.0
0.0
0.0
0.0
0.0
0.0
0.0
0.0
0.0
0.0
0.0
0.0
0.0
0.0
0.0
0.0
0.0
0.0
0.0
0.0
0.0
0.0
0.0
0.0
0.0
0.0
0.0
0.0
0.0
0.0
0.0
0.0
0.0
0.0
0.0
0.0
0.0
0.0
0.0
0.0
0.0
0.0
0.0
0.0
0.0
0.0
0.0
0.0
0.0
0.0
0.0
0.0
0.0
0.0
0.0
0.0
0.0
0.0
0.0
0.0
0.0
0.0
0.0
0.0
0.0
0.0
0.0
0.0
0.0
0.0
0.0
0.0
0.0
0.0
0.0
0.0
0.0
0.0
0.0
0.0
0.0
0.0
0.0
0.0
0.0
0.0
0.0
0.0
0.0
0.0
0.0
0.0
0.0
0.0
0.0
0.0
0.0
0.0
0.0
0.0
0.0
0.0
0.0
0.0
0.0
0.0
0.0
0.0
0.0
0.0
0.0
0.0
0.0
0.0
0.0
0.0
0.0
0.0
0.0
0.0
0.0
0.0
0.0
0.0
0.0
0.0
0.0
0.0
0.0
0.0
0.0
0.0
0.0
0.0
0.0
0.0
0.0
0.0
0.0
0.0
0.0
0.0
0.0
0.0
0.0
0.0
0.0
0.0
0.0
0.0
0.0
0.0
0.0
0.0
0.0
0.0
0.0
0.0
0.0
0.0
0.0
0.0
0.0
0.0
0.0
0.0
0.0
0.0
0.0
0.0
0.0
0.0
0.0
0.0
0.0
0.0
0.0
0.0
0.0
0.0
0.0
0.0
0.0
0.0
0.0
0.0
0.0
0.0
0.0
0.0
0.0
0.0
0.0
0.0
0.0
0.0
0.0
0.0
0.0
0.0
0.0
0.0
0.0
0.0
0.0
0.0
0.0
0.0
0.0
0.0
0.0
0.0
0.0
0.0
0.0
0.0
0.0
0.0
0.0
0.0
0.0
0.0
0.0
0.0
0.0
0.0
0.0
0.0
0.0
0.0
0.0
0.0
0.0
0.0
0.0
0.0
0.0
0.0
0.0
0.0
0.0
0.0
0.0
0.0
0.0
0.0
0.0
0.0
0.0
0.0
0.0
0.0
0.0
0.0
0.0
0.0
0.0
0.0
0.0
0.0
0.0
0.0
0.0
0.0
0.0
0.0
0.0
0.0
0.0
0.0
0.0
0.0
0.0
0.0
0.0
0.0
0.0
0.0
0.0
0.0
0.0
0.0
0.0
0.0
0.0
0.0
0.0
0.0
0.0
0.0
0.0
0.0
0.0
0.0
0.0
0.0
0.0
0.0
0.0
0.0
0.0
0.0
0.0
0.0
0.0
0.0
0.0
0.0
0.0
0.0
0.0
0.0
0.0
0.0
0.0
0.0
0.0
0.0
0.0
0.0
0.0
0.0
0.0
0.0
0.0
0.0
0.0
0.0
0.0
0.0
0.0
0.0
0.0
0.0
0.0
0.0
0.0
0.0
0.0
0.0
0.0
0.0
0.0
0.0
0.0
0.0
0.0
0.0
0.0
0.0
0.0
0.0
0.0
0.0
0.0
0.0
0.0
0.0
0.0
0.0
0.0
0.0
0.0
0.0
0.0
0.0
0.0
0.0
0.0
0.0
0.0
0.0
0.0
0.0
0.0
0.0
0.0
0.0
0.0
0.0
0.0
0.0
0.0
0.0
0.0
0.0
0.0
0.0
0.0
0.0
0.0
0.0
0.0
0.0
0.0
0.0
0.0
0.0
0.0
0.0
0.0
0.0
0.0
0.0
0.0
0.0
0.0
0.0
0.0
0.0
0.0
0.0
0.0
0.0
0.0
0.0
0.0
0.0
0.0
0.0
0.0
0.0
0.0
0.0
0.0
0.0
0.0
0.0
0.0
0.0
0.0
0.0
0.0
0.0
0.0
0.0
0.0
0.0
0.0
0.0
0.0
0.0
0.0
0.0
0.0
0.0
0.0
0.0
0.0
0.0
0.0
0.0
0.0
0.0
0.0
0.0
0.0
0.0
0.0
0.0
0.0
0.0
0.0
0.0
0.0
0.0
0.0
0.0
0.0
0.0
0.0
0.0
0.0
0.0
0.0
0.0
0.0
0.0
0.0
0.0
0.0
0.0
0.0
0.0
0.0
0.0
0.0
0.0
0.0
0.0
0.0
0.0
0.0
0.0
0.0
0.0
0.0
0.0
0.0
0.0
0.0
0.0
0.0
0.0
0.0
0.0
0.0
0.0
0.0
0.0
0.0
0.0
0.0
0.0
0.0
0.0
0.0
0.0
0.0
0.0
0.0
0.0
0.0
0.0
0.0
0.0
0.0
0.0
0.0
0.0
0.0
0.0
0.0
0.0
0.0
0.0
0.0
0.0
0.0
0.0
0.0
0.0
0.0
0.0
0.0
0.0
0.0
0.0
0.0
0.0
0.0
0.0
0.0
0.0
0.0
0.0
0.0
0.0
0.0
0.0
0.0
0.0
0.0
0.0
0.0
0.0
0.0
0.0
0.0
0.0
0.0
0.0
0.0
0.0
0.0
0.0
0.0
0.0
0.0
0.0
0.0
0.0
0.0
0.0
0.0
0.0
0.0
0.0
0.0
0.0
0.0
0.0
0.0
