1.2618053776950166e-6
1.3779231441590856e-6
1.4807584411589065e-6
1.5756614328076113e-6
1.6648205523015496e-6
1.7495824457657249e-6
1.8308650486807695e-6
1.909321599274761e-6
1.985430720630121e-6
2.0595185471065855e-6
2.1314238249586584e-6
2.2019331017900697e-6
2.270895587144732e-6
2.338705808143918e-6
2.4054179197322254e-6
2.4711319600228384e-6
2.5359959554590234e-6
2.600047705107237e-6
2.6633645003662094e-6
2.7260244724095888e-6
2.787887436280011e-6
2.849139650580023e-6
2.909886968427624e-6
2.970154229582601e-6
3.0299110682481043e-6
3.089178949210289e-6
3.1480289032074486e-6
3.2065234015172294e-6
3.2646844098998606e-6
3.3225112533882816e-6
3.38000734472113e-6
3.4370869326106927e-6
3.493935283934949e-6
3.5505569278696242e-6
3.6069453724405312e-6
3.6630906598336623e-6
3.719006338184733e-6
3.774696710951502e-6
3.830161759190964e-6
3.88543083981088e-6
3.940524781682304e-6
3.99543161663757e-6
4.050086893349093e-6
4.104592669095729e-6
4.158959197631617e-6
4.213172893541301e-6
4.267222728290899e-6
4.32112668536313e-6
4.374907351220492e-6
4.4285777694127985e-6
4.482143492574854e-6
4.535593044442179e-6
4.588900658161704e-6
4.64206699734041e-6
4.695063629761797e-6
4.747969315065027e-6
4.800798782328467e-6
4.853559664653639e-6
4.906260718833109e-6
4.958903313822108e-6
5.011484128161865e-6
5.063990901307056e-6
5.116408759890567e-6
5.1687494401759185e-6
5.221028857207761e-6
5.273235022946377e-6
5.325330460934667e-6
5.377391885212476e-6
5.429417910870967e-6
5.481412046428757e-6
5.533373176082605e-6
5.58529277887066e-6
5.637161962664749e-6
5.6889814819216525e-6
5.740763380212045e-6
5.792521041112587e-6
5.844260263055307e-6
5.895985397966487e-6
5.947656048989358e-6
5.9992636758919875e-6
6.0508355615965995e-6
6.10237991361857e-6
6.153904047418265e-6
6.20540820986338e-6
6.256895467597682e-6
6.308368992203317e-6
6.359831742125105e-6
6.4112916212865935e-6
6.46275533841339e-6
6.514219908161574e-6
6.565691664841749e-6
6.6171335448390745e-6
6.668576077417679e-6
6.720002231896614e-6
6.771430618187529e-6
6.822853815886578e-6
6.874246948766895e-6
6.9256277607507364e-6
6.9770119595418395e-6
7.028404954689444e-6
7.0798171480390596e-6
7.131242876781916e-6
7.1826845018408905e-6
7.234146223850044e-6
7.285628505786771e-6
7.337100435810302e-6
7.3885906232206405e-6
7.440091024021645e-6
7.491603284634649e-6
7.543135737852736e-6
7.594684305308809e-6
7.646232485835258e-6
7.697787933778166e-6
7.749357698357133e-6
7.800929850508358e-6
7.852513760206832e-6
7.90412195696874e-6
7.955761682102952e-6
8.007433149634177e-6
8.059114039593241e-6
8.110823756863374e-6
8.162566710284613e-6
8.214340522442893e-6
8.266141453814675e-6
8.317969188399891e-6
8.369826757739349e-6
8.421717592331947e-6
8.473643115902985e-6
8.52559754753045e-6
8.577576166971886e-6
8.629589347790174e-6
8.681638699234028e-6
8.733715431283083e-6
8.785813209101725e-6
8.83792123111953e-6
8.890052453242585e-6
8.942219024460324e-6
8.994425989164659e-6
9.046672197974794e-6
9.098955356452227e-6
9.151279108564468e-6
9.203642169781862e-6
9.256045558952599e-6
9.308490507067143e-6
9.360979347947738e-6
9.413517182681754e-6
9.466088471463964e-6
9.51869684286103e-6
9.571344767665013e-6
9.624045238229708e-6
9.676769290464368e-6
9.729528212107056e-6
9.782338332618715e-6
9.835185351759604e-6
9.888066648226837e-6
9.941002247265047e-6
9.993982739632927e-6
1.0046991350919405e-5
1.0100040587276087e-5
1.0153144358796612e-5
1.0206296237593204e-5
1.0259494495400456e-5
1.0312742323541273e-5
1.036603849705674e-5
1.0419390356205025e-5
1.047277142875433e-5
1.0526209304769531e-5
1.0579694610547645e-5
1.0633218231010987e-5
1.0686811628810606e-5
1.0740447508955898e-5
1.0794133601757531e-5
1.0847867221551421e-5
1.0901661914728956e-5
1.0955504160637072e-5
1.1009390703735521e-5
1.106333054191662e-5
1.1117324379307295e-5
1.1171373984513863e-5
1.1225468736216749e-5
1.1279614931223151e-5
1.1333808424911625e-5
1.1388059997777673e-5
1.144235442928817e-5
1.1496682268107788e-5
1.1551041235765641e-5
1.1605474422844073e-5
1.1659957330658489e-5
1.1714506935673592e-5
1.1769114881862592e-5
1.18237781315654e-5
1.1878502162845718e-5
1.1933281455991894e-5
1.1988121198999727e-5
1.2043021567519693e-5
1.20979788212937e-5
1.2153001022857047e-5
1.2208076768732761e-5
1.2263200229189402e-5
1.2318387237012626e-5
1.237362744954612e-5
1.2428927183865136e-5
1.2484302954668076e-5
1.2539707769956824e-5
1.2595176866626978e-5
1.2650686249605823e-5
1.2706247669346676e-5
1.2761870231660198e-5
1.2817555927266045e-5
1.2873288534046756e-5
1.2929078526067684e-5
1.2984926705228159e-5
1.3040823834516941e-5
1.3096781085478682e-5
1.3152810180217015e-5
1.3208898983836579e-5
1.326504137215443e-5
1.3321254764360905e-5
1.3377540033621284e-5
1.3433870758527608e-5
1.349026876965954e-5
1.3546736614262685e-5
1.360324066003918e-5
1.365980991648272e-5
1.3716432928020526e-5
1.3773123829708154e-5
1.3829880855092025e-5
1.3886679537211547e-5
1.394354665193248e-5
1.4000479510465426e-5
1.4057469464127633e-5
1.4114518047023892e-5
1.4171631851297487e-5
1.4228813697934348e-5
1.428605649201603e-5
1.4343352484412497e-5
1.4400706195687795e-5
1.4458129245078242e-5
1.4515619950994668e-5
1.4573155838348898e-5
1.463074251080312e-5
1.4688392451836512e-5
1.4746115694522543e-5
1.480388515247079e-5
1.486170514124256e-5
1.4919582606700184e-5
1.4977542094623426e-5
1.503555573381833e-5
1.5093613288598572e-5
1.5151735652000242e-5
1.5209934502632271e-5
1.5268179612675268e-5
1.5326479979025613e-5
1.5384851914346427e-5
1.544329297376188e-5
1.5501789417921416e-5
1.5560338610339177e-5
1.5618950193559203e-5
1.5677630035401335e-5
1.5736379511853543e-5
1.5795195275082505e-5
1.5854068443915037e-5
1.5912996622484083e-5
1.5971975958796868e-5
1.6031009915487356e-5
1.6090113740047396e-5
1.6149299871976267e-5
1.620853311225144e-5
1.6267815933250525e-5
1.6327152934628464e-5
1.6386548669686777e-5
1.6446017465025914e-5
1.6505548716126412e-5
1.656511660732629e-5
1.6624752985808958e-5
1.668444440925587e-5
1.674417599293703e-5
1.680396068671196e-5
1.686380980382664e-5
1.6923721331779213e-5
1.6983685424327403e-5
1.7043696502211143e-5
1.710376514377144e-5
1.7163907961084147e-5
1.722412486252049e-5
1.728439937518464e-5
1.734472172452526e-5
1.740509223080692e-5
1.746552087995002e-5
1.7526016292068993e-5
1.758657308703167e-5
1.764717827283572e-5
1.7707829433731016e-5
1.7768530145444112e-5
1.7829293911780874e-5
1.7890115456284707e-5
1.7951000461686727e-5
1.8011947428972526e-5
1.8072937650396775e-5
1.8133977218515578e-5
1.8195067560450223e-5
1.825621378452327e-5
1.8317415531383835e-5
1.8378666730327614e-5
1.8439985479311095e-5
1.850135544259741e-5
1.8562761830079906e-5
1.8624213012247957e-5
1.8685710338579876e-5
1.8747256265044597e-5
1.8808856180192922e-5
1.8870514131339536e-5
1.893222504649992e-5
1.8993980048971234e-5
1.9055772914311583e-5
1.9117609367763365e-5
1.9179502479182073e-5
1.924145578631257e-5
1.9303464014398338e-5
1.9365514053749012e-5
1.9427599257513124e-5
1.9489720258135126e-5
1.9551895523942195e-5
1.961412037323937e-5
1.9676397433606447e-5
1.9738729088203574e-5
1.980110616903768e-5
1.9863516577788625e-5
1.9925963804778618e-5
1.9988453392979013e-5
2.0050985643184064e-5
2.0113558054375695e-5
2.0176171972218802e-5
2.0238832054046764e-5
2.030153443019604e-5
2.0364273252341266e-5
2.0427053542654464e-5
2.0489875049230673e-5
2.0552728335050974e-5
2.0615612534846668e-5
2.067853287271389e-5
2.0741498313317286e-5
2.080451282055331e-5
2.086755944303558e-5
2.0930633926264588e-5
2.0993741354581386e-5
2.1056884282336953e-5
2.1120061186871997e-5
2.1183271642882843e-5
2.1246516248708085e-5
2.1309794490084404e-5
2.1373102979361116e-5
2.143643320892557e-5
2.1499793112516368e-5
2.1563186180812517e-5
2.162661208799024e-5
2.169006703202653e-5
2.175354587988752e-5
2.181704543094178e-5
2.1880565703105366e-5
2.1944107721713116e-5
2.200767191725589e-5
2.207125816762588e-5
2.213486601871854e-5
2.2198495739506757e-5
2.226214928170833e-5
2.2325828410627877e-5
2.2389529500735323e-5
2.2453244552341333e-5
2.251698045377109e-5
2.2580738493522943e-5
2.2644507684480683e-5
2.2708288745919417e-5
2.2772082932060573e-5
2.2835888529497832e-5
2.2899704573275064e-5
2.2963536201724494e-5
2.3027385585970998e-5
2.309124537066475e-5
2.3155111090370123e-5
2.321898375783536e-5
2.3282864457806128e-5
2.3346750502943032e-5
2.341063698288624e-5
2.3474516854798766e-5
2.353840922018724e-5
2.3602305118807077e-5
2.3666194527959797e-5
2.373007912847641e-5
2.3793968699173858e-5
2.3857864313919757e-5
2.3921759315888015e-5
2.3985650006617814e-5
2.404953294092686e-5
2.411340611855961e-5
2.417726777431888e-5
2.424110791404292e-5
2.4304950412443857e-5
2.4368786986428385e-5
2.443260871547879e-5
2.449641333214275e-5
2.456019924348613e-5
2.4623964392537417e-5
2.4687708412447795e-5
2.4751433228680148e-5
2.481514007359535e-5
2.4878828660715768e-5
2.494249476002855e-5
2.5006143900466024e-5
2.506977831581449e-5
2.5133384298323485e-5
2.519695882690061e-5
2.5260504711606823e-5
2.532401956416388e-5
2.5387498394945732e-5
2.545093725321384e-5
2.5514329809467138e-5
2.557767471487892e-5
2.5640995626961086e-5
2.5704287793670666e-5
2.5767539093420592e-5
2.5830742687562713e-5
2.5893895060238065e-5
2.5957006261199227e-5
2.602007035337908e-5
2.6083076233412755e-5
2.6146033151337256e-5
2.6208949195755392e-5
2.6271801234273122e-5
2.6334589979047464e-5
2.639732393520051e-5
2.6460000323255143e-5
2.652261333774051e-5
2.6585154918569747e-5
2.6647630747947576e-5
2.6710046764361514e-5
2.6772391556032393e-5
2.6834669051922792e-5
2.6896872451699188e-5
2.6958998256572766e-5
2.7021055104764113e-5
2.7083022289721604e-5
2.714492328985286e-5
2.7206747062286493e-5
2.726848029882459e-5
2.73301187655536e-5
2.739165708521066e-5
2.7453088947106966e-5
2.7514410195061536e-5
2.7575672074637874e-5
2.763686995447432e-5
2.7697962877134924e-5
2.7758948092664572e-5
2.7819822762421428e-5
2.7880582439956966e-5
2.794121524623571e-5
2.8001725339547467e-5
2.806213489951635e-5
2.8122432979317347e-5
2.8182607698250854e-5
2.824266301376365e-5
2.8302581766320967e-5
2.8362364061832768e-5
2.84220152687856e-5
2.8481545750447198e-5
2.854094054489421e-5
2.860021042716423e-5
2.86593385457521e-5
2.8718311359617232e-5
2.877713602827231e-5
2.8835842367043334e-5
2.8894385845021232e-5
2.89527557263272e-5
2.9010982127871002e-5
2.9069054345745195e-5
2.9126946524091604e-5
2.9184673382505074e-5
2.9242235614499403e-5
2.9299624752155095e-5
2.9356831884123668e-5
2.9413865432851855e-5
2.947070982241276e-5
2.952736925599488e-5
2.9583846600490322e-5
2.964012618904949e-5
2.9696206790155845e-5
2.9752086945110453e-5
2.9807754772451056e-5
2.9863243016324127e-5
2.9918525776068998e-5
2.9973589101860896e-5
3.002842752171126e-5
3.0083028443456456e-5
3.013738681402875e-5
3.0191559206608394e-5
3.024551753336861e-5
3.0299231643897585e-5
3.0352694115462414e-5
3.0405897371132092e-5
3.045883543004944e-5
3.051152506252129e-5
3.056397549096031e-5
3.061618073354217e-5
3.066812393575294e-5
3.0719780806170684e-5
3.07711661286072e-5
3.082228009200317e-5
3.087310736520167e-5
3.0923642241606687e-5
3.0973875095826745e-5
3.1023815239811406e-5
3.107347127563652e-5
3.112282899646496e-5
3.117187307858013e-5
3.122059346248637e-5
3.126897739778988e-5
3.131704015775775e-5
3.136477285873331e-5
3.141216179383208e-5
3.1459218298311175e-5
3.15059312338446e-5
3.155229182865834e-5
3.1598316021597615e-5
3.164397381157547e-5
3.168924551412068e-5
3.173414476778347e-5
3.177865688819177e-5
3.182279524920772e-5
3.186652614207211e-5
3.1909867598846867e-5
3.195280716727637e-5
3.1995336412850045e-5
3.203747715211479e-5
3.207918972367694e-5
3.212045905687171e-5
3.216128061546656e-5
3.220166061934338e-5
3.224162539618128e-5
3.228112128501928e-5
3.2320148690189944e-5
3.2358702397006624e-5
3.239677340879144e-5
3.243440211985068e-5
3.2471538346149365e-5
3.250816655694847e-5
3.254427475471253e-5
3.2579849499635953e-5
3.261493642139163e-5
3.264951098884904e-5
3.268354718223013e-5
3.271702761381807e-5
3.2749938914456486e-5
3.2782306493810934e-5
3.28141249696085e-5
3.284536902902442e-5
3.2876014754745076e-5
3.2906059684176966e-5
3.293550201361478e-5
3.296434012512077e-5
3.2992566212304505e-5
3.302016090018406e-5
3.304712447792121e-5
3.3073433349196974e-5
3.3099082549379424e-5
3.312406223321279e-5
3.314836460419071e-5
3.317198887799564e-5
3.319491774171121e-5
3.3217141213350784e-5
3.323863640722174e-5
3.3259403952227084e-5
3.327943613018206e-5
3.329871784244837e-5
3.331724238044591e-5
3.3334990044462675e-5
3.335195342817151e-5
3.336812191807668e-5
3.338347740031296e-5
3.339801271412771e-5
3.341172223259269e-5
3.342458925124311e-5
3.343659618795116e-5
3.344772784215073e-5
3.3457973243068684e-5
3.3467324842583927e-5
3.347576827450834e-5
3.348328740582484e-5
3.3489866276054725e-5
3.349549196993984e-5
3.350015153368843e-5
3.350382699561787e-5
3.350650449174877e-5
3.3508171031326497e-5
3.350880961147611e-5
3.3508403028976185e-5
3.350693631125538e-5
3.3504394823263665e-5
3.350076015514452e-5
3.349601142226573e-5
3.3490134456368544e-5
3.348311594734715e-5
3.347493659001434e-5
3.3465565499209165e-5
3.3454994724071886e-5
3.344320944940591e-5
3.343019265628241e-5
3.341591016785826e-5
3.340033308908732e-5
3.3383460960613866e-5
3.336528132484256e-5
3.334577208149454e-5
3.332488210872554e-5
3.330259104139493e-5
3.327889613141125e-5
3.3253785019202734e-5
3.3227216215848576e-5
3.3199156688034216e-5
3.316958740955147e-5
3.313849934666033e-5
3.3105848555108384e-5
3.3071619773001924e-5
3.3035768853720874e-5
3.2998290589620934e-5
3.2959127102440796e-5
3.2918285640229445e-5
3.287572887562112e-5
3.283141548063415e-5
3.278527983133184e-5
3.27373403598161e-5
3.268756588147463e-5
3.263593201555648e-5
3.258235686527532e-5
3.252680243375086e-5
3.2469259349466386e-5
3.240972399416423e-5
3.234813656373303e-5
3.228441951567781e-5
3.221855608825773e-5
3.215051145675524e-5
3.208025059542135e-5
3.2007717173799284e-5
3.1932898984606936e-5
3.185571554916919e-5
3.177610671185081e-5
3.169402610228804e-5
3.1609487470371904e-5
3.152241859930158e-5
3.143270774067659e-5
3.1340294560590154e-5
3.124520360626983e-5
3.114738480999082e-5
3.104671724303976e-5
3.094310279048674e-5
3.0836543373486045e-5
3.072700533267595e-5
3.061437742789289e-5
3.0498556101771733e-5
3.0379522929937215e-5
3.025719998933065e-5
3.013146488386478e-5
3.0002228771594064e-5
2.986948665322248e-5
2.9733179208932295e-5
2.9593074106454242e-5
2.9449055566703733e-5
2.9301195116169172e-5
2.9149471510630956e-5
2.899352685738815e-5
2.8833201040907693e-5
2.866856176455392e-5
2.849965272772969e-5
2.8326084222138035e-5
2.8147648281426574e-5
2.796434076801964e-5
2.7776176070930706e-5
2.7582816920660883e-5
2.738403850681259e-5
2.717981420888235e-5
2.697006117801074e-5
2.6754381103365576e-5
2.653249200212775e-5
2.6304395636361066e-5
2.6070020738439597e-5
2.582894111483356e-5
2.5580706314249004e-5
2.5325200380737575e-5
2.5062356001457275e-5
2.4791819413088963e-5
2.4513041099761937e-5
2.4225645982279667e-5
2.392940450695535e-5
2.3624101403790448e-5
2.330914901988276e-5
2.2983993633557595e-5
2.2647972539059744e-5
2.2300810470826146e-5
2.1941931718194962e-5
2.1570638507145795e-5
2.118589624890559e-5
2.07870500854459e-5
2.037335029397022e-5
1.9943752879451513e-5
1.9496805624686297e-5
1.9031404355067023e-5
1.8546245994670314e-5
1.8039416774905133e-5
1.750856865297292e-5
1.695175881711728e-5
1.636660651447758e-5
1.5749218341783257e-5
1.5095295580434225e-5
1.4400173292416362e-5
1.3657678662319042e-5
1.285906725864069e-5
1.199267926581879e-5
1.1042472212026602e-5
9.98461613107294e-6
8.780341327205687e-6
7.35771785258333e-6
5.550164394012022e-6
2.6610112386210364e-6
0.0
0.0
0.0
0.0
0.0
0.0
0.0
0.0
0.0
0.0
0.0
0.0
0.0
0.0
0.0
0.0
0.0
0.0
0.0
0.0
0.0
0.0
0.0
0.0
0.0
0.0
0.0
0.0
0.0
0.0
0.0
0.0
0.0
0.0
0.0
0.0
0.0
0.0
0.0
0.0
0.0
0.0
0.0
0.0
0.0
0.0
0.0
0.0
0.0
0.0
0.0
0.0
0.0
0.0
0.0
0.0
0.0
0.0
0.0
0.0
0.0
0.0
0.0
0.0
0.0
0.0
0.0
0.0
0.0
0.0
0.0
0.0
0.0
0.0
0.0
0.0
0.0
0.0
0.0
0.0
0.0
0.0
0.0
0.0
0.0
0.0
0.0
0.0
0.0
0.0
0.0
0.0
0.0
0.0
0.0
0.0
0.0
0.0
0.0
0.0
0.0
0.0
0.0
0.0
0.0
0.0
0.0
0.0
0.0
0.0
0.0
0.0
0.0
0.0
0.0
0.0
0.0
0.0
0.0
0.0
0.0
0.0
0.0
0.0
0.0
0.0
0.0
0.0
0.0
0.0
0.0
0.0
0.0
0.0
0.0
0.0
0.0
0.0
0.0
0.0
0.0
0.0
0.0
0.0
0.0
0.0
0.0
0.0
0.0
0.0
0.0
0.0
0.0
0.0
0.0
0.0
0.0
0.0
0.0
0.0
0.0
0.0
0.0
0.0
0.0
0.0
0.0
0.0
0.0
0.0
0.0
0.0
0.0
0.0
0.0
0.0
0.0
0.0
0.0
0.0
0.0
0.0
0.0
0.0
0.0
0.0
0.0
0.0
0.0
0.0
0.0
0.0
0.0
0.0
0.0
0.0
0.0
0.0
0.0
0.0
0.0
0.0
0.0
0.0
0.0
0.0
0.0
0.0
0.0
0.0
0.0
0.0
0.0
0.0
0.0
0.0
0.0
0.0
0.0
0.0
0.0
0.0
0.0
0.0
0.0
0.0
0.0
0.0
0.0
0.0
0.0
0.0
0.0
0.0
0.0
0.0
0.0
0.0
0.0
0.0
0.0
0.0
0.0
0.0
0.0
0.0
0.0
0.0
0.0
0.0
0.0
0.0
0.0
0.0
0.0
0.0
0.0
0.0
0.0
0.0
0.0
0.0
0.0
0.0
0.0
0.0
0.0
0.0
0.0
0.0
0.0
0.0
0.0
0.0
0.0
0.0
0.0
0.0
0.0
0.0
0.0
0.0
0.0
0.0
0.0
0.0
0.0
0.0
0.0
0.0
0.0
0.0
0.0
0.0
0.0
0.0
0.0
0.0
0.0
0.0
0.0
0.0
0.0
0.0
0.0
0.0
0.0
0.0
0.0
0.0
0.0
0.0
0.0
0.0
0.0
0.0
0.0
0.0
0.0
0.0
0.0
0.0
0.0
0.0
0.0
0.0
0.0
0.0
0.0
0.0
0.0
0.0
0.0
0.0
0.0
0.0
0.0
0.0
0.0
0.0
0.0
0.0
0.0
0.0
0.0
0.0
0.0
0.0
0.0
0.0
0.0
0.0
0.0
0.0
0.0
0.0
0.0
0.0
0.0
0.0
0.0
0.0
0.0
0.0
0.0
0.0
0.0
0.0
0.0
0.0
0.0
0.0
0.0
0.0
0.0
0.0
0.0
0.0
0.0
0.0
0.0
0.0
0.0
0.0
0.0
0.0
0.0
0.0
0.0
0.0
0.0
0.0
0.0
0.0
0.0
0.0
0.0
0.0
0.0
0.0
0.0
0.0
0.0
0.0
0.0
0.0
0.0
0.0
0.0
0.0
0.0
0.0
0.0
0.0
0.0
0.0
0.0
0.0
0.0
0.0
0.0
0.0
0.0
0.0
0.0
0.0
0.0
0.0
0.0
0.0
0.0
0.0
0.0
0.0
0.0
0.0
0.0
0.0
0.0
0.0
0.0
0.0
0.0
0.0
0.0
0.0
0.0
0.0
0.0
0.0
0.0
0.0
0.0
0.0
0.0
0.0
0.0
0.0
0.0
0.0
0.0
0.0
0.0
0.0
0.0
0.0
0.0
0.0
0.0
0.0
0.0
0.0
0.0
0.0
0.0
0.0
0.0
0.0
0.0
0.0
0.0
0.0
0.0
0.0
0.0
0.0
0.0
0.0
0.0
0.0
0.0
0.0
0.0
0.0
0.0
0.0
0.0
0.0
0.0
0.0
0.0
0.0
0.0
0.0
0.0
0.0
0.0
0.0
0.0
0.0
0.0
0.0
0.0
0.0
0.0
0.0
0.0
0.0
0.0
0.0
0.0
0.0
0.0
0.0
0.0
0.0
0.0
0.0
0.0
0.0
0.0
0.0
0.0
0.0
0.0
0.0
0.0
0.0
0.0
0.0
0.0
0.0
0.0
0.0
0.0
0.0
0.0
0.0
0.0
0.0
0.0
0.0
0.0
0.0
0.0
0.0
0.0
0.0
0.0
0.0
0.0
0.0
0.0
0.0
0.0
0.0
0.0
0.0
0.0
0.0
0.0
0.0
0.0
0.0
0.0
0.0
0.0
0.0
0.0
0.0
0.0
0.0
0.0
0.0
0.0
0.0
0.0
0.0
0.0
0.0
0.0
0.0
0.0
0.0
0.0
0.0
0.0
0.0
0.0
0.0
0.0
0.0
0.0
0.0
0.0
0.0
0.0
0.0
0.0
0.0
0.0
0.0
0.0
0.0
0.0
0.0
0.0
0.0
0.0
0.0
0.0
0.0
0.0
0.0
0.0
0.0
0.0
0.0
0.0
0.0
0.0
0.0
0.0
0.0
0.0
0.0
0.0
0.0
0.0
0.0
0.0
0.0
0.0
0.0
0.0
0.0
0.0
0.0
0.0
0.0
0.0
0.0
0.0
0.0
0.0
0.0
0.0
0.0
0.0
0.0
0.0
0.0
0.0
0.0
0.0
0.0
0.0
0.0
0.0
0.0
0.0
0.0
0.0
0.0
0.0
0.0
0.0
0.0
0.0
0.0
0.0
0.0
0.0
0.0
0.0
0.0
0.0
0.0
0.0
0.0
0.0
0.0
0.0
0.0
0.0
0.0
0.0
0.0
0.0
0.0
0.0
0.0
0.0
0.0
0.0
0.0
0.0
0.0
0.0
0.0
0.0
0.0
0.0
0.0
0.0
0.0
0.0
0.0
0.0
0.0
0.0
0.0
0.0
0.0
0.0
0.0
0.0
0.0
0.0
0.0
0.0
0.0
0.0
0.0
0.0
0.0
0.0
0.0
0.0
0.0
0.0
0.0
0.0
0.0
0.0
0.0
0.0
0.0
0.0
0.0
0.0
0.0
0.0
0.0
0.0
0.0
0.0
0.0
0.0
0.0
0.0
0.0
0.0
0.0
0.0
0.0
0.0
0.0
0.0
0.0
0.0
0.0
0.0
0.0
0.0
0.0
0.0
0.0
0.0
0.0
0.0
0.0
0.0
0.0
0.0
0.0
0.0
0.0
0.0
0.0
0.0
0.0
0.0
0.0
0.0
0.0
0.0
0.0
0.0
0.0
0.0
0.0
0.0
0.0
0.0
0.0
0.0
0.0
0.0
0.0
0.0
0.0
0.0
0.0
0.0
0.0
0.0
0.0
0.0
0.0
0.0
0.0
0.0
0.0
0.0
0.0
0.0
0.0
0.0
0.0
0.0
0.0
0.0
0.0
0.0
0.0
0.0
0.0
0.0
0.0
0.0
0.0
0.0
0.0
0.0
0.0
0.0
0.0
0.0
0.0
0.0
0.0
0.0
0.0
0.0
0.0
0.0
0.0
0.0
0.0
0.0
0.0
0.0
0.0
0.0
0.0
0.0
0.0
0.0
0.0
0.0
0.0
0.0
0.0
0.0
0.0
0.0
0.0
0.0
0.0
0.0
0.0
0.0
0.0
0.0
0.0
0.0
0.0
0.0
0.0
0.0
0.0
0.0
0.0
0.0
0.0
0.0
0.0
0.0
0.0
0.0
0.0
0.0
0.0
0.0
0.0
0.0
0.0
0.0
0.0
0.0
0.0
0.0
0.0
0.0
0.0
0.0
0.0
0.0
0.0
0.0
0.0
0.0
0.0
0.0
0.0
0.0
0.0
0.0
0.0
0.0
0.0
0.0
0.0
0.0
0.0
0.0
0.0
0.0
0.0
0.0
0.0
0.0
0.0
0.0
0.0
0.0
0.0
0.0
0.0
0.0
0.0
0.0
0.0
0.0
0.0
0.0
0.0
0.0
0.0
0.0
0.0
0.0
0.0
0.0
0.0
0.0
0.0
0.0
0.0
0.0
0.0
0.0
0.0
0.0
0.0
0.0
0.0
0.0
0.0
0.0
0.0
0.0
0.0
0.0
0.0
0.0
0.0
0.0
0.0
0.0
0.0
0.0
0.0
0.0
0.0
0.0
0.0
0.0
0.0
0.0
0.0
0.0
0.0
0.0
0.0
0.0
0.0
0.0
0.0
0.0
0.0
0.0
0.0
0.0
0.0
0.0
0.0
0.0
0.0
0.0
0.0
0.0
0.0
0.0
0.0
0.0
0.0
0.0
0.0
0.0
0.0
0.0
0.0
0.0
0.0
0.0
0.0
0.0
0.0
0.0
0.0
0.0
0.0
0.0
0.0
0.0
0.0
0.0
0.0
0.0
0.0
0.0
0.0
0.0
0.0
0.0
0.0
0.0
0.0
0.0
0.0
0.0
0.0
0.0
0.0
0.0
0.0
0.0
0.0
0.0
0.0
0.0
0.0
0.0
0.0
0.0
0.0
0.0
0.0
0.0
0.0
0.0
0.0
0.0
0.0
0.0
0.0
0.0
0.0
0.0
0.0
0.0
0.0
0.0
0.0
0.0
0.0
0.0
0.0
0.0
0.0
0.0
0.0
0.0
0.0
0.0
0.0
0.0
0.0
0.0
0.0
0.0
0.0
0.0
0.0
0.0
0.0
0.0
0.0
0.0
0.0
0.0
0.0
0.0
0.0
0.0
0.0
0.0
0.0
0.0
0.0
0.0
0.0
0.0
0.0
0.0
0.0
0.0
0.0
0.0
0.0
0.0
0.0
0.0
0.0
0.0
0.0
0.0
0.0
0.0
0.0
0.0
0.0
0.0
0.0
0.0
0.0
0.0
0.0
0.0
0.0
0.0
0.0
0.0
0.0
0.0
0.0
0.0
0.0
0.0
0.0
0.0
0.0
0.0
0.0
0.0
0.0
0.0
0.0
0.0
0.0
0.0
0.0
0.0
0.0
0.0
0.0
0.0
0.0
0.0
0.0
0.0
0.0
0.0
0.0
0.0
0.0
0.0
0.0
0.0
0.0
0.0
0.0
0.0
0.0
0.0
0.0
0.0
0.0
0.0
0.0
0.0
0.0
0.0
0.0
0.0
0.0
0.0
0.0
0.0
0.0
0.0
0.0
0.0
0.0
0.0
0.0
0.0
0.0
0.0
0.0
0.0
0.0
0.0
0.0
0.0
0.0
0.0
0.0
0.0
0.0
0.0
0.0
0.0
0.0
0.0
0.0
0.0
0.0
0.0
0.0
0.0
0.0
0.0
0.0
0.0
0.0
0.0
0.0
0.0
0.0
0.0
0.0
0.0
0.0
0.0
0.0
0.0
0.0
0.0
0.0
0.0
0.0
0.0
0.0
0.0
0.0
0.0
0.0
0.0
0.0
0.0
0.0
0.0
0.0
0.0
0.0
0.0
0.0
0.0
0.0
0.0
0.0
0.0
0.0
0.0
0.0
0.0
0.0
0.0
0.0
0.0
0.0
0.0
0.0
0.0
0.0
0.0
0.0
0.0
0.0
0.0
0.0
0.0
0.0
0.0
0.0
0.0
0.0
0.0
0.0
0.0
0.0
0.0
0.0
0.0
0.0
0.0
0.0
0.0
0.0
0.0
0.0
0.0
0.0
0.0
0.0
0.0
0.0
0.0
0.0
0.0
0.0
0.0
0.0
0.0
0.0
0.0
0.0
0.0
0.0
0.0
0.0
0.0
0.0
0.0
0.0
0.0
0.0
0.0
0.0
0.0
0.0
0.0
0.0
0.0
0.0
0.0
0.0
0.0
0.0
0.0
0.0
0.0
0.0
0.0
0.0
0.0
0.0
0.0
0.0
0.0
0.0
0.0
0.0
0.0
0.0
0.0
0.0
0.0
0.0
0.0
0.0
0.0
0.0
0.0
0.0
0.0
0.0
0.0
0.0
0.0
0.0
0.0
0.0
0.0
0.0
0.0
0.0
0.0
0.0
0.0
0.0
0.0
0.0
0.0
0.0
0.0
0.0
0.0
0.0
0.0
0.0
0.0
0.0
0.0
0.0
0.0
0.0
0.0
0.0
0.0
0.0
0.0
0.0
0.0
0.0
0.0
0.0
0.0
0.0
0.0
0.0
0.0
0.0
0.0
0.0
0.0
0.0
0.0
0.0
0.0
0.0
0.0
0.0
0.0
0.0
0.0
0.0
0.0
0.0
0.0
0.0
0.0
0.0
0.0
0.0
0.0
0.0
0.0
0.0
0.0
0.0
0.0
0.0
0.0
0.0
0.0
0.0
0.0
0.0
0.0
0.0
0.0
0.0
0.0
0.0
0.0
0.0
0.0
0.0
0.0
0.0
0.0
0.0
0.0
0.0
0.0
0.0
0.0
0.0
0.0
0.0
0.0
0.0
0.0
0.0
0.0
0.0
0.0
0.0
0.0
0.0
0.0
0.0
0.0
0.0
0.0
0.0
0.0
0.0
0.0
0.0
0.0
0.0
0.0
0.0
0.0
0.0
0.0
0.0
0.0
0.0
0.0
0.0
0.0
0.0
0.0
0.0
0.0
0.0
0.0
0.0
0.0
0.0
0.0
0.0
0.0
0.0
0.0
0.0
0.0
0.0
0.0
0.0
0.0
0.0
0.0
0.0
0.0
0.0
0.0
0.0
0.0
0.0
0.0
0.0
0.0
0.0
0.0
0.0
0.0
0.0
0.0
0.0
0.0
0.0
0.0
0.0
0.0
0.0
0.0
0.0
0.0
0.0
0.0
0.0
0.0
0.0
0.0
0.0
0.0
0.0
0.0
0.0
0.0
0.0
0.0
0.0
0.0
0.0
0.0
0.0
0.0
0.0
0.0
0.0
0.0
0.0
0.0
0.0
0.0
0.0
0.0
0.0
0.0
0.0
0.0
0.0
0.0
0.0
0.0
0.0
0.0
0.0
0.0
0.0
0.0
0.0
0.0
0.0
0.0
0.0
0.0
0.0
0.0
0.0
0.0
0.0
0.0
0.0
0.0
0.0
0.0
0.0
0.0
0.0
0.0
0.0
0.0
0.0
0.0
0.0
0.0
0.0
0.0
0.0
0.0
0.0
0.0
0.0
0.0
0.0
0.0
0.0
0.0
0.0
0.0
0.0
0.0
0.0
0.0
0.0
0.0
0.0
0.0
0.0
0.0
0.0
0.0
0.0
0.0
0.0
0.0
0.0
0.0
0.0
0.0
0.0
0.0
0.0
0.0
0.0
0.0
0.0
0.0
0.0
0.0
0.0
0.0
0.0
0.0
0.0
0.0
0.0
0.0
0.0
0.0
0.0
0.0
0.0
0.0
0.0
0.0
0.0
0.0
0.0
0.0
0.0
0.0
0.0
0.0
0.0
0.0
0.0
0.0
0.0
0.0
0.0
0.0
0.0
0.0
0.0
0.0
0.0
0.0
0.0
0.0
0.0
0.0
0.0
0.0
0.0
0.0
0.0
0.0
0.0
0.0
0.0
0.0
0.0
0.0
0.0
0.0
0.0
0.0
0.0
0.0
0.0
0.0
0.0
0.0
0.0
0.0
0.0
0.0
0.0
0.0
0.0
0.0
0.0
0.0
0.0
0.0
0.0
0.0
0.0
0.0
0.0
0.0
0.0
0.0
0.0
0.0
0.0
0.0
0.0
0.0
0.0
0.0
0.0
0.0
0.0
0.0
0.0
0.0
0.0
0.0
0.0
0.0
0.0
0.0
0.0
0.0
0.0
0.0
0.0
0.0
0.0
0.0
0.0
0.0
0.0
0.0
0.0
0.0
0.0
0.0
0.0
0.0
0.0
0.0
0.0
0.0
0.0
0.0
0.0
0.0
0.0
0.0
0.0
0.0
0.0
0.0
0.0
0.0
0.0
0.0
0.0
0.0
0.0
0.0
0.0
0.0
0.0
0.0
0.0
0.0
0.0
0.0
0.0
0.0
0.0
0.0
0.0
0.0
0.0
0.0
0.0
0.0
0.0
0.0
0.0
0.0
0.0
0.0
0.0
0.0
0.0
0.0
0.0
0.0
0.0
0.0
0.0
0.0
0.0
0.0
0.0
0.0
0.0
0.0
0.0
0.0
0.0
0.0
0.0
0.0
0.0
0.0
0.0
0.0
0.0
0.0
0.0
0.0
0.0
0.0
0.0
0.0
0.0
0.0
0.0
0.0
0.0
0.0
0.0
0.0
0.0
0.0
0.0
0.0
0.0
0.0
0.0
0.0
0.0
0.0
0.0
0.0
0.0
0.0
0.0
0.0
0.0
0.0
0.0
0.0
0.0
0.0
0.0
0.0
0.0
0.0
0.0
0.0
0.0
0.0
0.0
0.0
0.0
0.0
0.0
0.0
0.0
0.0
0.0
0.0
0.0
0.0
0.0
0.0
0.0
0.0
0.0
0.0
0.0
0.0
0.0
0.0
0.0
0.0
0.0
0.0
0.0
0.0
0.0
0.0
0.0
0.0
0.0
0.0
0.0
0.0
0.0
0.0
0.0
0.0
0.0
0.0
0.0
0.0
0.0
0.0
0.0
0.0
0.0
0.0
0.0
0.0
0.0
0.0
0.0
0.0
0.0
0.0
0.0
0.0
0.0
0.0
0.0
0.0
0.0
0.0
0.0
0.0
0.0
0.0
0.0
0.0
0.0
0.0
0.0
0.0
0.0
0.0
0.0
0.0
0.0
0.0
0.0
0.0
0.0
0.0
0.0
0.0
0.0
0.0
0.0
0.0
0.0
0.0
0.0
0.0
0.0
0.0
0.0
0.0
0.0
0.0
0.0
0.0
0.0
0.0
0.0
0.0
0.0
0.0
0.0
0.0
0.0
0.0
0.0
0.0
0.0
0.0
0.0
0.0
0.0
0.0
0.0
0.0
0.0
0.0
0.0
0.0
0.0
0.0
0.0
0.0
0.0
0.0
0.0
0.0
0.0
0.0
0.0
0.0
0.0
0.0
0.0
0.0
0.0
0.0
0.0
0.0
0.0
0.0
0.0
0.0
0.0
0.0
0.0
0.0
0.0
0.0
0.0
0.0
0.0
0.0
0.0
0.0
0.0
0.0
0.0
0.0
0.0
0.0
0.0
0.0
0.0
0.0
0.0
0.0
0.0
0.0
0.0
0.0
0.0
0.0
0.0
0.0
0.0
0.0
0.0
0.0
0.0
0.0
0.0
0.0
0.0
0.0
0.0
0.0
0.0
0.0
0.0
0.0
0.0
0.0
0.0
0.0
0.0
0.0
0.0
0.0
0.0
0.0
0.0
0.0
0.0
0.0
0.0
0.0
0.0
0.0
0.0
0.0
0.0
0.0
0.0
0.0
0.0
0.0
0.0
0.0
0.0
0.0
0.0
0.0
0.0
0.0
0.0
0.0
0.0
0.0
0.0
0.0
0.0
0.0
0.0
0.0
0.0
0.0
0.0
0.0
0.0
0.0
0.0
0.0
0.0
0.0
0.0
0.0
0.0
0.0
0.0
0.0
0.0
0.0
0.0
0.0
0.0
0.0
0.0
0.0
0.0
0.0
0.0
0.0
0.0
0.0
0.0
0.0
0.0
0.0
0.0
0.0
0.0
0.0
0.0
0.0
0.0
0.0
0.0
0.0
0.0
0.0
0.0
0.0
0.0
0.0
0.0
0.0
0.0
0.0
0.0
0.0
0.0
0.0
0.0
0.0
0.0
0.0
0.0
0.0
0.0
0.0
0.0
0.0
0.0
0.0
0.0
0.0
0.0
0.0
0.0
0.0
0.0
0.0
0.0
0.0
0.0
0.0
0.0
0.0
0.0
0.0
0.0
0.0
0.0
0.0
0.0
0.0
0.0
0.0
0.0
0.0
0.0
0.0
0.0
0.0
0.0
0.0
0.0
0.0
0.0
0.0
0.0
0.0
0.0
0.0
0.0
0.0
0.0
0.0
0.0
0.0
0.0
0.0
0.0
0.0
0.0
0.0
0.0
0.0
0.0
0.0
0.0
0.0
0.0
0.0
0.0
0.0
0.0
0.0
0.0
0.0
0.0
0.0
0.0
0.0
0.0
0.0
0.0
0.0
0.0
0.0
0.0
0.0
0.0
0.0
0.0
0.0
0.0
0.0
0.0
0.0
0.0
0.0
0.0
0.0
0.0
0.0
0.0
0.0
0.0
0.0
0.0
0.0
0.0
0.0
0.0
0.0
0.0
0.0
0.0
0.0
0.0
0.0
0.0
0.0
0.0
0.0
0.0
0.0
0.0
0.0
0.0
0.0
0.0
0.0
0.0
0.0
0.0
0.0
0.0
0.0
0.0
0.0
0.0
0.0
0.0
0.0
0.0
0.0
0.0
0.0
0.0
0.0
0.0
0.0
0.0
0.0
0.0
0.0
0.0
0.0
0.0
0.0
0.0
0.0
0.0
0.0
0.0
0.0
0.0
0.0
0.0
0.0
0.0
0.0
0.0
0.0
0.0
0.0
0.0
0.0
0.0
0.0
0.0
0.0
0.0
0.0
0.0
0.0
0.0
0.0
0.0
0.0
0.0
0.0
0.0
0.0
0.0
0.0
0.0
0.0
0.0
0.0
0.0
0.0
0.0
0.0
0.0
0.0
0.0
0.0
0.0
0.0
0.0
0.0
0.0
0.0
0.0
0.0
0.0
0.0
0.0
0.0
0.0
0.0
0.0
0.0
0.0
0.0
0.0
0.0
0.0
0.0
0.0
0.0
0.0
0.0
0.0
0.0
0.0
0.0
0.0
0.0
0.0
0.0
0.0
0.0
0.0
0.0
0.0
0.0
0.0
0.0
0.0
0.0
0.0
0.0
0.0
0.0
0.0
0.0
0.0
0.0
0.0
0.0
0.0
0.0
0.0
0.0
0.0
0.0
0.0
0.0
0.0
0.0
0.0
0.0
0.0
0.0
0.0
0.0
0.0
0.0
0.0
0.0
0.0
0.0
0.0
0.0
0.0
0.0
0.0
0.0
0.0
0.0
0.0
0.0
0.0
0.0
0.0
0.0
0.0
0.0
0.0
0.0
0.0
0.0
0.0
0.0
0.0
0.0
0.0
0.0
0.0
0.0
0.0
0.0
0.0
0.0
0.0
0.0
0.0
0.0
0.0
0.0
0.0
0.0
0.0
0.0
0.0
0.0
0.0
0.0
0.0
0.0
0.0
0.0
0.0
0.0
0.0
0.0
0.0
0.0
0.0
0.0
0.0
0.0
0.0
0.0
0.0
0.0
0.0
0.0
0.0
0.0
0.0
0.0
0.0
0.0
0.0
0.0
0.0
0.0
0.0
0.0
0.0
0.0
0.0
0.0
0.0
0.0
0.0
0.0
0.0
0.0
0.0
0.0
0.0
0.0
0.0
0.0
0.0
0.0
0.0
0.0
0.0
0.0
0.0
0.0
0.0
0.0
0.0
0.0
0.0
0.0
0.0
0.0
0.0
0.0
0.0
0.0
0.0
0.0
0.0
0.0
0.0
0.0
0.0
0.0
0.0
0.0
0.0
0.0
0.0
0.0
0.0
0.0
0.0
0.0
0.0
0.0
0.0
0.0
0.0
0.0
0.0
0.0
0.0
0.0
0.0
0.0
0.0
0.0
0.0
0.0
0.0
0.0
0.0
0.0
0.0
0.0
0.0
0.0
0.0
0.0
0.0
0.0
0.0
0.0
0.0
0.0
0.0
0.0
0.0
0.0
0.0
0.0
0.0
0.0
0.0
0.0
0.0
0.0
0.0
0.0
0.0
0.0
0.0
0.0
0.0
0.0
0.0
0.0
0.0
0.0
0.0
0.0
0.0
0.0
0.0
0.0
0.0
0.0
0.0
0.0
0.0
0.0
0.0
0.0
0.0
0.0
0.0
0.0
0.0
0.0
0.0
0.0
0.0
0.0
0.0
0.0
0.0
0.0
0.0
0.0
0.0
0.0
0.0
0.0
0.0
0.0
0.0
0.0
0.0
0.0
0.0
0.0
0.0
0.0
0.0
0.0
0.0
0.0
0.0
0.0
0.0
0.0
0.0
0.0
0.0
0.0
0.0
0.0
0.0
0.0
0.0
0.0
0.0
0.0
0.0
0.0
0.0
0.0
0.0
0.0
0.0
0.0
0.0
0.0
0.0
0.0
0.0
0.0
0.0
0.0
0.0
0.0
0.0
0.0
0.0
0.0
0.0
0.0
0.0
0.0
0.0
0.0
0.0
0.0
0.0
0.0
0.0
0.0
0.0
0.0
0.0
0.0
0.0
0.0
0.0
0.0
0.0
0.0
0.0
0.0
0.0
0.0
0.0
0.0
0.0
0.0
0.0
0.0
0.0
0.0
0.0
0.0
0.0
0.0
0.0
0.0
0.0
0.0
0.0
0.0
0.0
0.0
0.0
0.0
0.0
0.0
0.0
0.0
0.0
0.0
0.0
0.0
0.0
0.0
0.0
0.0
0.0
0.0
0.0
0.0
0.0
0.0
0.0
0.0
0.0
0.0
0.0
0.0
0.0
0.0
0.0
0.0
0.0
0.0
0.0
0.0
0.0
0.0
0.0
0.0
0.0
0.0
0.0
0.0
0.0
0.0
0.0
0.0
0.0
0.0
0.0
0.0
0.0
0.0
0.0
0.0
0.0
0.0
0.0
0.0
0.0
0.0
0.0
0.0
0.0
0.0
0.0
0.0
0.0
0.0
0.0
0.0
0.0
0.0
0.0
0.0
0.0
0.0
0.0
0.0
0.0
0.0
0.0
0.0
0.0
0.0
0.0
0.0
0.0
0.0
0.0
0.0
0.0
0.0
0.0
0.0
0.0
0.0
0.0
0.0
0.0
0.0
0.0
0.0
0.0
0.0
0.0
0.0
0.0
0.0
0.0
0.0
0.0
0.0
0.0
0.0
0.0
0.0
0.0
0.0
0.0
0.0
0.0
0.0
0.0
0.0
0.0
0.0
0.0
0.0
0.0
0.0
0.0
0.0
0.0
0.0
0.0
0.0
0.0
0.0
0.0
0.0
0.0
0.0
0.0
0.0
0.0
0.0
0.0
0.0
0.0
0.0
0.0
0.0
0.0
0.0
0.0
0.0
0.0
0.0
0.0
0.0
0.0
0.0
0.0
0.0
0.0
0.0
0.0
0.0
0.0
0.0
0.0
0.0
0.0
0.0
0.0
0.0
0.0
0.0
0.0
0.0
0.0
0.0
0.0
0.0
0.0
0.0
0.0
0.0
0.0
0.0
0.0
0.0
0.0
0.0
0.0
0.0
0.0
0.0
0.0
0.0
0.0
0.0
0.0
0.0
0.0
0.0
0.0
0.0
0.0
0.0
0.0
0.0
0.0
0.0
0.0
0.0
0.0
0.0
0.0
0.0
0.0
0.0
0.0
0.0
0.0
0.0
0.0
0.0
0.0
0.0
0.0
0.0
0.0
0.0
0.0
0.0
0.0
0.0
0.0
0.0
0.0
0.0
0.0
0.0
0.0
0.0
0.0
0.0
0.0
0.0
0.0
0.0
0.0
0.0
0.0
0.0
0.0
0.0
0.0
0.0
0.0
0.0
0.0
0.0
0.0
0.0
0.0
0.0
0.0
0.0
0.0
0.0
0.0
0.0
0.0
0.0
0.0
0.0
0.0
0.0
0.0
0.0
0.0
0.0
0.0
0.0
0.0
0.0
0.0
0.0
0.0
0.0
0.0
0.0
0.0
0.0
0.0
0.0
0.0
0.0
0.0
0.0
0.0
0.0
0.0
0.0
0.0
0.0
0.0
0.0
0.0
0.0
0.0
0.0
0.0
0.0
0.0
0.0
0.0
0.0
0.0
0.0
0.0
0.0
0.0
0.0
0.0
0.0
0.0
0.0
0.0
0.0
0.0
0.0
0.0
0.0
0.0
0.0
0.0
0.0
0.0
0.0
0.0
0.0
0.0
0.0
0.0
0.0
0.0
0.0
0.0
0.0
0.0
0.0
0.0
0.0
0.0
0.0
0.0
0.0
0.0
0.0
0.0
0.0
0.0
0.0
0.0
0.0
0.0
0.0
0.0
0.0
0.0
0.0
0.0
0.0
0.0
0.0
0.0
0.0
0.0
0.0
0.0
0.0
0.0
0.0
0.0
0.0
0.0
0.0
0.0
0.0
0.0
0.0
0.0
0.0
0.0
0.0
0.0
0.0
0.0
0.0
0.0
0.0
0.0
0.0
0.0
0.0
0.0
0.0
0.0
0.0
0.0
0.0
0.0
0.0
0.0
0.0
0.0
0.0
0.0
0.0
0.0
0.0
0.0
0.0
0.0
0.0
0.0
0.0
0.0
0.0
0.0
0.0
0.0
0.0
0.0
0.0
0.0
