0.002646710448893867
0.00264691621684879
0.002647101509537188
0.002647274130529883
0.0026474371435995206
0.0026475924751890294
0.00264774150749212
0.002647885084582549
0.002648022953009044
0.002648157311869552
0.0026482879471051808
0.002648415744439602
0.0026485410696832604
0.0026486640241745506
0.0026487850652697517
0.0026489043184426964
0.0026490211698047316
0.0026491366945627435
0.0026492509382400596
0.0026493639750788155
0.0026494757180657125
0.0026495862141903306
0.0026496957427656416
0.002649804418009409
0.0026499120514667258
0.0026500186449137184
0.002650124421449966
0.002650229506870217
0.002650333992174296
0.002650437918371586
0.0026505412541420847
0.0026506438975688385
0.002650745790374714
0.0026508469291293075
0.0026509476646877188
0.0026510480326743364
0.002651148042501555
0.002651247690104932
0.002651346956525715
0.0026514458144478426
0.002651544268516282
0.0026516424711354285
0.002651740140726397
0.0026518374725649167
0.0026519345466066535
0.0026520313803082133
0.002652127978822711
0.002652224343192991
0.002652320477599512
0.002652416400356956
0.0026525121272350026
0.0026526075321348405
0.0026527027165126806
0.0026527976092805714
0.0026528922406557362
0.0026529866997598425
0.0026530810267336572
0.0026531752080306463
0.0026532692341343844
0.0026533631128535266
0.0026534568191082094
0.0026535503393717522
0.0026536437723840415
0.0026537371181090063
0.0026538303662082376
0.002653923444855978
0.0026540163283112596
0.0026541090467508844
0.0026542016014973638
0.0026542940724589878
0.0026543864116761575
0.0026544786741263646
0.0026545709068471553
0.002654663107604009
0.002654755280056335
0.0026548474251519563
0.0026549395306364877
0.002655031555740819
0.0026551234515330042
0.0026552152690519906
0.0026553070079311267
0.002655398656981602
0.002655490225480827
0.00265558174836251
0.0026556732577020636
0.0026557647752707978
0.002655856303935826
0.002655947833006146
0.0026560393576077106
0.002656130882337239
0.002656222343305516
0.00265631364586333
0.002656404953950395
0.002656496272067456
0.002656587618298909
0.0026566789852435014
0.0026567703651084783
0.0026568617372653186
0.00265695307491391
0.0026570443892838073
0.002657135714294383
0.0026572270243629898
0.0026573183026461027
0.0026574095742408405
0.002657500829342181
0.0026575921081694286
0.0026576834291718544
0.0026577747882177856
0.002657866186668187
0.002657957633384019
0.002658049130696954
0.002658140694151417
0.0026582322915984537
0.0026583238313449874
0.0026584154181468933
0.0026585070412978424
0.002658598692815629
0.0026586903514411826
0.002658782011953973
0.0026588736970804073
0.0026589654283241376
0.002659057205835904
0.0026591490369613584
0.002659240935912718
0.0026593328805561336
0.002659424862263533
0.0026595169196699437
0.0026596090542762843
0.002659701259031293
0.0026597935128608126
0.0026598858113329295
0.0026599781527828228
0.0026600705402915724
0.0026601629957304835
0.002660255528375872
0.002660348132507738
0.0026604407709503795
0.0026605334231230068
0.0026606261334965525
0.002660718918365846
0.0026608117621094675
0.0026609046686682336
0.0026609976498337146
0.002661090711308816
0.0026611838641726593
0.002661277097148442
0.002661370361870668
0.0026614637104986727
0.002661557146911538
0.0026616506744291096
0.0026617442735109896
0.0026618379521833203
0.00266193170863173
0.0026620255645333894
0.002662119516973172
0.002662213560905157
0.0026623077069992123
0.002662401951772629
0.002662496272226434
0.0026625906758295623
0.0026626851854047178
0.002662779760209719
0.002662874372603169
0.0026629690468145013
0.002663063776232497
0.0026631586158594
0.0026632535674355616
0.0026633486060679227
0.0026634437545301343
0.0026635390114838975
0.0026636343773031824
0.002663729859592941
0.0026638254348902153
0.002663921130081283
0.002664016936836048
0.002664112826703595
0.0026642088452095264
0.00266430490716607
0.0026644010747607933
0.0026644973435503688
0.0026645937466471055
0.0026646902425324337
0.0026647868409032617
0.002664883542777008
0.002664980355947183
0.0026650772883387774
0.0026651743142282252
0.0026652714649401887
0.0026653687491825532
0.0026654661365903467
0.0026655636093467737
0.0026656611522606786
0.002665758857201848
0.0026658566446113997
0.0026659545534718073
0.0026660525829898087
0.002666150730550904
0.0026662490155448305
0.0026663474121532103
0.0026664459230691926
0.0026665445754599387
0.0026666433363179273
0.002666742221415712
0.0026668412466001597
0.0026669403930648233
0.002667039685684218
0.0026671390564090873
0.0026672385333767383
0.00266733820888808
0.002667437973712815
0.0026675378433279853
0.0026676378497948595
0.00266773798683918
0.0026678382450875887
0.0026679386383664785
0.002668039171012935
0.0026681398226242755
0.002668240601555337
0.00266834154439489
0.0026684425948376458
0.002668543736794158
0.002668645014566281
0.0026687463891370187
0.0026688478943706893
0.00266894953567871
0.0026690513765992045
0.002669153335797612
0.0026692554308991767
0.0026693576775761573
0.0026694600517813078
0.002669562562784483
0.0026696652224001576
0.002669768028502863
0.0026698709974469913
0.0026699741191713437
0.0026700773699748063
0.002670180742735382
0.0026702842951948987
0.002670387995339716
0.002670491791768861
0.002670595734481875
0.0026706998485011187
0.0026708041263325925
0.002670908519135478
0.0026710130218134138
0.0026711176703763887
0.002671222487398887
0.002671327457326846
0.002671432542677415
0.0026715377611316714
0.0026716431440439743
0.0026717486612881517
0.0026718543260982265
0.0026719601474876706
0.002672066154675915
0.002672172309759622
0.0026722785914111125
0.0026723850062348883
0.0026724916565485698
0.0026725984598733976
0.0026727053837191437
0.0026728124629084487
0.0026729197039260487
0.0026730270936952227
0.002673134656955304
0.0026732423767416545
0.002673350243637027
0.0026734582714296583
0.0026735664535447344
0.0026736747818114763
0.0026737832664231395
0.0026738919153944437
0.002674000733799253
0.00267410971633673
0.002674218879851213
0.0026743282165679703
0.002674437698725599
0.00267454731853157
0.0026746570876156196
0.002674767023454261
0.0026748771557843294
0.0026749874994585845
0.002675097974278117
0.002675208581101637
0.0026753193518524324
0.002675430300679438
0.002675541409412464
0.0026756526772191455
0.0026757641131636314
0.0026758757235898394
0.0026759875182759177
0.0026760994481151252
0.0026762115257654056
0.0026763238132592334
0.0026764362795521435
0.002676548913291842
0.002676661708879934
0.002676774668811739
0.0026768878113539157
0.0026770011233630936
0.002677114593163347
0.0026772282290911443
0.0026773420464107378
0.0026774560549748918
0.0026775702673232436
0.0026776846819136823
0.0026777992697210396
0.0026779140162873235
0.0026780289226351586
0.002678144001125615
0.002678259275820642
0.0026783747610423284
0.002678490439736475
0.00267860627031535
0.0026787222566923034
0.0026788384004419116
0.0026789547313820585
0.0026790713023749635
0.002679188052263703
0.002679304932209707
0.002679421991208451
0.0026795392358751977
0.002679656638145059
0.0026797742057435756
0.002679891960658761
0.0026800099112601738
0.002680128048415348
0.002680246357707312
0.002680364838114837
0.0026804835096124933
0.002680602396647308
0.002680721503049836
0.0026808408086358856
0.002680960291828884
0.0026810799505853013
0.0026811998022099478
0.0026813198608879383
0.0026814401198299045
0.002681560570779088
0.0026816811919854436
0.002681801976686338
0.002681922939921091
0.0026820441135520456
0.0026821654876659044
0.0026822870627708846
0.002682408844494268
0.0026825308035589605
0.0026826529425876626
0.00268277526719043
0.0026828977867056863
0.0026830205060892746
0.002683143419511058
0.0026832665392737295
0.002683389871171961
0.002683513387559755
0.002683637086293147
0.0026837609791289098
0.0026838850645893295
0.0026840093433740113
0.002684133825372021
0.00268425851952343
0.002684383424679281
0.0026845085282355603
0.0026846338164990494
0.002684759286758087
0.0026848849559818495
0.002685010847824213
0.002685136967198573
0.0026852632982524924
0.0026853898071711774
0.0026855164903443964
0.002685643344385218
0.0026857704096002466
0.002685897684356581
0.002686025166243687
0.0026861528746499894
0.00268628082353924
0.0026864089696741773
0.0026865373032721397
0.002686665832592816
0.002686794563593568
0.0026869234926582353
0.002687052622964005
0.002687181970128365
0.0026873115407610314
0.002687441324053626
0.002687571310348064
0.0026877015002289744
0.0026878318880829487
0.002687962487498597
0.0026880933159105446
0.002688224345985139
0.00268835559363234
0.002688487073445107
0.0026886187795774215
0.0026887506846714855
0.0026888827854007176
0.002689015092059178
0.0026891476078544944
0.002689280323857906
0.0026894132154308744
0.0026895463802302463
0.002689679744754275
0.002689813310373873
0.00268994710571363
0.0026900811186610653
0.0026902153532126277
0.002690349810822278
0.002690484484586934
0.0026906193571393485
0.002690754427663655
0.002690889737912859
0.002691025268239591
0.0026911610055419507
0.0026912969510686146
0.002691433103908895
0.0026915694532788923
0.002691706012249666
0.002691842804365132
0.0026919798402389294
0.0026921171282989374
0.0026922546543337892
0.0026923923982853652
0.0026925303670352813
0.0026926685517169417
0.00269280693984721
0.002692945527974137
0.0026930843111002425
0.0026932233097629685
0.0026933625677024236
0.0026935020585579657
0.002693641801780156
0.002693781762219701
0.0026939219303753086
0.002694062303890756
0.002694202834518904
0.0026943436761375523
0.00269448471864016
0.0026946259470120295
0.0026947673724095574
0.0026949090835985063
0.0026950510131382656
0.0026951931297192195
0.002695335483152582
0.0026954781228110502
0.0026956210063070855
0.0026957641112797114
0.0026959074262001563
0.0026960509239930537
0.0026961946263668753
0.002696338577287634
0.00269648279865089
0.0026966272765052987
0.002696771986856055
0.0026969169126378196
0.002697062040441769
0.0026972073379747624
0.0026973528610718654
0.002697498672752561
0.0026976447336131497
0.0026977910329275268
0.0026979375573617007
0.0026980842940801724
0.002698231251104811
0.0026983784828873408
0.0026985259725192247
0.002698673686626846
0.0026988216772368665
0.0026989698830013962
0.002699118288835134
0.002699266915108778
0.0026994158110481706
0.0026995648915880644
0.0026997141540101464
0.002699863696205621
0.002700013516174639
0.0027001635556560045
0.0027003138774659447
0.0027004644007653845
0.0027006151511810212
0.0027007660948928057
0.0027009172257457963
0.002701068656299167
0.0027012204090621226
0.00270137238494805
0.002701524560004914
0.002701676940079931
0.002701829452211379
0.0027019823241637205
0.002702135483686849
0.002702288866217348
0.0027024424759528824
0.002702596295134323
0.002702750313756359
0.002702904606056798
0.0027030591804754547
0.0027032140186200133
0.0027033690861941215
0.0027035243316670494
0.002703679859487917
0.002703835679314907
0.0027039917144388178
0.0027041479882719916
0.0027043044639948
0.0027044611158629365
0.002704618015193909
0.002704775213803719
0.0027049327119070747
0.0027050904903626913
0.002705248510802679
0.0027054067644695498
0.002705565291355519
0.0027057239930117554
0.002705882851048569
0.0027060419215189794
0.002706201321388588
0.002706361054445715
0.002706521000245336
0.002706681148009648
0.002706841442124842
0.002707001926665676
0.0027071628324409876
0.0027073239929023625
0.002707485368632529
0.002707646970412852
0.002707808676701961
0.0027079708448368082
0.0027081332259937282
0.002708295918246149
0.0027084587718837322
0.0027086217497795475
0.0027087850734146416
0.0027089487401146185
0.0027091126016491203
0.002709276640428006
0.00270944092169572
0.002709605457211081
0.0027097702952674696
0.0027099353966876247
0.0027101006442778316
0.002710266203182426
0.00271043202223975
0.0027105980707666706
0.0027107643647013096
0.0027109308486823044
0.002711097636212552
0.0027112647074490756
0.0027114320252394704
0.002711599586262185
0.002711767386131429
0.00271193545615218
0.002712103722590822
0.002712272184744036
0.0027124409052973076
0.0027126100272341917
0.002712779472770549
0.002712949082449846
0.002713118816579728
0.0027132887013823024
0.002713458918804037
0.002713629516202949
0.0027138003699889363
0.0027139713805875406
0.0027141426051818965
0.0027143142042511635
0.002714486080382331
0.002714658149498799
0.002714830370554894
0.002715002817769898
0.002715175610191125
0.002715348704873774
0.0027155220155484954
0.002715695527993916
0.0027158693713909576
0.0027160434400109435
0.002716217715486323
0.002716392179367533
0.0027165668905573545
0.0027167418584054474
0.002716917189487132
0.002717092711095863
0.0027172684601072033
0.002717444592403006
0.002717620886811033
0.0027177974287945147
0.0027179741295977307
0.0027181511860427366
0.0027183284594355754
0.0027185058725229857
0.0027186835285402944
0.0027188616169985303
0.0027190398965041347
0.0027192184120002514
0.0027193972393748773
0.002719576267872839
0.0027197555306269793
0.002719934953045549
0.0027201146763069987
0.0027202946760572313
0.0027204750001210325
0.0027206554861088994
0.0027208360144876285
0.002721017019836067
0.0027211984767917183
0.002721380100603596
0.0027215617935344933
0.002721743484376635
0.002721925722951455
0.0027221083457724792
0.002722291167083165
0.0027224739925016746
0.00272265716765252
0.0027228406590394786
0.002723024438819706
0.0027232083569082664
0.002723392599237147
0.0027235770896466304
0.002723761768700035
0.0027239465664806273
0.002724131723190826
0.002724317214481925
0.002724502981117436
0.0027246888707667407
0.002724875011859192
0.002725061426881676
0.0027252480925853903
0.0027254349226211528
0.0027256220817129654
0.002725809543635326
0.002725997225686422
0.0027261850353802746
0.002726373139476905
0.0027265615254349
0.002726750142429137
0.0027269389752413776
0.0027271281045045466
0.0027273174829682625
0.0027275070347342473
0.00272769677225963
0.002727886827781758
0.0027280771985334915
0.0027282677754788326
0.0027284585674097503
0.002728649620746816
0.0027288408719054985
0.0027290322795659946
0.0027292239909592424
0.002729416075376827
0.002729608377762473
0.002729800772617646
0.002729993437249011
0.0027301864531333385
0.0027303796199364683
0.002730572884417448
0.0027307665098109907
0.002730960625946021
0.002731154841460234
0.0027313490321686797
0.0027315434332368725
0.002731738380708219
0.0027319335938572765
0.002732128826746331
0.0027323241950014507
0.002732520048141558
0.0027327162110123687
0.002732912403471536
0.002733108717889268
0.002733305398849369
0.002733502424669014
0.0027336996641739793
0.002733897062537056
0.00273409463123084
0.0027342923581841014
0.002734490381918429
0.0027346888430185134
0.0027348874693237882
0.002735086168395159
0.002735285041576018
0.002735484302371664
0.0027356838444795393
0.002735883487175535
0.0027360833386937257
0.0027362834163088337
0.0027364838734047596
0.002736684382513973
0.002736885338018362
0.0027370862866460417
0.0027372875338353675
0.002737488947173356
0.0027376908374048613
0.002737892737510412
0.0027380948724812677
0.002738297135310382
0.00273849976889454
0.0027387025771503965
0.002738905606780441
0.0027391089528234366
0.0027393123735180293
0.0027395159810512403
0.0027397198862666285
0.0027399241614047606
0.002740128495619096
0.0027403329444000714
0.002740537700023309
0.0027407427464594372
0.002740947896040157
0.002741153235211755
0.0027413589932115475
0.0027415648086462955
0.002741770688614143
0.002741977028610094
0.002742183681496087
0.002742390312295138
0.0027425968655376454
0.0027428041896080425
0.0027430116776844043
0.002743219135352906
0.0027434266243311347
0.002743634714495706
0.0027438429319886883
0.0027440510701789854
0.00274425960050533
0.0027444685423548493
0.0027446775422673353
0.002744886321492917
0.0027450957802738897
0.0027453055816271253
0.0027455153342513185
0.0027457250184145673
0.0027459351769952007
0.0027461457034733175
0.002746356211031863
0.0027465669001365874
0.0027467778137478184
0.0027469889732831087
0.002747200282457027
0.0027474118690963964
0.0027476236163640503
0.002747835440910247
0.002748047597701022
0.0027482598896865183
0.0027484723003657592
0.0027486850107013763
0.0027488980000480033
0.002749111047231284
0.002749324046264736
0.0027495374380997035
0.002749751181908691
0.002749964988781828
0.002750178863855182
0.002750392929334063
0.002750607300267902
0.002750821825963452
0.0027510365940931016
0.002751251390293559
0.002751466278253851
0.0027516815999547514
0.0027518970626198226
0.0027521126226985977
0.0027523282650915755
0.002752544270811049
0.0027527604029883154
0.002752976511413281
0.002753193053403631
0.002753409689082332
0.002753626438042011
0.0027538433262127376
0.002754060490187359
0.0027542777595305555
0.0027544951122739757
0.002754712861481236
0.0027549306347414595
0.0027551484806574694
0.002755366616362683
0.0027555850011881976
0.0027558033212737756
0.002756021711324811
0.0027562406311584416
0.002756459664326279
0.0027566785242850817
0.0027568977436476286
0.002757117169933097
0.002757336628146822
0.002757556265786632
0.002757776237884705
0.002757996157716622
0.002758216051748378
0.0027584365158760263
0.002758657101147285
0.0027588774213684877
0.0027590980098212378
0.0027593191263803026
0.0027595402171200316
0.0027597611069230497
0.002759982418776444
0.0027602040299701124
0.0027604253965193754
0.002760647068468126
0.002760869075571425
0.0027610910953402294
0.0027613130854379705
0.002761535349544551
0.002761757827315805
0.002761980149690822
0.0027622027028266346
0.0027624256232084677
0.002762648503672498
0.0027628715434235332
0.0027630946791654992
0.0027633180101443145
0.002763541402625178
0.0027637648815791384
0.0027639885437226778
0.002764212292885713
0.00276443626902201
0.0027646602021640515
0.0027648841321869302
0.002765108532725546
0.0027653329828834505
0.0027655573521270993
0.0027657818494262456
0.0027660066720745584
0.002766231504039091
0.002766456258949834
0.002766681311580218
0.0027669065133741257
0.0027671316524753653
0.002767357012756967
0.002767582470746022
0.002767807963374388
0.002768033607687447
0.002768259407807576
0.002768485256249173
0.0027687111490639752
0.0027689371850502156
0.002769163302872762
0.002769389500714203
0.002769615922104592
0.0027698423105812857
0.0027700685861061455
0.002770295347300781
0.002770522122197818
0.002770748795332519
0.0027709756943839264
0.002771202807264485
0.0027714298326560567
0.0027716568047570045
0.002771884105239405
0.0027721114707767672
0.002772338688726566
0.002772566204101644
0.0027727937228515707
0.002773021139499418
0.002773248897824016
0.002773476676704807
0.002773704418408922
0.002773932322149817
0.0027741604132086777
0.0027743883567854727
0.0027746162585079058
0.00277484460275315
0.002775072801356295
0.0027753007524752484
0.002775529264538478
0.0027757577630627994
0.0027759859841784552
0.0027762144887326064
0.002776443201073305
0.002776671654643305
0.0027769000666588487
0.002777128916024061
0.002777357649631512
0.002777586200380172
0.002777815118823342
0.0027780440526953038
0.002778272695377023
0.002778501642749515
0.002778730715215516
0.002778959378589509
0.0027791883846892155
0.0027794176575036376
0.0027796466275974434
0.002779875532183416
0.0027801048026846686
0.002780334040325169
0.0027805629427950108
0.0027807920988991135
0.002781021529319926
0.0027812505820960036
0.0027814797006578927
0.002781709070911004
0.002781938222918753
0.0027821674534273494
0.0027823967775183873
0.0027826259973612005
0.002782855344582489
0.0027830846081691738
0.002783313913651694
0.002783543205666907
0.002783772485184812
0.0027840017948794244
0.0027842309846273622
0.00278446019287546
0.002784689511935195
0.0027849187640343674
0.0027851481177991484
0.002785377318275331
0.0027856063904596754
0.0027858357532255535
0.0027860648770293953
0.002786293795877472
0.0027865231761912664
0.0027867523647532554
0.002786981370713
0.0027872104408677456
0.0027874396355373303
0.0027876685861903954
0.0027878973175212876
0.002788126276837695
0.0027883550423832035
0.0027885835883037194
0.002788812379798906
0.002789041085604596
0.0027892695524676567
0.00278949809354452
0.0027897266593584994
0.002789955067115003
0.0027901835600549546
0.002790411951032699
0.002790640096805133
0.00279086852061286
0.0027910967003555126
0.002791324722989601
0.0027915528942919613
0.00279178093748753
0.0027920087812550592
0.0027922366544549
0.0027924645271264295
0.0027926922044892366
0.002792919813345678
0.0027931475934105396
0.002793375088510852
0.0027936023373578344
0.0027938298539186123
0.0027940570697734834
0.002794283980237513
0.0027945113032982155
0.0027947383480239037
0.0027949650084750804
0.002795192118490865
0.00279541891092272
0.002795645308901318
0.002795871941281506
0.0027960984742607786
0.0027963246757056496
0.002796550837355392
0.002796777048947939
0.0027970029953752395
0.0027972288557262747
0.0027974547702992055
0.002797680305347776
0.0027979056909528594
0.002798131336800748
0.0027983564596059255
0.0027985813925999396
0.002798806829678378
0.002799031686945992
0.00279925612501546
0.0027994810756356817
0.002799705685456486
0.002799929693486822
0.002800154108788982
0.0028003784155057315
0.0028006020606967546
0.0028008258753754707
0.00280104976466486
0.002801273100593863
0.002801496396941799
0.0028017198384877365
0.0028019427786408644
0.0028021655743331285
0.0028023885080346147
0.0028026110816868044
0.0028028333210423214
0.002803055712571601
0.0028032778254713604
0.002803499461297924
0.002803721338703739
0.0028039430390676065
0.0028041641376338453
0.0028043854187349932
0.0028046065659417608
0.0028048271193155476
0.0028050478093379007
0.0028052684188810753
0.0028054884952880186
0.0028057085910104867
0.0028059285416556735
0.0028061480381390415
0.002806367487099745
0.0028065867680112716
0.0028068057695584373
0.002807024515074839
0.0028072431313619335
0.002807461548325777
0.002807679617711335
0.0028078975292679365
0.002808115315573827
0.0028083327550221613
0.0028085500128802706
0.002808767128393024
0.0028089839558689497
0.0028092005302984783
0.0028094168040218677
0.002809632897911384
0.0028098488444681545
0.0028100643868217
0.00281027971366696
0.0028104949458003987
0.0028107097340817717
0.002810924257498384
0.0028111387096132427
0.00281135273065239
0.0028115664908604345
0.0028117802053694023
0.002811993512871794
0.0028122064816994362
0.0028124193800855863
0.0028126318165946815
0.002812843865282221
0.0028130559299541337
0.0028132675383137884
0.002813478795036359
0.002813690047041564
0.002813900922326898
0.0028141113417292753
0.0028143216074683845
0.0028145315809132458
0.0028147411266876464
0.002814950403303905
0.0028151594581311175
0.002815368138428215
0.002815576448583887
0.0028157845401343773
0.002815992391801468
0.002816199911462578
0.00281640718996553
0.0028166140906206406
0.002816820633388643
0.0028170269034093745
0.002817232817891801
0.002817438450430102
0.002817643851720481
0.0028178487327580916
0.0028180533655360698
0.002818257680015824
0.002818461442414371
0.002818664952622402
0.0028188681980487345
0.0028190708656828834
0.002819273293750934
0.002819475444040922
0.0028196769542101537
0.0028198782726552504
0.0028200793982185645
0.002820279828240359
0.0028204799376525826
0.0028206798717916835
0.0028208791808216793
0.0028210780964167547
0.0028212767763406295
0.002821474898670982
0.0028216725849070823
0.0028218700287182606
0.002822066974126506
0.002822263461206962
0.002822459679213002
0.002822655359058208
0.0028228505274042735
0.0028230454277101908
0.0028232397997530346
0.0028234336813070765
0.0028236273192072422
0.0028238204156525717
0.0028240127253044522
0.0028242046996864783
0.002824396171172175
0.0028245870625262922
0.0028247776624173333
0.002824967785635422
0.0028251572232407297
0.0028253463579734285
0.002825535083742571
0.002825723085883297
0.0028259107932409834
0.0028260980574842253
0.002826284514364077
0.002826470749306113
0.002826656575002246
0.0028268414971442633
0.002827026188595839
0.0028272104963890294
0.0028273938499960437
0.002827576964152612
0.002827759765016539
0.0028279416164048417
0.0028281230434991445
0.0028283041637688373
0.0028284843937434272
0.0028286641348241074
0.002828843545107458
0.0028290220969626897
0.0028292001433521956
0.002829377870264179
0.002829554855412689
0.00282973120602401
0.00282990717196034
0.002830082449025337
0.002830256992716139
0.0028304311361754303
0.0028306046377478203
0.0028307773503836527
0.0028309496829873374
0.0028311213646861253
0.0028312921816760644
0.0028314627117776887
0.0028316325740958535
0.0028318014701182357
0.002831969931357424
0.002832137834717347
0.002832304832952604
0.002832471280158877
0.0028326371866643925
0.002832802226608464
0.002832966645442098
0.0028331305757605253
0.0028332936453658907
0.0028334559508044143
0.002833617757379966
0.0028337787810703823
0.0028339389910385406
0.0028340986852227372
0.002834257615239698
0.0028344156624845345
0.002834573148225218
0.0028347298757075874
0.0028348857496968377
0.0028350410608656146
0.0028351955581221596
0.002835349343511416
0.00283550235285099
0.0028356545207285813
0.0028358060860185475
0.0028359566504248053
0.002836106395225782
0.0028362556236009146
0.002836403744666727
0.0028365510975341085
0.0028366979683147127
0.0028368436815203787
0.0028369886829188204
0.0028371332164380983
0.0028372767613242776
0.002837419387169173
0.0028375614327162753
0.0028377024241335023
0.0028378423887062405
0.0028379817691860615
0.002838120132520468
0.002838257467633003
0.0028383940697955345
0.0028385297354889395
0.002838664438442444
0.00283879827934612
0.002838931214889509
0.00283906308177329
0.002839194028620181
0.00283932408197062
0.002839453076731541
0.0028395811151449802
0.0028397082648432214
0.002839834318429329
0.002839959376569296
0.0028400835054301263
0.0028402064858521594
0.00284032845582905
0.002840449496327549
0.0028405690629791564
0.002840687498444767
0.002840804973037423
0.0028409212784922446
0.00284103648637359
0.002841150621667113
0.002841263638374212
0.0028413755608384258
0.002841486355007899
0.0028415959906903333
0.0028417044993041428
0.0028418118569115847
0.0028419180023580982
0.0028420229882125028
0.00284212677167415
0.0028422292502174908
0.0028423305443583593
0.0028424306747592684
0.002842529476521432
0.002842627099530932
0.002842723574103816
0.002842818588453413
0.0028429123387655355
0.0028430049462149004
0.0028430960679272045
0.002843185902423314
0.002843274506751682
0.0028433615416808143
0.0028434472271951883
0.0028435317298134005
0.00284361469821983
0.0028436962689941765
0.0028437765745715437
0.002843855340550614
0.0028439326441497877
0.002844008621901985
0.002844083066008537
0.00284415598573878
0.0028442275072776005
0.002844297491999253
0.0028443659615852235
0.0028444329850671746
0.002844498444353787
0.0028445623105427032
0.0028446246284863715
0.002844685337954871
0.0028447444268521805
0.00284480192809032
0.0028448577780778826
0.002844911924038465
0.0028449644315727174
0.0028450152361639168
0.002845064309721867
0.002845111776783897
0.0028451577959448383
0.0028452021431755953
0.0028452447182076334
0.002845285481459559
0.0028453244034061334
0.0028453615487726573
0.002845396835200714
0.0028454302306254327
0.002845461791060873
0.0028454914452794608
0.002845519146735383
0.0028455449496786163
0.0028455688000570416
0.002845590632869347
0.002845610500152931
0.002845628359966323
0.0028456441461235105
0.002845657900319451
0.0028456695847709668
0.0028456791464124423
0.0028456865642702577
0.002845691355360393
0.002845693968960823
0.002845694401520718
0.0028456926205293488
0.0028456886113566943
0.0028456823450171294
0.0028456737864165
0.0028456629455809353
0.0028456497758245444
0.0028456342301378854
0.0028456162519216767
0.002845595865755211
0.0028455730287107114
0.0028455477744185236
0.0028455200510075053
0.002845489797549418
0.002845456990826365
0.0028454215746946928
0.002845383532134905
0.0028453428819753867
0.002845299643521124
0.0028452536923995312
0.0028452050559132614
0.0028451537484481667
0.0028450996455710088
0.0028450427874040563
0.0028449831606732596
0.0028449207192945583
0.0028448554161770007
0.002844787299841052
0.0028447162180567026
0.0028446421280720856
0.0028445651588808398
0.0028444850713368495
0.0028444018462185604
0.0028443156964913347
0.002844226358454959
0.0028441338211060707
0.0028440382251377514
0.0028439396087544047
0.002843837639552725
0.0028437325766297473
0.002843624516580754
0.0028435129464778747
0.0028433979772181416
0.0028432797310355357
0.0028431579235620756
0.0028430325601361923
0.0028429036824848086
0.0028427713253378634
0.002842635343764132
0.0028424955343753448
0.002842352281274116
0.0028422052860684653
0.0028420541820798214
0.002841899619126098
0.0028417412605966897
0.0028415785638539683
0.0028414120004116696
0.002841241166876223
0.002841065916923889
0.0028408869142766105
0.0028407038248452416
0.002840516353278162
0.002840324832372402
0.0028401290764010077
0.002839928827333282
0.0028397242419418312
0.002839515313133495
0.002839301871814302
0.0028390838150823172
0.0028388614006061483
0.0028386342895229694
0.0028384023536674506
0.0028381660469327208
0.002837924890027306
0.002837678707972072
0.0028374281231472462
0.002837172641914664
0.00283691199995313
0.002836646531612551
0.0028363759431788045
0.0028361000681051576
0.002835819271068358
0.0028355332835263364
0.0028352418780687484
0.0028349452940981605
0.0028346432224672586
0.0028343355876850403
0.0028340227711574416
0.002833704342714912
0.00283338004052095
0.0028330507672410937
0.0028327157238797387
0.0028323745662039335
0.0028320279808890683
0.0028316753495690305
0.0028313163566776206
0.002830951648674296
0.002830580713778056
0.002830203275059117
0.0028298198474504474
0.002829430080298941
0.0028290336787599266
0.0028286310344002572
0.0028282217486490934
0.002827805450161052
0.00282738203174695
0.002826951803127876
0.002826514486244768
0.0028260703570010728
0.0028256194113365097
0.0028251610777393923
0.0028246954508636705
0.0028242227543215687
0.0028237422979173568
0.002823254536730387
0.0028227596231780307
0.002822256404421648
0.0028217459341537843
0.002821228444657948
0.002820702144054207
0.002820168158294523
0.0028196269809060955
0.0028190764883876543
0.0028185179690023944
0.002817952320063896
0.002817377077913092
0.0028167931881494654
0.002816202020591031
0.002815601557980931
0.0028149918332821145
0.002814374279473849
0.002813747424816067
0.00281311097019044
0.0028124667809117567
0.002811813526837971
0.002811149815171958
0.002810477173979398
0.0028097952364021283
0.0028091027453013414
0.002808401259838118
0.0028076903617998646
0.002806968205911863
0.0028062363209514565
0.002805495207625567
0.00280474252973142
0.002803979502853495
0.002803206059433271
0.0028024203880709225
0.002801624676523825
0.0028008189057652064
0.0027999998974474537
0.002799170376170723
0.0027983313433920906
0.002797478427252868
0.0027966141912858316
0.0027957409503625856
0.002794852743128395
0.0027939528693058133
0.0027930435654274356
0.002792119815589231
0.002791183070598569
0.0027902360873669012
0.002789275280526462
0.0027883005839053235
0.0027873145143130816
0.0027863163287755455
0.002785302107907317
0.002784276233705218
0.0027832387044374072
0.0027821836081341833
0.0027811170364395116
0.002780039014576648
0.002778942222928995
0.002777832836971379
0.002776711757726926
0.0027755722545925203
0.0027744181835683995
0.0027732522703945717
0.002772068710740775
0.002770869254941274
0.0027696575459542944
0.0027684276009011344
0.0027671791979978796
0.0027659175230969313
0.002764640199574268
0.0027633424511477643
0.002762030547000275
0.002760703879506365
0.002759356733140933
0.0027579934692861722
0.0027566150830435005
0.002755216550414198
0.002753799685401815
0.002752367504877646
0.0027509160599503055
0.002749444764110192
0.0027479572395901737
0.0027464504915403276
0.0027449236218698345
0.002743379091210085
0.002741814266189781
0.0027402287703117297
0.002738624704127736
0.0027370002899825634
0.0027353556062159577
0.002733690293816066
0.002732004779277179
0.0027302975461906656
0.002728568640805562
0.002726819158778864
0.0027250470988749525
0.0027232530655988086
0.0027214371002138235
0.0027195964776585133
0.002717733245260373
0.0027158481530849495
0.002713938110341351
0.002712003545252014
0.002710045340895599
0.002708062711465141
0.002706056898452023
0.0027040253903114083
0.0027019686125905103
0.002699886996079824
0.002697778325111554
0.0026956454995389787
0.0026934862329338733
0.0026912987177872333
0.002689085052559244
0.002686843648953635
0.0026845744846778047
0.0026822775757819307
0.0026799543191007576
0.0026776021644660296
0.0026752184589532834
0.002672807822059827
0.002670368537617322
0.0026678951727813795
0.0026653934813542163
0.002662863753694922
0.0026602981859310546
0.0026577012393067213
0.0026550743357362534
0.002652412174209488
0.0026497169083889408
0.002646992589325134
0.0026442330417989768
0.0026414357326074137
0.0026386073779074938
0.0026357455065096533
0.0026328441845514124
0.002629909143221098
0.002626941150335165
0.002623932970998272
0.0026208886077249854
0.0026178105700994992
0.0026146883418480178
0.002611527451963152
0.0026083350771285803
0.0026050969863706873
0.0026018200560520197
0.002598506289722222
0.0025951495954889253
0.002591749568253911
0.0025883099447967873
0.0025848282476319167
0.0025812994540273244
0.0025777272035296295
0.002574113944343062
0.0025704504454768713
0.002566743535422145
0.0025629966604690862
0.002559195167994426
0.002555348542425691
0.002551460308556922
0.0025475144557233448
0.0025435236325384294
0.002539483280757136
0.0025353914389027905
0.002531249126988103
0.002527055645583552
0.0025228104322378504
0.002518508586535138
0.002514156382262903
0.0025097508440099455
0.002505285811501599
0.002500769648704088
0.002496194926207024
0.002491556717360316
0.002486867257868995
0.0024821197114638077
0.0024773016735891566
0.002472427076796869
0.0024674925731311766
0.0024624903589429647
0.0024574258705543565
0.0024523031953594485
0.0024471109494775952
0.0024418507199631154
0.002436528946277564
0.0024311332170219367
0.002425664475248502
0.002420133108480495
0.002414529774803319
0.002408844619004874
0.0024030973728497457
0.0023972767182633735
0.0023913699736923077
0.0023853934261743423
0.0023793412141427358
0.0023731992755477273
0.0023669786315018183
0.0023606864670183054
0.0023543033568612596
0.0023478285219145937
0.002341285502818677
0.0023346507878815727
0.002327911080811212
0.002321097846025899
0.002314196960409776
0.0023071851486761363
0.0023000838086685805
0.0022929024775916176
0.0022856147073937795
0.0022782190287124215
0.0022707350494289495
0.0022631473000537276
0.002255445744071244
0.0022476522302002627
0.0022397505774850433
0.002231726668382368
0.002223596922383037
0.0022153514485890335
0.002206989577566938
0.0021985135740624526
0.0021899191150837275
0.0021811953209480146
0.002172351447668958
0.002163395873048464
0.0021542885536761894
0.0021450536704039555
0.0021357053016822854
0.0021262102315326285
0.0021165991657372545
0.002106898022678002
0.002097083295737154
0.0020871259668168154
0.0020770651002557155
0.0020669012762866315
0.0020565745929843884
0.002046121968776922
0.0020355639687545555
0.002024852692111447
0.0020139890707969225
0.0020030163586233097
0.0019918827174535115
0.001980572935519788
0.0019691292546326344
0.0019575451788637526
0.0019457718536904256
0.0019338303551578353
0.0019217466548071154
0.0019094674738535592
0.0018969910418907385
0.0018843628398607884
0.0018715272620660288
0.0018584721979587307
0.001845237192992355
0.0018317999346075518
0.001818120669971749
0.0018042157782129475
0.0017901129978980287
0.001775751692288409
0.0017611291451148637
0.0017462949257775326
0.0017311750659170927
0.0017157604958914876
0.0017000912539459694
0.0016841351544264573
0.0016678650781515789
0.001651271460220047
0.00163438058278085
0.0016171343756515818
0.0015995219751122535
0.0015815740618988611
0.0015632235179249537
0.001544467281790545
0.0015253142162101937
0.001505711836699006
0.0014856563882721698
0.001465115985730903
0.0014440932392077027
0.0014225240495767066
0.0014003944048844447
0.001377697079367308
0.0013543623142123963
0.0013303773915246608
0.0013057099011666157
0.0012802724945795117
0.001254043365458137
0.0012269687428460058
0.0011989927516829204
0.0011700218416207237
0.0011399870934654575
0.0011088070921864638
0.0010763449486510873
0.0010424990012814028
0.0010071285330837342
0.0009700244247095195
0.0009310064578417446
0.0008897877583885759
0.000846054651759664
0.0007993663581862071
0.00074916717519049
0.0006946938731047532
0.0006347952856796082
0.0005677758377577838
0.0004906383570753437
0.00039755762567736147
0.0002727089591638137
0.0
0.0
0.0
0.0
0.0
0.0
0.0
0.0
0.0
0.0
0.0
0.0
0.0
0.0
0.0
0.0
0.0
0.0
0.0
0.0
0.0
0.0
0.0
0.0
0.0
0.0
0.0
0.0
0.0
0.0
0.0
0.0
0.0
0.0
0.0
0.0
0.0
0.0
0.0
0.0
0.0
0.0
0.0
0.0
0.0
0.0
0.0
0.0
0.0
0.0
0.0
0.0
0.0
0.0
0.0
0.0
0.0
0.0
0.0
0.0
0.0
0.0
0.0
0.0
0.0
0.0
0.0
0.0
0.0
0.0
0.0
0.0
0.0
0.0
0.0
0.0
0.0
0.0
0.0
0.0
0.0
0.0
0.0
0.0
0.0
0.0
0.0
0.0
0.0
0.0
0.0
0.0
0.0
0.0
0.0
0.0
0.0
0.0
0.0
0.0
0.0
0.0
0.0
0.0
0.0
0.0
0.0
0.0
0.0
0.0
0.0
0.0
0.0
0.0
0.0
0.0
0.0
0.0
0.0
0.0
0.0
0.0
0.0
0.0
0.0
0.0
0.0
0.0
0.0
0.0
0.0
0.0
0.0
0.0
0.0
0.0
0.0
0.0
0.0
0.0
0.0
0.0
0.0
0.0
0.0
0.0
0.0
0.0
0.0
0.0
0.0
0.0
0.0
0.0
0.0
0.0
0.0
0.0
0.0
0.0
0.0
0.0
0.0
0.0
0.0
0.0
0.0
0.0
0.0
0.0
0.0
0.0
0.0
0.0
0.0
0.0
0.0
0.0
0.0
0.0
0.0
0.0
0.0
0.0
0.0
0.0
0.0
0.0
0.0
0.0
0.0
0.0
0.0
0.0
0.0
0.0
0.0
0.0
0.0
0.0
0.0
0.0
0.0
0.0
0.0
0.0
0.0
0.0
0.0
0.0
0.0
0.0
0.0
0.0
0.0
0.0
0.0
0.0
0.0
0.0
0.0
0.0
0.0
0.0
0.0
0.0
0.0
0.0
0.0
0.0
0.0
0.0
0.0
0.0
0.0
0.0
0.0
0.0
0.0
0.0
0.0
0.0
0.0
0.0
0.0
0.0
0.0
0.0
0.0
0.0
0.0
0.0
0.0
0.0
0.0
0.0
0.0
0.0
0.0
0.0
0.0
0.0
0.0
0.0
0.0
0.0
0.0
0.0
0.0
0.0
0.0
0.0
0.0
0.0
0.0
0.0
0.0
0.0
0.0
0.0
0.0
0.0
0.0
0.0
0.0
0.0
0.0
0.0
0.0
0.0
0.0
0.0
0.0
0.0
0.0
0.0
0.0
0.0
0.0
0.0
0.0
0.0
0.0
0.0
0.0
0.0
0.0
0.0
0.0
0.0
0.0
0.0
0.0
0.0
0.0
0.0
0.0
0.0
0.0
0.0
0.0
0.0
0.0
0.0
0.0
0.0
0.0
0.0
0.0
0.0
0.0
0.0
0.0
0.0
0.0
0.0
0.0
0.0
0.0
0.0
0.0
0.0
0.0
0.0
0.0
0.0
0.0
0.0
0.0
0.0
0.0
0.0
0.0
0.0
0.0
0.0
0.0
0.0
0.0
0.0
0.0
0.0
0.0
0.0
0.0
0.0
0.0
0.0
0.0
0.0
0.0
0.0
0.0
0.0
0.0
0.0
0.0
0.0
0.0
0.0
0.0
0.0
0.0
0.0
0.0
0.0
0.0
0.0
0.0
0.0
0.0
0.0
0.0
0.0
0.0
0.0
0.0
0.0
0.0
0.0
0.0
0.0
0.0
0.0
0.0
0.0
0.0
0.0
0.0
0.0
0.0
0.0
0.0
0.0
0.0
0.0
0.0
0.0
0.0
0.0
0.0
0.0
0.0
0.0
0.0
0.0
0.0
0.0
0.0
0.0
0.0
0.0
0.0
0.0
0.0
0.0
0.0
0.0
0.0
0.0
0.0
0.0
0.0
0.0
0.0
0.0
0.0
0.0
0.0
0.0
0.0
0.0
0.0
0.0
0.0
0.0
0.0
0.0
0.0
0.0
0.0
0.0
0.0
0.0
0.0
0.0
0.0
0.0
0.0
0.0
0.0
0.0
0.0
0.0
0.0
0.0
0.0
0.0
0.0
0.0
0.0
0.0
0.0
0.0
0.0
0.0
0.0
0.0
0.0
0.0
0.0
0.0
0.0
0.0
0.0
0.0
0.0
0.0
0.0
0.0
0.0
0.0
0.0
0.0
0.0
0.0
0.0
0.0
0.0
0.0
0.0
0.0
0.0
0.0
0.0
0.0
0.0
0.0
0.0
0.0
0.0
0.0
0.0
0.0
0.0
0.0
0.0
0.0
0.0
0.0
0.0
0.0
0.0
0.0
0.0
0.0
0.0
0.0
0.0
0.0
0.0
0.0
0.0
0.0
0.0
0.0
0.0
0.0
0.0
0.0
0.0
0.0
0.0
0.0
0.0
0.0
0.0
0.0
0.0
0.0
0.0
0.0
0.0
0.0
0.0
0.0
0.0
0.0
0.0
0.0
0.0
0.0
0.0
0.0
0.0
0.0
0.0
0.0
0.0
0.0
0.0
0.0
0.0
0.0
0.0
0.0
0.0
0.0
0.0
0.0
0.0
0.0
0.0
0.0
0.0
0.0
0.0
0.0
0.0
0.0
0.0
0.0
0.0
0.0
0.0
0.0
0.0
0.0
0.0
0.0
0.0
0.0
0.0
0.0
0.0
0.0
0.0
0.0
0.0
0.0
0.0
0.0
0.0
0.0
0.0
0.0
0.0
0.0
0.0
0.0
0.0
0.0
0.0
0.0
0.0
0.0
0.0
0.0
0.0
0.0
0.0
0.0
0.0
0.0
0.0
0.0
0.0
0.0
0.0
0.0
0.0
0.0
0.0
0.0
0.0
0.0
0.0
0.0
0.0
0.0
0.0
0.0
0.0
0.0
0.0
0.0
0.0
0.0
0.0
0.0
0.0
0.0
0.0
0.0
0.0
0.0
0.0
0.0
0.0
0.0
0.0
0.0
0.0
0.0
0.0
0.0
0.0
0.0
0.0
0.0
0.0
0.0
0.0
0.0
0.0
0.0
0.0
0.0
0.0
0.0
0.0
0.0
0.0
0.0
0.0
0.0
0.0
0.0
0.0
0.0
0.0
0.0
0.0
0.0
0.0
0.0
0.0
0.0
0.0
0.0
0.0
0.0
0.0
0.0
0.0
0.0
0.0
0.0
0.0
0.0
0.0
0.0
0.0
0.0
0.0
0.0
0.0
0.0
0.0
0.0
0.0
0.0
0.0
0.0
0.0
0.0
0.0
0.0
0.0
0.0
0.0
0.0
0.0
0.0
0.0
0.0
0.0
0.0
0.0
0.0
0.0
0.0
0.0
0.0
0.0
0.0
0.0
0.0
0.0
0.0
0.0
0.0
0.0
0.0
0.0
0.0
0.0
0.0
0.0
0.0
0.0
0.0
0.0
0.0
0.0
0.0
0.0
0.0
0.0
0.0
0.0
0.0
0.0
0.0
0.0
0.0
0.0
0.0
0.0
0.0
0.0
0.0
0.0
0.0
0.0
0.0
0.0
0.0
0.0
0.0
0.0
0.0
0.0
0.0
0.0
0.0
0.0
0.0
0.0
0.0
0.0
0.0
0.0
0.0
0.0
0.0
0.0
0.0
0.0
0.0
0.0
0.0
0.0
0.0
0.0
0.0
0.0
0.0
0.0
0.0
0.0
0.0
0.0
0.0
0.0
0.0
0.0
0.0
0.0
0.0
0.0
0.0
0.0
0.0
0.0
0.0
0.0
0.0
0.0
0.0
0.0
0.0
0.0
0.0
0.0
0.0
0.0
0.0
0.0
0.0
0.0
0.0
0.0
0.0
0.0
0.0
0.0
0.0
0.0
0.0
0.0
0.0
0.0
0.0
0.0
0.0
0.0
0.0
0.0
0.0
0.0
0.0
0.0
0.0
0.0
0.0
0.0
0.0
0.0
0.0
0.0
0.0
0.0
0.0
0.0
0.0
0.0
0.0
0.0
0.0
0.0
0.0
0.0
0.0
0.0
0.0
0.0
0.0
0.0
0.0
0.0
0.0
0.0
0.0
0.0
0.0
0.0
0.0
0.0
0.0
0.0
0.0
0.0
0.0
0.0
0.0
0.0
0.0
0.0
0.0
0.0
0.0
0.0
0.0
0.0
0.0
0.0
0.0
0.0
0.0
0.0
0.0
0.0
0.0
0.0
0.0
0.0
0.0
0.0
0.0
0.0
0.0
0.0
0.0
0.0
0.0
0.0
0.0
0.0
0.0
0.0
0.0
0.0
0.0
0.0
0.0
0.0
0.0
0.0
0.0
0.0
0.0
0.0
0.0
0.0
0.0
0.0
0.0
0.0
0.0
0.0
0.0
0.0
0.0
0.0
0.0
0.0
0.0
0.0
0.0
0.0
0.0
0.0
0.0
0.0
0.0
0.0
0.0
0.0
0.0
0.0
0.0
0.0
0.0
0.0
0.0
0.0
0.0
0.0
0.0
0.0
0.0
0.0
0.0
0.0
0.0
0.0
0.0
0.0
0.0
0.0
0.0
0.0
0.0
0.0
0.0
0.0
0.0
0.0
0.0
0.0
0.0
0.0
0.0
0.0
0.0
0.0
0.0
0.0
0.0
0.0
0.0
0.0
0.0
0.0
0.0
0.0
0.0
0.0
0.0
0.0
0.0
0.0
0.0
0.0
0.0
0.0
0.0
0.0
0.0
0.0
0.0
0.0
0.0
0.0
0.0
0.0
0.0
0.0
0.0
0.0
0.0
0.0
0.0
0.0
0.0
0.0
0.0
0.0
0.0
0.0
0.0
0.0
0.0
0.0
0.0
0.0
0.0
0.0
0.0
0.0
0.0
0.0
0.0
0.0
0.0
0.0
0.0
0.0
0.0
0.0
0.0
0.0
0.0
0.0
0.0
0.0
0.0
0.0
0.0
0.0
0.0
0.0
0.0
0.0
0.0
0.0
0.0
0.0
0.0
0.0
0.0
0.0
0.0
0.0
0.0
0.0
0.0
0.0
0.0
0.0
0.0
0.0
0.0
0.0
0.0
0.0
0.0
0.0
0.0
0.0
0.0
0.0
0.0
0.0
0.0
0.0
0.0
0.0
0.0
0.0
0.0
0.0
0.0
0.0
0.0
0.0
0.0
0.0
0.0
0.0
0.0
0.0
0.0
0.0
0.0
0.0
0.0
0.0
0.0
0.0
0.0
0.0
0.0
0.0
0.0
0.0
0.0
0.0
0.0
0.0
0.0
0.0
0.0
0.0
0.0
0.0
0.0
0.0
0.0
0.0
0.0
0.0
0.0
0.0
0.0
0.0
0.0
0.0
0.0
0.0
0.0
0.0
0.0
0.0
0.0
0.0
0.0
0.0
0.0
0.0
0.0
0.0
0.0
0.0
0.0
0.0
0.0
0.0
0.0
0.0
0.0
0.0
0.0
0.0
0.0
0.0
0.0
0.0
0.0
0.0
0.0
0.0
0.0
0.0
0.0
0.0
0.0
0.0
0.0
0.0
0.0
0.0
0.0
0.0
0.0
0.0
0.0
0.0
0.0
0.0
0.0
0.0
0.0
0.0
0.0
0.0
0.0
0.0
0.0
0.0
0.0
0.0
0.0
0.0
0.0
0.0
0.0
0.0
0.0
0.0
0.0
0.0
0.0
0.0
0.0
0.0
0.0
0.0
0.0
0.0
0.0
0.0
0.0
0.0
0.0
0.0
0.0
0.0
0.0
0.0
0.0
0.0
0.0
0.0
0.0
0.0
0.0
0.0
0.0
0.0
0.0
0.0
0.0
0.0
0.0
0.0
0.0
0.0
0.0
0.0
0.0
0.0
0.0
0.0
0.0
0.0
0.0
0.0
0.0
0.0
0.0
0.0
0.0
0.0
0.0
0.0
0.0
0.0
0.0
0.0
0.0
0.0
0.0
0.0
0.0
0.0
0.0
0.0
0.0
0.0
0.0
0.0
0.0
0.0
0.0
0.0
0.0
0.0
0.0
0.0
0.0
0.0
0.0
0.0
0.0
0.0
0.0
0.0
0.0
0.0
0.0
0.0
0.0
0.0
0.0
0.0
0.0
0.0
0.0
0.0
0.0
0.0
0.0
0.0
0.0
0.0
0.0
0.0
0.0
0.0
0.0
0.0
0.0
0.0
0.0
0.0
0.0
0.0
0.0
0.0
0.0
0.0
0.0
0.0
0.0
0.0
0.0
0.0
0.0
0.0
0.0
0.0
0.0
0.0
0.0
0.0
0.0
0.0
0.0
0.0
0.0
0.0
0.0
0.0
0.0
0.0
0.0
0.0
0.0
0.0
0.0
0.0
0.0
0.0
0.0
0.0
0.0
0.0
0.0
0.0
0.0
0.0
0.0
0.0
0.0
0.0
0.0
0.0
0.0
0.0
0.0
0.0
0.0
0.0
0.0
0.0
0.0
0.0
0.0
0.0
0.0
0.0
0.0
0.0
0.0
0.0
0.0
0.0
0.0
0.0
0.0
0.0
0.0
0.0
0.0
0.0
0.0
0.0
0.0
0.0
0.0
0.0
0.0
0.0
0.0
0.0
0.0
0.0
0.0
0.0
0.0
0.0
0.0
0.0
0.0
0.0
0.0
0.0
0.0
0.0
0.0
0.0
0.0
0.0
0.0
0.0
0.0
0.0
0.0
0.0
0.0
0.0
0.0
0.0
0.0
0.0
0.0
0.0
0.0
0.0
0.0
0.0
0.0
0.0
0.0
0.0
0.0
0.0
0.0
0.0
0.0
0.0
0.0
0.0
0.0
0.0
0.0
0.0
0.0
0.0
0.0
0.0
0.0
0.0
0.0
0.0
0.0
0.0
0.0
0.0
0.0
0.0
0.0
0.0
0.0
0.0
0.0
0.0
0.0
0.0
0.0
0.0
0.0
0.0
0.0
0.0
0.0
0.0
0.0
0.0
0.0
0.0
0.0
0.0
0.0
0.0
0.0
0.0
0.0
0.0
0.0
0.0
0.0
0.0
0.0
0.0
0.0
0.0
0.0
0.0
0.0
0.0
0.0
0.0
0.0
0.0
0.0
0.0
0.0
0.0
0.0
0.0
0.0
0.0
0.0
0.0
0.0
0.0
0.0
0.0
0.0
0.0
0.0
0.0
0.0
0.0
0.0
0.0
0.0
0.0
0.0
0.0
0.0
0.0
0.0
0.0
0.0
0.0
0.0
0.0
0.0
0.0
0.0
0.0
0.0
0.0
0.0
0.0
0.0
0.0
0.0
0.0
0.0
0.0
0.0
0.0
0.0
0.0
0.0
0.0
0.0
0.0
0.0
0.0
0.0
0.0
0.0
0.0
0.0
0.0
0.0
0.0
0.0
0.0
0.0
0.0
0.0
0.0
0.0
0.0
0.0
0.0
0.0
0.0
0.0
0.0
0.0
0.0
0.0
0.0
0.0
0.0
0.0
0.0
0.0
0.0
0.0
0.0
0.0
0.0
0.0
0.0
0.0
0.0
0.0
0.0
0.0
0.0
0.0
0.0
0.0
0.0
0.0
0.0
0.0
0.0
0.0
0.0
0.0
0.0
0.0
0.0
0.0
0.0
0.0
0.0
0.0
0.0
0.0
0.0
0.0
0.0
0.0
0.0
0.0
0.0
0.0
0.0
0.0
0.0
0.0
0.0
0.0
0.0
0.0
0.0
0.0
0.0
0.0
0.0
0.0
0.0
0.0
0.0
0.0
0.0
0.0
0.0
0.0
0.0
0.0
0.0
0.0
0.0
0.0
0.0
0.0
0.0
0.0
0.0
0.0
0.0
0.0
0.0
0.0
0.0
0.0
0.0
0.0
0.0
0.0
0.0
0.0
0.0
0.0
0.0
0.0
0.0
0.0
0.0
0.0
0.0
0.0
0.0
0.0
0.0
0.0
0.0
0.0
0.0
0.0
0.0
0.0
0.0
0.0
0.0
0.0
0.0
0.0
0.0
0.0
0.0
0.0
0.0
0.0
0.0
0.0
0.0
0.0
0.0
0.0
0.0
0.0
0.0
0.0
0.0
0.0
0.0
0.0
0.0
0.0
0.0
0.0
0.0
0.0
0.0
0.0
0.0
0.0
0.0
0.0
0.0
0.0
0.0
0.0
0.0
0.0
0.0
0.0
0.0
0.0
0.0
0.0
0.0
0.0
0.0
0.0
0.0
0.0
0.0
0.0
0.0
0.0
0.0
0.0
0.0
0.0
0.0
0.0
0.0
0.0
0.0
0.0
0.0
0.0
0.0
0.0
0.0
0.0
0.0
0.0
0.0
0.0
0.0
0.0
0.0
0.0
0.0
0.0
0.0
0.0
0.0
0.0
0.0
0.0
0.0
0.0
0.0
0.0
0.0
0.0
0.0
0.0
0.0
0.0
0.0
0.0
0.0
0.0
0.0
0.0
0.0
0.0
0.0
0.0
0.0
0.0
0.0
0.0
0.0
0.0
0.0
0.0
0.0
0.0
0.0
0.0
0.0
0.0
0.0
0.0
0.0
0.0
0.0
0.0
0.0
0.0
0.0
0.0
0.0
0.0
0.0
0.0
0.0
0.0
0.0
0.0
0.0
0.0
0.0
0.0
0.0
0.0
0.0
0.0
0.0
0.0
0.0
0.0
0.0
0.0
0.0
0.0
0.0
0.0
0.0
0.0
0.0
0.0
0.0
0.0
0.0
0.0
0.0
0.0
0.0
0.0
0.0
0.0
0.0
0.0
0.0
0.0
0.0
0.0
0.0
0.0
0.0
0.0
0.0
0.0
0.0
0.0
0.0
0.0
0.0
0.0
0.0
0.0
0.0
0.0
0.0
0.0
0.0
0.0
0.0
0.0
0.0
0.0
0.0
0.0
0.0
0.0
0.0
0.0
0.0
0.0
0.0
0.0
0.0
0.0
0.0
0.0
0.0
0.0
0.0
0.0
0.0
0.0
0.0
0.0
0.0
0.0
0.0
0.0
0.0
0.0
0.0
0.0
0.0
0.0
0.0
0.0
0.0
0.0
0.0
0.0
0.0
0.0
0.0
0.0
0.0
0.0
0.0
0.0
0.0
0.0
0.0
0.0
0.0
0.0
0.0
0.0
0.0
0.0
0.0
0.0
0.0
0.0
0.0
0.0
0.0
0.0
0.0
0.0
0.0
0.0
0.0
0.0
0.0
0.0
0.0
0.0
0.0
0.0
0.0
0.0
0.0
0.0
0.0
0.0
0.0
0.0
0.0
0.0
0.0
0.0
0.0
0.0
0.0
0.0
0.0
0.0
0.0
0.0
0.0
0.0
0.0
0.0
0.0
0.0
0.0
0.0
0.0
0.0
0.0
0.0
0.0
0.0
0.0
0.0
0.0
0.0
0.0
0.0
0.0
0.0
0.0
0.0
0.0
0.0
0.0
0.0
0.0
0.0
0.0
0.0
0.0
0.0
0.0
0.0
0.0
0.0
0.0
0.0
0.0
0.0
0.0
0.0
0.0
0.0
0.0
0.0
0.0
0.0
0.0
0.0
0.0
0.0
0.0
0.0
0.0
0.0
0.0
0.0
0.0
0.0
0.0
0.0
0.0
0.0
0.0
0.0
0.0
0.0
0.0
0.0
0.0
0.0
0.0
0.0
0.0
0.0
0.0
0.0
0.0
0.0
0.0
0.0
0.0
0.0
0.0
0.0
0.0
0.0
0.0
0.0
0.0
0.0
0.0
0.0
0.0
0.0
0.0
0.0
0.0
0.0
0.0
0.0
0.0
0.0
0.0
0.0
0.0
0.0
0.0
0.0
0.0
0.0
0.0
0.0
0.0
0.0
0.0
0.0
0.0
0.0
0.0
0.0
0.0
0.0
0.0
0.0
0.0
0.0
0.0
0.0
0.0
0.0
0.0
0.0
0.0
0.0
0.0
0.0
0.0
0.0
0.0
0.0
0.0
0.0
0.0
0.0
0.0
0.0
0.0
0.0
0.0
0.0
0.0
0.0
0.0
0.0
0.0
0.0
0.0
0.0
0.0
0.0
0.0
0.0
0.0
0.0
0.0
0.0
0.0
0.0
0.0
0.0
0.0
0.0
0.0
0.0
0.0
0.0
0.0
0.0
0.0
0.0
0.0
0.0
0.0
0.0
0.0
0.0
0.0
0.0
0.0
0.0
0.0
0.0
0.0
0.0
0.0
0.0
0.0
0.0
0.0
0.0
0.0
0.0
0.0
0.0
0.0
0.0
0.0
0.0
0.0
0.0
0.0
0.0
0.0
0.0
0.0
0.0
0.0
0.0
0.0
0.0
0.0
