0.004315496453803554
0.004315678819785346
0.00431584283494169
0.004315995466978425
0.004316139472845706
0.004316276587534467
0.004316408054645908
0.004316534636180623
0.00431665612351733
0.004316774465932953
0.004316889482041578
0.004317001958026871
0.0043171122202790265
0.004317220361727528
0.0043173267878242666
0.004317431611370691
0.004317534295585151
0.004317635787996526
0.004317736129961204
0.004317835387991722
0.0043179334869976865
0.004318030469621396
0.004318126582179243
0.004318221925727284
0.004318316335786963
0.004318409814959252
0.004318502559805036
0.004318594681265481
0.0043186862596152455
0.004318777331216395
0.0043188678690429866
0.004318957784311525
0.004319047026599776
0.0043191355935763695
0.004319223792985325
0.0043193116562450316
0.004319399191804572
0.004319486396323025
0.004319573253447339
0.004319659739548633
0.004319745858984761
0.004319831745295357
0.00431991715247129
0.004320002251632017
0.004320087112884343
0.004320171751634857
0.004320256172526578
0.004320340376611437
0.004320424367685307
0.004320508161886938
0.004320591773116353
0.00432067509140257
0.004320758205554497
0.004320841053673866
0.00432092366234899
0.004321006109534726
0.004321088430360195
0.004321170613080318
0.004321252649483288
0.004321334546478885
0.004321416282292134
0.00432149784524905
0.004321579321562555
0.00432166071124829
0.004321742005344936
0.004321823141320612
0.004321904096871087
0.004321984898435652
0.004322065547288641
0.004322146113154179
0.004322226554318722
0.004322306918754067
0.0043223872474687525
0.004322467538531963
0.0043225477951481526
0.004322628018159697
0.00432270819692002
0.004322788295982473
0.004322868272836477
0.004322948171988612
0.004323027993183991
0.004323107726755571
0.004323187380845938
0.004323266985899723
0.0043233465698469
0.004323426151631707
0.004323505733747832
0.004323585306903536
0.004323664866872956
0.0043237444176651724
0.00432382390378076
0.0043239032430528734
0.004323982578023501
0.004324061912611652
0.0043241412625304974
0.0043242206213477095
0.004324299982298245
0.004324379327480773
0.004324458633654498
0.004324537910610772
0.004324617187823289
0.004324696443103717
0.004324775661868086
0.004324854865934094
0.004324934046821991
0.004325013239451111
0.004325092459827663
0.004325171704361804
0.0043252509742294784
0.004325330277109323
0.004325409615012981
0.004325489001404184
0.004325568408397239
0.004325647756530659
0.004325727136645423
0.004325806539458717
0.004325885958056971
0.004325965374032335
0.00432604478288557
0.004326124204325688
0.0043262036569851735
0.004326283140991683
0.00432636266270196
0.004326442234411887
0.00432652183694623
0.004326601462836448
0.004326681145521971
0.0043267608862812895
0.0043268406789919835
0.004326920505406669
0.004327000361690188
0.004327080246404461
0.004327160162217065
0.004327240128042422
0.004327320151888538
0.004327400228791201
0.004327480326599718
0.004327560427534763
0.004327640570055629
0.004327720768238704
0.004327801008570484
0.004327881294450916
0.0043279616360597266
0.004328042038308038
0.004328122510747324
0.004328203043613493
0.0043282835951249906
0.004328364210331557
0.00432844489256293
0.004328525644663527
0.0043286064497435675
0.0043286873147193455
0.0043287682380099704
0.004328849238305486
0.004328930313063084
0.004329011457903893
0.004329092682009427
0.0043291739823470956
0.004329255339056452
0.00432933675856658
0.00432941826053911
0.004329499809819916
0.004329581382577344
0.004329662999709147
0.004329744655515786
0.004329826397397193
0.004329908226820796
0.004329990122306901
0.004330072103456861
0.004330154169086753
0.0043302363194883085
0.004330318561180227
0.004330400873924252
0.004330483280849129
0.004330565774746686
0.004330648331095622
0.004330730989066029
0.004330813675304094
0.004330896443335319
0.0043309792893087866
0.0043310622416873916
0.004331145264711337
0.0043312283667029895
0.004331311548512664
0.004331394816817396
0.004331478178401967
0.004331561611115903
0.004331645141869449
0.0043317287781095065
0.0043318124936956234
0.0043318962732931
0.004331980103836193
0.004332064064253111
0.004332148086136766
0.004332232202961903
0.004332316414011996
0.004332400717007857
0.004332485128566577
0.004332569626476244
0.004332654213020885
0.004332738911319497
0.0043328236928661
0.004332908571468918
0.0043329935606905064
0.004333078644349287
0.00433316384375151
0.004333249100475098
0.004333334438647035
0.004333419937401654
0.004333505502990759
0.004333591148671565
0.004333676901907642
0.004333762757278035
0.004333848706712291
0.004333934762027611
0.0043340209268959255
0.0043341071837914346
0.004334193539840696
0.004334280026350006
0.004334366595033314
0.004334453232087025
0.004334539975434327
0.004334626791626279
0.004334713709638074
0.004334800734063748
0.004334887919246304
0.004334975195495458
0.00433506257786346
0.0043351500797201535
0.00433523768044
0.004335325387916676
0.004335413212213614
0.00433550115146384
0.0043355892196049505
0.004335677407976279
0.004335765696263229
0.004335854078341205
0.004335942603531358
0.004336031244405438
0.004336119956991905
0.004336208783995802
0.004336297746746357
0.0043363868387790334
0.0043364760183195895
0.004336565280988747
0.004336654657511011
0.004336744167113351
0.0043368337964561745
0.004336923513492692
0.004337013333286049
0.004337103282554366
0.004337193335533037
0.0043372835034732795
0.004337373794016269
0.004337464232031402
0.00433755478511978
0.004337645435045715
0.0043377361874059606
0.004337827129392522
0.004337918190592363
0.0043380093432613
0.004338100617045535
0.004338192017417706
0.004338283533178839
0.004338375185355979
0.004338466959433859
0.004338558847339348
0.00433865086076474
0.004338742994054767
0.0043388352402005175
0.004338927607831929
0.0043390201037168084
0.004339112732114055
0.0043392054884505
0.004339298386998839
0.004339391421074837
0.004339484566998691
0.004339577818095941
0.004339671184214266
0.004339764680164286
0.004339858331166944
0.00433995214976756
0.004340046067709194
0.004340140085684021
0.004340234230779997
0.004340328514958767
0.004340422922715914
0.004340517453287286
0.004340612114314461
0.004340706911122292
0.00434080185194637
0.004340896895023647
0.00434099205105758
0.004341087372648656
0.004341182833361159
0.004341278423492401
0.004341374138231214
0.004341469979635827
0.004341565963137629
0.004341662077517215
0.004341758312810039
0.004341854676027511
0.004341951180047143
0.004342047833147914
0.004342144645877863
0.004342241616842518
0.004342338721363384
0.004342435947125139
0.004342533294936078
0.004342630775206372
0.004342728408244766
0.004342826206094004
0.0043429241542235035
0.0043430222173499134
0.0043431203987315935
0.004343218699644728
0.004343317145259982
0.004343415780219415
0.004343514552679172
0.004343613421262647
0.004343712427361453
0.004343811576495825
0.00434391084486407
0.0043440102389384755
0.004344109777236185
0.004344209466750643
0.004344309299681009
0.0043444092637692664
0.0043445093580840675
0.0043446095994259205
0.004344710008355552
0.004344810588007566
0.004344911321240697
0.004345012189755251
0.004345113191752966
0.0043452143417627796
0.004345315651667646
0.004345417115645541
0.004345518726642514
0.00434562046623236
0.0043457223286435115
0.004345824326489836
0.004345926486553094
0.004346028800380201
0.004346131268307941
0.004346233894987648
0.004346336655658282
0.004346439552452499
0.004346542590017481
0.0043466457761345565
0.004346749114887272
0.004346852601275659
0.0043469562455656745
0.004347060052536241
0.004347163998824329
0.0043472680825444
0.004347372313504539
0.004347476690372158
0.00434758121364717
0.004347685891554204
0.004347790731511398
0.004347895732449664
0.004348000883674256
0.004348106173586409
0.004348211599823773
0.004348317176558991
0.004348422923560403
0.004348528844840054
0.00434863492697281
0.004348741141469141
0.004348847485218649
0.004348953955301013
0.004349060585458048
0.004349167374213853
0.0043492743194417744
0.00434938143729744
0.004349488739370599
0.004349596189286011
0.004349703778747009
0.004349811514585903
0.004349919401698172
0.0043500274369569865
0.004350135622921692
0.004350243972572509
0.004350352491329649
0.00435046117002458
0.004350570000462097
0.00435067898302794
0.00435078811292032
0.004350897401407842
0.004351006862963118
0.004351116474600747
0.004351226249520943
0.004351336199807169
0.004351446320444472
0.004351556588443574
0.004351667000921136
0.00435177756637691
0.004351888287380792
0.004351999156364254
0.004352110152648661
0.0043522213576795725
0.004352332709936916
0.00435244421045918
0.004352555883024717
0.00435266771739755
0.004352779716789871
0.004352891882289508
0.004353004208013698
0.004353116679361956
0.004353229295546318
0.004353342091256828
0.0043534550499807765
0.004353568160676766
0.004353681424269893
0.0043537948398866865
0.004353908398427993
0.004354022110667338
0.004354135996082107
0.004354250063365852
0.004354364319382917
0.0043544787521557615
0.004354593344849534
0.004354708103065598
0.0043548230192979745
0.00435493808304246
0.0043550532913123
0.004355168639839653
0.004355284145576273
0.00435539984472705
0.00435551569795309
0.004355631736855584
0.004355747933693391
0.004355864280449545
0.004355980775044062
0.0043560973773312415
0.004356214214849011
0.004356331196083091
0.004356448308464864
0.004356565561133047
0.0043566830275302195
0.004356800651585144
0.004356918407226073
0.00435703633559303
0.004357154477414489
0.004357272797401217
0.0043573912768828625
0.004357509906175815
0.00435762866274517
0.004357747564437948
0.004357866647486036
0.004357985929826027
0.004358105399735792
0.0043582250372065385
0.004358344827983221
0.004358464760842111
0.00435858480897794
0.004358705018399274
0.004358825440986733
0.004358946044003898
0.004359066818423901
0.004359187753078374
0.004359308837223953
0.004359430077333716
0.004359551518158148
0.004359673145558786
0.004359794931839938
0.004359916919716806
0.0043600390584399755
0.004360161335433804
0.0043602837673377805
0.004360406394526845
0.004360529146775658
0.004360652021723028
0.004360775099793329
0.004360898379128617
0.004361021811603472
0.004361145448708106
0.004361269223768112
0.004361393157702508
0.0043615172225535265
0.004361641413128093
0.004361765821743432
0.004361890466645064
0.0043620152662266105
0.004362140200661603
0.004362265274605603
0.004362390428049179
0.0043625158477198465
0.0043626414740714214
0.004362767253941008
0.004362893190597312
0.004363019269311897
0.0043631454817279845
0.004363271888498215
0.0043633984963098345
0.00436352528987823
0.00436365224091808
0.00436377930707868
0.004363906573669142
0.004364034048352021
0.004364161668157585
0.0043642894520523135
0.0043644173697484365
0.00436454540005077
0.004364673601083694
0.004364802014954025
0.004364930641574953
0.004365059465060477
0.004365188453857286
0.004365317600614727
0.004365446937753738
0.004365576384757152
0.004365705926493217
0.004365835608528305
0.004365965525983182
0.004366095681642267
0.004366225977110631
0.004366356403430592
0.004366486915162008
0.004366617548173017
0.0043667484903218735
0.004366879605384769
0.004367010861081508
0.004367142265981748
0.004367273721108019
0.004367405516708262
0.004367537450221698
0.004367669601094752
0.004367801847493362
0.0043679341591478646
0.00436806671566485
0.004368199514532161
0.004368332435209032
0.004368465463256217
0.004368598651393266
0.00436873200891604
0.0043688655746980205
0.004368999316716205
0.004369133139836651
0.004369267177584514
0.004369401388251111
0.004369535746758589
0.004369670265770497
0.004369804900286797
0.004369939741857503
0.004370074774144469
0.004370209966843438
0.004370345317021097
0.004370480820889477
0.004370616503468937
0.0043707523049908974
0.004370888224689929
0.004371024312917104
0.004371160684657446
0.004371297276790477
0.004371433960508014
0.004371570703676654
0.004371707527286392
0.004371844577630771
0.004371981892455264
0.004372119371921707
0.0043722569356754466
0.004372394629522185
0.004372532582199408
0.0043726707150226465
0.004372808960155875
0.004372947284438061
0.00437308574727373
0.004373224443944322
0.004373363339593793
0.004373502364696044
0.004373641507605907
0.0043737808716204675
0.004373920371653885
0.004374059992730784
0.004374199719840965
0.004374339599910038
0.004374479640127892
0.004374619925433225
0.004374760317305495
0.004374900844986893
0.004375041632761149
0.004375182503492261
0.004375323525229362
0.004375464626821259
0.004375605965142107
0.004375747429108587
0.004375888956845417
0.004376030630476943
0.004376172600720682
0.004376314674729065
0.004376456888057361
0.004376599300813519
0.004376741824456947
0.0043768844850869595
0.0043770272230817435
0.004377170150466091
0.004377313247501089
0.004377456551808532
0.004377599934003153
0.0043777432989779526
0.004377886991536813
0.004378030990927287
0.004378175070743516
0.004378319153274713
0.004378463181995631
0.004378607592426157
0.004378752254368558
0.0043788970202693995
0.0043790417360403955
0.004379186675034312
0.004379331810280017
0.004379477117953525
0.004379622475469941
0.004379768034411146
0.00437991373418609
0.004380059527531755
0.004380205359016771
0.004380351417865191
0.004380497684371578
0.004380644111378314
0.0043807905785023735
0.004380937186653921
0.004381083953143637
0.0043812308592788935
0.004381377836765813
0.004381525014826138
0.004381672372355149
0.0043818198439330575
0.0043819673566117935
0.004382115041038837
0.004382262886917245
0.004382410853949874
0.00438255892983914
0.004382707177418902
0.0043828555592024315
0.004383004015367869
0.0043831525553693
0.004383301282334365
0.004383450193588615
0.004383599203395439
0.004383748318271945
0.004383897574100542
0.0043840469208199
0.004384196325841528
0.004384345903700298
0.004384495707901151
0.004384645617004336
0.0043847955328864124
0.004384945593381569
0.004385095861423658
0.004385246180586686
0.0043853965091944485
0.004385547051605838
0.00438569790804304
0.00438584877380378
0.00438599955229478
0.004386150425928525
0.004386301654861831
0.004386453020587775
0.00438660433209434
0.004386755678841751
0.004386907331034088
0.004387059152313117
0.004387210925490164
0.004387362721844003
0.004387514730037903
0.004387666932649544
0.004387819227798206
0.004387971572766854
0.0043881239760564334
0.004388276427993972
0.004388429034933305
0.004388581904536342
0.004388734826548368
0.00438888772949651
0.004389040691077956
0.004389193874967822
0.004389347198773613
0.0043895005231862115
0.00438965393097743
0.004389807434946448
0.004389961152163174
0.004390114831002825
0.004390268773236203
0.004390422631114457
0.004390576638160276
0.0043907306925101775
0.004390885031194033
0.0043910392966181894
0.004391193660369617
0.004391348040280882
0.004391502621208571
0.004391657252952572
0.004391811970635244
0.004391966846098426
0.004392121694701273
0.0043922766014848616
0.004392431650211246
0.0043925868950753675
0.004392742099297174
0.004392897304724763
0.004393052656811216
0.004393208142703687
0.004393363619575561
0.004393519152521262
0.004393674914479595
0.004393830631252752
0.004393986307938756
0.0043941422429769434
0.0043942983242708684
0.004394454298358438
0.004394610123291136
0.0043947664383498335
0.004394922784899242
0.004395079016116162
0.0043952351783171
0.004395391699686412
0.004395548222859705
0.004395704592257468
0.0043958611616275
0.00439601794455984
0.00439617467512915
0.004396331144252775
0.004396488026102096
0.004396645066993433
0.0043968019734911545
0.004396958730776938
0.004397115744137334
0.0043972729329099245
0.004397430007691453
0.004397587117712183
0.004397744294376276
0.004397901552957234
0.004398058821117255
0.0043982161933316865
0.00439837358201669
0.00439853092474836
0.004398688410271885
0.004398845891607949
0.004399003356046901
0.004399160937014448
0.004399318618361046
0.004399476235507091
0.004399633695220716
0.004399791337616867
0.004399949131479984
0.004400106862771449
0.004400264534891676
0.004400422237429993
0.004400580054342106
0.004400737873886565
0.004400895759867196
0.004401053554086911
0.004401211302950743
0.004401369256675508
0.004401527199512062
0.0044016850989979355
0.004401842943574871
0.0044020009381605316
0.004402158908640712
0.004402316744780928
0.004402474779863499
0.0044026327649093365
0.0044027907136384705
0.0044029486443560905
0.004403106655748917
0.0044032646230016065
0.00440342252961526
0.004403580602165152
0.004403738569419376
0.0044038964662203505
0.004404054449216073
0.004404212487932996
0.00440437035464635
0.004404528146411472
0.004404686194442564
0.004404844196882369
0.004405001946707066
0.004405159827316826
0.004405317727777818
0.004405475521488472
0.00440563331388924
0.004405791215334305
0.004405948947465356
0.004406106528967313
0.004406264385869319
0.004406422195382532
0.004406579680945181
0.004406737223444051
0.004406895007045651
0.004407052635350585
0.004407209983412725
0.004407367494353634
0.00440752507945427
0.004407682351302624
0.004407839700256603
0.0044079971461483325
0.0044081544593032864
0.004408311609333707
0.004408468810445889
0.004408626018854433
0.004408782973179151
0.004408939945522884
0.00440909703088825
0.004409253941357887
0.0044094108165934846
0.004409567611197929
0.004409724394047627
0.004409881070379843
0.004410037657009905
0.00441019422088616
0.004410350693713973
0.004410507172462073
0.0044106634676628455
0.004410819606731333
0.004410975918589101
0.004411132108779867
0.004411288086159686
0.0044114439953025246
0.004411599972051571
0.004411755796025545
0.004411911406934234
0.0044120670633745656
0.004412222661367591
0.004412378053771792
0.004412533435757435
0.004412688724545183
0.004412843882018066
0.004412998978344309
0.0044131540152719815
0.004413308918068938
0.004413463683248932
0.00441361837762268
0.004413772958194713
0.004413927422867019
0.0044140818685031846
0.004414236119108534
0.0044143901197934475
0.004414544295275399
0.0044146983391963185
0.004414852138422849
0.004415005914421304
0.0044151596576656234
0.004415313163188863
0.0044154664536637115
0.0044156197857286705
0.004415772980370175
0.004415925893629328
0.004416078824146222
0.004416231572962018
0.004416384068700233
0.004416536607830162
0.00441668897941353
0.004416841168061657
0.0044169932766681295
0.004417145320692797
0.004417297076099677
0.004417448612792515
0.004417600251399677
0.00441775159986221
0.004417902601356271
0.004418053768844675
0.004418204730866538
0.004418355312701414
0.0044185058836747485
0.004418656392151412
0.004418806530282502
0.004418956440532503
0.00441910643569652
0.004419256151680181
0.004419405544245951
0.004419554972132515
0.0044197042036410936
0.004419853038551268
0.00442000186390384
0.004420150561119481
0.004420298777779821
0.004420447003493305
0.004420595189029264
0.004420742965354016
0.004420890485352307
0.004421038025542417
0.004421185327611161
0.004421332196993243
0.004421479010741443
0.004421625779969703
0.004421772086691242
0.004421918213808125
0.00442206427821704
0.00442220997947123
0.004422355505479674
0.004422500864432314
0.004422645929783217
0.0044227908470344905
0.004422935481608667
0.004423079911735707
0.004423224101343721
0.004423368049884834
0.0044235117830038004
0.004423655205584643
0.004423798403328521
0.004423941432494793
0.004424084180836888
0.004424226752139553
0.00442436898674196
0.004424510899545498
0.004424652748605446
0.004424794204933812
0.004424935289234271
0.004425076410495988
0.0044252171647945525
0.004425357557354732
0.0044254977384341875
0.004425637743225775
0.004425777345485229
0.004425916470087487
0.004426055423345527
0.004426194001155457
0.004426332187552514
0.004426470263673404
0.004426608027869584
0.004426745385628597
0.004426882524303678
0.004427019412486744
0.004427155939493041
0.004427292249462707
0.004427428229231317
0.004427563792908312
0.004427699249926536
0.004427834288850787
0.0044279689606619875
0.004428103444445181
0.00442823757536858
0.004428371310750481
0.004428504783754001
0.004428637975118839
0.004428770769877965
0.00442890324106813
0.004429035526315274
0.004429167359206271
0.004429298761832244
0.004429430029736436
0.004429560833234531
0.004429691169465255
0.004429821448958024
0.004429951273475201
0.004430080582415817
0.004430209849767404
0.004430338636432075
0.004430466898845471
0.00443059499199699
0.004430722724906001
0.004430849965953023
0.004430976878413927
0.004431103510712047
0.004431229671599208
0.004431355458584094
0.004431480962736805
0.004431605941958539
0.004431730523313969
0.004431854930981307
0.004431978731620966
0.004432102108636287
0.004432225439742284
0.004432348129877916
0.004432470267576289
0.004432592357647197
0.004432713933987532
0.004432834855936084
0.004432955666896425
0.004433076085827463
0.00443319581585231
0.0044333153014115305
0.004433434488841942
0.004433553042701245
0.004433671235398953
0.004433789162097893
0.004433906480161936
0.0044340233771320795
0.004434139998884477
0.004434256083074258
0.004434371643000258
0.004434486929711996
0.004434601717645588
0.004434715904158578
0.004434829857966491
0.004434943361264353
0.004435056196386296
0.004435168762656612
0.004435280896124726
0.004435392363156206
0.004435503532013242
0.004435614290304182
0.004435724410006932
0.004435834166755085
0.004435943464462731
0.004436052123332595
0.004436160380318317
0.004436268173839375
0.004436375447752158
0.004436482212452699
0.0044365885282790915
0.004436694359319136
0.004436799632843404
0.004436904439094631
0.004437008791676065
0.00443711258295023
0.00443721589067489
0.004437318731560627
0.004437421034961117
0.00443752281633186
0.004437624051906447
0.004437724796817655
0.004437825064262053
0.004437924733736966
0.00443802389132929
0.0044381225898402765
0.004438220668318066
0.004438318207847409
0.004438415294322401
0.004438511762791877
0.004438607689531148
0.0044387031687279106
0.004438798037163004
0.0044388923244052724
0.004438986147193051
0.004439079331285653
0.004439171908887595
0.004439264054099949
0.0044393555595577715
0.004439446491079745
0.004439536989598615
0.004439626878356063
0.004439716123132401
0.004439804850692544
0.004439893000302413
0.004439980514096296
0.00444006745712647
0.004440153847119976
0.004440239618913631
0.00444032477328108
0.004440409370492857
0.0044404934937291845
0.0044405770611913595
0.0044406600571560055
0.004440742425035885
0.004440824171521945
0.004440905342347102
0.004440985969148207
0.004441066019342832
0.004441145561044946
0.004441224322909159
0.004441302494745665
0.0044413800323925045
0.004441456862618079
0.004441533097388625
0.004441608729276312
0.004441683640761666
0.004441757955815199
0.004441831657820143
0.004441904613422571
0.004441976983761614
0.004442048764688569
0.004442119775526589
0.004442190149208386
0.004442259933400544
0.004442328969175578
0.004442397336444352
0.004442465086812621
0.004442532108710569
0.004442598442559838
0.004442664150746683
0.004442729145692854
0.004442793442009696
0.0044428571014794695
0.004442920030303449
0.004442982236215112
0.004443043794637413
0.004443104620986097
0.00444316472673807
0.00444322418552882
0.00444328290300579
0.004443340515663105
0.004443397384916839
0.004443453518525185
0.004443508893072903
0.004443563589883277
0.004443617552578869
0.004443670721381257
0.004443723202483406
0.004443774962735529
0.0044438259146136715
0.004443876172879482
0.004443925694042674
0.0044439743817474625
0.00444402238716744
0.004444069657093419
0.0044441160660361
0.004444161781620121
0.004444206761073127
0.004444250864484694
0.004444294263217584
0.004444336933796444
0.004444378709673757
0.004444419680327694
0.004444459915339046
0.004444499283285011
0.004444537872117943
0.004444575711693424
0.004444612688233757
0.004444648874744743
0.004444684304356055
0.004444718889922988
0.00444475265193437
0.0044447856347726335
0.00444481777757722
0.004444849072001298
0.0044448795752096626
0.004444909240581954
0.004444938042194871
0.0044449660456245535
0.004444993202651014
0.0044450194787799616
0.004445044959813027
0.0044450695297786535
0.004445093147888666
0.004445115937178326
0.004445137874910988
0.00444515891439051
0.004445179099150931
0.004445198425600402
0.004445216853331142
0.0044452344084806115
0.004445251100361795
0.004445266886922183
0.00444528177715285
0.004445295791251883
0.004445308900485389
0.0044453211005418825
0.0044453324101091825
0.004445342806378181
0.004445352280880555
0.0044453608491771155
0.004445368495567797
0.004445375213470638
0.0044453810708949965
0.004445386010627294
0.004445390015768359
0.0044453930807300725
0.004445395201191853
0.004445396375137339
0.004445396595566426
0.004445395862663695
0.004445394167146455
0.004445391511152856
0.00444538788853004
0.004445383283478288
0.004445377711766224
0.004445371424521369
0.004445364137466689
0.004445356080143577
0.004445347197878639
0.004445337123112917
0.004445326059709318
0.004445314005232467
0.004445300914705466
0.004445286820679654
0.004445271722945716
0.004445255583051102
0.004445238417324135
0.004445220231890478
0.004445201006993283
0.004445180733890784
0.004445159433663952
0.004445137077398231
0.004445113652225449
0.004445089182118374
0.004445063642797081
0.00444503701129998
0.0044450093241584256
0.004444980555289729
0.004444950680000469
0.004444919744191505
0.00444488770888117
0.004444854541576793
0.004444819811300842
0.004444783820578238
0.004444746675480462
0.004444708432317826
0.004444669061987971
0.0044446285466301
0.004444586892481863
0.004444544081613484
0.004444500117666527
0.004444455001960188
0.004444408712164464
0.004444361247426498
0.004444312624367856
0.004444262809276499
0.004444211713760572
0.004444159427170765
0.004444105925733731
0.004444051182754859
0.0044439952774242755
0.004443938113837566
0.004443879654371703
0.004443820075973077
0.004443759248250272
0.004443697072614864
0.004443633765036351
0.004443569180758706
0.00444350308483823
0.004443435819162435
0.004443367273311623
0.004443297288294164
0.004443226132213338
0.004443153680196055
0.004443079787682532
0.004443004684470881
0.0044429282882035015
0.004442850436149799
0.004442771314429876
0.004442690901660355
0.004442609031358361
0.004442525833321553
0.00444244138690992
0.00444235551913608
0.0044422682835338735
0.0044421796960491195
0.004442089663454297
0.004441998242575975
0.004441905422548838
0.0044418111163572575
0.004441715379765445
0.004441618194656377
0.004441519492032207
0.0044414193504043456
0.004441317790756344
0.0044412147715130095
0.004441110800977491
0.004441005545416412
0.0044408985507609754
0.0044407901005343205
0.004440680223464503
0.004440568671145417
0.00444045561361944
0.004440341106022518
0.00444022487207431
0.004440107080218502
0.004439987849795006
0.004439866856502648
0.004439744221564353
0.004439620189618399
0.00443949436201681
0.004439366811909767
0.004439237896984795
0.004439107137304651
0.004438974584304188
0.0044388406655897095
0.004438704748472163
0.004438566184635125
0.004438426318763602
0.004438284519601109
0.004438140740965664
0.004437995555686664
0.004437848470540161
0.004437699395101978
0.00443754884280662
0.004437396399863819
0.00443724191297289
0.004437085721273044
0.004436927586460466
0.0044367673979613465
0.004436605552759195
0.0044364418297802724
0.0044362760280225585
0.004436108285392055
0.004435938659976723
0.004435766858324259
0.004435593093672904
0.004435417535199903
0.004435239770808454
0.004435060014953326
0.004434878398012011
0.004434694564110204
0.004434508738071457
0.004434320934895313
0.004434130980561776
0.004433938927391723
0.004433744979643743
0.004433548769315421
0.0044333502613696655
0.004433149877266175
0.004432947054551797
0.004432741809599416
0.004432534722733498
0.0044323252110991685
0.004432113311430313
0.004431899408913689
0.004431683515963972
0.004431465065368133
0.0044312446126563
0.004431022354483437
0.004430797399088471
0.0044305700335360585
0.004430340541652637
0.004430108420963528
0.004429873740590684
0.004429636629589222
0.004429397194444511
0.004429155219585949
0.004428910397542712
0.004428663444678077
0.004428413884428819
0.004428161154443793
0.0044279063855544995
0.004427649055127965
0.004427388338882545
0.004427125049177908
0.004426858579841685
0.0044265887589938656
0.004426316653205387
0.004426041786671
0.004425763764706781
0.0044254831247983765
0.004425199631527331
0.004424912942166911
0.004424623338710138
0.004424330850994152
0.0044240352657857925
0.004423736486989877
0.004423434917414557
0.004423130136238705
0.004422822016784241
0.004422511199241354
0.004422197089251739
0.004421879505814162
0.004421559310676286
0.004421235880204934
0.004420908920875486
0.004420578884520593
0.0044202454416224154
0.004419908435063063
0.004419568350419084
0.004419224891891498
0.004418877824190348
0.004418527470522644
0.004418173500688236
0.004417815907925577
0.004417455183501385
0.0044170908024076415
0.004416722472510341
0.004416351461741678
0.004415976785965555
0.004415598045022764
0.004415216035376364
0.0044148301080456165
0.004414439957963672
0.004414046320513265
0.004413648677277782
0.004413246770151969
0.004412841181983306
0.0044124315745146326
0.004412017674425652
0.004411599924594015
0.004411177944319085
0.004410751301628835
0.004410319673330754
0.004409883745638996
0.004409443273360256
0.0044089985687111475
0.0044085496600828195
0.004408095972028698
0.004407637570473407
0.004407174772467374
0.004406706977489807
0.004406234664798014
0.004405758013813753
0.0044052759507765245
0.004404789594236886
0.004404299118983124
0.004403802834824126
0.00440330187527161
0.004402796724447877
0.00440228543693843
0.004401769248991651
0.004401249015263928
0.004400722506467543
0.004400190627870893
0.004399654654035091
0.004399112912241237
0.004398565410686504
0.004398013376294298
0.004397455437700895
0.004396891632627387
0.00439632376755238
0.004395750464942882
0.004395170500365192
0.00439458524522033
0.004393994410288288
0.004393396943451737
0.0043927942241905535
0.00439218592008735
0.004391570489789206
0.004390949273715095
0.004390322725682045
0.004389688904383703
0.004389048749413272
0.004388401813544932
0.004387747161217205
0.004387086651925579
0.004386420157692504
0.00438574510466566
0.004385063883146008
0.004384377357031366
0.004383682054704411
0.004382980058451001
0.004382273238789061
0.004381556823210872
0.004380833515756687
0.004380105138978612
0.004379367708950172
0.004378622428441504
0.004377871518810502
0.004377112166803218
0.004376344364562337
0.004375570254386296
0.004374789280080505
0.0043739982916238904
0.00437320053322768
0.004372396370750535
0.004371581226449444
0.004370760113943368
0.004369932776416043
0.004369093580496449
0.004368247292641466
0.004367394623062919
0.004366530494644805
0.0043656578761605575
0.004364778853349045
0.004363889087756007
0.004362989940792658
0.004362084171573025
0.004361166922289469
0.004360237913456007
0.0043593015638376895
0.004358356181991453
0.004357398222387407
0.004356432442508333
0.004355458402870165
0.004354471948816977
0.004353476316827329
0.004352472263595059
0.004351456172588575
0.004350429406885207
0.004349394187531193
0.004348347697266968
0.00434728955860897
0.004346222597955483
0.004345144645116296
0.004344054978241193
0.004342955142670691
0.0043418436225793324
0.004340720319811816
0.004339586693824687
0.004338441795506509
0.00433728533577893
0.0043361171040341385
0.004334937439803397
0.004333745326787396
0.00433254084134325
0.00433132478928614
0.004330095824518151
0.00432885437804746
0.004327600365452854
0.004326331171438506
0.004325049252783972
0.004323755056192738
0.004322446488007879
0.004321123992053775
0.004319788218239411
0.004318438679076249
0.004317076266320646
0.004315699322513591
0.004314308185225299
0.0043129031954698225
0.004311482930443815
0.0043100497134590104
0.0043086017187532735
0.004307137731665553
0.004305658963783966
0.004304164912560937
0.004302655583432331
0.004301130924762275
0.004299592412940783
0.0042980378660233565
0.0042964655897370614
0.00429487870294022
0.004293276129321949
0.004291654346267353
0.004290016960086334
0.004288364344217163
0.004286691698381379
0.0042850011959378684
0.004283293967306723
0.0042815669895264336
0.0042798218406978625
0.004278061248521349
0.004276281283545884
0.00427448038963131
0.004272662956372039
0.004270827459812372
0.004268970261645265
0.004267095334382939
0.004265202911219546
0.004263288363932383
0.004261354090267752
0.0042594022604703265
0.004257426334951653
0.004255429667020046
0.004253417375801917
0.0042513802413444495
0.004249322491643637
0.004247245412777845
0.00424514514042809
0.00424302163519542
0.004240877438783008
0.004238711025629219
0.004236519364329163
0.004234303668642303
0.0042320663398526396
0.004229802027491476
0.004227515135094569
0.004225207878622353
0.004222871341180118
0.0042205114643916125
0.004218130801872104
0.004215719541872736
0.004213285360640125
0.004210825335040475
0.004208338434842891
0.004205825904615329
0.00420328732014114
0.004200722273017653
0.004198128402625687
0.004195509364138613
0.004192863207350693
0.00419018638245981
0.004187484099899684
0.004184752052604071
0.004181987447176803
0.004179197723260736
0.004176378464416435
0.004173521775266997
0.00417063715297936
0.004167722865951234
0.004164774478958401
0.0041617953676346695
0.004158788578604001
0.00415574717275697
0.004152672248680635
0.004149567348904166
0.004146425658798429
0.004143248438194428
0.004140041652972546
0.004136799950483623
0.004133518323489883
0.004130208349835993
0.004126863191180267
0.004123475918167228
0.004120056115480466
0.004116600649915922
0.00411310175645471
0.004109565982018079
0.0041059965014884885
0.004102382896196969
0.004098725827022539
0.0040950388836038226
0.0040913095563115155
0.004087530347455326
0.004083719093008634
0.004079867881507177
0.004075964054073766
0.0040720203498012
0.00406804261248712
0.004064016238352035
0.004059940717974608
0.004055828009288504
0.004051669255723379
0.0040474593776048985
0.004043210723378737
0.004038914881069387
0.004034564649941734
0.004030169412834122
0.004025723224514213
0.004021226244317519
0.004016681278508913
0.0040120870885824635
0.0040074378308823716
0.004002738972461361
0.003997995009906241
0.003993185701689644
0.003988324961101652
0.003983421124563851
0.003978450728625337
0.003973421200439053
0.003968347688619317
0.003963217757821451
0.003958016828045682
0.003952766035726477
0.0039474664736344625
0.003942087696441785
0.003936649735967062
0.003931162467778432
0.003925603431185773
0.00391997467659506
0.003914299153432805
0.003908551193886761
0.0039027235326408666
0.0038968398829393636
0.0038908986836510375
0.0038848752273411605
0.0038787819464548294
0.0038726335301434885
0.003866405494248857
0.003860097567224481
0.0038537343089171294
0.0038472894194230716
0.003840758778296134
0.0038341641184336086
0.00382749573976172
0.00382073529904532
0.003813894661834239
0.0038069898031115614
0.003799993190780014
0.0037929066231652217
0.0037857569737055974
0.0037785117727725144
0.0037711698196368805
0.003763753612513015
0.0037562515475834737
0.0037486555359288664
0.003740964246835832
0.0037331940667666838
0.0037253228234092866
0.0037173505134216593
0.0037092962913285437
0.0037011344321890537
0.003692869644362092
0.003684513283717008
0.0036760488363480437
0.003667482234943563
0.0036588078202093146
0.003650035967864713
0.003641148544355988
0.0036321499240135465
0.0036230483117288778
0.0036138280534714047
0.003604496114719743
0.003595053585016443
0.0035854826962147426
0.0035757930910638412
0.003565983008529212
0.003556050715269197
0.003545988575450294
0.003535798070298609
0.003525481026982901
0.0035150266423107394
0.003504440740165374
0.0034937224793614844
0.0034828598444787075
0.003471860819073084
0.0034607169080063355
0.0034494293390637636
0.0034379917954976843
0.003426404572150522
0.003414667060819612
0.0034027700565979462
0.003390714727267476
0.0033784905429786786
0.0033661023609365317
0.003353556213034682
0.0033408345971000543
0.0033279382685644184
0.0033148712712624167
0.003301626311528592
0.0032881859089461496
0.0032745593960955724
0.003260761130254121
0.0032467569145914724
0.0032325501425678176
0.003218161189279328
0.003203563442805097
0.0031887259230886323
0.0031736776614215913
0.003158451965555189
0.0031429802852850275
0.0031272607596120636
0.003111330732162598
0.0030951753808715573
0.003078754873976309
0.0030620879583765246
0.003045208113377297
0.0030280415434252093
0.0030105925843658546
0.0029928878032270258
0.002974917477703783
0.0029566432397150947
0.002938074952371064
0.002919248260885113
0.002900091185217246
0.0028806173228151707
0.0028608349955686592
0.002840730498045628
0.0028202730831930986
0.002799472904265388
0.0027783330465344673
0.0027568181942888457
0.002734931889926229
0.0027126601061373554
0.00269003580040896
0.002667058467269217
0.002643742326448784
0.0026200476514303783
0.002595985794390807
0.002571531100281078
0.0025466606760590265
0.0025213567393995435
0.002495612222348954
0.0024694370153155324
0.0024427382160227495
0.002415562304211513
0.002387889413215419
0.0023596512548434683
0.002330835956684927
0.002301455574189637
0.002271490126465822
0.002240798341541104
0.00220948667810992
0.0021774743659615566
0.002144642371683474
0.0021110203017733736
0.0020766229369937076
0.002041369781847377
0.002005046955764083
0.001967801584671747
0.0019295430801313115
0.0018901045204130955
0.0018494132400026463
0.0018074990473529158
0.00176420699301188
0.0017192536107674369
0.0016727149011549114
0.0016244510600239613
0.0015741413162795744
0.0015215836456217583
0.0014666929573563434
0.0014091090138744129
0.0013482619369283404
0.001283931409376834
0.0012155534741947072
0.001142195567281309
0.0010628412898501397
0.000976222952333106
0.000880001460549553
0.0007702359819469983
0.0006404975447540339
0.0004746628881759511
0.00019450600835067114
0.0
0.0
0.0
0.0
0.0
0.0
0.0
0.0
0.0
0.0
0.0
0.0
0.0
0.0
0.0
0.0
0.0
0.0
0.0
0.0
0.0
0.0
0.0
0.0
0.0
0.0
0.0
0.0
0.0
0.0
0.0
0.0
0.0
0.0
0.0
0.0
0.0
0.0
0.0
0.0
0.0
0.0
0.0
0.0
0.0
0.0
0.0
0.0
0.0
0.0
0.0
0.0
0.0
0.0
0.0
0.0
0.0
0.0
0.0
0.0
0.0
0.0
0.0
0.0
0.0
0.0
0.0
0.0
0.0
0.0
0.0
0.0
0.0
0.0
0.0
0.0
0.0
0.0
0.0
0.0
0.0
0.0
0.0
0.0
0.0
0.0
0.0
0.0
0.0
0.0
0.0
0.0
0.0
0.0
0.0
0.0
0.0
0.0
0.0
0.0
0.0
0.0
0.0
0.0
0.0
0.0
0.0
0.0
0.0
0.0
0.0
0.0
0.0
0.0
0.0
0.0
0.0
0.0
0.0
0.0
0.0
0.0
0.0
0.0
0.0
0.0
0.0
0.0
0.0
0.0
0.0
0.0
0.0
0.0
0.0
0.0
0.0
0.0
0.0
0.0
0.0
0.0
0.0
0.0
0.0
0.0
0.0
0.0
0.0
0.0
0.0
0.0
0.0
0.0
0.0
0.0
0.0
0.0
0.0
0.0
0.0
0.0
0.0
0.0
0.0
0.0
0.0
0.0
0.0
0.0
0.0
0.0
0.0
0.0
0.0
0.0
0.0
0.0
0.0
0.0
0.0
0.0
0.0
0.0
0.0
0.0
0.0
0.0
0.0
0.0
0.0
0.0
0.0
0.0
0.0
0.0
0.0
0.0
0.0
0.0
0.0
0.0
0.0
0.0
0.0
0.0
0.0
0.0
0.0
0.0
0.0
0.0
0.0
0.0
0.0
0.0
0.0
0.0
0.0
0.0
0.0
0.0
0.0
0.0
0.0
0.0
0.0
0.0
0.0
0.0
0.0
0.0
0.0
0.0
0.0
0.0
0.0
0.0
0.0
0.0
0.0
0.0
0.0
0.0
0.0
0.0
0.0
0.0
0.0
0.0
0.0
0.0
0.0
0.0
0.0
0.0
0.0
0.0
0.0
0.0
0.0
0.0
0.0
0.0
0.0
0.0
0.0
0.0
0.0
0.0
0.0
0.0
0.0
0.0
0.0
0.0
0.0
0.0
0.0
0.0
0.0
0.0
0.0
0.0
0.0
0.0
0.0
0.0
0.0
0.0
0.0
0.0
0.0
0.0
0.0
0.0
0.0
0.0
0.0
0.0
0.0
0.0
0.0
0.0
0.0
0.0
0.0
0.0
0.0
0.0
0.0
0.0
0.0
0.0
0.0
0.0
0.0
0.0
0.0
0.0
0.0
0.0
0.0
0.0
0.0
0.0
0.0
0.0
0.0
0.0
0.0
0.0
0.0
0.0
0.0
0.0
0.0
0.0
0.0
0.0
0.0
0.0
0.0
0.0
0.0
0.0
0.0
0.0
0.0
0.0
0.0
0.0
0.0
0.0
0.0
0.0
0.0
0.0
0.0
0.0
0.0
0.0
0.0
0.0
0.0
0.0
0.0
0.0
0.0
0.0
0.0
0.0
0.0
0.0
0.0
0.0
0.0
0.0
0.0
0.0
0.0
0.0
0.0
0.0
0.0
0.0
0.0
0.0
0.0
0.0
0.0
0.0
0.0
0.0
0.0
0.0
0.0
0.0
0.0
0.0
0.0
0.0
0.0
0.0
0.0
0.0
0.0
0.0
0.0
0.0
0.0
0.0
0.0
0.0
0.0
0.0
0.0
0.0
0.0
0.0
0.0
0.0
0.0
0.0
0.0
0.0
0.0
0.0
0.0
0.0
0.0
0.0
0.0
0.0
0.0
0.0
0.0
0.0
0.0
0.0
0.0
0.0
0.0
0.0
0.0
0.0
0.0
0.0
0.0
0.0
0.0
0.0
0.0
0.0
0.0
0.0
0.0
0.0
0.0
0.0
0.0
0.0
0.0
0.0
0.0
0.0
0.0
0.0
0.0
0.0
0.0
0.0
0.0
0.0
0.0
0.0
0.0
0.0
0.0
0.0
0.0
0.0
0.0
0.0
0.0
0.0
0.0
0.0
0.0
0.0
0.0
0.0
0.0
0.0
0.0
0.0
0.0
0.0
0.0
0.0
0.0
0.0
0.0
0.0
0.0
0.0
0.0
0.0
0.0
0.0
0.0
0.0
0.0
0.0
0.0
0.0
0.0
0.0
0.0
0.0
0.0
0.0
0.0
0.0
0.0
0.0
0.0
0.0
0.0
0.0
0.0
0.0
0.0
0.0
0.0
0.0
0.0
0.0
0.0
0.0
0.0
0.0
0.0
0.0
0.0
0.0
0.0
0.0
0.0
0.0
0.0
0.0
0.0
0.0
0.0
0.0
0.0
0.0
0.0
0.0
0.0
0.0
0.0
0.0
0.0
0.0
0.0
0.0
0.0
0.0
0.0
0.0
0.0
0.0
0.0
0.0
0.0
0.0
0.0
0.0
0.0
0.0
0.0
0.0
0.0
0.0
0.0
0.0
0.0
0.0
0.0
0.0
0.0
0.0
0.0
0.0
0.0
0.0
0.0
0.0
0.0
0.0
0.0
0.0
0.0
0.0
0.0
0.0
0.0
0.0
0.0
0.0
0.0
0.0
0.0
0.0
0.0
0.0
0.0
0.0
0.0
0.0
0.0
0.0
0.0
0.0
0.0
0.0
0.0
0.0
0.0
0.0
0.0
0.0
0.0
0.0
0.0
0.0
0.0
0.0
0.0
0.0
0.0
0.0
0.0
0.0
0.0
0.0
0.0
0.0
0.0
0.0
0.0
0.0
0.0
0.0
0.0
0.0
0.0
0.0
0.0
0.0
0.0
0.0
0.0
0.0
0.0
0.0
0.0
0.0
0.0
0.0
0.0
0.0
0.0
0.0
0.0
0.0
0.0
0.0
0.0
0.0
0.0
0.0
0.0
0.0
0.0
0.0
0.0
0.0
0.0
0.0
0.0
0.0
0.0
0.0
0.0
0.0
0.0
0.0
0.0
0.0
0.0
0.0
0.0
0.0
0.0
0.0
0.0
0.0
0.0
0.0
0.0
0.0
0.0
0.0
0.0
0.0
0.0
0.0
0.0
0.0
0.0
0.0
0.0
0.0
0.0
0.0
0.0
0.0
0.0
0.0
0.0
0.0
0.0
0.0
0.0
0.0
0.0
0.0
0.0
0.0
0.0
0.0
0.0
0.0
0.0
0.0
0.0
0.0
0.0
0.0
0.0
0.0
0.0
0.0
0.0
0.0
0.0
0.0
0.0
0.0
0.0
0.0
0.0
0.0
0.0
0.0
0.0
0.0
0.0
0.0
0.0
0.0
0.0
0.0
0.0
0.0
0.0
0.0
0.0
0.0
0.0
0.0
0.0
0.0
0.0
0.0
0.0
0.0
0.0
0.0
0.0
0.0
0.0
0.0
0.0
0.0
0.0
0.0
0.0
0.0
0.0
0.0
0.0
0.0
0.0
0.0
0.0
0.0
0.0
0.0
0.0
0.0
0.0
0.0
0.0
0.0
0.0
0.0
0.0
0.0
0.0
0.0
0.0
0.0
0.0
0.0
0.0
0.0
0.0
0.0
0.0
0.0
0.0
0.0
0.0
0.0
0.0
0.0
0.0
0.0
0.0
0.0
0.0
0.0
0.0
0.0
0.0
0.0
0.0
0.0
0.0
0.0
0.0
0.0
0.0
0.0
0.0
0.0
0.0
0.0
0.0
0.0
0.0
0.0
0.0
0.0
0.0
0.0
0.0
0.0
0.0
0.0
0.0
0.0
0.0
0.0
0.0
0.0
0.0
0.0
0.0
0.0
0.0
0.0
0.0
0.0
0.0
0.0
0.0
0.0
0.0
0.0
0.0
0.0
0.0
0.0
0.0
0.0
0.0
0.0
0.0
0.0
0.0
0.0
0.0
0.0
0.0
0.0
0.0
0.0
0.0
0.0
0.0
0.0
0.0
0.0
0.0
0.0
0.0
0.0
0.0
0.0
0.0
0.0
0.0
0.0
0.0
0.0
0.0
0.0
0.0
0.0
0.0
0.0
0.0
0.0
0.0
0.0
0.0
0.0
0.0
0.0
0.0
0.0
0.0
0.0
0.0
0.0
0.0
0.0
0.0
0.0
0.0
0.0
0.0
0.0
0.0
0.0
0.0
0.0
0.0
0.0
0.0
0.0
0.0
0.0
0.0
0.0
0.0
0.0
0.0
0.0
0.0
0.0
0.0
0.0
0.0
0.0
0.0
0.0
0.0
0.0
0.0
0.0
0.0
0.0
0.0
0.0
0.0
0.0
0.0
0.0
0.0
0.0
0.0
0.0
0.0
0.0
0.0
0.0
0.0
0.0
0.0
0.0
0.0
0.0
0.0
0.0
0.0
0.0
0.0
0.0
0.0
0.0
0.0
0.0
0.0
0.0
0.0
0.0
0.0
0.0
0.0
0.0
0.0
0.0
0.0
0.0
0.0
0.0
0.0
0.0
0.0
0.0
0.0
0.0
0.0
0.0
0.0
0.0
0.0
0.0
0.0
0.0
0.0
0.0
0.0
0.0
0.0
0.0
0.0
0.0
0.0
0.0
0.0
0.0
0.0
0.0
0.0
0.0
0.0
0.0
0.0
0.0
0.0
0.0
0.0
0.0
0.0
0.0
0.0
0.0
0.0
0.0
0.0
0.0
0.0
0.0
0.0
0.0
0.0
0.0
0.0
0.0
0.0
0.0
0.0
0.0
0.0
0.0
0.0
0.0
0.0
0.0
0.0
0.0
0.0
0.0
0.0
0.0
0.0
0.0
0.0
0.0
0.0
0.0
0.0
0.0
0.0
0.0
0.0
0.0
0.0
0.0
0.0
0.0
0.0
0.0
0.0
0.0
0.0
0.0
0.0
0.0
0.0
0.0
0.0
0.0
0.0
0.0
0.0
0.0
0.0
0.0
0.0
0.0
0.0
0.0
0.0
0.0
0.0
0.0
0.0
0.0
0.0
0.0
0.0
0.0
0.0
0.0
0.0
0.0
0.0
0.0
0.0
0.0
0.0
0.0
0.0
0.0
0.0
0.0
0.0
0.0
0.0
0.0
0.0
0.0
0.0
0.0
0.0
0.0
0.0
0.0
0.0
0.0
0.0
0.0
0.0
0.0
0.0
0.0
0.0
0.0
0.0
0.0
0.0
0.0
0.0
0.0
0.0
0.0
0.0
0.0
0.0
0.0
0.0
0.0
0.0
0.0
0.0
0.0
0.0
0.0
0.0
0.0
0.0
0.0
0.0
0.0
0.0
0.0
0.0
0.0
0.0
0.0
0.0
0.0
0.0
0.0
0.0
0.0
0.0
0.0
0.0
0.0
0.0
0.0
0.0
0.0
0.0
0.0
0.0
0.0
0.0
0.0
0.0
0.0
0.0
0.0
0.0
0.0
0.0
0.0
0.0
0.0
0.0
0.0
0.0
0.0
0.0
0.0
0.0
0.0
0.0
0.0
0.0
0.0
0.0
0.0
0.0
0.0
0.0
0.0
0.0
0.0
0.0
0.0
0.0
0.0
0.0
0.0
0.0
0.0
0.0
0.0
0.0
0.0
0.0
0.0
0.0
0.0
0.0
0.0
0.0
0.0
0.0
0.0
0.0
0.0
0.0
0.0
0.0
0.0
0.0
0.0
0.0
0.0
0.0
0.0
0.0
0.0
0.0
0.0
0.0
0.0
0.0
0.0
0.0
0.0
0.0
0.0
0.0
0.0
0.0
0.0
0.0
0.0
0.0
0.0
0.0
0.0
0.0
0.0
0.0
0.0
0.0
0.0
0.0
0.0
0.0
0.0
0.0
0.0
0.0
0.0
0.0
0.0
0.0
0.0
0.0
0.0
0.0
0.0
0.0
0.0
0.0
0.0
0.0
0.0
0.0
0.0
0.0
0.0
0.0
0.0
0.0
0.0
0.0
0.0
0.0
0.0
0.0
0.0
0.0
0.0
0.0
0.0
0.0
0.0
0.0
0.0
0.0
0.0
0.0
0.0
0.0
0.0
0.0
0.0
0.0
0.0
0.0
0.0
0.0
0.0
0.0
0.0
0.0
0.0
0.0
0.0
0.0
0.0
0.0
0.0
0.0
0.0
0.0
0.0
0.0
0.0
0.0
0.0
0.0
0.0
0.0
0.0
0.0
0.0
0.0
0.0
0.0
0.0
0.0
0.0
0.0
0.0
0.0
0.0
0.0
0.0
0.0
0.0
0.0
0.0
0.0
0.0
0.0
0.0
0.0
0.0
0.0
0.0
0.0
0.0
0.0
0.0
0.0
0.0
0.0
0.0
0.0
0.0
0.0
0.0
0.0
0.0
0.0
0.0
0.0
0.0
0.0
0.0
0.0
0.0
0.0
0.0
0.0
0.0
0.0
0.0
0.0
0.0
0.0
0.0
0.0
0.0
0.0
0.0
0.0
0.0
0.0
0.0
0.0
0.0
0.0
0.0
0.0
0.0
0.0
0.0
0.0
0.0
0.0
0.0
0.0
0.0
0.0
0.0
0.0
0.0
0.0
0.0
0.0
0.0
0.0
0.0
0.0
0.0
0.0
0.0
0.0
0.0
0.0
0.0
0.0
0.0
0.0
0.0
0.0
0.0
0.0
0.0
0.0
0.0
0.0
0.0
0.0
0.0
0.0
0.0
0.0
0.0
0.0
0.0
0.0
0.0
0.0
0.0
0.0
0.0
0.0
0.0
0.0
0.0
0.0
0.0
0.0
0.0
0.0
0.0
0.0
0.0
0.0
0.0
0.0
0.0
0.0
0.0
0.0
0.0
0.0
0.0
0.0
0.0
0.0
0.0
0.0
0.0
0.0
0.0
0.0
0.0
0.0
0.0
0.0
0.0
0.0
0.0
0.0
0.0
0.0
0.0
0.0
0.0
0.0
0.0
0.0
0.0
0.0
0.0
0.0
0.0
0.0
0.0
0.0
0.0
0.0
0.0
0.0
0.0
0.0
0.0
0.0
0.0
0.0
0.0
0.0
0.0
0.0
0.0
0.0
0.0
0.0
0.0
0.0
0.0
0.0
0.0
0.0
0.0
0.0
0.0
0.0
0.0
0.0
0.0
0.0
0.0
0.0
0.0
0.0
0.0
0.0
0.0
0.0
0.0
0.0
0.0
0.0
0.0
0.0
0.0
0.0
0.0
0.0
0.0
0.0
0.0
0.0
0.0
0.0
0.0
0.0
0.0
0.0
0.0
0.0
0.0
0.0
0.0
0.0
0.0
0.0
0.0
0.0
0.0
0.0
0.0
0.0
0.0
0.0
0.0
0.0
0.0
0.0
0.0
0.0
0.0
0.0
0.0
0.0
0.0
0.0
0.0
0.0
0.0
0.0
0.0
0.0
0.0
0.0
0.0
0.0
0.0
0.0
0.0
0.0
0.0
0.0
0.0
0.0
0.0
0.0
0.0
0.0
0.0
0.0
0.0
0.0
0.0
0.0
0.0
0.0
0.0
0.0
0.0
0.0
0.0
0.0
0.0
0.0
0.0
0.0
0.0
0.0
0.0
0.0
0.0
0.0
0.0
0.0
0.0
0.0
0.0
0.0
0.0
0.0
0.0
0.0
0.0
0.0
0.0
0.0
0.0
0.0
0.0
0.0
0.0
0.0
0.0
0.0
0.0
0.0
0.0
0.0
0.0
0.0
0.0
0.0
0.0
0.0
0.0
0.0
0.0
0.0
0.0
0.0
0.0
0.0
0.0
0.0
0.0
0.0
0.0
0.0
0.0
0.0
0.0
0.0
0.0
0.0
0.0
0.0
0.0
0.0
0.0
0.0
0.0
0.0
0.0
0.0
0.0
0.0
0.0
0.0
0.0
0.0
0.0
0.0
0.0
0.0
0.0
0.0
0.0
0.0
0.0
0.0
0.0
0.0
0.0
0.0
0.0
0.0
0.0
0.0
0.0
0.0
0.0
0.0
0.0
0.0
0.0
0.0
0.0
0.0
0.0
0.0
0.0
0.0
0.0
0.0
0.0
0.0
0.0
0.0
0.0
0.0
0.0
0.0
0.0
0.0
0.0
0.0
0.0
0.0
0.0
0.0
0.0
0.0
0.0
0.0
0.0
0.0
0.0
0.0
0.0
0.0
0.0
0.0
0.0
0.0
0.0
0.0
0.0
0.0
0.0
0.0
0.0
0.0
0.0
0.0
0.0
0.0
0.0
0.0
0.0
0.0
0.0
0.0
0.0
0.0
0.0
0.0
0.0
0.0
0.0
0.0
0.0
0.0
0.0
0.0
0.0
0.0
0.0
0.0
0.0
0.0
0.0
0.0
0.0
0.0
0.0
0.0
0.0
0.0
0.0
0.0
0.0
0.0
0.0
0.0
0.0
0.0
0.0
0.0
0.0
0.0
0.0
0.0
0.0
0.0
0.0
0.0
0.0
0.0
0.0
0.0
0.0
0.0
0.0
0.0
0.0
0.0
0.0
0.0
0.0
0.0
0.0
0.0
0.0
0.0
0.0
0.0
0.0
0.0
0.0
0.0
0.0
0.0
0.0
0.0
0.0
0.0
0.0
0.0
0.0
0.0
0.0
0.0
0.0
0.0
0.0
0.0
0.0
0.0
0.0
0.0
0.0
0.0
0.0
0.0
0.0
0.0
0.0
0.0
0.0
0.0
0.0
0.0
0.0
0.0
0.0
0.0
0.0
0.0
0.0
0.0
0.0
0.0
0.0
0.0
0.0
0.0
0.0
0.0
0.0
0.0
0.0
0.0
0.0
0.0
0.0
0.0
0.0
0.0
0.0
0.0
0.0
0.0
0.0
0.0
0.0
0.0
0.0
0.0
0.0
0.0
0.0
0.0
0.0
0.0
0.0
0.0
0.0
0.0
0.0
0.0
0.0
0.0
0.0
0.0
0.0
0.0
0.0
0.0
0.0
0.0
0.0
0.0
0.0
0.0
0.0
0.0
0.0
0.0
0.0
0.0
0.0
0.0
0.0
0.0
0.0
0.0
0.0
0.0
0.0
0.0
0.0
0.0
0.0
0.0
0.0
0.0
0.0
0.0
0.0
0.0
0.0
0.0
0.0
0.0
0.0
0.0
0.0
0.0
0.0
0.0
0.0
0.0
0.0
0.0
0.0
0.0
0.0
0.0
0.0
0.0
0.0
0.0
0.0
0.0
0.0
0.0
0.0
0.0
0.0
0.0
0.0
0.0
0.0
0.0
0.0
0.0
0.0
0.0
0.0
0.0
0.0
0.0
0.0
0.0
0.0
0.0
0.0
0.0
0.0
0.0
0.0
0.0
0.0
0.0
0.0
0.0
0.0
0.0
0.0
0.0
0.0
0.0
0.0
0.0
0.0
0.0
0.0
0.0
0.0
0.0
0.0
0.0
0.0
0.0
0.0
0.0
0.0
0.0
0.0
0.0
0.0
0.0
0.0
0.0
0.0
0.0
0.0
0.0
0.0
0.0
0.0
0.0
0.0
0.0
0.0
0.0
0.0
0.0
0.0
0.0
0.0
0.0
0.0
0.0
0.0
0.0
0.0
0.0
0.0
0.0
0.0
0.0
0.0
0.0
0.0
0.0
0.0
0.0
0.0
0.0
0.0
0.0
0.0
0.0
0.0
0.0
0.0
0.0
0.0
0.0
0.0
0.0
0.0
0.0
0.0
0.0
0.0
0.0
0.0
0.0
0.0
0.0
0.0
0.0
0.0
0.0
0.0
0.0
0.0
0.0
0.0
0.0
0.0
0.0
0.0
0.0
0.0
0.0
0.0
0.0
0.0
0.0
0.0
0.0
0.0
0.0
0.0
0.0
0.0
0.0
0.0
0.0
0.0
