0.0084530935939426
0.008453264866102433
0.008453418475147864
0.008453561074166775
0.008453695341315327
0.008453822965031154
0.00845394515288823
0.008454062650078005
0.00845417529436098
0.008454284917398006
0.00845439136617872
0.00845449538167151
0.008454597274966192
0.008454697139778878
0.008454795357167552
0.008454892036349046
0.008454986688090194
0.008455080191371547
0.008455172587066748
0.008455263939079838
0.008455354180986096
0.008455443354858668
0.008455531689558784
0.008455619279640305
0.008455705975734296
0.008455791782357044
0.008455876881789564
0.008455961377129608
0.008456045343008064
0.008456128813599329
0.008456211764969648
0.008456294116804266
0.008456375824194997
0.008456456886373911
0.008456537586026169
0.0084566179523444
0.008456697993467094
0.008456777706765964
0.008456857077765922
0.008456936085418296
0.00845701473429577
0.00845709314681382
0.008457171098876759
0.008457248747399958
0.008457326156753604
0.008457403341282026
0.008457480305494865
0.008457557050631864
0.008457633580438549
0.008457709909896105
0.00845778605191561
0.008457861906687415
0.008457937555484232
0.008458012942320606
0.00845808809180898
0.008458163075183711
0.008458237924580897
0.008458312629478762
0.008458387182599288
0.00845846159041974
0.008458535833368301
0.008458609901094828
0.008458683872092533
0.008458757746472713
0.008458831516212175
0.008458905124742917
0.008458978552104694
0.008459051822560598
0.00845912493751716
0.008459197960382298
0.008459270853496162
0.008459343660493618
0.008459416418606888
0.008459489126124828
0.008459561785990659
0.008459634399008396
0.008459706955593317
0.008459779423762265
0.008459851765221878
0.008459924020414539
0.008459996189245887
0.008460068263120513
0.008460140249550696
0.008460212176172589
0.008460284068293755
0.008460355943058353
0.008460427802728526
0.008460499638931977
0.00846057144788659
0.008460643233247231
0.008460714945005367
0.008460786509218334
0.008460858054638986
0.008460929584829231
0.008461001113971802
0.008461072636273794
0.008461144145657119
0.00846121562603025
0.008461287056531134
0.008461358446072343
0.008461429821259034
0.008461501162165066
0.008461572455746422
0.008461643721723257
0.008461714952535199
0.00846178617965262
0.008461857417485029
0.008461928662805525
0.008461999916676887
0.008462071186002411
0.008462142472583803
0.00846221378850301
0.008462285108699591
0.008462356361872706
0.008462427629684813
0.008462498903810352
0.008462570178065615
0.008462641435972139
0.008462712673554971
0.008462783908550623
0.008462855157696896
0.008462926421117782
0.008462997704518969
0.008463069018916301
0.008463140347119907
0.008463211682455691
0.008463283054887324
0.008463354465535604
0.008463425908896519
0.008463497368628182
0.008463568841313588
0.008463640325686795
0.008463711824156563
0.008463783353654011
0.008463854921329643
0.008463926522728064
0.00846399812910966
0.00846406972462798
0.008464141343700899
0.008464212998907756
0.008464284678170416
0.008464356384533
0.008464428127085437
0.008464499910200766
0.008464571742384358
0.008464643614896319
0.00846471549045735
0.00846478740928582
0.008464859374331862
0.008464931388108256
0.008465003435536703
0.008465075522778627
0.00846514764841527
0.008465219829086374
0.008465292062493397
0.008465364344707913
0.00846543668388041
0.008465509077276305
0.008465581507191665
0.008465653979344925
0.008465726511215665
0.00846579907150056
0.008465871639021056
0.008465944232403214
0.008466016846598144
0.00846608952375711
0.008466162265142895
0.008466235051631363
0.008466307900621325
0.00846638081102271
0.008466453783058077
0.008466526822477689
0.00846659991127427
0.00846667306995541
0.008466746292077776
0.008466819555851714
0.008466892896014072
0.008466966247462886
0.008467039657698986
0.00846711312327818
0.008467186669401848
0.008467260264322372
0.008467333915400208
0.008467407623365085
0.00846748139410576
0.008467555233595962
0.008467629122185636
0.008467703083680552
0.00846777712462229
0.008467851221825824
0.00846792536170499
0.008467999532704674
0.008468073804633465
0.00846814811692506
0.008468222499171889
0.008468296950699452
0.00846837146945353
0.008468446070076794
0.008468520732891898
0.008468595459887221
0.00846867027105427
0.008468745140873299
0.008468820082185413
0.008468895106915677
0.008468970200728232
0.00846904538237824
0.008469120600277744
0.00846919587571327
0.008469271278425818
0.008469346725660536
0.008469422229101216
0.008469497812927355
0.008469573472309989
0.00846964920010038
0.008469725006669829
0.008469800895193443
0.00846987685018951
0.008469952877897759
0.008470029005822263
0.008470105191402386
0.008470181422480284
0.008470257732405142
0.008470334091719618
0.008470410525888686
0.00847048703890634
0.00847056367847282
0.008470640383241091
0.00847071716640394
0.008470794039656417
0.008470870984820121
0.008470948008785872
0.00847102512033676
0.008471102317771954
0.008471179613259468
0.008471256999123654
0.0084713344574827
0.00847141198292819
0.008471489618665205
0.008471567340557127
0.008471645110012973
0.008471722964446924
0.00847180092248432
0.008471878978376536
0.00847195709546928
0.008472035269908175
0.008472113528569815
0.008472191888222961
0.008472270337114124
0.008472348847147263
0.008472427431475941
0.008472506113420762
0.008472584870381257
0.008472663712149633
0.008472742645346181
0.008472821691630715
0.008472900822601862
0.008472980022277006
0.008473059295511355
0.008473138718380924
0.008473218229271141
0.008473297803909666
0.008473377468136966
0.00847345722666211
0.008473537069646242
0.0084736170153665
0.00847369705108434
0.008473777169701014
0.008473857381347361
0.008473937681026465
0.008474018062570794
0.0084740985334428
0.008474179099470576
0.00847425976428725
0.008474340523833184
0.00847442139045387
0.008474502358241008
0.008474583406515634
0.008474664529422641
0.008474745735482056
0.008474827037512173
0.008474908457354435
0.008474990005797826
0.008475071623422101
0.008475153310795023
0.008475235091402846
0.008475316975557465
0.008475398949713489
0.008475481013140938
0.008475563172403479
0.00847564543204296
0.008475727799117119
0.008475810237321782
0.008475892755898062
0.00847597540037875
0.008476058147732939
0.008476140989466573
0.008476223921339588
0.008476306945066119
0.008476390073931458
0.008476473298131983
0.00847655660896748
0.008476640012440704
0.00847672351961656
0.008476807137562872
0.008476890875295446
0.008476974731490543
0.008477058684704561
0.008477142724215722
0.008477226850658026
0.0084773110729564
0.008477395408565848
0.00847747986777229
0.008477564437908725
0.008477649088425208
0.008477733822076935
0.008477818639904605
0.008477903563549554
0.008477988631397962
0.008478073798604064
0.008478159029426556
0.008478244359494664
0.008478329793474652
0.008478415310776824
0.008478500916911123
0.00847858662774161
0.008478672449187274
0.008478758374428306
0.008478844392823788
0.008478930503493179
0.00847901672080129
0.00847910306231695
0.008479189530600121
0.008479276110786355
0.008479362787043965
0.00847944955774231
0.008479536435270144
0.00847962342972073
0.008479710535974672
0.008479797747865074
0.00847988504948295
0.008479972435801238
0.008480059917564283
0.008480147517638053
0.008480235228651028
0.008480323050775857
0.008480410987883566
0.008480499018645345
0.008480587144799004
0.008480675370231354
0.008480763701502714
0.008480852141996812
0.00848094068732207
0.00848102934614736
0.00848111812243346
0.008481206996082808
0.008481295965387834
0.008481385038631944
0.008481474214568336
0.008481563493516297
0.008481652882387622
0.008481742387391324
0.008481832007482601
0.008481921733408618
0.008482011555163687
0.008482101470636329
0.008482191491814176
0.008482281635421984
0.008482371904728602
0.0084824622881476
0.008482552761289794
0.008482643321417896
0.008482733965961654
0.008482824723545288
0.008482915592780386
0.0084830065717271
0.008483097673990567
0.00848318890926599
0.008483280246475364
0.008483371678455039
0.008483463210903708
0.008483554847862246
0.008483646586556355
0.008483738429037959
0.008483830386199546
0.008483922462492225
0.008484014649988852
0.008484106941604702
0.008484199337541212
0.008484291833603832
0.00848438443921689
0.008484477166496775
0.008484569995825848
0.008484662938249532
0.008484756003844149
0.00848484918820181
0.0084849424717251
0.008485035851854165
0.008485129335653966
0.008485222925163538
0.00848531661385503
0.008485410384145431
0.008485504304690646
0.00848559832334907
0.008485692440871367
0.008485786677186202
0.00848588102349571
0.008485975482357194
0.008486070054531433
0.00848616473490382
0.008486259511027699
0.008486354382113738
0.008486449377237505
0.008486544482320654
0.008486639687918145
0.008486734994670807
0.008486830401707425
0.008486925901236049
0.008487021502184326
0.008487117220771287
0.008487213064121119
0.008487309037805129
0.008487405131566213
0.008487501331077278
0.00848759764089593
0.008487694054562003
0.008487790563114857
0.008487887163913825
0.008487983853250216
0.008488080645196936
0.008488177569915456
0.00848827455514316
0.008488371662454409
0.008488468872055469
0.008488566177083752
0.008488663575654082
0.008488761034085454
0.008488858658810326
0.008488956373130383
0.008489054166416883
0.008489152046176812
0.008489250073530854
0.008489348201464728
0.008489446408083775
0.008489544727542727
0.00848964319357358
0.008489741776522144
0.008489840460640122
0.008489939237695419
0.008490038088783186
0.00849013702862903
0.008490236087205227
0.008490335279202973
0.008490434594633866
0.008490534016651076
0.008490633533230929
0.008490733134881913
0.008490832799213758
0.008490932564287316
0.008491032472935221
0.00849113249774088
0.008491232631001442
0.008491332863258762
0.008491433185429003
0.008491533602701816
0.008491634151926133
0.008491734821146247
0.008491835587217248
0.008491936485256412
0.008492037473056383
0.008492138540052005
0.008492239699829394
0.008492340985530866
0.008492442338944105
0.008492543757989456
0.008492645308857008
0.00849274698973393
0.008492848760690452
0.008492950663946413
0.008493052644311173
0.008493154718841716
0.008493256864330473
0.008493359076355773
0.008493461430682626
0.008493563941987237
0.008493666542861912
0.00849376921682208
0.008493871967531989
0.008493974745566601
0.008494077704058937
0.008494180793751801
0.00849428397075419
0.008494387237539614
0.008494490581830045
0.00849459399659805
0.008494697531349021
0.008494801191253733
0.008494904963495024
0.008495008824666037
0.008495112739930298
0.008495216778843894
0.008495320947353509
0.0084954251937273
0.00849552953323996
0.00849563394094446
0.008495738399378134
0.008495842955781046
0.008495947644197687
0.008496052464206915
0.008496157402527921
0.008496262433166311
0.00849636754988871
0.008496472778814941
0.008496578054195916
0.008496683363595416
0.00849678874391123
0.008496894272142334
0.0084969999501358
0.00849710569766919
0.008497211507267512
0.008497317341911845
0.008497423230828267
0.008497529326518968
0.008497635517318459
0.00849774177682404
0.008497848111736525
0.008497954441807239
0.008498061001517336
0.00849816762661495
0.008498274381010239
0.008498381165995252
0.008498487957023118
0.008498594898830761
0.008498701988921475
0.008498809129738891
0.008498916309459778
0.008499023570343496
0.008499130919582347
0.00849923838812393
0.008499345949839214
0.008499453527980112
0.008499561229637857
0.008499669020919838
0.008499776881382273
0.008499884820907576
0.008499992803127814
0.0085001009011809
0.008500209101581533
0.008500317379690939
0.008500425732850949
0.00850053415772694
0.008500642674016288
0.008500751233616028
0.008500859835692827
0.008500968520213202
0.00850107737855169
0.008501186359766552
0.00850129536074401
0.008501404355722558
0.008501513361319065
0.008501622493794322
0.008501731782680922
0.008501841148027375
0.008501950525635925
0.008502059951719666
0.008502169528184386
0.008502279192023487
0.008502388889051726
0.008502498592763027
0.008502608350043852
0.008502718236025717
0.008502828222580784
0.008502938254266929
0.008503048321589378
0.00850315850589312
0.00850326873947913
0.008503379010206912
0.008503489305958983
0.00850359966348488
0.008503710088086454
0.008503820646265982
0.008503931228413713
0.008504041857266385
0.008504152630199904
0.008504263407381687
0.00850437424204921
0.008504485077981365
0.008504596038046246
0.008504707034544713
0.008504818018671624
0.008504929054576338
0.008505040259838689
0.00850515148283699
0.008505262751102506
0.00850537411121864
0.008505485493513697
0.00850559691805355
0.008505708337964523
0.008505819840349121
0.00850593140932349
0.008506043073695062
0.0085061547322163
0.00850626631070313
0.008506378077142695
0.008506490014506228
0.008506601946199722
0.008506713811685314
0.008506825567107098
0.008506937550007827
0.00850704965848866
0.008507161777650225
0.008507273787999411
0.008507385900887378
0.008507498094815802
0.008507610347634451
0.008507722555959824
0.008507834847829633
0.008507947175939744
0.008508059503453711
0.008508171787408321
0.00850828417310342
0.008508396644695382
0.008508509165310256
0.008508621642078834
0.008508734152173179
0.00850884670835376
0.008508959295786015
0.008509071861712363
0.008509184504649079
0.008509297207793313
0.008509409920574699
0.008509522586919439
0.008509635306218536
0.008509748070016861
0.008509860847047896
0.00850997362749259
0.00851008645870617
0.008510199311563356
0.008510312140125782
0.008510424951228925
0.008510537822695532
0.00851065075180845
0.008510763672957774
0.008510876590643736
0.008510989531536372
0.00851110245726372
0.008511215342803163
0.008511328274215094
0.00851144129113526
0.00851155430124744
0.00851166723024664
0.008511780181588243
0.008511893201938013
0.008512006173031505
0.008512119063294039
0.008512232025709242
0.008512345134465775
0.008512458160326355
0.008512571030863551
0.008512683882497062
0.008512796908939987
0.008512909945820614
0.008513022850120731
0.008513135688488112
0.008513248661647203
0.00851336166697152
0.008513474542335664
0.008513587340620427
0.008513700201443921
0.008513813110942414
0.008513925992792689
0.008514038814861694
0.008514151583027645
0.008514264289701833
0.008514377012944045
0.008514489831336867
0.008514602588851
0.008514715232445347
0.00851482781905462
0.00851494046844156
0.008515053119076686
0.00851516566803292
0.008515278175665225
0.008515390650771313
0.008515503178307684
0.008515615573385623
0.008515728056078808
0.008515840371585036
0.008515952690004644
0.008516064936337471
0.008516177282411531
0.008516289467133656
0.008516401614940293
0.008516513665563092
0.008516625752475923
0.008516737765919635
0.008516849730714846
0.008516961698059442
0.008517073533805559
0.008517185298968425
0.008517297053230732
0.008517408834626355
0.00851752047193135
0.00851763199493161
0.008517743507491201
0.008517854999426252
0.008517966367636612
0.00851807765824065
0.008518188994034993
0.00851830017816962
0.008518411214015403
0.008518522313626122
0.008518633395828222
0.008518744279637742
0.008518854935279242
0.008518965815733361
0.008519076593990461
0.008519187165649346
0.008519297563407946
0.008519408088999978
0.008519518488692115
0.008519628652509182
0.008519738829169678
0.00851984902683473
0.008519959057604814
0.008520068774784667
0.008520178650484872
0.00852028850509406
0.008520398132627682
0.008520507522818015
0.008520616957781692
0.008520726379705027
0.008520835586323038
0.00852094468100812
0.008521053684718446
0.008521162607103689
0.008521271397203696
0.00852138011948117
0.008521488712482346
0.008521597132542958
0.008521705508868643
0.008521813739338274
0.008521921814641719
0.008522029825336749
0.008522137759133616
0.008522245502015224
0.008522352956083624
0.008522460387032174
0.008522567772036723
0.008522674964392176
0.008522781966043008
0.008522888837034984
0.008522995633132078
0.008523102277590948
0.008523208812577924
0.008523315130521169
0.008523421262251578
0.008523527374954976
0.00852363332225154
0.008523739081664808
0.00852384464482224
0.008523950147698653
0.008524055472780782
0.00852416054601666
0.008524265588306152
0.008524370432783434
0.008524475087809813
0.008524579564731507
0.008524683927752323
0.008524788093284164
0.008524892049767101
0.00852499594514819
0.008525099599857677
0.008525203036270952
0.00852530635597646
0.008525409537564718
0.008525512431550175
0.008525615100816572
0.008525717759415897
0.008525820209440692
0.00852592231629664
0.008526024327556588
0.008526126169867213
0.008526227760633545
0.008526329166927388
0.008526430458169781
0.008526531454701529
0.008526632168192492
0.008526732869490197
0.008526833350620313
0.008526933435202567
0.008527033365025334
0.00852713325472555
0.008527232851612124
0.008527332076746278
0.0085274312087188
0.008527530189573867
0.008527628775141401
0.008527727209644334
0.008527825503525384
0.008527923511947097
0.008528021215517581
0.00852811874633789
0.008528216075574732
0.008528313040580104
0.008528409808819212
0.008528506436937207
0.008528602746305756
0.00852869882188132
0.008528794634575516
0.008528890225225778
0.00852898553475932
0.008529080572421584
0.008529175377639092
0.008529269907629948
0.008529364219651735
0.008529458198235786
0.008529551859361901
0.008529645398206392
0.008529738636615415
0.008529831519966483
0.008529924133325241
0.00853001655559974
0.008530108654463145
0.00853020039373802
0.008530291924608425
0.008530383184012565
0.008530474084527654
0.008530564739243112
0.00853065510636216
0.008530745177032048
0.00853083496814854
0.008530924479059721
0.0085310136652083
0.008531102523448051
0.00853119109083298
0.008531279341186209
0.008531367272031463
0.008531454936734947
0.008531542233673582
0.008531629131440949
0.008531715911985408
0.008531802438733365
0.008531888565696331
0.008531974415621486
0.008532059981042646
0.00853214514634712
0.008532229923545884
0.00853231445283596
0.008532398633300063
0.008532482384788789
0.00853256586965234
0.008532648977175811
0.008532731667724851
0.008532814100354391
0.008532896172052667
0.00853297793099504
0.008533059360574965
0.008533140466785117
0.008533221128758586
0.008533301383075226
0.008533381397277103
0.008533460962036608
0.008533540073597167
0.008533618947507407
0.008533697411822356
0.008533775375203752
0.008533853027821375
0.008533930340063452
0.008534007152476925
0.008534083537640276
0.008534159652467574
0.008534235309535185
0.008534310486072243
0.008534385360815648
0.008534459814708297
0.008534533747411503
0.008534607349930851
0.008534680560437866
0.008534753192130767
0.00853482549117699
0.00853489743503905
0.008534968842883238
0.008535039788401203
0.008535110402055412
0.0085351805572868
0.008535250160970734
0.008535319390713648
0.008535388248068909
0.008535456535366057
0.008535524384243348
0.00853559184612247
0.00853565878018577
0.008535725271546333
0.008535791321575305
0.008535856870811116
0.008535921983189976
0.008535986596097594
0.00853605074283719
0.008536114405352933
0.008536177581443883
0.008536240280401636
0.008536302458992022
0.008536364152802392
0.008536425383608685
0.008536486100951663
0.008536546346880496
0.00853660605185736
0.008536665221145127
0.008536723959804317
0.008536782128882677
0.008536839736529042
0.008536896946704646
0.008536953591881483
0.008537009673548939
0.008537065249929717
0.008537120331863
0.008537174828298287
0.008537228487783648
0.008537281514177753
0.00853733395889444
0.008537385815530447
0.008537437190250024
0.008537488004906583
0.008537538219606327
0.008537587901239064
0.008537637035241833
0.008537685579609083
0.008537733583308255
0.008537781003632191
0.008537827809511794
0.008537874105059318
0.008537919780372704
0.00853796485186198
0.008538009376650212
0.008538053296898648
0.008538096597275155
0.008538139318718907
0.008538181452108162
0.00853822295861123
0.008538263859281891
0.008538304192982923
0.008538343875588258
0.00853838291315047
0.008538421390319085
0.008538459207002374
0.008538496362114146
0.008538532969068688
0.008538568911394654
0.008538604172296413
0.008538638877670209
0.008538672904700695
0.008538706242094457
0.00853873897964749
0.008538771063838763
0.008538802460132028
0.008538833207193954
0.008538863312838619
0.008538892693524938
0.008538921366008879
0.008538949386163107
0.008538976697549279
0.008539003327082857
0.008539029318020835
0.0085390545766523
0.008539079140759754
0.008539103079586285
0.008539126273048061
0.008539148739809807
0.0085391705681453
0.008539191668352241
0.008539212017260184
0.00853923170365863
0.008539250674550731
0.008539268883004929
0.008539286395692887
0.008539303198194893
0.00853931924071013
0.008539334559433329
0.008539349160947028
0.008539362999681159
0.008539376097132227
0.008539388464525878
0.008539400069924681
0.008539410914278176
0.008539421017005439
0.00853943035325608
0.008539438914382916
0.008539446724625515
0.008539453762756628
0.00853946001461968
0.008539465500078227
0.008539470204316392
0.008539474116751962
0.008539477248016679
0.00853947958781968
0.008539481129416238
0.008539481874785256
0.008539481784811205
0.008539480786260044
0.008539478977952014
0.008539476355808446
0.008539472917713321
0.008539468660760458
0.008539463578754802
0.008539457668917163
0.008539450932896644
0.008539443361651628
0.00853943494909503
0.008539425700202167
0.00853941560515556
0.008539404657418611
0.00853939286030033
0.008539380209163049
0.00853936670350316
0.008539352332215725
0.008539337088453792
0.008539320987243762
0.008539304011464561
0.008539286144416416
0.008539267413072303
0.008539247800208573
0.008539227282971617
0.008539205890491012
0.008539183604567397
0.008539160397046164
0.008539136302501093
0.008539111311119557
0.008539085386479075
0.00853905857182241
0.008539030856841594
0.008539002183377083
0.00853897260980445
0.008538942178329645
0.008538910816539269
0.008538878532174
0.008538845335858525
0.00853881117666031
0.00853877607117151
0.008538740039049341
0.008538703050132176
0.00853866509118268
0.008538626184570068
0.008538586326643765
0.008538545484029901
0.00853850391457632
0.008538461514245312
0.00853841812057262
0.008538373757347933
0.008538328416882185
0.008538282113693145
0.0085382350431887
0.008538187019869132
0.008538138165278299
0.008538088109980572
0.008538037021882813
0.008537984870852496
0.008537931759110709
0.008537877605405043
0.008537822406151105
0.00853776624332247
0.008537709020141398
0.008537650740756672
0.00853759150611494
0.008537531180953834
0.008537469756213579
0.008537407381680791
0.008537343940152119
0.008537279376942762
0.008537213832083782
0.008537147227956041
0.00853707950489974
0.00853701076755469
0.008536940971644646
0.008536870042372907
0.008536798064813599
0.008536725027739509
0.008536650860377162
0.008536575646633803
0.008536499373633273
0.008536421940339465
0.00853634344363094
0.008536263866798654
0.008536183100612039
0.00853610126163459
0.00853601767584344
0.008535932755124091
0.008535846727833672
0.008535759625887079
0.008535671311100975
0.008535581860662654
0.008535491370840708
0.008535399654889335
0.00853530675447058
0.00853521282067111
0.008535117634848906
0.008535021262214245
0.008534923888896383
0.008534825204367371
0.008534725295116195
0.008534624426666294
0.008534522227811864
0.008534418770181141
0.008534314371473672
0.0085342086224378
0.00853410155097413
0.008533993479338055
0.008533884010517393
0.008533773190007431
0.008533661369230072
0.008533548298682301
0.008533433867740492
0.008533318405905753
0.008533201683573877
0.00853308356638558
0.008532964326347904
0.008532843889123027
0.00853272207468815
0.008532599082864273
0.008532474943011892
0.008532349410705471
0.00853222264858433
0.008532094760868093
0.008531965437139319
0.008531834868907904
0.008531703215983998
0.008531570024284816
0.008531435433599395
0.00853129968502447
0.00853116248080125
0.008531023904891662
0.00853088423921654
0.008530743183809626
0.008530600716721381
0.008530457110055654
0.008530312145682438
0.00853016569307055
0.008530018073340083
0.008529869196691157
0.008529718808130835
0.00852956715959669
0.00852941427446485
0.008529259857086802
0.00852910413316985
0.008528947215268742
0.008528788774052144
0.00852862899374557
0.008528467964801023
0.00852830553281164
0.008528141833468856
0.008527976704191859
0.008527810202301978
0.008527642389870499
0.00852747298876688
0.008527302432678515
0.008527130513916736
0.00852695686413174
0.00852678215788454
0.008526605992662868
0.008526428002831252
0.00852624899223139
0.008526069118309042
0.008525887356089314
0.008525704895577342
0.008525521512527192
0.008525335858178724
0.0085251489989881
0.008524960896465927
0.008524770936744601
0.008524579687597445
0.008524387159127855
0.008524192920747267
0.008523997240719857
0.008523800162494958
0.008523601521744415
0.008523401342420592
0.008523199858432987
0.008522996828742607
0.008522792190074211
0.008522586185199592
0.008522378636193307
0.00852216940797478
0.008521958822334337
0.008521746698650932
0.008521532899558296
0.008521317783242405
0.008521101094825755
0.008520882660652677
0.008520661954991774
0.00852043938707887
0.008520215045520961
0.008519989302027922
0.00851976200125088
0.008519533068312511
0.00851930256817607
0.008519070426299912
0.008518836687617786
0.008518601386775888
0.008518364431020454
0.008518125841708506
0.008517885726501312
0.008517643939807612
0.008517400295954802
0.00851715513568958
0.008516908267017629
0.00851665959713228
0.008516409506300946
0.008516157584750795
0.008515903701272219
0.008515648644216181
0.00851539186568047
0.00851513298088629
0.008514872910536705
0.008514611068145633
0.008514346784259696
0.008514081299704625
0.008513814096189343
0.0085135445869277
0.008513273831814692
0.008513001362746004
0.008512726667055532
0.008512450623785634
0.008512172937222633
0.008511893044670479
0.008511611641548018
0.008511328660515346
0.008511043541168526
0.008510756760648868
0.00851046849873747
0.008510178238011729
0.008509886236535515
0.008509592563559548
0.00850929693239344
0.008508999550253157
0.008508700399795864
0.008508399222370738
0.00850809622522237
0.008507791414836615
0.008507484545567528
0.008507175883598603
0.008506865510232584
0.008506553190753266
0.008506240067895248
0.00850592551135092
0.008505608457609922
0.008505289673149974
0.008504969258815973
0.008504646513192837
0.008504321953933207
0.008503995752615342
0.008503667146136745
0.00850333663499699
0.008503004569676956
0.008502670067344887
0.008502333490762891
0.008501995527950059
0.008501655108998977
0.008501312462214927
0.008500968563408803
0.008500622147594249
0.008500273383935067
0.008499923410717486
0.00849957064100307
0.008499213911114183
0.008498856185141051
0.008498495862645172
0.008498132857548437
0.008497768638149281
0.008497401980611304
0.008497032690601303
0.008496662058664542
0.008496289081122266
0.008495913416770832
0.008495535975878446
0.008495156133853444
0.008494773652438474
0.008494389502112605
0.008494003175401141
0.008493614223509388
0.008493223016097026
0.00849282975112047
0.008492433708628965
0.008492035407268846
0.008491635254857466
0.008491232333331442
0.00849082715703472
0.008490420039754119
0.008490010206460265
0.00848959818392168
0.00848918402295453
0.00848876733510132
0.008488348292179348
0.00848792736138946
0.008487503765865604
0.008487077459975645
0.00848664937428296
0.008486218329889215
0.008485784387972246
0.008485348797266729
0.008484910352737695
0.008484469157964566
0.008484026041124743
0.008483581005723686
0.008483132945806096
0.008482683005432486
0.00848223158884633
0.008481776950936699
0.008481319703653262
0.008480860436926509
0.008480398171408972
0.00847993307450639
0.008479465429763418
0.008478995468820017
0.008478522797289653
0.008478046842442357
0.008477569021814168
0.008477088434166623
0.008476604033166706
0.008476118010908907
0.008475629391628606
0.008475136644435145
0.008474641326102319
0.00847414231311209
0.008473639337383399
0.00847313441607752
0.008472626687316614
0.008472115454180038
0.00847160173482287
0.008471085122659674
0.00847056500749669
0.008470041948960358
0.008469516029733646
0.008468986877338006
0.00846845435453848
0.00846791922121325
0.008467380759783524
0.008466838780257434
0.008466294436540883
0.008465746717598416
0.008465195342620468
0.008464641860659388
0.008464085192965988
0.008463524867569652
0.008462961684432203
0.008462395111367139
0.008461824922983778
0.00846125197356331
0.008460675790198177
0.008460096008364929
0.008459513204083524
0.008458926856575705
0.008458337033544773
0.008457744589558152
0.008457148626963501
0.008456548671880228
0.008455947039860575
0.008455342042243026
0.008454733008561777
0.008454121253343137
0.008453505768727958
0.008452886107490759
0.008452263467301399
0.008451637060810998
0.00845100652185996
0.008450372797154555
0.008449735391410126
0.008449093915819631
0.008448449089773909
0.008447800360097592
0.008447147006171364
0.008446488299452758
0.008445825690577433
0.008445158845704657
0.008444488273205925
0.008443814049046731
0.008443135300572164
0.008442452091329313
0.008441765002680401
0.008441073228581918
0.008440377515835748
0.008439678166508443
0.00843897364634541
0.008438265712930429
0.008437554566486063
0.00843683776261479
0.008436117023161853
0.008435393069168242
0.008434663152979454
0.008433929086597108
0.008433192116772086
0.008432449126768755
0.008431701441350619
0.008430950883076063
0.008430195300145181
0.00842943467808194
0.008428670644713117
0.008427901231808112
0.008427126872727052
0.008426350237249445
0.008425569184657377
0.008424782043438796
0.008423990717717222
0.008423194854153954
0.00842239308498181
0.008421587304151709
0.008420777100271547
0.008419960469130008
0.008419139236217878
0.008418314041527753
0.008417482369349952
0.008416645343207027
0.008415801872645455
0.008414951495310708
0.008414096671744411
0.008413237088102614
0.008412369497160642
0.008411497164989165
0.008410621253041695
0.008409737474466659
0.008408848466284638
0.00840795658169738
0.008407055873928006
0.008406149797434885
0.00840524066800474
0.008404323562247844
0.008403400037529608
0.008402472885682208
0.008401538671247464
0.008400597447665694
0.00839965206544901
0.008398701879460738
0.008397742941850405
0.008396778942279212
0.008395810842175869
0.008394833134635042
0.008393852266819523
0.008392867542424371
0.0083918722325688
0.008390872046360768
0.008389867860688047
0.008388853754523027
0.008387833274511586
0.008386808896416253
0.008385775616424458
0.008384735084144597
0.008383690532904562
0.008382635796436185
0.008381570387493667
0.008380500191502514
0.008379423378637063
0.008378335896071407
0.008377243334995121
0.008376145210774013
0.00837503689653071
0.008373922091916225
0.00837280168956658
0.008371671714107921
0.008370533747318677
0.008369390302557513
0.008368238325144496
0.008367077459545815
0.008365911140295975
0.008364736963877422
0.00836355401728908
0.008362363653320005
0.008361164776267945
0.008359957541667318
0.008358743464104965
0.008357521999604657
0.008356292306239093
0.008355054215948817
0.008353808148227226
0.008352553093244437
0.00835128919773078
0.008350017363758597
0.008348736251364113
0.0083474463234193
0.008346147303276314
0.008344835319455304
0.008343514555130856
0.008342185353894003
0.008340845600519124
0.00833949598031236
0.008338137222990214
0.008336768896060965
0.008335391971271068
0.008334004842986494
0.00833260791642933
0.00833120160263293
0.008329784583106318
0.008328359761006102
0.008326924838372655
0.008325478598182282
0.008324021906130913
0.00832255515805667
0.008321078384663175
0.00831959140931882
0.008318096556869138
0.008316590884232715
0.008315072823110992
0.008313545485364901
0.008312007905770528
0.00831045675839221
0.008308895191491465
0.008307323849881714
0.008305738634252387
0.008304140354894017
0.008302530399951689
0.008300906594519491
0.008299270692594403
0.008297625404035952
0.008295967129003054
0.008294294510486926
0.008292611710961751
0.008290917385597493
0.008289208427985778
0.008287488968654898
0.008285758746662378
0.00828401346707431
0.008282255019467081
0.008280486313487566
0.008278701599926622
0.00827690360706868
0.00827509789623551
0.008273275728422815
0.008271440652763548
0.008269593819310462
0.00826773165629093
0.008265854436642144
0.0082639647100074
0.00826206110056918
0.008260141040311598
0.00825820370922244
0.008256252672966027
0.00825428382569141
0.00825230124336212
0.008250306922156829
0.008248293265245102
0.008246265500104526
0.008244226418713252
0.00824216751893778
0.008240095155913715
0.008238006509230095
0.008235900887800445
0.008233780337925663
0.008231644397930418
0.008229492493597928
0.008227323586084422
0.008225140388486376
0.008222940874303275
0.008220722231605413
0.00821848899730632
0.008216237715807628
0.008213966213918686
0.008211680707434287
0.008209376822899085
0.008207046990620862
0.00820470099645023
0.008202337724441509
0.008199953698213856
0.00819755178230371
0.008195135386826816
0.008192698294586579
0.008190241478490914
0.008187767170056502
0.008185270491379761
0.008182753479939955
0.00818022051637875
0.008177667251954153
0.00817509072976544
0.008172500131522285
0.008169889269257772
0.008167253108168066
0.008164599239110672
0.008161925367219146
0.008159225629083666
0.008156505233350743
0.008153764659553612
0.008150996657445517
0.008148203370085677
0.008145395342047595
0.00814256404572071
0.008139703293971633
0.00813682653952629
0.008133927392856805
0.008130996470588039
0.008128044338487257
0.00812507594392453
0.008122079984342435
0.008119056088801493
0.00811601469965137
0.008112948090672643
0.008109852691077852
0.008106737727894412
0.008103597204351708
0.008100426040838049
0.008097231280229714
0.00809400679710248
0.008090752946254332
0.00808747392620023
0.008084170063191863
0.008080836262764728
0.008077476580920137
0.008074093488401605
0.008070673391997818
0.008067227276057236
0.008063761832732032
0.008060259102423256
0.008056724753674542
0.008053171607169812
0.008049589673658758
0.008045968810275687
0.008042323953055139
0.008038656133240375
0.008034944458630951
0.008031202936371358
0.008027435377776799
0.008023629443783296
0.008019787838629751
0.008015925617157034
0.008012025684056446
0.008008082337428177
0.008004113266572814
0.00800011876221225
0.007996080653247742
0.007992008020302062
0.00798791099807652
0.007983775658313505
0.007979600184138038
0.007975400973879993
0.007971160947180447
0.007966877746724608
0.007962565927396262
0.0079582183710298
0.007953821870531707
0.007949387109021322
0.007944924766300644
0.007940416674381542
0.007935864939476232
0.007931287295117054
0.007926663741675301
0.007921993462540527
0.007917291240681868
0.007912550365824408
0.007907767653501497
0.007902940752249685
0.00789808032117841
0.007893172896139068
0.007888218759160256
0.007883230479882918
0.007878190484369645
0.0078731020557485
0.00786797479847216
0.007862798216153781
0.007857576695858695
0.007852307258946686
0.007846998275243404
0.007841638109474231
0.007836229947269293
0.00783077997806984
0.00782528038323849
0.007819734103361965
0.007814142032978469
0.007808494459393013
0.007802798764030102
0.007797053315586219
0.0077912536631751725
0.007785400165131279
0.007779492876051673
0.007773533777702228
0.007767519192143221
0.007761453498396544
0.007755335900494266
0.00774916027460401
0.007742932637115401
0.007736649907229727
0.007730311788392355
0.007723915623184863
0.0077174636119121485
0.0077109551682552
0.007704386089393517
0.007697752831354063
0.007691053089456588
0.007684292099633484
0.007677475318438881
0.0076705951040795094
0.0076636515433457925
0.007656647728738276
0.007649580728078433
0.007642445535354641
0.0076352453821325675
0.0076279896272291575
0.007620662571270962
0.007613265573755683
0.007605810159418198
0.00759827666914698
0.007590656487836847
0.007582967609888996
0.007575229971719485
0.0075674088327151385
0.0075595045547210415
0.007551537759814175
0.007543503945677197
0.007535385692115759
0.007527193837020242
0.007518946447543016
0.00751060744213156
0.0075021803829138445
0.007493675449125955
0.007485092526582634
0.0074764188925127185
0.007467663224411999
0.007458843195534993
0.007449927407745443
0.007440925088998979
0.007431844179370842
0.007422683131168289
0.007413428994570061
0.007404087941676936
0.007394662781391981
0.007385140574362598
0.007375526792705424
0.007365829864011175
0.007356053022837596
0.007346191334881944
0.007336254204667974
0.007326228932401172
0.007316125714467956
0.007305943526808247
0.007295672877032368
0.0072853108638740805
0.007274858624795261
0.007264325558324684
0.007253679756513117
0.007242946149526309
0.007232129968851001
0.00722121046587699
0.007210190982791581
0.0071990857510507095
0.007187897073872783
0.007176584862077038
0.007165193811220394
0.007153704619062718
0.007142085568745449
0.007130362677698099
0.007118550953729423
0.007106640549445868
0.007094579367808803
0.007082434214643591
0.007070194028001329
0.007057828366500707
0.0070453406883435165
0.0070327612130195085
0.0070200718524798
0.007007220479810412
0.00699426761253803
0.006981212074485181
0.006968011687481522
0.0069546736712107595
0.006941235691851059
0.00692767938481497
0.0069139574876668115
0.006900122171414202
0.006886172629360147
0.006872070800319321
0.006857818613035302
0.006843452626148777
0.006828944013877953
0.00681425383341987
0.006799438779493828
0.006784502351487583
0.006769399593390263
0.006754127172895525
0.006738730005340944
0.006723186812377702
0.006707450032305195
0.006691562055610151
0.0066755357505849655
0.00665932492072197
0.006642931992578203
0.006626389998444658
0.0066096856070763845
0.006592783629987934
0.006575720910259414
0.006558485205379915
0.006541046434431333
0.00652342318995725
0.00650563402309831
0.006487643220710984
0.006469435935396962
0.006451053606679865
0.006432475393322068
0.006413676503713957
0.006394678326087457
0.006375499944159169
0.0063560862697162115
0.00633642338069207
0.0063165807111958
0.006296527815769361
0.0062762049320420985
0.006255636160737134
0.006234893417608641
0.006213903051600975
0.0061926162878912705
0.006171098760163609
0.006149385873095468
0.006127386238719847
0.006105082618515529
0.006082561390578962
0.006059784681424838
0.006036689177898392
0.00601330462113295
0.005989694244566878
0.005965779796228472
0.0059415282417206354
0.005916996724339514
0.005892208557698174
0.005867054299504873
0.005841561803589604
0.005815789587824561
0.0057896952640684165
0.005763219911467316
0.0057364110850332784
0.005709288119011982
0.005681795198623791
0.0056538948189688906
0.00562566741290557
0.005597080082525901
0.0055680422296162674
0.005538596895985801
0.005508803168089503
0.005478615345126733
0.005447932792029918
0.0054168386936554675
0.005385321933129073
0.005353372983800186
0.005320883775223881
0.005287959953470929
0.0052545457600025125
0.005220658811877382
0.005186220867051834
0.005151279713708436
0.005115817739069153
0.005079776517162688
0.005043199581956843
0.005005970868879468
0.00496821014100066
0.004929809772867022
0.004890806161903745
0.004851109735076416
0.004810786834937557
0.004769756628987418
0.004728026307533003
0.004685545250317335
0.00464232399458979
0.004598355601796835
0.004553524738698427
0.004507903792709853
0.004461391305187397
0.004414006895421272
0.004365676094794743
0.00431643222252895
0.004266158848748664
0.004214821635229206
0.004162440762772485
0.004108995131069244
0.004054367240185971
0.003998395152275782
0.003941247372250477
0.003882809319312043
0.003822940012792197
0.0037615272971608057
0.00369868242830546
0.0036343598039745646
0.003568414485974352
0.0035007940041239167
0.0034315260603597695
0.003360384842748778
0.00328710721441744
0.0032117032197162628
0.0031340823520650293
0.0030538977706271488
0.0029707883831153457
0.0028847456768336826
0.002795529339521409
0.0027026131804527287
0.002605466601241523
0.0025038335155574505
0.0023971538059150387
0.0022844485000029675
0.0021646928767376605
0.002036918153795033
0.0018994148387569817
0.0017495493483827358
0.0015838868984134977
0.0013969317622651214
0.0011784492280370968
0.0009055263992871262
0.0004947968070961909
0.0
0.0
0.0
0.0
0.0
0.0
0.0
0.0
0.0
0.0
0.0
0.0
0.0
0.0
0.0
0.0
0.0
0.0
0.0
0.0
0.0
0.0
0.0
0.0
0.0
0.0
0.0
0.0
0.0
0.0
0.0
0.0
0.0
0.0
0.0
0.0
0.0
0.0
0.0
0.0
0.0
0.0
0.0
0.0
0.0
0.0
0.0
0.0
0.0
0.0
0.0
0.0
0.0
0.0
0.0
0.0
0.0
0.0
0.0
0.0
0.0
0.0
0.0
0.0
0.0
0.0
0.0
0.0
0.0
0.0
0.0
0.0
0.0
0.0
0.0
0.0
0.0
0.0
0.0
0.0
0.0
0.0
0.0
0.0
0.0
0.0
0.0
0.0
0.0
0.0
0.0
0.0
0.0
0.0
0.0
0.0
0.0
0.0
0.0
0.0
0.0
0.0
0.0
0.0
0.0
0.0
0.0
0.0
0.0
0.0
0.0
0.0
0.0
0.0
0.0
0.0
0.0
0.0
0.0
0.0
0.0
0.0
0.0
0.0
0.0
0.0
0.0
0.0
0.0
0.0
0.0
0.0
0.0
0.0
0.0
0.0
0.0
0.0
0.0
0.0
0.0
0.0
0.0
0.0
0.0
0.0
0.0
0.0
0.0
0.0
0.0
0.0
0.0
0.0
0.0
0.0
0.0
0.0
0.0
0.0
0.0
0.0
0.0
0.0
0.0
0.0
0.0
0.0
0.0
0.0
0.0
0.0
0.0
0.0
0.0
0.0
0.0
0.0
0.0
0.0
0.0
0.0
0.0
0.0
0.0
0.0
0.0
0.0
0.0
0.0
0.0
0.0
0.0
0.0
0.0
0.0
0.0
0.0
0.0
0.0
0.0
0.0
0.0
0.0
0.0
0.0
0.0
0.0
0.0
0.0
0.0
0.0
0.0
0.0
0.0
0.0
0.0
0.0
0.0
0.0
0.0
0.0
0.0
0.0
0.0
0.0
0.0
0.0
0.0
0.0
0.0
0.0
0.0
0.0
0.0
0.0
0.0
0.0
0.0
0.0
0.0
0.0
0.0
0.0
0.0
0.0
0.0
0.0
0.0
0.0
0.0
0.0
0.0
0.0
0.0
0.0
0.0
0.0
0.0
0.0
0.0
0.0
0.0
0.0
0.0
0.0
0.0
0.0
0.0
0.0
0.0
0.0
0.0
0.0
0.0
0.0
0.0
0.0
0.0
0.0
0.0
0.0
0.0
0.0
0.0
0.0
0.0
0.0
0.0
0.0
0.0
0.0
0.0
0.0
0.0
0.0
0.0
0.0
0.0
0.0
0.0
0.0
0.0
0.0
0.0
0.0
0.0
0.0
0.0
0.0
0.0
0.0
0.0
0.0
0.0
0.0
0.0
0.0
0.0
0.0
0.0
0.0
0.0
0.0
0.0
0.0
0.0
0.0
0.0
0.0
0.0
0.0
0.0
0.0
0.0
0.0
0.0
0.0
0.0
0.0
0.0
0.0
0.0
0.0
0.0
0.0
0.0
0.0
0.0
0.0
0.0
0.0
0.0
0.0
0.0
0.0
0.0
0.0
0.0
0.0
0.0
0.0
0.0
0.0
0.0
0.0
0.0
0.0
0.0
0.0
0.0
0.0
0.0
0.0
0.0
0.0
0.0
0.0
0.0
0.0
0.0
0.0
0.0
0.0
0.0
0.0
0.0
0.0
0.0
0.0
0.0
0.0
0.0
0.0
0.0
0.0
0.0
0.0
0.0
0.0
0.0
0.0
0.0
0.0
0.0
0.0
0.0
0.0
0.0
0.0
0.0
0.0
0.0
0.0
0.0
0.0
0.0
0.0
0.0
0.0
0.0
0.0
0.0
0.0
0.0
0.0
0.0
0.0
0.0
0.0
0.0
0.0
0.0
0.0
0.0
0.0
0.0
0.0
0.0
0.0
0.0
0.0
0.0
0.0
0.0
0.0
0.0
0.0
0.0
0.0
0.0
0.0
0.0
0.0
0.0
0.0
0.0
0.0
0.0
0.0
0.0
0.0
0.0
0.0
0.0
0.0
0.0
0.0
0.0
0.0
0.0
0.0
0.0
0.0
0.0
0.0
0.0
0.0
0.0
0.0
0.0
0.0
0.0
0.0
0.0
0.0
0.0
0.0
0.0
0.0
0.0
0.0
0.0
0.0
0.0
0.0
0.0
0.0
0.0
0.0
0.0
0.0
0.0
0.0
0.0
0.0
0.0
0.0
0.0
0.0
0.0
0.0
0.0
0.0
0.0
0.0
0.0
0.0
0.0
0.0
0.0
0.0
0.0
0.0
0.0
0.0
0.0
0.0
0.0
0.0
0.0
0.0
0.0
0.0
0.0
0.0
0.0
0.0
0.0
0.0
0.0
0.0
0.0
0.0
0.0
0.0
0.0
0.0
0.0
0.0
0.0
0.0
0.0
0.0
0.0
0.0
0.0
0.0
0.0
0.0
0.0
0.0
0.0
0.0
0.0
0.0
0.0
0.0
0.0
0.0
0.0
0.0
0.0
0.0
0.0
0.0
0.0
0.0
0.0
0.0
0.0
0.0
0.0
0.0
0.0
0.0
0.0
0.0
0.0
0.0
0.0
0.0
0.0
0.0
0.0
0.0
0.0
0.0
0.0
0.0
0.0
0.0
0.0
0.0
0.0
0.0
0.0
0.0
0.0
0.0
0.0
0.0
0.0
0.0
0.0
0.0
0.0
0.0
0.0
0.0
0.0
0.0
0.0
0.0
0.0
0.0
0.0
0.0
0.0
0.0
0.0
0.0
0.0
0.0
0.0
0.0
0.0
0.0
0.0
0.0
0.0
0.0
0.0
0.0
0.0
0.0
0.0
0.0
0.0
0.0
0.0
0.0
0.0
0.0
0.0
0.0
0.0
0.0
0.0
0.0
0.0
0.0
0.0
0.0
0.0
0.0
0.0
0.0
0.0
0.0
0.0
0.0
0.0
0.0
0.0
0.0
0.0
0.0
0.0
0.0
0.0
0.0
0.0
0.0
0.0
0.0
0.0
0.0
0.0
0.0
0.0
0.0
0.0
0.0
0.0
0.0
0.0
0.0
0.0
0.0
0.0
0.0
0.0
0.0
0.0
0.0
0.0
0.0
0.0
0.0
0.0
0.0
0.0
0.0
0.0
0.0
0.0
0.0
0.0
0.0
0.0
0.0
0.0
0.0
0.0
0.0
0.0
0.0
0.0
0.0
0.0
0.0
0.0
0.0
0.0
0.0
0.0
0.0
0.0
0.0
0.0
0.0
0.0
0.0
0.0
0.0
0.0
0.0
0.0
0.0
0.0
0.0
0.0
0.0
0.0
0.0
0.0
0.0
0.0
0.0
0.0
0.0
0.0
0.0
0.0
0.0
0.0
0.0
0.0
0.0
0.0
0.0
0.0
0.0
0.0
0.0
0.0
0.0
0.0
0.0
0.0
0.0
0.0
0.0
0.0
0.0
0.0
0.0
0.0
0.0
0.0
0.0
0.0
0.0
0.0
0.0
0.0
0.0
0.0
0.0
0.0
0.0
0.0
0.0
0.0
0.0
0.0
0.0
0.0
0.0
0.0
0.0
0.0
0.0
0.0
0.0
0.0
0.0
0.0
0.0
0.0
0.0
0.0
0.0
0.0
0.0
0.0
0.0
0.0
0.0
0.0
0.0
0.0
0.0
0.0
0.0
0.0
0.0
0.0
0.0
0.0
0.0
0.0
0.0
0.0
0.0
0.0
0.0
0.0
0.0
0.0
0.0
0.0
0.0
0.0
0.0
0.0
0.0
0.0
0.0
0.0
0.0
0.0
0.0
0.0
0.0
0.0
0.0
0.0
0.0
0.0
0.0
0.0
0.0
0.0
0.0
0.0
0.0
0.0
0.0
0.0
0.0
0.0
0.0
0.0
0.0
0.0
0.0
0.0
0.0
0.0
0.0
0.0
0.0
0.0
0.0
0.0
0.0
0.0
0.0
0.0
0.0
0.0
0.0
0.0
0.0
0.0
0.0
0.0
0.0
0.0
0.0
0.0
0.0
0.0
0.0
0.0
0.0
0.0
0.0
0.0
0.0
0.0
0.0
0.0
0.0
0.0
0.0
0.0
0.0
0.0
0.0
0.0
0.0
0.0
0.0
0.0
0.0
0.0
0.0
0.0
0.0
0.0
0.0
0.0
0.0
0.0
0.0
0.0
0.0
0.0
0.0
0.0
0.0
0.0
0.0
0.0
0.0
0.0
0.0
0.0
0.0
0.0
0.0
0.0
0.0
0.0
0.0
0.0
0.0
0.0
0.0
0.0
0.0
0.0
0.0
0.0
0.0
0.0
0.0
0.0
0.0
0.0
0.0
0.0
0.0
0.0
0.0
0.0
0.0
0.0
0.0
0.0
0.0
0.0
0.0
0.0
0.0
0.0
0.0
0.0
0.0
0.0
0.0
0.0
0.0
0.0
0.0
0.0
0.0
0.0
0.0
0.0
0.0
0.0
0.0
0.0
0.0
0.0
0.0
0.0
0.0
0.0
0.0
0.0
0.0
0.0
0.0
0.0
0.0
0.0
0.0
0.0
0.0
0.0
0.0
0.0
0.0
0.0
0.0
0.0
0.0
0.0
0.0
0.0
0.0
0.0
0.0
0.0
0.0
0.0
0.0
0.0
0.0
0.0
0.0
0.0
0.0
0.0
0.0
0.0
0.0
0.0
0.0
0.0
0.0
0.0
0.0
0.0
0.0
0.0
0.0
0.0
0.0
0.0
0.0
0.0
0.0
0.0
0.0
0.0
0.0
0.0
0.0
0.0
0.0
0.0
0.0
0.0
0.0
0.0
0.0
0.0
0.0
0.0
0.0
0.0
0.0
0.0
0.0
0.0
0.0
0.0
0.0
0.0
0.0
0.0
0.0
0.0
0.0
0.0
0.0
0.0
0.0
0.0
0.0
0.0
0.0
0.0
0.0
0.0
0.0
0.0
0.0
0.0
0.0
0.0
0.0
0.0
0.0
0.0
0.0
0.0
0.0
0.0
0.0
0.0
0.0
0.0
0.0
0.0
0.0
0.0
0.0
0.0
0.0
0.0
0.0
0.0
0.0
0.0
0.0
0.0
0.0
0.0
0.0
0.0
0.0
0.0
0.0
0.0
0.0
0.0
0.0
0.0
0.0
0.0
0.0
0.0
0.0
0.0
0.0
0.0
0.0
0.0
0.0
0.0
0.0
0.0
0.0
0.0
0.0
0.0
0.0
0.0
0.0
0.0
0.0
0.0
0.0
0.0
0.0
0.0
0.0
0.0
0.0
0.0
0.0
0.0
0.0
0.0
0.0
0.0
0.0
0.0
0.0
0.0
0.0
0.0
0.0
0.0
0.0
0.0
0.0
0.0
0.0
0.0
0.0
0.0
0.0
0.0
0.0
0.0
0.0
0.0
0.0
0.0
0.0
0.0
0.0
0.0
0.0
0.0
0.0
0.0
0.0
0.0
0.0
0.0
0.0
0.0
0.0
0.0
0.0
0.0
0.0
0.0
0.0
0.0
0.0
0.0
0.0
0.0
0.0
0.0
0.0
0.0
0.0
0.0
0.0
0.0
0.0
0.0
0.0
0.0
0.0
0.0
0.0
0.0
0.0
0.0
0.0
0.0
0.0
0.0
0.0
0.0
0.0
0.0
0.0
0.0
0.0
0.0
0.0
0.0
0.0
0.0
0.0
0.0
0.0
0.0
0.0
0.0
0.0
0.0
0.0
0.0
0.0
0.0
0.0
0.0
0.0
0.0
0.0
0.0
0.0
0.0
0.0
0.0
0.0
0.0
0.0
0.0
0.0
0.0
0.0
0.0
0.0
0.0
0.0
0.0
0.0
0.0
0.0
0.0
0.0
0.0
0.0
0.0
0.0
0.0
0.0
0.0
0.0
0.0
0.0
0.0
0.0
0.0
0.0
0.0
0.0
0.0
0.0
0.0
0.0
0.0
0.0
0.0
0.0
0.0
0.0
0.0
0.0
0.0
0.0
0.0
0.0
0.0
0.0
0.0
0.0
0.0
0.0
0.0
0.0
0.0
0.0
0.0
0.0
0.0
0.0
0.0
0.0
0.0
0.0
0.0
0.0
0.0
0.0
0.0
0.0
0.0
0.0
0.0
0.0
0.0
0.0
0.0
0.0
0.0
0.0
0.0
0.0
0.0
0.0
0.0
0.0
0.0
0.0
0.0
0.0
0.0
0.0
0.0
0.0
0.0
0.0
0.0
0.0
0.0
0.0
0.0
0.0
0.0
0.0
0.0
0.0
0.0
0.0
0.0
0.0
0.0
0.0
0.0
0.0
0.0
0.0
0.0
0.0
0.0
0.0
0.0
0.0
0.0
0.0
0.0
0.0
0.0
0.0
0.0
0.0
0.0
0.0
0.0
0.0
0.0
0.0
0.0
0.0
0.0
0.0
0.0
0.0
0.0
0.0
0.0
0.0
0.0
0.0
0.0
0.0
0.0
0.0
0.0
0.0
0.0
0.0
0.0
0.0
0.0
0.0
0.0
0.0
0.0
0.0
0.0
0.0
0.0
0.0
0.0
0.0
0.0
0.0
0.0
0.0
0.0
0.0
0.0
0.0
0.0
0.0
0.0
0.0
0.0
0.0
0.0
0.0
0.0
0.0
0.0
0.0
0.0
0.0
0.0
0.0
0.0
0.0
0.0
0.0
0.0
0.0
0.0
0.0
0.0
0.0
0.0
0.0
0.0
0.0
0.0
0.0
0.0
0.0
0.0
0.0
0.0
0.0
0.0
0.0
0.0
0.0
0.0
0.0
0.0
0.0
0.0
0.0
0.0
0.0
0.0
0.0
0.0
0.0
0.0
0.0
0.0
0.0
0.0
0.0
0.0
0.0
0.0
0.0
0.0
0.0
0.0
0.0
0.0
0.0
0.0
0.0
0.0
0.0
0.0
0.0
0.0
0.0
0.0
0.0
0.0
0.0
0.0
0.0
0.0
0.0
0.0
0.0
0.0
0.0
0.0
0.0
0.0
0.0
0.0
0.0
0.0
0.0
0.0
0.0
0.0
0.0
0.0
0.0
0.0
0.0
0.0
0.0
0.0
0.0
0.0
0.0
0.0
0.0
0.0
0.0
0.0
0.0
0.0
0.0
0.0
0.0
0.0
0.0
0.0
0.0
0.0
0.0
0.0
0.0
0.0
0.0
0.0
0.0
0.0
0.0
0.0
0.0
0.0
0.0
0.0
0.0
0.0
0.0
0.0
0.0
0.0
0.0
0.0
0.0
0.0
0.0
0.0
0.0
0.0
0.0
0.0
0.0
0.0
0.0
0.0
0.0
0.0
0.0
0.0
0.0
0.0
0.0
0.0
0.0
0.0
0.0
0.0
0.0
0.0
0.0
0.0
0.0
0.0
0.0
0.0
0.0
0.0
0.0
0.0
0.0
0.0
0.0
0.0
0.0
0.0
0.0
0.0
0.0
0.0
0.0
0.0
0.0
0.0
0.0
0.0
0.0
0.0
0.0
0.0
0.0
0.0
0.0
0.0
0.0
0.0
0.0
0.0
0.0
0.0
0.0
0.0
0.0
0.0
0.0
0.0
0.0
0.0
0.0
0.0
0.0
0.0
0.0
0.0
0.0
0.0
0.0
0.0
0.0
0.0
0.0
0.0
0.0
0.0
0.0
0.0
0.0
0.0
0.0
0.0
0.0
0.0
0.0
0.0
0.0
0.0
0.0
0.0
0.0
0.0
0.0
0.0
0.0
0.0
0.0
0.0
0.0
0.0
0.0
0.0
0.0
0.0
0.0
0.0
0.0
0.0
0.0
0.0
0.0
0.0
0.0
0.0
0.0
0.0
0.0
0.0
0.0
0.0
0.0
0.0
0.0
0.0
0.0
0.0
0.0
0.0
0.0
0.0
0.0
0.0
0.0
0.0
0.0
0.0
0.0
0.0
0.0
0.0
0.0
0.0
0.0
0.0
0.0
0.0
0.0
0.0
0.0
0.0
0.0
0.0
0.0
0.0
0.0
0.0
0.0
0.0
0.0
0.0
0.0
0.0
0.0
0.0
0.0
0.0
0.0
0.0
0.0
0.0
0.0
0.0
0.0
0.0
0.0
0.0
0.0
0.0
0.0
0.0
0.0
0.0
0.0
0.0
0.0
0.0
0.0
0.0
0.0
0.0
0.0
0.0
0.0
0.0
0.0
0.0
0.0
0.0
0.0
0.0
0.0
0.0
0.0
0.0
0.0
0.0
0.0
0.0
0.0
0.0
0.0
0.0
0.0
0.0
0.0
0.0
0.0
0.0
0.0
0.0
0.0
0.0
0.0
0.0
0.0
0.0
0.0
0.0
0.0
0.0
0.0
0.0
0.0
0.0
0.0
0.0
0.0
0.0
0.0
0.0
0.0
0.0
0.0
0.0
0.0
0.0
0.0
0.0
0.0
0.0
0.0
0.0
0.0
0.0
0.0
0.0
0.0
0.0
0.0
0.0
0.0
0.0
0.0
0.0
0.0
0.0
0.0
0.0
0.0
0.0
0.0
0.0
0.0
0.0
0.0
0.0
0.0
0.0
0.0
0.0
0.0
0.0
0.0
0.0
0.0
0.0
0.0
0.0
0.0
0.0
0.0
0.0
0.0
0.0
0.0
0.0
0.0
0.0
0.0
0.0
0.0
0.0
0.0
0.0
0.0
0.0
0.0
0.0
0.0
0.0
0.0
0.0
0.0
0.0
0.0
0.0
0.0
0.0
0.0
0.0
0.0
0.0
0.0
0.0
0.0
0.0
0.0
0.0
0.0
0.0
0.0
0.0
0.0
0.0
0.0
0.0
0.0
0.0
0.0
0.0
0.0
0.0
0.0
0.0
0.0
0.0
0.0
0.0
0.0
0.0
0.0
0.0
0.0
0.0
0.0
0.0
0.0
0.0
0.0
0.0
0.0
0.0
0.0
0.0
0.0
0.0
0.0
0.0
0.0
0.0
0.0
0.0
0.0
0.0
0.0
0.0
0.0
0.0
0.0
0.0
0.0
0.0
0.0
0.0
0.0
0.0
0.0
0.0
0.0
0.0
0.0
0.0
0.0
0.0
0.0
0.0
0.0
0.0
0.0
0.0
0.0
0.0
0.0
0.0
0.0
0.0
0.0
0.0
0.0
0.0
0.0
0.0
0.0
0.0
0.0
0.0
0.0
0.0
0.0
0.0
0.0
0.0
0.0
0.0
0.0
0.0
0.0
0.0
0.0
0.0
0.0
0.0
0.0
0.0
0.0
0.0
0.0
0.0
0.0
0.0
0.0
0.0
0.0
0.0
0.0
0.0
0.0
0.0
0.0
0.0
0.0
0.0
0.0
0.0
