0.02344186912757069
0.0234420110188949
0.02344213665860276
0.02344225197127371
0.023442359511903967
0.023442460902354058
0.02344255729285368
0.023442649412429423
0.02344273725392592
0.023442822338547893
0.02344290460497272
0.02344298467694924
0.023443062829391317
0.02344313916422157
0.02344321399816535
0.023443287434053307
0.02344335912269461
0.023443429751224914
0.023443499361156903
0.023443568010841482
0.023443635660668476
0.0234437023531216
0.023443768268504687
0.023443833483809764
0.02344389789449373
0.02344396151210111
0.02344402447891022
0.023444086876215506
0.02344414876298466
0.02344421016761565
0.023444271075720398
0.023444331432291646
0.023444391209322086
0.023444450411524972
0.0234445092492836
0.023444567745593906
0.023444625907961564
0.023444683736118733
0.023444741221388947
0.02344479835062553
0.02344485512942032
0.023444911647923908
0.023444967746564887
0.023445023541104695
0.02344507907934745
0.023445134372708065
0.02344518942547989
0.023445244239636957
0.023445298818959705
0.023445353175200266
0.023445407318518612
0.02344546117924804
0.023445514816722055
0.02344556819261451
0.023445621325974657
0.023445674268403358
0.023445727043318234
0.023445779643910716
0.02344583206577934
0.02344588431424666
0.02344593637639405
0.02344598824595126
0.023446039978670608
0.02344609157501425
0.02344614302980433
0.0234461943042709
0.023446245385580405
0.02344629629171182
0.023446347024618355
0.023446397629069124
0.02344644807954244
0.023446498406880865
0.02344654863713201
0.023446598769266094
0.023446648805472762
0.023446698746470224
0.02344674858587066
0.0234467983020707
0.023446847869452513
0.02344689731645217
0.023446946643536953
0.023446995845398548
0.023447044927760282
0.02344709390994482
0.023447142809470824
0.02344719163811797
0.023447240397467848
0.02344728908191069
0.02344733768901389
0.023447386221397592
0.023447434645538907
0.02344748291224488
0.023447531109056126
0.023447579238485554
0.023447627310137786
0.023447675320146723
0.023447723264506334
0.02344777113258463
0.02344781891070585
0.02344786660520288
0.023447914234101738
0.02344796178430959
0.023448009247460863
0.023448056637021503
0.023448103948239398
0.023448151202245412
0.023448198408653132
0.02344824556533553
0.02344829267301846
0.023448339736278013
0.02344838675628013
0.02344843374093856
0.023448480673711726
0.023448527507948
0.023448574297677223
0.02344862103747119
0.0234486677233681
0.023448714344738004
0.023448760899231175
0.023448807398660045
0.023448853854056248
0.023448900265543565
0.023448946636865645
0.023448992975171196
0.02344903926927394
0.02344908551492081
0.02344913173156595
0.023449177919842277
0.02344922407611066
0.023449270189805006
0.023449316258787704
0.023449362282330015
0.023449408262074846
0.023449454208949096
0.02344950012750175
0.023449546014817545
0.023449591852513132
0.023449637630641222
0.023449683371379253
0.023449729082767056
0.02344977475708899
0.02344982039631688
0.023449866006233062
0.023449911589576156
0.02344995715166278
0.023450002686861794
0.023450048171593473
0.023450093631399015
0.023450139068068514
0.02345018448309665
0.023450229866917117
0.023450275223395493
0.023450320551607406
0.02345036586194477
0.023450411152841234
0.02345045642173341
0.02345050167361876
0.023450546906661242
0.02345059210972858
0.023450637286372818
0.023450682447415102
0.023450727573296918
0.023450772650956745
0.023450817692108654
0.02345086269371052
0.023450907681887328
0.023450952657264594
0.023450997607903878
0.023451042544469402
0.023451087466143623
0.023451132372925364
0.02345117726820411
0.023451222140779944
0.023451267003139663
0.0234513118511588
0.023451356671405018
0.023451401485039425
0.023451446252220592
0.023451491002015105
0.023451535732219437
0.02345158045803113
0.023451625159979422
0.02345166984247555
0.02345171450587638
0.023451759153644253
0.023451803789256608
0.023451848400722466
0.023451893002320374
0.0234519375977949
0.023451982173013607
0.023452026719761182
0.023452071231127997
0.023452115748917524
0.02345216023662321
0.023452204711913918
0.023452249174229826
0.02345229362219683
0.023452338064376042
0.023452382488863138
0.023452426896731514
0.02345247132990448
0.02345251579581628
0.0234525602492897
0.023452604697211717
0.023452649130891852
0.023452693561241116
0.023452737957639573
0.023452782332662722
0.023452826727182286
0.023452871092179806
0.023452915434512625
0.023452959768261353
0.023453004090400326
0.023453048396585793
0.023453092692731603
0.023453136980485283
0.023453181250637126
0.02345322550669111
0.023453269764434265
0.02345331399890539
0.023453358203013194
0.02345340239602845
0.023453446560772202
0.023453490711905646
0.023453534851559318
0.023453579006947466
0.023453623142390637
0.023453667265346385
0.023453711382331547
0.023453755482692944
0.02345379957021676
0.023453843649724578
0.023453887720008084
0.023453931787753363
0.023453975848301396
0.023454019891257047
0.023454063913413488
0.023454107939086366
0.02345415195426994
0.023454195936972705
0.023454239908273878
0.02345428387842864
0.02345432784386928
0.023454371783740678
0.023454415695809683
0.023454459595061358
0.02345450349064419
0.023454547375683293
0.023454591234285
0.023454635073695367
0.02345467890671244
0.0234547227205027
0.023454766520335985
0.02345481030965293
0.023454854100156963
0.023454897875791043
0.023454941627535583
0.023454985357942514
0.023455029108644384
0.0234550728452264
0.02345511655416002
0.02345516024948909
0.023455203933535698
0.02345524760065797
0.023455291260589727
0.02345533490607555
0.023455378533024766
0.023455422146704225
0.023455465744144012
0.023455509321768483
0.023455552883405142
0.02345559643194608
0.02345563996906094
0.02345568349225983
0.023455727007881445
0.023455770512400456
0.02345581399443125
0.023455857450657196
0.023455900885462764
0.02345594430546067
0.023455987721968743
0.02345603114027628
0.023456074528396313
0.02345611788650641
0.02345616122688762
0.023456204554698087
0.023456247862463874
0.02345629114954308
0.023456334419127478
0.023456377673299732
0.02345642091542901
0.02345646412617521
0.023456507310223997
0.02345655049108468
0.02345659365629208
0.023456636801089857
0.023456679922997582
0.023456723022643223
0.023456766106602252
0.023456809169455424
0.02345685220642835
0.023456895220359566
0.023456938216645806
0.023456981198549037
0.023457024170278378
0.023457067130692646
0.023457110068403803
0.023457152977641275
0.02345719585848116
0.023457238715199807
0.023457281556318214
0.02345732438660814
0.023457367199183298
0.023457409978243093
0.023457452724959905
0.023457495439627777
0.023457538132849638
0.02345758082343651
0.02345762348835767
0.02345766610946158
0.023457708704368693
0.023457751275049118
0.023457793810932628
0.023457836314508238
0.02345787879332223
0.023457921249907733
0.02345796368048633
0.023458006079448906
0.023458048446051254
0.023458090787020828
0.02345813311053131
0.02345817541730498
0.023458217699563945
0.02345825994917507
0.02345830216500779
0.02345834435273054
0.023458386516800666
0.023458428654264344
0.02345847076170455
0.02345851283106969
0.02345855485965384
0.0234585968523257
0.02345863881965204
0.023458680757617142
0.023458722665847528
0.023458764545737
0.02345880638668905
0.023458848189179825
0.02345888995469278
0.023458931685929656
0.023458973384051236
0.023459015046545205
0.02345905667703959
0.023459098276890945
0.023459139836221794
0.023459181353857803
0.023459222833275162
0.02345926427346887
0.023459305674161796
0.023459347038116505
0.023459388367707966
0.023459429661935274
0.023459470916041135
0.023459512124998326
0.02345955328746386
0.023459594408534363
0.02345963549533118
0.023459676548746918
0.02345971756293511
0.02345975852637266
0.023459799437479337
0.023459840294767914
0.023459881110741564
0.0234599218842494
0.023459962613912064
0.023460003305266253
0.023460043962001898
0.023460084569676163
0.023460125124666085
0.0234601656290753
0.02346020608422878
0.023460246488430692
0.023460286842107787
0.023460327149543752
0.023460367412098004
0.023460407625715985
0.023460447786780563
0.023460487894881504
0.023460527947710058
0.023460567948845077
0.023460607902938836
0.023460647800952555
0.02346068764710747
0.023460727445106407
0.023460767192415303
0.023460806880100833
0.023460846506599686
0.023460886074420442
0.023460925583891762
0.023460965031743528
0.023461004410143742
0.02346104374732748
0.02346108302071979
0.02346112223013486
0.02346116138330823
0.023461200475943158
0.023461239508493086
0.023461278480645532
0.023461317389675978
0.02346135622991172
0.023461395000533392
0.023461433712832568
0.02346147236038334
0.023461510938755127
0.023461549447658613
0.023461587886197465
0.023461626250686738
0.023461664544185145
0.023461702772564468
0.023461740937937577
0.02346177904173138
0.02346181707908572
0.023461855044713802
0.02346189293874101
0.023461930757929333
0.023461968498175733
0.02346200615790721
0.023462043735158384
0.023462081234855603
0.02346211866796716
0.023462155874294177
0.023462192995475514
0.02346223003532977
0.02346226699062365
0.023462303860055093
0.023462340630414746
0.023462377341191797
0.023462413962603765
0.02346245049014351
0.02346248692612233
0.02346252329253795
0.023462559571050652
0.023462595752985236
0.02346263185030005
0.023462667874473923
0.023462703813672495
0.023462739661377286
0.023462775413926298
0.023462811063915456
0.02346284661613171
0.023462882080633875
0.023462917461749895
0.02346295275494017
0.02346298795335021
0.023463023052005302
0.023463058046884294
0.023463092929603115
0.023463127712940464
0.023463162410919454
0.023463197012966314
0.023463231515541326
0.02346326591457688
0.02346330020623001
0.02346333439157102
0.023463368482269827
0.023463402473252504
0.023463436355800806
0.023463470140806422
0.023463503813188562
0.02346353736874922
0.023463570811320843
0.02346360415097581
0.023463637367700862
0.023463670460291516
0.023463703449571632
0.023463736333802745
0.023463769099105712
0.02346380175811766
0.023463834292178895
0.023463866706005886
0.023463898991493107
0.023463931146655168
0.023463963194448857
0.02346399513808844
0.02346402695536534
0.023464058640414127
0.023464090193711745
0.02346412159956842
0.023464152903919625
0.0234641840902355
0.02346421514414562
0.023464246065544595
0.023464276849933626
0.023464307494495518
0.023464338013155013
0.023464368406157298
0.023464398668468278
0.023464428792197678
0.023464458766472646
0.023464488610493762
0.023464518324655573
0.02346454789306168
0.023464577319150023
0.023464606594996266
0.02346463571503569
0.023464664691692918
0.023464693533173212
0.02346472223790405
0.02346475080085373
0.0234647792137414
0.02346480747385302
0.023464835587097773
0.023464863534916846
0.023464891313480656
0.023464918931934215
0.023464946409224342
0.023464973744100233
0.023465000914422402
0.023465027917424844
0.02346505474302811
0.023465081377090684
0.023465107812349596
0.02346513408390028
0.02346516018413399
0.023465186113709617
0.02346521185242535
0.02346523745582812
0.02346526288243692
0.02346528814625682
0.023465313222723747
0.023465338105647604
0.023465362827815122
0.023465387386663282
0.023465411758343883
0.023465435939402018
0.02346545993847233
0.02346548375592973
0.0234655073971955
0.023465530854987877
0.02346555411158066
0.023465577189089266
0.02346560007865619
0.02346562277466262
0.023465645277997924
0.023465667579991686
0.023465689694535496
0.023465711617229133
0.023465733341575038
0.0234657548657382
0.023465776187781378
0.023465797310212227
0.023465818222395504
0.023465838923244275
0.023465859419261912
0.023465879725738426
0.023465899830795976
0.02346591971395735
0.023465939369961667
0.023465958801337977
0.023465978027592333
0.023465997051682504
0.023466015857599914
0.023466034433137602
0.023466052783574068
0.023466070924282864
0.02346608884266104
0.023466106528446946
0.023466123976555685
0.02346614119348979
0.023466158189338476
0.023466174957550746
0.023466191488020927
0.023466207778137654
0.023466223838372748
0.023466239657017482
0.023466255231019497
0.023466270557550992
0.023466285640472855
0.023466300478920392
0.023466315079789808
0.023466329426699517
0.02346634352132964
0.023466357374083903
0.0234663709654862
0.023466384300893324
0.023466397372249488
0.023466410192513047
0.02346642274942029
0.023466435036354
0.02346644705934078
0.023466458828755195
0.02346647032609297
0.02346648155289778
0.023466492511939187
0.02346650319446129
0.023466513600962257
0.023466523725742743
0.023466533575231874
0.023466543145919037
0.023466552437984903
0.023466561441134456
0.023466570148882815
0.02346657858055302
0.023466586730964512
0.023466594584634997
0.02346660213660314
0.02346660938407378
0.02346661634724968
0.02346662301566295
0.02346662938006519
0.02346663543301395
0.023466641184963583
0.023466646632014383
0.0234666518325909
0.023466656941082017
0.023466661739645067
0.02346666622379151
0.023466670390306813
0.023466674236485234
0.023466677765582845
0.023466680974091318
0.023466683858259462
0.0234666864093814
0.023466688629346057
0.023466690519269588
0.023466692076695498
0.02346669329905547
0.02346669418543142
0.023466694732807384
0.023466694938564132
0.023466694801194822
0.023466694318838358
0.023466693488884256
0.023466692309202813
0.023466690777917076
0.023466688892159557
0.023466686649766692
0.023466684049695978
0.02346668109024115
0.023466677767137116
0.02346667407738856
0.02346667002049855
0.023466665594352728
0.023466660795659934
0.023466655623857774
0.023466650078388485
0.02346664415288564
0.02346663784184678
0.023466631147284138
0.02346662407210386
0.023466616608163772
0.023466608749197284
0.023466600500664583
0.02346659186374193
0.023466582824561866
0.02346657337258437
0.02346656352343282
0.02346655328316195
0.023466542638818824
0.023466531568132606
0.023466520082360855
0.023466508194336187
0.0234664958965876
0.02346648316392118
0.0234664700031184
0.02346645643094401
0.023466442440465973
0.023466428011744866
0.023466413142298574
0.02346639783876613
0.023466382103354697
0.02346636593333896
0.02346634932783497
0.02346633227274493
0.023466314751842448
0.02346629678538768
0.023466278380272713
0.023466259525806846
0.023466240198661725
0.02346622040504342
0.023466200160390326
0.02346617945198439
0.02346615827548004
0.023466136611067695
0.023466114491139417
0.023466091869464707
0.023466068793980978
0.023466045228035807
0.02346602118405109
0.023465996621138865
0.02346597159266183
0.02346594606926125
0.02346592006197945
0.023465893536576524
0.023465866515039846
0.023465838988466887
0.023465810940547567
0.02346578240176921
0.023465753354676534
0.02346572378021625
0.02346569366346433
0.02346566304707617
0.023465631921405796
0.023465600254388097
0.023465568044365562
0.023465535317869785
0.02346550205893989
0.02346546822636442
0.023465433875865242
0.023465399005132524
0.02346536354372137
0.02346532751128058
0.023465290963659707
0.023465253910913208
0.023465216196623253
0.023465177923911566
0.023465139127074066
0.023465099794257763
0.023465059813299036
0.023465019269282062
0.023464978201439196
0.023464936514643642
0.02346489419900664
0.023464851321880163
0.023464807940865747
0.023464763866285078
0.023464719160730656
0.023464673904526053
0.023464628102340537
0.023464581632619125
0.023464534512100687
0.0234644868239283
0.02346443852111112
0.0234643895902
0.023464340022226842
0.02346428983616045
0.02346423899787562
0.023464187531433423
0.023464135454594304
0.02346408270107754
0.023464029315567063
0.023463975299674658
0.02346392060338612
0.02346386522684243
0.02346380924840381
0.023463754265186224
0.02346369856949724
0.023463642165482478
0.02346358512506178
0.023463527445512784
0.023463469090549444
0.02346341002408909
0.023463350282952898
0.02346328983878047
0.023463228748462843
0.023463166992097648
0.02346310446660107
0.023463041250973204
0.023462977355092146
0.02346291278083533
0.023462847439622594
0.023462781397917753
0.023462714699344075
0.02346264719875768
0.023462578996386946
0.023462510083002916
0.02346244044714046
0.02346237004047858
0.02346229891351932
0.023462227070661066
0.023462154403411952
0.023462081030678584
0.02346200693410309
0.023461932035593578
0.0234618563430154
0.02346177996183925
0.023461702843435805
0.023461624819453505
0.02346154603072372
0.02346146657887056
0.023461386268163142
0.023461305147570652
0.02346122327794339
0.02346114060094887
0.02346105705209681
0.02346097277377314
0.023460887754674163
0.023460801758559868
0.023460714952098966
0.023460627486125065
0.023460539147880443
0.023460449824394172
0.02346035973231519
0.023460268943065007
0.02346017719719479
0.02346008453694071
0.023459991186368715
0.02345989691166224
0.023459801692185988
0.023459705660363286
0.023459608832665808
0.02345951107231443
0.023459412399091106
0.023459312973350004
0.02345921261986703
0.02345911126933549
0.02345900910071836
0.02345890601964127
0.023458802050182796
0.023458697141079756
0.02345859134993942
0.023458484660997207
0.023458377023230368
0.02345826847721504
0.023458158949755944
0.02345804856776332
0.0234579373095921
0.023457824964141203
0.023457711723184362
0.02345759762977071
0.023457482574184264
0.02345736644819263
0.023457249408070483
0.023457131496631888
0.02345701251224717
0.023456892525803515
0.02345677164571874
0.023456649715315112
0.023456526396189167
0.02345640101616223
0.02345627460075121
0.02345614714102822
0.023456018692053125
0.02345588925156044
0.023455758757760833
0.023455627239879272
0.023455494693906356
0.023455361029989706
0.023455226412950315
0.023455090867583534
0.023454954075446684
0.023454816352301698
0.023454677678991155
0.023454537850058636
0.023454396864443623
0.023454254903129107
0.02345411194252343
0.023453967735423388
0.023453822440094547
0.023453676193839222
0.02345352870108141
0.023453380143093786
0.02345323058561372
0.02345307973015773
0.023452927582908737
0.023452773321057635
0.023452617855437483
0.023452461159849784
0.023452303458952196
0.02345214467740256
0.023451984468940628
0.02345182323660441
0.023451660202850104
0.023451496037144585
0.023451330734452634
0.02345116448361368
0.023450996872030613
0.023450827943581526
0.02345065803770098
0.023450486991670853
0.023450314437319233
0.02345014078131795
0.023449966072972617
0.023449789884558182
0.023449612475759097
0.023449434082087765
0.023449254233592124
0.02344907305963178
0.02344889166374455
0.023448709050530668
0.0234485249798396
0.023448339902403033
0.02344815362577698
0.023447965789289853
0.02344777670843135
0.02344758663072711
0.02344739506316423
0.023447201974457144
0.023447007907253504
0.02344681248433607
0.023446615536329225
0.023446417458912967
0.023446217991010966
0.023446017110524808
0.02344581498332152
0.023445611398326936
0.023445406534722955
0.02344520027409977
0.023444992658605526
0.023444783680012318
0.023444573292038123
0.023444361625851843
0.02344414854771095
0.023443933962589095
0.02344371802782582
0.023443500576760836
0.023443281843359785
0.023443061800025408
0.023442840034972053
0.02344261705002426
0.023442392810704076
0.023442166653027723
0.023441939207016396
0.023441710461232265
0.023441480162509215
0.023441248238728677
0.023441015055217302
0.023440779856211784
0.02344054246192828
0.023440303731983032
0.02344006369110407
0.023439821661665854
0.02343957794945068
0.023439332923209096
0.02343908623116353
0.02343883790888354
0.023438588162793997
0.02343833671862154
0.023438083771919326
0.023437829477124496
0.023437573241174074
0.02343731563724446
0.023437056564022025
0.023436795663975798
0.0234365332417907
0.02343626937452881
0.02343600378930803
0.023435736511287532
0.02343546775918309
0.023435197376808777
0.023434925066498143
0.023434651363218307
0.023434376218088502
0.023434098997657755
0.02343382038217172
0.023433540376230973
0.023433258081147403
0.023432974338751578
0.023432689281068817
0.023432401847633774
0.023432112992102752
0.023431822812824427
0.023431530495101948
0.02343123645301632
0.02343094098248662
0.02343064369663648
0.023430344463877577
0.023430044141951333
0.023429742526257603
0.023429438927282262
0.023429133919461963
0.023428827188445335
0.023428518160766118
0.02342820789802608
0.023427895941822017
0.02342758130968916
0.02342726549849748
0.023426948288675
0.023426628347953157
0.023426306868464232
0.02342598422734338
0.023425658962197213
0.023425331796586756
0.0234250035359032
0.023424672956992347
0.023424340178107215
0.023424006123981603
0.023423670023524707
0.023423331579539033
0.023422991760602373
0.023422650020157573
0.02342230590800614
0.023421960179025918
0.023421612791358955
0.023421262971018868
0.023420911378835917
0.02342055832730751
0.023420202660391208
0.02341984502757758
0.02341948611170627
0.023419124632298706
0.023418761084266212
0.02341839622149548
0.023418028827216414
0.023417659239701
0.023417288210478622
0.0234169148016892
0.023416540226154886
0.02341616706919587
0.02341579162163107
0.02341541407339132
0.02341503460480849
0.02341465316687793
0.023414269526303894
0.023413883791752504
0.02341349621674233
0.023413106453671086
0.02341271442826346
0.023412320527509172
0.023411924442586426
0.023411526086604396
0.023411125713505412
0.023410723249173544
0.02341031877130088
0.02340991204195489
0.023409502983899707
0.023409092072765512
0.023408678939540732
0.023408263437976834
0.023407846141986308
0.023407426682486094
0.02340700466408381
0.023406580823436725
0.023406154773824073
0.023405726066581117
0.023405295410680847
0.02340486266068715
0.02340442725519234
0.02340398997979849
0.023403550677810088
0.0234031084948961
0.023402664397439932
0.023402216324007342
0.023401764046743167
0.023401309638096206
0.023400853262533078
0.02340039425431916
0.023399932895291475
0.023399469471696268
0.0233990036220683
0.02339853522342236
0.023398064601231332
0.023397591735199886
0.023397116266063514
0.02339663854785132
0.023396158630280283
0.023395676112857366
0.02339519129703209
0.023394704123677557
0.0233942140276626
0.023393719505687853
0.023393221318259983
0.02339271649738689
0.02339221370516194
0.023391708340974864
0.023391202096320545
0.023390693849990495
0.023390182842419546
0.02338966908149362
0.023389153320047904
0.023388634693169492
0.0233881132933731
0.02338759004276678
0.023387063764969726
0.02338653443131778
0.023386003350727054
0.023385469525587895
0.023384932539165557
0.023384393580867708
0.023383852017409373
0.02338330739543534
0.02338276057872055
0.023382211223361135
0.0233816587697507
0.02338110390837723
0.023380546261868147
0.023379985061962663
0.023379421516212737
0.023378855537156372
0.023378286397548822
0.023377714833986707
0.02337714072554176
0.023376563315670836
0.023375983465713422
0.02337539967097949
0.023374812305849528
0.023374222321727277
0.023373629944715972
0.023373034261779394
0.02337243582706414
0.023371835277180668
0.023371231383080452
0.023370624449340443
0.023370015472847897
0.023369403047492143
0.023368787622163587
0.023368170386046015
0.023367549382961907
0.0233669251935929
0.023366299471394597
0.023365669925546305
0.023365037032228336
0.02336440273931168
0.02336376456350942
0.0233631227137841
0.023362479794992803
0.02336183465242354
0.023361185728426253
0.023360535091926406
0.023359881288655498
0.02335922370371932
0.02335856424515135
0.023357901601166388
0.023357235035892765
0.023356566101082818
0.023355894379872438
0.023355218885889456
0.023354540750204524
0.023353860134672902
0.023353175711991848
0.02335248839089105
0.023351798739395403
0.023351105095840527
0.023350408507975394
0.023349709830412024
0.02334900666723958
0.023348303666972457
0.023347601931645607
0.023346896258100883
0.023346187138499046
0.023345475995697848
0.023344761437880543
0.023344043210896403
0.023343322695330144
0.023342598800295246
0.02334187089291518
0.023341140585097
0.02334040743189636
0.023339670192555752
0.023338930116897135
0.023338187324056726
0.02333744039116072
0.02333669042819509
0.023335937977443245
0.023335181471312482
0.023334421803186883
0.023333659397734678
0.023332889066825964
0.02333211467486432
0.023331336715874135
0.023330555470842545
0.02332977123862437
0.023328982734902203
0.023328191988710126
0.02332739804154988
0.02332659922355219
0.023325798634733354
0.02332499442621043
0.023324184952361205
0.023323373879821554
0.023322561386190613
0.023321744728592667
0.02332091915292609
0.023320086797627117
0.023319254819845082
0.02331842043788817
0.023317583476960294
0.023316741220803922
0.023315896205327067
0.023315048474715935
0.023314196144985054
0.02331334040724362
0.023312480897510177
0.023311616842923398
0.023310748989367545
0.023309878355589366
0.023309003907695143
0.023308125390325174
0.023307243853760668
0.02330635854229526
0.023305468896966518
0.023304576296743
0.023303679979332123
0.023302779377917103
0.023301876011185666
0.023300968814371
0.023300057079057086
0.023299140374891815
0.02329821918294582
0.023297293386188616
0.02329636453168561
0.023295431984751903
0.023294495449865813
0.02329355520581519
0.02329261095756388
0.02329166289491968
0.02329071117561818
0.02328975543641567
0.023288795773724023
0.023287832631519807
0.023286865434737042
0.02328589559195093
0.023284923373525175
0.023283947009304255
0.02328296622954362
0.0232819824504742
0.023280994086419447
0.023280000636873875
0.02327900518784746
0.023278005731221935
0.02327700072753833
0.023275993656859745
0.023274982252551455
0.023273971260284843
0.023272960950741155
0.02327194661906148
0.02327092605362177
0.02326990329047373
0.023268876561251775
0.023267843954796804
0.023266808791639844
0.023265769962682474
0.023264725382553385
0.023263677664549034
0.02326262655938762
0.023261570001013223
0.023260509772140787
0.02325944164775439
0.02325836601018419
0.023257286425872728
0.023256203159758848
0.02325511517002165
0.023254023235336995
0.023252927301289465
0.023251826435104123
0.023250721903715053
0.02324961661550423
0.023248506341523298
0.023247392060844557
0.023246274077570645
0.023245146060533965
0.023244009027770223
0.023242867884602374
0.023241723578881733
0.023240575180025196
0.023239423416469063
0.02323826578575561
0.023237104167078686
0.023235939191038845
0.0232347681668898
0.023233592873042955
0.023232414566612694
0.02323123012848746
0.02323004086333715
0.023228849220603705
0.023227651438216337
0.023226448347787622
0.02322524338596846
0.023224032129841945
0.023222815203014835
0.023221596585004445
0.02322037091614859
0.02321913584679415
0.023217899797764698
0.023216657316369856
0.02321540813525615
0.023214157328186356
0.023212900699863873
0.023211637615036813
0.023210372586442367
0.02320910223176541
0.023207825484300563
0.023206548995586142
0.023205266956963816
0.023203978590089065
0.023202687185819887
0.023201391053456477
0.02320008870183823
0.02319878427401394
0.02319748521565836
0.023196179563019628
0.02319486905241156
0.02319355504402515
0.023192234541105763
0.023190909263079856
0.023189580274875332
0.023188245042235305
0.0231869053069577
0.023185560411285475
0.02318420161543586
0.02318283781685766
0.02318147055394928
0.023180097321316682
0.023178718009996848
0.023177337965112278
0.02317595350390321
0.02317456245969359
0.023173168857110023
0.023171768638990196
0.023170360725340466
0.023168949440535637
0.02316752182910594
0.023166085586701555
0.023164649499950236
0.023163209970278573
0.02316176292337411
0.0231603104060762
0.023158854341762798
0.02315739165492309
0.023155923002101925
0.02315444923573558
0.023152971088410898
0.023151487346847945
0.02314999625136882
0.02314850226989652
0.023147002605378112
0.02314549408080641
0.02314398350638535
0.023142468053892227
0.02314094295894099
0.02313941367971924
0.023137876876769336
0.023136330947441504
0.023134782128791373
0.02313322779378863
0.023131665840268673
0.023130099424326863
0.023128527371531527
0.0231269524132105
0.023125371711483086
0.023123785548633768
0.023122202054012084
0.023120617435462516
0.023119028243311288
0.023117432383705606
0.02311582933189516
0.023114222530165138
0.023112609025531562
0.023110986955369225
0.023109352164510433
0.02310771131229953
0.023106062985656293
0.02310441237025714
0.023102758014573323
0.023101096116728868
0.023099428012650945
0.02309775395307618
0.023096072913300007
0.02309438660336141
0.023092693701848348
0.02309098663054881
0.023089265905321392
0.023087539963062943
0.023085814766640875
0.023084081722143053
0.023082341862639275
0.02308059411224713
0.023078842291706366
0.023077083556834306
0.023075316904447345
0.023073545791214106
0.023071767796659967
0.023069981944646566
0.023068190957289986
0.02306639346670916
0.02306458843367612
0.02306277793039455
0.023060960452001383
0.023059134310000336
0.0230572981745059
0.023055455215911236
0.023053604573486073
0.02305174770483596
0.023049884745644855
0.02304801633661345
0.023046153310406117
0.023044290148849504
0.023042418465357158
0.023040540332145195
0.02303865661283639
0.023036763179609298
0.023034852537243303
0.023032937581449007
0.023031017201235543
0.02302908957296431
0.023027157776008694
0.023025214537377586
0.02302326475599601
0.023021311792246466
0.023019347422675848
0.02301737525641199
0.02301540016762029
0.023013403192383947
0.023011391130776628
0.023009377547344792
0.02300736674935979
0.023005339448222993
0.023003308742631273
0.023001271040413617
0.022999222397569064
0.0229971678354501
0.022995106370365954
0.02299303462746304
0.022990957594503997
0.022988874265928706
0.022986779563702372
0.022984678242789346
0.022982571986072953
0.02298045444965358
0.022978328691412798
0.02297619240343735
0.022974044039701484
0.022971889851689003
0.022969745893920885
0.022967595457189797
0.022965439548618315
0.022963280224163413
0.022961097711244435
0.022958905678525997
0.022956714583138388
0.02295450745595191
0.02295229286293328
0.0229500765085678
0.022947846465276294
0.022945606613552907
0.022943363810945007
0.022941110243899904
0.022938845710511233
0.022936566035810155
0.022934269817521676
0.02293195865125039
0.022929657240103634
0.02292734725745023
0.022925016319739627
0.022922681893446137
0.022920344222490504
0.022917987798266464
0.022915626243611063
0.02291326170168593
0.022910880305309057
0.022908490511507163
0.022906098329299632
0.02290369199040982
0.022901275444692042
0.022898856281731855
0.02289642030505273
0.022893982372129383
0.02289154605959795
0.022889100058755003
0.022886636831581052
0.022884167089110508
0.0228816917328432
0.022879200427819067
0.02287670161704342
0.02287419786502847
0.022871679875948316
0.022869151296909095
0.0228666178004533
0.022864072695473116
0.022861515307403033
0.022858938788578375
0.02285634267573102
0.022853734786443695
0.02285113486793623
0.02284852261380269
0.022845892029640033
0.022843253768208716
0.022840605404599274
0.022837947099482274
0.022835278594696844
0.02283260075248088
0.02282991159660228
0.022827211606167578
0.022824502810561118
0.022821782316373607
0.022819053596117723
0.022816332188923122
0.02281359705249718
0.022810838489540193
0.022808074351736363
0.022805300774993924
0.02280251526052436
0.022799719440103047
0.0227969125327071
0.022794096640161642
0.022791268608810505
0.02278842937482707
0.02278557993058137
0.02278271636598406
0.02277982100318829
0.022776914144606863
0.022773997057804155
0.022771086633290874
0.022768157676767733
0.022765211684036883
0.022762254536084364
0.02275928904844449
0.02275631160119135
0.022753319242398425
0.022750316089960768
0.022747300766746373
0.022744268639244735
0.022741248309603376
0.02273822832932203
0.022735177502973283
0.022732110608067926
0.022729030598699667
0.022725939995485205
0.022722838211437443
0.022719728829120985
0.022716605128283846
0.022713464681187588
0.022710315446876628
0.022707155021516105
0.022703971375985097
0.02270075679567781
0.022697532831492125
0.02269429691652269
0.022691065729600484
0.02268781984108169
0.02268454735237865
0.022681261028611927
0.022677966823308887
0.022674653953545218
0.022671328840880807
0.02266799904736542
0.022664669440285917
0.022661327221399952
0.022657967581397098
0.022654594759562666
0.022651204370432124
0.022647793033696222
0.022644374128615356
0.022640938667144714
0.02263749104443021
0.022634034857562473
0.02263055711488427
0.022627067045835465
0.022623550404319157
0.022620000763050693
0.02261644011525454
0.022612877390284638
0.022609308332892958
0.022605715354950987
0.022602102943626814
0.022598476497172334
0.02259483667934279
0.02259119229377655
0.02258753941471717
0.02258387049340637
0.02258019023974908
0.02257649332644781
0.022572776398858404
0.02256904979789585
0.02256530544820531
0.022561535041541174
0.022557755270550827
0.02255396118063009
0.02255014739073805
0.022546318656264976
0.022542451463961624
0.02253856219380939
0.022534652729371524
0.022530748818633067
0.022526830929644415
0.022522884290589146
0.022518929698729047
0.022514961352888056
0.022510970498401707
0.02250697115943484
0.02250296419343836
0.02249893311872063
0.02249488973557226
0.022490830767322445
0.022486747502811676
0.022482648099217406
0.022478533694523444
0.02247439789388499
0.022470240290584132
0.022466074201329865
0.022461859659556632
0.02245761028524038
0.022453352749417958
0.02244909241706751
0.022444819184902726
0.022440532226215136
0.02243622669471541
0.02243189158936693
0.02242753226375602
0.022423177415787334
0.02241880281270821
0.022414403677504413
0.02240999352393592
0.022405564085256728
0.022401108768462467
0.022396637084187616
0.02239214036393191
0.022387619210505725
0.022383078303478056
0.02237848733735469
0.022373872347298485
0.022369242369249847
0.022364627279841457
0.022359988041458858
0.022355323750293594
0.022350622510499168
0.02234590625952687
0.02234117598860501
0.022336438146137595
0.022331680778799236
0.022326890060743638
0.02232208605329903
0.02231726583294935
0.022312406099169957
0.0223075274333042
0.022302637144701754
0.022297696065061653
0.022292711755545966
0.022287731570627325
0.02228272448529425
0.02227770894385817
0.022272671594394874
0.02226759265466321
0.022262505818181934
0.022257398215933505
0.022252279892326
0.02224713323841098
0.02224195173012024
0.022236760940627053
0.02223153999876517
0.02222628649764134
0.022221018615650578
0.022215735083963597
0.022210383516978356
0.022205007728959617
0.02219961978198169
0.022194213817905754
0.022188771260066888
0.022183318940457775
0.022177847258323606
0.022172341892597657
0.022166815937747886
0.022161265831031986
0.022155688839765278
0.02215008280964328
0.02214446023009229
0.022138805781424742
0.022133127316415476
0.022127428055935056
0.022121671342812427
0.022115879007715035
0.022110060914580683
0.0221042157831416
0.022098354196379004
0.022092484734839643
0.02208657894882134
0.02208064007325143
0.022074671986955466
0.022068681984426086
0.022062661792703917
0.02205661488267387
0.022050554910331248
0.022044462487196114
0.02203831763040105
0.022032140316904463
0.022025914389365058
0.022019637198831998
0.02201335468968412
0.02200707786238462
0.022000760806122708
0.021994404599054853
0.021988020060387307
0.021981601158050507
0.02197515568837436
0.021968692415193607
0.021962201597408432
0.02195567811974519
0.02194909771028586
0.021942478948480407
0.021935800484249222
0.021929072019628668
0.021922354381573993
0.021915623698986406
0.02190886015810148
0.021902048281729244
0.02189520278677285
0.02188833174449603
0.021881436943682726
0.021874505595852495
0.02186754007498747
0.02186053616883432
0.021853451424014417
0.021846316993433156
0.021839160208779435
0.021831990391502284
0.021824797444058425
0.021817570438400918
0.021810312723416
0.021803010533048752
0.02179566987262424
0.021788302107229176
0.021780904256983025
0.021773457446046533
0.021765939886754633
0.02175836741140509
0.021750748238339092
0.021743101454898037
0.02173546221355609
0.021727786736320608
0.021720063739088996
0.021712297534533624
0.021704506028186576
0.021696663505609472
0.021688773523280205
0.021680848913597808
0.02167285384874989
0.021664781361212124
0.021656668802855192
0.02164854736004688
0.021640416117690294
0.02163224572343718
0.021624039908552238
0.02161577958131734
0.021607463121792618
0.021599106029431225
0.021590701962187767
0.0215822433541161
0.02157370552834099
0.021565111356244292
0.02155647811611499
0.021547834912163957
0.021539191764557857
0.021530491676100064
0.021521736268838087
0.02151292443417421
0.021504055966887606
0.02149513637789241
0.021486153391953127
0.02147710896823716
0.02146798059498913
0.021458834842685973
0.021449674407483743
0.021440479364593167
0.021431244552624813
0.02142196291602948
0.021412621648739364
0.021403187177099964
0.02139370574980502
0.021384172163481704
0.0213745469731734
0.02136485607945961
0.021355175658019296
0.02134545603210469
0.021335677963240308
0.021325871073713743
0.02131601888687613
0.02130607289473182
0.021296038572606993
0.021285957439191313
0.021275814418731345
0.021265565010902873
0.021255317690657857
0.02124503502048807
0.021234691244497006
0.021224312069202306
0.021213892842857754
0.02120340428508363
0.02119277472251804
0.021182099874720337
0.021171372984019374
0.021160557686822675
0.02114970662459601
0.02113881943294905
0.02112788246634801
0.021116889687054177
0.021105843046464266
0.02109473095448227
0.02108350064511535
0.02107219294831706
0.02106082192746751
0.021049400339302603
0.021037913262609474
0.021026377404937645
0.021014793241656674
0.02100315168621247
0.02099142841241794
0.02097963972925578
0.02096774975333238
0.020955770270914952
0.020943724663360384
0.020931632003669407
0.02091945812916569
0.020907225977760513
0.020894970487399002
0.02088261075693787
0.02087015416594291
0.020857652408881044
0.020845054862828484
0.020832346799556985
0.020819569995290086
0.02080675687569139
0.020793866517523765
0.020780880295688718
0.02076781936330228
0.02075473174963384
0.020741539930325452
0.020728215594482666
0.020714840396327806
0.020701393558616596
0.020687840235269782
0.020674192088153666
0.020660511109914795
0.020646755276832046
0.020632895881353665
0.020618957296103843
0.020604947983837857
0.020590809705166347
0.02057657215223958
0.020562264714195474
0.020547876422861825
0.02053340531876535
0.020518857072630025
0.020504241355111908
0.020489520662490747
0.020474674275970963
0.020459741284014118
0.020444716946422702
0.020429571298402154
0.02041435535338814
0.020399080348715435
0.020383725967860568
0.020368240440528637
0.02035265540572398
0.020336965958211873
0.020321171027760165
0.020305242544538134
0.020289257109242266
0.020273180909959852
0.020257018594574676
0.020240742614474765
0.020224358747098024
0.02020786854886424
0.020191236415215263
0.020174515031672002
0.020157674725888017
0.02014076442739119
0.02012375310019288
0.020106634183730168
0.02008938224732693
0.02007202704033418
0.020054525717656833
0.02003692220322473
0.02001920707817954
0.020001400668510888
0.019983507191734022
0.019965461521847205
0.019947303968471254
0.019929013986245064
0.019910583421598408
0.019892038493984163
0.01987339503579063
0.019854650037288753
0.019835756512478115
0.019816738071581803
0.01979761422711974
0.019778347336673472
0.01975889678656687
0.01973936113983083
0.01971974111890283
0.019699965069249425
0.01968002600911911
0.019659986432034024
0.019639818561947183
0.019619470646837524
0.019598986031808926
0.01957841271965447
0.01955769096173514
0.01953679379535378
0.019515768801797673
0.01949463651359022
0.019473343602713935
0.019451862511494916
0.01943024933898948
0.01940852377995756
0.019386644261527107
0.01936458148290727
0.019342390867898955
0.019320082498928196
0.019297578933730426
0.019274880698699114
0.01925206340262003
0.019229114849086792
0.019205985415989297
0.019182694349558955
0.019159260112434063
0.019135634844571568
0.019111832859024753
0.019087875815750062
0.019063760334839305
0.019039486765547495
0.019015050133389028
0.018990427736913548
0.018965589647714394
0.018940581630659654
0.018915436988410323
0.018890128948896807
0.018864608296275745
0.018838904057064988
0.018813027282765266
0.018786950872195514
0.01876066514139688
0.018734212176132546
0.01870759831419778
0.01868079072662826
0.018653765084201215
0.01862651778545416
0.018599089805038455
0.018571474367401457
0.018543644620985008
0.01851562526456887
0.0184874264172831
0.018458976894455824
0.01843028655018304
0.018401424661308143
0.018372399985692994
0.01834308666353682
0.018313570153313308
0.018283867794277073
0.01825393443844019
0.018223710911823704
0.018193298580695096
0.01816268998717673
0.018131881026962254
0.018100751565417548
0.018069381419156587
0.01803782569809342
0.018006070948515942
0.01797396819292866
0.017941669207786722
0.017909159990954483
0.017876381052814704
0.017843277200358505
0.017809960155671767
0.017776441257467447
0.01774264520887155
0.017708540429312653
0.017674153322777275
0.017639577216650052
0.017604687746444598
0.017569495018366587
0.01753405125116901
0.017498423624743825
0.017462368600482277
0.017426027034269743
0.01738943449983551
0.017352651527672985
0.017315470268092156
0.017277965181965334
0.01724016150826684
0.017202147033110564
0.017163750981728995
0.01712504717973099
0.017086038900912776
0.017046734449979287
0.017007031467012258
0.01696705765764743
0.01692677540146427
0.016886152242025335
0.016845145281427505
0.016803831808078887
0.016762266635279875
0.016720355932948804
0.016678027807887907
0.01663540669912121
0.016592529846986368
0.016549281868659723
0.01650558134337654
0.016461540607109755
0.0164172618042592
0.016372641677565556
0.016327494031036054
0.016281967743193605
0.016236183973612265
0.0161900686446741
0.01614347220432592
0.01609638698737488
0.01604901171406409
0.016001289820447916
0.015953089234156063
0.01590445618012053
0.01585541594711781
0.015805997217024127
0.015756106132963108
0.01570574886981812
0.015655010012704185
0.015603802844380362
0.015552108658454635
0.015499941354773015
0.015447349479431837
0.015394319339242816
0.015340716432162758
0.015286610404870607
0.01523204365545675
0.015176999862042831
0.015121425673488046
0.015065265647316323
0.015008617522355036
0.014951460110488474
0.014893757337474877
0.0148354455719523
0.014776556783737783
0.014717138509698035
0.014657143816304135
0.014596531059988654
0.014535318051819443
0.014473476514180569
0.014411025814850266
0.014347937501316028
0.014284210843594079
0.014219786515733026
0.014154703716153072
0.014088974263000072
0.014022558873933274
0.013955388031236946
0.013887522314686795
0.01381892611090518
0.013749598552734695
0.013679465159342786
0.013608606587693948
0.01353692086849192
0.013464479599481083
0.013391114217437385
0.01331701962900237
0.013242051312131508
0.013166239966531748
0.013089375331128906
0.013011686027387332
0.012933133620706751
0.012853680995266275
0.012773092498586913
0.012691505544933267
0.012609043318799258
0.01252559605986948
0.012440966426496338
0.01235516056185956
0.012268520914139052
0.012180857113196808
0.012092141438171172
0.012002088165021796
0.011911028913221603
0.011818891698810527
0.011725672225506667
0.011630970926659705
0.011534985288723354
0.011437844372528929
0.011339469396869799
0.011239569803994768
0.011138179145426166
0.011035397725507963
0.010931175031037944
0.010825351329108618
0.010717862864519397
0.010608674090544102
0.010497798307494723
0.010385039515286085
0.010270544610962646
0.010154101719755367
0.010035609148777443
0.009914956333562723
0.00979224322779055
0.009667312887978757
0.009540019501092555
0.00941008777489117
0.009277620618085085
0.009142643513021343
0.009004851707119194
0.008863954538582457
0.008719808715864332
0.008572546351633886
0.008421941191151425
0.008267667790736547
0.00810920506789491
0.007946763477864079
0.007780120641612284
0.0076087749514688165
0.007432190147181699
0.0072502481776943375
0.007062618887468247
0.006868740453376686
0.006667854629938089
0.006459322138526963
0.00624280352755521
0.006017298248773234
0.0057812499260252136
0.005533456441307761
0.005273372936535518
0.004999139728548107
0.004707505121228165
0.004394419748483847
0.004055542715521087
0.0036841195764882846
0.003268460206039739
0.002787636784055019
0.0021990838360032177
0.001371447625808712
0.0
0.0
0.0
0.0
0.0
0.0
0.0
0.0
0.0
0.0
0.0
0.0
0.0
0.0
0.0
0.0
0.0
0.0
0.0
0.0
0.0
0.0
0.0
0.0
0.0
0.0
0.0
0.0
0.0
0.0
0.0
0.0
0.0
0.0
0.0
0.0
0.0
0.0
0.0
0.0
0.0
0.0
0.0
0.0
0.0
0.0
0.0
0.0
0.0
0.0
0.0
0.0
0.0
0.0
0.0
0.0
0.0
0.0
0.0
0.0
0.0
0.0
0.0
0.0
0.0
0.0
0.0
0.0
0.0
0.0
0.0
0.0
0.0
0.0
0.0
0.0
0.0
0.0
0.0
0.0
0.0
0.0
0.0
0.0
0.0
0.0
0.0
0.0
0.0
0.0
0.0
0.0
0.0
0.0
0.0
0.0
0.0
0.0
0.0
0.0
0.0
0.0
0.0
0.0
0.0
0.0
0.0
0.0
0.0
0.0
0.0
0.0
0.0
0.0
0.0
0.0
0.0
0.0
0.0
0.0
0.0
0.0
0.0
0.0
0.0
0.0
0.0
0.0
0.0
0.0
0.0
0.0
0.0
0.0
0.0
0.0
0.0
0.0
0.0
0.0
0.0
0.0
0.0
0.0
0.0
0.0
0.0
0.0
0.0
0.0
0.0
0.0
0.0
0.0
0.0
0.0
0.0
0.0
0.0
0.0
0.0
0.0
0.0
0.0
0.0
0.0
0.0
0.0
0.0
0.0
0.0
0.0
0.0
0.0
0.0
0.0
0.0
0.0
0.0
0.0
0.0
0.0
0.0
0.0
0.0
0.0
0.0
0.0
0.0
0.0
0.0
0.0
0.0
0.0
0.0
0.0
0.0
0.0
0.0
0.0
0.0
0.0
0.0
0.0
0.0
0.0
0.0
0.0
0.0
0.0
0.0
0.0
0.0
0.0
0.0
0.0
0.0
0.0
0.0
0.0
0.0
0.0
0.0
0.0
0.0
0.0
0.0
0.0
0.0
0.0
0.0
0.0
0.0
0.0
0.0
0.0
0.0
0.0
0.0
0.0
0.0
0.0
0.0
0.0
0.0
0.0
0.0
0.0
0.0
0.0
0.0
0.0
0.0
0.0
0.0
0.0
0.0
0.0
0.0
0.0
0.0
0.0
0.0
0.0
0.0
0.0
0.0
0.0
0.0
0.0
0.0
0.0
0.0
0.0
0.0
0.0
0.0
0.0
0.0
0.0
0.0
0.0
0.0
0.0
0.0
0.0
0.0
0.0
0.0
0.0
0.0
0.0
0.0
0.0
0.0
0.0
0.0
0.0
0.0
0.0
0.0
0.0
0.0
0.0
0.0
0.0
0.0
0.0
0.0
0.0
0.0
0.0
0.0
0.0
0.0
0.0
0.0
0.0
0.0
0.0
0.0
0.0
0.0
0.0
0.0
0.0
0.0
0.0
0.0
0.0
0.0
0.0
0.0
0.0
0.0
0.0
0.0
0.0
0.0
0.0
0.0
0.0
0.0
0.0
0.0
0.0
0.0
0.0
0.0
0.0
0.0
0.0
0.0
0.0
0.0
0.0
0.0
0.0
0.0
0.0
0.0
0.0
0.0
0.0
0.0
0.0
0.0
0.0
0.0
0.0
0.0
0.0
0.0
0.0
0.0
0.0
0.0
0.0
0.0
0.0
0.0
0.0
0.0
0.0
0.0
0.0
0.0
0.0
0.0
0.0
0.0
0.0
0.0
0.0
0.0
0.0
0.0
0.0
0.0
0.0
0.0
0.0
0.0
0.0
0.0
0.0
0.0
0.0
0.0
0.0
0.0
0.0
0.0
0.0
0.0
0.0
0.0
0.0
0.0
0.0
0.0
0.0
0.0
0.0
0.0
0.0
0.0
0.0
0.0
0.0
0.0
0.0
0.0
0.0
0.0
0.0
0.0
0.0
0.0
0.0
0.0
0.0
0.0
0.0
0.0
0.0
0.0
0.0
0.0
0.0
0.0
0.0
0.0
0.0
0.0
0.0
0.0
0.0
0.0
0.0
0.0
0.0
0.0
0.0
0.0
0.0
0.0
0.0
0.0
0.0
0.0
0.0
0.0
0.0
0.0
0.0
0.0
0.0
0.0
0.0
0.0
0.0
0.0
0.0
0.0
0.0
0.0
0.0
0.0
0.0
0.0
0.0
0.0
0.0
0.0
0.0
0.0
0.0
0.0
0.0
0.0
0.0
0.0
0.0
0.0
0.0
0.0
0.0
0.0
0.0
0.0
0.0
0.0
0.0
0.0
0.0
0.0
0.0
0.0
0.0
0.0
0.0
0.0
0.0
0.0
0.0
0.0
0.0
0.0
0.0
0.0
0.0
0.0
0.0
0.0
0.0
0.0
0.0
0.0
0.0
0.0
0.0
0.0
0.0
0.0
0.0
0.0
0.0
0.0
0.0
0.0
0.0
0.0
0.0
0.0
0.0
0.0
0.0
0.0
0.0
0.0
0.0
0.0
0.0
0.0
0.0
0.0
0.0
0.0
0.0
0.0
0.0
0.0
0.0
0.0
0.0
0.0
0.0
0.0
0.0
0.0
0.0
0.0
0.0
0.0
0.0
0.0
0.0
0.0
0.0
0.0
0.0
0.0
0.0
0.0
0.0
0.0
0.0
0.0
0.0
0.0
0.0
0.0
0.0
0.0
0.0
0.0
0.0
0.0
0.0
0.0
0.0
0.0
0.0
0.0
0.0
0.0
0.0
0.0
0.0
0.0
0.0
0.0
0.0
0.0
0.0
0.0
0.0
0.0
0.0
0.0
0.0
0.0
0.0
0.0
0.0
0.0
0.0
0.0
0.0
0.0
0.0
0.0
0.0
0.0
0.0
0.0
0.0
0.0
0.0
0.0
0.0
0.0
0.0
0.0
0.0
0.0
0.0
0.0
0.0
0.0
0.0
0.0
0.0
0.0
0.0
0.0
0.0
0.0
0.0
0.0
0.0
0.0
0.0
0.0
0.0
0.0
0.0
0.0
0.0
0.0
0.0
0.0
0.0
0.0
0.0
0.0
0.0
0.0
0.0
0.0
0.0
0.0
0.0
0.0
0.0
0.0
0.0
0.0
0.0
0.0
0.0
0.0
0.0
0.0
0.0
0.0
0.0
0.0
0.0
0.0
0.0
0.0
0.0
0.0
0.0
0.0
0.0
0.0
0.0
0.0
0.0
0.0
0.0
0.0
0.0
0.0
0.0
0.0
0.0
0.0
0.0
0.0
0.0
0.0
0.0
0.0
0.0
0.0
0.0
0.0
0.0
0.0
0.0
0.0
0.0
0.0
0.0
0.0
0.0
0.0
0.0
0.0
0.0
0.0
0.0
0.0
0.0
0.0
0.0
0.0
0.0
0.0
0.0
0.0
0.0
0.0
0.0
0.0
0.0
0.0
0.0
0.0
0.0
0.0
0.0
0.0
0.0
0.0
0.0
0.0
0.0
0.0
0.0
0.0
0.0
0.0
0.0
0.0
0.0
0.0
0.0
0.0
0.0
0.0
0.0
0.0
0.0
0.0
0.0
0.0
0.0
0.0
0.0
0.0
0.0
0.0
0.0
0.0
0.0
0.0
0.0
0.0
0.0
0.0
0.0
0.0
0.0
0.0
0.0
0.0
0.0
0.0
0.0
0.0
0.0
0.0
0.0
0.0
0.0
0.0
0.0
0.0
0.0
0.0
0.0
0.0
0.0
0.0
0.0
0.0
0.0
0.0
0.0
0.0
0.0
0.0
0.0
0.0
0.0
0.0
0.0
0.0
0.0
0.0
0.0
0.0
0.0
0.0
0.0
0.0
0.0
0.0
0.0
0.0
0.0
0.0
0.0
0.0
0.0
0.0
0.0
0.0
0.0
0.0
0.0
0.0
0.0
0.0
0.0
0.0
0.0
0.0
0.0
0.0
0.0
0.0
0.0
0.0
0.0
0.0
0.0
0.0
0.0
0.0
0.0
0.0
0.0
0.0
0.0
0.0
0.0
0.0
0.0
0.0
0.0
0.0
0.0
0.0
0.0
0.0
0.0
0.0
0.0
0.0
0.0
0.0
0.0
0.0
0.0
0.0
0.0
0.0
0.0
0.0
0.0
0.0
0.0
0.0
0.0
0.0
0.0
0.0
0.0
0.0
0.0
0.0
0.0
0.0
0.0
0.0
0.0
0.0
0.0
0.0
0.0
0.0
0.0
0.0
0.0
0.0
0.0
0.0
0.0
0.0
0.0
0.0
0.0
0.0
0.0
0.0
0.0
0.0
0.0
0.0
0.0
0.0
0.0
0.0
0.0
0.0
0.0
0.0
0.0
0.0
0.0
0.0
0.0
0.0
0.0
0.0
0.0
0.0
0.0
0.0
0.0
0.0
0.0
0.0
0.0
0.0
0.0
0.0
0.0
0.0
0.0
0.0
0.0
0.0
0.0
0.0
0.0
0.0
0.0
0.0
0.0
0.0
0.0
0.0
0.0
0.0
0.0
0.0
0.0
0.0
0.0
0.0
0.0
0.0
0.0
0.0
0.0
0.0
0.0
0.0
0.0
0.0
0.0
0.0
0.0
0.0
0.0
0.0
0.0
0.0
0.0
0.0
0.0
0.0
0.0
0.0
0.0
0.0
0.0
0.0
0.0
0.0
0.0
0.0
0.0
0.0
0.0
0.0
0.0
0.0
0.0
0.0
0.0
0.0
0.0
0.0
0.0
0.0
0.0
0.0
0.0
0.0
0.0
0.0
0.0
0.0
0.0
0.0
0.0
0.0
0.0
0.0
0.0
0.0
0.0
0.0
0.0
0.0
0.0
0.0
0.0
0.0
0.0
0.0
0.0
0.0
0.0
0.0
0.0
0.0
0.0
0.0
0.0
0.0
0.0
0.0
0.0
0.0
0.0
0.0
0.0
0.0
0.0
0.0
0.0
0.0
0.0
0.0
0.0
0.0
0.0
0.0
0.0
0.0
0.0
0.0
0.0
0.0
0.0
0.0
0.0
0.0
0.0
0.0
0.0
0.0
0.0
0.0
0.0
0.0
0.0
0.0
0.0
0.0
0.0
0.0
0.0
0.0
0.0
0.0
0.0
0.0
0.0
0.0
0.0
0.0
0.0
0.0
0.0
0.0
0.0
0.0
0.0
0.0
0.0
0.0
0.0
0.0
0.0
0.0
0.0
0.0
0.0
0.0
0.0
0.0
0.0
0.0
0.0
0.0
0.0
0.0
0.0
0.0
0.0
0.0
0.0
0.0
0.0
0.0
0.0
0.0
0.0
0.0
0.0
0.0
0.0
0.0
0.0
0.0
0.0
0.0
0.0
0.0
0.0
0.0
0.0
0.0
0.0
0.0
0.0
0.0
0.0
0.0
0.0
0.0
0.0
0.0
0.0
0.0
0.0
0.0
0.0
0.0
0.0
0.0
0.0
0.0
0.0
0.0
0.0
0.0
0.0
0.0
0.0
0.0
0.0
0.0
0.0
0.0
0.0
0.0
0.0
0.0
0.0
0.0
0.0
0.0
0.0
0.0
0.0
0.0
0.0
0.0
0.0
0.0
0.0
0.0
0.0
0.0
0.0
0.0
0.0
0.0
0.0
0.0
0.0
0.0
0.0
0.0
0.0
0.0
0.0
0.0
0.0
0.0
0.0
0.0
0.0
0.0
0.0
0.0
0.0
0.0
0.0
0.0
0.0
0.0
0.0
0.0
0.0
0.0
0.0
0.0
0.0
0.0
0.0
0.0
0.0
0.0
0.0
0.0
0.0
0.0
0.0
0.0
0.0
0.0
0.0
0.0
0.0
0.0
0.0
0.0
0.0
0.0
0.0
0.0
0.0
0.0
0.0
0.0
0.0
0.0
0.0
0.0
0.0
0.0
0.0
0.0
0.0
0.0
0.0
0.0
0.0
0.0
0.0
0.0
0.0
0.0
0.0
0.0
0.0
0.0
0.0
0.0
0.0
0.0
0.0
0.0
0.0
0.0
0.0
0.0
0.0
0.0
0.0
0.0
0.0
0.0
0.0
0.0
0.0
0.0
0.0
0.0
0.0
0.0
0.0
0.0
0.0
0.0
0.0
0.0
0.0
0.0
0.0
0.0
0.0
0.0
0.0
0.0
0.0
0.0
0.0
0.0
0.0
0.0
0.0
0.0
0.0
0.0
0.0
0.0
0.0
0.0
0.0
0.0
0.0
0.0
0.0
0.0
0.0
0.0
0.0
0.0
0.0
0.0
0.0
0.0
0.0
0.0
0.0
0.0
0.0
0.0
0.0
0.0
0.0
0.0
0.0
0.0
0.0
0.0
0.0
0.0
0.0
0.0
0.0
0.0
0.0
0.0
0.0
0.0
0.0
0.0
0.0
0.0
0.0
0.0
0.0
0.0
0.0
0.0
0.0
0.0
0.0
0.0
0.0
0.0
0.0
0.0
0.0
0.0
0.0
0.0
0.0
0.0
0.0
0.0
0.0
0.0
0.0
0.0
0.0
0.0
0.0
0.0
0.0
0.0
0.0
0.0
0.0
0.0
0.0
0.0
0.0
0.0
0.0
0.0
0.0
0.0
0.0
0.0
0.0
0.0
0.0
0.0
0.0
0.0
0.0
0.0
0.0
0.0
0.0
0.0
0.0
0.0
0.0
0.0
0.0
0.0
0.0
0.0
0.0
0.0
0.0
0.0
0.0
0.0
0.0
0.0
0.0
0.0
0.0
0.0
0.0
0.0
0.0
0.0
0.0
0.0
0.0
0.0
0.0
0.0
0.0
0.0
0.0
0.0
0.0
0.0
0.0
0.0
0.0
0.0
0.0
0.0
0.0
0.0
0.0
0.0
0.0
0.0
0.0
0.0
0.0
0.0
0.0
0.0
0.0
0.0
0.0
0.0
0.0
0.0
0.0
0.0
0.0
0.0
0.0
0.0
0.0
0.0
0.0
0.0
0.0
0.0
0.0
0.0
0.0
0.0
0.0
0.0
0.0
0.0
0.0
0.0
0.0
0.0
0.0
0.0
0.0
0.0
0.0
0.0
0.0
0.0
0.0
0.0
0.0
0.0
0.0
0.0
0.0
0.0
0.0
0.0
0.0
0.0
0.0
0.0
0.0
0.0
0.0
0.0
0.0
0.0
0.0
0.0
0.0
0.0
0.0
0.0
0.0
0.0
0.0
0.0
0.0
0.0
0.0
0.0
0.0
0.0
0.0
0.0
0.0
0.0
0.0
0.0
0.0
0.0
0.0
0.0
0.0
0.0
0.0
0.0
0.0
0.0
0.0
0.0
0.0
0.0
0.0
0.0
0.0
0.0
0.0
0.0
0.0
0.0
0.0
0.0
0.0
0.0
0.0
0.0
0.0
0.0
0.0
0.0
0.0
0.0
0.0
0.0
0.0
0.0
0.0
0.0
0.0
0.0
0.0
0.0
0.0
0.0
0.0
0.0
0.0
0.0
0.0
0.0
0.0
0.0
0.0
0.0
0.0
0.0
0.0
0.0
0.0
0.0
0.0
0.0
0.0
0.0
0.0
0.0
0.0
0.0
0.0
0.0
0.0
0.0
0.0
0.0
0.0
0.0
0.0
0.0
0.0
0.0
0.0
0.0
0.0
0.0
0.0
0.0
0.0
0.0
0.0
0.0
0.0
0.0
0.0
0.0
0.0
0.0
0.0
0.0
0.0
0.0
0.0
0.0
0.0
0.0
0.0
0.0
0.0
0.0
0.0
0.0
0.0
0.0
0.0
0.0
0.0
0.0
0.0
0.0
0.0
0.0
0.0
0.0
0.0
0.0
0.0
0.0
0.0
0.0
0.0
0.0
0.0
0.0
0.0
0.0
0.0
0.0
0.0
0.0
0.0
0.0
0.0
0.0
0.0
0.0
0.0
0.0
0.0
0.0
0.0
0.0
0.0
0.0
0.0
0.0
0.0
0.0
0.0
0.0
0.0
0.0
0.0
0.0
0.0
0.0
0.0
0.0
0.0
0.0
0.0
0.0
0.0
0.0
0.0
0.0
0.0
0.0
0.0
0.0
0.0
0.0
0.0
0.0
0.0
0.0
0.0
0.0
0.0
0.0
0.0
0.0
0.0
0.0
0.0
0.0
0.0
0.0
0.0
0.0
0.0
0.0
0.0
0.0
0.0
0.0
0.0
0.0
0.0
0.0
0.0
0.0
0.0
0.0
0.0
0.0
0.0
0.0
0.0
0.0
0.0
0.0
0.0
0.0
0.0
0.0
0.0
0.0
0.0
0.0
0.0
0.0
0.0
0.0
0.0
0.0
0.0
0.0
0.0
0.0
0.0
0.0
0.0
0.0
0.0
0.0
0.0
0.0
0.0
0.0
0.0
0.0
0.0
0.0
0.0
0.0
0.0
0.0
0.0
0.0
0.0
0.0
0.0
0.0
0.0
0.0
0.0
0.0
0.0
0.0
0.0
0.0
0.0
0.0
0.0
