0.2210276878222672
0.2210277173751508
0.22102772033263102
0.22102770385602466
0.22102767331387688
0.2210276322517425
0.2210275830627442
0.22102752750303498
0.2210274673969214
0.22102740311846966
0.22102733559205806
0.2210272650903821
0.2210271919169163
0.22102711644022072
0.22102703874139834
0.2210269590182918
0.22102687799921042
0.22102679524220895
0.22102671086481152
0.22102662495614644
0.2210265377277144
0.22102644929709137
0.2210263595694693
0.22102626854172203
0.2210261764652716
0.221026083453679
0.22102598941247678
0.22102589429996622
0.22102579808765604
0.22102570078255995
0.221025602458909
0.22102550326902376
0.22102540333781032
0.221025302742354
0.22102520118855898
0.22102509866427938
0.22102499518177296
0.2210248907680211
0.22102478546818452
0.22102467934038678
0.22102457241138002
0.22102446454032074
0.22102435606354578
0.2210242468036421
0.22102413669234847
0.22102402572538418
0.22102391391156223
0.2210238012646707
0.22102368779512654
0.22102357349607868
0.22102345836208184
0.2210233425628539
0.22102322599778004
0.22102310877282907
0.2210229908731697
0.22102287220485436
0.22102275272749683
0.2210226324666654
0.2210225114445187
0.22102238966160986
0.22102226716184123
0.221022143976524
0.22102201998648968
0.22102189519703289
0.22102176962790337
0.22102164338528574
0.22102151651883895
0.22102138900254142
0.22102126084804766
0.22102113195535011
0.22102100239926845
0.22102087211153687
0.22102074103008973
0.22102060916016866
0.22102047649884382
0.22102034304702795
0.22102020882532852
0.22102007389823874
0.22101993834651665
0.22101980210486674
0.22101966518119573
0.22101952760004
0.22101938935567328
0.22101925040200848
0.22101911069427868
0.2210189702009928
0.22101882891843042
0.22101868686414144
0.22101854404756616
0.22101840046362523
0.22101825621653415
0.22101811146569683
0.22101796596092727
0.22101781969667644
0.22101767264494776
0.22101752481809064
0.22101737622985715
0.22101722691602235
0.22101707692449815
0.22101692624198965
0.221016774816086
0.22101662269205635
0.22101646990255192
0.22101631641026068
0.2210161622355333
0.22101600731362875
0.22101585161411522
0.22101569514429334
0.22101553790229989
0.22101537987314557
0.22101522105264926
0.22101506141321917
0.2210149010105814
0.22101474000909305
0.22101457822944068
0.22101441569117677
0.22101425240985142
0.22101408842572237
0.22101392375163784
0.22101375834989895
0.22101359218331015
0.2210134252523118
0.22101325754408951
0.22101308903259925
0.2210129197583834
0.22101274973851398
0.22101257890213175
0.22101240724538868
0.22101223478051818
0.2210120615469782
0.22101188755416543
0.22101171280657655
0.2210115372997609
0.2210113609928738
0.22101118386782254
0.2210110059349496
0.22101082726635987
0.22101064790451472
0.22101046776581515
0.221010286818853
0.22101010509413024
0.22100992258454216
0.22100973926709416
0.22100955513013726
0.22100937015085478
0.22100918435062686
0.221008997826568
0.2210088104757424
0.2210086222895587
0.2210084332603304
0.22100824342696032
0.22100805277317243
0.22100786130244116
0.2210076689698219
0.2210074757798555
0.22100728174177459
0.22100708683238188
0.22100689105740057
0.22100669446388552
0.22100649703627664
0.22100629872603295
0.22100609961797646
0.22100589977194676
0.2210056991389198
0.22100549773427222
0.2210052954413667
0.22100509225462067
0.22100488822601497
0.22100468330581483
0.2210044774952222
0.22100427079182827
0.2210040631773804
0.2210038547014292
0.22100364530414604
0.2210034350017592
0.22100322385577303
0.22100301176500473
0.22100279891703314
0.22100258517534171
0.22100237054865243
0.2210021549614582
0.22100193850469965
0.22100172115608938
0.22100150291243212
0.22100128375502043
0.2210010636643406
0.2210008426975678
0.22100062078237054
0.22100039789649262
0.22100017410756181
0.22099994945618567
0.22099972397809026
0.22099949746000505
0.2209992700839551
0.22099904175894267
0.22099881248504563
0.22099858226671423
0.22099835105646354
0.2209981189129339
0.22099788582860158
0.22099765176729327
0.22099741682781912
0.22099718091907636
0.22099694400108186
0.22099670611652994
0.22099646720356494
0.22099622742447053
0.22099598671176393
0.22099574483929016
0.22099550206849947
0.22099525836182063
0.22099501363978152
0.22099476791548656
0.2209945212101677
0.22099427348806266
0.22099402473611565
0.22099377500282122
0.22099352426601584
0.220993272432089
0.22099301963893064
0.22099276592668263
0.22099251118365426
0.2209922555067474
0.22099199880995113
0.22099174107762876
0.2209914821450371
0.22099122221493953
0.2209909612409651
0.22099069918074526
0.22099043609335156
0.22099017195319184
0.22098990672745827
0.22098964041891192
0.22098937298217275
0.2209891044400006
0.22098883485168633
0.2209885642344554
0.22098829243467452
0.22098801953257263
0.22098774566199983
0.22098747069033703
0.2209871945482902
0.2209869172519132
0.22098663892869558
0.22098635959175572
0.22098607914371662
0.2209857975211324
0.22098551476239356
0.22098523096653636
0.2209849460848462
0.22098466003008005
0.22098437288125217
0.22098408460039198
0.2209837951602591
0.2209835044772842
0.2209832126515925
0.22098291973990233
0.2209826257227275
0.2209823303134531
0.22098203373484085
0.22098173607520064
0.22098143723605715
0.2209811371963605
0.2209808359898319
0.22098053354411976
0.22098022990349808
0.22097992509205558
0.22097961906808647
0.2209793118473168
0.220979003450479
0.2209786938461548
0.22097838300852213
0.22097807091971064
0.22097775759152122
0.22097744297192873
0.22097712707932304
0.22097680999083882
0.2209764917271896
0.2209761722527598
0.2209758515140153
0.22097552942019072
0.22097520592241104
0.22097488125173126
0.22097455540447838
0.22097422828467359
0.22097389984710897
0.22097357014207283
0.22097323916922804
0.22097290689862759
0.22097257330788797
0.2209722383638753
0.2209719022106142
0.2209715648084992
0.22097122596725402
0.22097088577550864
0.22097054426396384
0.2209702014466009
0.22096985731294538
0.22096951180377833
0.22096916495543495
0.22096881680063382
0.22096846731099618
0.22096811643612296
0.22096776414138986
0.2209674103831403
0.2209670551608227
0.2209666985599774
0.22096634062245918
0.22096598134244008
0.22096562067831407
0.22096525855067303
0.2209648949093054
0.22096452980257902
0.22096416335805402
0.2209637955611048
0.22096342640431937
0.22096305578972286
0.22096268354332868
0.220962309854374
0.22096193487658544
0.22096155845080934
0.22096118055183414
0.22096080126671638
0.22096042056789256
0.22096003838057918
0.22095965467313564
0.2209592694707162
0.22095888281646175
0.22095849471041537
0.22095810508339944
0.22095771385006563
0.22095732099171567
0.2209569265691844
0.22095653064934825
0.22095613323538377
0.22095573426588083
0.22095533368867998
0.22095493152113205
0.22095452778601057
0.2209541225522227
0.2209537158394875
0.22095330759405016
0.22095289770390528
0.2209524861971565
0.22095207306702383
0.22095165828935792
0.22095124195901925
0.22095082406334396
0.220950404579239
0.22094998347033443
0.22094956071477426
0.22094913632778165
0.22094871026192808
0.22094828249159476
0.2209478531075743
0.2209474221133368
0.22094698946371658
0.22094655515927036
0.22094611919296825
0.22094568152528057
0.22094524211931246
0.22094480097334843
0.22094435812649194
0.2209439136226325
0.22094346746740576
0.22094301959634138
0.22094256991944422
0.22094211841250205
0.22094166512586375
0.22094121017593157
0.22094075357215662
0.22094029532344373
0.22093983527998284
0.22093937344195647
0.22093890981251824
0.2209384443151306
0.2209379768917683
0.22093750769381357
0.22093703675244514
0.22093656403287917
0.22093608950825455
0.22093561318685537
0.22093513505186074
0.22093465504005938
0.22093417312044958
0.22093368932680907
0.22093320368946187
0.22093271620090787
0.22093222687696595
0.22093173566130309
0.22093124248200988
0.22093074743580574
0.22093025045692322
0.22092975148342053
0.220929250530371
0.2209287476956575
0.22092824298696126
0.2209277363598082
0.22092722779626497
0.22092671732512909
0.22092620503675583
0.22092569054832664
0.2209251741357078
0.22092465578836895
0.22092413538918074
0.22092361297836835
0.2209230885338402
0.2209225620431971
0.22092203352686066
0.22092150304711813
0.22092097060202615
0.22092043602074427
0.2209198993734659
0.22091936070578627
0.22091882000700977
0.22091827727510177
0.22091773254732044
0.22091718576600308
0.220916636830271
0.2209160856896467
0.22091553230166575
0.220914976715072
0.22091441900613096
0.2209138591376426
0.22091329713862218
0.22091273305368592
0.22091216689135215
0.22091159866675597
0.22091102829023473
0.22091045557472958
0.22090987879739396
0.2209092995147301
0.22090871803247425
0.22090813438364879
0.2209075485720593
0.22090696079450073
0.2209063704004811
0.2209057778413045
0.22090518317483532
0.2209045863491919
0.22090398698186545
0.22090338534840753
0.22090278157566154
0.22090217544562982
0.22090156673839656
0.220900955624239
0.22090034219061913
0.22089972648004064
0.2208991086031747
0.2208984884614154
0.22089786585768717
0.22089724068739436
0.22089661300056634
0.2208959828922859
0.22089535042947736
0.22089471566378266
0.22089407873140102
0.22089343938227368
0.2208927973299461
0.220892152736726
0.22089150564075566
0.22089085609265474
0.22089020414190602
0.22088954974575548
0.22088889265263142
0.22088823292720394
0.22088757070934564
0.22088690575626269
0.22088623833369306
0.2208855685027994
0.22088489616490226
0.22088422108818218
0.2208835436495246
0.22088286385634506
0.2208821812550151
0.22088149584252995
0.22088080787538686
0.220880117055693
0.2208794237448741
0.22087872781768494
0.22087802942291093
0.22087732858337708
0.2208766247682639
0.22087591785827707
0.22087520830230725
0.22087449620470037
0.22087378153174053
0.22087306462092537
0.2208723443930798
0.2208716211720172
0.22087089525129686
0.22087016660253783
0.22086943530180114
0.22086870138959241
0.2208679645033329
0.2208672245899624
0.22086648172523113
0.22086573606277662
0.2208649878428695
0.22086423655364365
0.2208634821348172
0.22086272494610815
0.22086196486502854
0.22086120206184062
0.22086043665575975
0.22085966829119558
0.22085889670182468
0.22085812187147177
0.22085734387987901
0.22085656290391428
0.22085577897660283
0.22085499188865035
0.22085420211895104
0.22085340975439663
0.2208526145101311
0.2208518157889959
0.22085101355394357
0.2208502083956407
0.22084940036022596
0.22084858972252586
0.22084777623201296
0.2208469586558077
0.22084613789130392
0.2208453141286023
0.2208444873031083
0.22084365803094513
0.22084282446772596
0.22084198787136128
0.22084114772433736
0.22084030478773511
0.2208394592504245
0.2208386099544989
0.22083775689339966
0.22083690082476898
0.220836041833497
0.22083517956951462
0.22083431395897515
0.22083344473337602
0.22083257208391227
0.22083169662054689
0.22083081745860322
0.2208299348536809
0.22082904895661767
0.220828159670845
0.22082726728197913
0.22082637116994244
0.22082547142492373
0.22082456823209182
0.22082366159670191
0.2208227515301432
0.2208218378493425
0.2208209209428138
0.22082000080586436
0.22081907708560927
0.22081814897985413
0.22081721689126152
0.22081628168270245
0.2208153435685124
0.22081440240035
0.22081345715876957
0.2208125075582378
0.22081155426565807
0.2208105978256047
0.22080963791057404
0.22080867360418677
0.22080770543211092
0.2208067338544353
0.2208057590958577
0.22080478072779586
0.2208037980583222
0.22080281130993576
0.22080182095836037
0.22080082707393203
0.2207998289017578
0.22079882703094658
0.22079782155498826
0.22079681257016753
0.22079579972436567
0.2207947829482695
0.22079376160273567
0.220792736675243
0.22079170793884828
0.22079067446180756
0.220789637522461
0.22078859660759526
0.22078755222865135
0.22078650320810658
0.2207854503469943
0.22078439409438658
0.22078333382627066
0.22078226838884393
0.22078119920220476
0.2207801259850213
0.22077904826279096
0.22077796668495037
0.2207768810383219
0.2207757917626791
0.22077469798747382
0.22077359984081502
0.22077249700906276
0.22077139046774116
0.22077028094631637
0.2207691657596511
0.22076804502553202
0.2207669204772192
0.22076579271442526
0.22076466218274396
0.22076352544605532
0.22076238348336383
0.22076123743318785
0.22076008850914416
0.22075893453161227
0.22075777568487115
0.22075661209056208
0.2207554446038351
0.2207542721386502
0.22075309515638705
0.22075191402037503
0.22075072916843336
0.2207495390451399
0.22074834377834052
0.22074714372410295
0.2207459398477646
0.22074473130710895
0.22074351793792593
0.2207422998712538
0.22074107765398315
0.22073985019066958
0.22073861762625413
0.22073738048261626
0.22073613935730388
0.2207348931331142
0.22073364186864702
0.22073238587990404
0.22073112525053296
0.22072985942216994
0.22072858868671072
0.22072731353602196
0.220726033873078
0.22072474878617807
0.22072345826559
0.22072216302634073
0.22072086299152482
0.22071955782486538
0.2207182479411699
0.22071693360885372
0.22071561379819724
0.22071428800069337
0.2207129572576701
0.22071162242508263
0.22071028225893488
0.22070893616358978
0.22070758551118577
0.22070623066524894
0.2207048697618597
0.22070350184590268
0.2207021296427244
0.22070075402956346
0.2206993733376386
0.22069798514403044
0.22069659140271827
0.220695193855369
0.220693791672289
0.22069238231571975
0.22069096700206306
0.22068954773430055
0.22068812384131187
0.2206866935265791
0.2206852569092891
0.22068381491547723
0.22068236792780271
0.22068091584649605
0.22067945874397327
0.22067799557729567
0.2206765252689482
0.2206750497996569
0.22067356984380398
0.22067208463608867
0.22067059255376356
0.22066909435406043
0.2206675913712753
0.22066608277577215
0.22066456841407397
0.22066304709205012
0.22066152126712832
0.2206599879138041
0.22065845046184038
0.22065690656141734
0.22065535719990292
0.2206537999517758
0.22065223838678835
0.22065067075295247
0.22064909785788778
0.22064751778544528
0.2206459320301353
0.22064434020265936
0.22064274152611033
0.2206411378750701
0.22063952835075698
0.22063791204728983
0.2206362883502382
0.22063465970095072
0.22063302564657386
0.2206313846252785
0.22062973672679656
0.22062808343233295
0.2206264240263246
0.22062475661833106
0.22062308410226997
0.22062140641193675
0.22061972029308005
0.2206180268941719
0.22061632893695662
0.22061462688242017
0.22061291370098748
0.2206111943364238
0.22060947038668816
0.22060774133866565
0.22060600240551514
0.22060425748975343
0.2206025083155805
0.22060075090331577
0.22059898503227088
0.22059721364983884
0.22059543912526935
0.22059365378430537
0.2205918604187329
0.22059006234531223
0.22058825974011811
0.2205864479099249
0.22058462770773352
0.2205828024460468
0.22058097037398156
0.2205791310849812
0.220577284355206
0.22057543099321406
0.22057356984329515
0.2205717018958671
0.22056982786403478
0.22056794545940958
0.2205660563891976
0.22056416077724197
0.22056225697313608
0.22056034511297887
0.22055842716757604
0.2205565052448521
0.22055457416078364
0.22055263422227983
0.220550688009217
0.22054873545968381
0.22054677543357964
0.22054480683312186
0.2205428309979261
0.2205408470839548
0.2205388570395842
0.22053686025985234
0.22053485352215488
0.22053283949734845
0.22053081856631251
0.22052879084751667
0.2205267536574447
0.22052470918064349
0.22052265881801808
0.22052059819414463
0.22051853048845516
0.2205164554863361
0.22051437291024328
0.22051228140699203
0.22051018257316352
0.22050807659592292
0.2205059603950769
0.22050383753857447
0.2205017075358021
0.22049956822423414
0.22049741994481045
0.2204952657544329
0.22049310431216285
0.22049093101073114
0.22048874991078388
0.2204865638538394
0.22048436749977868
0.2204821623101394
0.22047995000781623
0.22047772907601218
0.22047549788888524
0.22047326032640333
0.22047101611077846
0.220468759105593
0.22046649382475403
0.22046422422534007
0.2204619448070276
0.2204596527987092
0.22045735387315632
0.22045504985440847
0.22045273421437905
0.2204504081534944
0.22044807734996202
0.2204457359973968
0.22044338370466404
0.22044102383231803
0.2204386568148682
0.22043627937450355
0.22043389209192227
0.220431498896489
0.22042909560965906
0.22042668068303725
0.22042425846838015
0.2204218267733744
0.22041938623933302
0.22041693573357657
0.22041447667419276
0.22041200874986172
0.22040953084675202
0.22040704397652822
0.22040454653372427
0.22040204148019676
0.22039952835292737
0.22039700180164357
0.2203944664720807
0.2203919237952863
0.2203893713744876
0.22038680689853227
0.2203842339051926
0.22038165336415586
0.22037906092580317
0.2203764582274839
0.22037384767572696
0.22037122593961317
0.22036859406390757
0.2203659521665845
0.2203632997283341
0.22036063663768898
0.22035796410915556
0.22035528214744637
0.2203525895310145
0.22034988693173987
0.22034717432368836
0.2203444499211587
0.2203417167798584
0.22033897581783127
0.2203362213583368
0.2203334604650866
0.22033069148027343
0.22032791035478494
0.22032511715451789
0.22032231552744758
0.22031950503256748
0.2203166808795584
0.2203138462549762
0.2203110037882332
0.22030814785516362
0.2203052820637155
0.220302407713777
0.22029951913378806
0.22029662046838663
0.22029371310113274
0.22029079359785744
0.22028786154880828
0.22028492120673857
0.2202819711890072
0.2202790051425121
0.22027603061357837
0.22027304851745982
0.22027004836953346
0.22026703784035467
0.22026402038829812
0.2202609885614018
0.22025794325099493
0.2202548906198044
0.22025182775655225
0.2202487481482633
0.22024565913690783
0.2202425616144016
0.22023944805443219
0.2202363231372436
0.22023319102760813
0.22023004351534436
0.22022688295795387
0.22022371733497054
0.2202205358358623
0.22021733910853436
0.22021413502989567
0.22021092027608696
0.22020768869600063
0.22020444580054388
0.2202011958493021
0.2201979304453515
0.22019464915755424
0.22019136125109093
0.22018806034851043
0.2201847436666217
0.22018141792407303
0.2201780787713216
0.22017472590145976
0.22017136213488195
0.22016798400698487
0.2201645945467014
0.22016119183772617
0.22015777662764388
0.22015434883113072
0.22015090773861218
0.22014745553917475
0.2201439900910046
0.2201405099087189
0.22013701760218649
0.22013351052672253
0.2201299925049657
0.22012646311764306
0.22012291581934162
0.2201193586993125
0.22011579121768812
0.22011220288058364
0.2201086037676824
0.22010499371303913
0.2201013687619539
0.22009772784723133
0.22009407674832487
0.22009040667951413
0.22008671370190833
0.2200830094886621
0.22007929443349064
0.2200755607018006
0.2200718135373812
0.2200680556264476
0.2200642817512766
0.2200604926084929
0.22005669116173004
0.22005287328135434
0.220049041991603
0.22004519965354002
0.22004133735850598
0.22003746381052877
0.22003357750274594
0.22002967312431393
0.22002575529406693
0.2200218251876293
0.2200178787803559
0.22001391647640403
0.220009941582721
0.2200059518215047
0.22000194286326374
0.21999792263285906
0.21999389042351364
0.21998983700567312
0.21998577238210418
0.21998169662515987
0.21997759671340544
0.21997348494550817
0.21996936323569125
0.21996521630436425
0.21996105798648458
0.21995688969523594
0.2199526997670113
0.21994849420787102
0.21994427727248655
0.2199400434644441
0.2199357909675332
0.21993152520659034
0.21992724268848318
0.21992294105127444
0.21991862846741725
0.21991430050493346
0.21990994913768583
0.21990558935662863
0.21990121471611662
0.21989681152028712
0.21989240077657793
0.21988797939350385
0.21988352886303375
0.2198790658494749
0.2198745955722598
0.21987009780466263
0.21986558264170358
0.21986106119959092
0.21985651664284941
0.21985195067646354
0.21984737601808885
0.21984278211662686
0.21983816497789957
0.21983353785086368
0.21982889330085356
0.21982422526801965
0.21981954403781176
0.21981484904695286
0.21981012988170737
0.21980539551151557
0.2198006501465184
0.21979587828538175
0.2197910887068691
0.21978629056183718
0.2197814667563491
0.21977662396436498
0.2197717722145229
0.21976689536302974
0.21976199797755244
0.21975709003369948
0.2197521591435353
0.21974720939264847
0.21974224890704264
0.2197372665605235
0.21973226492027328
0.21972724640642505
0.21972221039322495
0.21971715383391383
0.21971207819974023
0.21970698684540096
0.21970187523303755
0.2196967424316065
0.2196915935378165
0.21968642453791232
0.21968123433755457
0.21967602627822383
0.21967079941668666
0.21966555478868222
0.21966028933733855
0.21965500209883684
0.21964969924324193
0.2196443760334548
0.21963902939829727
0.21963366779530397
0.2196282866691987
0.21962288098673502
0.21961745971461574
0.21961201840566083
0.21960655138521068
0.21960106772587598
0.2195955655895117
0.21959003787344059
0.2195844945807682
0.21957893372858578
0.21957334453997876
0.21956773926565684
0.21956211378862234
0.21955645903954882
0.21955078565719255
0.21954509570081726
0.21953938086521152
0.21953364471280723
0.21952789082537064
0.21952211472988506
0.21951631492794188
0.2195104954846129
0.2195046561628091
0.21949879255009738
0.21949291273628876
0.21948701566226042
0.21948109444142494
0.21947515279844243
0.21946919002476029
0.21946320398428545
0.21945719927327292
0.2194511705313999
0.21944511545262219
0.21943904295005237
0.21943294522265902
0.21942682541434966
0.21942068899395636
0.21941452680269785
0.2194083389695348
0.21940213486653803
0.21939590401740935
0.21938964734947278
0.21938337594170937
0.2193770757093923
0.21937074635444836
0.21936440353911466
0.21935803534194315
0.219351636831897
0.2193452222004259
0.21933878390907816
0.2193323165959925
0.21932583053426274
0.2193193216370843
0.21931278327838852
0.21930622368530542
0.21929964114512773
0.21929302888831242
0.2192863961830125
0.21927974200351705
0.21927305781850026
0.21926635229918698
0.2192596240146698
0.21925286413211656
0.21924608276141
0.21923926364724222
0.21923241013728245
0.21922553308340406
0.21921863512070572
0.21921170558563763
0.21920475090184222
0.21919777856138264
0.21919077429867204
0.2191837416757755
0.21917669224709968
0.2191696097417547
0.2191624993792686
0.2191553748874561
0.21914821369540563
0.2191410225376288
0.21913382043939153
0.21912658104503205
0.2191193098653226
0.21911202927478976
0.21910471076447435
0.21909735672875508
0.2190899919260535
0.21908259381635536
0.21907515895024068
0.21906771103484285
0.21906023340845743
0.2190527190605539
0.21904518980412602
0.21903763065018483
0.21903003323085354
0.21902241524197624
0.21901477192297902
0.2190070920628825
0.21899938854505357
0.21899166319417399
0.21898390095052192
0.21897611213997756
0.2189683031904955
0.21896045529217575
0.21895258031391784
0.21894468790792843
0.21893675101752288
0.21892878786342132
0.21892081228154162
0.21891279790588986
0.21890475003805462
0.21889668503658066
0.218888585730358
0.21888045091724667
0.21887229624697507
0.2188641093639354
0.218855883122485
0.2188476357502178
0.218839362205886
0.21883104849568602
0.21882270871766263
0.21881434420879933
0.21880593895193245
0.21879750544914803
0.21878904977996302
0.2187805543331095
0.21877202914043578
0.21876347907107696
0.21875488611739913
0.21874626475100184
0.21873760929709854
0.2187289228792217
0.21872020881453103
0.21871145284019017
0.21870267748483896
0.21869387202604101
0.21868501787641598
0.21867614951056974
0.21866724645491623
0.2186582905065233
0.2186493222254454
0.21864033780743533
0.21863129991364016
0.21862224342630038
0.21861316419008403
0.21860402995225373
0.21859487449408949
0.21858569587589446
0.2185764643134001
0.21856720760631695
0.21855792621832343
0.21854859952209094
0.21853924054545423
0.2185298502425244
0.2185204208234127
0.218510954884258
0.21850146351876193
0.21849193544880208
0.2184823678538973
0.21847277218062147
0.21846314021124988
0.21845346587038766
0.21844376414586095
0.2184340267312024
0.2184242474643
0.21841444282796302
0.21840460125291108
0.2183947150622011
0.2183847796511027
0.21837480017390803
0.21836477535263035
0.21835472193575337
0.21834463303471466
0.2183345054459169
0.2183243421812689
0.21831414003646582
0.2183039010383418
0.2182936269044125
0.21828331364692086
0.21827296234078988
0.21826257777979935
0.21825215375008544
0.21824168800120955
0.21823119240787017
0.2182206561490975
0.21821007559325878
0.21819946681191227
0.21818881254525627
0.21817810748333755
0.2181673849401135
0.21815662208550582
0.2181458028956831
0.21813496582323666
0.21812408641295966
0.21811315201679374
0.21810220494922009
0.21809121818423804
0.21808016777763048
0.2180690974783107
0.21805798811468446
0.21804681901110623
0.21803562608062477
0.21802439729785794
0.21801311012619
0.21800179280212467
0.21799044260097816
0.2179790372077223
0.21796759585063322
0.21795611615772947
0.21794458219313784
0.21793300946121108
0.21792140078415742
0.2179097449954697
0.2178980503476147
0.21788631631271768
0.21787453290247358
0.2178627092322554
0.21785085124181458
0.21783894314766816
0.21782699544203618
0.2178150113718844
0.217802970587255
0.21779090391430744
0.21777880600978441
0.2177666493263549
0.21775445536992452
0.21774222880352692
0.21772994306247442
0.21771761806211745
0.21770526037675184
0.21769284140032788
0.2176803801616585
0.21766788997668532
0.21765533776366247
0.2176427373290357
0.21763011464135965
0.21761742982624363
0.2176046916977094
0.21759193662647314
0.21757911776974256
0.2175662417426897
0.21755335062279949
0.21754038755239297
0.21752732642424244
0.21751425832831656
0.21750112496360222
0.21748792349733231
0.21747470755801443
0.21746143279252472
0.21744809249778327
0.21743473348001335
0.21742131978965892
0.21740783972858277
0.2173943341626014
0.21738077248726548
0.21736714646112612
0.21735349087537276
0.21733978775967952
0.21732602140661836
0.21731221078690077
0.21729837596984697
0.21728447350644084
0.21727052188069085
0.2172565355729501
0.21724248266840343
0.21722838137466383
0.21721424289680594
0.21720004048622416
0.2171857926712623
0.21717149981552977
0.21715713472815185
0.2171427191396397
0.21712826930328089
0.21711375872281544
0.21709918628802238
0.2170845882107699
0.21706992469647987
0.21705519382892297
0.21704043822645785
0.21702561681245003
0.2170107306726135
0.2169958111982931
0.2169808333908578
0.21696578220474344
0.21695070262686128
0.2169355983713824
0.21692041825455555
0.2169051832053894
0.2168899131340814
0.21687457580406552
0.21685917730764437
0.21684372723081388
0.21682823339421894
0.21681268299555875
0.21679705764427246
0.21678140422017111
0.2167656934028741
0.2167498916457642
0.21673407057229876
0.21671819891217783
0.21670222726720173
0.21668621337287158
0.21667012216277445
0.21665393758864449
0.21663772487110394
0.21662145653370943
0.21660511060531273
0.21658872017282507
0.2165722726163343
0.21655575837601168
0.21653918615189902
0.21652255891151628
0.21650588218820455
0.21648914583128606
0.21647236352038102
0.2164555130830694
0.21643858910678943
0.21642162792733452
0.21640459838478354
0.21638749030412288
0.2163703362287018
0.2163531209166136
0.21633583015751665
0.216318494053518
0.21630109674058964
0.21628362605946017
0.21626610639887803
0.21624852668117062
0.21623087613726405
0.21621317273891938
0.21619540144809943
0.21617755028154287
0.21615964184118483
0.21614166991621742
0.21612363381527153
0.21610557165264355
0.21608744659701298
0.21606924186261045
0.2160509973046744
0.21603268334172013
0.21601428747776363
0.21599584583343348
0.2159773351978235
0.21595874540553428
0.21594010480617729
0.21592139922750714
0.2159026179275474
0.21588378250922324
0.21586487736672968
0.21584588439368824
0.21582678892541834
0.2158076254058981
0.21578838485762167
0.2157690825403305
0.21574972101634513
0.21573028147298895
0.21571078531512472
0.2156912366523692
0.21567160197946791
0.21565190306686152
0.21563214896984537
0.21561229691285808
0.21559237525672562
0.21557241211749661
0.21555234905987888
0.21553222330528019
0.21551205767215525
0.2154917762924054
0.2154714303822513
0.2154510549055077
0.21543056419861625
0.2154099959749723
0.21538940091366
0.21536869652331675
0.2153478953964981
0.21532705907737248
0.21530615141795462
0.21528514793832193
0.21526413105815265
0.2152430483930654
0.21522185674835387
0.21520060812443564
0.21517929351953402
0.21515787728675698
0.2151364106681121
0.21511488337289378
0.21509324312702163
0.21507153912492896
0.21504978875941655
0.21502792665357626
0.21500598408435823
0.21498393597691448
0.214961767668762
0.2149395441797402
0.21491728756275685
0.21489489957350544
0.21487245270724536
0.21484997584006119
0.21482734374628695
0.2148046371883997
0.2147819249566279
0.21475905236068837
0.21473610832913995
0.21471315201083874
0.21469005997361904
0.21466687247469307
0.21464366050384778
0.21462033957483911
0.21459691146604853
0.21457342861960935
0.21454987587779709
0.21452617584160613
0.214502447713667
0.2144786800762048
0.21445474018491992
0.21443079089051262
0.2144068184564406
0.21438266068249015
0.2143584574006751
0.2143342305632878
0.2143098382521515
0.21428536713372576
0.21426087775017605
0.21423625103085084
0.2142115275270513
0.21418678495907145
0.21416187673141504
0.21413682024426994
0.21411173914906276
0.21408657881308074
0.2140612486899538
0.2140358768448224
0.2140104559929209
0.21398488036912489
0.21395923672725
0.21393354710013746
0.21390772076135342
0.21388179530213838
0.21385582883960166
0.2138297531334057
0.21380356146443327
0.21377730797082806
0.2137509475654855
0.21372447739723383
0.21369795667026373
0.21367133267723204
0.2136445997372477
0.21361780487330498
0.2135909372726593
0.21356397940682315
0.21353692887509307
0.21350979607241888
0.21348256014733244
0.21345522580934403
0.21342781379347414
0.21340029619429254
0.21337268793501302
0.21334501194988098
0.2133171561406056
0.2132891871103271
0.2132611431012298
0.21323298128329982
0.21320471129699842
0.21317635000025015
0.21314788966677164
0.2131193517763146
0.213090704354118
0.21306195742251827
0.21303312082090795
0.21300416665693345
0.21297511704972408
0.21294596696409746
0.2129166989871233
0.21288735639453737
0.21285790792652903
0.21282835759760346
0.21279871271422887
0.21276902472346265
0.21273923237904907
0.21270930651201958
0.21267930619896946
0.2126492141878441
0.2126189706025054
0.21258867594337863
0.21255832246524484
0.21252779324250604
0.2124971174836533
0.2124663256530723
0.2124353958220005
0.2124043572357515
0.21237326024116998
0.2123420383973973
0.21231066790276631
0.2122792286194023
0.21224769679550462
0.212216006276119
0.21218421032818444
0.2121523408194768
0.21212032846962298
0.21208823005193556
0.21205606316500006
0.2120237230853008
0.21199127115556127
0.21195881042698925
0.21192618890158368
0.21189346826814603
0.21186067999135524
0.2118277806020681
0.2117947543295775
0.211761632153412
0.21172840260303621
0.21169502308468957
0.2116614546767822
0.21162779001588886
0.21159396150583548
0.21156003754765418
0.21152605386561538
0.21149188308975905
0.21145761607562746
0.21142327149820542
0.21138872080249968
0.21135408994863245
0.2113193541722973
0.21128449849222403
0.21124952984521597
0.21121444957886015
0.2111792580515203
0.21114395525372767
0.21110858941813335
0.21107312205560777
0.2110375040021286
0.21100180626702097
0.2109659757562082
0.21092998053535006
0.2108939210557897
0.21085771685568772
0.21082124285362322
0.2107846806145887
0.21074801086752792
0.21071118192265267
0.21067424037053378
0.21063719548986834
0.21059999429395254
0.21056265373776387
0.2105252433396503
0.21048767390811046
0.21044995612432998
0.21041217778453725
0.21037427447670903
0.21033620818395335
0.21029811554111189
0.21025991407835598
0.2102215183499243
0.2101830412457299
0.210144451712838
0.21010566789092225
0.21006676744903838
0.2100277298013796
0.20998847111250718
0.20994903849264882
0.20990957823933218
0.20986993024253858
0.2098300464097893
0.2097901267127696
0.2097501055850831
0.20970986315608514
0.2096695270729589
0.20962914901831153
0.20958857904232178
0.2095478242227893
0.20950707643197022
0.2094661873309664
0.20942511171644754
0.20938397526659688
0.20934270097275076
0.20930122598269743
0.20925964424289847
0.2092178469124883
0.20917584220671293
0.20913371506926481
0.2090914253486622
0.20904896056064368
0.20900638108969583
0.2089637601081339
0.20892089713824633
0.2088779136619643
0.20883486131507295
0.20879158965483888
0.20874816142984784
0.20870474559058586
0.20866120137869745
0.20861740389435518
0.20857353710012533
0.20852960732172535
0.20848537502831466
0.20844101339585688
0.20839652242958367
0.2083517569694836
0.20830677701253178
0.20826180628604948
0.20821663112256572
0.2081712254812235
0.2081257429305841
0.20808016433542942
0.2080343753485237
0.2079884376910665
0.2079424635021907
0.2078963344469521
0.2078499903745704
0.20780362514700468
0.20775705357517285
0.20771025379655902
0.20766338829854347
0.20761638005199667
0.207568983948535
0.20752142935589965
0.2074738316088038
0.20742602274078145
0.2073779919323736
0.2073299440728049
0.20728171126386385
0.20723325117147418
0.20718471144126235
0.20713604076099942
0.20708723876504836
0.2070382519754943
0.20698919166009916
0.20693992515565385
0.20689047309938133
0.2068409429093288
0.2067910901946008
0.2067409890095277
0.20669077320745854
0.20664035184750146
0.20658978917920828
0.20653908622523395
0.2064882693798363
0.20643724648880746
0.2063860522070386
0.2063347628315179
0.2062833275221233
0.20623174536876726
0.206180051899909
0.20612814419742337
0.20607604865885004
0.2060237818863064
0.20597120850488737
0.20591840277263745
0.2058654487452461
0.20581239440976198
0.2057591463751758
0.2057057443912919
0.20565219370421634
0.20559844508303046
0.20554457188546083
0.20549059646658688
0.20543646568027335
0.20538215570297344
0.2053276477130234
0.20527296589510344
0.20521803711774655
0.20516277576825856
0.2051073650081773
0.20505181197102873
0.20499612656000615
0.20494024621247686
0.20488418619609883
0.20482798584692594
0.2047716349424309
0.2047151364482569
0.20465846399053902
0.20460167383464248
0.20454459783768805
0.20448729283884176
0.20442988618036229
0.20437217090621151
0.2043141885301751
0.20425603972332004
0.2041978686313232
0.20413944070053927
0.20408076975519548
0.20402199723825692
0.20396312071899195
0.2039040210288306
0.20384469300622643
0.20378526723302462
0.2037255582665989
0.20366562475050276
0.20360552476257074
0.20354519515646305
0.20348461151276495
0.20342386045718466
0.2033630473865076
0.2033019625224004
0.2032406638462859
0.20317925200748624
0.20311766361517258
0.20305579221477302
0.20299373993039427
0.202931576186366
0.20286923945411586
0.20280660153832128
0.20274373456118622
0.2026806735134175
0.20261738768108417
0.2025539468181611
0.20249028439030994
0.20242643908825222
0.20236243239181845
0.20229820046114588
0.20223376696742296
0.20216919218370571
0.20210453733167852
0.20203950843133986
0.2019742004007214
0.20190874394725075
0.20184303408943668
0.20177709791094584
0.20171097333255586
0.20164469814877248
0.2015781109931474
0.2015114773153887
0.20144472823812623
0.2013776760713028
0.2013104347946913
0.20124297478330597
0.2011752855070733
0.2011071467039981
0.20103891223885872
0.20097053226920472
0.2009018184374528
0.2008328956423349
0.2007640158312189
0.20069498540014538
0.20062554810076672
0.2005560198801484
0.20048632673383707
0.20041617216232702
0.20034569798840976
0.20027512662902802
0.20020436930509797
0.20013317006497328
0.20006201692524783
0.1999907870491605
0.19991927294226383
0.19984752558409308
0.19977569204562137
0.19970355426043943
0.1996308155130928
0.1995579605248722
0.1994849940481601
0.19941170075419962
0.19933820418463216
0.19926471108244767
0.1991910550527961
0.1991170619331991
0.19904289454497234
0.19896857192494452
0.1988937210452664
0.1988185571931395
0.1987432452625531
0.1986677801450326
0.19859202975310003
0.19851622690780388
0.19844026476226453
0.1983640279948963
0.1982875276492442
0.19821087445866295
0.19813378324645806
0.19805632037421034
0.1979787066738473
0.19790093873009565
0.1978228792700436
0.19774473002633547
0.1976665347112318
0.19758795221316194
0.1975090006268693
0.19743002084876912
0.1973506247823582
0.19727080805028113
0.1971907487087378
0.19711069975830553
0.19703044416646195
0.19694981795699582
0.19686898498294167
0.19678817892388795
0.1967070252189508
0.19662533610146518
0.19654350172333007
0.19646148443504957
0.19637907553842712
0.19629639304575258
0.1962137749923969
0.1961309165287201
0.19604768260906041
0.19596428627679716
0.19588075208622707
0.19579662674854367
0.19571218873612173
0.19562762926783334
0.195542879986176
0.1954579062993511
0.19537273424374765
0.19528744083178254
0.19520188596417087
0.1951158583653789
0.1950295399866797
0.1949430030637841
0.19485605279489338
0.19476896721866332
0.19468186653878544
0.19459458664371512
0.1945068909679354
0.1944189824061639
0.19433069439101483
0.19424209450058877
0.1941530499207099
0.19406395068260684
0.19397472263366863
0.19388531205349435
0.19379560148574085
0.19370566287449095
0.19361542627263342
0.19352463782625912
0.1934336827867596
0.19334236877501695
0.19325107461073687
0.1931595492125891
0.1930678156633507
0.1929757298290312
0.1928834207328765
0.1927905329057898
0.1926974332506406
0.19260407124073964
0.19251064442069177
0.19241711136992318
0.19232317205585067
0.19222900780945062
0.19213449171824734
0.19203946273994021
0.191944194393925
0.19184878866311766
0.19175332105457973
0.19165746559024835
0.19156135473206162
0.19146507849109196
0.19136839300195482
0.19127105455591378
0.19117367638009236
0.19107634393119385
0.19097863288756772
0.19088050375289425
0.19078226592993988
0.19068378972348682
0.19058469481579626
0.190485328694249
0.1903859877212928
0.19028633956643054
0.1901862526253559
0.1900859634540753
0.18998557178991757
0.18988477235484696
0.18978347777713897
0.18968195039685135
0.1895803262582821
0.18947842554639058
0.18937609946913656
0.18927361471116208
0.18917105641586962
0.18906793184814355
0.1889642675885055
0.1888605449532555
0.18875669626431113
0.18865248279775992
0.18854802626966236
0.18844345454615977
0.18833826251677335
0.18823266886873233
0.18812693686327014
0.18802099608690018
0.18791485246703177
0.18780853467123365
0.18770185820430635
0.18759448614718027
0.18748684410371902
0.18737921810261318
0.1872713847953601
0.1871631683198743
0.1870547564226404
0.1869459383392045
0.18683661245856636
0.1867269946161322
0.1866172435178196
0.18650735661485138
0.1863972737526487
0.18628678613063093
0.1861756281768771
0.18606427233752035
0.18595278708640403
0.18584096975713005
0.18572902894579066
0.1856168775254893
0.18550413574920366
0.18539085899132338
0.18527749928275838
0.18516411080052128
0.1850502463708517
0.1849361507477599
0.18482184148173786
0.1847069828674873
0.18459154786873178
0.18447613879858957
0.1843606636170948
0.18424498382594717
0.18412865740700826
0.18401174449817906
0.18389470339683756
0.18377770768984697
0.1836602022041356
0.18354245227606192
0.18342455356603268
0.18330591829615966
0.18318686971180548
0.1830678868496416
0.1829488252619111
0.18282933990540018
0.18270926383003228
0.18258869039786668
0.1824682447705582
0.1823475108750641
0.18222627872394717
0.18210471759105473
0.1819832375641224
0.1818608569634593
0.18173829279920953
0.18161558392092106
0.1814927614773751
0.18136931330640213
0.18124566874281295
0.1811214715730339
0.18099740955203655
0.18087265849467704
0.18074764413633157
0.1806226416845415
0.180497174450541
0.18037107808148592
0.1802447728221229
0.1801183193323746
0.17999178382101794
0.17986470385607078
0.17973699686447328
0.17960921271362523
0.17948117467137661
0.17935276211833642
0.1792241723877522
0.17909526032844514
0.178965802211912
0.17883589335053424
0.1787058861653305
0.17857595173479923
0.17844557678074033
0.17831413533088067
0.1781825953682955
0.17805125506497413
0.1779197654195092
0.1777875441389476
0.17765435245930147
0.17752152000119825
0.17738861745262086
0.17725523261127712
0.17712123309854894
0.17698675894821764
0.176852434772962
0.17671773364716137
0.17658258162869714
0.17644706171109822
0.17631117502297
0.1761750702318024
0.17603867746524238
0.17590195296364675
0.17576484724318864
0.17562736267275791
0.17548963427624123
0.17535153904067727
0.17521309118867068
0.17507442019760955
0.17493529850087874
0.17479591028932437
0.17465622770505596
0.17451605656114108
0.17437586667260815
0.1742350756747973
0.1740940047383497
0.17395255252947653
0.17381089706605057
0.17366914663032917
0.173526593955857
0.1733838357456373
0.17324068057817435
0.17309760959731088
0.17295391081816486
0.17280969102354424
0.17266520730423116
0.1725207861553514
0.172375795866135
0.172230341594098
0.1720844912192762
0.17193864312895457
0.17179227234186523
0.17164566850828122
0.1714984743849489
0.1713512116680587
0.17120336472221742
0.1710554117949619
0.17090716484532714
0.1707585383831795
0.17060916969489362
0.17045973148162744
0.17031029769404615
0.17016035582670724
0.17000964372099436
0.16985876468696265
0.16970796374179672
0.16955676555661367
0.16940476894743356
0.1692524791967744
0.16910026557227983
0.16894773111250386
0.16879450480291552
0.16864086908781772
0.16848710723130614
0.1683331390198252
0.16817879918757622
0.16802387725293536
0.16786861780233775
0.1677131498678984
0.16755754175907828
0.16740133595423257
0.1672447456284583
0.16708786444522125
0.16693084095619645
0.16677332874480208
0.1666154521031569
0.16645717112797764
0.16629873276941323
0.1661396683336625
0.16598051116391926
0.16582092102841278
0.16566110886043348
0.16550062972680893
0.16534009891129475
0.16517916155499163
0.16501811122826096
0.16485629882139252
0.16469415424112804
0.16453189019522338
0.16436944037714357
0.16420651012172277
0.1640428060972743
0.16387900513445242
0.16371526058537508
0.16355103600176063
0.1633858976138765
0.16322059001847974
0.1630556919695059
0.16288988006927996
0.16272340524259005
0.16255681867537894
0.1623904969678228
0.1622230925299663
0.1620552477396827
0.1618874929389586
0.16171954890729465
0.16155090529336122
0.16138185282383438
0.16121260526466472
0.16104303310334328
0.16087287138007772
0.1607029054027754
0.1605323246689542
0.16036093371496657
0.16018952336383546
0.16001830482320156
0.15984637707823499
0.1596733742346065
0.15950075056777152
0.15932789645525355
0.15915437067838925
0.1589804423222698
0.15880645422304351
0.15863190256012477
0.15845710348516245
0.15828209902217485
0.15810609803758383
0.15793046404036518
0.15775450897735765
0.15757757312144605
0.15740038190687283
0.15722346876808593
0.15704583665064745
0.15686752001046614
0.15668958814939213
0.1565107136756922
0.1563314031756822
0.15615230930464
0.1559727190758552
0.15579219510427458
0.15561187858007006
0.15543168578444236
0.15525002488909176
0.1550682951962633
0.15488658976464442
0.1547047635066588
0.15452222230916057
0.1543388976347727
0.15415568439977187
0.15397206041923645
0.15378831556366906
0.15360428188015388
0.15341925832773534
0.1532337578179436
0.15304873798173374
0.15286357621180544
0.1526771646104159
0.15249034510879864
0.1523038609018631
0.1521165087000649
0.15192912100954567
0.1517415796385433
0.15155303519653088
0.15136433163175123
0.1511755440113227
0.15098646909966887
0.15079652692927464
0.1506065906535953
0.15041659653406053
0.15022567879408014
0.15003457440682183
0.14984354714863013
0.1496514029656635
0.14945929780135261
0.1492674730036793
0.14907413010330473
0.14888085860629177
0.1486877100980482
0.14849356487084603
0.148299366129731
0.1481050775684448
0.14791003276702405
0.14771437055024453
0.14751916488663103
0.1473230329848744
0.14712644619955328
0.14693009010548636
0.14673281047425069
0.1465353084940517
0.14633775416579012
0.14613947460217372
0.14594086793533353
0.14574205245045305
0.14554293068775945
0.14534317570226576
0.14514337903448965
0.14494315039435646
0.14474213355208376
0.14454141818338254
0.1443402442842987
0.1441381770704575
0.14393622435965403
0.1437337444657965
0.14353090851393507
0.14332823582992718
0.1431242906247449
0.14292022732534768
0.1427163882130116
0.1425119151006981
0.14230695346910494
0.14210146841064522
0.14189571568027018
0.1416895301226153
0.1414837684424753
0.14127700821512432
0.14106929523794215
0.14086243333737786
0.14065386643335193
0.1404461819644386
0.1402382414434865
0.1400283958785687
0.13981976026303336
0.13960962707029917
0.13939964103731292
0.13919014105336613
0.13897867091898988
0.138767990802597
0.13855659602274406
0.1383442698952124
0.13813261629867477
0.1379199252619494
0.13770719855915725
0.1374941533921948
0.1372801403360096
0.13706628920641725
0.1368518319099443
0.13663724112068626
0.13642233955528799
0.13620692322204714
0.13599095914638526
0.13577455384553513
0.1355584679348801
0.13534137167732882
0.13512450240021606
0.1349064224542489
0.13468843652296575
0.13447061897178791
0.1342513872115451
0.13403258815762076
0.1338127679535039
0.13359298986654045
0.13337360802738815
0.13315263620355833
0.13293177542107423
0.13271003537303686
0.13248839968843262
0.132266937385086
0.13204442697649418
0.1318218087815109
0.13159827899901672
0.1313745472039505
0.13115121822951736
0.13092690550987932
0.1307026194801078
0.13047711037075158
0.13025185901123698
0.13002624147907688
0.12980019407528534
0.12957391477456057
0.12934680380904193
0.1291194662349572
0.12889201862241303
0.12866438334016933
0.12843602877499294
0.1282073998811765
0.12797798654637968
0.12774890572206635
0.12751855713606822
0.12728905784674335
0.12705786801789196
0.12682743623797432
0.12659589995963563
0.1263644282739375
0.12613237053702828
0.12589973414320102
0.12566674579502413
0.1254337411483604
0.12520040398494414
0.12496689153098349
0.12473224338367665
0.12449709663300845
0.12426191577238226
0.12402637366764029
0.1237911411086818
0.1235548250460756
0.12331856545538158
0.12308057369974942
0.12284354958341481
0.12260542986809793
0.12236792630061552
0.12212926235814153
0.12189025262247627
0.12165070070424984
0.12141087405082603
0.12117102619377737
0.12093062274837742
0.12068975210851758
0.12044844935663153
0.12020652603989805
0.11996487881172986
0.11972219291884409
0.11947986932038379
0.11923591729743493
0.11899280903302763
0.11874794579407168
0.11850435791295985
0.11825892795723153
0.11801448805578134
0.11776800352305476
0.11752243918704108
0.11727536588665836
0.1170291013522433
0.11678136497898571
0.11653430369709931
0.11628584162820282
0.11603758759648253
0.115788438133846
0.11553946163951712
0.11528951016542344
0.11503970238137913
0.11478897233278385
0.1145382364044265
0.1142867673983481
0.11403530283083661
0.11378292299241984
0.11353079703427042
0.11327736065880006
0.11302442532954537
0.11276999420996581
0.11251650577602328
0.11226121718077108
0.11200710647115264
0.1117506798867845
0.11149584675940867
0.1112383359494484
0.11098248652590903
0.1107244880305732
0.11046788033996621
0.11020921802799515
0.109951295081558
0.10969210288885879
0.10943247534804751
0.10917272557820659
0.1089123306328787
0.10865218305628485
0.10839123393860439
0.10813022206252347
0.10786796586330508
0.10760561234209737
0.10734257827753983
0.10707938458754165
0.10681574903114238
0.10655199548565389
0.10628770003648559
0.1060223453633341
0.10575743365607598
0.10549095033690542
0.10522516077204229
0.10495802884231514
0.10469131065903434
0.10442376229273308
0.10415561204334879
0.10388735574228869
0.10361813447682759
0.10334846288767642
0.10307909507135134
0.1028081339276743
0.10253814499674575
0.10226630055796727
0.1019952530606322
0.10172303926821259
0.10145021047412535
0.10117756143320987
0.10090302769880681
0.10062984831078939
0.10035489717354756
0.10008060135820195
0.0998053401665278
0.09952903141047023
0.09925288907735043
0.0989757255326029
0.0986983521805865
0.0984212204288548
0.09814277189584258
0.09786451340872196
0.09758510459586324
0.09730526766399826
0.09702567679141669
0.09674455561565837
0.09646372596958185
0.09618204903216238
0.09590044422215076
0.09561761915783791
0.0953347045701512
0.09505123065817578
0.09476679776052924
0.0944830892054097
0.09419773378048281
0.09391268562620328
0.09362673127424963
0.09333968517044673
0.09305287306402128
0.09276525236427045
0.09247745435466215
0.09218893498575044
0.0919002473719834
0.09161052531678407
0.09132069609921568
0.09102971419241515
0.0907386376254555
0.09044750267559756
0.09015478132902291
0.08986310935033615
0.0895696183256111
0.08927587271718958
0.08898241499137023
0.08868651021767765
0.08839249314593782
0.08809631945252583
0.08779909941061358
0.08750446124371422
0.08720562885645097
0.08690761798194203
0.08661025848600086
0.08630975779559864
0.08601131594979733
0.08571165017591774
0.08540982263824871
0.08511008195295171
0.08480844004893186
0.0845050225509059
0.0842029842670577
0.08389947280983608
0.08359443513560953
0.08329065478069882
0.08298626435002009
0.08267993914713648
0.08237413350213253
0.08206780489200895
0.08175977062723395
0.08145163443934289
0.08114296034797983
0.08083351489987792
0.08052380011747799
0.08021321138517963
0.07990285416917321
0.07959162345488746
0.07927893688330886
0.07896691110872632
0.07865319628067441
0.07833852019728697
0.078024528214323
0.07770878332457305
0.07739267473876475
0.0770766988052506
0.07675927989398458
0.07644153868925911
0.0761239353574686
0.07580474564227806
0.07548435661306847
0.07516449431990671
0.07484360137711116
0.07452116062754505
0.07419919602267867
0.07387622454400365
0.07355191313420338
0.073228161098574
0.07290330061841821
0.07257735440882468
0.07225074026504773
0.0719240070323897
0.07159644926618772
0.07126731417700304
0.0709377327467026
0.07060824011240359
0.07027681470370191
0.06994535249140803
0.06961324214432049
0.06928062884451837
0.06894625848080556
0.06861193304717801
0.068276862352742
0.06794022797487985
0.0676037959868538
0.06726610101680808
0.06692701175429178
0.06658712984175225
0.06624827166940223
0.06590716447411307
0.06556425823436814
0.06522156265329265
0.06487945926344106
0.064535114546171
0.0641887393322354
0.06384231714532278
0.06349640784007744
0.06314859556220902
0.062798998283587
0.062448465281242906
0.06209881872360636
0.061747545433822694
0.06139435214266236
0.06104013081011038
0.06068645189833349
0.06033177642415441
0.05997429473064858
0.05961580886076185
0.05925770686645775
0.05889911832881913
0.05853780624104932
0.058175200734439055
0.05781232954135962
0.05744888986841637
0.057083844545011635
0.05671677825148861
0.056349022502346455
0.055980972006432726
0.05561108555825214
0.05523986414599102
0.05486672453371446
0.054493019565710135
0.05411846378062827
0.05374209021172265
0.05336438756628736
0.052984793731330485
0.052605021479700455
0.05222317592360844
0.05183993504229504
0.051454585200344204
0.05106842467774413
0.050681360684136326
0.05029210946556736
0.04990086380902702
0.049507822170363376
0.049113651641403695
0.04871826004946864
0.04832068243481585
0.047921168689475435
0.04751997294741546
0.04711701974942831
0.046712323100533415
0.04630531685041509
0.04589645612900817
0.04548574909839455
0.045073042868388494
0.04465779067767408
0.04424042633814324
0.043820923770434735
0.043399091452311724
0.042974959962789425
0.042548170283197816
0.042118870854629176
0.041687004169980675
0.04125260128963555
0.04081548658237785
0.04037540761474273
0.03993257651744131
0.03948660521613734
0.03903748994693432
0.03858505416504876
0.03812909835548733
0.037669773916380496
0.03720691733071152
0.03674036866369245
0.03627001911248237
0.03579541107954911
0.03531663766680209
0.034833536354141
0.0343459699739168
0.03385377447969024
0.033356521123355375
0.032854037442184056
0.032346252490819564
0.03183288705666005
0.03131382599942353
0.030788872141994657
0.03025746825755238
0.029719252133826497
0.029174051337672077
0.028621475538014755
0.028060897331633396
0.027491718459605914
0.026913439382982362
0.026325579530818873
0.02572749647689925
0.02511835006294347
0.024497365687507888
0.023863665227832773
0.023216106512722892
0.02255331670031461
0.021874077237816557
0.021177277412198037
0.02046117376398021
0.019723514989282126
0.01896181924244894
0.018172984220471446
0.017353097476803962
0.016497653159109307
0.015600656068920632
0.014654465189852528
0.013648550259148831
0.012568333304811406
0.011392672532627157
0.01008835781267479
0.008598069235908837
0.006802162645382309
0.0043323300314439105
0.0
0.0
0.0
0.0
0.0
0.0
0.0
0.0
0.0
0.0
0.0
0.0
0.0
0.0
0.0
0.0
0.0
0.0
0.0
0.0
0.0
0.0
0.0
0.0
0.0
0.0
0.0
0.0
0.0
0.0
0.0
0.0
0.0
0.0
0.0
0.0
0.0
0.0
0.0
0.0
0.0
0.0
0.0
0.0
0.0
0.0
0.0
0.0
0.0
0.0
0.0
0.0
0.0
0.0
0.0
0.0
0.0
0.0
0.0
0.0
0.0
0.0
0.0
0.0
0.0
0.0
0.0
0.0
0.0
0.0
0.0
0.0
0.0
0.0
0.0
0.0
0.0
0.0
0.0
0.0
0.0
0.0
0.0
0.0
0.0
0.0
0.0
0.0
0.0
0.0
0.0
0.0
0.0
0.0
0.0
0.0
0.0
0.0
0.0
0.0
0.0
0.0
0.0
0.0
0.0
0.0
0.0
0.0
0.0
0.0
0.0
0.0
0.0
0.0
0.0
0.0
0.0
0.0
0.0
0.0
0.0
0.0
0.0
0.0
0.0
0.0
0.0
0.0
0.0
0.0
0.0
0.0
0.0
0.0
0.0
0.0
0.0
0.0
0.0
0.0
0.0
0.0
0.0
0.0
0.0
0.0
0.0
0.0
0.0
0.0
0.0
0.0
0.0
0.0
0.0
0.0
0.0
0.0
0.0
0.0
0.0
0.0
0.0
0.0
0.0
0.0
0.0
0.0
0.0
0.0
0.0
0.0
0.0
0.0
0.0
0.0
0.0
0.0
0.0
0.0
0.0
0.0
0.0
0.0
0.0
0.0
0.0
0.0
0.0
0.0
0.0
0.0
0.0
0.0
0.0
0.0
0.0
0.0
0.0
0.0
0.0
0.0
0.0
0.0
0.0
0.0
0.0
0.0
0.0
0.0
0.0
0.0
0.0
0.0
0.0
0.0
0.0
0.0
0.0
0.0
0.0
0.0
0.0
0.0
0.0
0.0
0.0
0.0
0.0
0.0
0.0
0.0
0.0
0.0
0.0
0.0
0.0
0.0
0.0
0.0
0.0
0.0
0.0
0.0
0.0
0.0
0.0
0.0
0.0
0.0
0.0
0.0
0.0
0.0
0.0
0.0
0.0
0.0
0.0
0.0
0.0
0.0
0.0
0.0
0.0
0.0
0.0
0.0
0.0
0.0
0.0
0.0
0.0
0.0
0.0
0.0
0.0
0.0
0.0
0.0
0.0
0.0
0.0
0.0
0.0
0.0
0.0
0.0
0.0
0.0
0.0
0.0
0.0
0.0
0.0
0.0
0.0
0.0
0.0
0.0
0.0
0.0
0.0
0.0
0.0
0.0
0.0
0.0
0.0
0.0
0.0
0.0
0.0
0.0
0.0
0.0
0.0
0.0
0.0
0.0
0.0
0.0
0.0
0.0
0.0
0.0
0.0
0.0
0.0
0.0
0.0
0.0
0.0
0.0
0.0
0.0
0.0
0.0
0.0
0.0
0.0
0.0
0.0
0.0
0.0
0.0
0.0
0.0
0.0
0.0
0.0
0.0
0.0
0.0
0.0
0.0
0.0
0.0
0.0
0.0
0.0
0.0
0.0
0.0
0.0
0.0
0.0
0.0
0.0
0.0
0.0
0.0
0.0
0.0
0.0
0.0
0.0
0.0
0.0
0.0
0.0
0.0
0.0
0.0
0.0
0.0
0.0
0.0
0.0
0.0
0.0
0.0
0.0
0.0
0.0
0.0
0.0
0.0
0.0
0.0
0.0
0.0
0.0
0.0
0.0
0.0
0.0
0.0
0.0
0.0
0.0
0.0
0.0
0.0
0.0
0.0
0.0
0.0
0.0
0.0
0.0
0.0
0.0
0.0
0.0
0.0
0.0
0.0
0.0
0.0
0.0
0.0
0.0
0.0
0.0
0.0
0.0
0.0
0.0
0.0
0.0
0.0
0.0
0.0
0.0
0.0
0.0
0.0
0.0
0.0
0.0
0.0
0.0
0.0
0.0
0.0
0.0
0.0
0.0
0.0
0.0
0.0
0.0
0.0
0.0
0.0
0.0
0.0
0.0
0.0
0.0
0.0
0.0
0.0
0.0
0.0
0.0
0.0
0.0
0.0
0.0
0.0
0.0
0.0
0.0
0.0
0.0
0.0
0.0
0.0
0.0
0.0
0.0
0.0
0.0
0.0
0.0
0.0
0.0
0.0
0.0
0.0
0.0
0.0
0.0
0.0
0.0
0.0
0.0
0.0
0.0
0.0
0.0
0.0
0.0
0.0
0.0
0.0
0.0
0.0
0.0
0.0
0.0
0.0
0.0
0.0
0.0
0.0
0.0
0.0
0.0
0.0
0.0
0.0
0.0
0.0
0.0
0.0
0.0
0.0
0.0
0.0
0.0
0.0
0.0
0.0
0.0
0.0
0.0
0.0
0.0
0.0
0.0
0.0
0.0
0.0
0.0
0.0
0.0
0.0
0.0
0.0
0.0
0.0
0.0
0.0
0.0
0.0
0.0
0.0
0.0
0.0
0.0
0.0
0.0
0.0
0.0
0.0
0.0
0.0
0.0
0.0
0.0
0.0
0.0
0.0
0.0
0.0
0.0
0.0
0.0
0.0
0.0
0.0
0.0
0.0
0.0
0.0
0.0
0.0
0.0
0.0
0.0
0.0
0.0
0.0
0.0
0.0
0.0
0.0
0.0
0.0
0.0
0.0
0.0
0.0
0.0
0.0
0.0
0.0
0.0
0.0
0.0
0.0
0.0
0.0
0.0
0.0
0.0
0.0
0.0
0.0
0.0
0.0
0.0
0.0
0.0
0.0
0.0
0.0
0.0
0.0
0.0
0.0
0.0
0.0
0.0
0.0
0.0
0.0
0.0
0.0
0.0
0.0
0.0
0.0
0.0
0.0
0.0
0.0
0.0
0.0
0.0
0.0
0.0
0.0
0.0
0.0
0.0
0.0
0.0
0.0
0.0
0.0
0.0
0.0
0.0
0.0
0.0
0.0
0.0
0.0
0.0
0.0
0.0
0.0
0.0
0.0
0.0
0.0
0.0
0.0
0.0
0.0
0.0
0.0
0.0
0.0
0.0
0.0
0.0
0.0
0.0
0.0
0.0
0.0
0.0
0.0
0.0
0.0
0.0
0.0
0.0
0.0
0.0
0.0
0.0
0.0
0.0
0.0
0.0
0.0
0.0
0.0
0.0
0.0
0.0
0.0
0.0
0.0
0.0
0.0
0.0
0.0
0.0
0.0
0.0
0.0
0.0
0.0
0.0
0.0
0.0
0.0
0.0
0.0
0.0
0.0
0.0
0.0
0.0
0.0
0.0
0.0
0.0
0.0
0.0
0.0
0.0
0.0
0.0
0.0
0.0
0.0
0.0
0.0
0.0
0.0
0.0
0.0
0.0
0.0
0.0
0.0
0.0
0.0
0.0
0.0
0.0
0.0
0.0
0.0
0.0
0.0
0.0
0.0
0.0
0.0
0.0
0.0
0.0
0.0
0.0
0.0
0.0
0.0
0.0
0.0
0.0
0.0
0.0
0.0
0.0
0.0
0.0
0.0
0.0
0.0
0.0
0.0
0.0
0.0
0.0
0.0
0.0
0.0
0.0
0.0
0.0
0.0
0.0
0.0
0.0
0.0
0.0
0.0
0.0
0.0
0.0
0.0
0.0
0.0
0.0
0.0
0.0
0.0
0.0
0.0
0.0
0.0
0.0
0.0
0.0
0.0
0.0
0.0
0.0
0.0
0.0
0.0
0.0
0.0
0.0
0.0
0.0
0.0
0.0
0.0
0.0
0.0
0.0
0.0
0.0
0.0
0.0
0.0
0.0
0.0
0.0
0.0
0.0
0.0
0.0
0.0
0.0
0.0
0.0
0.0
0.0
0.0
0.0
0.0
0.0
0.0
0.0
0.0
0.0
0.0
0.0
0.0
0.0
0.0
0.0
0.0
0.0
0.0
0.0
0.0
0.0
0.0
0.0
0.0
0.0
0.0
0.0
0.0
0.0
0.0
0.0
0.0
0.0
0.0
0.0
0.0
0.0
0.0
0.0
0.0
0.0
0.0
0.0
0.0
0.0
0.0
0.0
0.0
0.0
0.0
0.0
0.0
0.0
0.0
0.0
0.0
0.0
0.0
0.0
0.0
0.0
0.0
0.0
0.0
0.0
0.0
0.0
0.0
0.0
0.0
0.0
0.0
0.0
0.0
0.0
0.0
0.0
0.0
0.0
0.0
0.0
0.0
0.0
0.0
0.0
0.0
0.0
0.0
0.0
0.0
0.0
0.0
0.0
0.0
0.0
0.0
0.0
0.0
0.0
0.0
0.0
0.0
0.0
0.0
0.0
0.0
0.0
0.0
0.0
0.0
0.0
0.0
0.0
0.0
0.0
0.0
0.0
0.0
0.0
0.0
0.0
0.0
0.0
0.0
0.0
0.0
0.0
0.0
0.0
0.0
0.0
0.0
0.0
0.0
0.0
0.0
0.0
0.0
0.0
0.0
0.0
0.0
0.0
0.0
0.0
0.0
0.0
0.0
0.0
0.0
0.0
0.0
0.0
0.0
0.0
0.0
0.0
0.0
0.0
0.0
0.0
0.0
0.0
0.0
0.0
0.0
0.0
0.0
0.0
0.0
0.0
0.0
0.0
0.0
0.0
0.0
0.0
0.0
0.0
0.0
0.0
0.0
0.0
0.0
0.0
0.0
0.0
0.0
0.0
0.0
0.0
0.0
0.0
0.0
0.0
0.0
0.0
0.0
0.0
0.0
0.0
0.0
0.0
0.0
0.0
0.0
0.0
0.0
0.0
0.0
0.0
0.0
0.0
0.0
0.0
0.0
0.0
0.0
0.0
0.0
0.0
0.0
0.0
0.0
0.0
0.0
0.0
0.0
0.0
0.0
0.0
0.0
0.0
0.0
0.0
0.0
0.0
0.0
0.0
0.0
0.0
0.0
0.0
0.0
0.0
0.0
0.0
0.0
0.0
0.0
0.0
0.0
0.0
0.0
0.0
0.0
0.0
0.0
0.0
0.0
0.0
0.0
0.0
0.0
0.0
0.0
0.0
0.0
0.0
0.0
0.0
0.0
0.0
0.0
0.0
0.0
0.0
0.0
0.0
0.0
0.0
0.0
0.0
0.0
0.0
0.0
0.0
0.0
0.0
0.0
0.0
0.0
0.0
0.0
0.0
0.0
0.0
0.0
0.0
0.0
0.0
0.0
0.0
0.0
0.0
0.0
0.0
0.0
0.0
0.0
0.0
0.0
0.0
0.0
0.0
0.0
0.0
0.0
0.0
0.0
0.0
0.0
0.0
0.0
0.0
0.0
0.0
0.0
0.0
0.0
0.0
0.0
0.0
0.0
0.0
0.0
0.0
0.0
0.0
0.0
0.0
0.0
0.0
0.0
0.0
0.0
0.0
0.0
0.0
0.0
0.0
0.0
0.0
0.0
0.0
0.0
0.0
0.0
0.0
0.0
0.0
0.0
0.0
0.0
0.0
0.0
0.0
0.0
0.0
0.0
0.0
0.0
0.0
0.0
0.0
0.0
0.0
0.0
0.0
0.0
0.0
0.0
0.0
0.0
0.0
0.0
0.0
0.0
0.0
0.0
0.0
0.0
0.0
0.0
0.0
0.0
0.0
0.0
0.0
0.0
0.0
0.0
0.0
0.0
0.0
0.0
0.0
0.0
0.0
0.0
0.0
0.0
0.0
0.0
0.0
0.0
0.0
0.0
0.0
0.0
0.0
0.0
0.0
0.0
0.0
0.0
0.0
0.0
0.0
0.0
0.0
0.0
0.0
0.0
0.0
0.0
0.0
0.0
0.0
0.0
0.0
0.0
0.0
0.0
0.0
0.0
0.0
0.0
0.0
0.0
0.0
0.0
0.0
0.0
0.0
0.0
0.0
0.0
0.0
0.0
0.0
0.0
0.0
0.0
0.0
0.0
0.0
0.0
0.0
0.0
0.0
0.0
0.0
0.0
0.0
0.0
0.0
0.0
0.0
0.0
0.0
0.0
0.0
0.0
0.0
0.0
0.0
0.0
0.0
0.0
0.0
0.0
0.0
0.0
0.0
0.0
0.0
0.0
0.0
0.0
0.0
0.0
0.0
0.0
0.0
0.0
0.0
0.0
0.0
0.0
0.0
0.0
0.0
0.0
0.0
0.0
0.0
0.0
0.0
0.0
0.0
0.0
0.0
0.0
