0.0013764409875342439
0.0013774718838613722
0.0013783418870318928
0.001379133109614672
0.0013798725973094986
0.0013805741334314374
0.0013812461090191577
0.001381894071779456
0.0013825219227270819
0.0013831326259665308
0.0013837284294998182
0.0013843111013338543
0.0013848821254908706
0.0013854426599580287
0.0013859937028746043
0.0013865361250319488
0.0013870706217677447
0.0013875978471527095
0.0013881183361145267
0.0013886325770968012
0.00138914098439652
0.0013896439661599343
0.001390141842739643
0.0013906349331903834
0.0013911235065952187
0.0013916078286986696
0.0013920881233690384
0.001392564603564652
0.0013930374674523615
0.0013935068900716645
0.0013939730419107856
0.0013944360709599334
0.0013948961233906144
0.001395353334149858
0.0013958078201089374
0.001396259703754838
0.0013967090884590323
0.0013971560783196002
0.0013976007682175628
0.001398043253919216
0.0013984836110247714
0.0013989219245011128
0.0013993582691881894
0.001399792715773261
0.0014002253389863348
0.0014006561927568271
0.0014010853442872936
0.001401512853392984
0.001401938773593412
0.0014023631556941418
0.0014027860548887939
0.0014032075149662756
0.0014036275823622213
0.0014040463027987632
0.0014044637192898986
0.0014048798699268683
0.001405294795199233
0.0014057085305913344
0.001406121114098482
0.0014065325762875928
0.0014069429544475822
0.001407352278533101
0.0014077605785344912
0.0014081678852883495
0.001408574224778611
0.0014089796263589598
0.001409384115556036
0.0014097877181285295
0.001410190458306187
0.0014105923605641233
0.0014109934458818255
0.0014113937406003711
0.0014117932628375295
0.001412192033615361
0.0014125900741956009
0.0014129874028682185
0.0014133840399589825
0.0014137800029481154
0.001414175317535047
0.0014145699936312693
0.0014149640471334268
0.0014153574966865243
0.0014157503544418287
0.0014161426383372726
0.0014165343616439547
0.001416925540957967
0.0014173161882173849
0.0014177063178983172
0.0014180959445446455
0.001418485079148841
0.0014188737350245627
0.0014192619257334192
0.0014196496612438026
0.0014200369546653233
0.0014204238170782714
0.0014208102590688497
0.0014211962920679681
0.001421581926934336
0.001421967172861748
0.0014223520404192385
0.0014227365397094635
0.001423120680321323
0.0014235044696863028
0.0014238879206970212
0.001424271038147376
0.0014246538340624549
0.0014250363153103358
0.0014254184896692428
0.0014258003660157427
0.0014261819523688293
0.0014265632563920292
0.001426944285288311
0.0014273250464999433
0.0014277055480784605
0.0014280857961814404
0.0014284657981822229
0.0014288455549360127
0.00142922508015007
0.0014296043772794322
0.001429983455544528
0.0014303623196774882
0.0014307409759848461
0.0014311194304209628
0.001431497688546486
0.00143187575668606
0.0014322536401931794
0.0014326313443445684
0.0014330088743950637
0.0014333862362132094
0.0014337634341094975
0.0014341404737820834
0.001434517359814653
0.0014348940965703114
0.0014352706903809503
0.0014356471443161588
0.0014360234634584186
0.00143639965253974
0.0014367757154197412
0.001437151656681533
0.0014375274804030369
0.001437903190757075
0.001438278791908455
0.0014386542878721752
0.0014390296817514945
0.0014394049787247382
0.001439780183505024
0.0014401552982364935
0.0014405303265479681
0.0014409052713778361
0.0014412801367691371
0.0014416549405446102
0.0014420296743453869
0.001442404338432137
0.0014427789358962312
0.0014431534701721891
0.0014435279439873746
0.00144390236006409
0.0014442767221104981
0.001444651032782432
0.001445025302598029
0.0014453995410852322
0.0014457737353795496
0.001446147889126132
0.0014465220050284713
0.0014468960859249115
0.0014472701335922931
0.0014476441517795378
0.0014480181413886752
0.0014483921057258482
0.0014487660473565726
0.0014491399674915232
0.0014495138693075328
0.0014498877546044108
0.0014502616256863775
0.001450635484498099
0.0014510093334521084
0.0014513831736058232
0.0014517570080201975
0.0014521308380813476
0.0014525046657426928
0.0014528784932358748
0.001453252321678629
0.0014536261533791386
0.0014539999900064452
0.0014543738328969193
0.0014547476840135719
0.0014551215451857609
0.001455495417802872
0.0014558693031608246
0.0014562432032052854
0.001456617119019285
0.0014569910526325742
0.001457365004838139
0.001457738977299081
0.0014581129715044493
0.0014584869883921946
0.0014588610296673232
0.0014592350965507293
0.0014596091898664634
0.001459983311425552
0.0014603574617544767
0.0014607316426984286
0.0014611058546667981
0.0014614800992032704
0.0014618543769392314
0.0014622286895986734
0.0014626030375329516
0.001462977421809762
0.0014633518436966769
0.0014637263037722466
0.0014641008031706397
0.0014644753425022443
0.0014648499227466678
0.00146522454491984
0.001465599209594494
0.0014659739177193569
0.0014663486698192644
0.0014667234665987762
0.0014670983089550473
0.0014674731971307017
0.0014678481321595905
0.001468223114514776
0.0014685981447576106
0.0014689732233680042
0.0014693483509371954
0.0014697235282207855
0.001470098755404908
0.0014704740330921326
0.0014708493617554724
0.0014712247417263597
0.0014716001735906063
0.0014719756576795976
0.0014723511942024315
0.0014727267836093989
0.0014731024260998375
0.0014734781223584978
0.001473853872168267
0.0014742296761312802
0.0014746055342377427
0.0014749813918743834
0.0014753573022148459
0.0014757332670801726
0.001476109286906763
0.0014764853615521123
0.001476861491378555
0.0014772376762218413
0.0014776139165594679
0.001477990211991267
0.001478366562917498
0.0014787429690510429
0.001479119430756502
0.0014794959477277335
0.0014798725193332313
0.0014802491457426355
0.001480625827360024
0.0014810025640064925
0.0014813793555073197
0.0014817562019880447
0.0014821331032159183
0.0014825100589684465
0.0014828870689730564
0.0014832641332679106
0.0014836412514592063
0.001484018423399065
0.001484395648640395
0.001484772927150651
0.0014851502584999215
0.0014855276425783724
0.0014859050787401037
0.0014862825669188628
0.0014866601066061537
0.0014870376949635592
0.001487415325812544
0.0014877930070576874
0.001488170738213435
0.001488548518887301
0.0014889263485497071
0.0014893042267675237
0.0014896821531959045
0.0014900601269813678
0.0014904381479028882
0.001490816215322579
0.0014911943286593143
0.0014915724873955955
0.0014919506908942066
0.001492328938559035
0.0014927072298469022
0.0014930855641098438
0.001493463940481676
0.0014938423585400843
0.0014942208175426402
0.0014945993091653406
0.0014949778237850133
0.001495356377030798
0.0014957349682344684
0.001496113596557126
0.0014964922614159398
0.001496870961745177
0.0014972496969186677
0.0014976284661331765
0.001498007268400628
0.001498386102898742
0.001498764968867214
0.0014991438653253854
0.001499522791402875
0.0014999017462078608
0.0015002807287138372
0.0015006597381249267
0.0015010387733362743
0.001501417833476393
0.0015017969174908206
0.0015021760243426087
0.0015025551530059179
0.0015029343025146802
0.001503313471811283
0.001503692659762909
0.0015040718653488697
0.0015044510874671934
0.0015048303249018094
0.0015052095766756573
0.0015055888414885284
0.001505968118331839
0.001506347405883458
0.0015067267196283637
0.001507106044881951
0.0015074853774178266
0.0015078647159839278
0.0015082440593026456
0.001508623406131425
0.0015090027551404042
0.0015093821051189523
0.001509761454744295
0.0015101408025825385
0.0015105201473795404
0.0015108994878779473
0.0015112788224867994
0.001511658150014957
0.0015120374689424263
0.0015124167779580193
0.0015127960754678764
0.0015131753490202965
0.0015135546081512445
0.0015139338515457134
0.0015143130776179641
0.0015146922848976116
0.001515071471817642
0.0015154506369733725
0.0015158297786526866
0.0015162088953341374
0.001516587985514987
0.0015169670475306616
0.0015173460797938887
0.0015177250806122082
0.0015181040530556852
0.0015184829916092889
0.0015188618938019628
0.0015192407581104707
0.0015196195826061025
0.001519998365702382
0.0015203771367809926
0.0015207558688711139
0.0015211345544091127
0.0015215131916629513
0.0015218917787594422
0.0015222703139609925
0.0015226488068276985
0.0015230272762469875
0.0015234056884063144
0.0015237840413929778
0.0015241623333951194
0.0015245405624911433
0.001524918726660545
0.0015252968241269464
0.0015256748528169818
0.0015260528107699923
0.0015264306960963655
0.0015268085066738708
0.0015271862405702588
0.0015275638958082874
0.001527941470228235
0.0015283189618745638
0.001528696368572687
0.0015290736882704237
0.0015294509189141237
0.0015298280583425515
0.0015302051046101241
0.0015305820556517058
0.001530958909033905
0.0015313356625170677
0.0015317123139001803
0.0015320888609827751
0.0015324653015179144
0.001532841633200763
0.0015332178538252379
0.0015335939610554626
0.0015339699526171389
0.0015343458261464268
0.0015347215793302727
0.0015350972097900656
0.0015354727151878967
0.0015358480931232932
0.0015362233411816213
0.0015365984568714193
0.0015369734378163711
0.001537348281526577
0.0015377229854990537
0.0015380975473181446
0.0015384719643679239
0.0015388462341915895
0.001539220296570508
0.0015395941619471844
0.001539967871401156
0.0015403414229822538
0.0015407148140091447
0.0015410880418180901
0.001541461103778199
0.0015418339971824502
0.0015422067193997455
0.0015425792676196548
0.0015429516391689264
0.0015433238312751063
0.0015436958411502286
0.0015440676660083258
0.001544439303057991
0.0015448107494381515
0.0015451820022874432
0.0015455530587749487
0.0015459239159541622
0.0015462945592064224
0.0015466649904197474
0.0015470352135131436
0.0015474052254897451
0.0015477750233660941
0.00154814460412761
0.001548513964752244
0.0015488831021602083
0.0015492520133055915
0.0015496206951064854
0.0015499891393317092
0.0015503573127315284
0.0015507252472354975
0.0015510929396131477
0.0015514603866913018
0.0015518275852501454
0.0015521945320257763
0.0015525612237904313
0.001552927657194867
0.0015532938290045777
0.001553659735799767
0.001554025374310064
0.001554390741093418
0.0015547558327960694
0.0015551206459431582
0.0015554851771391516
0.0015558494228779735
0.0015562133796705035
0.0015565770440248402
0.0015569404123542067
0.0015573035085372805
0.0015576663058085108
0.0015580287963777755
0.0015583909766737104
0.0015587528429773995
0.0015591143916872357
0.0015594756190103426
0.0015598365212673379
0.001560197094623984
0.0015605573353436632
0.0015609172253117606
0.0015612767716017056
0.001561635973612436
0.0015619948275062785
0.001562353329340256
0.0015627114751609642
0.0015630692610103713
0.0015634266853941207
0.0015637837475843653
0.0015641404377009715
0.0015644967516837158
0.0015648526854281429
0.0015652082347462756
0.0015655633955127082
0.0015659181634541512
0.0015662725834844535
0.0015666266101637004
0.001566980231518033
0.0015673334432183162
0.0015676862188358006
0.001568038600093011
0.0015683906229791923
0.0015687422188478577
0.0015690933832289335
0.0015694441116532532
0.0015697944000129937
0.0015701442435624429
0.0015704936374389454
0.0015708425769921529
0.0015711910575406675
0.0015715390744010832
0.0015718866228314177
0.0015722336980695906
0.0015725802953136477
0.0015729264097373613
0.0015732720364479912
0.0015736171705353747
0.001573961807074355
0.0015743059410380687
0.0015746495674725585
0.0015749926812882742
0.0015753352773758024
0.0015756773506720252
0.0015760188959431799
0.0015763599080276416
0.0015767003799075292
0.001577040306895298
0.0015773796848524576
0.0015777185083877285
0.0015780567721159274
0.0015783944706110652
0.0015787315146501067
0.0015790679210164601
0.0015794037450685625
0.0015797389812408596
0.0015800736238499437
0.0015804076672115588
0.001580741105605923
0.001581073933223307
0.001581406144273266
0.001581737732870264
0.0015820686931026218
0.001582399018997072
0.0015827287045786145
0.0015830577283127772
0.0015833860883945653
0.0015837137897583978
0.001584040826219873
0.0015843671915320731
0.001584692879407685
0.0015850178471378343
0.001585342104087207
0.0015856656642147088
0.0015859885210474825
0.0015863106680408631
0.001586632098597385
0.001586952806077311
0.0015872727837603054
0.0015875920249123806
0.0015879105227243808
0.001588228270319211
0.001588545260802061
0.0015888614871691934
0.0015891769512232528
0.0015894916719566168
0.001589805607500978
0.0015901187506290042
0.0015904310940798021
0.0015907426305567804
0.0015910533526514471
0.0015913632386788537
0.0015916722853589664
0.0015919804950372662
0.0015922878601306323
0.0015925943742441813
0.0015929000383389923
0.0015932048345983104
0.0015935087551414606
0.0015938117920425013
0.001594113937281759
0.0015944151827278642
0.0015947155202517313
0.001595014941621985
0.0015953134661053016
0.0015956111081511391
0.0015959078094962835
0.0015962035613581542
0.0015964983145463788
0.0015967921236742656
0.0015970850420449765
0.001597376999279305
0.001597667963701209
0.0015979579263373234
0.0015982468781682547
0.0015985348100785472
0.0015988217128723255
0.0015991075772820147
0.001599392393946983
0.0015996761534253872
0.0015999588462021277
0.0016002404626752154
0.0016005209931613368
0.0016008004243259467
0.0016010787495579876
0.0016013559591935653
0.001601632043199739
0.0016019069914449018
0.0016021807937222773
0.0016024534397077637
0.0016027249190062672
0.0016029952211176525
0.001603264335441785
0.0016035322270381265
0.0016037987443941995
0.0016040640410149153
0.0016043281059028966
0.001604590927983571
0.0016048524960820985
0.0016051127988933752
0.0016053718250452478
0.001605629563050154
0.0016058860012850475
0.0016061411111217433
0.0016063948798959833
0.0016066473133624008
0.0016068983726670234
0.0016071480255531766
0.001607396306421631
0.0016076432029103703
0.0016078887025228886
0.0016081327926852507
0.001608375460650557
0.0016086166934714313
0.0016088564782556706
0.0016090948019458415
0.0016093316723761388
0.0016095670901467838
0.0016098010070258243
0.0016100334094205134
0.0016102642836149598
0.001610493587820592
0.0016107213330949213
0.0016109475136619994
0.0016111721185995524
0.0016113951247251216
0.0016116165175189847
0.0016118362829819104
0.0016120544063044505
0.001612270871899145
0.001612485664699846
0.0016126987694640297
0.0016129101708236956
0.0016131198969664949
0.0016133279423679004
0.0016135342376671037
0.0016137387641197512
0.0016139414284167372
0.0016141423731555267
0.0016143415862938642
0.0016145390014203347
0.0016147345685872336
0.0016149282708520344
0.0016151200911180721
0.0016153100080699074
0.0016154980075725046
0.0016156840727354392
0.0016158681857690344
0.0016160503287267244
0.001616230483459386
0.0016164086316548226
0.00161658475481442
0.0016167588342504292
0.0016169308511105407
0.0016171007863493856
0.001617268620737784
0.0016174343348166478
0.0016175979089554625
0.0016177592352057974
0.0016179182363150167
0.0016180750366909208
0.0016182296159080818
0.001618381953339742
0.001618532028061286
0.001618679819053983
0.0016188253051242318
0.0016189684255003929
0.001619109124483172
0.001619247432539491
0.0016193833480428572
0.0016195168486560882
0.0016196479117935102
0.0016197765146580545
0.0016199026342165134
0.0016200262536614342
0.0016201474047566164
0.0016202660022622446
0.0016203820178096698
0.0016204953988028874
0.0016206061719426501
0.0016207142942108721
0.001620819740466152
0.001620922485462239
0.001621022503722957
0.0016211197695041783
0.0016212142567881198
0.0016213059393086746
0.001621394790518492
0.0016214807836061002
0.0016215638914659483
0.001621644203404287
0.0016217215764212736
0.0016217959816958796
0.0016218673108018553
0.0016219356544908041
0.0016220009824458098
0.001622063361590934
0.0016221226293012482
0.0016221787558704087
0.001622231711270607
0.0016222814651830019
0.0016223279869668245
0.0016223712456621092
0.0016224112099847904
0.0016224478483368556
0.0016224811287809124
0.0016225110188890454
0.0016225374862055971
0.0016225604978077782
0.0016225800204066108
0.0016225960203741195
0.001622608463730621
0.0016226171495673319
0.0016226220993532255
0.0016226233876163888
0.001622620978934957
0.0016226148374985224
0.0016226049222440697
0.0016225910645808071
0.0016225733484392017
0.0016225517520711058
0.0016225262377614542
0.0016224967680953926
0.0016224633081243873
0.0016224258917000166
0.0016223843973706465
0.0016223387726345298
0.0016222889953417393
0.0016222350248942489
0.0016221768202773063
0.0016221143400346684
0.0016220475422673527
0.0016219763846380556
0.0016219008243673794
0.0016218208182034533
0.001621736322451292
0.001621647292949742
0.0016215537059855378
0.0016214556076001594
0.0016213528383315413
0.0016212453494023839
0.0016211329825072088
0.0016210158980382334
0.0016208939826879906
0.0016207673212280892
0.0016206357132338223
0.0016204991039234873
0.0016203574436658892
0.0016202106822861175
0.0016200587690615978
0.0016199016527433086
0.0016197392815168528
0.0016195716030124351
0.001619398564304203
0.0016192201119250517
0.0016190361917763376
0.0016188467491732913
0.001618651728849915
0.001618450885660625
0.001618244222812261
0.0016180318126068798
0.001617813548384529
0.0016175893470302164
0.0016173591731033254
0.0016171230072482272
0.001616880798122411
0.001616632558146633
0.0016163781598883475
0.001616117518344716
0.0016158505861044125
0.0016155772995623122
0.0016152975944096234
0.0016150114056462858
0.001614718667544388
0.0016144193136592277
0.0016141132768200724
0.0016138004835568535
0.001613480868607932
0.0016131543646708173
0.001612821000451359
0.0016124806638137554
0.001612133225758438
0.001611778533690784
0.0016114165632785762
0.0016110473761279402
0.001610670827196546
0.0016102869570927582
0.0016098955384212224
0.001609496493636128
0.0016090897443454034
0.001608675211268832
0.0016082528142394035
0.0016078224721932292
0.0016073841031412307
0.0016069376255029356
0.00160648295512637
0.001606020006247875
0.0016055486931235018
0.0016050687947236396
0.0016045801191065035
0.001604082691459277
0.0016035765456109457
0.001603061571709091
0.0016025377100003786
0.0016020048684765838
0.0016014629396378208
0.0016009118284376561
0.0016003514390113775
0.0015997816742467194
0.001599202435784387
0.0015986136162104956
0.0015980151231723052
0.0015974068549841568
0.0015967887088067913
0.0015961605805879801
0.0015955223650838664
0.0015948741206593619
0.001594215584444807
0.0015935466381610068
0.0015928670301721584
0.0015921768426071467
0.0015914759925190806
0.0015907643326387871
0.001590041855874175
0.0015893082889552994
0.0015885635146331031
0.0015878074114582003
0.0015870398584009416
0.0015862607328392235
0.0015854699107509423
0.0015846672666646878
0.001583852673567767
0.001583026002781279
0.001582187124307724
0.0015813355231811264
0.0015804713133655637
0.0015795944789795398
0.0015787049285144069
0.0015778024622670756
0.0015768869733136744
0.0015759583137890199
0.0015750163440578378
0.0015740609218144004
0.001573091900277552
0.0015721091308423614
0.0015711124630543227
0.001570101744609199
0.0015690768213675963
0.001568037551744193
0.0015669839389483953
0.0015659156473452063
0.0015648325055268144
0.001563734202539928
0.0015626208052065967
0.0015614921522652118
0.0015603480131791416
0.0015591883929091943
0.0015580129153860741
0.001556821403769961
0.0015556136787144108
0.0015543895585764845
0.001553148859337211
0.0015518913946063616
0.0015506169901727195
0.0015493254283003531
0.0015480163905154365
0.0015466895608918197
0.0015453448754324925
0.0015439822473135064
0.0015426014005579748
0.0015412022052008361
0.001539784452003256
0.0015383479284643597
0.0015368924191891784
0.0015354177059060943
0.0015339235673685224
0.0015324097793292023
0.0015308761165522546
0.0015293224080228612
0.001527748502457886
0.0015261540193112822
0.0015245386706437241
0.0015229021287946243
0.001521244381385765
0.0015195651454635957
0.0015178641135179549
0.001516141236954181
0.001514396029881716
0.001512628227465133
0.0015108375610594083
0.001509023788851061
0.001507186605975788
0.0015053257095814336
0.0015034406127831768
0.0015015313028132922
0.0014995973973157138
0.0014976382771145552
0.001495653976074253
0.0014936441492132484
0.001491608546564445
0.0014895468541690135
0.0014874587517041034
0.001485343912698059
0.0014832024062187716
0.0014810395478908327
0.0014788568890459998
0.0014766543288980746
0.0014744313743275976
0.0014721877244427569
0.0014699228943745898
0.0014676368095712625
0.0014653292431922984
0.0014629997420655297
0.0014606481295407936
0.0014582740486644508
0.0014558770574200966
0.0014534567888604911
0.0014510128956330417
0.0014485448908601749
0.0014460524605035337
0.0014435354210742485
0.0014409932967561576
0.0014384255240685994
0.0014358316005361404
0.0014332113424500863
0.001430564411091766
0.0014278904019975952
0.0014251888930745223
0.0014224594539421105
0.0014197016457343802
0.0014169150208756837
0.0014140993444490223
0.0014112539320025013
0.001408378305375311
0.0014054718008267705
0.0014025340978938146
0.0013995648715860955
0.0013965634622048354
0.001393529373112551
0.0013904622016233058
0.001387361204084788
0.0013842257478047422
0.0013810552351741826
0.0013778492127022911
0.0013746070654292511
0.001371328167824541
0.001368011896049926
0.0013646573221809976
0.0013612638475847924
0.001357830999834684
0.0013543581413354617
0.0013508445747139593
0.0013472895864704787
0.0013436924465046625
0.0013400525752069311
0.0013363691010147426
0.0013326411791320482
0.0013288678828972376
0.0013250484593062665
0.00132118226270446
0.0013172683485568933
0.0013133057770741373
0.0013092938002632988
0.0013052313543814673
0.0013011174113518997
0.0012969510392656504
0.0012927312364453298
0.001288456972783343
0.0012841271906840475
0.0012797408039768204
0.0012752964232604677
0.0012707928941037548
0.0012662293065185631
0.0012616044648077421
0.0012569171229459238
0.0012521660104128157
0.0012473500146747852
0.0012424675502660603
0.0012375172622765324
0.001232497495117343
0.001227406925043903
0.001222244212987261
0.0012170075897175166
0.001211695401362714
0.0012063062295033006
0.001200838150718353
0.0011952892984990365
0.0011896578598577
0.001183941919133172
0.0011781394946303821
0.0011722485354670913
0.001166266895943424
0.001160191897692306
0.00115402173292598
0.0011477540703694763
0.0011413864490384497
0.0011349165110460194
0.0011283415037110062
0.0011216585990574117
0.001114864828643562
0.0011079572369573193
0.0011009328526354384
0.0010937884592338316
0.001086520620598697
0.0010791259471432141
0.0010716006976412094
0.0010639409528770312
0.0010561426863136985
0.0010482016799511897
0.001040113511192578
0.0010318735387592835
0.0010234768862965099
0.0010149179843824548
0.001006191790138313
0.0009972927297697265
0.000988214894024653
0.0009789518715825056
0.000969496864905547
0.0009598426776632638
0.0009499816647045736
0.0009399059801207687
0.0009296071520217625
0.000919076000568599
0.0009083026145007262
0.00089727681174975
0.0008859872028092985
0.0008744217262365469
0.0008625673832688212
0.0008504101248054939
0.0008379347440026214
0.0008251247188764423
0.0008119616658558757
0.0007984261747704844
0.0007844967933638295
0.0007701496576587103
0.0007553583391244358
0.0007400934441590972
0.0007243222663358143
0.000708008186828981
0.0006911098488740344
0.0006735798779456904
0.0006553641448998392
0.0006364003829928089
0.0006166156858448659
0.0005959242040747696
0.0005742235985985453
0.0005513901042103875
0.0005272715321039272
0.0005016770871004633
0.00047436171553278186
0.0004450022667728786
0.0004131557084432346
0.0003781855124516816
0.0003391165270353517
0.0002943083158704722
0.0002405582886653932
0.00016953922873178453
0.0
0.0
0.0
0.0
0.0
0.0
0.0
0.0
0.0
0.0
0.0
0.0
0.0
0.0
0.0
0.0
0.0
0.0
0.0
0.0
0.0
0.0
0.0
0.0
0.0
0.0
0.0
0.0
0.0
0.0
0.0
0.0
0.0
0.0
0.0
0.0
0.0
0.0
0.0
0.0
0.0
0.0
0.0
0.0
0.0
0.0
0.0
0.0
0.0
0.0
0.0
0.0
0.0
0.0
0.0
0.0
0.0
0.0
0.0
0.0
0.0
0.0
0.0
0.0
0.0
0.0
0.0
0.0
0.0
0.0
0.0
0.0
0.0
0.0
0.0
0.0
0.0
0.0
0.0
0.0
0.0
0.0
0.0
0.0
0.0
0.0
0.0
0.0
0.0
0.0
0.0
0.0
0.0
0.0
0.0
0.0
0.0
0.0
0.0
0.0
0.0
0.0
0.0
0.0
0.0
0.0
0.0
0.0
0.0
0.0
0.0
0.0
0.0
0.0
0.0
0.0
0.0
0.0
0.0
0.0
0.0
0.0
0.0
0.0
0.0
0.0
0.0
0.0
0.0
0.0
0.0
0.0
0.0
0.0
0.0
0.0
0.0
0.0
0.0
0.0
0.0
0.0
0.0
0.0
0.0
0.0
0.0
0.0
0.0
0.0
0.0
0.0
0.0
0.0
0.0
0.0
0.0
0.0
0.0
0.0
0.0
0.0
0.0
0.0
0.0
0.0
0.0
0.0
0.0
0.0
0.0
0.0
0.0
0.0
0.0
0.0
0.0
0.0
0.0
0.0
0.0
0.0
0.0
0.0
0.0
0.0
0.0
0.0
0.0
0.0
0.0
0.0
0.0
0.0
0.0
0.0
0.0
0.0
0.0
0.0
0.0
0.0
0.0
0.0
0.0
0.0
0.0
0.0
0.0
0.0
0.0
0.0
0.0
0.0
0.0
0.0
0.0
0.0
0.0
0.0
0.0
0.0
0.0
0.0
0.0
0.0
0.0
0.0
0.0
0.0
0.0
0.0
0.0
0.0
0.0
0.0
0.0
0.0
0.0
0.0
0.0
0.0
0.0
0.0
0.0
0.0
0.0
0.0
0.0
0.0
0.0
0.0
0.0
0.0
0.0
0.0
0.0
0.0
0.0
0.0
0.0
0.0
0.0
0.0
0.0
0.0
0.0
0.0
0.0
0.0
0.0
0.0
0.0
0.0
0.0
0.0
0.0
0.0
0.0
0.0
0.0
0.0
0.0
0.0
0.0
0.0
0.0
0.0
0.0
0.0
0.0
0.0
0.0
0.0
0.0
0.0
0.0
0.0
0.0
0.0
0.0
0.0
0.0
0.0
0.0
0.0
0.0
0.0
0.0
0.0
0.0
0.0
0.0
0.0
0.0
0.0
0.0
0.0
0.0
0.0
0.0
0.0
0.0
0.0
0.0
0.0
0.0
0.0
0.0
0.0
0.0
0.0
0.0
0.0
0.0
0.0
0.0
0.0
0.0
0.0
0.0
0.0
0.0
0.0
0.0
0.0
0.0
0.0
0.0
0.0
0.0
0.0
0.0
0.0
0.0
0.0
0.0
0.0
0.0
0.0
0.0
0.0
0.0
0.0
0.0
0.0
0.0
0.0
0.0
0.0
0.0
0.0
0.0
0.0
0.0
0.0
0.0
0.0
0.0
0.0
0.0
0.0
0.0
0.0
0.0
0.0
0.0
0.0
0.0
0.0
0.0
0.0
0.0
0.0
0.0
0.0
0.0
0.0
0.0
0.0
0.0
0.0
0.0
0.0
0.0
0.0
0.0
0.0
0.0
0.0
0.0
0.0
0.0
0.0
0.0
0.0
0.0
0.0
0.0
0.0
0.0
0.0
0.0
0.0
0.0
0.0
0.0
0.0
0.0
0.0
0.0
0.0
0.0
0.0
0.0
0.0
0.0
0.0
0.0
0.0
0.0
0.0
0.0
0.0
0.0
0.0
0.0
0.0
0.0
0.0
0.0
0.0
0.0
0.0
0.0
0.0
0.0
0.0
0.0
0.0
0.0
0.0
0.0
0.0
0.0
0.0
0.0
0.0
0.0
0.0
0.0
0.0
0.0
0.0
0.0
0.0
0.0
0.0
0.0
0.0
0.0
0.0
0.0
0.0
0.0
0.0
0.0
0.0
0.0
0.0
0.0
0.0
0.0
0.0
0.0
0.0
0.0
0.0
0.0
0.0
0.0
0.0
0.0
0.0
0.0
0.0
0.0
0.0
0.0
0.0
0.0
0.0
0.0
0.0
0.0
0.0
0.0
0.0
0.0
0.0
0.0
0.0
0.0
0.0
0.0
0.0
0.0
0.0
0.0
0.0
0.0
0.0
0.0
0.0
0.0
0.0
0.0
0.0
0.0
0.0
0.0
0.0
0.0
0.0
0.0
0.0
0.0
0.0
0.0
0.0
0.0
0.0
0.0
0.0
0.0
0.0
0.0
0.0
0.0
0.0
0.0
0.0
0.0
0.0
0.0
0.0
0.0
0.0
0.0
0.0
0.0
0.0
0.0
0.0
0.0
0.0
0.0
0.0
0.0
0.0
0.0
0.0
0.0
0.0
0.0
0.0
0.0
0.0
0.0
0.0
0.0
0.0
0.0
0.0
0.0
0.0
0.0
0.0
0.0
0.0
0.0
0.0
0.0
0.0
0.0
0.0
0.0
0.0
0.0
0.0
0.0
0.0
0.0
0.0
0.0
0.0
0.0
0.0
0.0
0.0
0.0
0.0
0.0
0.0
0.0
0.0
0.0
0.0
0.0
0.0
0.0
0.0
0.0
0.0
0.0
0.0
0.0
0.0
0.0
0.0
0.0
0.0
0.0
0.0
0.0
0.0
0.0
0.0
0.0
0.0
0.0
0.0
0.0
0.0
0.0
0.0
0.0
0.0
0.0
0.0
0.0
0.0
0.0
0.0
0.0
0.0
0.0
0.0
0.0
0.0
0.0
0.0
0.0
0.0
0.0
0.0
0.0
0.0
0.0
0.0
0.0
0.0
0.0
0.0
0.0
0.0
0.0
0.0
0.0
0.0
0.0
0.0
0.0
0.0
0.0
0.0
0.0
0.0
0.0
0.0
0.0
0.0
0.0
0.0
0.0
0.0
0.0
0.0
0.0
0.0
0.0
0.0
0.0
0.0
0.0
0.0
0.0
0.0
0.0
0.0
0.0
0.0
0.0
0.0
0.0
0.0
0.0
0.0
0.0
0.0
0.0
0.0
0.0
0.0
0.0
0.0
0.0
0.0
0.0
0.0
0.0
0.0
0.0
0.0
0.0
0.0
0.0
0.0
0.0
0.0
0.0
0.0
0.0
0.0
0.0
0.0
0.0
0.0
0.0
0.0
0.0
0.0
0.0
0.0
0.0
0.0
0.0
0.0
0.0
0.0
0.0
0.0
0.0
0.0
0.0
0.0
0.0
0.0
0.0
0.0
0.0
0.0
0.0
0.0
0.0
0.0
0.0
0.0
0.0
0.0
0.0
0.0
0.0
0.0
0.0
0.0
0.0
0.0
0.0
0.0
0.0
0.0
0.0
0.0
0.0
0.0
0.0
0.0
0.0
0.0
0.0
0.0
0.0
0.0
0.0
0.0
0.0
0.0
0.0
0.0
0.0
0.0
0.0
0.0
0.0
0.0
0.0
0.0
0.0
0.0
0.0
0.0
0.0
0.0
0.0
0.0
0.0
0.0
0.0
0.0
0.0
0.0
0.0
0.0
0.0
0.0
0.0
0.0
0.0
0.0
0.0
0.0
0.0
0.0
0.0
0.0
0.0
0.0
0.0
0.0
0.0
0.0
0.0
0.0
0.0
0.0
0.0
0.0
0.0
0.0
0.0
0.0
0.0
0.0
0.0
0.0
0.0
0.0
0.0
0.0
0.0
0.0
0.0
0.0
0.0
0.0
0.0
0.0
0.0
0.0
0.0
0.0
0.0
0.0
0.0
0.0
0.0
0.0
0.0
0.0
0.0
0.0
0.0
0.0
0.0
0.0
0.0
0.0
0.0
0.0
0.0
0.0
0.0
0.0
0.0
0.0
0.0
0.0
0.0
0.0
0.0
0.0
0.0
0.0
0.0
0.0
0.0
0.0
0.0
0.0
0.0
0.0
0.0
0.0
0.0
0.0
0.0
0.0
0.0
0.0
0.0
0.0
0.0
0.0
0.0
0.0
0.0
0.0
0.0
0.0
0.0
0.0
0.0
0.0
0.0
0.0
0.0
0.0
0.0
0.0
0.0
0.0
0.0
0.0
0.0
0.0
0.0
0.0
0.0
0.0
0.0
0.0
0.0
0.0
0.0
0.0
0.0
0.0
0.0
0.0
0.0
0.0
0.0
0.0
0.0
0.0
0.0
0.0
0.0
0.0
0.0
0.0
0.0
0.0
0.0
0.0
0.0
0.0
0.0
0.0
0.0
0.0
0.0
0.0
0.0
0.0
0.0
0.0
0.0
0.0
0.0
0.0
0.0
0.0
0.0
0.0
0.0
0.0
0.0
0.0
0.0
0.0
0.0
0.0
0.0
0.0
0.0
0.0
0.0
0.0
0.0
0.0
0.0
0.0
0.0
0.0
0.0
0.0
0.0
0.0
0.0
0.0
0.0
0.0
0.0
0.0
0.0
0.0
0.0
0.0
0.0
0.0
0.0
0.0
0.0
0.0
0.0
0.0
0.0
0.0
0.0
0.0
0.0
0.0
0.0
0.0
0.0
0.0
0.0
0.0
0.0
0.0
0.0
0.0
0.0
0.0
0.0
0.0
0.0
0.0
0.0
0.0
0.0
0.0
0.0
0.0
0.0
0.0
0.0
0.0
0.0
0.0
0.0
0.0
0.0
0.0
0.0
0.0
0.0
0.0
0.0
0.0
0.0
0.0
0.0
0.0
0.0
0.0
0.0
0.0
0.0
0.0
0.0
0.0
0.0
0.0
0.0
0.0
0.0
0.0
0.0
0.0
0.0
0.0
0.0
0.0
0.0
0.0
0.0
0.0
0.0
0.0
0.0
0.0
0.0
0.0
0.0
0.0
0.0
0.0
0.0
0.0
0.0
0.0
0.0
0.0
0.0
0.0
0.0
0.0
0.0
0.0
0.0
0.0
0.0
0.0
0.0
0.0
0.0
0.0
0.0
0.0
0.0
0.0
0.0
0.0
0.0
0.0
0.0
0.0
0.0
0.0
0.0
0.0
0.0
0.0
0.0
0.0
0.0
0.0
0.0
0.0
0.0
0.0
0.0
0.0
0.0
0.0
0.0
0.0
0.0
0.0
0.0
0.0
0.0
0.0
0.0
0.0
0.0
0.0
0.0
0.0
0.0
0.0
0.0
0.0
0.0
0.0
0.0
0.0
0.0
0.0
0.0
0.0
0.0
0.0
0.0
0.0
0.0
0.0
0.0
0.0
0.0
0.0
0.0
0.0
0.0
0.0
0.0
0.0
0.0
0.0
0.0
0.0
0.0
0.0
0.0
0.0
0.0
0.0
0.0
0.0
0.0
0.0
0.0
0.0
0.0
0.0
0.0
0.0
0.0
0.0
0.0
0.0
0.0
0.0
0.0
0.0
0.0
0.0
0.0
0.0
0.0
0.0
0.0
0.0
0.0
0.0
0.0
0.0
0.0
0.0
0.0
0.0
0.0
0.0
0.0
0.0
0.0
0.0
0.0
0.0
0.0
0.0
0.0
0.0
0.0
0.0
0.0
0.0
0.0
0.0
0.0
0.0
0.0
0.0
0.0
0.0
0.0
0.0
0.0
0.0
0.0
0.0
0.0
0.0
0.0
0.0
0.0
0.0
0.0
0.0
0.0
0.0
0.0
0.0
0.0
0.0
0.0
0.0
0.0
0.0
0.0
0.0
0.0
0.0
0.0
0.0
0.0
0.0
0.0
0.0
0.0
0.0
0.0
0.0
0.0
0.0
0.0
0.0
0.0
0.0
0.0
0.0
0.0
0.0
0.0
0.0
0.0
0.0
0.0
0.0
0.0
0.0
0.0
0.0
0.0
0.0
0.0
0.0
0.0
0.0
0.0
0.0
0.0
0.0
0.0
0.0
0.0
0.0
0.0
0.0
0.0
0.0
0.0
0.0
0.0
0.0
0.0
0.0
0.0
0.0
0.0
0.0
0.0
0.0
0.0
0.0
0.0
0.0
0.0
0.0
0.0
0.0
0.0
0.0
0.0
0.0
0.0
0.0
0.0
0.0
0.0
0.0
0.0
0.0
0.0
0.0
0.0
0.0
0.0
0.0
0.0
0.0
0.0
0.0
0.0
0.0
0.0
0.0
0.0
0.0
0.0
0.0
0.0
0.0
0.0
0.0
0.0
0.0
0.0
0.0
0.0
0.0
0.0
0.0
0.0
0.0
0.0
0.0
0.0
0.0
0.0
0.0
0.0
0.0
0.0
0.0
0.0
0.0
0.0
0.0
0.0
0.0
0.0
0.0
0.0
0.0
0.0
0.0
0.0
0.0
0.0
0.0
0.0
0.0
0.0
0.0
0.0
0.0
0.0
0.0
0.0
0.0
0.0
0.0
0.0
0.0
0.0
0.0
0.0
0.0
0.0
0.0
0.0
0.0
0.0
0.0
0.0
0.0
0.0
0.0
0.0
0.0
0.0
0.0
0.0
0.0
0.0
0.0
0.0
0.0
0.0
0.0
0.0
0.0
0.0
0.0
0.0
0.0
0.0
0.0
0.0
0.0
0.0
0.0
0.0
0.0
0.0
0.0
0.0
0.0
0.0
0.0
0.0
0.0
0.0
0.0
0.0
0.0
0.0
0.0
0.0
0.0
0.0
0.0
0.0
0.0
0.0
0.0
0.0
0.0
0.0
0.0
0.0
0.0
0.0
0.0
0.0
0.0
0.0
0.0
0.0
0.0
0.0
0.0
0.0
0.0
0.0
0.0
0.0
0.0
0.0
0.0
0.0
0.0
0.0
0.0
0.0
0.0
0.0
0.0
0.0
0.0
0.0
0.0
0.0
0.0
0.0
0.0
0.0
0.0
0.0
0.0
0.0
0.0
0.0
0.0
0.0
0.0
0.0
0.0
0.0
0.0
0.0
0.0
0.0
0.0
0.0
0.0
0.0
0.0
0.0
0.0
0.0
0.0
0.0
0.0
0.0
0.0
0.0
0.0
0.0
0.0
0.0
0.0
0.0
0.0
0.0
0.0
0.0
0.0
0.0
0.0
0.0
0.0
0.0
0.0
0.0
0.0
0.0
0.0
0.0
0.0
0.0
0.0
0.0
0.0
0.0
0.0
0.0
0.0
0.0
0.0
0.0
0.0
0.0
0.0
0.0
0.0
0.0
0.0
0.0
0.0
0.0
0.0
0.0
0.0
0.0
0.0
0.0
0.0
0.0
0.0
0.0
0.0
0.0
0.0
0.0
0.0
0.0
0.0
0.0
0.0
0.0
0.0
0.0
0.0
0.0
0.0
0.0
0.0
0.0
0.0
0.0
0.0
0.0
0.0
0.0
0.0
0.0
0.0
0.0
0.0
0.0
0.0
0.0
0.0
0.0
0.0
0.0
0.0
0.0
0.0
0.0
0.0
0.0
0.0
0.0
0.0
0.0
0.0
0.0
0.0
0.0
0.0
0.0
0.0
0.0
0.0
0.0
0.0
0.0
0.0
0.0
0.0
0.0
0.0
0.0
0.0
0.0
0.0
0.0
0.0
0.0
0.0
0.0
0.0
0.0
0.0
0.0
0.0
0.0
0.0
0.0
0.0
0.0
0.0
0.0
0.0
0.0
0.0
0.0
0.0
0.0
0.0
0.0
0.0
0.0
0.0
0.0
0.0
0.0
0.0
0.0
0.0
0.0
0.0
0.0
0.0
0.0
0.0
0.0
0.0
0.0
0.0
0.0
0.0
0.0
0.0
0.0
0.0
0.0
0.0
0.0
0.0
0.0
0.0
0.0
0.0
0.0
0.0
0.0
0.0
0.0
0.0
0.0
0.0
0.0
0.0
0.0
0.0
0.0
0.0
0.0
0.0
0.0
0.0
0.0
0.0
0.0
0.0
0.0
0.0
0.0
0.0
0.0
0.0
0.0
0.0
0.0
0.0
0.0
0.0
0.0
0.0
0.0
0.0
0.0
0.0
0.0
0.0
0.0
0.0
0.0
0.0
0.0
0.0
0.0
0.0
0.0
0.0
0.0
0.0
0.0
0.0
0.0
0.0
0.0
0.0
0.0
0.0
0.0
0.0
0.0
0.0
0.0
0.0
0.0
0.0
0.0
0.0
0.0
0.0
0.0
0.0
0.0
0.0
0.0
0.0
0.0
0.0
0.0
0.0
0.0
0.0
0.0
0.0
0.0
0.0
0.0
0.0
0.0
0.0
0.0
0.0
0.0
0.0
0.0
0.0
0.0
0.0
0.0
0.0
0.0
0.0
0.0
0.0
0.0
0.0
0.0
0.0
0.0
0.0
0.0
0.0
0.0
0.0
0.0
0.0
0.0
0.0
0.0
0.0
0.0
0.0
0.0
0.0
0.0
0.0
0.0
0.0
0.0
0.0
0.0
0.0
0.0
0.0
0.0
0.0
0.0
0.0
0.0
0.0
0.0
0.0
0.0
0.0
0.0
0.0
0.0
0.0
0.0
0.0
0.0
0.0
0.0
0.0
0.0
0.0
0.0
0.0
0.0
0.0
0.0
0.0
0.0
0.0
0.0
0.0
0.0
0.0
0.0
0.0
0.0
0.0
0.0
0.0
0.0
0.0
0.0
0.0
0.0
0.0
0.0
0.0
0.0
0.0
0.0
0.0
0.0
0.0
0.0
0.0
0.0
0.0
0.0
0.0
0.0
0.0
0.0
0.0
0.0
0.0
0.0
0.0
0.0
0.0
0.0
0.0
0.0
0.0
0.0
0.0
0.0
0.0
0.0
0.0
0.0
0.0
0.0
0.0
0.0
0.0
0.0
0.0
0.0
0.0
0.0
0.0
0.0
0.0
0.0
0.0
0.0
0.0
0.0
0.0
0.0
0.0
0.0
0.0
0.0
0.0
0.0
0.0
0.0
0.0
0.0
0.0
0.0
0.0
0.0
0.0
0.0
0.0
0.0
0.0
0.0
0.0
0.0
0.0
0.0
0.0
0.0
0.0
0.0
0.0
0.0
0.0
0.0
0.0
0.0
0.0
0.0
0.0
0.0
0.0
0.0
0.0
0.0
0.0
0.0
0.0
0.0
0.0
0.0
0.0
0.0
0.0
0.0
0.0
0.0
0.0
0.0
0.0
0.0
0.0
0.0
0.0
0.0
0.0
0.0
0.0
0.0
0.0
0.0
0.0
0.0
0.0
0.0
0.0
0.0
0.0
0.0
0.0
0.0
0.0
0.0
0.0
0.0
0.0
0.0
0.0
0.0
0.0
0.0
0.0
0.0
0.0
0.0
0.0
0.0
0.0
0.0
0.0
0.0
0.0
0.0
0.0
0.0
0.0
0.0
0.0
0.0
0.0
0.0
0.0
0.0
0.0
0.0
0.0
0.0
0.0
0.0
0.0
0.0
0.0
0.0
0.0
0.0
0.0
0.0
0.0
0.0
0.0
0.0
0.0
0.0
0.0
0.0
0.0
0.0
0.0
0.0
0.0
0.0
0.0
0.0
0.0
0.0
0.0
0.0
0.0
0.0
0.0
0.0
0.0
0.0
0.0
0.0
0.0
0.0
0.0
0.0
0.0
0.0
0.0
0.0
0.0
0.0
0.0
0.0
0.0
0.0
0.0
0.0
0.0
0.0
0.0
0.0
0.0
0.0
0.0
0.0
0.0
0.0
0.0
0.0
0.0
0.0
0.0
0.0
0.0
0.0
0.0
0.0
0.0
0.0
0.0
0.0
0.0
0.0
0.0
0.0
0.0
0.0
0.0
0.0
0.0
0.0
0.0
0.0
0.0
0.0
0.0
0.0
0.0
0.0
0.0
0.0
0.0
0.0
0.0
0.0
0.0
0.0
0.0
0.0
0.0
0.0
0.0
0.0
0.0
0.0
0.0
0.0
0.0
0.0
0.0
0.0
0.0
0.0
0.0
0.0
0.0
0.0
0.0
0.0
0.0
0.0
0.0
0.0
0.0
0.0
0.0
0.0
0.0
0.0
0.0
0.0
0.0
0.0
0.0
0.0
0.0
0.0
0.0
0.0
0.0
0.0
0.0
0.0
0.0
0.0
0.0
0.0
0.0
0.0
0.0
0.0
0.0
0.0
0.0
0.0
0.0
0.0
0.0
0.0
0.0
0.0
0.0
0.0
0.0
0.0
0.0
0.0
0.0
0.0
0.0
0.0
0.0
0.0
0.0
0.0
0.0
0.0
0.0
0.0
0.0
0.0
0.0
0.0
0.0
0.0
0.0
0.0
0.0
0.0
0.0
0.0
0.0
0.0
0.0
0.0
0.0
0.0
0.0
0.0
0.0
0.0
0.0
0.0
0.0
0.0
0.0
0.0
0.0
0.0
0.0
0.0
0.0
0.0
0.0
0.0
0.0
0.0
0.0
0.0
0.0
0.0
0.0
0.0
0.0
0.0
0.0
0.0
0.0
0.0
0.0
0.0
0.0
0.0
0.0
0.0
0.0
0.0
0.0
0.0
0.0
0.0
0.0
0.0
0.0
0.0
0.0
0.0
0.0
0.0
0.0
0.0
0.0
0.0
0.0
0.0
0.0
0.0
0.0
0.0
0.0
0.0
0.0
0.0
0.0
0.0
0.0
0.0
0.0
0.0
0.0
0.0
0.0
0.0
0.0
0.0
0.0
0.0
0.0
0.0
0.0
0.0
0.0
0.0
0.0
0.0
0.0
0.0
0.0
0.0
0.0
0.0
0.0
0.0
0.0
0.0
0.0
0.0
0.0
0.0
0.0
0.0
0.0
0.0
0.0
0.0
0.0
0.0
0.0
0.0
0.0
0.0
0.0
0.0
0.0
0.0
0.0
0.0
0.0
0.0
0.0
0.0
0.0
0.0
0.0
0.0
0.0
0.0
0.0
0.0
0.0
0.0
0.0
0.0
0.0
0.0
0.0
0.0
0.0
0.0
0.0
0.0
0.0
0.0
0.0
0.0
0.0
0.0
0.0
0.0
0.0
0.0
0.0
0.0
0.0
0.0
0.0
0.0
0.0
0.0
0.0
0.0
0.0
0.0
0.0
0.0
0.0
0.0
0.0
0.0
0.0
0.0
0.0
0.0
0.0
0.0
0.0
0.0
0.0
0.0
0.0
0.0
0.0
0.0
0.0
0.0
0.0
0.0
0.0
0.0
0.0
0.0
0.0
0.0
0.0
0.0
0.0
0.0
0.0
0.0
0.0
0.0
0.0
0.0
0.0
0.0
0.0
0.0
0.0
0.0
0.0
0.0
0.0
0.0
0.0
0.0
0.0
0.0
0.0
0.0
0.0
0.0
0.0
0.0
0.0
0.0
0.0
0.0
0.0
0.0
0.0
0.0
0.0
0.0
0.0
0.0
0.0
0.0
0.0
0.0
0.0
0.0
0.0
0.0
0.0
0.0
0.0
0.0
0.0
0.0
0.0
0.0
0.0
0.0
0.0
0.0
0.0
0.0
0.0
0.0
0.0
0.0
0.0
0.0
0.0
0.0
0.0
0.0
0.0
0.0
0.0
0.0
0.0
0.0
0.0
0.0
0.0
0.0
0.0
0.0
0.0
0.0
0.0
0.0
0.0
0.0
0.0
0.0
0.0
0.0
0.0
0.0
0.0
0.0
0.0
0.0
0.0
0.0
0.0
0.0
0.0
0.0
0.0
0.0
0.0
0.0
0.0
0.0
0.0
0.0
0.0
0.0
0.0
0.0
0.0
0.0
0.0
0.0
0.0
0.0
0.0
0.0
0.0
0.0
0.0
0.0
0.0
0.0
0.0
0.0
0.0
0.0
0.0
0.0
0.0
0.0
0.0
0.0
0.0
0.0
0.0
0.0
0.0
0.0
0.0
0.0
0.0
0.0
0.0
0.0
0.0
0.0
0.0
0.0
0.0
0.0
0.0
0.0
0.0
0.0
0.0
0.0
0.0
0.0
0.0
0.0
0.0
0.0
0.0
0.0
0.0
0.0
0.0
0.0
0.0
0.0
0.0
0.0
0.0
0.0
0.0
0.0
0.0
0.0
0.0
0.0
0.0
0.0
0.0
0.0
0.0
0.0
0.0
0.0
0.0
0.0
0.0
0.0
0.0
0.0
0.0
0.0
0.0
0.0
0.0
0.0
0.0
0.0
0.0
0.0
0.0
0.0
0.0
0.0
0.0
0.0
0.0
0.0
0.0
0.0
0.0
0.0
0.0
0.0
0.0
0.0
0.0
0.0
0.0
0.0
0.0
0.0
0.0
0.0
0.0
0.0
0.0
0.0
0.0
0.0
0.0
0.0
0.0
0.0
0.0
0.0
0.0
0.0
0.0
0.0
0.0
0.0
0.0
0.0
0.0
0.0
0.0
0.0
0.0
0.0
0.0
0.0
0.0
0.0
0.0
0.0
0.0
0.0
0.0
0.0
0.0
0.0
0.0
0.0
0.0
0.0
0.0
0.0
0.0
0.0
0.0
0.0
0.0
0.0
0.0
0.0
0.0
0.0
0.0
0.0
0.0
0.0
0.0
0.0
0.0
0.0
0.0
0.0
0.0
0.0
0.0
0.0
0.0
0.0
0.0
0.0
0.0
0.0
0.0
0.0
0.0
0.0
0.0
0.0
0.0
0.0
0.0
0.0
0.0
0.0
0.0
0.0
0.0
0.0
0.0
0.0
0.0
0.0
0.0
0.0
0.0
0.0
0.0
0.0
0.0
0.0
0.0
0.0
0.0
0.0
0.0
0.0
0.0
0.0
0.0
0.0
0.0
0.0
0.0
0.0
0.0
0.0
0.0
0.0
0.0
0.0
0.0
0.0
0.0
0.0
0.0
0.0
0.0
0.0
0.0
0.0
0.0
0.0
0.0
0.0
0.0
0.0
0.0
0.0
0.0
0.0
0.0
0.0
0.0
0.0
0.0
0.0
0.0
0.0
0.0
0.0
0.0
0.0
0.0
0.0
0.0
0.0
