0.00019356895832221463
0.00019386811594835645
0.00019413532487487693
0.00019438309036529414
0.00019461643686974177
0.00019483850632218182
0.00019505150679540597
0.00019525706434174358
0.0001954562309696966
0.000195648638858439
0.00019583680710845316
0.0001960203792700834
0.00019620050815122875
0.00019637747018413001
0.00019655148319683784
0.0001967230608883416
0.00019689231189101285
0.00019705942045264644
0.00019722402731261934
0.00019738683295280723
0.00019754808984115635
0.00019770793354051123
0.00019786620477111423
0.0001980229809133461
0.00019817855039294877
0.00019833307044197772
0.0001984865785608111
0.0001986388483740607
0.000198789767487885
0.00019893982293032423
0.00019908913398282
0.00019923775325757394
0.00019938569052402826
0.0001995329451628787
0.00019967945580526836
0.00019982517165624357
0.00019997042774822605
0.00020011508890236898
0.0002002591111373531
0.0002004026528511715
0.00020054573550462706
0.00020068836877432122
0.00020083055220888074
0.00020097231158737423
0.00020111369881954636
0.00020125474443687572
0.00020139540033783975
0.00020153548643353156
0.00020167510305883058
0.00020181446013885053
0.00020195353290420118
0.000202092297241598
0.00020223077050305206
0.00020236899305763796
0.00020250700089832391
0.000202644814158103
0.0002027824359870956
0.00020291983942547656
0.000203056833451325
0.00020319350347213852
0.00020332983678820812
0.00020346598855680608
0.00020360200401789045
0.00020373791011130387
0.0002038737221868595
0.00020400944280591298
0.00020414508002521568
0.00020428062978552014
0.00020441605061388674
0.00020455120169199893
0.00020468618582230317
0.00020482107728463393
0.00020495585676311875
0.0002050904587767254
0.000205224963155202
0.00020535943825415455
0.00020549388475375247
0.0002056283070107029
0.00020576269944788786
0.00020589704348833156
0.0002060312715682183
0.00020616534919942788
0.00020629938829644668
0.0002064334249090392
0.0002065674652272854
0.00020670151184711601
0.00020683552865117516
0.00020696946452428963
0.00020710331835795945
0.00020723714339775543
0.00020737096274771102
0.00020750477213938716
0.00020763853752560482
0.00020777225230364705
0.000207905998853563
0.0002080397602642785
0.00020817356366970548
0.00020830742130576057
0.00020844132736127908
0.00020857529604228635
0.00020870930769808474
0.00020884330548634307
0.00020897734930323987
0.00020911142135979292
0.00020924550950543724
0.0002093795655663393
0.0002095136008566717
0.00020964767088957323
0.00020978178618625046
0.00020991596225729164
0.00021005022256210423
0.00021018457090591744
0.0002103190055047936
0.00021045353723577942
0.00021058817008492235
0.0002107228882785698
0.0002108576331062577
0.00021099243092838338
0.000211127262785355
0.00021126217379107857
0.00021139718375163494
0.00021153228673306297
0.00021166745180545128
0.0002118026781598642
0.0002119379829516328
0.00021207336197594524
0.00021220880530183276
0.00021234433555499994
0.00021247997744836453
0.00021261574607795846
0.00021275163056276548
0.0002128875240609112
0.00021302353585036157
0.00021315969136661937
0.00021329597723367217
0.0002134323826768951
0.0002135689041868644
0.0002137055445750066
0.00021384230382110806
0.0002139791980578667
0.00021411624304543307
0.0002142534071217905
0.00021439068366822976
0.0002145280906180488
0.00021466561550691066
0.00021480323590004205
0.00021494095613401322
0.00021507875287965362
0.0002152166455052903
0.00021535468629752734
0.00021549287980758428
0.00021563120674090015
0.0002157696860803381
0.0002159083322473826
0.00021604712071173615
0.0002161860514175611
0.00021632515352650757
0.00021646441162875786
0.00021660380552947364
0.00021674339053638227
0.00021688307620609736
0.00021702288695154474
0.00021716287439040754
0.00021730303399615487
0.00021744332602973104
0.00021758375819917514
0.00021772434800292235
0.00021786510898514982
0.0002180060161266318
0.00021814707474692875
0.00021828834786356184
0.00021842976429621084
0.00021857131315623898
0.0002187130305809125
0.0002188549255954353
0.00021899697561065102
0.00021913917770031543
0.00021928158287669105
0.00021942415032457832
0.0002195669300521994
0.0002197098510193901
0.00021985295775504162
0.00021999625480231634
0.00022013971754231138
0.00022028337582953583
0.00022042724188750648
0.00022057128707510354
0.00022071551353146804
0.0002208599182637485
0.00022100456940111484
0.00022114936299371407
0.00022129433821226863
0.00022143946937820918
0.00022158482354323457
0.0002217303730119826
0.00022187608542016847
0.00022202202420641828
0.00022216813854330394
0.00022231445837162764
0.0002224609764538541
0.00022260764070354826
0.0002227544637234987
0.0002229014883066061
0.0002230487283539722
0.00022319618299037068
0.00022334387807187853
0.000223491767952994
0.00022363989563192223
0.0002237882117805867
0.00022393670306304086
0.0002240854525397613
0.00022423441563772755
0.0002243835786120699
0.00022453299892003184
0.00022468263619081162
0.00022483245516752702
0.00022498250147213805
0.00022513278183792037
0.0002252832682486114
0.00022543398400276963
0.00022558494450565557
0.00022573610867433045
0.0002258874654170219
0.00022603900233270633
0.00022619078617320553
0.00022634278888629682
0.0002264950049655223
0.00022664738359554185
0.00022680004387512002
0.00022695290575509185
0.00022710595989052963
0.0002272592350400811
0.00022741281419134653
0.0002275666295179291
0.00022772064712214954
0.00022787490360231865
0.00022802945639587217
0.00022818426095053793
0.00022833926207725615
0.00022849451721231804
0.00022865002069033194
0.00022880574571923048
0.0002289617135286001
0.00022911789562226782
0.0002292743356407126
0.0002294310315297498
0.00022958794538832804
0.00022974509742637464
0.00022990250007737088
0.000230060136231772
0.00023021800999430193
0.0002303761768264635
0.0002305346140387757
0.0002306932972644433
0.0002308522112108498
0.00023101135911717088
0.00023117076659601822
0.00023133047759685133
0.00023149045680345977
0.00023165062978773007
0.0002318110362004934
0.00023197171301994252
0.00023213266677068475
0.00023229384514952467
0.0002324552952158281
0.00023261698768814492
0.00023277899286173263
0.00023294121258845592
0.0002331036384657376
0.0002332663359956182
0.0002334293408669128
0.00023359261079193078
0.00023375613541341911
0.0002339199384163349
0.00023408402943615237
0.0002342483843694178
0.00023441298685642972
0.0002345778517133844
0.00023474300198202927
0.0002349084494657628
0.00023507421419557086
0.00023524028422494534
0.00023540660142628067
0.0002355731708335902
0.0002357399907300649
0.00023590707895575127
0.00023607447929661899
0.00023624221679576212
0.00023641019743586336
0.00023657842645149492
0.00023674689820112733
0.0002369156505968442
0.00023708477264487599
0.00023725417591314029
0.0002374238005712722
0.00023759372032529618
0.00023776392664136278
0.00023793437953213004
0.00023810509384642492
0.0002382761042540716
0.00023844742016745592
0.00023861902378758952
0.00023879089423943376
0.00023896303891917197
0.00023913549758722752
0.00023930830157011836
0.00023948143603592757
0.00023965485993990664
0.00023982855553574152
0.000240002541117343
0.00024017685218463906
0.0002403514773701545
0.00024052641232796454
0.00024070162291047376
0.00024087709330579762
0.00024105283769271943
0.00024122890944731465
0.0002414052952054632
0.0002415820107810697
0.00024175905551624273
0.00024193638327935085
0.00024211399953014785
0.00024229191332797833
0.00024247013852957025
0.00024264868096672394
0.0002428275303173847
0.00024300671393117127
0.0002431862322637467
0.00024336604104521878
0.0002435461291578039
0.00024372651317209712
0.00024390719967508175
0.00024408820059941146
0.00024426953275360965
0.00024445120309011744
0.0002446331960505016
0.00024481548876831993
0.00024499806965347837
0.0002451809596677661
0.0002453641976817729
0.00024554779536806545
0.000245731733134792
0.00024591596072731913
0.00024610047536620865
0.0002462852828383862
0.000246470436683854
0.00024665593064215967
0.0002468417721062109
0.0002470279703542895
0.00024721450646935804
0.0002474013479083879
0.00024758849404790955
0.0002477759607363173
0.00024796375490289114
0.000248151867599227
0.0002483403107873836
0.0002485291131274418
0.000248718272208741
0.0002489077646584644
0.0002490975895550289
0.0002492877591724005
0.00024947826492695735
0.0002496690876362758
0.0002498602317551541
0.0002500517184831964
0.00025024357512891886
0.0002504358053747544
0.0002506283641739464
0.00025082124373878103
0.0002510144615678713
0.0002512080270616116
0.00025140193741191345
0.0002515961750501102
0.0002517907595565007
0.0002519856858346003
0.0002521809441268873
0.0002523765732166766
0.0002525725559242084
0.00025276890127348277
0.0002529656128312377
0.00025316268337019645
0.0002533601002316194
0.000253557854062346
0.00025375594410663075
0.00025395437476180246
0.00025415315031712335
0.0002543522728599171
0.0002545517412120824
0.0002547515342946852
0.00025495170720079955
0.0002551523005778222
0.00025535326763558307
0.0002555545932630259
0.0002557562725570761
0.00025595832532633784
0.0002561607466774685
0.0002563635142193708
0.0002565666325772394
0.00025677010462871647
0.0002569739218335518
0.0002571780806060643
0.000257382653115522
0.00025758764768994376
0.0002577930103137356
0.00025799873014764027
0.000258204813915722
0.0002584112590950121
0.00025861806175376406
0.0002588252139770247
0.00025903269032110624
0.0002592405082612639
0.00025944879887456157
0.0002596574561682014
0.00025986646953207683
0.00026007587083273494
0.0002602856729817831
0.00026049586218836434
0.00026070642530971446
0.00026091734926996326
0.0002611285959234736
0.00026134025997214997
0.00026155231240250666
0.0002617647523464814
0.0002619776018396567
0.0002621908347724625
0.0002624044353362299
0.0002626183977490509
0.00026283270377714545
0.00026304737511546
0.0002632624676582053
0.0002634779749214839
0.0002636938757859075
0.0002639101688413899
0.0002641268534628264
0.00026434394714193167
0.00026456142849955357
0.0002647792681098842
0.00026499759103942714
0.0002652163059829739
0.0002654354075144383
0.0002656548823904439
0.0002658747182554655
0.00026609489263944823
0.0002663153921749823
0.0002665363680304852
0.0002667578445553336
0.00026697970808103817
0.00026720194086060276
0.00026742453905470804
0.00026764753985490143
0.00026787090306782654
0.0002680946596104379
0.0002683188818936852
0.00026854355205993606
0.0002687685962593094
0.00026899400633215935
0.0002692198075102747
0.00026944595067357273
0.0002696725870537895
0.00026989964291490717
0.00027012708988850706
0.00027035495565169455
0.0002705832208927738
0.0002708118729250527
0.000271040914661553
0.0002712704107944971
0.0002715003698211323
0.0002717307229733578
0.00027196148749731295
0.0002721926847169538
0.00027242425313980215
0.00027265623912242306
0.0002728886748352165
0.0002731214662247478
0.0002733545967991867
0.00027358813713718324
0.0002738221973033959
0.0002740567632958265
0.000274291827803476
0.0002745272820473769
0.00027476311872670807
0.00027499931351128817
0.00027523582431073195
0.00027547271523194596
0.0002757101935095933
0.00027594810248902186
0.0002761864094036545
0.00027642512144485207
0.000276664167325702
0.0002769035939278505
0.00027714354692182823
0.00027738396267119447
0.00027762478901326854
0.00027786607234370176
0.00027810764899736343
0.00027834978783932156
0.0002785923373096226
0.00027883543689700887
0.0002790789060954483
0.00027932268392577244
0.00027956689699946464
0.0002798116943901589
0.00028005686779484075
0.0002803024527219957
0.00028054846490789195
0.0002807948113608039
0.00028104170382536647
0.0002812890782863222
0.00028153685537293566
0.00028178504057538783
0.00028203363074081234
0.0002822826604163649
0.00028253218027458074
0.0002827821459546238
0.000283032496967501
0.00028328331419906
0.00028353459964758425
0.0002837863867483459
0.00028403862433123674
0.00028429121956254717
0.00028454413271260443
0.0002847975121414519
0.0002850515402174576
0.0002853061046207444
0.0002855610447297321
0.00028581632704803784
0.00028607191657190935
0.00028632794666270717
0.0002865845575453729
0.0002868416822062688
0.0002870992753636914
0.00028735723940903824
0.00028761561950022474
0.0002878745644244997
0.0002881339542921982
0.00028839373093767287
0.0002886538697517712
0.00028891444442255494
0.0002891756053293502
0.00028943727785505025
0.000289699389095986
0.00028996187686747944
0.0002902248144306761
0.00029048820772529426
0.0002907520504080549
0.0002910162839536732
0.0002912808366862228
0.0002915460978953598
0.00029181180767071357
0.0002920779529840563
0.00029234461649306124
0.00029261162619651887
0.00029287917351994853
0.000293147161490478
0.00029341552721165996
0.0002936843504623457
0.00029395352050308314
0.00029422332605849675
0.0002944935691308787
0.00029476422012329794
0.00029503535554435104
0.0002953071503793737
0.000295579293456805
0.0002958517675735078
0.0002961246271414404
0.00029639810853814637
0.0002966721290265378
0.00029694654625458424
0.00029722133786147265
0.0002974963738941741
0.0002977723254537669
0.00029804880305298433
0.00029832563373383104
0.00029860273983636006
0.0002988800823106087
0.00029915817331990465
0.00029943690556953997
0.00029971606760186996
0.0002999954700123053
0.0003002753231006816
0.0003005557440681187
0.0003008367565176861
0.0003011182175996465
0.00030140005448000764
0.0003016823463613364
0.00030196508206773565
0.00030224826462888805
0.00030253190627692745
0.0003028161218386019
0.0003031009042017357
0.0003033860929834807
0.0003036715736473755
0.00030395756951940846
0.00030424411262702306
0.0003045311405470577
0.0003048186084971404
0.00030510657180757
0.00030539503506699436
0.00030568391175329136
0.00030597322506332867
0.0003062629790921405
0.0003065533020728696
0.0003068441740102739
0.0003071354249607006
0.00030742707335627395
0.0003077192000369261
0.0003080118456462044
0.00030830496766286864
0.0003085985778512832
0.00030889269308797656
0.00030918735236083115
0.00030948232466973443
0.00030977763564670905
0.000310073487476593
0.0003103700647082803
0.0003106670664729605
0.00031096437946172154
0.0003112621236138088
0.00031156058317597014
0.0003118593408279568
0.00031215842691831444
0.0003124580730343018
0.0003127584862970661
0.00031305932022632714
0.0003133603683937734
0.00031366168546897625
0.00031396371714730335
0.0003142664775405189
0.00031456956629434015
0.00031487284885176617
0.00031517670041695677
0.0003154813836506407
0.0003157863807872126
0.00031609157893059683
0.0003163972105421218
0.00031670360297884713
0.0003170106580127897
0.0003173179203177872
0.0003176254975357428
0.0003179334913408704
0.00031824217293153166
0.00031855137607777144
0.0003188610639951832
0.0003191710860055201
0.00031948154107592065
0.0003197924197278145
0.00032010400055774513
0.00032041595832656063
0.0003207283737755688
0.0003210409698512895
0.00032135449836757696
0.0003216683523800518
0.00032198276594799953
0.00032229725710504925
0.00032261248769271565
0.00032292815763067023
0.00032324448457858997
0.00032356096978680503
0.00032387812039436656
0.00032419554162579575
0.000324513491226901
0.00032483191461114293
0.0003251510696823528
0.0003254704666707714
0.0003257901614728096
0.0003261103622805425
0.00032643127939282975
0.0003267526202724814
0.0003270742642471902
0.0003273963660048851
0.0003277189848825029
0.0003280420501973267
0.00032836549979172087
0.000328689599793728
0.0003290141045474866
0.0003293389151601168
0.0003296640666777556
0.00032999011581856974
0.0003303165439342465
0.00033064318639251827
0.00033097013870993155
0.000331297941481923
0.0003316262107557909
0.00033195470709022727
0.00033228353775845387
0.0003326130877724823
0.00033294306342146696
0.0003332732975656026
0.0003336040573756398
0.00033393548689915575
0.00033426726850539296
0.0003345990991814984
0.00033493171057516496
0.00033526505076912465
0.0003355986685467353
0.0003359322526399514
0.00033626654614383745
0.0003366016334147836
0.00033693707641465747
0.00033727256346849393
0.00033760861627833136
0.000337945369368731
0.00033828243287903847
0.0003386198930373922
0.0003389578462386234
0.00033929631344571074
0.0003396350464768522
0.00033997419872426924
0.0003403138737297173
0.00034065409586886604
0.0003409947077466502
0.0003413356560980879
0.0003416769572927054
0.0003420186439927859
0.00034236108029660645
0.00034270394011916386
0.00034304695415183296
0.0003433902767060223
0.0003437343434436318
0.0003440789912294955
0.00034442379004868257
0.0003447688451593394
0.0003451144730476932
0.0003454607083430656
0.00034580718335539906
0.00034615409598880425
0.0003465014604585637
0.00034684922319032276
0.0003471973789594906
0.00034754600952087374
0.0003478950286629863
0.00034824434128799883
0.00034859415865588214
0.00034894443057255516
0.0003492950101563479
0.00034964597345620935
0.00034999753939663256
0.00035034945609180925
0.0003507015572189018
0.00035105415600154805
0.00035140734420956003
0.00035176084176318873
0.0003521144587781394
0.0003524686219395088
0.00035282343697142827
0.00035317854783742305
0.00035353387868728727
0.0003538895971841709
0.00035424574929210145
0.00035460223600310473
0.00035495930471201453
0.0003553167501240024
0.00035567427519798544
0.00035603227841846303
0.0003563909771674085
0.0003567499391287036
0.0003571088180393382
0.00035746831599107895
0.00035782863734545113
0.00035818904389017656
0.00035854948339261814
0.00035891053292142383
0.0003592722134688487
0.0003596339060746491
0.000359995899076161
0.0003603586037724297
0.00036072159387439795
0.00036108467442112963
0.0003614481949869133
0.0003618122898427229
0.0003621764211516214
0.00036254079840610556
0.00036290600128360855
0.0003632715558578511
0.00036363705405585033
0.0003640028986009548
0.000364369442879168
0.00036473616059019246
0.00036510294095384464
0.0003654703234837831
0.00036583818013800835
0.00036620616552187837
0.0003665742430774247
0.00036694290730883195
0.0003673120251731667
0.0003676812649627816
0.00036805075983300145
0.0003684206122654033
0.0003687909380680749
0.00036916145208365004
0.0003695322020631293
0.0003699032779731125
0.00037027476007094555
0.0003706466084436555
0.00037101851423985873
0.00037139073372463734
0.00037176340231053325
0.00037213629674007025
0.0003725094213276463
0.00037288290059024127
0.000373256723458929
0.00037363058101631927
0.00037400480945210587
0.0003743796158108163
0.0003747544511094628
0.00037512938203396054
0.00037550472856467433
0.0003758805137620773
0.0003762562642999434
0.00037663224490921623
0.0003770087943933823
0.0003773855080419297
0.0003777622808467433
0.0003781393501104238
0.00037851674985174755
0.0003788943818633014
0.0003792722382766038
0.0003796502924121447
0.00038002844259936203
0.00038040690957407287
0.0003807858073640348
0.0003811646506141394
0.0003815437265336565
0.0003819232786936957
0.000382302922491884
0.00038268250681268315
0.00038306243777725275
0.0003834428573299528
0.0003838230660921108
0.00038420338686507324
0.0003845843955688638
0.00038496534721981483
0.0003853463253105315
0.0003857276227606913
0.0003861092463203342
0.00038649066461348504
0.0003868722207051187
0.0003872543896990705
0.00038763644664219785
0.0003880185468600573
0.00038840103618791163
0.00038878363882437276
0.00038916617577190705
0.0003895489113183429
0.00038993195334048646
0.00039031479639518315
0.0003906978510346806
0.0003910814306983551
0.00039146474175115703
0.00039184800640474553
0.0003922318023309469
0.000392615686584571
0.0003929991846826308
0.0003933829406010062
0.00039376731783628913
0.0003941512875328395
0.00039453507326213123
0.0003949194649162553
0.0003953038576544368
0.00039568792582467347
0.00039607229951409975
0.0003964569846041159
0.0003968413740421356
0.0003972256881793124
0.0003976104060202104
0.000397995047437116
0.00039837946759190387
0.00039876417570082956
0.0003991488307854401
0.00039953318783535413
0.00039991792130002814
0.00040030281604922597
0.00040068742447476664
0.00040107190153314606
0.00040145660819383217
0.00040184124926773276
0.0004022255470868687
0.0004026100548741116
0.0004029947125705209
0.00040337905716073013
0.0004037634262116789
0.00040414776044249954
0.00040453209155093543
0.0004049161934763039
0.00040530017236370375
0.00040568428150692217
0.00040606817238637833
0.00040645192061477354
0.00040683561835369076
0.00040721925254496325
0.000407602802571166
0.00040798591284960773
0.00040836914347139785
0.00040875249885908335
0.0004091353239100215
0.0004095180368717771
0.00040990076453622105
0.00041028331434798867
0.0004106654196865358
0.00041104750414213336
0.0004114296271868306
0.0004118112314252805
0.0004121926593232415
0.00041257412091012113
0.00041295513015152075
0.0004133359116169856
0.0004137166935142712
0.00041409718441584386
0.0004144772599377907
0.00041485715550352046
0.0004152368152022372
0.0004156160029717313
0.0004159950002454032
0.00041637388912450074
0.0004167523200960074
0.0004171304998818694
0.000417508538011548
0.00041788603554488953
0.0004182631112058001
0.0004186400545815218
0.00041901656442808064
0.00041939263323381005
0.0004197683922396155
0.0004201437628965766
0.0004205187537410681
0.0004208935131535282
0.0004212677761244619
0.00042164142548307184
0.00042201481488749967
0.0004223879323604204
0.00042276015955201217
0.0004231321146860738
0.0004235041024072161
0.0004238750952669984
0.0004242455041750728
0.0004246158719020347
0.0004249855996511765
0.00042535449190545053
0.00042572307248311047
0.00042609136530263625
0.0004264586719950089
0.000426825419165566
0.0004271920250473775
0.0004275576868020418
0.00042792273719053015
0.000428287546499416
0.0004286514287593726
0.0004290146656549292
0.00042937749662306347
0.0004297396050535992
0.0004301008441662874
0.0004304615734478316
0.0004308217010445856
0.00043118076366097335
0.0004315393461986583
0.0004318974863066548
0.00043225440927624297
0.00043261065068594875
0.0004329664907459992
0.000433321165613477
0.0004336749868513639
0.00043402844919585313
0.00043438089890192013
0.0004347322348750053
0.00043508305190226483
0.00043543308272754675
0.0004357818299406213
0.0004361299037327871
0.0004364773219880948
0.0004368234123451553
0.00043716861356767994
0.00043751320321061326
0.0004378564784345499
0.0004381986318638326
0.0004385402553318588
0.00043888066966851156
0.0004392198049279071
0.00043955829191313065
0.0004398957429054956
0.00044023176448796037
0.0004405667563847839
0.00044090088651911954
0.00044123372872255053
0.00044156532691254325
0.0004418959808397762
0.0004422253760736267
0.0004425534337365544
0.0004428804512906284
0.00044320616497283246
0.00044353051540764894
0.000443853823217794
0.00044417576533912253
0.0004444963902020201
0.0004448158223480686
0.00044513377720773844
0.0004454503285766186
0.00044576550378264644
0.00044607930408066456
0.0004463916370879767
0.00044670248649070926
0.00044701208113631636
0.0004473201669252627
0.00044762660994082806
0.0004479316082172741
0.00044823504004365227
0.0004485369020077165
0.00044883713293431845
0.00044913571577077655
0.00044943284065990545
0.00044972818805973336
0.0004500217149823038
0.0004503138360447698
0.00045060415897210155
0.0004508925806248019
0.00045117939291524245
0.0004514644328313034
0.00045174747054317946
0.00045202867440417675
0.0004523081757660381
0.0004525856218264317
0.0004528610917323724
0.0004531348786683865
0.00045340659516892646
0.0004536761097898222
0.0004539438064886788
0.0004542094516024233
0.00045447279995362687
0.0004547342404861943
0.00045499361242562285
0.00045525049588478775
0.00045550540414044565
0.0004557582738560039
0.000456008668980535
0.0004562567805122334
0.00045650270420588237
0.00045674620205138794
0.0004569872822749839
0.0004572260536229361
0.00045746234504690734
0.0004576960979847279
0.0004579274667977863
0.0004581563210094454
0.00045838252605121655
0.000458606260504695
0.00045882734992466886
0.00045904560303255157
0.0004592613139645567
0.00045947429467806046
0.0004596843270423407
0.0004598917975776121
0.0004600964226167274
0.000460297973971337
0.00046049678177945364
0.0004606926569861833
0.00046088541884676404
0.00046107527405222696
0.00046126212994303495
0.00046144576624264745
0.0004616262274533707
0.0004618036296581475
0.00046197775377780355
0.0004621485384174813
0.0004623161779182871
0.0004624803565315648
0.00046264103693490903
0.00046279854685882786
0.0004629524630330149
0.00046310267883443437
0.0004632496024292816
0.00046339283819993467
0.00046353220546375534
0.0004636681271879933
0.00046380031557620666
0.00046392850720483174
0.0004640529357998463
0.0004641735817452471
0.00046429012487353975
0.0004644026443612064
0.0004645112591025043
0.0004646156689142857
0.00046471587229866807
0.0004648120277372464
0.00046490383116989064
0.0004649912301898599
0.0004650743648384091
0.00046515305355860584
0.00046522716658432107
0.00046529682899190553
0.0004653618965948261
0.0004654222225686587
0.00046547791379644563
0.00046552882318391566
0.00046557482388417975
0.00046561601270592016
0.0004656522301698863
0.0004656833625528139
0.00046570943501641045
0.0004657303588760705
0.0004657460260257747
0.0004657564071581256
0.00046576143564751554
0.0004657610287006131
0.00046575512843649586
0.0004657436394194019
0.0004657265097961287
0.00046570369968863275
0.000465675050709183
0.0004656405258958768
0.00046560013607352624
0.0004655536430090533
0.00046550101227165944
0.00046544233507507147
0.0004653772921314141
0.00046530584579833816
0.000465228145838048
0.0004651438125494391
0.00046505282131535094
0.0004649552680590949
0.0004648509000299736
0.00046473957369597954
0.0004646213563947184
0.00046449621125493114
0.0004643637637760194
0.00046422407968998996
0.00046407728462961574
0.00046392278897449773
0.0004637607252485634
0.0004635913064882027
0.0004634139283804585
0.00046322863483063055
0.0004630356308783548
0.0004628344692111671
0.0004626250391842349
0.0004624074880918994
0.000462181465969212
0.0004619468293319604
0.0004617037190274707
0.00046145181695569145
0.0004611909858566538
0.00046092127084280276
0.00046064229343943924
0.00046035412143674483
0.00046005659420065686
0.0004597495644290659
0.0004594329426435066
0.0004591065462965149
0.0004587701826853268
0.0004584237763143744
0.00045806711911325663
0.0004577001150418955
0.0004573226033336384
0.0004569344494275247
0.00045653562846291316
0.00045612575269462466
0.00045570470247941093
0.0004552725011799569
0.0004548286948066881
0.0004543732510773822
0.0004539060828470338
0.000453426737023512
0.00045293573952220905
0.00045243217350017734
0.000451915530251003
0.000451386885380859
0.0004508451603790027
0.00045028976900863654
0.00044972179329998596
0.00044914026339745006
0.00044854444838143625
0.00044793522510551555
0.0004473120966427453
0.0004466739942061418
0.0004460216019363869
0.0004453548023325795
0.0004446722148497553
0.00044397388050357
0.00044326109019895944
0.00044253245780859554
0.0004417868440913387
0.00044102598817193523
0.00044024863089428166
0.0004394529688076428
0.0004386413697281287
0.0004378129209176332
0.000436965138056443
0.0004361001458747947
0.00043521719713430595
0.00043431471326139487
0.0004333935536423628
0.0004324535654099641
0.00043149379233610387
0.0004305135059575287
0.00042951368189986016
0.00042849318161617127
0.00042745086550594855
0.00042638778741153996
0.00042530280927983343
0.00042419516781646546
0.0004230651577207422
0.00042191212291852614
0.000420735831902287
0.00041953549176680015
0.0004183105049516602
0.0004170607196648295
0.0004157856396158641
0.00041448454987483215
0.0004131569695387918
0.0004118032673481947
0.0004104214951840925
0.00040901137977803316
0.0004075743277780587
0.0004061065164203623
0.0004046082409864546
0.0004030817187759054
0.00040152309059134
0.00039993177174249393
0.0003983100630318978
0.00039665423313783616
0.0003949632082507071
0.00039323928129785706
0.0003914798733581511
0.00038968235884513316
0.0003878485935406502
0.0003859786394980843
0.0003840671087151821
0.00038211592265753965
0.00038012708972551474
0.000378093161831409
0.0003760159069392749
0.00037389835569811517
0.0003717315121268795
0.00036951690831534684
0.00036726042308589656
0.0003649514970033094
0.00036258922214913635
0.0003601796242434785
0.00035771596898179903
0.0003551938985956962
0.0003526186178602263
0.0003499864769926128
0.00034728978218186754
0.0003445328789559758
0.00034171429875766153
0.000338825280597674
0.0003358678684050859
0.00033284550615233284
0.0003297450192578251
0.000326565887364842
0.00032331546284921074
0.00031997824966648134
0.00031655334222666136
0.00031304590888466216
0.0003094427633282951
0.0003057411458051325
0.00030194350552105264
0.00029803937843554397
0.00029402390292449974
0.00028989479137125847
0.0002856441766069286
0.0002812633059353542
0.0002767522693240371
0.00027210122663891197
0.0002672934495430802
0.00026233212627026594
0.0002572019863151424
0.00025188228102074935
0.00024637516174890654
0.0002406630721300805
0.0002347191434644911
0.00022853433561415134
0.00022209595865028877
0.00021535609575543436
0.00020829387414177564
0.00020089701847875288
0.00019308903325770485
0.00018482125443206843
0.00017606656169339056
0.00016670408424461182
0.0001566179689494617
0.00014569893828970146
0.00013371740405837323
0.00012033044835145665
0.00010503050816334947
8.682165541932687e-5
6.315836950721505e-5
1.965489577884395e-5
0.0
0.0
0.0
0.0
0.0
0.0
0.0
0.0
0.0
0.0
0.0
0.0
0.0
0.0
0.0
0.0
0.0
0.0
0.0
0.0
0.0
0.0
0.0
0.0
0.0
0.0
0.0
0.0
0.0
0.0
0.0
0.0
0.0
0.0
0.0
0.0
0.0
0.0
0.0
0.0
0.0
0.0
0.0
0.0
0.0
0.0
0.0
0.0
0.0
0.0
0.0
0.0
0.0
0.0
0.0
0.0
0.0
0.0
0.0
0.0
0.0
0.0
0.0
0.0
0.0
0.0
0.0
0.0
0.0
0.0
0.0
0.0
0.0
0.0
0.0
0.0
0.0
0.0
0.0
0.0
0.0
0.0
0.0
0.0
0.0
0.0
0.0
0.0
0.0
0.0
0.0
0.0
0.0
0.0
0.0
0.0
0.0
0.0
0.0
0.0
0.0
0.0
0.0
0.0
0.0
0.0
0.0
0.0
0.0
0.0
0.0
0.0
0.0
0.0
0.0
0.0
0.0
0.0
0.0
0.0
0.0
0.0
0.0
0.0
0.0
0.0
0.0
0.0
0.0
0.0
0.0
0.0
0.0
0.0
0.0
0.0
0.0
0.0
0.0
0.0
0.0
0.0
0.0
0.0
0.0
0.0
0.0
0.0
0.0
0.0
0.0
0.0
0.0
0.0
0.0
0.0
0.0
0.0
0.0
0.0
0.0
0.0
0.0
0.0
0.0
0.0
0.0
0.0
0.0
0.0
0.0
0.0
0.0
0.0
0.0
0.0
0.0
0.0
0.0
0.0
0.0
0.0
0.0
0.0
0.0
0.0
0.0
0.0
0.0
0.0
0.0
0.0
0.0
0.0
0.0
0.0
0.0
0.0
0.0
0.0
0.0
0.0
0.0
0.0
0.0
0.0
0.0
0.0
0.0
0.0
0.0
0.0
0.0
0.0
0.0
0.0
0.0
0.0
0.0
0.0
0.0
0.0
0.0
0.0
0.0
0.0
0.0
0.0
0.0
0.0
0.0
0.0
0.0
0.0
0.0
0.0
0.0
0.0
0.0
0.0
0.0
0.0
0.0
0.0
0.0
0.0
0.0
0.0
0.0
0.0
0.0
0.0
0.0
0.0
0.0
0.0
0.0
0.0
0.0
0.0
0.0
0.0
0.0
0.0
0.0
0.0
0.0
0.0
0.0
0.0
0.0
0.0
0.0
0.0
0.0
0.0
0.0
0.0
0.0
0.0
0.0
0.0
0.0
0.0
0.0
0.0
0.0
0.0
0.0
0.0
0.0
0.0
0.0
0.0
0.0
0.0
0.0
0.0
0.0
0.0
0.0
0.0
0.0
0.0
0.0
0.0
0.0
0.0
0.0
0.0
0.0
0.0
0.0
0.0
0.0
0.0
0.0
0.0
0.0
0.0
0.0
0.0
0.0
0.0
0.0
0.0
0.0
0.0
0.0
0.0
0.0
0.0
0.0
0.0
0.0
0.0
0.0
0.0
0.0
0.0
0.0
0.0
0.0
0.0
0.0
0.0
0.0
0.0
0.0
0.0
0.0
0.0
0.0
0.0
0.0
0.0
0.0
0.0
0.0
0.0
0.0
0.0
0.0
0.0
0.0
0.0
0.0
0.0
0.0
0.0
0.0
0.0
0.0
0.0
0.0
0.0
0.0
0.0
0.0
0.0
0.0
0.0
0.0
0.0
0.0
0.0
0.0
0.0
0.0
0.0
0.0
0.0
0.0
0.0
0.0
0.0
0.0
0.0
0.0
0.0
0.0
0.0
0.0
0.0
0.0
0.0
0.0
0.0
0.0
0.0
0.0
0.0
0.0
0.0
0.0
0.0
0.0
0.0
0.0
0.0
0.0
0.0
0.0
0.0
0.0
0.0
0.0
0.0
0.0
0.0
0.0
0.0
0.0
0.0
0.0
0.0
0.0
0.0
0.0
0.0
0.0
0.0
0.0
0.0
0.0
0.0
0.0
0.0
0.0
0.0
0.0
0.0
0.0
0.0
0.0
0.0
0.0
0.0
0.0
0.0
0.0
0.0
0.0
0.0
0.0
0.0
0.0
0.0
0.0
0.0
0.0
0.0
0.0
0.0
0.0
0.0
0.0
0.0
0.0
0.0
0.0
0.0
0.0
0.0
0.0
0.0
0.0
0.0
0.0
0.0
0.0
0.0
0.0
0.0
0.0
0.0
0.0
0.0
0.0
0.0
0.0
0.0
0.0
0.0
0.0
0.0
0.0
0.0
0.0
0.0
0.0
0.0
0.0
0.0
0.0
0.0
0.0
0.0
0.0
0.0
0.0
0.0
0.0
0.0
0.0
0.0
0.0
0.0
0.0
0.0
0.0
0.0
0.0
0.0
0.0
0.0
0.0
0.0
0.0
0.0
0.0
0.0
0.0
0.0
0.0
0.0
0.0
0.0
0.0
0.0
0.0
0.0
0.0
0.0
0.0
0.0
0.0
0.0
0.0
0.0
0.0
0.0
0.0
0.0
0.0
0.0
0.0
0.0
0.0
0.0
0.0
0.0
0.0
0.0
0.0
0.0
0.0
0.0
0.0
0.0
0.0
0.0
0.0
0.0
0.0
0.0
0.0
0.0
0.0
0.0
0.0
0.0
0.0
0.0
0.0
0.0
0.0
0.0
0.0
0.0
0.0
0.0
0.0
0.0
0.0
0.0
0.0
0.0
0.0
0.0
0.0
0.0
0.0
0.0
0.0
0.0
0.0
0.0
0.0
0.0
0.0
0.0
0.0
0.0
0.0
0.0
0.0
0.0
0.0
0.0
0.0
0.0
0.0
0.0
0.0
0.0
0.0
0.0
0.0
0.0
0.0
0.0
0.0
0.0
0.0
0.0
0.0
0.0
0.0
0.0
0.0
0.0
0.0
0.0
0.0
0.0
0.0
0.0
0.0
0.0
0.0
0.0
0.0
0.0
0.0
0.0
0.0
0.0
0.0
0.0
0.0
0.0
0.0
0.0
0.0
0.0
0.0
0.0
0.0
0.0
0.0
0.0
0.0
0.0
0.0
0.0
0.0
0.0
0.0
0.0
0.0
0.0
0.0
0.0
0.0
0.0
0.0
0.0
0.0
0.0
0.0
0.0
0.0
0.0
0.0
0.0
0.0
0.0
0.0
0.0
0.0
0.0
0.0
0.0
0.0
0.0
0.0
0.0
0.0
0.0
0.0
0.0
0.0
0.0
0.0
0.0
0.0
0.0
0.0
0.0
0.0
0.0
0.0
0.0
0.0
0.0
0.0
0.0
0.0
0.0
0.0
0.0
0.0
0.0
0.0
0.0
0.0
0.0
0.0
0.0
0.0
0.0
0.0
0.0
0.0
0.0
0.0
0.0
0.0
0.0
0.0
0.0
0.0
0.0
0.0
0.0
0.0
0.0
0.0
0.0
0.0
0.0
0.0
0.0
0.0
0.0
0.0
0.0
0.0
0.0
0.0
0.0
0.0
0.0
0.0
0.0
0.0
0.0
0.0
0.0
0.0
0.0
0.0
0.0
0.0
0.0
0.0
0.0
0.0
0.0
0.0
0.0
0.0
0.0
0.0
0.0
0.0
0.0
0.0
0.0
0.0
0.0
0.0
0.0
0.0
0.0
0.0
0.0
0.0
0.0
0.0
0.0
0.0
0.0
0.0
0.0
0.0
0.0
0.0
0.0
0.0
0.0
0.0
0.0
0.0
0.0
0.0
0.0
0.0
0.0
0.0
0.0
0.0
0.0
0.0
0.0
0.0
0.0
0.0
0.0
0.0
0.0
0.0
0.0
0.0
0.0
0.0
0.0
0.0
0.0
0.0
0.0
0.0
0.0
0.0
0.0
0.0
0.0
0.0
0.0
0.0
0.0
0.0
0.0
0.0
0.0
0.0
0.0
0.0
0.0
0.0
0.0
0.0
0.0
0.0
0.0
0.0
0.0
0.0
0.0
0.0
0.0
0.0
0.0
0.0
0.0
0.0
0.0
0.0
0.0
0.0
0.0
0.0
0.0
0.0
0.0
0.0
0.0
0.0
0.0
0.0
0.0
0.0
0.0
0.0
0.0
0.0
0.0
0.0
0.0
0.0
0.0
0.0
0.0
0.0
0.0
0.0
0.0
0.0
0.0
0.0
0.0
0.0
0.0
0.0
0.0
0.0
0.0
0.0
0.0
0.0
0.0
0.0
0.0
0.0
0.0
0.0
0.0
0.0
0.0
0.0
0.0
0.0
0.0
0.0
0.0
0.0
0.0
0.0
0.0
0.0
0.0
0.0
0.0
0.0
0.0
0.0
0.0
0.0
0.0
0.0
0.0
0.0
0.0
0.0
0.0
0.0
0.0
0.0
0.0
0.0
0.0
0.0
0.0
0.0
0.0
0.0
0.0
0.0
0.0
0.0
0.0
0.0
0.0
0.0
0.0
0.0
0.0
0.0
0.0
0.0
0.0
0.0
0.0
0.0
0.0
0.0
0.0
0.0
0.0
0.0
0.0
0.0
0.0
0.0
0.0
0.0
0.0
0.0
0.0
0.0
0.0
0.0
0.0
0.0
0.0
0.0
0.0
0.0
0.0
0.0
0.0
0.0
0.0
0.0
0.0
0.0
0.0
0.0
0.0
0.0
0.0
0.0
0.0
0.0
0.0
0.0
0.0
0.0
0.0
0.0
0.0
0.0
0.0
0.0
0.0
0.0
0.0
0.0
0.0
0.0
0.0
0.0
0.0
0.0
0.0
0.0
0.0
0.0
0.0
0.0
0.0
0.0
0.0
0.0
0.0
0.0
0.0
0.0
0.0
0.0
0.0
0.0
0.0
0.0
0.0
0.0
0.0
0.0
0.0
0.0
0.0
0.0
0.0
0.0
0.0
0.0
0.0
0.0
0.0
0.0
0.0
0.0
0.0
0.0
0.0
0.0
0.0
0.0
0.0
0.0
0.0
0.0
0.0
0.0
0.0
0.0
0.0
0.0
0.0
0.0
0.0
0.0
0.0
0.0
0.0
0.0
0.0
0.0
0.0
0.0
0.0
0.0
0.0
0.0
0.0
0.0
0.0
0.0
0.0
0.0
0.0
0.0
0.0
0.0
0.0
0.0
0.0
0.0
0.0
0.0
0.0
0.0
0.0
0.0
0.0
0.0
0.0
0.0
0.0
0.0
0.0
0.0
0.0
0.0
0.0
0.0
0.0
0.0
0.0
0.0
0.0
0.0
0.0
0.0
0.0
0.0
0.0
0.0
0.0
0.0
0.0
0.0
0.0
0.0
0.0
0.0
0.0
0.0
0.0
0.0
0.0
0.0
0.0
0.0
0.0
0.0
0.0
0.0
0.0
0.0
0.0
0.0
0.0
0.0
0.0
0.0
0.0
0.0
0.0
0.0
0.0
0.0
0.0
0.0
0.0
0.0
0.0
0.0
0.0
0.0
0.0
0.0
0.0
0.0
0.0
0.0
0.0
0.0
0.0
0.0
0.0
0.0
0.0
0.0
0.0
0.0
0.0
0.0
0.0
0.0
0.0
0.0
0.0
0.0
0.0
0.0
0.0
0.0
0.0
0.0
0.0
0.0
0.0
0.0
0.0
0.0
0.0
0.0
0.0
0.0
0.0
0.0
0.0
0.0
0.0
0.0
0.0
0.0
0.0
0.0
0.0
0.0
0.0
0.0
0.0
0.0
0.0
0.0
0.0
0.0
0.0
0.0
0.0
0.0
0.0
0.0
0.0
0.0
0.0
0.0
0.0
0.0
0.0
0.0
0.0
0.0
0.0
0.0
0.0
0.0
0.0
0.0
0.0
0.0
0.0
0.0
0.0
0.0
0.0
0.0
0.0
0.0
0.0
0.0
0.0
0.0
0.0
0.0
0.0
0.0
0.0
0.0
0.0
0.0
0.0
0.0
0.0
0.0
0.0
0.0
0.0
0.0
0.0
0.0
0.0
0.0
0.0
0.0
0.0
0.0
0.0
0.0
0.0
0.0
0.0
0.0
0.0
0.0
0.0
0.0
0.0
0.0
0.0
0.0
0.0
0.0
0.0
0.0
0.0
0.0
0.0
0.0
0.0
0.0
0.0
0.0
0.0
0.0
0.0
0.0
0.0
0.0
0.0
0.0
0.0
0.0
0.0
0.0
0.0
0.0
0.0
0.0
0.0
0.0
0.0
0.0
0.0
0.0
0.0
0.0
0.0
0.0
0.0
0.0
0.0
0.0
0.0
0.0
0.0
0.0
0.0
0.0
0.0
0.0
0.0
0.0
0.0
0.0
0.0
0.0
0.0
0.0
0.0
0.0
0.0
0.0
0.0
0.0
0.0
0.0
0.0
0.0
0.0
0.0
0.0
0.0
0.0
0.0
0.0
0.0
0.0
0.0
0.0
0.0
0.0
0.0
0.0
0.0
0.0
0.0
0.0
0.0
0.0
0.0
0.0
0.0
0.0
0.0
0.0
0.0
0.0
0.0
0.0
0.0
0.0
0.0
0.0
0.0
0.0
0.0
0.0
0.0
0.0
0.0
0.0
0.0
0.0
0.0
0.0
0.0
0.0
0.0
0.0
0.0
0.0
0.0
0.0
0.0
0.0
0.0
0.0
0.0
0.0
0.0
0.0
0.0
0.0
0.0
0.0
0.0
0.0
0.0
0.0
0.0
0.0
0.0
0.0
0.0
0.0
0.0
0.0
0.0
0.0
0.0
0.0
0.0
0.0
0.0
0.0
0.0
0.0
0.0
0.0
0.0
0.0
0.0
0.0
0.0
0.0
0.0
0.0
0.0
0.0
0.0
0.0
0.0
0.0
0.0
0.0
0.0
0.0
0.0
0.0
0.0
0.0
0.0
0.0
0.0
0.0
0.0
0.0
0.0
0.0
0.0
0.0
0.0
0.0
0.0
0.0
0.0
0.0
0.0
0.0
0.0
0.0
0.0
0.0
0.0
0.0
0.0
0.0
0.0
0.0
0.0
0.0
0.0
0.0
0.0
0.0
0.0
0.0
0.0
0.0
0.0
0.0
0.0
0.0
0.0
0.0
0.0
0.0
0.0
0.0
0.0
0.0
0.0
0.0
0.0
0.0
0.0
0.0
0.0
0.0
0.0
0.0
0.0
0.0
0.0
0.0
0.0
0.0
0.0
0.0
0.0
0.0
0.0
0.0
0.0
0.0
0.0
0.0
0.0
0.0
0.0
0.0
0.0
0.0
0.0
0.0
0.0
0.0
0.0
0.0
0.0
0.0
0.0
0.0
0.0
0.0
0.0
0.0
0.0
0.0
0.0
0.0
0.0
0.0
0.0
0.0
0.0
0.0
0.0
0.0
0.0
0.0
0.0
0.0
0.0
0.0
0.0
0.0
0.0
0.0
0.0
0.0
0.0
0.0
0.0
0.0
0.0
0.0
0.0
0.0
0.0
0.0
0.0
0.0
0.0
0.0
0.0
0.0
0.0
0.0
0.0
0.0
0.0
0.0
0.0
0.0
0.0
0.0
0.0
0.0
0.0
0.0
0.0
0.0
0.0
0.0
0.0
0.0
0.0
0.0
0.0
0.0
0.0
0.0
0.0
0.0
0.0
0.0
0.0
0.0
0.0
0.0
0.0
0.0
0.0
0.0
0.0
0.0
0.0
0.0
0.0
0.0
0.0
0.0
0.0
0.0
0.0
0.0
0.0
0.0
0.0
0.0
0.0
0.0
0.0
0.0
0.0
0.0
0.0
0.0
0.0
0.0
0.0
0.0
0.0
0.0
0.0
0.0
0.0
0.0
0.0
0.0
0.0
0.0
0.0
0.0
0.0
0.0
0.0
0.0
0.0
0.0
0.0
0.0
0.0
0.0
0.0
0.0
0.0
0.0
0.0
0.0
0.0
0.0
0.0
0.0
0.0
0.0
0.0
0.0
0.0
0.0
0.0
0.0
0.0
0.0
0.0
0.0
0.0
0.0
0.0
0.0
0.0
0.0
0.0
0.0
0.0
0.0
0.0
0.0
0.0
0.0
0.0
0.0
0.0
0.0
0.0
0.0
0.0
0.0
0.0
0.0
0.0
0.0
0.0
0.0
0.0
0.0
0.0
0.0
0.0
0.0
0.0
0.0
0.0
0.0
0.0
0.0
0.0
0.0
0.0
0.0
0.0
0.0
0.0
0.0
0.0
0.0
0.0
0.0
0.0
0.0
0.0
0.0
0.0
0.0
0.0
0.0
0.0
0.0
0.0
0.0
0.0
0.0
0.0
0.0
0.0
0.0
0.0
0.0
0.0
0.0
0.0
0.0
0.0
0.0
0.0
0.0
0.0
0.0
0.0
0.0
0.0
0.0
0.0
0.0
0.0
0.0
0.0
0.0
0.0
0.0
0.0
0.0
0.0
0.0
0.0
0.0
0.0
0.0
0.0
0.0
0.0
0.0
0.0
0.0
0.0
0.0
0.0
0.0
0.0
0.0
0.0
0.0
0.0
0.0
0.0
0.0
0.0
0.0
0.0
0.0
0.0
0.0
0.0
0.0
0.0
0.0
0.0
0.0
0.0
0.0
0.0
0.0
0.0
0.0
0.0
0.0
0.0
0.0
0.0
0.0
0.0
0.0
0.0
0.0
0.0
0.0
0.0
0.0
0.0
0.0
0.0
0.0
0.0
0.0
0.0
0.0
0.0
0.0
0.0
0.0
0.0
0.0
0.0
0.0
0.0
0.0
0.0
0.0
0.0
0.0
0.0
0.0
0.0
0.0
0.0
0.0
0.0
0.0
0.0
0.0
0.0
0.0
0.0
0.0
0.0
0.0
0.0
0.0
0.0
0.0
0.0
0.0
0.0
0.0
0.0
0.0
0.0
0.0
0.0
0.0
0.0
0.0
0.0
0.0
0.0
0.0
0.0
0.0
0.0
0.0
0.0
0.0
0.0
0.0
0.0
0.0
0.0
0.0
0.0
0.0
0.0
0.0
0.0
0.0
0.0
0.0
0.0
0.0
0.0
0.0
0.0
0.0
0.0
0.0
0.0
0.0
0.0
0.0
0.0
0.0
0.0
0.0
0.0
0.0
0.0
0.0
0.0
0.0
0.0
0.0
0.0
0.0
0.0
0.0
0.0
0.0
0.0
0.0
0.0
0.0
0.0
0.0
0.0
0.0
0.0
0.0
0.0
0.0
0.0
0.0
0.0
0.0
0.0
0.0
0.0
0.0
0.0
0.0
0.0
0.0
0.0
0.0
0.0
0.0
0.0
0.0
0.0
0.0
0.0
0.0
0.0
0.0
0.0
0.0
0.0
0.0
0.0
0.0
0.0
0.0
0.0
0.0
0.0
0.0
0.0
0.0
0.0
0.0
0.0
0.0
0.0
0.0
0.0
0.0
0.0
0.0
0.0
0.0
0.0
0.0
0.0
0.0
0.0
0.0
0.0
0.0
0.0
0.0
0.0
0.0
0.0
0.0
0.0
0.0
0.0
0.0
0.0
0.0
0.0
0.0
0.0
0.0
0.0
0.0
0.0
0.0
0.0
0.0
0.0
0.0
0.0
0.0
0.0
0.0
0.0
0.0
0.0
0.0
0.0
0.0
0.0
0.0
0.0
0.0
0.0
0.0
0.0
0.0
0.0
0.0
0.0
0.0
0.0
0.0
0.0
0.0
0.0
0.0
0.0
0.0
0.0
0.0
0.0
0.0
0.0
0.0
0.0
0.0
0.0
0.0
0.0
0.0
0.0
0.0
0.0
0.0
0.0
0.0
0.0
0.0
0.0
0.0
0.0
0.0
0.0
0.0
0.0
0.0
0.0
0.0
0.0
0.0
0.0
0.0
0.0
0.0
0.0
0.0
0.0
0.0
0.0
0.0
0.0
0.0
0.0
0.0
0.0
0.0
0.0
0.0
0.0
0.0
0.0
0.0
0.0
0.0
0.0
0.0
0.0
0.0
0.0
0.0
0.0
0.0
0.0
0.0
0.0
0.0
0.0
0.0
0.0
0.0
0.0
0.0
0.0
0.0
0.0
0.0
0.0
0.0
0.0
0.0
0.0
0.0
0.0
0.0
0.0
0.0
0.0
0.0
0.0
0.0
0.0
0.0
0.0
0.0
0.0
0.0
0.0
0.0
0.0
0.0
0.0
0.0
0.0
0.0
0.0
0.0
0.0
0.0
0.0
0.0
0.0
0.0
0.0
0.0
0.0
0.0
0.0
0.0
0.0
0.0
0.0
0.0
0.0
0.0
0.0
0.0
0.0
0.0
0.0
0.0
0.0
0.0
0.0
0.0
0.0
0.0
0.0
0.0
0.0
0.0
0.0
0.0
0.0
0.0
0.0
0.0
0.0
0.0
0.0
0.0
0.0
0.0
0.0
0.0
0.0
0.0
0.0
0.0
0.0
0.0
0.0
0.0
0.0
0.0
0.0
0.0
0.0
0.0
0.0
0.0
0.0
0.0
0.0
0.0
0.0
0.0
0.0
0.0
0.0
0.0
0.0
0.0
0.0
0.0
0.0
0.0
0.0
0.0
0.0
0.0
0.0
0.0
0.0
0.0
0.0
0.0
0.0
0.0
0.0
0.0
0.0
0.0
0.0
0.0
0.0
0.0
0.0
0.0
0.0
0.0
0.0
0.0
0.0
0.0
0.0
0.0
0.0
0.0
0.0
0.0
0.0
0.0
0.0
0.0
0.0
0.0
0.0
0.0
0.0
0.0
0.0
0.0
0.0
0.0
0.0
0.0
0.0
0.0
0.0
0.0
0.0
0.0
0.0
0.0
0.0
0.0
0.0
0.0
0.0
0.0
0.0
0.0
0.0
0.0
0.0
0.0
0.0
0.0
0.0
0.0
0.0
0.0
0.0
0.0
0.0
0.0
0.0
0.0
0.0
0.0
0.0
0.0
0.0
0.0
0.0
0.0
0.0
0.0
0.0
0.0
0.0
0.0
0.0
0.0
0.0
0.0
0.0
0.0
0.0
0.0
0.0
0.0
0.0
0.0
0.0
0.0
0.0
0.0
0.0
0.0
0.0
0.0
0.0
0.0
0.0
0.0
0.0
0.0
0.0
0.0
0.0
0.0
0.0
0.0
0.0
0.0
0.0
0.0
0.0
0.0
0.0
0.0
0.0
0.0
0.0
0.0
0.0
0.0
0.0
0.0
0.0
0.0
0.0
0.0
0.0
0.0
0.0
0.0
0.0
0.0
0.0
0.0
0.0
0.0
0.0
0.0
0.0
0.0
0.0
0.0
0.0
0.0
0.0
0.0
0.0
0.0
0.0
0.0
0.0
0.0
0.0
0.0
0.0
0.0
0.0
0.0
0.0
0.0
0.0
0.0
0.0
0.0
0.0
0.0
0.0
0.0
0.0
0.0
0.0
0.0
0.0
0.0
0.0
0.0
0.0
0.0
0.0
0.0
0.0
0.0
0.0
0.0
0.0
0.0
0.0
0.0
0.0
0.0
0.0
0.0
0.0
0.0
0.0
0.0
0.0
0.0
0.0
0.0
0.0
0.0
0.0
0.0
0.0
0.0
0.0
0.0
0.0
0.0
0.0
0.0
0.0
0.0
0.0
0.0
0.0
0.0
0.0
0.0
0.0
0.0
0.0
0.0
0.0
0.0
0.0
0.0
0.0
0.0
0.0
0.0
0.0
0.0
0.0
0.0
0.0
0.0
0.0
0.0
0.0
0.0
0.0
0.0
0.0
0.0
0.0
0.0
0.0
0.0
0.0
0.0
0.0
0.0
0.0
0.0
0.0
0.0
0.0
0.0
0.0
0.0
0.0
0.0
0.0
0.0
0.0
0.0
0.0
0.0
0.0
0.0
0.0
0.0
0.0
0.0
0.0
0.0
0.0
0.0
0.0
0.0
0.0
0.0
0.0
0.0
0.0
0.0
0.0
0.0
0.0
0.0
0.0
0.0
0.0
0.0
0.0
0.0
0.0
0.0
0.0
0.0
0.0
0.0
0.0
0.0
0.0
0.0
0.0
0.0
0.0
0.0
0.0
0.0
0.0
0.0
0.0
0.0
0.0
0.0
0.0
0.0
0.0
0.0
0.0
0.0
0.0
0.0
0.0
0.0
0.0
0.0
0.0
0.0
0.0
0.0
0.0
0.0
0.0
0.0
0.0
0.0
0.0
