0.0036628727863662856
0.003663107391092752
0.0036633163257375157
0.003663509563855244
0.0036636911731495457
0.0036638636981803944
0.003664028922594452
0.003664188156221618
0.0036643422500880858
0.0036644909508522453
0.003664636230307174
0.003664777829506102
0.0036649166524207284
0.0036650529226268987
0.0036651868172248706
0.003665318739339973
0.003665448778886293
0.0036655770833158956
0.0036657033828302083
0.0036658282206524693
0.0036659517941880675
0.003666074210478227
0.003666195350706718
0.003666315277525925
0.003666434214479513
0.003666552283967864
0.0036666695165517606
0.003666785741511016
0.0036669008757655563
0.0036670152931884597
0.0036671290861053597
0.0036672422957694656
0.0036673549307233277
0.0036674669916168822
0.0036675784329631075
0.0036676892175061407
0.0036677996010878863
0.0036679094817609445
0.0036680188271618007
0.003668127758514331
0.0036682362928349304
0.0036683444372899894
0.0036684521840298218
0.0036685595623531376
0.0036686666122117623
0.003668773357268742
0.0036688797616840673
0.0036689856900198833
0.0036690912190901486
0.0036691965081970873
0.003669301539019831
0.0036694062938033094
0.0036695107861258636
0.003669615046880657
0.0036697191035761282
0.003669822971699673
0.0036699266539146507
0.0036700301302253617
0.0036701332572850486
0.0036702361000504734
0.0036703386495386056
0.0036704410229234457
0.0036705432544779553
0.0036706453646417605
0.003670747365103146
0.003670849257929332
0.003670951049309273
0.00367105273633789
0.003671154288085197
0.003671255599289258
0.003671356747424984
0.0036714577884014153
0.0036715587079375416
0.003671659457261965
0.0036717600963980883
0.003671860676632199
0.003671961198547248
0.0036720616654745825
0.003672162073323834
0.0036722624083162115
0.0036723626201621115
0.0036724626833775265
0.003672562681706577
0.0036726626421298646
0.00367276256931325
0.0036728624652370024
0.0036729623030555196
0.003673062044832332
0.0036731616899395567
0.003673261278173952
0.003673360826822831
0.0036734603327893854
0.003673559770861583
0.0036736591362760617
0.0036737584903484225
0.0036738578205493676
0.0036739571470610355
0.0036740564789687295
0.003674155811956377
0.0036742551565571552
0.003674354498195776
0.003674453794789214
0.0036745530907908767
0.0036746523730499144
0.0036747516326207444
0.0036748508339382834
0.003674949985507183
0.00367504912848039
0.003675148270669809
0.0036752474235552733
0.0036753466044589823
0.0036754458161570246
0.0036755450572961337
0.0036756443358666045
0.0036757436547594606
0.0036758430022972464
0.0036759423351936083
0.0036760416729276894
0.003676141001563055
0.003676240354359581
0.0036763397458771103
0.003676439171709745
0.0036765386090830926
0.0036766380574177145
0.003676737529337099
0.00367683702174519
0.0036769365273500937
0.003677036062775528
0.0036771356461390726
0.003677235288462688
0.0036773349816941942
0.0036774346474576836
0.003677534365931901
0.0036776341556917736
0.003677734006848791
0.003677833911442055
0.003677933866846735
0.003678033875069125
0.0036781339360404527
0.003678234061501803
0.0036783342628956407
0.003678434516994234
0.003678534818913547
0.003678635181705185
0.0036787355962074925
0.003678836046006417
0.0036789365342501
0.003679037043910751
0.0036791375891174617
0.0036792382079511264
0.003679338903639489
0.0036794396620435715
0.003679540496914552
0.003679641418655289
0.0036797424093146657
0.0036798434687774885
0.003679944618165255
0.0036800458461680877
0.003680147138025889
0.003680248533833424
0.0036803499678061033
0.003680451457648453
0.0036805530407495435
0.003680654713709653
0.003680756447614603
0.003680858247994852
0.0036809601274596397
0.0036810620957271807
0.0036811641345814603
0.003681266247799572
0.0036813684808846814
0.00368147078220356
0.0036815731438194165
0.003681675591792942
0.0036817781325433467
0.0036818807496472265
0.0036819834409122752
0.003682086243070756
0.003682189126536648
0.003682292127279814
0.0036823951939362635
0.003682498358532744
0.0036826016242214378
0.0036827049731498257
0.0036828084267154196
0.0036829119935819074
0.0036830156529993464
0.0036831194063971966
0.0036832232515131244
0.003683327237193972
0.003683431288574323
0.003683535433723337
0.0036836396540994376
0.003683743997739217
0.003683848444612024
0.0036839529713840486
0.0036840576234429055
0.00368416236420101
0.003684267215004125
0.0036843721707525267
0.003684477194060112
0.0036845822936401244
0.0036846875000242
0.0036847928230181607
0.0036848982618443646
0.003685003834825902
0.0036851095091765327
0.0036852153154745093
0.0036853212183364367
0.0036854272081287354
0.003685533343994573
0.0036856395939481707
0.003685745948046785
0.003685852447096454
0.003685959062140355
0.0036860657679284154
0.003686172596825259
0.0036862795534562086
0.0036863866177251716
0.0036864938060597956
0.0036866011292406853
0.003686708557897859
0.0036868160840244878
0.0036869236987026716
0.003687031449199055
0.0036871393154269795
0.003687247293331751
0.0036873553467533728
0.00368746356000286
0.003687571876149033
0.0036876802884494636
0.0036877888171448696
0.003687897520794778
0.003688006351166254
0.0036881152841231482
0.0036882243454027944
0.0036883335754048637
0.0036884429424141655
0.0036885524072802467
0.0036886620104146536
0.0036887717476253466
0.0036888815998334505
0.003688991581851363
0.0036891016734272907
0.003689211905155265
0.003689322275384554
0.003689432757245072
0.003689543364815919
0.0036896541066608474
0.0036897649705629797
0.0036898759592405204
0.003689987111479507
0.0036900984111007495
0.0036902098407851206
0.003690321389620464
0.0036904330597165875
0.003690544868864382
0.003690656847662887
0.003690768971110251
0.0036908811868742192
0.0036909935226000475
0.0036911060039978927
0.003691218635415417
0.0036913313800592965
0.003691444270667372
0.0036915572865654253
0.0036916704766685265
0.0036917837721870215
0.0036918971671201814
0.003692010707031614
0.003692124416588941
0.0036922382660523737
0.003692352248002304
0.0036924663787433307
0.0036925806647510723
0.0036926950890131083
0.0036928096399440444
0.0036929243276629226
0.0036930391679815566
0.0036931541688647704
0.0036932693439718296
0.0036933846847294065
0.003693500150537955
0.0036936157447071583
0.003693731465857964
0.00369384732616799
0.003693963355760658
0.00369407957170563
0.0036941959086128034
0.0036943123699280244
0.0036944289515658106
0.0036945456795623786
0.0036946626152008955
0.0036947796970368003
0.003694896883525871
0.0036950142253977794
0.0036951317165152034
0.0036952493290688107
0.0036953670731138125
0.003695484972333665
0.0036956030329609456
0.00369572124247632
0.0036958395862736644
0.0036959580692315593
0.003696076718471535
0.003696195555249741
0.0036963145690538978
0.0036964337313944505
0.0036965530298470324
0.003696672476748002
0.003696792096204031
0.0036969118801276945
0.003697031825262798
0.0036971519079456805
0.0036972721171268296
0.0036973924623105348
0.003697512979793842
0.0036976336601399484
0.0036977545138805086
0.003697875540275597
0.003697996707510061
0.003698118019075271
0.0036982394809112066
0.0036983611022139316
0.003698482886684191
0.003698604827003947
0.003698726941534083
0.0036988492302756403
0.0036989716627903457
0.0036990942312694875
0.0036992169467513765
0.0036993398134588904
0.0036994628392357422
0.0036995860352146658
0.0036997094058086907
0.0036998329401464
0.003699956622427298
0.0037000804445352143
0.003700204420436379
0.00370032857618001
0.0037004529193295074
0.0037005774362797303
0.0037007020927226127
0.0037008268865328996
0.003700951821378446
0.003701076933167644
0.003701202217343913
0.0037013276785961033
0.0037014533228331595
0.0037015791369490792
0.003701705098696541
0.00370183120738486
0.003701957473413064
0.003702083901149782
0.003702210484272118
0.003702337230531627
0.00370246415888745
0.003702591267355626
0.003702718539896411
0.003702845975576832
0.00370297358231518
0.0037031013540251402
0.003703229277534165
0.0037033573555346707
0.0037034856019200527
0.0037036140346313018
0.0037037426557591266
0.0037038714348147862
0.0037040003662853946
0.003704129461558231
0.0037042587265824815
0.0037043881591482045
0.0037045177472134565
0.003704647503507229
0.0037047774242948295
0.0037049075027473705
0.003705037764358187
0.0037051681973224292
0.0037052988072882906
0.0037054295962605666
0.003705560559067577
0.0037056916869445296
0.003705822973344415
0.0037059544174384415
0.0037060860218151386
0.0037062177889831517
0.0037063497199927775
0.0037064818137178836
0.003706614055865339
0.003706746482552717
0.0037068791202461942
0.003707011937578781
0.0037071449215585516
0.0037072780681315655
0.0037074113930656554
0.0037075448927462616
0.0037076785520559893
0.003707812373679545
0.003707946359154866
0.003708080502505324
0.003708214801043733
0.003708349301836066
0.003708484009896216
0.0037086188892965755
0.003708753932541501
0.0037088891436729415
0.003709024520658564
0.0037091600605477664
0.0037092957577897615
0.0037094315953785906
0.0037095675844270024
0.00370970381026937
0.003709840203109759
0.0037099767556390394
0.0037101134882727934
0.003710250409011095
0.0037103875084207216
0.003710524777517315
0.003710662207385245
0.003710799772818855
0.003710937535102072
0.003711075474899962
0.003711213591222364
0.003711351897954262
0.0037114903776967337
0.003711629019774502
0.0037117678200359943
0.0037119067662810595
0.003712045872204372
0.0037121851735928114
0.003712324665766992
0.003712464334597896
0.0037126041787339395
0.0037127441973329677
0.003712884401247048
0.003713024776223539
0.0037131653028646657
0.0037133060613599245
0.0037134469923158276
0.003713588091798249
0.0037137293508549478
0.003713870761131083
0.0037140123077981117
0.0037141539819186067
0.003714295880175246
0.003714438017596535
0.003714580320705792
0.003714722777682783
0.0037148653856565045
0.003715008168022923
0.0037151510986109322
0.003715294196782422
0.003715437508338658
0.0037155810213027386
0.003715724688010358
0.003715868502837926
0.003716012481474045
0.0037161565921712465
0.0037163009308150527
0.0037164454498718837
0.0037165901308048
0.0037167349907436375
0.003716880016923407
0.003717025200823459
0.0037171705438420947
0.003717316086532566
0.0037174618337175373
0.0037176077412669254
0.003717753819626418
0.003717900081782164
0.0037180464883471965
0.0037181930681668474
0.003718339841034471
0.0037184867470669678
0.0037186337754745087
0.00371878097035496
0.0037189284004766395
0.0037190760563518455
0.003719223932708777
0.0037193719605325077
0.0037195201347733197
0.0037196684397110802
0.0037198168485414723
0.0037199654011182146
0.0037201142267780903
0.0037202632266364302
0.003720412379654665
0.003720561689842553
0.0037207111121702503
0.0037208606755341723
0.0037210104703569316
0.003721160456247723
0.003721310600114219
0.003721460930311087
0.0037216113444026914
0.0037217620092744826
0.0037219128299523425
0.003722063892541464
0.003722215084249186
0.003722366366821784
0.003722517818410159
0.0037226695307562823
0.0037228213740946583
0.0037229733699298967
0.0037231255274644335
0.00372327778870651
0.003723430283972647
0.0037235829730135604
0.003723735806242667
0.0037238887865183594
0.003724041911376741
0.003724195201551395
0.0037243486876073675
0.003724502341613966
0.0037246561258465747
0.003724810089458275
0.0037249642330116645
0.0037251185763448485
0.0037252730874259283
0.0037254277088559482
0.0037255824159136016
0.003725737298864791
0.0037258924684128256
0.0037260478550192044
0.003726203359995852
0.0037263589624651782
0.0037265146407118397
0.0037266704755068098
0.0037268265514797927
0.003726982827078538
0.003727139274046887
0.0037272958325284523
0.0037274525294195035
0.0037276094542636473
0.003727766533684147
0.0037279237318886636
0.0037280810334950052
0.003728238482522442
0.003728396169099713
0.0037285540473380955
0.003728712072560569
0.003728870206718822
0.003729028493421946
0.0037291869355753284
0.0037293455287188138
0.003729504237087519
0.0037296630171724673
0.0037298221018899212
0.003729981334461397
0.0037301407064349334
0.0037303002666073722
0.003730459911431859
0.0037306197547501744
0.0037307797378888026
0.0037309398227487267
0.003731100056332865
0.003731260372055421
0.0037314209411716008
0.003731581644996115
0.003731742465325449
0.00373190344700661
0.003732064693027796
0.003732226017968982
0.0037323874111965406
0.003732548904473517
0.003732710636952265
0.003732872558798041
0.003733034585139683
0.003733196702238216
0.0037333588330364493
0.0037335213722736148
0.003733684089273875
0.0037338468745578843
0.0037340096804444234
0.003734172492291528
0.003734335610051604
0.0037344989695861975
0.0037346624461183442
0.0037348259282806604
0.003734989538654584
0.0037351533449556384
0.003735317360056711
0.0037354814997163986
0.0037356457208377884
0.0037358100689505475
0.0037359745368595165
0.003736139125648076
0.0037363038417473882
0.0037364687510252925
0.0037366338483753544
0.0037367990400268896
0.003736964259144754
0.0037371296344187966
0.003737295183511475
0.003737460869478973
0.0037376266657370783
0.003737792603461685
0.0037379586845059077
0.0037381248583345243
0.003738291137615318
0.003738457524018759
0.0037386240903646076
0.0037387908242527265
0.0037389576275012036
0.003739124510069877
0.0037392915175362925
0.003739458672316433
0.0037396259493327703
0.0037397933544793755
0.003739960896546454
0.0037401285968585293
0.0037402963232525495
0.0037404640898911616
0.003740632010915454
0.0037408001900051716
0.003740968455455519
0.003741136742540391
0.0037413051185950425
0.0037414737433638856
0.0037416423801565402
0.0037418110456905653
0.003741979869900614
0.0037421489682370065
0.003742318144560884
0.003742487282323022
0.003742656412022312
0.0037428257830048415
0.003742995401804904
0.003743165043152278
0.003743334631434645
0.0037435043759035083
0.0037436744219656727
0.0037438444795525536
0.003744014485414433
0.0037441845686363635
0.003744354910292923
0.003744525454390119
0.0037446959472627666
0.0037448664483590677
0.003745037013447094
0.003745207791740564
0.003745378690130937
0.0037455496874223646
0.003745720699679514
0.003745891780926228
0.0037460629252213814
0.003746234284934439
0.003746405680117742
0.003746577154441118
0.003746748555356966
0.003746920294173664
0.00374709203710367
0.0037472639114861967
0.003747435653354237
0.0037476076235329484
0.0037477796571229564
0.0037479518717412723
0.003748123995150835
0.0037482963025017224
0.0037484685782306704
0.0037486409615332854
0.0037488134221693157
0.0037489860986197714
0.003749158724943481
0.0037493313310159016
0.0037495040286067705
0.003749676929915141
0.0037498498761893706
0.0037500228019196583
0.00375019578962314
0.0037503688702615794
0.0037505420050661428
0.0037507151599791987
0.003750888476456852
0.0037510618220871024
0.0037512351434914404
0.0037514084588468224
0.00375158207037982
0.0037517557020985423
0.003751929257861231
0.003752102788024486
0.003752276578417754
0.0037524504241200356
0.0037526241975706564
0.003752797955228309
0.0037529718995452164
0.0037531458743415517
0.003753319790878062
0.0037534937892726656
0.0037536679440934562
0.003753842087322554
0.0037540160596687988
0.0037541902441259024
0.0037543646117975515
0.0037545389561580694
0.0037547131069534524
0.00375488742880851
0.0037550619640615342
0.0037552364833573254
0.0037554108242826754
0.003755585257492094
0.003755759851522474
0.003755934403197884
0.003756108956517235
0.0037562835605246887
0.0037564582250700102
0.0037566328212731846
0.0037568074276497416
0.003756982096624877
0.0037571568395702764
0.003757331578835567
0.003757506313374145
0.003757681020012477
0.0037578557148250646
0.003758030582845937
0.003758205456296329
0.003758380197257304
0.003758554884074573
0.003758729737322249
0.0037589046915944033
0.0037590794976348676
0.0037592542135677287
0.003759429005217841
0.003759603888806095
0.0037597786776884757
0.0037599534711865047
0.0037601282755267756
0.0037603030628737604
0.003760477829921243
0.0037606526167658803
0.0037608273793144752
0.0037610020693813005
0.0037611767917796195
0.003761351520471342
0.003761526181541576
0.003761700812091131
0.003761875517243855
0.0037620501678646435
0.003762224686636762
0.0037623992283201055
0.00376257383705538
0.003762748373435214
0.003762922743423065
0.0037630971567943644
0.0037632716643397975
0.0037634460898420667
0.003763620395603475
0.0037637946634267922
0.003763968914906878
0.003764143100875452
0.00376431734126008
0.003764491534832763
0.00376466553653014
0.0037648395397211864
0.003765013648789164
0.0037651876527871764
0.0037653613838056535
0.0037655351814804075
0.0037657091428210943
0.0037658829104033798
0.003766056459115573
0.0037662300662235065
0.003766403740459591
0.003766577183790101
0.0037667505344451376
0.003766923988278552
0.0037670973402064763
0.0037672704970138373
0.003767443624866891
0.003767616786622728
0.00376778972575918
0.0037679625417191497
0.003768135508285554
0.0037683083994500184
0.003768481022126514
0.0037686535663451134
0.0037688261976880303
0.0037689986671694538
0.0037691709226492184
0.003769343216931073
0.00376951548860634
0.0037696875753742997
0.003769859460099528
0.0037700313731139383
0.0037702031781147154
0.0037703747259821545
0.0037705461448644425
0.0037707174857878807
0.003770888797548299
0.003771059947320455
0.003771230956920942
0.003771401867195426
0.0037715727144551786
0.0037717434793334563
0.003771914019706124
0.003772084452775122
0.00377225483990103
0.003772425078081498
0.003772595168895888
0.0037727651685295206
0.0037729350711495865
0.003773104736053061
0.0037732743154761284
0.0037734439021824013
0.0037736132469633576
0.0037737823801448694
0.003773951445516398
0.0037741204525700246
0.0037742891878746894
0.003774457770621476
0.0037746263515494984
0.00377479474876878
0.0037749629150831123
0.0037751309562663754
0.003775298886651873
0.003775466662062579
0.0037756342784314384
0.003775801723667202
0.0037759689524005818
0.003776136062046842
0.003776303101939235
0.0037764698579554855
0.00377663645634263
0.0037768030034455733
0.003776969329650154
0.0037771353690877105
0.003777301299129139
0.0037774671808868754
0.0037776327089567015
0.003777798024458791
0.0037779633518804623
0.003778128389237457
0.0037782931755959283
0.003778457837602425
0.0037786223772002235
0.0037787865652657887
0.003778950549878001
0.003779114534341136
0.0037792782069413014
0.0037794416345233177
0.00377960496470824
0.0037797680789810905
0.0037799309013036493
0.003780093544098741
0.0037802560528978
0.0037804182129791784
0.0037805801985792338
0.003780742141316214
0.0037809037057761515
0.003781064986434511
0.0037812262258264395
0.003781387237129087
0.0037815478217787277
0.003781708250136734
0.003781868673104642
0.0037820286608212387
0.0037821883075906224
0.0037823479415955035
0.003782507310857398
0.003782666280877931
0.003782825112919128
0.003782983808501569
0.003783142117273241
0.0037833001308367384
0.0037834580459382467
0.0037836156650963484
0.003783772929385004
0.003783930047373805
0.003784086879495614
0.003784243326496001
0.003784399663178087
0.003784555801141155
0.00378471155922971
0.0037848670010987417
0.0037850222728106025
0.0037851772112086155
0.0037853317448103695
0.003785486100494359
0.003785640253655588
0.0037857940189779766
0.0037859475323216707
0.0037861007699970294
0.0037862537449121648
0.003786406367735958
0.0037865586810855493
0.0037867107856944925
0.0037868625436526093
0.0037870139855290586
0.003787165148308643
0.0037873160270800203
0.003787466613972425
0.0037876167703998374
0.003787766716551645
0.003787916453773947
0.0037880657267788404
0.0037882146998090317
0.0037883634225815118
0.0037885118198435165
0.003788659789431213
0.0037888074968143266
0.0037889549650987663
0.0037891019795163756
0.0037892486734134537
0.0037893951278759044
0.0037895411569285734
0.003789686847976066
0.0037898322886321207
0.003789977368024684
0.00379012204024145
0.0037902663955999604
0.003790410413521069
0.003790554005718402
0.0037906972797811995
0.0037908402770986628
0.003790982882851482
0.003791125150225252
0.0037912671212474306
0.0037914086469880643
0.0037915497734825267
0.003791690610223018
0.0037918310453622112
0.0037919710774910625
0.003792110756635155
0.003792250054871181
0.003792388976583939
0.0037925275775251145
0.0037926657607500404
0.0037928035951031234
0.003792941115883741
0.0037930783061355016
0.0037932149403342844
0.0037933512475282496
0.0037934873394451273
0.003793622908572401
0.0037937580527077196
0.0037938930181011386
0.0037940275170953697
0.003794161447221746
0.0037942950394723443
0.003794428297178221
0.0037945609815644575
0.003794693249348689
0.003794825252471306
0.0037949567032617084
0.0037950877239856986
0.0037952184490700415
0.003795348633995702
0.0037954783819335956
0.0037956077800260475
0.0037957367170372938
0.0037958651430013484
0.003795993188148862
0.003796120821258987
0.003796247880578831
0.0037963745755212083
0.0037965009206455767
0.003796626644932771
0.003796751940272547
0.0037968769068681255
0.0037970012783406317
0.0037971251671265853
0.0037972487517707134
0.003797371806853398
0.0037974942955670264
0.00379761642806393
0.0037977381127919864
0.003797859179896888
0.0037979798442367417
0.003798100113858973
0.003798219759009258
0.0037983388769896992
0.0037984574071249964
0.003798575325231979
0.0037986927012001364
0.00379880974058944
0.0037989262130298006
0.003799042098548751
0.0037991576152507233
0.0037992726331607584
0.0037993870216970734
0.003799500920680344
0.0037996143901950098
0.0037997272885026867
0.0037998396339703126
0.003799951531399033
0.0038000628774416323
0.0038001736492264283
0.003800283951122646
0.0038003936971522136
0.0038005028710922997
0.0038006115846710266
0.0038007197323997894
0.003800827334633909
0.003800934436973643
0.00380104091353905
0.003801146811146859
0.0038012521588366194
0.0038013569610337097
0.003801461191299463
0.0038015648481976197
0.003801668011983499
0.0038017706019100733
0.0038018725779048624
0.0038019740106769746
0.0038020748638991205
0.0038021751409073093
0.0038022748260752217
0.00380237391840123
0.0038024724858367596
0.003802570427063861
0.003802667732825893
0.0038027645453395597
0.0038028607391188416
0.0038029562855935203
0.003803051286698788
0.00380314569311048
0.0038032394341172902
0.003803332493306273
0.0038034249940893826
0.0038035168281248173
0.003803608027162936
0.0038036986939725815
0.003803788704569491
0.0038038780226678213
0.003803966781792652
0.003804054910136479
0.0038041423326366976
0.0038042291851726052
0.0038043154203697624
0.0038044009047436002
0.0038044858160447173
0.0038045701393735303
0.0038046537361357017
0.0038047366773204115
0.0038048190015589184
0.0038049006361636876
0.0038049815911760645
0.003805061910889498
0.0038051415446497747
0.00380522050296497
0.0038052988584381152
0.0038053765399234597
0.0038054535094827393
0.003805529836095251
0.0038056054683613043
0.003805680349158712
0.003805754588423455
0.00380582812964414
0.003805900906285842
0.0038059730615934216
0.003806044506335893
0.003806115169676364
0.0038061851771775727
0.0038062546542244357
0.003806323352212201
0.0038063914168122693
0.003806458971506539
0.0038065256818887398
0.0038065915981398673
0.003806656822075834
0.0038067212840386315
0.003806784972764178
0.003806847973389863
0.0038069101792665505
0.003806971588001791
0.0038070323383566492
0.003807092280695022
0.0038071513937448353
0.0038072098481888575
0.0038072674978787222
0.0038073242839100946
0.0038073803942691178
0.0038074357267158633
0.0038074901861760834
0.0038075438883492575
0.0038075968430420475
0.0038076489268079514
0.0038077001920723158
0.0038077507140114792
0.0038078003723390824
0.003807849185218349
0.0038078972534064752
0.0038079441282158743
0.0038079900478926914
0.0038080351864274646
0.0038080794732799875
0.0038081228599745397
0.003808165448723591
0.0038082071853002665
0.0038082480056740153
0.0038082880176832654
0.0038083271587184106
0.003808365367889533
0.0038084027751684743
0.003808439297417068
0.0038084748694655036
0.0038085095850525163
0.003808543385472271
0.0038085762044825834
0.003808608119609239
0.0038086391612316664
0.0038086692533877407
0.003808698407469179
0.00380872668507712
0.003808754005838316
0.0038087803470606887
0.0038088057964178242
0.003808830292443934
0.003808853784987262
0.003808876363918001
0.003808897930906304
0.00380891840816532
0.0038089379451676482
0.0038089565109049777
0.0038089740449015483
0.0038089906118365653
0.0038090061854416375
0.003809020730529598
0.0038090342688809594
0.0038090467973832262
0.0038090582909532495
0.0038090687424710886
0.0038090781693065974
0.0038090865495716032
0.0038090938671536453
0.003809100160191801
0.0038091054506907878
0.0038091096615594754
0.0038091128001613767
0.0038091148534938096
0.0038091158123332997
0.0038091156734798327
0.003809114428462668
0.003809112071647027
0.003809108594011676
0.003809103949291382
0.0038090981690907942
0.0038090912452679528
0.003809083169668268
0.0038090740774731164
0.003809064139406256
0.003809053104785701
0.0038090408085566184
0.003809027336685885
0.0038090126742449577
0.0038089968074090643
0.0038089797251915007
0.003808961422476959
0.003808941886604966
0.003808921111885111
0.0038088990888912907
0.0038088758093448526
0.003808851273219199
0.0038088254575049615
0.003808798354424955
0.003808769967817008
0.003808740268713843
0.00380870925605716
0.003808676926781094
0.003808643250874602
0.0038086082689109593
0.003808571825895599
0.0038085335153973184
0.0038084938835415074
0.0038084528542684996
0.0038084103862373367
0.0038083665682640453
0.003808321330881955
0.0038082746219231987
0.003808226515327684
0.003808176978779733
0.0038081259335968885
0.003808073400880319
0.0038080193579250114
0.003807963761872838
0.003807906620497872
0.0038078480486726566
0.0038077879427995866
0.0038077262163141025
0.0038076630230876687
0.0038075981669013857
0.003807531558976876
0.0038074634562817863
0.0038073937948765123
0.0038073223778695604
0.0038072493935242284
0.0038071747933503116
0.003807098456152304
0.003807020467236651
0.003806940828755527
0.003806859473520544
0.003806776431148226
0.0038066917511941005
0.003806605326132815
0.0038065170763318646
0.0038064271068620594
0.0038063353418258425
0.003806241705168388
0.0038061462454847773
0.003806048951016055
0.00380594982243059
0.0038058488153368745
0.003805745912982497
0.003805641157682907
0.003805534672088229
0.003805426245799399
0.003805316192723042
0.0038052042484013294
0.0038050902659482037
0.003804974250120568
0.003804856346891381
0.0038047362733828033
0.003804614085451761
0.003804489995533168
0.003804363724693964
0.0038042352608607696
0.003804104826617524
0.003803972160891031
0.003803837216519697
0.0038037002190811496
0.0038035610054170297
0.00380341941386035
0.003803275635655546
0.003803129614963178
0.0038029804948607835
0.0038028290721745573
0.0038026755561193816
0.003802519429443098
0.0038023608892234248
0.0038022002278493296
0.0038020368292284467
0.0038018708610195557
0.003801702743780598
0.0038015318698377144
0.003801358253848261
0.0038011824138619076
0.003801003763529998
0.00380082226033587
0.0038006383731442584
0.0038004519371700133
0.003800262514071214
0.0038000705175270173
0.003799875958176728
0.003799678352087481
0.0037994780794640528
0.0037992754086628353
0.0037990695829015525
0.0037988607206311015
0.0037986494095375214
0.0037984348474733452
0.003798217173695599
0.003797996922244224
0.003797773444051767
0.003797546786802792
0.0037973173267153563
0.003797084673012064
0.003796849065746085
0.0037966103930146783
0.0037963683673460924
0.0037961233030610574
0.003795875424412138
0.003795624347790459
0.003795369591819811
0.0037951117772140283
0.003794850600431133
0.003794585560760748
0.003794317367271921
0.0037940458116852904
0.0037937703695547654
0.0037934914616760272
0.0037932094273790107
0.0037929232324624288
0.00379263323155188
0.003792340292078857
0.003792042718484449
0.003791740404278295
0.003791435192824555
0.0037911256871468904
0.0037908117042266373
0.0037904944165168346
0.003790173157498509
0.003789847279811311
0.003789517346161845
0.0037891836473117257
0.0037888453162577807
0.003788502594012764
0.0037881562519931624
0.0037878053164470114
0.003787449733571365
0.003787090488190276
0.0037867265775249456
0.0037863576833953977
0.0037859849559718417
0.003785607385100134
0.003785224929267067
0.0037848382768638105
0.003784446588230224
0.0037840500734086704
0.0037836490057811447
0.0037832427816083115
0.0037828320953270382
0.003782416505347864
0.00378199578861082
0.0037815699687559394
0.0037811391254354634
0.0037807037157167912
0.003780262924243599
0.003779816528811366
0.0037793651609763323
0.003778908337217865
0.00377844603388228
0.003777978274507666
0.003777504689874759
0.0037770256096097887
0.0037765409077175293
0.0037760502383896036
0.003775554121737133
0.0037750518060018384
0.003774542375021165
0.0037740272404958412
0.003773505967168515
0.00377297816800289
0.0037724442382744664
0.003771904140529826
0.0037713573383207043
0.0037708041393620098
0.0037702447911555984
0.0037696788253658983
0.0037691061778571625
0.0037685270430049653
0.003767941009750004
0.00376734787367015
0.003766748078640223
0.0037661414230458767
0.0037655272850197147
0.0037649064946798324
0.0037642785381613937
0.0037636426123075777
0.0037630003100534034
0.003762350519116107
0.0037616923469244597
0.00376102714732154
0.0037603544468514443
0.0037596741189726865
0.0037589864363614255
0.0037582909057615257
0.003757586926105473
0.003756874902891903
0.0037561551381154845
0.0037554264663798623
0.0037546890840836973
0.003753944332932733
0.0037531906934578957
0.003752427659342106
0.003751657027105541
0.003750876113927978
0.0037500850597458387
0.0037492859097307657
0.0037484776541398795
0.003747659073784845
0.0037468316877862554
0.003745995525033033
0.0037451491159509564
0.0037442926743827347
0.0037434274309444643
0.003742552002892831
0.00374166605776255
0.003740771146393875
0.0037398658315558287
0.003738949355908128
0.0037380229642601953
0.003737086207182958
0.0037361386505849457
0.0037351810933006296
0.003734212083525739
0.003733231861693009
0.003732240887126689
0.003731239452429631
0.0037302266480534426
0.003729202395875017
0.0037281664337534466
0.0037271184893073184
0.0037260593875082394
0.0037249880121180035
0.003723904013770826
0.003722808314986981
0.0037217005928837153
0.003720579365118614
0.0037194440243642525
0.003718297258226745
0.003717136007177274
0.0037159616417660295
0.003714775971401133
0.003713575018958478
0.003712360335629309
0.0037111337594414825
0.0037098919727963425
0.003708635945337225
0.0037073664968123618
0.003706083545383361
0.0037047840065293426
0.003703471730581745
0.003702146443607365
0.0037008027486239723
0.003699444765350831
0.0036980744920610707
0.003696684980484251
0.0036952808680806018
0.003693864227806972
0.0036924294543749484
0.0036909771398456687
0.0036895111598786476
0.0036880289434455707
0.0036865273334181032
0.0036850111708233643
0.003683479401017404
0.003681925838302333
0.0036803561071014307
0.0036787718665126606
0.0036771640121441847
0.003675538574849308
0.003673899888649551
0.003672239056074693
0.00367055816521412
0.003668862310698358
0.003667146805725284
0.0036654080614314426
0.0036636525931239704
0.0036618810143878963
0.0036600843664135736
0.0036582684044201425
0.0036564362070077086
0.003654579127809604
0.0036527013700941124
0.0036508076179618495
0.0036488880917533
0.003646946815758181
0.0036449870184336354
0.0036430049106771886
0.0036409976221806056
0.0036389696999048686
0.0036369209039146203
0.003634844717240641
0.0036327475729881977
0.0036306276872357726
0.003628480559347905
0.003626309643149275
0.003624117061217148
0.0036218967117249454
0.003619651373400882
0.0036173857229400246
0.0036150893817695506
0.0036127660942277514
0.0036104209669824924
0.0036080486638867945
0.0036056476746887493
0.003603221487767776
0.0036007697560169966
0.0035982864085066955
0.003595776512349823
0.0035932437165708663
0.0035906769869490335
0.0035880809720788246
0.0035854604390724814
0.0035828055972244293
0.0035801206203530753
0.0035774087704909
0.0035746669228317244
0.0035718894567715632
0.003569080740861214
0.003566243907811406
0.0035633701978948747
0.003560464052979281
0.0035575296170996286
0.0035545587508130022
0.0035515538741870707
0.00354851775822103
0.0035454453104868857
0.0035423366626489722
0.003539194519902518
0.0035360196125220956
0.003532805123321686
0.003529552958979632
0.003526267616535536
0.003522943493493793
0.003519580485180204
0.0035161803807741403
0.003512741151446607
0.003509263950014308
0.0035057474871190136
0.0035021895366752613
0.0034985889903890116
0.0034949455470828475
0.003491261709974942
0.0034875362326284485
0.0034837686376199347
0.0034799584274577654
0.003476103851957591
0.003472205963261921
0.003468262341708972
0.0034642720950573214
0.0034602370562365086
0.0034561545344592055
0.0034520247346076175
0.003447849188151816
0.0034436253162016374
0.0034393530758747006
0.003435031669654106
0.003430659937402655
0.003426236435491368
0.0034217617106992735
0.0034172375810469415
0.003412654834204631
0.0034080194403716436
0.0034033337353453932
0.003398590180574388
0.0033937910420372562
0.003388937016261167
0.0033840263912965993
0.003379055062500119
0.003374028373314814
0.0033689466750007357
0.0033637971536091163
0.0033585889377314433
0.003353325372756859
0.0033479948575096887
0.0033426015654063825
0.003337146766411288
0.00333162626634137
0.003326034619259336
0.0033203806612294062
0.0033146638608344656
0.0033088695331889174
0.0033030090276187987
0.003297085678975253
0.0032910790652782317
0.003285003100545045
0.0032788580255211142
0.0032726362073144852
0.0032663345377859404
0.0032599652719142785
0.003253522853346794
0.003246987563831605
0.003240382768545051
0.003233703464404675
0.0032269267197737603
0.00322006903387945
0.0032131390837270837
0.0032061205942378393
0.0031990030833038163
0.003191809805746861
0.0031845342751824855
0.003177148263425877
0.0031696747491973183
0.003162125834898318
0.003154466075451185
0.00314670220281351
0.003138856803334648
0.003130919501380136
0.0031228635077487433
0.0031147108536321156
0.003106460787364427
0.0030981049778724826
0.0030896331740171493
0.0030810696205343852
0.0030723898207850576
0.003063591210208019
0.00305467866631117
0.0030456480720391877
0.003036511986672047
0.0030272491733855087
0.003017863015619071
0.0030083528092909404
0.002998726335056235
0.0029889774909018303
0.0029790727878095846
0.002969061132976949
0.0029589142086589443
0.0029486154095717883
0.002938183206242178
0.0029276252166869545
0.0029169198001680096
0.0029060439083498273
0.002895046517080454
0.002883904929591095
0.002872569515798908
0.0028610941125473597
0.0028494736745983207
0.0028376818854109562
0.0028257104522252546
0.0028135935911722146
0.002801303877067442
0.00278880885348862
0.0027761553230070636
0.00276333385546361
0.002750303633935765
0.002737080631994889
0.002723685628114827
0.0027100863568162454
0.0026962619600858994
0.002682251107540848
0.0026680377352050113
0.0026535801390899605
0.0026389166399188317
0.0026240431800550355
0.002608921513230581
0.0025935525463460694
0.002577969207584123
0.0025621395621748676
0.0025460328347733483
0.002529690045706965
0.002513092806978453
0.0024962124895106224
0.002479106355852
0.00246179101904546
0.0024442249575838577
0.0024263832382511764
0.002408308098058009
0.0023899755800737997
0.002371340137972668
0.002352432433751449
0.002333251374946045
0.0023137497055797803
0.0022939234968864792
0.002273804300971228
0.0022533503582380814
0.0022325209705107074
0.0022113490473149536
0.002189811951131897
0.002167865222514734
0.0021455147746578967
0.0021227713665105496
0.0020995845370633207
0.00207592440616071
0.002051822461479382
0.002027220640419317
0.0020020837897046628
0.0019764183043560505
0.0019502109515113929
0.0019233901662656224
0.0018959331233715554
0.0018678597661195904
0.0018390820214551505
0.0018095587271137457
0.0017792951015946816
0.0017482405743986917
0.0017162847055572385
0.0016834088581391504
0.0016496016117171686
0.0016147159643961789
0.0015786877663679843
0.0015415004836213607
0.0015030126578273687
0.0014630479393513338
0.0014215497071027
0.0013784377178340885
0.0013334124512660154
0.0012862594622744322
0.0012368844713436756
0.0011848837210153159
0.0011297920135710025
0.001071238510276875
0.0010087065811857903
0.0009411851071938154
0.0008674493509991344
0.0007860320505302535
0.0006940661486627325
0.0005862446528020319
0.0004514954460277386
0.00025012696778364764
0.0
0.0
0.0
0.0
0.0
0.0
0.0
0.0
0.0
0.0
0.0
0.0
0.0
0.0
0.0
0.0
0.0
0.0
0.0
0.0
0.0
0.0
0.0
0.0
0.0
0.0
0.0
0.0
0.0
0.0
0.0
0.0
0.0
0.0
0.0
0.0
0.0
0.0
0.0
0.0
0.0
0.0
0.0
0.0
0.0
0.0
0.0
0.0
0.0
0.0
0.0
0.0
0.0
0.0
0.0
0.0
0.0
0.0
0.0
0.0
0.0
0.0
0.0
0.0
0.0
0.0
0.0
0.0
0.0
0.0
0.0
0.0
0.0
0.0
0.0
0.0
0.0
0.0
0.0
0.0
0.0
0.0
0.0
0.0
0.0
0.0
0.0
0.0
0.0
0.0
0.0
0.0
0.0
0.0
0.0
0.0
0.0
0.0
0.0
0.0
0.0
0.0
0.0
0.0
0.0
0.0
0.0
0.0
0.0
0.0
0.0
0.0
0.0
0.0
0.0
0.0
0.0
0.0
0.0
0.0
0.0
0.0
0.0
0.0
0.0
0.0
0.0
0.0
0.0
0.0
0.0
0.0
0.0
0.0
0.0
0.0
0.0
0.0
0.0
0.0
0.0
0.0
0.0
0.0
0.0
0.0
0.0
0.0
0.0
0.0
0.0
0.0
0.0
0.0
0.0
0.0
0.0
0.0
0.0
0.0
0.0
0.0
0.0
0.0
0.0
0.0
0.0
0.0
0.0
0.0
0.0
0.0
0.0
0.0
0.0
0.0
0.0
0.0
0.0
0.0
0.0
0.0
0.0
0.0
0.0
0.0
0.0
0.0
0.0
0.0
0.0
0.0
0.0
0.0
0.0
0.0
0.0
0.0
0.0
0.0
0.0
0.0
0.0
0.0
0.0
0.0
0.0
0.0
0.0
0.0
0.0
0.0
0.0
0.0
0.0
0.0
0.0
0.0
0.0
0.0
0.0
0.0
0.0
0.0
0.0
0.0
0.0
0.0
0.0
0.0
0.0
0.0
0.0
0.0
0.0
0.0
0.0
0.0
0.0
0.0
0.0
0.0
0.0
0.0
0.0
0.0
0.0
0.0
0.0
0.0
0.0
0.0
0.0
0.0
0.0
0.0
0.0
0.0
0.0
0.0
0.0
0.0
0.0
0.0
0.0
0.0
0.0
0.0
0.0
0.0
0.0
0.0
0.0
0.0
0.0
0.0
0.0
0.0
0.0
0.0
0.0
0.0
0.0
0.0
0.0
0.0
0.0
0.0
0.0
0.0
0.0
0.0
0.0
0.0
0.0
0.0
0.0
0.0
0.0
0.0
0.0
0.0
0.0
0.0
0.0
0.0
0.0
0.0
0.0
0.0
0.0
0.0
0.0
0.0
0.0
0.0
0.0
0.0
0.0
0.0
0.0
0.0
0.0
0.0
0.0
0.0
0.0
0.0
0.0
0.0
0.0
0.0
0.0
0.0
0.0
0.0
0.0
0.0
0.0
0.0
0.0
0.0
0.0
0.0
0.0
0.0
0.0
0.0
0.0
0.0
0.0
0.0
0.0
0.0
0.0
0.0
0.0
0.0
0.0
0.0
0.0
0.0
0.0
0.0
0.0
0.0
0.0
0.0
0.0
0.0
0.0
0.0
0.0
0.0
0.0
0.0
0.0
0.0
0.0
0.0
0.0
0.0
0.0
0.0
0.0
0.0
0.0
0.0
0.0
0.0
0.0
0.0
0.0
0.0
0.0
0.0
0.0
0.0
0.0
0.0
0.0
0.0
0.0
0.0
0.0
0.0
0.0
0.0
0.0
0.0
0.0
0.0
0.0
0.0
0.0
0.0
0.0
0.0
0.0
0.0
0.0
0.0
0.0
0.0
0.0
0.0
0.0
0.0
0.0
0.0
0.0
0.0
0.0
0.0
0.0
0.0
0.0
0.0
0.0
0.0
0.0
0.0
0.0
0.0
0.0
0.0
0.0
0.0
0.0
0.0
0.0
0.0
0.0
0.0
0.0
0.0
0.0
0.0
0.0
0.0
0.0
0.0
0.0
0.0
0.0
0.0
0.0
0.0
0.0
0.0
0.0
0.0
0.0
0.0
0.0
0.0
0.0
0.0
0.0
0.0
0.0
0.0
0.0
0.0
0.0
0.0
0.0
0.0
0.0
0.0
0.0
0.0
0.0
0.0
0.0
0.0
0.0
0.0
0.0
0.0
0.0
0.0
0.0
0.0
0.0
0.0
0.0
0.0
0.0
0.0
0.0
0.0
0.0
0.0
0.0
0.0
0.0
0.0
0.0
0.0
0.0
0.0
0.0
0.0
0.0
0.0
0.0
0.0
0.0
0.0
0.0
0.0
0.0
0.0
0.0
0.0
0.0
0.0
0.0
0.0
0.0
0.0
0.0
0.0
0.0
0.0
0.0
0.0
0.0
0.0
0.0
0.0
0.0
0.0
0.0
0.0
0.0
0.0
0.0
0.0
0.0
0.0
0.0
0.0
0.0
0.0
0.0
0.0
0.0
0.0
0.0
0.0
0.0
0.0
0.0
0.0
0.0
0.0
0.0
0.0
0.0
0.0
0.0
0.0
0.0
0.0
0.0
0.0
0.0
0.0
0.0
0.0
0.0
0.0
0.0
0.0
0.0
0.0
0.0
0.0
0.0
0.0
0.0
0.0
0.0
0.0
0.0
0.0
0.0
0.0
0.0
0.0
0.0
0.0
0.0
0.0
0.0
0.0
0.0
0.0
0.0
0.0
0.0
0.0
0.0
0.0
0.0
0.0
0.0
0.0
0.0
0.0
0.0
0.0
0.0
0.0
0.0
0.0
0.0
0.0
0.0
0.0
0.0
0.0
0.0
0.0
0.0
0.0
0.0
0.0
0.0
0.0
0.0
0.0
0.0
0.0
0.0
0.0
0.0
0.0
0.0
0.0
0.0
0.0
0.0
0.0
0.0
0.0
0.0
0.0
0.0
0.0
0.0
0.0
0.0
0.0
0.0
0.0
0.0
0.0
0.0
0.0
0.0
0.0
0.0
0.0
0.0
0.0
0.0
0.0
0.0
0.0
0.0
0.0
0.0
0.0
0.0
0.0
0.0
0.0
0.0
0.0
0.0
0.0
0.0
0.0
0.0
0.0
0.0
0.0
0.0
0.0
0.0
0.0
0.0
0.0
0.0
0.0
0.0
0.0
0.0
0.0
0.0
0.0
0.0
0.0
0.0
0.0
0.0
0.0
0.0
0.0
0.0
0.0
0.0
0.0
0.0
0.0
0.0
0.0
0.0
0.0
0.0
0.0
0.0
0.0
0.0
0.0
0.0
0.0
0.0
0.0
0.0
0.0
0.0
0.0
0.0
0.0
0.0
0.0
0.0
0.0
0.0
0.0
0.0
0.0
0.0
0.0
0.0
0.0
0.0
0.0
0.0
0.0
0.0
0.0
0.0
0.0
0.0
0.0
0.0
0.0
0.0
0.0
0.0
0.0
0.0
0.0
0.0
0.0
0.0
0.0
0.0
0.0
0.0
0.0
0.0
0.0
0.0
0.0
0.0
0.0
0.0
0.0
0.0
0.0
0.0
0.0
0.0
0.0
0.0
0.0
0.0
0.0
0.0
0.0
0.0
0.0
0.0
0.0
0.0
0.0
0.0
0.0
0.0
0.0
0.0
0.0
0.0
0.0
0.0
0.0
0.0
0.0
0.0
0.0
0.0
0.0
0.0
0.0
0.0
0.0
0.0
0.0
0.0
0.0
0.0
0.0
0.0
0.0
0.0
0.0
0.0
0.0
0.0
0.0
0.0
0.0
0.0
0.0
0.0
0.0
0.0
0.0
0.0
0.0
0.0
0.0
0.0
0.0
0.0
0.0
0.0
0.0
0.0
0.0
0.0
0.0
0.0
0.0
0.0
0.0
0.0
0.0
0.0
0.0
0.0
0.0
0.0
0.0
0.0
0.0
0.0
0.0
0.0
0.0
0.0
0.0
0.0
0.0
0.0
0.0
0.0
0.0
0.0
0.0
0.0
0.0
0.0
0.0
0.0
0.0
0.0
0.0
0.0
0.0
0.0
0.0
0.0
0.0
0.0
0.0
0.0
0.0
0.0
0.0
0.0
0.0
0.0
0.0
0.0
0.0
0.0
0.0
0.0
0.0
0.0
0.0
0.0
0.0
0.0
0.0
0.0
0.0
0.0
0.0
0.0
0.0
0.0
0.0
0.0
0.0
0.0
0.0
0.0
0.0
0.0
0.0
0.0
0.0
0.0
0.0
0.0
0.0
0.0
0.0
0.0
0.0
0.0
0.0
0.0
0.0
0.0
0.0
0.0
0.0
0.0
0.0
0.0
0.0
0.0
0.0
0.0
0.0
0.0
0.0
0.0
0.0
0.0
0.0
0.0
0.0
0.0
0.0
0.0
0.0
0.0
0.0
0.0
0.0
0.0
0.0
0.0
0.0
0.0
0.0
0.0
0.0
0.0
0.0
0.0
0.0
0.0
0.0
0.0
0.0
0.0
0.0
0.0
0.0
0.0
0.0
0.0
0.0
0.0
0.0
0.0
0.0
0.0
0.0
0.0
0.0
0.0
0.0
0.0
0.0
0.0
0.0
0.0
0.0
0.0
0.0
0.0
0.0
0.0
0.0
0.0
0.0
0.0
0.0
0.0
0.0
0.0
0.0
0.0
0.0
0.0
0.0
0.0
0.0
0.0
0.0
0.0
0.0
0.0
0.0
0.0
0.0
0.0
0.0
0.0
0.0
0.0
0.0
0.0
0.0
0.0
0.0
0.0
0.0
0.0
0.0
0.0
0.0
0.0
0.0
0.0
0.0
0.0
0.0
0.0
0.0
0.0
0.0
0.0
0.0
0.0
0.0
0.0
0.0
0.0
0.0
0.0
0.0
0.0
0.0
0.0
0.0
0.0
0.0
0.0
0.0
0.0
0.0
0.0
0.0
0.0
0.0
0.0
0.0
0.0
0.0
0.0
0.0
0.0
0.0
0.0
0.0
0.0
0.0
0.0
0.0
0.0
0.0
0.0
0.0
0.0
0.0
0.0
0.0
0.0
0.0
0.0
0.0
0.0
0.0
0.0
0.0
0.0
0.0
0.0
0.0
0.0
0.0
0.0
0.0
0.0
0.0
0.0
0.0
0.0
0.0
0.0
0.0
0.0
0.0
0.0
0.0
0.0
0.0
0.0
0.0
0.0
0.0
0.0
0.0
0.0
0.0
0.0
0.0
0.0
0.0
0.0
0.0
0.0
0.0
0.0
0.0
0.0
0.0
0.0
0.0
0.0
0.0
0.0
0.0
0.0
0.0
0.0
0.0
0.0
0.0
0.0
0.0
0.0
0.0
0.0
0.0
0.0
0.0
0.0
0.0
0.0
0.0
0.0
0.0
0.0
0.0
0.0
0.0
0.0
0.0
0.0
0.0
0.0
0.0
0.0
0.0
0.0
0.0
0.0
0.0
0.0
0.0
0.0
0.0
0.0
0.0
0.0
0.0
0.0
0.0
0.0
0.0
0.0
0.0
0.0
0.0
0.0
0.0
0.0
0.0
0.0
0.0
0.0
0.0
0.0
0.0
0.0
0.0
0.0
0.0
0.0
0.0
0.0
0.0
0.0
0.0
0.0
0.0
0.0
0.0
0.0
0.0
0.0
0.0
0.0
0.0
0.0
0.0
0.0
0.0
0.0
0.0
0.0
0.0
0.0
0.0
0.0
0.0
0.0
0.0
0.0
0.0
0.0
0.0
0.0
0.0
0.0
0.0
0.0
0.0
0.0
0.0
0.0
0.0
0.0
0.0
0.0
0.0
0.0
0.0
0.0
0.0
0.0
0.0
0.0
0.0
0.0
0.0
0.0
0.0
0.0
0.0
0.0
0.0
0.0
0.0
0.0
0.0
0.0
0.0
0.0
0.0
0.0
0.0
0.0
0.0
0.0
0.0
0.0
0.0
0.0
0.0
0.0
0.0
0.0
0.0
0.0
0.0
0.0
0.0
0.0
0.0
0.0
0.0
0.0
0.0
0.0
0.0
0.0
0.0
0.0
0.0
0.0
0.0
0.0
0.0
0.0
0.0
0.0
0.0
0.0
0.0
0.0
0.0
0.0
0.0
0.0
0.0
0.0
0.0
0.0
0.0
0.0
0.0
0.0
0.0
0.0
0.0
0.0
0.0
0.0
0.0
0.0
0.0
0.0
0.0
0.0
0.0
0.0
0.0
0.0
0.0
0.0
0.0
0.0
0.0
0.0
0.0
0.0
0.0
0.0
0.0
0.0
0.0
0.0
0.0
0.0
0.0
0.0
0.0
0.0
0.0
0.0
0.0
0.0
0.0
0.0
0.0
0.0
0.0
0.0
0.0
0.0
0.0
0.0
0.0
0.0
0.0
0.0
0.0
0.0
0.0
0.0
0.0
0.0
0.0
0.0
0.0
0.0
0.0
0.0
0.0
0.0
0.0
0.0
0.0
0.0
0.0
0.0
0.0
0.0
0.0
0.0
0.0
0.0
0.0
0.0
0.0
0.0
0.0
0.0
0.0
0.0
0.0
0.0
0.0
0.0
0.0
0.0
0.0
0.0
0.0
0.0
0.0
0.0
0.0
0.0
0.0
0.0
0.0
0.0
0.0
0.0
0.0
0.0
0.0
0.0
0.0
0.0
0.0
0.0
0.0
0.0
0.0
0.0
0.0
0.0
0.0
0.0
0.0
0.0
0.0
0.0
0.0
0.0
0.0
0.0
0.0
0.0
0.0
0.0
0.0
0.0
0.0
0.0
0.0
0.0
0.0
0.0
0.0
0.0
0.0
0.0
0.0
0.0
0.0
0.0
0.0
0.0
0.0
0.0
0.0
0.0
0.0
0.0
0.0
0.0
0.0
0.0
0.0
0.0
0.0
0.0
0.0
0.0
0.0
0.0
0.0
0.0
0.0
0.0
0.0
0.0
0.0
0.0
0.0
0.0
0.0
0.0
0.0
0.0
0.0
0.0
0.0
0.0
0.0
0.0
0.0
0.0
0.0
0.0
0.0
0.0
0.0
0.0
0.0
0.0
0.0
0.0
0.0
0.0
0.0
0.0
0.0
0.0
0.0
0.0
0.0
0.0
0.0
0.0
0.0
0.0
0.0
0.0
0.0
0.0
0.0
0.0
0.0
0.0
0.0
0.0
0.0
0.0
0.0
0.0
0.0
0.0
0.0
0.0
0.0
0.0
0.0
0.0
0.0
0.0
0.0
0.0
0.0
0.0
0.0
0.0
0.0
0.0
0.0
0.0
0.0
0.0
0.0
0.0
0.0
0.0
0.0
0.0
0.0
0.0
0.0
0.0
0.0
0.0
0.0
0.0
0.0
0.0
0.0
0.0
0.0
0.0
0.0
0.0
0.0
0.0
0.0
0.0
0.0
0.0
0.0
0.0
0.0
0.0
0.0
0.0
0.0
0.0
0.0
0.0
0.0
0.0
0.0
0.0
0.0
0.0
0.0
0.0
0.0
0.0
0.0
0.0
0.0
0.0
0.0
0.0
0.0
0.0
0.0
0.0
0.0
0.0
0.0
0.0
0.0
0.0
0.0
0.0
0.0
0.0
0.0
0.0
0.0
0.0
0.0
0.0
0.0
0.0
0.0
0.0
0.0
0.0
0.0
0.0
0.0
0.0
0.0
0.0
0.0
0.0
0.0
0.0
0.0
0.0
0.0
0.0
0.0
0.0
0.0
0.0
0.0
0.0
0.0
0.0
0.0
0.0
0.0
0.0
0.0
0.0
0.0
0.0
0.0
0.0
0.0
0.0
0.0
0.0
0.0
0.0
0.0
0.0
0.0
0.0
0.0
0.0
0.0
0.0
0.0
0.0
0.0
0.0
0.0
0.0
0.0
0.0
0.0
0.0
0.0
0.0
0.0
0.0
0.0
0.0
0.0
0.0
0.0
0.0
0.0
0.0
0.0
0.0
0.0
0.0
0.0
0.0
0.0
0.0
0.0
0.0
0.0
0.0
0.0
0.0
0.0
0.0
0.0
0.0
0.0
0.0
0.0
0.0
0.0
0.0
0.0
0.0
0.0
0.0
0.0
0.0
0.0
0.0
0.0
0.0
0.0
0.0
0.0
0.0
0.0
0.0
0.0
0.0
0.0
0.0
0.0
0.0
0.0
0.0
0.0
0.0
0.0
0.0
0.0
0.0
0.0
0.0
0.0
0.0
0.0
0.0
0.0
0.0
0.0
0.0
0.0
0.0
0.0
0.0
0.0
0.0
0.0
0.0
0.0
0.0
0.0
0.0
0.0
0.0
0.0
0.0
0.0
0.0
0.0
0.0
0.0
0.0
0.0
0.0
0.0
0.0
0.0
0.0
0.0
0.0
0.0
0.0
0.0
0.0
0.0
0.0
0.0
0.0
0.0
0.0
0.0
0.0
0.0
0.0
0.0
0.0
0.0
0.0
0.0
0.0
0.0
0.0
0.0
0.0
0.0
0.0
0.0
0.0
0.0
0.0
0.0
0.0
0.0
0.0
0.0
0.0
0.0
0.0
0.0
0.0
0.0
0.0
0.0
0.0
0.0
0.0
0.0
0.0
0.0
0.0
0.0
0.0
0.0
0.0
0.0
0.0
0.0
0.0
0.0
0.0
0.0
0.0
0.0
0.0
0.0
0.0
0.0
0.0
0.0
0.0
0.0
0.0
0.0
0.0
0.0
0.0
0.0
0.0
0.0
0.0
0.0
0.0
0.0
0.0
0.0
0.0
0.0
0.0
0.0
0.0
0.0
0.0
0.0
0.0
0.0
0.0
0.0
0.0
0.0
0.0
0.0
0.0
0.0
0.0
0.0
0.0
0.0
0.0
0.0
0.0
0.0
0.0
0.0
0.0
0.0
0.0
0.0
0.0
0.0
0.0
0.0
0.0
0.0
0.0
0.0
0.0
0.0
0.0
0.0
0.0
0.0
0.0
0.0
0.0
0.0
0.0
0.0
0.0
0.0
0.0
0.0
0.0
0.0
0.0
0.0
0.0
0.0
0.0
0.0
0.0
0.0
0.0
0.0
0.0
0.0
0.0
0.0
0.0
0.0
0.0
0.0
0.0
0.0
0.0
0.0
0.0
0.0
0.0
0.0
0.0
0.0
0.0
0.0
0.0
0.0
0.0
0.0
0.0
0.0
0.0
0.0
0.0
0.0
0.0
0.0
0.0
0.0
0.0
0.0
0.0
0.0
0.0
0.0
0.0
0.0
0.0
0.0
0.0
0.0
0.0
0.0
0.0
0.0
0.0
0.0
0.0
0.0
0.0
0.0
0.0
0.0
0.0
0.0
0.0
0.0
0.0
0.0
0.0
0.0
0.0
0.0
0.0
0.0
0.0
0.0
0.0
0.0
0.0
0.0
0.0
0.0
0.0
0.0
0.0
0.0
0.0
0.0
0.0
0.0
0.0
0.0
0.0
0.0
0.0
0.0
0.0
0.0
0.0
0.0
0.0
0.0
0.0
0.0
0.0
0.0
0.0
0.0
0.0
0.0
0.0
0.0
0.0
0.0
0.0
0.0
0.0
0.0
0.0
0.0
0.0
0.0
0.0
0.0
0.0
0.0
0.0
0.0
0.0
0.0
0.0
0.0
0.0
0.0
0.0
0.0
0.0
0.0
0.0
0.0
0.0
0.0
0.0
0.0
0.0
0.0
0.0
0.0
0.0
0.0
0.0
0.0
0.0
0.0
0.0
0.0
0.0
0.0
0.0
0.0
0.0
0.0
0.0
0.0
0.0
0.0
0.0
0.0
0.0
0.0
0.0
0.0
0.0
0.0
0.0
0.0
0.0
0.0
0.0
0.0
0.0
0.0
0.0
0.0
0.0
0.0
0.0
0.0
0.0
0.0
0.0
0.0
0.0
0.0
0.0
0.0
0.0
0.0
0.0
0.0
0.0
0.0
0.0
0.0
0.0
0.0
0.0
0.0
0.0
0.0
0.0
0.0
0.0
0.0
0.0
0.0
0.0
0.0
0.0
0.0
0.0
0.0
0.0
0.0
0.0
0.0
0.0
0.0
0.0
0.0
0.0
0.0
0.0
0.0
0.0
0.0
0.0
0.0
0.0
0.0
0.0
0.0
0.0
0.0
0.0
0.0
0.0
0.0
0.0
0.0
0.0
0.0
0.0
0.0
0.0
0.0
0.0
0.0
0.0
0.0
0.0
0.0
0.0
0.0
0.0
0.0
0.0
0.0
0.0
0.0
0.0
0.0
0.0
0.0
0.0
0.0
0.0
0.0
0.0
0.0
0.0
0.0
0.0
0.0
0.0
0.0
0.0
0.0
0.0
0.0
0.0
0.0
0.0
0.0
0.0
0.0
0.0
0.0
0.0
0.0
0.0
0.0
0.0
