0.02216533919148596
0.02216551769409234
0.022165673876962673
0.022165816099829164
0.022165948064012526
0.022166072087627636
0.022166189772827784
0.022166302278126538
0.02216641037118555
0.022166514017287434
0.02216661470473381
0.022166712326360534
0.022166807571236718
0.02216690063880857
0.02216699169080071
0.022167081035387837
0.02216716876074138
0.02216725499147328
0.022167339572038827
0.02216742289105499
0.022167505096169014
0.02216758627155152
0.022167666351447513
0.022167745391594537
0.022167823551419805
0.022167900920237023
0.02216797752569382
0.0221680532649926
0.022168128095264892
0.022168202269221036
0.022168275852127075
0.022168348875138796
0.02216842134803103
0.02216849327561395
0.02216856463351407
0.022168635403458096
0.022168705753432796
0.022168775621424486
0.022168844991019423
0.022168913943000138
0.022168982490984437
0.022169050638323664
0.02216911834611274
0.02216918567607983
0.022169252655772995
0.02216931930213407
0.022169385594996583
0.022169451453182006
0.022169516928346154
0.02216958212190521
0.02216964702403408
0.02216971162556074
0.02216977593677643
0.02216983997841955
0.02216990376881378
0.02216996731866509
0.02217003063074591
0.022170093694104782
0.022170156423430974
0.022170218861002636
0.02217028100373137
0.02217034292456534
0.02217040464528327
0.022170466178997972
0.02217052753338368
0.02217058871026828
0.022170649713948762
0.02217071054327042
0.02217077118049172
0.022170831564153986
0.022170891742191064
0.02217095174893637
0.022171011576708227
0.022171071197689185
0.0221711306485714
0.02217118996028827
0.02217124913353236
0.02217130817062083
0.022171367069522337
0.022171425822626843
0.0221714844012378
0.022171542791608163
0.02217160104360317
0.022171659173373506
0.02217171718391149
0.02217177507663227
0.022171832836342664
0.022171890441757627
0.022171947893411856
0.02217200521500153
0.022172062416960486
0.02217211949792453
0.022172176443963573
0.02217223325304142
0.022172289960725938
0.022172346560109177
0.02217240306293997
0.02217245947451165
0.0221725157924734
0.02217257202289843
0.022172628157643644
0.022172684173263495
0.022172740095248118
0.022172795916425854
0.02217285163210518
0.02217290722283483
0.022172962694049725
0.022173018069268222
0.022173073353122734
0.0221731285522132
0.02217318367627485
0.022173238726855945
0.02217329370320831
0.022173348609754485
0.02217340344804456
0.022173458211615333
0.022173512876793925
0.022173567454641833
0.022173621937802247
0.022173676344784024
0.022173730683623133
0.02217378495192419
0.022173839137368458
0.022173893239867692
0.022173947266488633
0.022174001215701206
0.022174055083742393
0.02217410887979618
0.02217416261370422
0.022174216291351374
0.022174269908315735
0.022174323422641546
0.022174376877708582
0.02217443028337215
0.022174483634182618
0.022174536925810274
0.02217459015682602
0.022174643328280175
0.022174696440113523
0.022174749498505918
0.022174802509386415
0.022174855460347052
0.022174908348820584
0.022174961181687977
0.02217501395409415
0.022175066657477878
0.022175119293625215
0.022175171853787295
0.022175224345564442
0.022175276788875202
0.022175329185258812
0.022175381527246456
0.022175433821899473
0.022175486074436646
0.022175538275402737
0.022175590424657582
0.022175642532963398
0.022175694594299553
0.022175746600975876
0.02217579857343339
0.022175850477822345
0.022175902323332504
0.022175954128979655
0.022176005892804718
0.02217605759996443
0.02217610925326357
0.022176160859037983
0.022176212422059045
0.022176263932984948
0.022176315393658164
0.0221763668268058
0.022176418206192646
0.02217646952783055
0.022176520804744106
0.022176572039974186
0.02217662322516566
0.022176674359153766
0.02217672546006678
0.022176776512961432
0.022176827535476795
0.022176878501955984
0.02217692942815363
0.022176980315397686
0.022177031154704246
0.02217708195642919
0.022177132724539302
0.022177183448605416
0.02217723412915203
0.022177284764901762
0.022177335379376092
0.022177385935838866
0.022177436447879142
0.022177486906387715
0.022177537334452276
0.022177587722072453
0.022177638057825355
0.02217768836337837
0.022177738620860938
0.022177788840332977
0.022177838997456484
0.02217788907186673
0.02217793909158375
0.02217798907102497
0.022178039014575275
0.022178088921556677
0.02217813880028524
0.02217818863492648
0.022178238439624666
0.022178288197419748
0.022178337903629802
0.022178387585733
0.022178437228334374
0.02217848682653275
0.022178536399032424
0.02217858593193385
0.022178635413285363
0.022178684857891023
0.022178734267535725
0.022178783632620235
0.022178832960442638
0.02217888225558829
0.022178931504229726
0.022178980702507595
0.022179029846213148
0.022179078956711003
0.022179128024478377
0.02217917704740047
0.022179226008915306
0.022179274946994898
0.02217932383546211
0.022179372671106916
0.02217942146285463
0.022179470236587895
0.022179518970104246
0.02217956765231395
0.022179616294465108
0.022179664914102552
0.022179713496548747
0.022179762024102788
0.022179810514419238
0.022179858965227665
0.022179907367758912
0.02217995572823406
0.02218000403745405
0.022180052308531165
0.022180100540292222
0.022180148720642483
0.02218019685544935
0.02218024494807687
0.022180292992852024
0.02218034099064071
0.022180388957773158
0.022180436886709582
0.02218048476954962
0.02218053260126893
0.0221805803824801
0.02218062812044262
0.022180675827702646
0.022180723493031195
0.022180771093861854
0.022180818641748534
0.022180866147209703
0.022180913611590282
0.022180961018981902
0.022181008382817426
0.022181055694000622
0.022181102972539685
0.022181150189216677
0.022181197341364364
0.022181244447652928
0.022181291517774628
0.022181338538855257
0.02218138550742842
0.02218143242979544
0.02218147930807511
0.02218152613479345
0.0221815729048173
0.022181619621910405
0.022181666292053197
0.02218171291792994
0.02218175950445031
0.022181806047485434
0.02218185253014237
0.022181898953416067
0.02218194531639926
0.02218199162359252
0.022182037886514242
0.022182084111262965
0.022182130271241232
0.022182176367505104
0.02218222239811983
0.022182268372992454
0.022182314315589043
0.022182360201009003
0.02218240601260047
0.022182451769863717
0.022182497469863262
0.02218254310137083
0.02218258866794635
0.022182634178284196
0.02218267963421074
0.02218272503033325
0.022182770360575064
0.022182815626379377
0.022182860837584174
0.022182906001576904
0.0221829511135868
0.0221829961621691
0.022183041142146438
0.0221830860577059
0.022183130917318994
0.022183175717275537
0.022183220455724538
0.022183265123292346
0.022183309715460345
0.022183354235365233
0.022183398695890758
0.02218344309288047
0.022183487429535503
0.022183531704903767
0.022183575906699355
0.02218362003570501
0.022183664093561064
0.022183708083024847
0.02218375200480451
0.022183795855632724
0.02218383964145933
0.022183883361547918
0.02218392700436886
0.022183970566657357
0.022184014051850373
0.022184057460899412
0.022184100795979527
0.022184144060348247
0.022184187254823576
0.022184230374876022
0.022184273414367035
0.022184316369947988
0.022184359245953054
0.02218440205070525
0.02218444478596337
0.022184487446227055
0.022184530019088464
0.02218457250333341
0.022184614899715686
0.02218465721979715
0.022184699461255033
0.022184741623196013
0.02218478370724611
0.022184825709434437
0.02218486762165395
0.02218490944310382
0.02218495117662577
0.02218499282299388
0.02218503437945491
0.022185075847885004
0.022185117233752952
0.02218515853551735
0.02218519974716696
0.02218524086768162
0.022185281898868082
0.02218532283800706
0.02218536368017915
0.02218540442560165
0.0221854450779899
0.022185485642197265
0.02218552611795531
0.022185566494827044
0.022185606770403973
0.0221856469475521
0.022185687027348695
0.022185727008326703
0.022185766886047842
0.022185806663655012
0.02218584633921931
0.022185885909909248
0.02218592538267248
0.022185964753045302
0.022186004021874765
0.02218604318886937
0.02218608225159172
0.02218612120658977
0.022186160051141667
0.022186198784261243
0.022186237405955777
0.022186275916189716
0.02218631431450209
0.022186352599760116
0.022186390767049292
0.022186428825993258
0.022186466783118995
0.022186504628339824
0.022186542422683683
0.022186580175475853
0.022186617813806285
0.022186655335715084
0.02218669273608914
0.02218673001485673
0.02218676717161043
0.022186804203868767
0.022186841110153257
0.022186877902399916
0.022186914580777154
0.022186951134389787
0.02218698756030227
0.022187023858718485
0.022187060028191104
0.02218709606704562
0.02218713197295259
0.022187167740642066
0.022187203372316215
0.022187238889243517
0.022187274271957286
0.0221873095176686
0.022187344630668224
0.022187379611924987
0.022187414457928458
0.02218744916537345
0.02218748373105947
0.022187518147833468
0.02218755243012166
0.022187586571945552
0.0221876205719943
0.02218765443257042
0.022187688148311818
0.022187721715612063
0.022187755132502256
0.022187788395170337
0.022187821506031536
0.0221878544725258
0.022187887292288894
0.02218791996081218
0.022187952476668674
0.02218798483855698
0.022188017047836472
0.022188049100098303
0.022188080989917924
0.022188112734233788
0.022188144318214698
0.02218817573987428
0.02218820699616636
0.02218823808426445
0.022188269000030857
0.022188299740744964
0.022188330326341203
0.022188360758508947
0.02218839101986202
0.022188421106788165
0.02218845101768742
0.022188480756397167
0.022188510316365862
0.022188539700561734
0.022188568917055153
0.022188597961851828
0.02218862682400356
0.022188655501360025
0.022188683996051603
0.022188712300732123
0.022188740432992054
0.022188768381966147
0.02218879614281133
0.02218882371758535
0.022188851102575777
0.022188878294992533
0.0221889052939524
0.02218893210568133
0.022188958729504375
0.022188985155867633
0.022189011385424423
0.022189037419144825
0.022189063248735347
0.022189088878104724
0.022189114309275487
0.022189139530559426
0.022189164539195064
0.022189189341681844
0.0221892139479406
0.022189238354410588
0.022189262558293326
0.022189286546671964
0.022189310317546
0.022189333867303783
0.02218935719080308
0.02218938029344524
0.022189403193632325
0.02218942587403141
0.02218944833003941
0.022189470560966935
0.022189492558978764
0.02218951432734032
0.02218953587764533
0.0221895572021348
0.022189578294571705
0.022189599157369816
0.022189619775072406
0.022189640169205972
0.022189660324931023
0.022189680251970028
0.022189699933611487
0.022189719363937443
0.02218973855195174
0.022189757507225585
0.022189776211536224
0.02218979466625049
0.022189812871008917
0.02218983081759722
0.022189848519864327
0.02218986597100288
0.02218988316363153
0.022189900096631236
0.022189916768305003
0.022189933179398595
0.022189949331380483
0.02218996521942189
0.022189980838101715
0.02218999619094212
0.022190011276053346
0.022190026093396348
0.022190040637918483
0.02219005490271722
0.0221900688845051
0.0221900825901604
0.022190096027132764
0.02219010918644104
0.02219012205779113
0.022190134638283402
0.022190146925225317
0.022190158923804448
0.022190170638378238
0.022190182063339378
0.02219019319437883
0.022190204025561662
0.02219021455734238
0.022190224793680914
0.02219023472749066
0.02219024435488517
0.022190253673589257
0.02219026268470181
0.022190271391142723
0.02219027978771722
0.02219028786992194
0.022190295634184225
0.022190303081143295
0.022190310208913776
0.022190317015349202
0.02219032349717237
0.02219032965133869
0.022190335484689957
0.022190340988479253
0.022190346160463538
0.02219035100007788
0.022190355502237143
0.0221903596683493
0.022190363494540018
0.022190366978247597
0.0221903701187566
0.022190372913012953
0.022190375361844848
0.022190377460630597
0.022190379207289015
0.022190380600427863
0.02219038163799822
0.02219038231610188
0.022190382633479253
0.02219038258886894
0.022190382179878686
0.02219038140358201
0.02219038025794339
0.022190378741441957
0.02219037685371449
0.02219037458743003
0.022190371941315287
0.022190369365664292
0.022190366962088388
0.022190364180424103
0.022190361013377097
0.022190357458002248
0.022190353514130557
0.02219034918300673
0.022190344460126004
0.02219033934091585
0.022190333821870044
0.022190327902871232
0.022190321583475545
0.022190314859970875
0.02219030773039704
0.02219030019248572
0.022190292243711746
0.022190283878161913
0.02219027509271979
0.02219026588966111
0.022190256271158577
0.02219024622797815
0.0221902357560924
0.022190224854808517
0.02219021352338505
0.022190201757206318
0.022190189553412606
0.02219017691324285
0.022190163833474875
0.022190150311661515
0.02219013633907496
0.02219012191344923
0.02219010704058023
0.022190091717598497
0.022190075938003404
0.02219005969679519
0.022190042993593798
0.02219002582493106
0.02219000818695731
0.02218999007426026
0.022189971498625855
0.02218995245713811
0.022189932934369664
0.022189912914237376
0.02218989241320731
0.02218987143730295
0.022189849976247115
0.022189828006066108
0.022189805554145556
0.022189782616878595
0.022189759174226446
0.02218973520552801
0.022189710734321876
0.022189685775808692
0.0221896603248356
0.022189634340942406
0.02218960781783291
0.02218958078694226
0.022189553259272805
0.022189525198927453
0.022189496576806373
0.022189467437375317
0.022189437790397063
0.022189407611951154
0.0221893768657435
0.022189345556423455
0.02218931372748766
0.02218928136686143
0.02218924846175149
0.022189214979610763
0.022189180934129343
0.022189146326089246
0.02218911116959235
0.02218907545124669
0.022189039169467406
0.022189002288050517
0.022188964841363044
0.022188926817124
0.022188888247173588
0.022188849035377926
0.02218880925242391
0.022188768865864544
0.02218872793556534
0.02218868637322183
0.022188644213715376
0.022188601424121646
0.022188558068994585
0.022188514076406922
0.022188469517729896
0.022188424359958304
0.022188378581605724
0.022188332140955534
0.022188285105364275
0.02218823746523001
0.02218818918699651
0.022188140234153404
0.02218809064667864
0.022188040440810797
0.02218798958980945
0.02218793808061126
0.022187885920876775
0.022187833117663678
0.022187779623493515
0.022187725474563828
0.022187670684964366
0.022187615246588174
0.02218755857517823
0.02218750064427909
0.022187442072225536
0.0221873828401667
0.02218732284569227
0.02218726215415162
0.022187200818720887
0.02218713880489194
0.022187076038799318
0.0221870125689062
0.022186948424113014
0.022186883549859766
0.022186817912701225
0.022186751570694555
0.02218668458300442
0.02218661679925778
0.022186548222783632
0.022186478988655983
0.022186409149329504
0.02218633851185196
0.02218626705128782
0.02218619485557415
0.02218612199020014
0.022186048339675458
0.0221859738687429
0.022185898658710998
0.022185822687200218
0.022185745928606202
0.02218566837355505
0.02218559007502571
0.022185510994718948
0.022185431104233953
0.02218535039248827
0.02218526879745069
0.022185185709444246
0.02218510183254562
0.022185017155335107
0.022184931582249625
0.022184845188488074
0.0221847580390033
0.022184670092720425
0.02218458123282718
0.02218449057604568
0.022184399471989236
0.02218430782206669
0.02218421528318469
0.022184121839757785
0.022184027586164168
0.022183932465417843
0.02218383646875392
0.022183739606306496
0.02218364187553345
0.02218354324857565
0.022183443745036144
0.022183343388436142
0.02218324211356372
0.02218313992962973
0.022183036875224247
0.022182932923857212
0.022182828255070584
0.02218272318955177
0.022182617275089786
0.022182510414045425
0.02218240257193049
0.022182293828781584
0.02218218424036597
0.022182073670559948
0.02218196207938124
0.022181849572547468
0.02218173617072533
0.022181621816933096
0.022181506490990842
0.022181390220148183
0.02218127291804649
0.0221811546457163
0.022181035498379357
0.022180915339438254
0.022180794088628813
0.02218067188539193
0.022180548845585596
0.02218042472564184
0.022180299445433045
0.022180173254999828
0.022180046171096045
0.022179917985926067
0.022179788683871146
0.022179658480589663
0.022179527270056596
0.022179394896276655
0.02217926150718852
0.02217912717137392
0.02217899175519786
0.022178855201538544
0.022178717706547526
0.022178579188594057
0.02217843941987641
0.02217829857236308
0.022178156800232808
0.02217801394426836
0.022177869858958105
0.022177724743521126
0.022177578638963587
0.022177431325181567
0.02217728284464361
0.022177133331298587
0.02217698279683829
0.022176831033672566
0.022176677715591977
0.022176523004427157
0.022176367178132407
0.022176209800494125
0.022176051192010396
0.022175891478397082
0.022175730634633895
0.022175568615606045
0.022175405379708846
0.02217524093658345
0.02217507541783325
0.02217490870468395
0.02217474072936971
0.022174571585025983
0.022174401264225038
0.022174229703723458
0.022174056901098697
0.022173882993807396
0.02217370782017033
0.022173531274166703
0.022173353606522415
0.022173174782411844
0.022172994642670814
0.022172813167475904
0.022172630578635978
0.022172446743993407
0.02217226148857993
0.022172075003206254
0.022171887334378592
0.022171698358480797
0.022171508049973823
0.02217131645102187
0.022171123558222875
0.022170929378804438
0.022170733958597196
0.02217053717728696
0.022170338965648875
0.022170139570869406
0.022169938836228382
0.022169736623779412
0.022169533128919627
0.022169328428563853
0.022169122297066766
0.02216891464693082
0.022168705852068052
0.022168495732211753
0.02216828454893352
0.022168072180017838
0.02216785851124231
0.02216764337121517
0.02216742674544955
0.02216720892899221
0.02216698972163271
0.022166768839225158
0.022166546690491135
0.022166323180118477
0.022166098097159283
0.02216587159316947
0.022165643768141886
0.022165414457367597
0.022165183586387364
0.022164951451696748
0.022164717798570873
0.02216448242313084
0.022164245802632165
0.022164007796407488
0.022163768034894397
0.022163526782216565
0.022163284331146896
0.022163040269775464
0.02216279435197135
0.02216254722510053
0.022162298743269873
0.022162048384073017
0.02216179652754662
0.022161543381181457
0.022161288523732028
0.022161031936441852
0.02216077401427859
0.02216051460453476
0.02216025337229432
0.0221599906312173
0.022159726473183566
0.02215946053913468
0.02215919305246195
0.022158924176818858
0.02215865343087002
0.022158380955303536
0.02215810705378433
0.02215783160833728
0.02215755434912202
0.02215727819439929
0.022157000867269523
0.02215672171953624
0.022156440779604127
0.022156158374955996
0.022155874249585893
0.022155588434870407
0.02215530089562988
0.022155011791005753
0.02215472103174894
0.022154428413739182
0.022154134189589513
0.022153838291796537
0.022153540638460728
0.02215324122692396
0.02215294006037722
0.02215263740920611
0.022152332820218716
0.022152026272368997
0.022151718277962064
0.022151408492542685
0.02215109679934939
0.02215078341128427
0.02215046850739234
0.022150151687598072
0.022149832885276475
0.02214951256617719
0.022149190434625397
0.022148866283268908
0.022148540511280488
0.022148212916949725
0.022147883287593234
0.02214755185939841
0.022147218730219968
0.02214688368070874
0.02214654674490808
0.02214620812058426
0.022145867543523316
0.02214552422886522
0.022145177345513807
0.022144828510972367
0.022144477605336336
0.022144124983741343
0.02214377052416436
0.022143413938600056
0.022143055494143582
0.022142695184602428
0.02214233286884352
0.022141968606324027
0.02214160237300986
0.022141234005234323
0.022140863745752096
0.022140491881283024
0.022140117884003975
0.022139741722261585
0.02213936400591148
0.022138984095396438
0.0221386016522477
0.022138216223365117
0.022137828598693603
0.022137435674967246
0.022137041120864846
0.022136646614334923
0.02213625034422513
0.022135852757090155
0.022135453561741365
0.022135052283212938
0.022134648438339545
0.0221342428774919
0.022133835217591706
0.02213342503360666
0.0221330130739417
0.022132599004652316
0.02213218252879723
0.02213176398585469
0.02213134352830884
0.022130920717737094
0.022130495635245172
0.02213006881000744
0.022129639527511413
0.022129207710764456
0.022128774273167003
0.02212833854986227
0.022127900167236855
0.022127460043766287
0.02212701777533015
0.022126572401739625
0.022126124598738802
0.022125674904564345
0.022125222532914417
0.022124767793929894
0.022124311314018243
0.022123852272871825
0.022123390610585082
0.02212292719656083
0.022122461123914687
0.022121991161402507
0.022121519351666515
0.022121045412458146
0.022120568488968154
0.02212008949269185
0.02211960850629992
0.02211912460533331
0.022118638296348487
0.022118150122084738
0.022117659477883016
0.022117166079235
0.02211667051988887
0.02211617270759167
0.02211567215655519
0.022115169304716433
0.022114664243619915
0.022114156480827173
0.02211364638653164
0.02211313402238368
0.022112618843759056
0.022112101322743532
0.022111581346680682
0.022111058672097447
0.02211053450284806
0.02211000827297856
0.022109479533995207
0.02210894824058277
0.022108414508215653
0.022107878325100354
0.022107339248479397
0.022106797670796548
0.022106253787893188
0.022105707205577883
0.022105158093381788
0.022104606411393838
0.022104052225414388
0.022103495520649868
0.022102935888952444
0.022102373879632858
0.022101809532550396
0.022101241993143526
0.02210067196077112
0.022100099592584785
0.02209952425443979
0.022098946208582774
0.02209836586955958
0.02209778754661035
0.022097206405844796
0.02209662292726588
0.02209603691502755
0.02209544765826863
0.022094856040149862
0.022094262218268376
0.0220936652295172
0.022093065515970914
0.022092463572672433
0.022091858444377166
0.022091250412656725
0.0220906404000667
0.022090027119701722
0.022089410623497743
0.022088791896414047
0.022088170400011705
0.022087545803877097
0.022086918624949117
0.02208628876349544
0.02208565584421039
0.022085020225478882
0.02208438042967417
0.022083735056243347
0.022083086757141695
0.022082435839125628
0.02208178168289647
0.022081124682627486
0.022080465312419337
0.022079802574781714
0.022079136917479106
0.02207846892026313
0.022077797228292454
0.022077122620625524
0.02207644573524525
0.02207576533169314
0.0220750822709697
0.022074398824953927
0.022073710260274267
0.022073012131800462
0.022072314152959842
0.022071615143326673
0.022070912634687523
0.022070207312698396
0.022069499270904347
0.022068787510131273
0.02206807317393193
0.022067356268957443
0.022066635103495987
0.022065911375827897
0.022065184732563737
0.022064453342648373
0.022063719199018048
0.02206298305415821
0.022062242408664258
0.022061498484129884
0.02206075253653295
0.022060002951329268
0.022059249472897516
0.022058493793719432
0.02205773513792759
0.02205697230411189
0.022056207007958333
0.02205543894827314
0.022054666439866075
0.022053889438520574
0.02205310952560341
0.02205232540274206
0.022051538171847122
0.022050748664908627
0.022049954936044752
0.02204915784239722
0.022048358573251336
0.022047554918145532
0.02204674796571447
0.0220459389361536
0.022045124966372797
0.02204430763941418
0.022043488373285656
0.022042664953297975
0.022041838451353383
0.022041010416609087
0.022040178958357404
0.022039343070940305
0.02203850461553038
0.022037663231734842
0.0220368169230548
0.022035967825160357
0.022035116621930514
0.02203426030560064
0.022033400705156785
0.022032539439733906
0.022031673002066682
0.02203080574640412
0.022029940896633182
0.022029071019243653
0.022028197003249584
0.022027321516147173
0.022026441151022556
0.022025556743749165
0.02202466999658257
0.022023779332959285
0.02202288438693462
0.02202198644206546
0.022021085796940308
0.022020180446575447
0.02201927155952991
0.02201836047251333
0.022017442840136774
0.022016517312034033
0.022015589711336634
0.022014657265425806
0.022013720832523707
0.02201278192705205
0.022011838853461623
0.0220108916472471
0.02200994145499244
0.02200898721508467
0.022008031806107282
0.022007073535992357
0.022006111352706643
0.022005145204822586
0.022004172244351722
0.022003190864132206
0.022002205706712314
0.022001219828297527
0.022000229110762215
0.021999234446267883
0.021998235953316087
0.021997233462153355
0.021996227161638012
0.02199521685663579
0.021994202682987605
0.021993184597122312
0.021992162633105137
0.021991137115469007
0.021990107445534673
0.02198907370874797
0.02198803634818465
0.021986994663228347
0.02198594897170384
0.02198489945431244
0.02198384548435841
0.021982788580596636
0.021981726703610774
0.02198065749955195
0.021979585689129496
0.02197850947916704
0.021977428091307608
0.021976343931376343
0.02197525555622094
0.02197416200908871
0.02197306527954806
0.02197196481771997
0.02197085922981426
0.0219697510191784
0.021968640633423103
0.021967524856995598
0.021966404184442005
0.021965281043125583
0.02196415359494275
0.021963020499187136
0.02196188477876577
0.021960750747002485
0.021959613189215688
0.02195847308821052
0.021957329495391503
0.02195617941084675
0.021955026132321736
0.021953869032323114
0.02195270645163608
0.021951539916945675
0.021950369616335865
0.02194919475759348
0.02194800996107013
0.02194681992432572
0.021945625476729833
0.021944425727309133
0.021943222314373623
0.021942014368656722
0.02194080371455026
0.021939590735194244
0.021938373322244735
0.02193715167253962
0.021935925405019003
0.021934693406761553
0.021933454760544466
0.021932203693675673
0.021930947956508642
0.02192969143495471
0.02192843074465372
0.0219271648474273
0.021925894008948232
0.021924619976896802
0.021923339828381516
0.021922054414606085
0.021920766156522487
0.021919472353323904
0.021918173088068645
0.021916870739502763
0.02191556285850382
0.02191424920816919
0.021912932144305473
0.021911610259050498
0.021910282216662608
0.021908950016010932
0.021907613938543825
0.021906268505095965
0.021904918400666242
0.021903565607926345
0.021902205746473558
0.021900840749945395
0.021899473271361054
0.021898098243841608
0.02189671779692898
0.021895338195859555
0.021893951514097953
0.021892558105110566
0.02189116253062997
0.021889771705061314
0.021888373923244702
0.021886972962909475
0.02188556770414354
0.021884155037525596
0.021882738256512015
0.021881317572939853
0.021879889653913208
0.021878449728734276
0.021877006499853063
0.02187555579992778
0.021874098711946868
0.02187264371028315
0.021871182117257186
0.021869714019264914
0.0218682413072377
0.021866761836972247
0.02186527614936829
0.02186378689761175
0.021862291689753937
0.021860779546027883
0.02185926246855064
0.02185774500114545
0.021856220004001666
0.02185469130782261
0.02185315767888706
0.021851616385131323
0.021850071378379955
0.021848520981851752
0.021846962443092678
0.02184540016751853
0.021843833509153938
0.021842259204564222
0.02184067985423712
0.0218390975190172
0.021837506580962746
0.02183590925958851
0.02183431046132272
0.021832701292888765
0.021831081576981035
0.021829461066065
0.021827832489455995
0.02182619514684525
0.021824555337651205
0.021822910658587415
0.02182125997832076
0.021819612851697073
0.02181796517114882
0.021816309238909145
0.021814646474339842
0.021812980786451497
0.021811307673829262
0.021809621415854623
0.02180792831991801
0.021806228398025675
0.02180452537577922
0.02180281709583052
0.021801101313693453
0.021799378163945195
0.0217976509298552
0.0217959160672878
0.021794174713697802
0.021792428240692756
0.021790673050977694
0.021788900388642788
0.021787121635841615
0.021785343065006575
0.02178355720820633
0.02178176328482403
0.021779965038563477
0.02177815970562432
0.021776346608458074
0.021774528515441857
0.021772703661434835
0.021770872154389557
0.02176903429456443
0.0217671888061007
0.021765337170926255
0.02176347914683812
0.021761613622224573
0.021759742767289897
0.021757863608390347
0.021755972534656814
0.021754075766564032
0.021752171910959028
0.021750260785407056
0.021748358786533705
0.021746451843891536
0.021744536712140085
0.02174261474408631
0.02174068218909639
0.021738736178060304
0.0217367864637307
0.021734830345780207
0.021732866639561133
0.021730894882351096
0.021728916771403716
0.02172693184435047
0.0217249382868412
0.021722939009312808
0.021720932612862672
0.02171891444812706
0.02171687903393809
0.02171483593833341
0.021712789836828426
0.021710740401183575
0.021708679488569735
0.02170661095925591
0.0217045362232308
0.021702454179079574
0.021700363240158976
0.021698264838155543
0.021696160074022166
0.021694045781007955
0.02169192278306808
0.021689795140928378
0.02168765873053434
0.02168551244783141
0.02168336148346303
0.021681196236731582
0.02167902587708602
0.02167685960894117
0.021674686858623244
0.021672503810540637
0.021670306172025335
0.021668104331066834
0.021665892451531384
0.0216636713175725
0.021661444392433185
0.021659208328953766
0.021656963114357723
0.02165471235986343
0.021652452640693032
0.021650182328084626
0.02164790476509066
0.02164560498690922
0.02164329310555607
0.021640975425274923
0.02163866061566864
0.021636330498930705
0.021633990119953123
0.0216316425992542
0.021629286174713498
0.021626921043657023
0.021624546818162286
0.021622163086492292
0.021619771988014302
0.021617371238007332
0.021614960289520552
0.021612541380179283
0.021610114127759514
0.021607683869124074
0.02160524354668892
0.021602799545090406
0.021600335706477573
0.021597866028522855
0.021595391468581512
0.021592903727420457
0.021590406105408234
0.021587902598317204
0.02158538673882489
0.02158286073797774
0.021580326488135276
0.021577784079663872
0.02157522713884587
0.021572646139868912
0.021570058770320977
0.021567457235985202
0.021564859765274752
0.021562252207557205
0.02155962396780264
0.02155698755018295
0.02155434711685794
0.02155169242171066
0.021549024892865257
0.021546351955088756
0.021543669107422364
0.021540967559660548
0.021538259673312417
0.021535561587031217
0.021532852302623213
0.021530120851036286
0.021527381550796566
0.02152462342130221
0.021521858285829906
0.02151909074474028
0.021516306059209973
0.021513508045558415
0.02151070540695982
0.021507890757593514
0.02150505853423866
0.021502217395281065
0.02149935333050676
0.021496469674174363
0.021493578371054152
0.02149069584581676
0.021487791043863717
0.021484869549932967
0.021481944334236218
0.02147900097352497
0.021476043304616943
0.021473077569068258
0.021470100426657993
0.021467109644012904
0.021464129030349933
0.0214611369130647
0.0214581205518941
0.021455095597640438
0.021452056047841027
0.0214489986276486
0.02144593341910595
0.021442859671595038
0.021439769165595163
0.021436666131157748
0.021433557326786052
0.021430428882984565
0.021427274565137898
0.02142410408471162
0.02142091973504651
0.021417728202235486
0.021414534668791185
0.021411323458291397
0.021408087257314162
0.02140484013737434
0.021401587339249944
0.021398316798782478
0.021395039887114116
0.021391765528350665
0.021388467199336878
0.021385155118377235
0.021381833630060063
0.021378499231442936
0.02137514431845355
0.02137177182150841
0.02136839368227593
0.02136499587688902
0.021361584033419985
0.02135816329312556
0.0213547246597058
0.021351249772708834
0.021347763341381817
0.021344259904175787
0.02134075195446789
0.021337234581774757
0.0213336972512708
0.021330139476893405
0.02132657367253702
0.021322999745148532
0.0213194097054831
0.021315809375661996
0.021312195188933434
0.02130856523881624
0.021304921278810705
0.021301262373623005
0.021297586626455405
0.021293889419614256
0.021290176784642414
0.021286449679491004
0.021282707333215228
0.021278948645363813
0.021275150790610722
0.021271334839067752
0.021267503598997328
0.021263670501341328
0.021259822792488278
0.02125596035177437
0.021252079288817553
0.02124818136650614
0.02124426247236509
0.0212403403377782
0.021236401767465104
0.021232446449072646
0.021228473792094766
0.02122448296163634
0.021220474944078617
0.021216452480839688
0.021212405195969404
0.02120833942491726
0.021204255897951045
0.021200136906120572
0.021195990985056472
0.02119182807461026
0.021187653301410075
0.02118348089769133
0.02117929186640322
0.021175077501903544
0.021170825316413615
0.02116656995898895
0.021162306661011602
0.02115802158981048
0.021153717647208435
0.021149397591372254
0.021145057608771507
0.02114069400496463
0.02113630994223559
0.02113191020354665
0.021127479650354122
0.021123021223200276
0.02111853440075688
0.0211140219155524
0.021109498731715578
0.02110497757050853
0.021100433961674464
0.02109584619569692
0.021091244736242534
0.021086639835821697
0.021082004746194958
0.021077357908491832
0.021072694139893145
0.021067995719956784
0.021063274976366238
0.02105854081172803
0.021053782787621936
0.021048997823885515
0.021044183447869878
0.021039340996974024
0.021034467769815775
0.02102957501791777
0.021024688080609345
0.02101975960726892
0.021014793422704594
0.021009831499833546
0.021004850824871055
0.020999835528588237
0.020994796979874285
0.020989739266755954
0.02098465749890086
0.020979546403354758
0.020974421416187734
0.020969268654577315
0.020964094461151335
0.020958871711335002
0.020953621023000697
0.02094835362190547
0.020943061129528272
0.02093773901804369
0.020932404418545603
0.02092705014884526
0.020921668179884504
0.02091624614945187
0.020910812317563914
0.020905354349352256
0.020899861937728925
0.02089434605182257
0.02088881760522269
0.02088326656742845
0.02087765746713322
0.020872027667251287
0.020866368910214383
0.020860649588153767
0.020854925959387538
0.020849200884584182
0.020843437807406582
0.020837636618411367
0.02083181848654067
0.020825971617209265
0.020820084371115075
0.020814180146546953
0.020808266502659163
0.0208023134304642
0.020796318690516197
0.020790293013049112
0.02078422726856169
0.020778097342716448
0.020771957382829175
0.020765820595639736
0.020759642198196964
0.020753428469915534
0.0207471901865124
0.0207409140917968
0.020734604539251238
0.020728287818918167
0.02072193996024368
0.02071555027865556
0.020709120714676187
0.020702648354837153
0.02069611654627962
0.020689544080934
0.02068297859057255
0.020676389303692304
0.020669756207648358
0.02066308908603855
0.02065639103916365
0.020649658849350837
0.020642897685315964
0.02063611214204353
0.020629286336815232
0.020622405930100098
0.020615469055720103
0.020608495111422345
0.02060147852376733
0.020594459179834223
0.02058741276909731
0.02058032250536206
0.02057318705594853
0.020566031319278973
0.020558835601502574
0.020551596091783725
0.02054432714601718
0.020537018433836308
0.020529626726354198
0.020522192721342248
0.020514729826625118
0.020507244605972558
0.020499735813113856
0.020492189363725953
0.020484606306006976
0.020476970642522258
0.020469301145121563
0.02046159153988748
0.020453829995878206
0.020446024103194644
0.02043815558091418
0.02043023262060452
0.020422264395125664
0.020414294718285642
0.020406300749435072
0.020398251162391922
0.02039015789144912
0.020382023265426166
0.020373831856191335
0.020365587656372423
0.02035731069361748
0.020348968333465934
0.020340551144703335
0.02033209129110514
0.020323623155737113
0.020315119484778526
0.020306578714051407
0.020297995030088493
0.020289359290340512
0.020280649797272773
0.020271885840155417
0.020263080348296686
0.020254221057179705
0.020245274186771033
0.020236291040339846
0.02022729077294874
0.020218250809967236
0.020209166506111147
0.02020004210510697
0.020190859809521792
0.020181596542046217
0.020172278797994506
0.02016289396586487
0.020153460418053007
0.020143946119872667
0.020134405678949096
0.02012484106871709
0.020115213130564764
0.020105553022550914
0.02009582317923469
0.020086049307988494
0.020076181430131134
0.020066244435061886
0.020056255717188765
0.020046193213396735
0.02003609434305479
0.020025937187490402
0.02001574303943837
0.020005497630177862
0.01999519672845321
0.019984832470466205
0.019974387931165086
0.019963864987537265
0.01995326780084443
0.019942608947742513
0.019931903600705833
0.019921142149054095
0.019910317418407524
0.019899456941339547
0.019888538610617335
0.019877527384918894
0.019866447319944764
0.019855287422268126
0.019844054058922443
0.01983274474337597
0.019821401939209324
0.01980998999296051
0.019798489027245174
0.019786953501281516
0.01977535662989139
0.0197636727429657
0.019751895009452028
0.019740051507065908
0.01972812779340053
0.019716133039488083
0.01970406615233249
0.019691949268185363
0.01967976697858735
0.01966748610309306
0.019655140091075305
0.019642736896364248
0.019630232293619366
0.019617622562013267
0.01960496363802652
0.019592227727272673
0.019579397634467442
0.0195665055314531
0.01955353907964473
0.01954049695394734
0.01952736719378038
0.019514167716755574
0.01950086178689978
0.019487456296736424
0.019473974614125072
0.019460420751766128
0.019446782519221956
0.01943305722468196
0.01941925985882554
0.01940538516458714
0.019391409582695637
0.019377321205608894
0.019363152050092442
0.019348890379813466
0.019334519125034557
0.019320082847685112
0.019305569148944785
0.019290963389956256
0.019276262351481367
0.0192614694472198
0.019246548703058725
0.019231527032886622
0.019216415649567813
0.019201215624549774
0.01918592320529072
0.019170542290502766
0.019155069904523384
0.019139479338515848
0.019123785951960043
0.019107979132251384
0.019092075772934182
0.019076041040567367
0.01905992436630895
0.019043735428073347
0.019027434632832768
0.0190109853968623
0.018994450527373974
0.018977819006302393
0.01896104295739426
0.018944133539107635
0.018927143615123418
0.018910088690839
0.01889287742051967
0.018875538897177455
0.01885811316860928
0.018840578109731252
0.018822867622708555
0.01880503990819628
0.018787139585877674
0.0187691229988624
0.018750953442421135
0.018732666458441054
0.018714307187003936
0.018695756812189376
0.018677064493918483
0.01865826358175709
0.018639376774118484
0.018620324087119187
0.01860114339442193
0.018581855012851745
0.0185624357320934
0.01854282756829176
0.018523096363034734
0.018503284680730685
0.018483288908439893
0.01846314328691898
0.018442887592536972
0.018422533558421765
0.018401971852253136
0.01838124201510259
0.018360406720837035
0.018339453805648203
0.018318293519184153
0.018296998203438507
0.018275588941001186
0.01825404074874732
0.018232279473294633
0.01821036032632771
0.018188324618854248
0.018166122397489822
0.01814374564143676
0.018121224747109373
0.01809857487451549
0.018075722515085227
0.018052673952339303
0.018029479688259485
0.01800614819265833
0.017982629445964796
0.017958946792983457
0.017935109145389677
0.01791108018848288
0.017886834665672872
0.017862435868123763
0.017837892406802735
0.01781314149578586
0.01778820160491818
0.017763104193056017
0.017737829205744526
0.017712311552958573
0.017686587623996417
0.01766073039525083
0.017634700891517516
0.01760844040770738
0.017581961912909727
0.01755531615511523
0.017528466777150024
0.017501389108545148
0.017474115411639377
0.017446676287547012
0.017419016904596168
0.017391117562019574
0.01736298418793882
0.017334669910952172
0.017306147821586806
0.017277383758496193
0.017248397165657726
0.01721922649491467
0.017189812057709093
0.01716011755263148
0.017130212394957826
0.01710011684113367
0.01706978427970061
0.01703918380203257
0.017008342020319773
0.016977259267275235
0.016945955433577787
0.016914381387500493
0.016882532991574162
0.01685046737909819
0.01681817209212077
0.016785579478128223
0.01675269296174431
0.01671957600681408
0.016686215250422066
0.01665259762895749
0.01661865467194564
0.01658443838670029
0.01654996501640428
0.016515233574659973
0.016480154746778792
0.016444808947574135
0.016409242126885742
0.01637339532747036
0.016337197177868076
0.01630073401422209
0.016264034607008683
0.016227071726812852
0.01618975706888553
0.016152128714160406
0.01611423511337324
0.016076060051464027
0.01603753718599374
0.015998729530302448
0.015959624477855972
0.01592017155256023
0.015880353818073054
0.015840259191008208
0.015799859206357247
0.01575910789753794
0.015717974665015618
0.01567650905009264
0.01563473545073655
0.015592601274727901
0.015550054876670015
0.01550719965660894
0.015463993822079553
0.015420383638763153
0.015376350421231665
0.01533198748517564
0.01528725844557611
0.015242130560792166
0.015196506892957585
0.015150557848154143
0.015104220714507717
0.015057468119218516
0.015010209483692524
0.014962588428082587
0.014914531943731378
0.014866035743068358
0.014817039586625553
0.014767625112010829
0.01471780949121309
0.014667462731043896
0.014616617638101516
0.014565310066784857
0.01451356381444647
0.014461326684380818
0.014408503848643719
0.014355180268925252
0.01430140019057597
0.0142470761463585
0.014192192325338316
0.014136724724894592
0.014080786386974138
0.014024245231110453
0.013967115137991102
0.01390940993537472
0.01385113767612638
0.01379224634172246
0.013732731776513725
0.013672602203612503
0.013611858114765818
0.013550419400895129
0.013488366835357856
0.0134256466942196
0.013362239745060837
0.01329809780505924
0.013233279532904799
0.013167788977623348
0.013101536870055636
0.013034479492620172
0.012966658835812914
0.01289818015086023
0.012828909899635643
0.012758718705203485
0.012687634537575028
0.012615876674768003
0.012543322439723415
0.012469780685419134
0.012395173386389617
0.012319800920197075
0.012243665111120506
0.012166488942346843
0.012088160306878346
0.01200900221778137
0.011929092881060666
0.011848218041969914
0.011766187284610773
0.011683132890687876
0.011599192513606759
0.011514244453182481
0.011428062299580478
0.011340710001777466
0.011252305632522285
0.011162785354272406
0.01107195717014783
0.010979823145513228
0.01088647756421223
0.010791849992337604
0.010695779701151993
0.010598217797394291
0.01049924248000762
0.010398864117585038
0.01029684877480368
0.010193148253560925
0.010087809531800333
0.009980898105626732
0.00987209604116343
0.00976131285443013
0.009648617830021458
0.00953411131675417
0.009417461903762935
0.009298504921131098
0.009177263534181563
0.009053840167672548
0.008927920855936172
0.008799298139449487
0.00866792447191009
0.008533788231120644
0.008396765142805889
0.008256529138482805
0.008112870970448908
0.007965772005191725
0.007815120138026894
0.007660388974257635
0.007501359461514042
0.007337951148502294
0.007169923655689132
0.006996593287822096
0.00681762571160629
0.006632642619158417
0.006441487680831023
0.006243046959251712
0.006036562802985174
0.005821278049905834
0.005596593783096385
0.005361488232508334
0.00511443066112545
0.004853361422520371
0.004576174021046917
0.004279987838481141
0.003959813308630612
0.003608873064771509
0.003217089308224555
0.002768146862146009
0.0022258926146308485
0.0014919999681683792
0.0
0.0
0.0
0.0
0.0
0.0
0.0
0.0
0.0
0.0
0.0
0.0
0.0
0.0
0.0
0.0
0.0
0.0
0.0
0.0
0.0
0.0
0.0
0.0
0.0
0.0
0.0
0.0
0.0
0.0
0.0
0.0
0.0
0.0
0.0
0.0
0.0
0.0
0.0
0.0
0.0
0.0
0.0
0.0
0.0
0.0
0.0
0.0
0.0
0.0
0.0
0.0
0.0
0.0
0.0
0.0
0.0
0.0
0.0
0.0
0.0
0.0
0.0
0.0
0.0
0.0
0.0
0.0
0.0
0.0
0.0
0.0
0.0
0.0
0.0
0.0
0.0
0.0
0.0
0.0
0.0
0.0
0.0
0.0
0.0
0.0
0.0
0.0
0.0
0.0
0.0
0.0
0.0
0.0
0.0
0.0
0.0
0.0
0.0
0.0
0.0
0.0
0.0
0.0
0.0
0.0
0.0
0.0
0.0
0.0
0.0
0.0
0.0
0.0
0.0
0.0
0.0
0.0
0.0
0.0
0.0
0.0
0.0
0.0
0.0
0.0
0.0
0.0
0.0
0.0
0.0
0.0
0.0
0.0
0.0
0.0
0.0
0.0
0.0
0.0
0.0
0.0
0.0
0.0
0.0
0.0
0.0
0.0
0.0
0.0
0.0
0.0
0.0
0.0
0.0
0.0
0.0
0.0
0.0
0.0
0.0
0.0
0.0
0.0
0.0
0.0
0.0
0.0
0.0
0.0
0.0
0.0
0.0
0.0
0.0
0.0
0.0
0.0
0.0
0.0
0.0
0.0
0.0
0.0
0.0
0.0
0.0
0.0
0.0
0.0
0.0
0.0
0.0
0.0
0.0
0.0
0.0
0.0
0.0
0.0
0.0
0.0
0.0
0.0
0.0
0.0
0.0
0.0
0.0
0.0
0.0
0.0
0.0
0.0
0.0
0.0
0.0
0.0
0.0
0.0
0.0
0.0
0.0
0.0
0.0
0.0
0.0
0.0
0.0
0.0
0.0
0.0
0.0
0.0
0.0
0.0
0.0
0.0
0.0
0.0
0.0
0.0
0.0
0.0
0.0
0.0
0.0
0.0
0.0
0.0
0.0
0.0
0.0
0.0
0.0
0.0
0.0
0.0
0.0
0.0
0.0
0.0
0.0
0.0
0.0
0.0
0.0
0.0
0.0
0.0
0.0
0.0
0.0
0.0
0.0
0.0
0.0
0.0
0.0
0.0
0.0
0.0
0.0
0.0
0.0
0.0
0.0
0.0
0.0
0.0
0.0
0.0
0.0
0.0
0.0
0.0
0.0
0.0
0.0
0.0
0.0
0.0
0.0
0.0
0.0
0.0
0.0
0.0
0.0
0.0
0.0
0.0
0.0
0.0
0.0
0.0
0.0
0.0
0.0
0.0
0.0
0.0
0.0
0.0
0.0
0.0
0.0
0.0
0.0
0.0
0.0
0.0
0.0
0.0
0.0
0.0
0.0
0.0
0.0
0.0
0.0
0.0
0.0
0.0
0.0
0.0
0.0
0.0
0.0
0.0
0.0
0.0
0.0
0.0
0.0
0.0
0.0
0.0
0.0
0.0
0.0
0.0
0.0
0.0
0.0
0.0
0.0
0.0
0.0
0.0
0.0
0.0
0.0
0.0
0.0
0.0
0.0
0.0
0.0
0.0
0.0
0.0
0.0
0.0
0.0
0.0
0.0
0.0
0.0
0.0
0.0
0.0
0.0
0.0
0.0
0.0
0.0
0.0
0.0
0.0
0.0
0.0
0.0
0.0
0.0
0.0
0.0
0.0
0.0
0.0
0.0
0.0
0.0
0.0
0.0
0.0
0.0
0.0
0.0
0.0
0.0
0.0
0.0
0.0
0.0
0.0
0.0
0.0
0.0
0.0
0.0
0.0
0.0
0.0
0.0
0.0
0.0
0.0
0.0
0.0
0.0
0.0
0.0
0.0
0.0
0.0
0.0
0.0
0.0
0.0
0.0
0.0
0.0
0.0
0.0
0.0
0.0
0.0
0.0
0.0
0.0
0.0
0.0
0.0
0.0
0.0
0.0
0.0
0.0
0.0
0.0
0.0
0.0
0.0
0.0
0.0
0.0
0.0
0.0
0.0
0.0
0.0
0.0
0.0
0.0
0.0
0.0
0.0
0.0
0.0
0.0
0.0
0.0
0.0
0.0
0.0
0.0
0.0
0.0
0.0
0.0
0.0
0.0
0.0
0.0
0.0
0.0
0.0
0.0
0.0
0.0
0.0
0.0
0.0
0.0
0.0
0.0
0.0
0.0
0.0
0.0
0.0
0.0
0.0
0.0
0.0
0.0
0.0
0.0
0.0
0.0
0.0
0.0
0.0
0.0
0.0
0.0
0.0
0.0
0.0
0.0
0.0
0.0
0.0
0.0
0.0
0.0
0.0
0.0
0.0
0.0
0.0
0.0
0.0
0.0
0.0
0.0
0.0
0.0
0.0
0.0
0.0
0.0
0.0
0.0
0.0
0.0
0.0
0.0
0.0
0.0
0.0
0.0
0.0
0.0
0.0
0.0
0.0
0.0
0.0
0.0
0.0
0.0
0.0
0.0
0.0
0.0
0.0
0.0
0.0
0.0
0.0
0.0
0.0
0.0
0.0
0.0
0.0
0.0
0.0
0.0
0.0
0.0
0.0
0.0
0.0
0.0
0.0
0.0
0.0
0.0
0.0
0.0
0.0
0.0
0.0
0.0
0.0
0.0
0.0
0.0
0.0
0.0
0.0
0.0
0.0
0.0
0.0
0.0
0.0
0.0
0.0
0.0
0.0
0.0
0.0
0.0
0.0
0.0
0.0
0.0
0.0
0.0
0.0
0.0
0.0
0.0
0.0
0.0
0.0
0.0
0.0
0.0
0.0
0.0
0.0
0.0
0.0
0.0
0.0
0.0
0.0
0.0
0.0
0.0
0.0
0.0
0.0
0.0
0.0
0.0
0.0
0.0
0.0
0.0
0.0
0.0
0.0
0.0
0.0
0.0
0.0
0.0
0.0
0.0
0.0
0.0
0.0
0.0
0.0
0.0
0.0
0.0
0.0
0.0
0.0
0.0
0.0
0.0
0.0
0.0
0.0
0.0
0.0
0.0
0.0
0.0
0.0
0.0
0.0
0.0
0.0
0.0
0.0
0.0
0.0
0.0
0.0
0.0
0.0
0.0
0.0
0.0
0.0
0.0
0.0
0.0
0.0
0.0
0.0
0.0
0.0
0.0
0.0
0.0
0.0
0.0
0.0
0.0
0.0
0.0
0.0
0.0
0.0
0.0
0.0
0.0
0.0
0.0
0.0
0.0
0.0
0.0
0.0
0.0
0.0
0.0
0.0
0.0
0.0
0.0
0.0
0.0
0.0
0.0
0.0
0.0
0.0
0.0
0.0
0.0
0.0
0.0
0.0
0.0
0.0
0.0
0.0
0.0
0.0
0.0
0.0
0.0
0.0
0.0
0.0
0.0
0.0
0.0
0.0
0.0
0.0
0.0
0.0
0.0
0.0
0.0
0.0
0.0
0.0
0.0
0.0
0.0
0.0
0.0
0.0
0.0
0.0
0.0
0.0
0.0
0.0
0.0
0.0
0.0
0.0
0.0
0.0
0.0
0.0
0.0
0.0
0.0
0.0
0.0
0.0
0.0
0.0
0.0
0.0
0.0
0.0
0.0
0.0
0.0
0.0
0.0
0.0
0.0
0.0
0.0
0.0
0.0
0.0
0.0
0.0
0.0
0.0
0.0
0.0
0.0
0.0
0.0
0.0
0.0
0.0
0.0
0.0
0.0
0.0
0.0
0.0
0.0
0.0
0.0
0.0
0.0
0.0
0.0
0.0
0.0
0.0
0.0
0.0
0.0
0.0
0.0
0.0
0.0
0.0
0.0
0.0
0.0
0.0
0.0
0.0
0.0
0.0
0.0
0.0
0.0
0.0
0.0
0.0
0.0
0.0
0.0
0.0
0.0
0.0
0.0
0.0
0.0
0.0
0.0
0.0
0.0
0.0
0.0
0.0
0.0
0.0
0.0
0.0
0.0
0.0
0.0
0.0
0.0
0.0
0.0
0.0
0.0
0.0
0.0
0.0
0.0
0.0
0.0
0.0
0.0
0.0
0.0
0.0
0.0
0.0
0.0
0.0
0.0
0.0
0.0
0.0
0.0
0.0
0.0
0.0
0.0
0.0
0.0
0.0
0.0
0.0
0.0
0.0
0.0
0.0
0.0
0.0
0.0
0.0
0.0
0.0
0.0
0.0
0.0
0.0
0.0
0.0
0.0
0.0
0.0
0.0
0.0
0.0
0.0
0.0
0.0
0.0
0.0
0.0
0.0
0.0
0.0
0.0
0.0
0.0
0.0
0.0
0.0
0.0
0.0
0.0
0.0
0.0
0.0
0.0
0.0
0.0
0.0
0.0
0.0
0.0
0.0
0.0
0.0
0.0
0.0
0.0
0.0
0.0
0.0
0.0
0.0
0.0
0.0
0.0
0.0
0.0
0.0
0.0
0.0
0.0
0.0
0.0
0.0
0.0
0.0
0.0
0.0
0.0
0.0
0.0
0.0
0.0
0.0
0.0
0.0
0.0
0.0
0.0
0.0
0.0
0.0
0.0
0.0
0.0
0.0
0.0
0.0
0.0
0.0
0.0
0.0
0.0
0.0
0.0
0.0
0.0
0.0
0.0
0.0
0.0
0.0
0.0
0.0
0.0
0.0
0.0
0.0
0.0
0.0
0.0
0.0
0.0
0.0
0.0
0.0
0.0
0.0
0.0
0.0
0.0
0.0
0.0
0.0
0.0
0.0
0.0
0.0
0.0
0.0
0.0
0.0
0.0
0.0
0.0
0.0
0.0
0.0
0.0
0.0
0.0
0.0
0.0
0.0
0.0
0.0
0.0
0.0
0.0
0.0
0.0
0.0
0.0
0.0
0.0
0.0
0.0
0.0
0.0
0.0
0.0
0.0
0.0
0.0
0.0
0.0
0.0
0.0
0.0
0.0
0.0
0.0
0.0
0.0
0.0
0.0
0.0
0.0
0.0
0.0
0.0
0.0
0.0
0.0
0.0
0.0
0.0
0.0
0.0
0.0
0.0
0.0
0.0
0.0
0.0
0.0
0.0
0.0
0.0
0.0
0.0
0.0
0.0
0.0
0.0
0.0
0.0
0.0
0.0
0.0
0.0
0.0
0.0
0.0
0.0
0.0
0.0
0.0
0.0
0.0
0.0
0.0
0.0
0.0
0.0
0.0
0.0
0.0
0.0
0.0
0.0
0.0
0.0
0.0
0.0
0.0
0.0
0.0
0.0
0.0
0.0
0.0
0.0
0.0
0.0
0.0
0.0
0.0
0.0
0.0
0.0
0.0
0.0
0.0
0.0
0.0
0.0
0.0
0.0
0.0
0.0
0.0
0.0
0.0
0.0
0.0
0.0
0.0
0.0
0.0
0.0
0.0
0.0
0.0
0.0
0.0
0.0
0.0
0.0
0.0
0.0
0.0
0.0
0.0
0.0
0.0
0.0
0.0
0.0
0.0
0.0
0.0
0.0
0.0
0.0
0.0
0.0
0.0
0.0
0.0
0.0
0.0
0.0
0.0
0.0
0.0
0.0
0.0
0.0
0.0
0.0
0.0
0.0
0.0
0.0
0.0
0.0
0.0
0.0
0.0
0.0
0.0
0.0
0.0
0.0
0.0
0.0
0.0
0.0
0.0
0.0
0.0
0.0
0.0
0.0
0.0
0.0
0.0
0.0
0.0
0.0
0.0
0.0
0.0
0.0
0.0
0.0
0.0
0.0
0.0
0.0
0.0
0.0
0.0
0.0
0.0
0.0
0.0
0.0
0.0
0.0
0.0
0.0
0.0
0.0
0.0
0.0
0.0
0.0
0.0
0.0
0.0
0.0
0.0
0.0
0.0
0.0
0.0
0.0
0.0
0.0
0.0
0.0
0.0
0.0
0.0
0.0
0.0
0.0
0.0
0.0
0.0
0.0
0.0
0.0
0.0
0.0
0.0
0.0
0.0
0.0
0.0
0.0
0.0
0.0
0.0
0.0
0.0
0.0
0.0
0.0
0.0
0.0
0.0
0.0
0.0
0.0
0.0
0.0
0.0
0.0
0.0
0.0
0.0
0.0
0.0
0.0
0.0
0.0
0.0
0.0
0.0
0.0
0.0
0.0
0.0
0.0
0.0
0.0
0.0
0.0
0.0
0.0
0.0
0.0
0.0
0.0
0.0
0.0
0.0
0.0
0.0
0.0
0.0
0.0
0.0
0.0
0.0
0.0
0.0
0.0
0.0
0.0
0.0
0.0
0.0
0.0
0.0
0.0
0.0
0.0
0.0
0.0
0.0
0.0
0.0
0.0
0.0
0.0
0.0
0.0
0.0
0.0
0.0
0.0
0.0
0.0
0.0
0.0
0.0
0.0
0.0
0.0
0.0
0.0
0.0
0.0
0.0
0.0
0.0
0.0
0.0
0.0
0.0
0.0
0.0
0.0
0.0
0.0
0.0
0.0
0.0
0.0
0.0
0.0
0.0
0.0
0.0
0.0
0.0
0.0
0.0
0.0
0.0
0.0
0.0
0.0
0.0
0.0
0.0
0.0
0.0
0.0
0.0
0.0
0.0
0.0
0.0
0.0
0.0
0.0
0.0
0.0
0.0
0.0
0.0
0.0
0.0
0.0
0.0
0.0
0.0
0.0
0.0
0.0
0.0
0.0
0.0
0.0
0.0
0.0
0.0
0.0
0.0
0.0
0.0
0.0
0.0
0.0
0.0
0.0
0.0
0.0
0.0
0.0
0.0
0.0
0.0
0.0
0.0
0.0
0.0
0.0
0.0
0.0
0.0
0.0
0.0
0.0
0.0
0.0
0.0
0.0
0.0
0.0
0.0
0.0
0.0
0.0
0.0
0.0
0.0
0.0
0.0
0.0
0.0
0.0
0.0
0.0
0.0
0.0
0.0
0.0
0.0
0.0
0.0
0.0
0.0
0.0
0.0
0.0
0.0
0.0
0.0
0.0
0.0
0.0
0.0
0.0
0.0
0.0
0.0
0.0
0.0
0.0
0.0
0.0
0.0
0.0
0.0
0.0
0.0
0.0
0.0
0.0
0.0
0.0
0.0
0.0
0.0
0.0
0.0
0.0
0.0
0.0
0.0
0.0
0.0
0.0
0.0
0.0
0.0
0.0
0.0
0.0
0.0
0.0
0.0
0.0
0.0
0.0
0.0
0.0
0.0
0.0
0.0
0.0
0.0
0.0
0.0
0.0
0.0
0.0
0.0
0.0
0.0
0.0
0.0
0.0
0.0
0.0
0.0
0.0
0.0
0.0
0.0
0.0
0.0
0.0
0.0
0.0
0.0
0.0
0.0
0.0
0.0
0.0
0.0
0.0
0.0
0.0
0.0
0.0
0.0
0.0
0.0
0.0
0.0
0.0
0.0
0.0
0.0
0.0
0.0
0.0
0.0
0.0
0.0
0.0
0.0
0.0
0.0
0.0
0.0
0.0
0.0
0.0
0.0
0.0
0.0
0.0
0.0
0.0
0.0
0.0
0.0
0.0
0.0
0.0
0.0
0.0
0.0
0.0
0.0
0.0
0.0
0.0
0.0
0.0
0.0
0.0
0.0
0.0
0.0
0.0
0.0
0.0
0.0
0.0
0.0
0.0
0.0
0.0
0.0
0.0
0.0
0.0
0.0
0.0
0.0
0.0
0.0
0.0
0.0
0.0
0.0
0.0
0.0
0.0
0.0
0.0
0.0
0.0
0.0
0.0
0.0
0.0
0.0
0.0
0.0
0.0
0.0
0.0
0.0
0.0
0.0
0.0
0.0
0.0
0.0
0.0
0.0
0.0
0.0
0.0
0.0
0.0
0.0
0.0
0.0
0.0
0.0
0.0
0.0
0.0
0.0
0.0
0.0
0.0
0.0
0.0
0.0
0.0
0.0
0.0
0.0
0.0
0.0
0.0
0.0
0.0
0.0
0.0
0.0
0.0
0.0
0.0
0.0
0.0
0.0
0.0
0.0
0.0
0.0
0.0
0.0
0.0
0.0
0.0
0.0
0.0
0.0
0.0
0.0
0.0
0.0
0.0
0.0
0.0
0.0
0.0
0.0
0.0
0.0
0.0
0.0
0.0
0.0
0.0
0.0
0.0
0.0
0.0
0.0
0.0
0.0
0.0
0.0
0.0
0.0
0.0
0.0
0.0
0.0
0.0
0.0
0.0
0.0
0.0
0.0
0.0
0.0
0.0
0.0
0.0
0.0
0.0
0.0
0.0
0.0
0.0
0.0
0.0
0.0
0.0
0.0
0.0
0.0
0.0
0.0
0.0
0.0
0.0
0.0
0.0
0.0
0.0
0.0
0.0
0.0
0.0
0.0
0.0
0.0
0.0
0.0
0.0
0.0
0.0
0.0
0.0
0.0
0.0
0.0
0.0
0.0
0.0
0.0
0.0
0.0
0.0
0.0
0.0
0.0
0.0
0.0
0.0
0.0
0.0
0.0
0.0
0.0
0.0
0.0
0.0
0.0
0.0
0.0
0.0
0.0
0.0
0.0
0.0
0.0
0.0
0.0
0.0
0.0
0.0
0.0
0.0
0.0
0.0
0.0
0.0
0.0
0.0
0.0
0.0
0.0
0.0
0.0
0.0
0.0
0.0
0.0
0.0
0.0
0.0
0.0
0.0
0.0
0.0
0.0
0.0
0.0
0.0
0.0
0.0
0.0
0.0
0.0
0.0
0.0
0.0
0.0
0.0
0.0
0.0
0.0
