0.044130033526936376
0.04413018202094098
0.04413030823312957
0.04413042014637943
0.044130521649636066
0.04413061518149177
0.0441307024018654
0.04413078449055922
0.04413086224639902
0.04413093585095869
0.04413100652676464
0.044131074304121554
0.04413113975807257
0.04413120309350879
0.04413126448079624
0.04413132417825373
0.04413138228543349
0.04413143892247283
0.044131494025910066
0.04413154788634612
0.04413160062321864
0.04413165231014051
0.04413170292502764
0.0441317525249343
0.044131801228387675
0.04413184910462585
0.04413189618244586
0.04413194241215132
0.04413198778499148
0.044132032469247615
0.04413207651262135
0.044132119940708474
0.044132162765953366
0.04413220499804706
0.04413224663022356
0.044132287660582005
0.04413232819368082
0.04413236819844044
0.04413240767204038
0.04413244666658734
0.04413248519429285
0.04413252325491921
0.04413256077031299
0.044132597846436854
0.04413263450245664
0.044132670751068165
0.04413270658485478
0.044132741965098365
0.044132776925854385
0.04413281152544897
0.04413284576112703
0.0441328796309727
0.04413291314350262
0.044132946312337586
0.04413297914929907
0.04413301166188214
0.04413304385337983
0.0441330757202924
0.04413310722289152
0.04413313838698103
0.04413316921493429
0.044133199746164996
0.04413322999315306
0.04413325996361202
0.04413328966233173
0.04413331909117449
0.04413334825318188
0.04413337714878765
0.04413340577084355
0.044133434092686
0.04413346213976239
0.04413348992988694
0.0441335174608579
0.04413354472173323
0.04413357173128477
0.044133598504654474
0.04413362504275515
0.044133651347240024
0.044133677417847676
0.04413370325202394
0.04413372883844603
0.04413375417308898
0.04413377927931292
0.04413380416483504
0.04413382883142662
0.0441338532801584
0.044133877505253986
0.04413390149894382
0.04413392526301763
0.04413394880859369
0.04413397214081084
0.04413399525984805
0.044134018161004325
0.044134040844681664
0.044134063325994684
0.04413408560264324
0.044134107679701905
0.044134129559472754
0.044134151241234126
0.04413417272751767
0.0441341940154141
0.044134215096637223
0.04413423598152757
0.04413425666783837
0.04413427715444752
0.0441342974351287
0.044134317513074034
0.0441343373976967
0.04413435709115809
0.044134376596180906
0.04413439591638666
0.044134415052344896
0.044134434003817044
0.04413445277233761
0.04413447135836624
0.04413448975970161
0.0441345079687457
0.04413452598982226
0.04413454382106443
0.04413456146903196
0.04413457893646445
0.044134596222635325
0.044134613323843254
0.044134630240495985
0.04413464697518824
0.04413466352774241
0.04413467989737593
0.0441346960872388
0.0441347121004053
0.044134727938533846
0.04413474360018373
0.04413475907348286
0.04413477437160577
0.044134789497204945
0.04413480444846508
0.04413481922405093
0.0441348338235336
0.04413484824718936
0.04413486249498059
0.044134876568489814
0.044134890469058656
0.04413490419323059
0.044134917740386026
0.0441349311123079
0.044134944307729386
0.04413495732465552
0.04413497016380441
0.04413498282338932
0.04413499530566683
0.04413500761546934
0.04413501975290846
0.044135031716064935
0.04413504350641835
0.04413505512483302
0.0441350665689202
0.04413507783851894
0.04413508893571626
0.04413509985887966
0.04413511060622862
0.04413512118173296
0.04413513157827562
0.044135141797975626
0.04413515184444419
0.044135161716888215
0.044135171412263405
0.04413518093111015
0.04413519027449948
0.04413519944302699
0.044135208434800836
0.04413521725004356
0.04413522589227272
0.0441352343565961
0.044135242642379294
0.04413525075167082
0.04413525868463825
0.044135266439718636
0.044135274016621893
0.044135281417739834
0.04413528864046338
0.04413529568689827
0.04413530255310061
0.04413530924105754
0.04413531575051343
0.044135322079972686
0.04413532823041115
0.044135334201759496
0.04413533999229787
0.04413534560176142
0.04413535102968972
0.04413535627803208
0.04413536134240519
0.0441353662241016
0.04413537092203296
0.04413537543803444
0.04413537977058516
0.04413538391839286
0.04413538788288532
0.04413539166210131
0.04413539525645349
0.04413539862348152
0.04413540175716764
0.04413540470387099
0.044135407464237705
0.044135410037973256
0.04413541242443016
0.044135414623292936
0.04413541663317616
0.044135418454103605
0.04413542008484861
0.04413542152496308
0.04413542277473352
0.044135423832913565
0.044135424698891174
0.04413542537233799
0.04413542585220582
0.04413542613794277
0.04413542622923504
0.044135426125361185
0.044135425825701236
0.04413542532965368
0.044135424636401965
0.04413542374544941
0.04413542265649482
0.04413542136938955
0.044135419883134436
0.04413541819725689
0.04413541631127988
0.044135414225559826
0.044135411938013874
0.04413540944896203
0.044135406758239494
0.04413540386497046
0.044135400766684374
0.04413539746359506
0.04413539395587046
0.04413539024217855
0.04413538632017162
0.04413538218982944
0.044135377852006906
0.044135373304586945
0.04413536854689399
0.044135363579056786
0.04413535839979277
0.0441353530094678
0.044135347405956135
0.04413534158842107
0.04413533555756646
0.04413532931208121
0.044135322850749295
0.04413531617354137
0.044135309279667
0.04413530216581521
0.04413529483187185
0.044135287278076904
0.044135279504496236
0.04413527151040061
0.04413526329380722
0.04413525485140468
0.044135246183889414
0.04413523729466678
0.044135228181221495
0.04413521884073516
0.04413520927184351
0.04413519947685506
0.044135189452259964
0.04413517919903721
0.044135168711795104
0.044135157995915573
0.04413514705165472
0.044135135874072286
0.04413512445963043
0.04413511281015788
0.04413510092560213
0.044135088803418994
0.04413507644181008
0.04413506384160338
0.044135051003285734
0.04413503792498502
0.04413502460396495
0.04413501103817143
0.04413499722470251
0.04413498316322519
0.04413496885764919
0.044134954306892904
0.04413493951042555
0.044134924465931716
0.04413490916843821
0.04413489361423827
0.04413487781087708
0.04413486175727211
0.04413484545335901
0.044134828894752134
0.044134812071380904
0.04413479499051624
0.044134777657479564
0.04413476006411221
0.04413474221023134
0.04413472409923627
0.04413470572890311
0.04413468709458532
0.04413466819411681
0.044134649028335
0.04413462959866365
0.04413460990344849
0.044134589937120154
0.04413456969464006
0.044134549176201146
0.044134528385393744
0.04413450732341586
0.04413448598715625
0.04413446437110071
0.04413444247532448
0.044134420299130096
0.04413439784578194
0.04413437511653139
0.044134352108809005
0.044134328814575144
0.044134305234272725
0.04413428136446922
0.044134257203918933
0.04413423275765389
0.04413420802398109
0.044134183000640224
0.04413415768456405
0.04413413207369968
0.044134106168307825
0.04413407996315871
0.04413405345674414
0.044134026654342656
0.04413399955669842
0.04413397216039713
0.04413394446339575
0.044133916462719774
0.04413388815448374
0.04413385953617858
0.04413383060884997
0.044133801374933036
0.04413377183529153
0.04413374198556899
0.04413371181809868
0.04413368132930194
0.044133650520825025
0.04413361939982827
0.04413358796586677
0.04413355621702794
0.044133524142925276
0.044133491743130686
0.04413345901125715
0.044133425945087415
0.044133392548983436
0.04413335882747069
0.04413332477958507
0.044133290401295155
0.044133255690054524
0.044133220646240354
0.04413318526635322
0.04413314954360826
0.04413311347673175
0.04413307706864462
0.04413304031815535
0.04413300322146043
0.04413296577877803
0.044132927992552105
0.04413288986069198
0.04413285137763455
0.044132812536296674
0.04413277333414437
0.04413273377875115
0.04413269387043599
0.04413265360427776
0.04413261297684872
0.04413257198725443
0.044132530637853704
0.04413248892301507
0.04413244684234633
0.044132404396548024
0.04413236157566195
0.04413231838175982
0.04413227481122465
0.04413223086156492
0.04413218653270657
0.04413214182591286
0.04413209674184268
0.044132051279281985
0.04413200543580901
0.044131959208987395
0.04413191259689521
0.04413186559829844
0.04413181821672229
0.04413177043760533
0.044131722249188876
0.044131673660592396
0.044131624795743056
0.04413157567529339
0.044131526150584834
0.044131476221046066
0.04413142589057401
0.04413137515649482
0.044131324016532684
0.04413127247130172
0.044131220520350956
0.04413116814344213
0.044131115336154374
0.04413106211029371
0.044131008466982646
0.04413095440281962
0.04413089991678764
0.04413084500827897
0.04413078967781507
0.044130733930781076
0.0441306777611648
0.04413062113149644
0.044130564068183366
0.04413050657247624
0.044130448633791765
0.04413039024652578
0.044130331412456786
0.04413027213336178
0.0441302124111721
0.044130152255203725
0.044130091636827934
0.04413003056216827
0.04412996902949446
0.044129907030347484
0.04412984457028028
0.044129781652062966
0.04412971827562882
0.044129654444784235
0.0441295901515001
0.04412952537704623
0.044129460121028995
0.04412939438764209
0.044129328175261655
0.044129261482038544
0.044129194300466024
0.04412912663506303
0.04412905849316559
0.04412898983332371
0.04412892068156058
0.04412885103756336
0.044128780903617375
0.04412871028189564
0.04412863917804021
0.04412856759500828
0.04412849548179268
0.04412842282743136
0.044128349666269454
0.04412827600215731
0.04412820183457385
0.044128127149188394
0.044128051957458767
0.044127976247107584
0.04412789999118204
0.044127823192872125
0.044127745875030204
0.044127668038624564
0.044127589673153805
0.044127510793749596
0.044127431345408
0.0441273513510108
0.04412727081826047
0.0441271897351276
0.04412710810614908
0.044127025933726804
0.04412694321475271
0.04412685992349035
0.044126776053982006
0.04412669162857268
0.04412660663870636
0.044126521074057456
0.044126434955061584
0.0441263482623655
0.04412626098133263
0.044126173144905106
0.04412608475772044
0.04412599579126075
0.04412590620055677
0.04412581598730609
0.04412572515077175
0.04412563373003551
0.04412554172582885
0.04412544914571953
0.04412535600467797
0.04412526227598247
0.04412516787453391
0.04412507285869595
0.04412497723904022
0.04412488101037879
0.04412478419945642
0.04412468678557747
0.0441245887066601
0.04412448998515367
0.04412439063971936
0.04412429064840196
0.04412419007682805
0.04412408881069043
0.04412398690975248
0.04412388431219561
0.044123781090872095
0.0441236772700323
0.044123572793983906
0.044123467595237796
0.044123361759651106
0.04412325526965015
0.0441231481157935
0.04412304033634608
0.04412293183600341
0.044122822639021474
0.04412271277736875
0.04412260224607485
0.04412249104403908
0.04412237915314129
0.04412226654739393
0.04412215324342991
0.04412203926598315
0.04412192457565201
0.04412180916804339
0.044121693024258356
0.04412157616435915
0.04412145862872023
0.044121340434135126
0.04412122150907633
0.044121101763731754
0.044120981245660815
0.04412086002744993
0.04412073812303083
0.04412061554756787
0.04412049223509614
0.044120368114237404
0.04412024321292535
0.04412011754915122
0.044119991167591174
0.04411986404370397
0.04411973610064952
0.04411960739353463
0.044119477948402375
0.04411934777524556
0.04411921683459593
0.04411908504692802
0.04411895244512635
0.04411881906237165
0.0441186849274874
0.04411855000045735
0.04411841427468829
0.04411827775004245
0.04411814045377628
0.04411800242099392
0.04411786344476766
0.04411772365588283
0.044117583057793223
0.04411744160307391
0.04411729937956533
0.04411715628220359
0.04411701235872099
0.04411686764005618
0.04411672208020667
0.04411657573611948
0.04411642844708175
0.044116280316188354
0.044116131356483526
0.04411598152262067
0.04411583071271562
0.04411567909463568
0.0441155266759616
0.04411537342405845
0.04411521920208231
0.04411506405128152
0.04411490804798823
0.04411475120217394
0.044114593586251194
0.04411443481090107
0.04411427509216211
0.044114115389612976
0.044113955941675706
0.044113795716730464
0.04411363441520009
0.044113472091852034
0.04411330886475084
0.04411314484219945
0.044112979898731274
0.04411281396073791
0.044112647008691476
0.044112479122402126
0.044112310341905034
0.044112140616445604
0.04411196994887066
0.04411179833354361
0.04411162575922634
0.04411145215132539
0.0441112775082842
0.04411110192374528
0.04411092546564127
0.044110747993031635
0.044110569480916746
0.04411038996292879
0.044110209462796396
0.04411002794152268
0.04410984539151012
0.04410966186326483
0.044109477338215554
0.04410929180980676
0.04410910519110819
0.044108917489232534
0.04410872880919936
0.044108539135744966
0.0441083484123716
0.044108156607597385
0.04410796374444544
0.0441077698102423
0.044107574788783695
0.04410737864876791
0.04410718153970253
0.04410698344227861
0.044106784216706746
0.04410658373169189
0.0441063821837496
0.04410617964666006
0.04410597603560202
0.044105771150005364
0.044105565270366874
0.044105358373545074
0.044105150295361
0.04410494088399432
0.044104730373558644
0.04410451890575991
0.04410430644126405
0.044104092660867684
0.044103877545398594
0.04410366137275888
0.044103444237268155
0.04410322586714413
0.04410300606490179
0.04410278519649862
0.04410256334199215
0.04410234033015307
0.044102115915018524
0.04410189015909146
0.04410166339187181
0.044101435532416515
0.044101206501746905
0.04410097609180938
0.044100744418827796
0.044100511504498736
0.044100277457273386
0.04410004219859751
0.04409980573089688
0.04409956783566385
0.04409932875374134
0.044099088418654134
0.044098847040208944
0.044098604031889664
0.04409835985458545
0.04409811432126027
0.044097867804634615
0.044097619782151556
0.044097370481391694
0.044097119723514606
0.044096867898605285
0.04409661459882045
0.04409636017281335
0.04409610442075726
0.04409584732942374
0.04409558868219289
0.044095328868844735
0.044095067841534136
0.044094805425755786
0.04409454144044931
0.04409427611776446
0.04409400955304755
0.04409374161346355
0.04409347224294724
0.04409320149389127
0.0440929294130396
0.04409265576923439
0.04409238076193258
0.044092104470583385
0.044091826861430344
0.0440915465154497
0.04409126365461806
0.04409097955798497
0.04409069413942686
0.04409040691889252
0.04409011822386334
0.04408982828341486
0.04408953697412111
0.04408924395590873
0.04408894947343067
0.04408865366941713
0.04408835629954107
0.044088057224908266
0.044087756723241174
0.04408745506640181
0.04408715158445205
0.04408684631138033
0.04408653975709381
0.044086232180615186
0.04408592281387296
0.04408561156566543
0.04408529883268716
0.04408498490259367
0.04408466928328271
0.0440843518377298
0.044084032924324786
0.04408371245572062
0.04408339033316464
0.044083066528129634
0.04408274127084394
0.044082414408775764
0.04408208583424284
0.04408175551375713
0.044081423411794045
0.04408108839960301
0.044080751804356826
0.04408041358753577
0.04408007337884076
0.04407973149042073
0.04407938818545006
0.04407904330601389
0.044078696404813746
0.04407834587318642
0.044077994510989385
0.04407764208105847
0.04407728776549661
0.04407693151700082
0.044076573704773865
0.04407621411852284
0.04407585273440025
0.044075489599375565
0.044075124711360145
0.04407475797547939
0.044074389473408165
0.04407401929874806
0.04407364721916006
0.0440732732779902
0.044072897623897184
0.04407252016769277
0.044072141149124736
0.04407176131759892
0.0440713798775514
0.04407099648315722
0.04407061102207325
0.04407022378955252
0.044069834988499
0.044069444142431614
0.044069051121467064
0.04406865630809722
0.04406825978020536
0.044067861344025384
0.04406746093782589
0.04406705866370996
0.044066654231739825
0.04406624786217391
0.04406583988674875
0.044065429843548366
0.04406501746970083
0.044064603249401736
0.04406418757820364
0.04406376963736416
0.044063349171060556
0.044062927027862527
0.044062503266029264
0.04406207719881467
0.04406164878581601
0.044061218749350636
0.04406078674215439
0.04406035226015889
0.04405991579933214
0.04405947758793134
0.04405903719578115
0.04405859444656368
0.044058149983494076
0.04405770354580559
0.044057254408995765
0.04405680313783265
0.04405635022990715
0.04405589518025842
0.04405543753480592
0.044054977935810945
0.04405451651638184
0.04405405258767193
0.044053586294250255
0.04405311806315552
0.04405264793447511
0.044052175266163944
0.044051699466364495
0.044051221011001895
0.04405074039590002
0.04405025671418353
0.044049770542366314
0.04404928226211169
0.04404879180158666
0.04404829902983151
0.04404780382730083
0.04404730623179316
0.04404680664658044
0.04404630471800522
0.04404580024931396
0.04404529352807832
0.04404478453750613
0.044044273095038444
0.044043759201022326
0.04404324326935403
0.04404272482549351
0.04404220356470581
0.04404168023491727
0.04404115473624273
0.044040626607192726
0.04404009579797363
0.04403956296364974
0.04403902772128274
0.044038489570374734
0.04403794907249419
0.044037406367294765
0.04403686110205245
0.04403631321073423
0.04403576282107836
0.04403520992975974
0.04403465456279694
0.04403409685662323
0.04403353647294629
0.04403297322323386
0.04403240781513446
0.044031839808704884
0.04403126882100856
0.04403069541164629
0.04403011980008794
0.04402954135701512
0.04402895984531289
0.04402837631814148
0.04402779027337879
0.04402720192885118
0.04402661141293114
0.04402601846608859
0.04402542261769045
0.04402482383589055
0.04402422294073648
0.04402361938251197
0.044023012387215926
0.0440224030854165
0.04402179121877017
0.044021176215760995
0.04402055849814142
0.044019938342205266
0.044019315304380184
0.04401868918883927
0.044018060805066754
0.04401742946686799
0.04401679463205692
0.04401615759408196
0.044015517975651716
0.04401487479068056
0.044014228755841864
0.044013580657932545
0.044012929397903924
0.04401227432853997
0.0440116171811906
0.04401095756804958
0.044010294109009626
0.04400962781966439
0.04400895925173924
0.04400828729467985
0.044007611908335784
0.04400693413822567
0.044006253584919046
0.044005569376157676
0.044004882340349445
0.04400419272108228
0.04400349958554345
0.04400280352259571
0.044002104960942215
0.04400140265464427
0.0440006969799383
0.04399998872576671
0.04399927758867322
0.043998562877382304
0.0439978503906659
0.04399713583497186
0.04399641769655152
0.04399569605621102
0.04399497175996524
0.04399424415423312
0.04399351332519042
0.04399277918798478
0.04399204215284872
0.04399130199614561
0.043990558203575024
0.043989811422878
0.04398906148631815
0.04398830819037097
0.04398755153334574
0.04398679152905153
0.04398602886256604
0.04398526239581975
0.043984492083575535
0.04398371921736718
0.04398294293505717
0.043982162949472485
0.043981379763468186
0.04398059384229537
0.0439798042107885
0.043979010709566585
0.04397821449636728
0.04397741483806593
0.043976611232079285
0.04397580467261069
0.0439749946626361
0.043974180682112854
0.04397336331977232
0.04397254281926143
0.04397171864443244
0.04397089088386932
0.04397006002636344
0.04396922542723922
0.043968385512325854
0.0439675388084951
0.04396668838156362
0.043965833946098924
0.04396497637136506
0.04396411536280229
0.04396325022434944
0.043962381609718396
0.04396150950684181
0.04396063357791397
0.043959753970534476
0.04395887063041097
0.043957983167870945
0.04395709217212924
0.04395619828740269
0.04395530028938429
0.043954398113380665
0.043953493224190565
0.04395258409118751
0.04395166991230913
0.04395075029616492
0.043949826566926885
0.043948892431350674
0.04394795528674029
0.043947018479983904
0.04394607826678303
0.043945135512967394
0.04394418994329025
0.04394324043318155
0.043942285845036025
0.043941328195895954
0.04394036658218298
0.04393940000278589
0.0439384302258962
0.04393745646712698
0.04393647803254523
0.04393549572387433
0.04393450990089801
0.04393351953808535
0.04393252483040131
0.04393152701785289
0.04393052443224014
0.04392951689989211
0.043928506554399546
0.043927491846095866
0.04392647191016287
0.04392544888436979
0.043924421832450926
0.04392338863308255
0.043922350897168234
0.04392130973241997
0.04392026332087701
0.04391921238568547
0.04391815837551964
0.043917099397792585
0.043916035319781374
0.043914968146425114
0.043913895882003
0.043912815947821475
0.04391173270637904
0.04391064550934365
0.043909552400002966
0.0439084554719934
0.04390735491683854
0.04390624862534191
0.04390513775566568
0.043904023548416216
0.04390290462412054
0.04390178033775346
0.04390065204543379
0.04389951953836176
0.04389838171430334
0.043897239572096014
0.04389609332072162
0.04389494184435289
0.04389378598596963
0.04389262588659645
0.04389146031467097
0.04389029034252065
0.04388911571695676
0.04388793589061301
0.043886753338228605
0.0438855669120741
0.043884375716884735
0.04388317965436215
0.04388197898603886
0.04388077368723337
0.04387956276569598
0.04387834710614532
0.04387712714925609
0.04387590201200068
0.04387467207695548
0.0438734372565845
0.043872197699692535
0.04387095337474181
0.043869703371688
0.04386844891906358
0.04386719010646788
0.04386592503079794
0.04386465525430466
0.04386338112709836
0.043862101239146675
0.04386081617708054
0.043859526863294876
0.04385824169517227
0.04385695106309274
0.04385565608298212
0.04385435631714976
0.043853050194024384
0.0438517396506121
0.043850425049862043
0.04384910427087205
0.04384777829468638
0.04384644821514222
0.04384511191928229
0.043843770035721756
0.04384242460104177
0.043841072777135975
0.043839714682542164
0.04383835248807132
0.04383698500784981
0.043835611517283914
0.04383423315467523
0.043832849701216044
0.043831460333480246
0.04383006584032476
0.043828663303017976
0.04382724982971986
0.04382583073855076
0.04382440670135093
0.043822976363818635
0.043821540589761246
0.04382010041564179
0.04381865366306002
0.043817201312158126
0.04381574462754379
0.04381428065580356
0.043812811105691137
0.0438113373619295
0.04380985672074644
0.043808371016989964
0.04380688485786914
0.043805388674977026
0.04380387373098892
0.043802359316718
0.043800843044167814
0.04379931992341158
0.04379779144388989
0.04379625780781594
0.04379471685167246
0.04379317105258898
0.04379162042389539
0.04379006130830987
0.043788497379220144
0.04378692796959033
0.043785349070980535
0.043783764945655314
0.04378217721436072
0.04378058048710259
0.04377897740135313
0.04377737066080367
0.043775756787681606
0.043774135234792656
0.043772509644792804
0.043770878346593704
0.04376923875571468
0.04376759456167648
0.043765945117491975
0.043764286805352076
0.043762619802790635
0.04376094729694514
0.043759266441439376
0.043757579599821954
0.043755888551786304
0.043754189130351236
0.043752483173438064
0.043750773224105886
0.04374905455380611
0.043747329492963324
0.04374560064785658
0.043743861900335905
0.043742116635592465
0.04374036787947579
0.043738610902606265
0.04373684784677957
0.04373508206783525
0.04373330962664435
0.04373152837982886
0.04372974229531763
0.043727950604660865
0.04372614905760812
0.04372434220287789
0.04372253149274688
0.0437207105315868
0.04371888321169546
0.04371705296556806
0.04371521234356595
0.04371337024043122
0.04371153341655093
0.04370968652937597
0.04370783146903409
0.04370597389626368
0.04370410658082635
0.04370223129793599
0.04370035165663709
0.0436984643138832
0.043696568495365684
0.043694666917323266
0.04369276021181075
0.043690844133468326
0.04368892115903832
0.043686994115341556
0.04368505393255371
0.04368309801681043
0.04368113829434225
0.04367916890632933
0.043677191666695155
0.04367520977283679
0.04367321964432723
0.043671221355728956
0.043669217325220694
0.04366720531464337
0.04366519117806713
0.043663171548345696
0.04366114422472384
0.04365910909654087
0.04365706046451903
0.0436549949793706
0.04365292209636787
0.04365084795848919
0.043648764222589086
0.04364667272789829
0.04364457371007329
0.04364246681200122
0.04364035243034067
0.043638230155729686
0.04363610027302685
0.04363396269059971
0.043631817480335934
0.043629665328377865
0.04362750498515138
0.043625336617747104
0.04362316115158871
0.04362097711738403
0.04361878518531504
0.04361658573322942
0.043614377448889664
0.043612163513392914
0.04360993970797322
0.04360770131718475
0.04360545796030044
0.043603205885349446
0.04360094346390028
0.04359867571893326
0.04359639964037815
0.04359411322812381
0.04359182064238001
0.043589520733166985
0.04358721058061767
0.04358489537307098
0.04358257601738494
0.04358024587617465
0.04357790598596011
0.04357556141377775
0.04357320832125289
0.043570843912287965
0.04356847449351642
0.04356610881834264
0.04356373614683947
0.04356135864681795
0.0435589743389361
0.043556576968989937
0.043554173414109276
0.043551762358879274
0.04354934035392131
0.04354691057917423
0.04354447342749117
0.04354202725086311
0.04353956098298559
0.04353708431202582
0.0435345989164248
0.043532102943064865
0.043529599802575904
0.04352708768276373
0.04352457036570087
0.04352204865664608
0.04351951818480728
0.04351697935786697
0.04351443138889947
0.043511871954939906
0.04350929918440765
0.043506701222165683
0.04350409399409353
0.043501485361673545
0.04349886851840066
0.04349624130445085
0.04349360427418953
0.04349096105359739
0.04348830556932195
0.04348563959315273
0.043482968149953484
0.043480285648270785
0.04347759226228051
0.04347489292138071
0.04347218254972838
0.043469460659560984
0.043466732131123884
0.04346399405186914
0.04346124365667728
0.043458485089166596
0.043455718995148405
0.043452934290154774
0.043450140365847816
0.04344734131724636
0.04344452808527642
0.0434417046733356
0.04343887656995248
0.04343603329798138
0.043433179270463376
0.04343032745738306
0.04342746145823293
0.043424582008876646
0.043421698543639274
0.04341882554330411
0.043415938645158005
0.04341304565844656
0.04341014426964235
0.0434072280643885
0.04340430384788046
0.04340137205799921
0.043398425822441467
0.043395455050113954
0.04339247790028355
0.04338948581255188
0.04338648102735367
0.04338348121323025
0.04338046833826758
0.043377442528125865
0.043374407573592115
0.04337135918196482
0.04336829848519246
0.04336523097353634
0.04336215169713517
0.043359037593074676
0.043355913815305624
0.043352789922661894
0.04334965082593458
0.0433465045038557
0.04334334853024372
0.043340177288600706
0.04333699891630118
0.04333380996182162
0.043330604774174115
0.04332739242380725
0.0433241716306324
0.04332093563775254
0.04331768979922927
0.04331443835525721
0.04331116976904569
0.0433078886117362
0.04330460496331602
0.043301300696266115
0.04329797556484277
0.043294649359077494
0.04329130715841792
0.043287947527164757
0.04328458341235662
0.04328120997387496
0.04327782498861022
0.04327444856480903
0.04327107187446342
0.0432676788986399
0.04326427255852883
0.04326086086563268
0.043257434600655
0.04325398156238952
0.04325051478958883
0.043247034720891635
0.043243549499116726
0.04324005390649683
0.043236543621723786
0.043233018937769735
0.04322948657888333
0.043225939294829416
0.043222379429937174
0.04321880979762885
0.04321522294594842
0.04321159984565831
0.043207964985337605
0.04320433185736202
0.0432006844919217
0.0431970210968198
0.04319334946125341
0.043189664084434184
0.04318596359542616
0.043182253659569646
0.04317853068275104
0.04317479489523605
0.04317104691827037
0.043167284146991995
0.04316350960150653
0.04315972282798819
0.043155921573565736
0.0431521102650403
0.04314828298390146
0.04314443253798405
0.0431405713373829
0.043136696558772926
0.043132807962636965
0.043128940924198444
0.043125064965645755
0.043121173302414016
0.04311726874454437
0.04311334291770358
0.043109389759315504
0.04310543057307156
0.04310145934435587
0.043097473682140806
0.04309347266799004
0.04308945976314643
0.04308543404284589
0.04308139183745402
0.04307733906535777
0.0430732729053956
0.04306918361986661
0.04306505833166763
0.0430609184703148
0.0430567747341597
0.04305262569329032
0.04304845372331547
0.043044267070783994
0.043040068868912124
0.04303585704022532
0.043031628356168784
0.043027385720973144
0.04302313138142035
0.04301885895958468
0.04301457012725382
0.0430102731031194
0.04300595958700246
0.043001627394137217
0.04299728699481085
0.042992919404430105
0.04298854404866218
0.042984180185560016
0.04297980491588469
0.042975410347895315
0.0429709860784386
0.04296655523954073
0.04296210560089928
0.04295763877734126
0.042953161728054176
0.0429486677561373
0.042944157025113595
0.04293963665037354
0.042935099772766105
0.04293054314684064
0.042925973492736975
0.04292135748795919
0.04291671797754706
0.04291206860434428
0.04290742965798127
0.04290276008009089
0.0428980709248708
0.042893368658314286
0.042888650003107834
0.04288391559504185
0.04287916471951295
0.04287439651324981
0.04286961527214397
0.042864816453436407
0.04285999898865839
0.04285516733846958
0.042850320809244224
0.04284547234320528
0.04284060754670052
0.04283573812118622
0.042830828999762746
0.04282591123524025
0.042820985875846956
0.04281603634393668
0.042811069158524104
0.04280609229905451
0.04280109299340472
0.04279607561729635
0.042791043952456066
0.042785998207679
0.042780925572354515
0.04277580167114055
0.04277066728709542
0.042765507755981085
0.042760362526478815
0.042755197530269594
0.042749992608122026
0.042744773548725946
0.042739548247324725
0.042734297029845526
0.04272902277603073
0.04272374023497475
0.04271844049215294
0.042713104907638265
0.04270775922628193
0.04270244176952106
0.04269710756819839
0.04269172797835222
0.0426863356547116
0.042680909612619986
0.04267547362713409
0.042670035589383905
0.04266456656787719
0.04265907410321251
0.042653575306460516
0.042648055811262735
0.04264250468857098
0.04263693803828423
0.042631322214615214
0.042625670827599
0.04262000831188675
0.04261437157644139
0.042608692420591336
0.04260298118218681
0.042597265681821865
0.04259151699886827
0.04258574211003978
0.04257995394865054
0.042574147117734384
0.04256831803678056
0.042562520710126395
0.04255670315350526
0.042550839054863974
0.04254496164159361
0.04253905936025677
0.04253312639584732
0.04252718378578227
0.04252122814681447
0.042515243589946544
0.042509238368470134
0.042503225625895716
0.042497178625012025
0.04249107945609136
0.042484948086576775
0.042478793573841836
0.042472633181220736
0.04246647717321532
0.042460287014125804
0.04245404880365917
0.042447793644101416
0.04244153056304254
0.042435238181803385
0.04242894165527265
0.04242265961462397
0.04241633309248553
0.04240998437551289
0.042403621859171035
0.042397238871971984
0.04239082091217547
0.04238437448231132
0.0423779241274735
0.042371440708914215
0.04236493496808037
0.04235841673456157
0.0423518691037893
0.04234524399481895
0.042338601226316365
0.042331930454329356
0.042325262941995186
0.04231858434901516
0.0423118668488564
0.04230511411083475
0.04229835623855557
0.042291588081523966
0.042284794055975024
0.042277989432896956
0.04227116378017431
0.042264313413962515
0.042257441812050114
0.04225054730297492
0.04224362638709144
0.04223667093121511
0.04222969529397559
0.04222269798650926
0.042215677718961835
0.0422086318171352
0.04220150105164589
0.04219434090388972
0.042187157722650866
0.04217998815294432
0.04217279931124896
0.04216558881141161
0.04215834846271376
0.04215108267905933
0.04214377803671806
0.042136482242172674
0.042129162189544746
0.04212181725222818
0.04211444642652088
0.042107048258010454
0.04209962467966762
0.042092181354668294
0.04208470193676192
0.04207719558073381
0.042069660379207244
0.04206205404790701
0.04205439732912125
0.04204671598035998
0.04203902476238734
0.04203136495764573
0.042023681022642624
0.042015947864944475
0.04200814135350535
0.042000348334768116
0.041992551192265054
0.041984720997543745
0.04197686360718125
0.041968985346221885
0.0419610783356135
0.04195313593348182
0.04194515991728817
0.04193716574032066
0.041929125771032874
0.041921033167992325
0.04191288345801101
0.041904698446861705
0.041896509241058616
0.04188835131506632
0.04188016108594256
0.04187187851226332
0.04186357982920157
0.04185529785937274
0.041846971183280145
0.04183863005854145
0.04183026726289141
0.04182184846390315
0.04181339606683165
0.041804928545369636
0.04179642733893142
0.04178789096809542
0.04177930434678177
0.04177066518232192
0.0417619855992922
0.041753280601017906
0.04174461468493107
0.0417358755322391
0.04172706749392669
0.04171829500074759
0.04170949920119741
0.04170065240110685
0.04169176735446402
0.041682857042691736
0.04167391450496452
0.04166493060630684
0.04165593265026529
0.04164689633198972
0.04163784185926604
0.04162869322386472
0.041619506019578374
0.04161030171999283
0.041601070130611914
0.041591793918732876
0.041582523439591255
0.04157322885492037
0.041563891042026485
0.04155449518830233
0.041545089852564554
0.04153565199475419
0.04152616617803209
0.04151665152788808
0.04150713495038691
0.04149759974673244
0.04148795126568048
0.04147827760778247
0.041468564454494906
0.041458741379353986
0.041448944700091354
0.04143918509462001
0.04142936288704559
0.04141948267385702
0.04140958620156705
0.04139965369940433
0.04138966382266129
0.04137965805002518
0.04136966868206802
0.0413596261487673
0.0413495092285894
0.04133933618347824
0.041329102355237575
0.04131874912535858
0.04130841130333675
0.041298140912810505
0.04128781693631441
0.04127742769946621
0.041267011748830844
0.04125654853695256
0.04124604869809213
0.04123556574581667
0.041225045398056395
0.041214470713885426
0.04120381574613723
0.04119307992880828
0.041182236408589444
0.04117133861454556
0.041160529463505104
0.041149719713759456
0.04113885249142774
0.04112792487331898
0.04111696258436599
0.04110597968706734
0.04109496861731504
0.041083931535396113
0.0410728449647017
0.04106165622035428
0.04105033051842957
0.04103895879292177
0.04102754039803588
0.04101620914493018
0.04100487192310092
0.04099348192688765
0.04098201692923266
0.040970553835804766
0.04095904468459704
0.040947483550676136
0.04093588648230442
0.04092423630799228
0.04091238794626485
0.040900475083452285
0.04088854270390871
0.040876644294946494
0.04086478888815286
0.04085289153991414
0.040840972959936446
0.040828969845384484
0.04081693325781527
0.040804843608348934
0.04079269038017785
0.040780473509990096
0.04076809429326056
0.040755637064415214
0.040743131752346604
0.04073072048850533
0.04071833922725951
0.040705921947131504
0.040693460496314254
0.04068091982882669
0.04066830393748324
0.04065563173404046
0.040642918843640706
0.0406300724126853
0.04061707540563015
0.040604034463748
0.040591059523226294
0.040578108263885214
0.04056518706286043
0.04055221247161446
0.040539169510795545
0.04052601120073995
0.04051279441570579
0.040499505192078726
0.04048613058937882
0.04047257584152466
0.04045898781850093
0.04044548266596926
0.040431975383877855
0.040418487007657815
0.040404965284190485
0.040391377187159294
0.04037765621983063
0.04036385774450193
0.04034994589634847
0.04033595915971841
0.040321824888011816
0.040307740708276446
0.04029368958689969
0.0402795889471909
0.04026553434183872
0.040251405399734326
0.04023723061864917
0.04022287922478735
0.040208418222961624
0.040193909310346713
0.04017923991004416
0.040164612785032604
0.040149961341524584
0.040135284916728305
0.04012063691849794
0.04010596036899763
0.0400912226712855
0.04007630660855491
0.04006128202809801
0.04004618447012185
0.04003095633687787
0.040015766373177254
0.040000542240276396
0.03998525677247505
0.03997001809618054
0.039954765275338144
0.03993937488353193
0.039923861708122885
0.039908233513826205
0.03989253329460668
0.039876728117489255
0.0398609700970136
0.03984514616307676
0.039829233967481545
0.03981339331644748
0.03979747947321225
0.03978143925933807
0.03976527142031952
0.03974905194758176
0.039732681588364994
0.039716321562605524
0.03969989841364414
0.03968344408536562
0.03966699153217666
0.0396504089108005
0.03963376660679588
0.03961710824854277
0.03960030776113681
0.03958334233682503
0.03956640449115433
0.03954940221238768
0.03953231143261851
0.03951517219823686
0.039497956520815794
0.03948075474366965
0.03946346783565594
0.03944607484682448
0.03942855456914351
0.039410965477541235
0.039393315994481995
0.03937557483929563
0.03935774931279916
0.03933993376468238
0.039322098395031674
0.03930419334350782
0.03928614487612641
0.03926798793195048
0.03924974919675151
0.03923141196356068
0.039212919550736296
0.03919451860105008
0.039176070577855396
0.03915757389962534
0.039138981497174555
0.039120256049956365
0.03910138697113046
0.03908240143038407
0.039063337686246924
0.039044287800332186
0.03902519430262292
0.03900605926193299
0.03898689249278319
0.038967503272951634
0.03894803586730841
0.03892842820466341
0.03890874200928513
0.038889003958179916
0.03886926107213489
0.03884947148131457
0.03882968035861284
0.03880961894589644
0.03878949932124521
0.038769259171685375
0.038748887588819246
0.038728479527097806
0.03870804400575841
0.038687613372083283
0.03866712594246003
0.038646413732809984
0.03862557664625596
0.038604653817607464
0.03858355811389588
0.03856247067362069
0.038541363539103146
0.03852031040056841
0.03849905634009549
0.03847756739482032
0.03845604454499004
0.03843432530479181
0.03841252830959645
0.03839074610993134
0.03836902717708207
0.0383472001940144
0.03832507599614549
0.0383028494902362
0.038280516416832736
0.038258012680917504
0.038235554895217475
0.03821321494346999
0.03819069253778528
0.03816789955716783
0.03814496023214904
0.03812197148046768
0.03809880961164817
0.03807561963565212
0.03805262593074628
0.03802939663899463
0.03800587678231916
0.03798220212729732
0.037958465063918014
0.03793463925133433
0.03791084508812494
0.03788709119177648
0.037863021273636555
0.037838796329737655
0.03781438566950399
0.03778988961330803
0.03776538456446393
0.037740964890124774
0.03771633841002937
0.03769142425676601
0.037666447101327896
0.037641287221991816
0.037616082948191173
0.03759083603789457
0.03756563634733242
0.03754012800057503
0.03751444167105087
0.03748867254103599
0.037462770229524704
0.03743673889109715
0.03741079912855454
0.037384769982630246
0.037358365728158864
0.03733182618251956
0.03730525486401653
0.03727855668143455
0.03725178605497407
0.037225011169286386
0.03719797904759939
0.037170774013926884
0.037143453911466846
0.037115980774040866
0.03708844930024985
0.03706094874340888
0.0370331872176957
0.037005209068804404
0.03697716633965526
0.03694895994463979
0.03692059418040216
0.03689225839689888
0.03686375636276338
0.03683508552105173
0.03680621433189201
0.03677713323562288
0.03674803628294073
0.03671888167585157
0.036689590857500634
0.0366600979491755
0.036630441034684894
0.03660054116922553
0.03657057453085036
0.03654060869968636
0.036510465519557896
0.03648016715571395
0.036449607581895166
0.03641882355629068
0.03638803509905082
0.03635728909412283
0.03632625825657336
0.036295036615905246
0.036263467270831254
0.036231928904770276
0.03620033424024484
0.03616859980069214
0.036136622227197296
0.03610437723235302
0.03607208376173311
0.03603963922597307
0.03600713747015057
0.03597441113197729
0.035941423924716255
0.03590825357379953
0.03587509152423374
0.03584175028663754
0.03580827112247993
0.035774438128619114
0.03574043239697228
0.03570655407684028
0.035672393399450886
0.03563800986942397
0.03560336458557912
0.035568544078436674
0.03553379826846668
0.03549882437079572
0.035463564540698995
0.03542807672285318
0.035392413315976645
0.03535672780807578
0.03532090729255256
0.03528483204275108
0.03524842938829062
0.03521183410299407
0.03517525463783267
0.03513853630246962
0.03510160309363362
0.0350641916428318
0.035026691197648674
0.034989194309272165
0.034951548659915926
0.034913614413342016
0.03487530873895669
0.034836827195567535
0.03479838541130036
0.03475970692474037
0.03472083990404393
0.034681526495236814
0.034642094121710626
0.034602612204356335
0.03456295847034624
0.034523062616142915
0.03448270083538954
0.034442284671466074
0.034401771466951586
0.03436111019859151
0.03432009394330401
0.034278636884282336
0.034237239728070606
0.034195741824289506
0.03415389646097708
0.03411170101082703
0.03406924982896432
0.034026839779478006
0.033984170726818724
0.03394116887509056
0.03389776878617758
0.03385435698405885
0.03381082502639719
0.03376691241897107
0.03372275055536697
0.03367822020597538
0.03363372474585954
0.0335889083352247
0.03354383813690272
0.03349836209378802
0.03345280742885224
0.03340702898752569
0.0333610028665608
0.033314662602771015
0.03326799669869054
0.03322118469563286
0.03317415589647037
0.03312683574904634
0.03307916954375162
0.03303128583072076
0.03298312552120044
0.032934808096156905
0.032886150117454396
0.03283719025499453
0.03278789195344086
0.032738437179109646
0.03268879233121429
0.03263872768548578
0.03258828955732897
0.03253766463617849
0.03248693517281358
0.032435767085769604
0.03238415834182135
0.032332370852520165
0.03228043313475629
0.032228128722119345
0.032175331766727586
0.03212239297748695
0.03206922297185349
0.032015723532168354
0.031961689867139674
0.03190752607392671
0.031853099119667695
0.03179834082502915
0.03174307743716654
0.031687656029767725
0.03163195325890619
0.031575890117452134
0.03151936128894947
0.031462594429963534
0.03140555502361219
0.031348150642157124
0.03129032717481237
0.031232186393881353
0.031173766320470277
0.03111497053952611
0.031055764461729238
0.03099622837881134
0.030936318717778678
0.030876128418369758
0.03081549167216588
0.030754515860329384
0.03069314074760268
0.030631466399606695
0.030569318984564775
0.030506847773061514
0.030443966995113224
0.03038073080155765
0.03031704396838247
0.030252977380547594
0.030188552005918887
0.030123733000298636
0.030058468358976638
0.02999278885728062
0.029926708766786964
0.029860165400804925
0.02979322970452183
0.029725988340634713
0.02965817859398068
0.0295898521896986
0.029521219240084426
0.029452295104815618
0.02938269506954547
0.029312560046281855
0.02924218191449087
0.029171380310565584
0.02910000822227956
0.029027988543720285
0.028955734001860828
0.0288829951753108
0.02880972040734832
0.02873588674030672
0.028661624832465024
0.02858688553256017
0.02851154149678833
0.02843583947629173
0.02835956846313918
0.028282717213231067
0.028205269337105397
0.028127561053002643
0.0280491673185808
0.027970157978764544
0.027890573918639926
0.027810538868773906
0.027729963690392097
0.02764882821420641
0.027567056062098465
0.02748458205023109
0.027401750967331818
0.02731831063152398
0.027234194010909048
0.02714932403885319
0.027064023944436758
0.026978117102166417
0.026891552561925193
0.026804317031208374
0.026716379118915952
0.02662782620523158
0.026538677274458727
0.02644892648024985
0.026358273871362973
0.02626701075025581
0.02617517888601596
0.026082626487206752
0.02598920242034985
0.02589513818960171
0.025800438521810222
0.025704906475927564
0.025608606484983282
0.025511531337345926
0.02541378037671558
0.025315269134870057
0.025215920360135834
0.025115689825521228
0.02501459358319773
0.024912827960748833
0.024810307513026476
0.024706814200304655
0.024602319781636312
0.024497073075630652
0.024391103304166304
0.024284090317624855
0.02417609757080273
0.02406718661196501
0.02395736843340152
0.02384665358431014
0.023734942464107445
0.023622202022973264
0.02350842021088712
0.023393718179339888
0.02327798263340633
0.023161080003167172
0.02304313162455647
0.02292421801187363
0.02280411065446692
0.022682807431595824
0.022560424147830896
0.02243684381810901
0.022312177854757507
0.02218628413005575
0.022059201689961953
0.021930900005479148
0.021801390528182273
0.02167072442751681
0.021538657108071627
0.021405336131331956
0.021270767012895625
0.021134817619934486
0.02099724866526883
0.02085837780226455
0.020718149227536564
0.02057648385909495
0.020433342510453444
0.020288232996660993
0.02014157773043986
0.019993619385585186
0.01984409299526853
0.0196926204106748
0.01953912640163007
0.01938385839888956
0.019226945760852307
0.019068522974712135
0.01890772658209465
0.018744572153007892
0.01857950616277861
0.018412537315410208
0.018243552613402558
0.018072089121336222
0.01789807168619947
0.017721607286817903
0.01754299426144986
0.017361836495147352
0.017177803569168027
0.016991033186252096
0.016801411076773267
0.016609173387620663
0.016413612570041404
0.016214811271780642
0.016012704301540004
0.01580749937468517
0.01559922464030283
0.015387038287283727
0.015171137783204796
0.014951441511435555
0.014727925402880777
0.01450049134856481
0.01426818376867689
0.014031146582286175
0.01378930961646802
0.013542410472607935
0.013290196997631336
0.01303183102852313
0.012767157295228124
0.012496053892604277
0.012218109233355947
0.011932365089412917
0.011638282910174906
0.011335366546430527
0.011023114047433087
0.01070069821282633
0.010366543825493782
0.01001970371197943
0.009658953177386975
0.009282893724368862
0.008889424397709064
0.00847554984382707
0.008038364493102216
0.007573992737624968
0.007077682151735843
0.006542715480989052
0.005958010162851024
0.0053068778392099175
0.004560756885619932
0.003662837174711908
0.002449216813643602
0.0
0.0
0.0
0.0
0.0
0.0
0.0
0.0
0.0
0.0
0.0
0.0
0.0
0.0
0.0
0.0
0.0
0.0
0.0
0.0
0.0
0.0
0.0
0.0
0.0
0.0
0.0
0.0
0.0
0.0
0.0
0.0
0.0
0.0
0.0
0.0
0.0
0.0
0.0
0.0
0.0
0.0
0.0
0.0
0.0
0.0
0.0
0.0
0.0
0.0
0.0
0.0
0.0
0.0
0.0
0.0
0.0
0.0
0.0
0.0
0.0
0.0
0.0
0.0
0.0
0.0
0.0
0.0
0.0
0.0
0.0
0.0
0.0
0.0
0.0
0.0
0.0
0.0
0.0
0.0
0.0
0.0
0.0
0.0
0.0
0.0
0.0
0.0
0.0
0.0
0.0
0.0
0.0
0.0
0.0
0.0
0.0
0.0
0.0
0.0
0.0
0.0
0.0
0.0
0.0
0.0
0.0
0.0
0.0
0.0
0.0
0.0
0.0
0.0
0.0
0.0
0.0
0.0
0.0
0.0
0.0
0.0
0.0
0.0
0.0
0.0
0.0
0.0
0.0
0.0
0.0
0.0
0.0
0.0
0.0
0.0
0.0
0.0
0.0
0.0
0.0
0.0
0.0
0.0
0.0
0.0
0.0
0.0
0.0
0.0
0.0
0.0
0.0
0.0
0.0
0.0
0.0
0.0
0.0
0.0
0.0
0.0
0.0
0.0
0.0
0.0
0.0
0.0
0.0
0.0
0.0
0.0
0.0
0.0
0.0
0.0
0.0
0.0
0.0
0.0
0.0
0.0
0.0
0.0
0.0
0.0
0.0
0.0
0.0
0.0
0.0
0.0
0.0
0.0
0.0
0.0
0.0
0.0
0.0
0.0
0.0
0.0
0.0
0.0
0.0
0.0
0.0
0.0
0.0
0.0
0.0
0.0
0.0
0.0
0.0
0.0
0.0
0.0
0.0
0.0
0.0
0.0
0.0
0.0
0.0
0.0
0.0
0.0
0.0
0.0
0.0
0.0
0.0
0.0
0.0
0.0
0.0
0.0
0.0
0.0
0.0
0.0
0.0
0.0
0.0
0.0
0.0
0.0
0.0
0.0
0.0
0.0
0.0
0.0
0.0
0.0
0.0
0.0
0.0
0.0
0.0
0.0
0.0
0.0
0.0
0.0
0.0
0.0
0.0
0.0
0.0
0.0
0.0
0.0
0.0
0.0
0.0
0.0
0.0
0.0
0.0
0.0
0.0
0.0
0.0
0.0
0.0
0.0
0.0
0.0
0.0
0.0
0.0
0.0
0.0
0.0
0.0
0.0
0.0
0.0
0.0
0.0
0.0
0.0
0.0
0.0
0.0
0.0
0.0
0.0
0.0
0.0
0.0
0.0
0.0
0.0
0.0
0.0
0.0
0.0
0.0
0.0
0.0
0.0
0.0
0.0
0.0
0.0
0.0
0.0
0.0
0.0
0.0
0.0
0.0
0.0
0.0
0.0
0.0
0.0
0.0
0.0
0.0
0.0
0.0
0.0
0.0
0.0
0.0
0.0
0.0
0.0
0.0
0.0
0.0
0.0
0.0
0.0
0.0
0.0
0.0
0.0
0.0
0.0
0.0
0.0
0.0
0.0
0.0
0.0
0.0
0.0
0.0
0.0
0.0
0.0
0.0
0.0
0.0
0.0
0.0
0.0
0.0
0.0
0.0
0.0
0.0
0.0
0.0
0.0
0.0
0.0
0.0
0.0
0.0
0.0
0.0
0.0
0.0
0.0
0.0
0.0
0.0
0.0
0.0
0.0
0.0
0.0
0.0
0.0
0.0
0.0
0.0
0.0
0.0
0.0
0.0
0.0
0.0
0.0
0.0
0.0
0.0
0.0
0.0
0.0
0.0
0.0
0.0
0.0
0.0
0.0
0.0
0.0
0.0
0.0
0.0
0.0
0.0
0.0
0.0
0.0
0.0
0.0
0.0
0.0
0.0
0.0
0.0
0.0
0.0
0.0
0.0
0.0
0.0
0.0
0.0
0.0
0.0
0.0
0.0
0.0
0.0
0.0
0.0
0.0
0.0
0.0
0.0
0.0
0.0
0.0
0.0
0.0
0.0
0.0
0.0
0.0
0.0
0.0
0.0
0.0
0.0
0.0
0.0
0.0
0.0
0.0
0.0
0.0
0.0
0.0
0.0
0.0
0.0
0.0
0.0
0.0
0.0
0.0
0.0
0.0
0.0
0.0
0.0
0.0
0.0
0.0
0.0
0.0
0.0
0.0
0.0
0.0
0.0
0.0
0.0
0.0
0.0
0.0
0.0
0.0
0.0
0.0
0.0
0.0
0.0
0.0
0.0
0.0
0.0
0.0
0.0
0.0
0.0
0.0
0.0
0.0
0.0
0.0
0.0
0.0
0.0
0.0
0.0
0.0
0.0
0.0
0.0
0.0
0.0
0.0
0.0
0.0
0.0
0.0
0.0
0.0
0.0
0.0
0.0
0.0
0.0
0.0
0.0
0.0
0.0
0.0
0.0
0.0
0.0
0.0
0.0
0.0
0.0
0.0
0.0
0.0
0.0
0.0
0.0
0.0
0.0
0.0
0.0
0.0
0.0
0.0
0.0
0.0
0.0
0.0
0.0
0.0
0.0
0.0
0.0
0.0
0.0
0.0
0.0
0.0
0.0
0.0
0.0
0.0
0.0
0.0
0.0
0.0
0.0
0.0
0.0
0.0
0.0
0.0
0.0
0.0
0.0
0.0
0.0
0.0
0.0
0.0
0.0
0.0
0.0
0.0
0.0
0.0
0.0
0.0
0.0
0.0
0.0
0.0
0.0
0.0
0.0
0.0
0.0
0.0
0.0
0.0
0.0
0.0
0.0
0.0
0.0
0.0
0.0
0.0
0.0
0.0
0.0
0.0
0.0
0.0
0.0
0.0
0.0
0.0
0.0
0.0
0.0
0.0
0.0
0.0
0.0
0.0
0.0
0.0
0.0
0.0
0.0
0.0
0.0
0.0
0.0
0.0
0.0
0.0
0.0
0.0
0.0
0.0
0.0
0.0
0.0
0.0
0.0
0.0
0.0
0.0
0.0
0.0
0.0
0.0
0.0
0.0
0.0
0.0
0.0
0.0
0.0
0.0
0.0
0.0
0.0
0.0
0.0
0.0
0.0
0.0
0.0
0.0
0.0
0.0
0.0
0.0
0.0
0.0
0.0
0.0
0.0
0.0
0.0
0.0
0.0
0.0
0.0
0.0
0.0
0.0
0.0
0.0
0.0
0.0
0.0
0.0
0.0
0.0
0.0
0.0
0.0
0.0
0.0
0.0
0.0
0.0
0.0
0.0
0.0
0.0
0.0
0.0
0.0
0.0
0.0
0.0
0.0
0.0
0.0
0.0
0.0
0.0
0.0
0.0
0.0
0.0
0.0
0.0
0.0
0.0
0.0
0.0
0.0
0.0
0.0
0.0
0.0
0.0
0.0
0.0
0.0
0.0
0.0
0.0
0.0
0.0
0.0
0.0
0.0
0.0
0.0
0.0
0.0
0.0
0.0
0.0
0.0
0.0
0.0
0.0
0.0
0.0
0.0
0.0
0.0
0.0
0.0
0.0
0.0
0.0
0.0
0.0
0.0
0.0
0.0
0.0
0.0
0.0
0.0
0.0
0.0
0.0
0.0
0.0
0.0
0.0
0.0
0.0
0.0
0.0
0.0
0.0
0.0
0.0
0.0
0.0
0.0
0.0
0.0
0.0
0.0
0.0
0.0
0.0
0.0
0.0
0.0
0.0
0.0
0.0
0.0
0.0
0.0
0.0
0.0
0.0
0.0
0.0
0.0
0.0
0.0
0.0
0.0
0.0
0.0
0.0
0.0
0.0
0.0
0.0
0.0
0.0
0.0
0.0
0.0
0.0
0.0
0.0
0.0
0.0
0.0
0.0
0.0
0.0
0.0
0.0
0.0
0.0
0.0
0.0
0.0
0.0
0.0
0.0
0.0
0.0
0.0
0.0
0.0
0.0
0.0
0.0
0.0
0.0
0.0
0.0
0.0
0.0
0.0
0.0
0.0
0.0
0.0
0.0
0.0
0.0
0.0
0.0
0.0
0.0
0.0
0.0
0.0
0.0
0.0
0.0
0.0
0.0
0.0
0.0
0.0
0.0
0.0
0.0
0.0
0.0
0.0
0.0
0.0
0.0
0.0
0.0
0.0
0.0
0.0
0.0
0.0
0.0
0.0
0.0
0.0
0.0
0.0
0.0
0.0
0.0
0.0
0.0
0.0
0.0
0.0
0.0
0.0
0.0
0.0
0.0
0.0
0.0
0.0
0.0
0.0
0.0
0.0
0.0
0.0
0.0
0.0
0.0
0.0
0.0
0.0
0.0
0.0
0.0
0.0
0.0
0.0
0.0
0.0
0.0
0.0
0.0
0.0
0.0
0.0
0.0
0.0
0.0
0.0
0.0
0.0
0.0
0.0
0.0
0.0
0.0
0.0
0.0
0.0
0.0
0.0
0.0
0.0
0.0
0.0
0.0
0.0
0.0
0.0
0.0
0.0
0.0
0.0
0.0
0.0
0.0
0.0
0.0
0.0
0.0
0.0
0.0
0.0
0.0
0.0
0.0
0.0
0.0
0.0
0.0
0.0
0.0
0.0
0.0
0.0
0.0
0.0
0.0
0.0
0.0
0.0
0.0
0.0
0.0
0.0
0.0
0.0
0.0
0.0
0.0
0.0
0.0
0.0
0.0
0.0
0.0
0.0
0.0
0.0
0.0
0.0
0.0
0.0
0.0
0.0
0.0
0.0
0.0
0.0
0.0
0.0
0.0
0.0
0.0
0.0
0.0
0.0
0.0
0.0
0.0
0.0
0.0
0.0
0.0
0.0
0.0
0.0
0.0
0.0
0.0
0.0
0.0
0.0
0.0
0.0
0.0
0.0
0.0
0.0
0.0
0.0
0.0
0.0
0.0
0.0
0.0
0.0
0.0
0.0
0.0
0.0
0.0
0.0
0.0
0.0
0.0
0.0
0.0
0.0
0.0
0.0
0.0
0.0
0.0
0.0
0.0
0.0
0.0
0.0
0.0
0.0
0.0
0.0
0.0
0.0
0.0
0.0
0.0
0.0
0.0
0.0
0.0
0.0
0.0
0.0
0.0
0.0
0.0
0.0
0.0
0.0
0.0
0.0
0.0
0.0
0.0
0.0
0.0
0.0
0.0
0.0
0.0
0.0
0.0
0.0
0.0
0.0
0.0
0.0
0.0
0.0
0.0
0.0
0.0
0.0
0.0
0.0
0.0
0.0
0.0
0.0
0.0
0.0
0.0
0.0
0.0
0.0
0.0
0.0
0.0
0.0
0.0
0.0
0.0
0.0
0.0
0.0
0.0
0.0
0.0
0.0
0.0
0.0
0.0
0.0
0.0
0.0
0.0
0.0
0.0
0.0
0.0
0.0
0.0
0.0
0.0
0.0
0.0
0.0
0.0
0.0
0.0
0.0
0.0
0.0
0.0
0.0
0.0
0.0
0.0
0.0
0.0
0.0
0.0
0.0
0.0
0.0
0.0
0.0
0.0
0.0
0.0
0.0
0.0
0.0
0.0
0.0
0.0
0.0
0.0
0.0
0.0
0.0
0.0
0.0
0.0
0.0
0.0
0.0
0.0
0.0
0.0
0.0
0.0
0.0
0.0
0.0
0.0
0.0
0.0
0.0
0.0
0.0
0.0
0.0
0.0
0.0
0.0
0.0
0.0
0.0
0.0
0.0
0.0
0.0
0.0
0.0
0.0
0.0
0.0
0.0
0.0
0.0
0.0
0.0
0.0
0.0
0.0
0.0
0.0
0.0
0.0
0.0
0.0
0.0
0.0
0.0
0.0
0.0
0.0
0.0
0.0
0.0
0.0
0.0
0.0
0.0
0.0
0.0
0.0
0.0
0.0
0.0
0.0
0.0
0.0
0.0
0.0
0.0
0.0
0.0
0.0
0.0
0.0
0.0
0.0
0.0
0.0
0.0
0.0
0.0
0.0
0.0
0.0
0.0
0.0
0.0
0.0
0.0
0.0
0.0
0.0
0.0
0.0
0.0
0.0
0.0
0.0
0.0
0.0
0.0
0.0
0.0
0.0
0.0
0.0
0.0
0.0
0.0
0.0
0.0
0.0
0.0
0.0
0.0
0.0
0.0
0.0
0.0
0.0
0.0
0.0
0.0
0.0
0.0
0.0
0.0
0.0
0.0
0.0
0.0
0.0
0.0
0.0
0.0
0.0
0.0
0.0
0.0
0.0
0.0
0.0
0.0
0.0
0.0
0.0
0.0
0.0
0.0
0.0
0.0
0.0
0.0
0.0
0.0
0.0
0.0
0.0
0.0
0.0
0.0
0.0
0.0
0.0
0.0
0.0
0.0
0.0
0.0
0.0
0.0
0.0
0.0
0.0
0.0
0.0
0.0
0.0
0.0
0.0
0.0
0.0
0.0
0.0
0.0
0.0
0.0
0.0
0.0
0.0
0.0
0.0
0.0
0.0
0.0
0.0
0.0
0.0
0.0
0.0
0.0
0.0
0.0
0.0
0.0
0.0
0.0
0.0
0.0
0.0
0.0
0.0
0.0
0.0
0.0
0.0
0.0
0.0
0.0
0.0
0.0
0.0
0.0
0.0
0.0
0.0
0.0
0.0
0.0
0.0
0.0
0.0
0.0
0.0
0.0
0.0
0.0
0.0
0.0
0.0
0.0
0.0
0.0
0.0
0.0
0.0
0.0
0.0
0.0
0.0
0.0
0.0
0.0
0.0
0.0
0.0
0.0
0.0
0.0
0.0
0.0
0.0
0.0
0.0
0.0
0.0
0.0
0.0
0.0
0.0
0.0
0.0
0.0
0.0
0.0
0.0
0.0
0.0
0.0
0.0
0.0
0.0
0.0
0.0
0.0
0.0
0.0
0.0
0.0
0.0
0.0
0.0
0.0
0.0
0.0
0.0
0.0
0.0
0.0
0.0
0.0
0.0
0.0
0.0
0.0
0.0
0.0
0.0
0.0
0.0
0.0
0.0
0.0
0.0
0.0
0.0
0.0
0.0
0.0
0.0
0.0
0.0
0.0
0.0
0.0
0.0
0.0
0.0
0.0
0.0
0.0
0.0
0.0
0.0
0.0
0.0
0.0
0.0
0.0
0.0
0.0
0.0
0.0
0.0
0.0
0.0
0.0
0.0
0.0
0.0
0.0
0.0
0.0
0.0
0.0
0.0
0.0
0.0
0.0
0.0
0.0
0.0
0.0
0.0
0.0
0.0
0.0
0.0
0.0
0.0
0.0
0.0
0.0
0.0
0.0
0.0
0.0
0.0
0.0
0.0
0.0
0.0
0.0
0.0
0.0
0.0
0.0
0.0
0.0
0.0
0.0
0.0
0.0
0.0
0.0
0.0
0.0
0.0
0.0
0.0
0.0
0.0
0.0
0.0
0.0
0.0
0.0
0.0
0.0
0.0
0.0
0.0
0.0
0.0
0.0
0.0
0.0
0.0
0.0
0.0
0.0
0.0
0.0
0.0
0.0
0.0
0.0
0.0
0.0
0.0
0.0
0.0
0.0
0.0
0.0
0.0
0.0
0.0
0.0
0.0
0.0
0.0
0.0
0.0
0.0
0.0
0.0
0.0
0.0
0.0
0.0
0.0
0.0
0.0
0.0
0.0
0.0
0.0
0.0
0.0
0.0
0.0
0.0
0.0
0.0
0.0
0.0
0.0
0.0
0.0
0.0
0.0
0.0
0.0
0.0
0.0
0.0
0.0
0.0
0.0
0.0
0.0
0.0
0.0
0.0
0.0
0.0
0.0
0.0
0.0
0.0
0.0
0.0
0.0
0.0
0.0
0.0
0.0
0.0
0.0
0.0
0.0
0.0
0.0
0.0
0.0
0.0
0.0
0.0
0.0
0.0
0.0
0.0
0.0
0.0
0.0
0.0
0.0
0.0
0.0
0.0
0.0
0.0
0.0
0.0
0.0
0.0
0.0
0.0
0.0
0.0
0.0
0.0
0.0
0.0
0.0
0.0
0.0
0.0
0.0
0.0
0.0
0.0
0.0
0.0
0.0
0.0
0.0
0.0
0.0
0.0
0.0
0.0
0.0
0.0
0.0
0.0
0.0
0.0
