0.27595986435973885
0.27595981764725974
0.2759597306007909
0.27595961382529866
0.2759594764313896
0.27595932416143015
0.27595916066624643
0.27595898833046245
0.2759588089458502
0.27595862513735064
0.27595843632387235
0.2759582440171146
0.27595804806000007
0.27595784888429487
0.27595764689254765
0.2759574420284782
0.2759572345941527
0.27595702476137535
0.2759568133888367
0.27595659996968264
0.2759563844232234
0.27595616677187707
0.2759559474371669
0.27595572653708095
0.2759555038551451
0.27595527930519637
0.2759550529517797
0.2759548252656231
0.2759545965914656
0.2759543663436513
0.2759541344233783
0.2759539008184197
0.27595366557956597
0.2759534287759829
0.27595319058132717
0.27595295116509333
0.27595271004775523
0.27595246749933344
0.2759522236582814
0.27595197831666235
0.275951731481825
0.27595148311425755
0.27595123264644167
0.27595098075030156
0.2759507273722201
0.27595047249050564
0.27595021622622357
0.2759499589571159
0.27594970055950324
0.27594944068482524
0.2759491794026961
0.2759489167862045
0.27594865283216885
0.27594838749030626
0.27594812071355046
0.27594785248170933
0.27594758280627185
0.2759473117594931
0.27594703974990853
0.2759467666508177
0.27594649252420783
0.27594621708825706
0.27594594026765057
0.27594566201953435
0.2759453823222495
0.275945101179568
0.2759448185838244
0.2759445345526004
0.2759442491845919
0.27594396279809974
0.27594367520251656
0.27594338625621995
0.2759430960130165
0.27594280463089566
0.27594251195526753
0.27594221784735573
0.27594192231118503
0.2759416253428277
0.27594132696052354
0.2759410272129207
0.27594072626251304
0.2759404242044468
0.27594012080218094
0.2759398159809828
0.27593950973130954
0.27593920205152733
0.27593889303035724
0.2759385827960543
0.27593827136517657
0.2759379586256232
0.2759376445310883
0.2759373290982345
0.2759370124157051
0.27593669450999764
0.2759363751934645
0.27593605451046394
0.2759357324000798
0.27593540883508266
0.2759350838314121
0.2759347573564835
0.2759344294601558
0.27593410028691634
0.2759337696963115
0.2759334377361402
0.2759331044420328
0.2759327699418376
0.27593243421789104
0.2759320971390895
0.2759317586834528
0.2759314188152638
0.27593107747692597
0.2759307346592651
0.2759303903673148
0.2759300445735834
0.27592969726753996
0.275929348490089
0.2759289983964673
0.2759286469238655
0.2759282941266709
0.2759279398913464
0.27592758416732527
0.27592722697092464
0.2759268683860635
0.27592650841883126
0.2759261470270511
0.27592578422472086
0.27592542004187487
0.2759250544209262
0.275924687296521
0.27592431862737526
0.2759239484422821
0.2759235770357625
0.2759232041146575
0.27592282960824205
0.27592245355152795
0.27592207597361507
0.2759216968843562
0.275921316276241
0.27592093414955465
0.27592055045902864
0.27592016515903234
0.27591977833741016
0.27591939001358373
0.27591900013740245
0.27591860874437096
0.2759182158998916
0.2759178215941804
0.2759174258972122
0.2759170287571339
0.2759166300245635
0.27591622968485346
0.27591582779287827
0.2759154242928699
0.27591501914088085
0.2759146124068005
0.27591420409026224
0.27591379410419425
0.27591338249178005
0.2759129693119069
0.27591255439917384
0.27591213802113823
0.2759117201076355
0.2759113005038416
0.2759108792206836
0.2759104563764796
0.275910031948611
0.2759096058839459
0.27590917813998117
0.27590874879148036
0.2759083178220319
0.27590788503681374
0.27590745065078615
0.2759070146980733
0.27590657706753724
0.27590613772952316
0.2759056967524858
0.27590525414523837
0.27590480974738946
0.27590436368356586
0.27590391579503576
0.275903466302207
0.27590301506464593
0.2759025620654639
0.2759021073805032
0.275901650913462
0.2759011926221262
0.27590073259468484
0.27590027082257096
0.27589980731367
0.27589934184578624
0.27589887474985386
0.27589840589965464
0.2758979353773459
0.2758974629639333
0.2758969887455861
0.2758965128261646
0.2758960349965681
0.2758955554199256
0.2758950739961853
0.27589459072213074
0.275894105765899
0.27589361911344834
0.27589313062218573
0.2758926402428671
0.27589214797477574
0.2758916537273227
0.2758911576491554
0.27589065959292547
0.27589015972096476
0.2758896580768941
0.27588915437731976
0.27588864876795754
0.27588814129267714
0.27588763175224956
0.27588712027918627
0.2758866069917219
0.275886091731587
0.2758855744714858
0.27588505530421925
0.2758845341464155
0.2758840109403532
0.2758834858245027
0.27588295883565944
0.27588243001614704
0.275881899130856
0.27588136627359255
0.2758808314608033
0.27588029486988164
0.2758797560791955
0.2758792153660603
0.27587867276216477
0.2758781281638247
0.2758775812708695
0.2758770323178006
0.2758764814225621
0.2758759284517071
0.275875373193607
0.27587481580133816
0.2758742564702042
0.27587369499036707
0.27587313137740416
0.27587256572455354
0.27587199795144374
0.27587142815870463
0.2758708561837727
0.2758702820288368
0.2758697058288438
0.2758691275067748
0.2758685470128553
0.2758679644061411
0.27586737966807906
0.27586679258817004
0.2758662032437881
0.2758656117204441
0.2758650180715377
0.2758644222819646
0.2758638242520233
0.2758632238106855
0.2758626210836815
0.2758620163480351
0.2758614094528266
0.275860800254199
0.2758601887216877
0.27585957504950054
0.2758589590549548
0.2758583408450412
0.2758577201456244
0.2758570973270657
0.2758564724204975
0.2758558451713403
0.2758552154356071
0.2758545833699491
0.2758539490100657
0.27585331225944215
0.27585267307430217
0.2758520315427944
0.2758513877245569
0.2758507415577565
0.2758500929469328
0.2758494418392835
0.27584878814848324
0.27584813191364077
0.27584747335861515
0.27584681246005355
0.27584614922119916
0.27584548356715943
0.27584481531756355
0.2758441443639237
0.2758434710753707
0.2758427954279418
0.27584211744126336
0.27584143695895036
0.2758407536141594
0.27584006775491987
0.2758393796197033
0.275838688906311
0.27583799564329675
0.2758372999892018
0.275836601880115
0.275835901169159
0.27583519781115745
0.2758344918726947
0.2758337834345374
0.2758330724618049
0.27583235878448287
0.2758316422645613
0.2758309229542295
0.2758302010165263
0.27582947652015155
0.2758287493838972
0.2758280194527217
0.27582728676635787
0.27582655133580847
0.27582581329856254
0.2758250727171171
0.27582432952782765
0.2758235834990809
0.2758228346796836
0.27582208299482935
0.2758213284394808
0.2758205712029092
0.2758198112566163
0.2758190485562893
0.27581828303619893
0.2758175146642201
0.2758167434777614
0.275815969351571
0.27581519227517887
0.2758144124329576
0.2758136298681393
0.27581284450376664
0.275812056305322
0.27581126521430377
0.2758104711498231
0.2758096740730992
0.27580887404420507
0.2758080711568224
0.2758072654565177
0.27580645684554334
0.2758056451444513
0.2758048302916742
0.27580401236465213
0.27580319157964645
0.27580236794413515
0.2758015414273446
0.2758007117831399
0.2757998790307168
0.27579904312682985
0.275798204020746
0.2757973617894442
0.27579651657242904
0.2757956683665747
0.2757948170936856
0.27579396271504997
0.27579310526410417
0.2757922446791696
0.27579138082126775
0.2757905136911917
0.2757896433871508
0.2757887699055164
0.27578789318164104
0.2757870132466574
0.2757861301816658
0.2757852439592893
0.27578435447368754
0.27578346158872785
0.27578256527669487
0.2757816657381908
0.27578076300241067
0.27577985698012425
0.2757789476188677
0.275778034923268
0.27577711896833795
0.27577619965342043
0.2757752769940542
0.2757743510284183
0.27577342156387635
0.2757724886721445
0.27577155230085093
0.2757706124230826
0.2757696690635226
0.27576872227362365
0.2757677720899548
0.27576681850831153
0.27576586149960053
0.2757649010349032
0.27576393709601976
0.2757629696800309
0.27576199888106917
0.2757610244229229
0.27576004609552934
0.27575906411446016
0.2757580784782657
0.27575708919043396
0.2757560962201726
0.2757550995811943
0.2757540993743036
0.27575309556811467
0.2757520881395486
0.27575107712218605
0.2757500625262528
0.27574904398222994
0.2757480214349205
0.27574699514125606
0.2757459651457005
0.275744931405175
0.2757438939226979
0.2757428527086322
0.2757418077938573
0.27574075929887454
0.27573970712818396
0.2757386506062078
0.27573759025606986
0.2757365261223121
0.275735458032198
0.2757343859079731
0.2757333098080287
0.27573222978859724
0.27573114590671255
0.2757300583501253
0.27572896662189295
0.2757278708587769
0.27572677105373494
0.27572566708053353
0.27572455906258625
0.2757234470713297
0.27572233112674494
0.27572121131499494
0.27572008751395777
0.2757189594195414
0.2757178270518421
0.27571669050887554
0.27571554978612883
0.2757144048750518
0.2757132556708479
0.27571210227443366
0.2757109448314815
0.2757097826638426
0.27570861624136034
0.2757074455812505
0.275706270743208
0.2757050917833298
0.2757039088133589
0.2757027218978456
0.2757015302117286
0.2757003336044778
0.27569913267376067
0.2756979275041658
0.2756967181063396
0.27569550426718936
0.2756942861939651
0.2756930637074699
0.27569183639770045
0.27569060434509957
0.2756893679405359
0.2756881272185187
0.27568688203009256
0.2756856326352516
0.275684378185442
0.27568311907097615
0.27568185543580404
0.27568058711325777
0.2756793141972008
0.27567803674608116
0.27567675473183423
0.27567546777855123
0.27567417582144016
0.27567287923061334
0.275671577896088
0.27567027168314573
0.27566896092568755
0.2756676453492798
0.27566632475610875
0.27566499966664565
0.2756636701661974
0.2756623358425166
0.27566099604870253
0.2756596508425493
0.2756583002444846
0.27565694486193487
0.27565558472495943
0.27565421996306855
0.2756528508112617
0.27565147689065045
0.2756500969809028
0.2756487119683656
0.27564732202915426
0.27564592710806474
0.275644527610425
0.27564312325249496
0.27564171316332153
0.27564029769534054
0.2756388771393968
0.2756374512052791
0.27563602084760014
0.27563458446094036
0.2756331429223973
0.2756316953838632
0.2756302429001108
0.2756287858263214
0.27562732339615736
0.2756258546945505
0.27562438094908753
0.27562290193354094
0.27562141753797437
0.27561992831068455
0.2756184329562642
0.2756169318389033
0.2756154254220644
0.27561391365772325
0.27561239655066094
0.27561087387455596
0.27560934530049097
0.27560781108000687
0.2756062715687092
0.27560472625434923
0.27560317510386395
0.2756016178896444
0.275600054906947
0.2755984867157069
0.27559691355350285
0.2755953344852792
0.27559374834898714
0.27559215581262775
0.2755905578603386
0.27558895469100825
0.27558734651639316
0.27558573248637114
0.2755841116939504
0.27558248453500495
0.2755808512719578
0.27557921250642853
0.2755775679378127
0.27557591659750064
0.27557425922481643
0.2755725961751011
0.27557092759317836
0.27556925299159885
0.2755675713802103
0.27556588321028563
0.2755641889295864
0.2755624889236805
0.2755607827033516
0.2755590702090251
0.2755573514617547
0.2755556268250761
0.2755538967549054
0.2755521586829263
0.2755504142787825
0.2755486636078966
0.2755469061041775
0.2755451428810348
0.2755433726563871
0.27554159604688505
0.27553981345299133
0.2755380243275481
0.2755362293899373
0.2755344266927729
0.2755326175282922
0.2755308020760246
0.2755289798037789
0.2755271495039086
0.27552531324252444
0.275523471124759
0.2755216227706508
0.27551976655462557
0.2755179030049563
0.275516033063966
0.2755141568683141
0.2755122752958842
0.27551038372734316
0.2755084847816298
0.27550657993625227
0.2755046697856268
0.2755027542148353
0.2755008296647636
0.2754988968309477
0.2754969571483202
0.27549501191879133
0.27549305966759213
0.27549109954972684
0.2754891313650494
0.2754871560837095
0.2754851741966455
0.27548318512740777
0.27548118893152584
0.2754791855648255
0.2754771749178417
0.2754751561478612
0.2754731292688589
0.27547109539348263
0.27546905532376703
0.2754670074471193
0.2754649515028166
0.2754628879064211
0.2754608169539759
0.27545873822121925
0.2754566516463427
0.27545455782944384
0.275452456579514
0.27545034784317624
0.275448230657843
0.2754461051337864
0.27544397248447666
0.2754418325554053
0.2754396847299742
0.27543752867915755
0.2754353646865254
0.2754331926351378
0.2754310123691796
0.2754288235661158
0.2754266279159621
0.275424425215844
0.2754222139328106
0.2754199926434588
0.2754177635583379
0.27541552750954856
0.2754132835769749
0.2754110295802216
0.27540876863353864
0.2754065004948688
0.2754042233842425
0.2754019356776157
0.27539963996674216
0.27539733781097064
0.2753950287883617
0.2753927094537483
0.27539037964064517
0.2753880423886819
0.27538569872673424
0.27538334573720624
0.275380981331241
0.27537860947886383
0.2753762310490123
0.2753738442177283
0.2753714463843946
0.27536903825775694
0.27536662337598733
0.27536420088549
0.2753617699638269
0.27535932843095057
0.2753568775520408
0.2753544175822268
0.27535194968850435
0.27534947305990004
0.2753469877429482
0.27534449146957185
0.27534198679824334
0.2753394730527384
0.2753369524423465
0.27533441886820387
0.275331877173912
0.2753293254338425
0.2753267675372451
0.27532419807899505
0.2753216194509313
0.2753190298316916
0.2753164332711851
0.27531382558287393
0.27531120999218633
0.27530858435460376
0.2753059490543295
0.2753033019040812
0.2753006469208768
0.2752979836265369
0.27529531025914344
0.2752926250078899
0.2752899302664673
0.27528722702045383
0.2752845139415005
0.27528179048772405
0.2752790572138745
0.2752763146128486
0.27527356038239775
0.27527079655954223
0.275268023959667
0.27526524225954896
0.2752624462383705
0.2752596401837582
0.27525682598088175
0.2752540027889774
0.2752511658891236
0.2752483185364807
0.2752454627920514
0.275242597685823
0.2752397198245301
0.2752368317062476
0.27523393476082075
0.27523102661249477
0.27522810593607
0.27522517547402736
0.2752222378873657
0.27521928666972406
0.2752163221957966
0.27521335054362167
0.2752103739567666
0.2752073841933803
0.27520438041465956
0.2752013664817135
0.2751983451772456
0.27519531177944534
0.2751922650056723
0.2751892083246312
0.2751861409183692
0.27518306186504343
0.27517997091912394
0.27517687030126925
0.27517375857466436
0.2751706347391044
0.27516749850702504
0.2751643513857525
0.27516119455099414
0.27515802698254865
0.2751548483374355
0.2751516551654746
0.2751484504306808
0.27514523661682044
0.27514201225687024
0.2751387731978614
0.2751355205572094
0.27513225848285394
0.27512898617561704
0.2751257005645444
0.2751224012445288
0.2751190916606578
0.27511576988510505
0.27511243572342103
0.27510908963362135
0.27510573161761037
0.2751023608280312
0.2750989780404591
0.27509558413289614
0.275092176998804
0.2750887570621661
0.2750853257040331
0.2750818821313767
0.2750784243602252
0.2750749550263426
0.2750714752725807
0.2750679819616384
0.2750644741029775
0.27506095441037126
0.27505742474150385
0.2750538807904783
0.2750503214131809
0.2750467501036254
0.2750431675829106
0.27503957211748836
0.27503596317622425
0.2750323417022468
0.27502870511228455
0.2750250554165002
0.2750213956088703
0.2750177215642154
0.27501403096073823
0.2750103281621213
0.27500661671399584
0.27500288931976635
0.2749991437404599
0.27499538756403313
0.2749916213171185
0.27498783891613304
0.2749840400381321
0.27498023111266684
0.27497640907428517
0.274972569493697
0.27496871678651624
0.2749648529805673
0.27496097430202143
0.2749570792282729
0.2749531734413097
0.27494925466073317
0.27494531655834126
0.2749413641247668
0.2749374017305642
0.2749334249710577
0.2749294299087384
0.2749254221810919
0.27492140296040385
0.27491736626772817
0.27491331339632
0.27490924807921185
0.27490517067684406
0.27490107564233063
0.27489695895644156
0.2748928246735433
0.27488867615986545
0.2748845117563775
0.2748803304845388
0.27487613548636225
0.2748719261611792
0.27486770140797556
0.2748634602258536
0.274859202967795
0.27485493310175346
0.2748506476224936
0.27484634487525533
0.27484202734001834
0.27483769489311277
0.27483334600330706
0.2748289806999683
0.2748246025171852
0.2748202074466151
0.2748157929363583
0.27481136534717826
0.27480692384452005
0.27480246455032714
0.27479798707341535
0.2747934969617078
0.27478899099885035
0.2747844650031796
0.2747799237231208
0.27477536835008315
0.2747707959411392
0.27476620597004964
0.27476159952983814
0.27475697661617215
0.2747523374660482
0.27474768323894627
0.27474301113058053
0.2747383196000979
0.2747336145608358
0.27472889236888415
0.2747241498676957
0.27471939173365056
0.2747146197987332
0.2747098288655131
0.2747050170006976
0.27470019294113684
0.27469535254320915
0.27469048770772236
0.27468560835505723
0.2746807134122815
0.27467579901311506
0.2746708649255782
0.2746659179240567
0.2746609534937661
0.2746559652994687
0.2746509626590948
0.27464594346404975
0.27464090304881517
0.27463584489845316
0.27463077128945806
0.2746256786115643
0.2746205652884174
0.27461543795156534
0.2746102910155005
0.274605120092836
0.2745999357424443
0.2745947349005291
0.2745895095762209
0.2745842656222907
0.2745790094366104
0.27457373211455516
0.27456842844741314
0.2745631124791224
0.2745577810747026
0.27455242310521066
0.27454704680425224
0.2745416566351776
0.27453624365015095
0.27453080756209813
0.2745253568108435
0.2745198881923871
0.2745143947225016
0.27450888307874727
0.27450335522893404
0.2744978037141572
0.2744922332762173
0.2744866473576601
0.2744810360142134
0.27447540216980554
0.2744697522244208
0.27446408379787207
0.27445839140139705
0.27445268108992543
0.27444695516542955
0.27444120508241715
0.27443543151788197
0.2744296412594943
0.27442382909488633
0.2744179957355053
0.27441214052430996
0.2744062667487201
0.2744003726426294
0.27439445413164343
0.2743885163921782
0.2743825581053396
0.27437657767028273
0.2743705750933616
0.2743645505074793
0.27435850935445244
0.27435244263593034
0.2743463500242459
0.27434024175105653
0.2743341110123467
0.2743279555617759
0.27432177834785776
0.2743155834889332
0.27430936391063165
0.27430311838378846
0.2742968558428276
0.2742905705257876
0.27428425870559603
0.27427792820937424
0.2742715751462493
0.2742651954608642
0.27425879378929335
0.27425237204915554
0.2742459260613743
0.2742394565382568
0.2742329673119375
0.27422645336231527
0.2742199124332463
0.274213349386306
0.2742067619360761
0.27420014790334907
0.27419351403633424
0.27418685806582505
0.2741801746246995
0.27417346878638266
0.2741667404698288
0.2741599870843795
0.2741532097833798
0.2741464081637038
0.2741395792455253
0.27413272758021373
0.27412586277284606
0.27411897136503144
0.2741120523216407
0.2741051168849926
0.2740981533306869
0.2740911555468709
0.2740841444114097
0.27407711050426375
0.27407004187934836
0.27406295031174277
0.2740558397183926
0.2740487001123528
0.27404153108641394
0.27403434501497914
0.27402713335422263
0.27401988748650913
0.27401262292210027
0.27400533282512535
0.2739980094258826
0.2739906661395136
0.2739832970343187
0.27397589687626267
0.2739684717451902
0.2739610243683391
0.27395354700792335
0.27394604115570304
0.2739385161751089
0.27393095949453233
0.27392336982894616
0.2739157632594914
0.27390812812003895
0.27390045792358897
0.27389276874168994
0.2738850535579458
0.273877300752985
0.2738695240559002
0.2738617259008682
0.2738538926816563
0.27384602983390716
0.273838148199636
0.2738302336328436
0.27382228516254714
0.2738143177675501
0.2738063167109881
0.2737982631958045
0.27379018920078224
0.27378208989229325
0.2737739507097272
0.2737657872584693
0.2737576008921657
0.2737493758725982
0.27374112096159586
0.27373284538064546
0.2737245388861916
0.2737161967037764
0.27370782890701445
0.2736994339521006
0.27369100367939153
0.2736825455013633
0.2736740609690057
0.27366554182882286
0.2736569943304176
0.273648419521098
0.2736398083020389
0.27363116861196296
0.27362249858607074
0.27361379419327303
0.27360506165086385
0.273596298842512
0.2735875048000683
0.27357867881641323
0.27356982282570513
0.2735609366523045
0.27355201299150705
0.2735430583736673
0.27353407604758856
0.273525059514591
0.27351601159891675
0.2735069316624804
0.2734978208037346
0.2734886787953966
0.273479498958154
0.27347029031726716
0.27346105353184186
0.2734517746486488
0.27344246513676657
0.2734331275610081
0.2734237515924854
0.27341434153925365
0.2734049041566583
0.27339543612939315
0.27338592898481956
0.27337639360718274
0.27336682646175725
0.27335721620450076
0.2733475754029196
0.2733379077937693
0.2733281984900251
0.27331845471205074
0.2733086844889815
0.2732988722803399
0.27328902273602373
0.27327915080464765
0.27326923566086375
0.27325927818624335
0.2732492942969646
0.2732392752971012
0.2732292158844522
0.2732191243981976
0.2732089992347591
0.27319883436715076
0.27318863557209966
0.27317840278404737
0.27316812699574944
0.27315781420682234
0.27314746897611636
0.2731370814630135
0.2731266579441113
0.2731162059428084
0.2731057096469144
0.273095176173953
0.2730846146907626
0.2730740037847243
0.2730633556598047
0.27305268045560616
0.27304195865912634
0.2730312114910721
0.27302043623068595
0.2730096166625072
0.2729987575143286
0.27298786673203373
0.27297693952482505
0.27296596621910907
0.27295495755344384
0.2729439149780224
0.2729328229125569
0.2729216991876218
0.2729105438915382
0.2728993307159995
0.2728880860798248
0.27287681456414875
0.27286548217150275
0.27285411537883986
0.27284272579936997
0.2728312747671415
0.27281978120461436
0.2728082644780842
0.2727966996568684
0.272785082826022
0.27277344007654664
0.27276175942776776
0.2727500223541664
0.27273825526893064
0.2727264535458349
0.2727145912979223
0.2727026696035757
0.27269071139634854
0.272678696368492
0.27266664141230823
0.2726545592270444
0.2726424200404236
0.2726302369841122
0.27261802820342557
0.27260575993481256
0.27259344881381803
0.2725811134256472
0.27256871011126066
0.27255626302367697
0.27254379372901216
0.27253126849088904
0.2725186875541458
0.2725060799915937
0.27249342747986005
0.272480714702937
0.27246796995690553
0.27245518748991615
0.27244233726648687
0.27242945173280364
0.27241654122873427
0.2724035600856718
0.2723905335732712
0.2723774877583823
0.2723643704433418
0.27235120395011386
0.272338027214724
0.27232478070417443
0.27231147797105504
0.2722981595982905
0.27228477373410714
0.2722713330992673
0.272257863550677
0.2722443411204325
0.2722307602534239
0.2722171403729262
0.2722034860038103
0.2721897667354978
0.2721760003066361
0.2721622069419009
0.2721483392463295
0.27213441674800537
0.27212046929199796
0.272106455168098
0.27209238727511376
0.2720782883533846
0.27206413291876486
0.2720499214861985
0.27203567123950745
0.27202136626047413
0.272007008328013
0.271992609986861
0.27197815875220643
0.2719636538053904
0.27194910560165697
0.271934509632276
0.27191986956101377
0.27190518059120256
0.2718904394625234
0.27187564901123223
0.27186080716515865
0.2718459113864811
0.2718309644666644
0.27181596350415543
0.2718009104980433
0.27178580478879205
0.27177064687512087
0.2717554414606503
0.2717401795469045
0.27172486259024464
0.2717094970878691
0.271694072648463
0.2716785940209822
0.27166306385679606
0.27164747288359276
0.27163184354416986
0.27161614591015754
0.27160034616011414
0.27158451283225904
0.27156861887000094
0.2715526532231748
0.2715366523629351
0.2715205941175599
0.2715044643570002
0.2714882924167832
0.27147207017396197
0.2714557757739884
0.2714394318947781
0.27142304005032764
0.27140657326035633
0.2713900388481423
0.2713734726005364
0.27135684738186655
0.27134014342891544
0.2713234052736104
0.2713066150504235
0.27128973783393173
0.27127282741285674
0.2712558696958518
0.27123882018343926
0.27122172777617115
0.27120458305093853
0.27118736152177786
0.2711700857747759
0.27115275859564414
0.27113536826209633
0.2711179033414053
0.2711003901070298
0.2710828161436022
0.2710651683322665
0.2710474707816132
0.2710297106421857
0.2710118842600846
0.27099400246768107
0.2709760593827776
0.27095805786197963
0.27093999234910326
0.2709218594481464
0.27090366336658667
0.2708854015198174
0.2708670749652477
0.270848710803773
0.2708302940400506
0.2708118050219316
0.2707932476449572
0.27077464740689944
0.2707559622959956
0.2707372043012099
0.2707184084629582
0.2706995348793152
0.27068058492298824
0.2706615936917682
0.2706425254602724
0.27062337678708687
0.27060418197867026
0.2705849205534681
0.27056557304305967
0.27054616859198966
0.2705267092385301
0.27050711547447337
0.27048745700879995
0.2704677629690906
0.270447969620199
0.2704281051142989
0.27040820805649407
0.2703882047230873
0.2703681209946739
0.2703480185014748
0.2703278164170976
0.27030751991913976
0.2702871926719124
0.2702667975872662
0.27024630416179524
0.27022576785487507
0.27020517222240276
0.27018447173098603
0.270163714688262
0.27014290418685866
0.27012199144661386
0.2701010015651603
0.27007998006572126
0.27005885335961494
0.270037637252206
0.2700164025279272
0.26999506387833977
0.26997363617456294
0.2699521701155865
0.26993060922492323
0.2699089614011264
0.2698872651222739
0.2698654858495894
0.2698436191934106
0.26982168644165083
0.2697996780344896
0.26977759890778247
0.26975547838630176
0.2697332901979837
0.2697109948501935
0.26968864955344046
0.26966623000802353
0.26964369650370407
0.26962111235851366
0.2695984630401753
0.26957570693465827
0.2695528817154929
0.26953001721304554
0.2695070323071448
0.2694839591541779
0.26946086862230106
0.2694376327317135
0.26941424929028773
0.2693908584307907
0.2693673552201494
0.2693437294896317
0.26932007230500626
0.2692963379358722
0.2692724857202931
0.269248572513332
0.2692246106591213
0.2692005334557373
0.26917636153013563
0.2691521517175509
0.269127838539081
0.26910341068618937
0.2690789412309784
0.2690543731568648
0.2690296974661319
0.26900497931487444
0.2689801588132357
0.26895523664878096
0.2689302603732604
0.26890517863507324
0.2688800080919979
0.26885476865195157
0.2688294232942619
0.2688039969503715
0.26877848827712786
0.268752898657403
0.2687272199211667
0.2687014592999517
0.2686756492648043
0.2686497428554292
0.2686237304472273
0.26859765190051416
0.26857148195315445
0.26854522223115296
0.2685188770997904
0.2684924289442027
0.2684658991795649
0.26843928378957443
0.26841256695823196
0.2683857797758689
0.2683588801603321
0.26833181696750313
0.2683046785557896
0.2682774450975125
0.26825010139276384
0.2682226949264632
0.2681952032764454
0.26816760037880044
0.2681399051200216
0.2681121246842374
0.26808423633708495
0.2680562563012185
0.2680281916203169
0.26800002543862433
0.2679717513176966
0.2679433937498199
0.267914946216473
0.26788638277792465
0.2678577452869732
0.26782901318409147
0.26780014985089506
0.2677712147119965
0.2677421798104899
0.26771301885359533
0.2676837899704534
0.267654466502324
0.26762505949711013
0.26759557776354703
0.26756600059889435
0.2675363059717093
0.26750651425301913
0.26747664127367093
0.26744664230582776
0.26741652901235213
0.2673863591411203
0.26735607452856575
0.2673256587436143
0.2672951863222219
0.2672645223380039
0.26723371717132177
0.2672028598381793
0.2671719010476296
0.26714079521458495
0.2671095929389764
0.26707831413469935
0.2670469040365826
0.26701537469152076
0.2669837744498855
0.266952056188141
0.2669202127930998
0.26688830229580696
0.26685627683315716
0.26682411353673396
0.2667918597627226
0.2667594851919192
0.26672699257036886
0.2666944179379398
0.266661729287492
0.26662892049977577
0.26659601271327615
0.26656303394289627
0.26652995058765233
0.2664967576981452
0.26646345045684483
0.26643002375540376
0.26639650768204903
0.26636287044384577
0.26632910504072926
0.26629524400477994
0.2662612809445436
0.2662271856143369
0.2661928923932211
0.26615852941000046
0.26612399390710323
0.2660893442293214
0.2660546361256218
0.2660197569142455
0.2659847558686294
0.26594968913119404
0.26591446610265534
0.26587911857541696
0.265843673218003
0.2658081315636377
0.2657724118101847
0.2657366036019513
0.26570072382205984
0.26566463308745947
0.265628456595112
0.26559223714498564
0.26555579620200387
0.2655192681001029
0.2654827227062257
0.265445999525339
0.26540911850666526
0.2653721821440561
0.26533512916129687
0.26529787947431016
0.26526056329336417
0.26522318218018676
0.26518557672241116
0.26514783320812496
0.26511000286773595
0.2650719093573359
0.2650337009463473
0.2649954822654604
0.2649570500219874
0.2649184579119921
0.26487982685461847
0.2648410538640935
0.26480206323352506
0.26476300330750174
0.26472387430807803
0.2646845023493032
0.26464502093692366
0.26460551023549156
0.26456577679933974
0.264525916093891
0.26448603080514305
0.2644459471152975
0.2644057300765104
0.2643654456919988
0.2643250236050998
0.26428441315987794
0.2642437336181179
0.264202953817246
0.26416194520360126
0.26412084822163906
0.2640795810945371
0.26403808581505445
0.26399646016151196
0.2639547495808433
0.26391284282505595
0.263870797841635
0.2638287064377658
0.26378638076740407
0.2637438840658081
0.2637013165015694
0.26365859514969553
0.26361570506631915
0.2635727134793181
0.2635296127269855
0.26348629697777176
0.26344286488484586
0.26339941400649347
0.2633557429842728
0.26331193457345586
0.26326807560712207
0.2632239872019149
0.26317975214821077
0.26313542915636484
0.26309097179695334
0.2630462783829474
0.2630013680025597
0.26295636776776826
0.2629111456690453
0.2628657774753767
0.26282033279573014
0.2627746912275182
0.2627288748425514
0.26268295187088697
0.262636850439494
0.2625905847963586
0.26254419782809313
0.2624977069275977
0.26245101510259616
0.26240416774260406
0.2623572603612487
0.26231019393551386
0.2622629669158102
0.26221560422790585
0.26216808344409354
0.2621204264133213
0.26207262137028703
0.2620246442816139
0.26197642031539725
0.26192797905350224
0.26187939871231386
0.26183066908514996
0.26178178974086175
0.2617327360293255
0.2616835140941826
0.26163414600524426
0.261584618059435
0.2615349172985683
0.26148508836179246
0.2614350921881911
0.2613849333218029
0.26133464923631927
0.2612842499141171
0.26123369532493057
0.26118298230795445
0.2611321041930585
0.2610810512564921
0.2610298367093598
0.2609784893122413
0.2609268238658896
0.26087496796096626
0.26082298215065824
0.26077078204970644
0.2607184056509728
0.26066587595949514
0.2606131860750494
0.2605603189355032
0.26050731594910026
0.2604541945187409
0.2604008033408066
0.2603472802356619
0.2602936909449362
0.2602399086533584
0.26018595883119133
0.26013186376818376
0.2600775880034271
0.2600230866450782
0.25996844621217624
0.2599136420952925
0.25985847889359326
0.25980316121851177
0.25974772449216377
0.259692005244687
0.25963614741798
0.2595801621674979
0.25952397651347275
0.2594675604816296
0.25941105150054344
0.2593544191967746
0.2592974859360027
0.2592405235961242
0.2591834338483113
0.2591260263254486
0.2590684516689032
0.25901079513630854
0.2589529304551015
0.2588947794733357
0.2588363974468508
0.2587778814716151
0.258719028919856
0.2586600265915623
0.25860098848477514
0.25854162266977804
0.25848200596858345
0.2584223629858483
0.2583625852100482
0.25830248336577466
0.25824226777267967
0.2581819360045816
0.25812141094495145
0.2580606305388964
0.25799977965947457
0.2579386949740794
0.2578773758162917
0.2578157250579302
0.2577538390618027
0.2576918434142222
0.25762959854495904
0.2575671341629201
0.25750449179303136
0.2574417401097259
0.2573788157202204
0.257315527607865
0.257252214218077
0.2571887603063161
0.2571250130302144
0.2570611016303561
0.25699709550331384
0.25693287775903256
0.25686829149921764
0.2568035638535532
0.256738613721782
0.2566732066962469
0.25660770605763084
0.2565421118065543
0.2564762801712966
0.2564101755023503
0.2563439980246477
0.2562776137554148
0.25621091814646413
0.2561441627447915
0.25607730212050983
0.25601012052897193
0.2559427102215385
0.2558751870206333
0.25580736765886536
0.2557390738108592
0.2556706711687466
0.2556021385391862
0.255533262995344
0.255464261906226
0.25539512118275154
0.2553256881078791
0.2552559959028293
0.25518630528873626
0.2551164173823344
0.25504620948063245
0.25497586969561054
0.25490533778736546
0.2548344178062845
0.2547631729764698
0.2546917942455065
0.25462018184481816
0.25454825279806526
0.2544762210248281
0.25440400469843205
0.2543314782999089
0.25425877950326115
0.2541860089770296
0.25411297138987476
0.25403965105016146
0.2539661760995632
0.2538924671052578
0.25381843114822733
0.2537441328960183
0.25366960208719386
0.2535947713818012
0.2535197304922373
0.25344457424076683
0.25336916578627483
0.2532934680903445
0.25321767286901115
0.2531416870479918
0.2530653601148605
0.252988827334831
0.2529121297503005
0.25283516746695756
0.25275785665067635
0.2526803128992049
0.2526025130726443
0.25252445312648236
0.2524462314531586
0.25236781922234064
0.25228907284357543
0.2522101346615769
0.25213107155403663
0.25205169179594983
0.2519720347879158
0.25189228311818895
0.251812313221707
0.2517318327044043
0.25165109480751835
0.2515702792962778
0.251489130342451
0.2514076514810196
0.2513260903119454
0.25124426821163687
0.25116212593384435
0.2510797697016353
0.25099736819323354
0.2509146575025873
0.2508316069777083
0.2507483398737979
0.25066479514222123
0.25058084656029267
0.25049659289132087
0.25041224979630833
0.25032768618151935
0.25024272257281577
0.25015766330283185
0.2500724482135586
0.2499869994203401
0.24990119193237387
0.24981523717049942
0.2497289104529532
0.2496421627654567
0.24955519537751034
0.24946793016130178
0.2493805173035493
0.24929272474283834
0.2492048339750641
0.24911687064045962
0.24902852773612366
0.24893998309983187
0.24885105250991407
0.24876193720632828
0.24867234249468192
0.24858244759669224
0.2484923410177905
0.2484019914496373
0.24831145278680214
0.2482206351385563
0.24812975000349807
0.24803852660490708
0.2479470348720718
0.24785525531157812
0.24776313219020057
0.2476706233598364
0.24757773218748047
0.2474847025379699
0.24739142588555785
0.24729794942664093
0.24720423128452182
0.24711037646590955
0.24701624777668946
0.24692166659596873
0.24682684680848332
0.2467316236046621
0.24663607433697537
0.24654022387249466
0.24644430622729716
0.24634813139742887
0.2462515399915605
0.24615484389021391
0.24605796052469217
0.24596070732109754
0.2458630179617002
0.24576501115842245
0.24566674974274125
0.2455681405984789
0.24546925937365924
0.24537032245065218
0.2452711392774492
0.24517149854604295
0.24507165856892596
0.24497167603477227
0.24487121806971676
0.24477024527326824
0.2446691676035545
0.24456781537354072
0.24446605796724213
0.24436420907992915
0.24426211830207084
0.24415971762578934
0.24405699296025107
0.24395414054020764
0.24385072596516177
0.24374687284236865
0.2436427921305509
0.2435385367264274
0.24343404363782145
0.2433292178149642
0.2432241834638546
0.24311894943563447
0.24301338376626372
0.24290725500377944
0.24280086934732145
0.24269418135401075
0.24258708203862606
0.24247987170608734
0.24237248864418967
0.24226480046881524
0.2421568350014524
0.24204863684685876
0.2419397986755729
0.24183060917897573
0.24172117880867056
0.2416114840887822
0.24150159721237965
0.24139147488361481
0.24128110905579522
0.2411703837032938
0.24105933409446598
0.24094778285346244
0.24083597986616742
0.24072366584812277
0.24061124418983204
0.24049878500675034
0.24038597176807242
0.24027263321736217
0.24015915208649874
0.24004534987250198
0.23993095853125523
0.23981610053363628
0.2397011683115289
0.23958631229875474
0.23947086552920088
0.23935507452976879
0.23923916487744706
0.23912292130831952
0.23900589675725167
0.23888856511041984
0.2387712603422768
0.2386537577194025
0.23853575329427174
0.23841748211660482
0.2382992339430186
0.2381801626747124
0.23806058314110004
0.23794081633579126
0.23782107366270971
0.23770085804149532
0.23758031970832386
0.23745962112496838
0.23733861652907667
0.23721683385150585
0.23709476508087854
0.23697277760408514
0.2368502693693356
0.2367273472513724
0.2366042925259821
0.23648118164845716
0.23635735314216264
0.23623289566459768
0.23610845899927238
0.23598385223753962
0.23585858685671834
0.23573309412253693
0.23560749616156218
0.2354816534775397
0.23535509661524112
0.2352281839081218
0.23510107401190244
0.2349736714531277
0.23484586064643093
0.2347178236067486
0.23458968611513784
0.2344610287555721
0.23433169532830486
0.23420206952166278
0.23407239114053383
0.23394230390343695
0.23381196860540807
0.23368142578356643
0.23355048677003118
0.23341875658495762
0.23328679241492561
0.2331547938399871
0.2330223674087119
0.2328895750161003
0.23275668902797303
0.23262345376387297
0.23248933609874387
0.2323548192656556
0.23222041631105075
0.23208578800489132
0.23195069430055454
0.23181523196592366
0.23167938777961486
0.23154305380292442
0.23140634628484677
0.23126942223548919
0.2311323881978937
0.23099505859494374
0.23085719012581973
0.23071863516519528
0.23057990428220732
0.23044100052826855
0.2303016601316755
0.23016208266232221
0.2300223086525431
0.22988203295482576
0.22974099474369664
0.22959973657853433
0.22945847516263648
0.2293169097144895
0.229174902317186
0.2290325197442166
0.22888953349030183
0.22874626027484266
0.228602736142731
0.22845888170761172
0.22831481216949995
0.22817050104343523
0.22802542349883154
0.22787976104006027
0.22773414599310757
0.22758840984526502
0.22744229149737244
0.22729561454925276
0.2271482817924027
0.2270007318407952
0.22685316236007788
0.22670502486516927
0.22655654978552517
0.22640781348076575
0.22625865100373396
0.2261088160985336
0.22595890383738532
0.22580876488415672
0.2256582803264949
0.22550723970175643
0.22535577159792278
0.2252040084407459
0.22505208721982492
0.22489953870860216
0.22474672943086596
0.22459388151888304
0.2244402978501752
0.22428618944982606
0.224131897217803
0.22397734276573156
0.2238226074292602
0.22366734377156453
0.22351140517035079
0.22335532944582479
0.22319891579804535
0.22304213061332281
0.22288519475521332
0.22272780792428148
0.22256970757239716
0.22241124220925373
0.22225275052664384
0.22209401872720053
0.221934939846779
0.2217746929574896
0.22161452654879663
0.2214542530794831
0.22129367925545051
0.22113246832227523
0.22097082372686921
0.22080871321021833
0.22064655456176413
0.22048388140710204
0.2203209787310187
0.22015769651086325
0.21999365006128885
0.21982947786381107
0.2196650447180241
0.2195003637263184
0.21933521163937014
0.21916927420283178
0.21900325406571355
0.21883710849524993
0.2186704513320488
0.2185032844279413
0.21833560128083151
0.21816795932187918
0.21799976332204446
0.21783108833826845
0.2176621263842498
0.2174928324206037
0.21732316467595908
0.2171530338094167
0.2169824650262829
0.21681183465906548
0.2166405983755788
0.21646898759158964
0.2162970298969725
0.2161246503285932
0.21595212344773537
0.21577896299384744
0.21560556584443413
0.21543162656830833
0.21525746380982014
0.21508296629364557
0.21490807468088877
0.2147328072408805
0.21455696812839126
0.21438081751637414
0.2142046278062946
0.2140278673427154
0.21385058297142562
0.21367275403302896
0.21349483598838478
0.2133168554092647
0.21313815988052576
0.21295878046239528
0.21277915973547562
0.2125995856594098
0.21241958819102863
0.2122388067829004
0.2120575514076851
0.21187631978081128
0.21169500557486998
0.21151276492941382
0.21132992454136978
0.2111470831075346
0.21096415770172755
0.21078059243031874
0.21059624574338978
0.2104119015200186
0.2102274020219572
0.21004241605138252
0.20985653100380694
0.20967057074492373
0.20948451936831447
0.20929799280292524
0.20911073290513593
0.20892322936246227
0.2087356778699878
0.20854762233602253
0.20835893838304126
0.20816981340097587
0.20798068989740853
0.207791130605138
0.2076010111534277
0.20741041379037084
0.2072196940124183
0.20702859271146462
0.20683697007753
0.2066449411429914
0.20645247115448423
0.20625991061741591
0.20606681699008586
0.20587335730277714
0.20567933952285405
0.20548526804029857
0.20529059629114624
0.20509564274536027
0.2049001477948571
0.20470449799050444
0.20450830800991482
0.2043117400408085
0.204114808116486
0.20391767779083142
0.20372003775796338
0.20352193665840312
0.20332348150370946
0.20312460414926944
0.20292542635411548
0.20272609648553508
0.20252611655425853
0.20232549923101092
0.20212485183932977
0.2019242064495494
0.20172266482671403
0.20152042546872356
0.20131834541730642
0.201116086947977
0.20091317877867843
0.20070930563223197
0.2005056561139715
0.2003018384406713
0.2000973651633051
0.19989224446734577
0.19968692605783997
0.1994815908686724
0.19927526323503847
0.1990689965928583
0.1988622961459164
0.19865521331037825
0.19844726407408111
0.19823977099885726
0.19803152385722492
0.19782278967124253
0.19761347703338417
0.19740408535110676
0.19719439587700494
0.19698440548348523
0.19677383251677943
0.1965623870478808
0.1963514971422648
0.19614005475343477
0.195927814638322
0.19571491709958236
0.1955025271320014
0.1952893225383155
0.195075599276959
0.19486186415698034
0.19464745493147684
0.1944324143337313
0.19421744592615922
0.1940025504056741
0.19378616214786448
0.19356975880778818
0.19335348706175612
0.19313670591750168
0.19291896173431383
0.19270122699397554
0.19248350987293567
0.19226479191791465
0.19204586798668097
0.19182654804616026
0.19160705873280115
0.19138721726204552
0.19116675120508048
0.19094612997593305
0.19072475272216516
0.1905031686504133
0.19028167778967892
0.19005960936971616
0.1898365224450274
0.1896134686985016
0.18939074553167032
0.18916684973292505
0.1889425089688353
0.18871815350287288
0.18849328441009217
0.18826798326726862
0.18804252771770247
0.18781675064790349
0.18759002454342708
0.18736339273248714
0.18713681957228526
0.1869088998506001
0.18668092267391193
0.18645324869592675
0.18622449013303993
0.1859953217846976
0.18576621236025584
0.18553652399815757
0.18530640152636993
0.18507606200231244
0.18484540809230415
0.1846139264169462
0.18438237556702303
0.18415093102472377
0.18391824780573834
0.1836856023793847
0.18345301795947222
0.18321949126671755
0.18298548410454185
0.18275147086896762
0.1825169190617181
0.18228219327460482
0.18204738791250175
0.1818114281426535
0.18157491880647816
0.18133897954852113
0.18110287705127898
0.18086550372277024
0.18062790800873846
0.18039004260535588
0.1801516298350289
0.17991390348762
0.17967515064576461
0.17943517468273515
0.17919553579386333
0.17895563604903883
0.17871549577636558
0.17847501516080377
0.17823364363877975
0.17799182806287936
0.17775023659070746
0.17750845909317006
0.17726561765193025
0.17702250131549535
0.17677962475216655
0.17653572561030037
0.17629196709216652
0.17604784917583638
0.17580228065605663
0.1755578783841072
0.17531269621890247
0.1750663472114699
0.17482079905536393
0.1745735959627651
0.17432679274937501
0.1740803404860854
0.1738321102031923
0.17358428206998375
0.17333603513372176
0.17308697100024822
0.17283846055400684
0.17258900451175102
0.17233883684518475
0.17208888595027716
0.1718384952349895
0.1715876891583873
0.17133631082033327
0.17108470906256992
0.17083267449437914
0.17058062134448385
0.17032807409333747
0.1700746700211412
0.16982167949280014
0.16956767000150744
0.16931373980662692
0.1690596693443098
0.16880418068897673
0.16854915273527823
0.1682938168111637
0.16803787792379954
0.16778206799863932
0.16752484268746065
0.1672678043506278
0.16701095680064235
0.16675304007890596
0.16649534044263875
0.1662367723679572
0.16597758163106122
0.1657188962546701
0.16545917244006778
0.16519971903657943
0.1649397165587998
0.16467847795501578
0.16441787859179
0.16415646664930109
0.1638953484962441
0.1636335657788097
0.16337081372123108
0.16310802527957344
0.16284498926876834
0.16258163086408234
0.1623182756724247
0.16205412513880077
0.1617894406236401
0.1615247894095618
0.1612590611197741
0.1609941903359332
0.16072801669533365
0.16046216499804603
0.16019542851937404
0.15992818061182992
0.1596610504361507
0.1593933098403318
0.1591256556806272
0.15885724721823027
0.15858835776628016
0.15831918025644348
0.15804993727619177
0.1577800613460662
0.15751018703514327
0.1572393104393909
0.1569686974800352
0.15669744632460972
0.15642602925258542
0.1561540953399108
0.1558814113014859
0.15560916297048946
0.15533588354828615
0.15506319097892374
0.1547892000739571
0.15451494462639484
0.15424060253527305
0.1539657944583329
0.15369088227317515
0.15341557689609492
0.15313953740012312
0.15286319220092454
0.15258655921937703
0.15230990846570713
0.15203278853236146
0.1517549503034125
0.15147702808550756
0.15119830161432632
0.1509202218934337
0.15064086902486118
0.15036216319238166
0.1500816641199616
0.1498020058696976
0.14952096139199159
0.14924085308447071
0.14895939904840294
0.1486781843360958
0.14839609476609564
0.14811383667737205
0.14783097602202572
0.14754836877241215
0.14726490197330372
0.14698154185059664
0.14669749072248678
0.14641317594873657
0.14612835164988558
0.14584313661018466
0.14555753414107547
0.14527182313871065
0.14498609118040728
0.1446995045301265
0.14441296471523432
0.14412479392551528
0.1438375435840254
0.1435490647392823
0.14326174222611063
0.14297269139149799
0.14268444539894182
0.14239380439028085
0.14210448313763113
0.1418136334863353
0.14152386399041336
0.14123300368723507
0.14094200942276416
0.14064990716135725
0.1403578686830021
0.14006537304817962
0.13977282660371376
0.1394800144316151
0.13918637632459796
0.13889253586375938
0.13859807396800977
0.13830373017398997
0.13800873749570575
0.13771359648166218
0.1374174315744464
0.13712152087593663
0.13682463336343023
0.13652821275849927
0.1362309775325143
0.13593367781541232
0.1356352170585815
0.13533669411967617
0.13503793935434025
0.13473856533934114
0.13443976391119455
0.13413953879223248
0.1338396903452177
0.13353822516884922
0.13323763310473688
0.1329357668953808
0.13263440122872483
0.13233216715694654
0.13202959033781156
0.13172658715372015
0.13142288193169385
0.1311195711853464
0.13081518799820824
0.13051095820003544
0.1302056779294159
0.1299002248771734
0.12959457225602028
0.12928830175105485
0.1289825224432583
0.12867523448966575
0.12836817432596617
0.12806003945839214
0.1277516804877741
0.1274431350948547
0.12713443566541846
0.1268253660271239
0.12651569164971743
0.12620565604955986
0.125894706138305
0.12558379191174188
0.1252718259484565
0.12496074173270162
0.1246480898955353
0.12433627629318394
0.12402304348932569
0.12370972047122214
0.12339556396581783
0.12308125722853513
0.12276629816416429
0.12245147226257223
0.12213612465079297
0.12182057609196066
0.12150403950936767
0.1211874456154609
0.12087017550241808
0.12055226373512809
0.120234670938401
0.11991560879514802
0.11959783233473024
0.11927782097848877
0.11895926973868501
0.11863836549840334
0.11831732078306716
0.11799688188860759
0.11767459305037718
0.11735409350474596
0.11703082607857333
0.11670892961695244
0.11638572881499765
0.11606122685075418
0.11573807952043627
0.11541287314096854
0.11508789763070107
0.11476322871977379
0.11443721808795954
0.11411109896535296
0.1137845830349824
0.11345656941141283
0.11312953216277565
0.11280138279338535
0.11247265802266296
0.11214432935644301
0.1118146955223747
0.11148489653011434
0.11115447061238264
0.11082360432468513
0.11049241880712594
0.11016099902050151
0.10982908534229459
0.10949585412183274
0.10916335483498212
0.10882948777291328
0.10849521758682229
0.10816112655524697
0.10782589769329544
0.10749113303818038
0.1071550121115969
0.10681838755466815
0.10648193544040044
0.10614400556797832
0.10580638590177291
0.1054680544378288
0.10512889412018472
0.10479019140407683
0.10445058622840704
0.1041101400286936
0.10376927227730746
0.10342792499886316
0.10308604438491087
0.10274384546916912
0.10240100985153978
0.10205756408174554
0.10171427408048896
0.10136972712258512
0.10102481558397297
0.10067991601102419
0.10033373371098894
0.09998760201383108
0.09964108872571444
0.0992932488317635
0.09894576258971556
0.09859713900803202
0.09824768599674912
0.09789916826628386
0.09754895900265668
0.09719791434222273
0.09684794475892015
0.09649621928417634
0.09614327722578812
0.09579120171465236
0.09543799544868271
0.09508322262251284
0.09472891721739984
0.09437485321657316
0.09401921815552973
0.09366271211332779
0.09330724085271408
0.09295016317729025
0.09259138919027463
0.09223346043570954
0.09187484735643307
0.09151417886754763
0.09115416690603793
0.09079461640798428
0.09043277013203546
0.09007080182050216
0.08970941364629118
0.08934643363084846
0.08898181877266595
0.0886178135270606
0.08825304847508804
0.08788706360971636
0.08752039217135711
0.08715425476703338
0.08678709574775136
0.0864184994269484
0.08605084005529866
0.08568158520204566
0.08531105292006852
0.08494035382214692
0.08456939448955346
0.08419707292527392
0.08382336084375029
0.08345114789307878
0.08307732631506658
0.08270222546963792
0.08232628735772064
0.08195132834770032
0.08157434436798544
0.08119655520837837
0.08081835266853606
0.08043910255382668
0.08005899194894302
0.07967897369517418
0.07929761872419508
0.0789150340977937
0.07853219480279205
0.07814937761696181
0.07776514193104134
0.07737891509432164
0.07699317002196751
0.07660695782127812
0.07621931439644455
0.07583007275478575
0.07544060429633663
0.07505114526560766
0.07466024008605954
0.07426778095594531
0.07387496960143371
0.07348193604373787
0.07308741071697265
0.07269137627119993
0.07229515042636285
0.07189791228688049
0.07149942185641882
0.07110019783051595
0.07070032874137738
0.07029925212766051
0.06989626488780855
0.0694933915580414
0.06909005334491473
0.06868488393929298
0.06827802238953072
0.06786965839855946
0.06746277238363775
0.06705390772835386
0.06664290878580834
0.06622976950583742
0.06581711109150941
0.06540431019624925
0.06498934072377918
0.06457238460560893
0.06415368173814456
0.06373549036377052
0.06331559243020407
0.06289450525650096
0.06247113212414669
0.06204693127659573
0.061621659752557054
0.06119494096962701
0.060766918159736553
0.06033668472939728
0.05990525085909872
0.05947305091437116
0.0590395344578928
0.058604210216773846
0.0581662310745801
0.05772679345932593
0.05728650386007453
0.056845016617572706
0.05640182194614256
0.05595597393184445
0.05550763793090785
0.05505839461738424
0.05460793773349358
0.05415552523345187
0.05370057306924239
0.05324353627425526
0.05278430821186391
0.05232361080798363
0.051860675064124576
0.05139521003527692
0.050927472154479556
0.05045760017371795
0.04998501914245589
0.04951013786783808
0.049033007607985984
0.048553202415235884
0.04807069302109095
0.04758543554484817
0.047097043927407455
0.046605767374087455
0.0461116667819659
0.0456145951795929
0.04511441774707794
0.04461080250135447
0.044103745742815434
0.043592932646779756
0.043078576196818506
0.0425603870285961
0.04203816987973929
0.04151171176167519
0.04098107432820214
0.04044603101247193
0.039906597155531374
0.039362444304355954
0.03881318094519745
0.03825855813281423
0.037698492485123004
0.037132769882131274
0.036561282743452356
0.03598367617785463
0.0353993050978945
0.03480810937332604
0.034209799728993205
0.03360399261408535
0.03299051484824287
0.032368815467999405
0.03173846429652111
0.031098618511834545
0.030448779964566568
0.02978833078830025
0.02911656207697225
0.028432760022057208
0.027735983758606336
0.02702518544448166
0.026299102134646927
0.0255564571804926
0.0247957314223918
0.024015151270857574
0.02321280987577922
0.022386817231350855
0.0215345285084608
0.0206525626421837
0.01973687727367749
0.01878239863608542
0.01778278175172438
0.016729880778625004
0.015612908946508066
0.014416666022840108
0.013119460257262981
0.011687292126853127
0.010062678070891303
0.008133701762522249
0.00559307943462334
0.0
0.0
0.0
0.0
0.0
0.0
0.0
0.0
0.0
0.0
0.0
0.0
0.0
0.0
0.0
0.0
0.0
0.0
0.0
0.0
0.0
0.0
0.0
0.0
0.0
0.0
0.0
0.0
0.0
0.0
0.0
0.0
0.0
0.0
0.0
0.0
0.0
0.0
0.0
0.0
0.0
0.0
0.0
0.0
0.0
0.0
0.0
0.0
0.0
0.0
0.0
0.0
0.0
0.0
0.0
0.0
0.0
0.0
0.0
0.0
0.0
0.0
0.0
0.0
0.0
0.0
0.0
0.0
0.0
0.0
0.0
0.0
0.0
0.0
0.0
0.0
0.0
0.0
0.0
0.0
0.0
0.0
0.0
0.0
0.0
0.0
0.0
0.0
0.0
0.0
0.0
0.0
0.0
0.0
0.0
0.0
0.0
0.0
0.0
0.0
0.0
0.0
0.0
0.0
0.0
0.0
0.0
0.0
0.0
0.0
0.0
0.0
0.0
0.0
0.0
0.0
0.0
0.0
0.0
0.0
0.0
0.0
0.0
0.0
0.0
0.0
0.0
0.0
0.0
0.0
0.0
0.0
0.0
0.0
0.0
0.0
0.0
0.0
0.0
0.0
0.0
0.0
0.0
0.0
0.0
0.0
0.0
0.0
0.0
0.0
0.0
0.0
0.0
0.0
0.0
0.0
0.0
0.0
0.0
0.0
0.0
0.0
0.0
0.0
0.0
0.0
0.0
0.0
0.0
0.0
0.0
0.0
0.0
0.0
0.0
0.0
0.0
0.0
0.0
0.0
0.0
0.0
0.0
0.0
0.0
0.0
0.0
0.0
0.0
0.0
0.0
0.0
0.0
0.0
0.0
0.0
0.0
0.0
0.0
0.0
0.0
0.0
0.0
0.0
0.0
0.0
0.0
0.0
0.0
0.0
0.0
0.0
0.0
0.0
0.0
0.0
0.0
0.0
0.0
0.0
0.0
0.0
0.0
0.0
0.0
0.0
0.0
0.0
0.0
0.0
0.0
0.0
0.0
0.0
0.0
0.0
0.0
0.0
0.0
0.0
0.0
0.0
0.0
0.0
0.0
0.0
0.0
0.0
0.0
0.0
0.0
0.0
0.0
0.0
0.0
0.0
0.0
0.0
0.0
0.0
0.0
0.0
0.0
0.0
0.0
0.0
0.0
0.0
0.0
0.0
0.0
0.0
0.0
0.0
0.0
0.0
0.0
0.0
0.0
0.0
0.0
0.0
0.0
0.0
0.0
0.0
0.0
0.0
0.0
0.0
0.0
0.0
0.0
0.0
0.0
0.0
0.0
0.0
0.0
0.0
0.0
0.0
0.0
0.0
0.0
0.0
0.0
0.0
0.0
0.0
0.0
0.0
0.0
0.0
0.0
0.0
0.0
0.0
0.0
0.0
0.0
0.0
0.0
0.0
0.0
0.0
0.0
0.0
0.0
0.0
0.0
0.0
0.0
0.0
0.0
0.0
0.0
0.0
0.0
0.0
0.0
0.0
0.0
0.0
0.0
0.0
0.0
0.0
0.0
0.0
0.0
0.0
0.0
0.0
0.0
0.0
0.0
0.0
0.0
0.0
0.0
0.0
0.0
0.0
0.0
0.0
0.0
0.0
0.0
0.0
0.0
0.0
0.0
0.0
0.0
0.0
0.0
0.0
0.0
0.0
0.0
0.0
0.0
0.0
0.0
0.0
0.0
0.0
0.0
0.0
0.0
0.0
0.0
0.0
0.0
0.0
0.0
0.0
0.0
0.0
0.0
0.0
0.0
0.0
0.0
0.0
0.0
0.0
0.0
0.0
0.0
0.0
0.0
0.0
0.0
0.0
0.0
0.0
0.0
0.0
0.0
0.0
0.0
0.0
0.0
0.0
0.0
0.0
0.0
0.0
0.0
0.0
0.0
0.0
0.0
0.0
0.0
0.0
0.0
0.0
0.0
0.0
0.0
0.0
0.0
0.0
0.0
0.0
0.0
0.0
0.0
0.0
0.0
0.0
0.0
0.0
0.0
0.0
0.0
0.0
0.0
0.0
0.0
0.0
0.0
0.0
0.0
0.0
0.0
0.0
0.0
0.0
0.0
0.0
0.0
0.0
0.0
0.0
0.0
0.0
0.0
0.0
0.0
0.0
0.0
0.0
0.0
0.0
0.0
0.0
0.0
0.0
0.0
0.0
0.0
0.0
0.0
0.0
0.0
0.0
0.0
0.0
0.0
0.0
0.0
0.0
0.0
0.0
0.0
0.0
0.0
0.0
0.0
0.0
0.0
0.0
0.0
0.0
0.0
0.0
0.0
0.0
0.0
0.0
0.0
0.0
0.0
0.0
0.0
0.0
0.0
0.0
0.0
0.0
0.0
0.0
0.0
0.0
0.0
0.0
0.0
0.0
0.0
0.0
0.0
0.0
0.0
0.0
0.0
0.0
0.0
0.0
0.0
0.0
0.0
0.0
0.0
0.0
0.0
0.0
0.0
0.0
0.0
0.0
0.0
0.0
0.0
0.0
0.0
0.0
0.0
0.0
0.0
0.0
0.0
0.0
0.0
0.0
0.0
0.0
0.0
0.0
0.0
0.0
0.0
0.0
0.0
0.0
0.0
0.0
0.0
0.0
0.0
0.0
0.0
0.0
0.0
0.0
0.0
0.0
0.0
0.0
0.0
0.0
0.0
0.0
0.0
0.0
0.0
0.0
0.0
0.0
0.0
0.0
0.0
0.0
0.0
0.0
0.0
0.0
0.0
0.0
0.0
0.0
0.0
0.0
0.0
0.0
0.0
0.0
0.0
0.0
0.0
0.0
0.0
0.0
0.0
0.0
0.0
0.0
0.0
0.0
0.0
0.0
0.0
0.0
0.0
0.0
0.0
0.0
0.0
0.0
0.0
0.0
0.0
0.0
0.0
0.0
0.0
0.0
0.0
0.0
0.0
0.0
0.0
0.0
0.0
0.0
0.0
0.0
0.0
0.0
0.0
0.0
0.0
0.0
0.0
0.0
0.0
0.0
0.0
0.0
0.0
0.0
0.0
0.0
0.0
0.0
0.0
0.0
0.0
0.0
0.0
0.0
0.0
0.0
0.0
0.0
0.0
0.0
0.0
0.0
0.0
0.0
0.0
0.0
0.0
0.0
0.0
0.0
0.0
0.0
0.0
0.0
0.0
0.0
0.0
0.0
0.0
0.0
0.0
0.0
0.0
0.0
0.0
0.0
0.0
0.0
0.0
0.0
0.0
0.0
0.0
0.0
0.0
0.0
0.0
0.0
0.0
0.0
0.0
0.0
0.0
0.0
0.0
0.0
0.0
0.0
0.0
0.0
0.0
0.0
0.0
0.0
0.0
0.0
0.0
0.0
0.0
0.0
0.0
0.0
0.0
0.0
0.0
0.0
0.0
0.0
0.0
0.0
0.0
0.0
0.0
0.0
0.0
0.0
0.0
0.0
0.0
0.0
0.0
0.0
0.0
0.0
0.0
0.0
0.0
0.0
0.0
0.0
0.0
0.0
0.0
0.0
0.0
0.0
0.0
0.0
0.0
0.0
0.0
0.0
0.0
0.0
0.0
0.0
0.0
0.0
0.0
0.0
0.0
0.0
0.0
0.0
0.0
0.0
0.0
0.0
0.0
0.0
0.0
0.0
0.0
0.0
0.0
0.0
0.0
0.0
0.0
0.0
0.0
0.0
0.0
0.0
0.0
0.0
0.0
0.0
0.0
0.0
0.0
0.0
0.0
0.0
0.0
0.0
0.0
0.0
0.0
0.0
0.0
0.0
0.0
0.0
0.0
0.0
0.0
0.0
0.0
0.0
0.0
0.0
0.0
0.0
0.0
0.0
0.0
0.0
0.0
0.0
0.0
0.0
0.0
0.0
0.0
0.0
0.0
0.0
0.0
0.0
0.0
0.0
0.0
0.0
0.0
0.0
0.0
0.0
0.0
0.0
0.0
0.0
0.0
0.0
0.0
0.0
0.0
0.0
0.0
0.0
0.0
0.0
0.0
0.0
0.0
0.0
0.0
0.0
0.0
0.0
0.0
0.0
0.0
0.0
0.0
0.0
0.0
0.0
0.0
0.0
0.0
0.0
0.0
0.0
0.0
0.0
0.0
0.0
0.0
0.0
0.0
0.0
0.0
0.0
0.0
0.0
0.0
0.0
0.0
0.0
0.0
0.0
0.0
0.0
0.0
0.0
0.0
0.0
0.0
0.0
0.0
0.0
0.0
0.0
0.0
0.0
0.0
0.0
0.0
0.0
0.0
0.0
0.0
0.0
0.0
0.0
0.0
0.0
0.0
0.0
0.0
0.0
0.0
0.0
0.0
0.0
0.0
0.0
0.0
0.0
0.0
0.0
0.0
0.0
0.0
0.0
0.0
0.0
0.0
0.0
0.0
0.0
0.0
0.0
0.0
0.0
0.0
0.0
0.0
0.0
0.0
0.0
0.0
0.0
0.0
0.0
0.0
0.0
0.0
0.0
0.0
0.0
0.0
0.0
0.0
0.0
0.0
0.0
0.0
0.0
0.0
0.0
0.0
0.0
0.0
0.0
0.0
0.0
0.0
0.0
0.0
0.0
0.0
0.0
0.0
0.0
0.0
0.0
0.0
0.0
0.0
0.0
0.0
0.0
0.0
0.0
0.0
0.0
0.0
0.0
0.0
0.0
0.0
0.0
0.0
0.0
0.0
0.0
0.0
0.0
0.0
0.0
0.0
0.0
0.0
0.0
0.0
0.0
0.0
0.0
0.0
0.0
0.0
0.0
0.0
0.0
0.0
0.0
0.0
0.0
0.0
0.0
0.0
0.0
0.0
0.0
0.0
0.0
0.0
0.0
0.0
0.0
0.0
0.0
0.0
0.0
0.0
0.0
0.0
0.0
0.0
0.0
0.0
0.0
0.0
0.0
0.0
0.0
0.0
0.0
0.0
0.0
0.0
0.0
0.0
0.0
0.0
0.0
0.0
0.0
0.0
0.0
0.0
0.0
0.0
0.0
0.0
0.0
0.0
0.0
0.0
0.0
0.0
0.0
0.0
0.0
0.0
0.0
0.0
0.0
0.0
0.0
0.0
0.0
0.0
0.0
0.0
0.0
0.0
0.0
0.0
0.0
0.0
0.0
0.0
0.0
0.0
0.0
0.0
0.0
0.0
0.0
0.0
0.0
0.0
0.0
0.0
0.0
0.0
0.0
0.0
0.0
0.0
0.0
0.0
0.0
0.0
0.0
0.0
0.0
0.0
0.0
0.0
0.0
0.0
0.0
0.0
0.0
0.0
0.0
0.0
0.0
0.0
0.0
0.0
0.0
0.0
0.0
0.0
0.0
0.0
0.0
0.0
0.0
0.0
0.0
0.0
0.0
0.0
0.0
0.0
0.0
0.0
0.0
0.0
0.0
0.0
0.0
0.0
0.0
0.0
0.0
0.0
0.0
0.0
0.0
0.0
0.0
0.0
0.0
0.0
0.0
0.0
0.0
0.0
0.0
0.0
0.0
0.0
0.0
0.0
0.0
0.0
0.0
0.0
0.0
0.0
0.0
0.0
0.0
0.0
0.0
0.0
0.0
0.0
0.0
0.0
0.0
0.0
0.0
0.0
0.0
0.0
0.0
0.0
0.0
0.0
0.0
0.0
0.0
0.0
0.0
0.0
0.0
0.0
0.0
0.0
0.0
0.0
0.0
0.0
0.0
0.0
0.0
0.0
0.0
0.0
0.0
0.0
0.0
0.0
0.0
0.0
0.0
0.0
0.0
0.0
0.0
0.0
0.0
0.0
0.0
0.0
0.0
0.0
0.0
0.0
0.0
0.0
0.0
0.0
0.0
0.0
0.0
0.0
0.0
0.0
0.0
0.0
0.0
0.0
0.0
0.0
0.0
0.0
0.0
0.0
0.0
0.0
0.0
0.0
0.0
0.0
0.0
0.0
0.0
0.0
0.0
0.0
0.0
0.0
0.0
0.0
0.0
0.0
0.0
0.0
0.0
0.0
0.0
0.0
0.0
0.0
0.0
0.0
0.0
0.0
0.0
0.0
0.0
0.0
0.0
0.0
0.0
0.0
0.0
0.0
0.0
0.0
0.0
0.0
0.0
0.0
0.0
0.0
0.0
0.0
0.0
0.0
0.0
0.0
0.0
0.0
0.0
0.0
0.0
0.0
0.0
0.0
0.0
0.0
0.0
0.0
0.0
0.0
0.0
0.0
0.0
0.0
0.0
0.0
0.0
0.0
0.0
0.0
0.0
0.0
0.0
0.0
0.0
0.0
0.0
0.0
0.0
0.0
0.0
0.0
0.0
0.0
0.0
0.0
0.0
0.0
