3.3157671006900067e-7
3.973998265503949e-7
4.5622196796649194e-7
5.107870204113727e-7
5.621954252822783e-7
6.111351999291777e-7
6.580899569261558e-7
7.034159114020751e-7
7.473432912320702e-7
7.897894381419027e-7
8.313088368295293e-7
8.718219183633798e-7
9.115822792136808e-7
9.506502891943366e-7
9.890734558723636e-7
1.026964700565533e-6
1.0643475747603024e-6
1.1012623679435256e-6
1.1376293179879185e-6
1.1736028110290575e-6
1.2092383360293092e-6
1.244565585363151e-6
1.2795490984815747e-6
1.314205721198234e-6
1.348598979489903e-6
1.382763430847035e-6
1.416707177798622e-6
1.4503799715975176e-6
1.4837567535612125e-6
1.5169450475972735e-6
1.5499710822381328e-6
1.5828463511619648e-6
1.6155728761711736e-6
1.6481503839211984e-6
1.680565161115438e-6
1.712805831555897e-6
1.7449463958950138e-6
1.7769568257711725e-6
1.8088272675854915e-6
1.8405926555574035e-6
1.872257628895313e-6
1.9038242348916728e-6
1.935292396225333e-6
1.9666675714367073e-6
1.9979611480226178e-6
2.029179784715416e-6
2.060312736886022e-6
2.0913200427430375e-6
2.1222238097196147e-6
2.153070408693609e-6
2.1838542667373056e-6
2.214569955796806e-6
2.2452212268597777e-6
2.275816927173793e-6
2.306364936910923e-6
2.336869626300798e-6
2.367331607653837e-6
2.3977448285432915e-6
2.4280669227818827e-6
2.4583167085216222e-6
2.4884912910954787e-6
2.518624928298251e-6
2.54872755144215e-6
2.578805041715871e-6
2.6088607152534933e-6
2.6388950581732757e-6
2.6689097729269893e-6
2.698903880271478e-6
2.728868123137212e-6
2.758771264351175e-6
2.7886359707316964e-6
2.818478597072474e-6
2.8482947908658767e-6
2.8780699881937647e-6
2.9078217694129603e-6
2.937565175134558e-6
2.967300275337697e-6
2.997027952996951e-6
3.0267468940382065e-6
3.0564529104094053e-6
3.0861309836345046e-6
3.1157734110883554e-6
3.145404856904921e-6
3.175033209476591e-6
3.2046597551523717e-6
3.2342849854801133e-6
3.263900836768223e-6
3.293495933586946e-6
3.3230699523556618e-6
3.352634577458079e-6
3.3821948314808098e-6
3.4117496892923865e-6
3.4412915494108886e-6
3.4708188735545152e-6
3.5003497704077452e-6
3.52988042138223e-6
3.559416731684752e-6
3.588961315453258e-6
3.618512802577755e-6
3.6480742401793753e-6
3.677641203872741e-6
3.707201066910209e-6
3.736766956058357e-6
3.766334859729e-6
3.7959020110120462e-6
3.825457702577823e-6
3.855004345392176e-6
3.8845540901141455e-6
3.91410916615132e-6
3.943672900390529e-6
3.973250368643163e-6
4.002842314184016e-6
4.032448248684604e-6
4.062070470813101e-6
4.091709760529919e-6
4.121362547651046e-6
4.151015815076953e-6
4.180675270616971e-6
4.210336649017582e-6
4.240009779012126e-6
4.269698917042916e-6
4.299402657181363e-6
4.329114099939541e-6
4.358832969487023e-6
4.388562936434898e-6
4.418302976241056e-6
4.448050806955339e-6
4.4778112962931e-6
4.507589765728843e-6
4.537389420904084e-6
4.567207764139872e-6
4.597021248527991e-6
4.626853745610907e-6
4.656710721499672e-6
4.68658912915188e-6
4.716486492997919e-6
4.746401931211137e-6
4.7763359462317195e-6
4.8062884192094895e-6
4.836262766928891e-6
4.866262320723487e-6
4.896280030564661e-6
4.926314331053907e-6
4.956369027138481e-6
4.986441272930006e-6
5.016526045208483e-6
5.046624175111161e-6
5.076730448754342e-6
5.106848981601156e-6
5.1369910714745794e-6
5.1671575830570056e-6
5.197344176451104e-6
5.2275548650007714e-6
5.257792661772012e-6
5.288052083753036e-6
5.318332987124928e-6
5.348641592296213e-6
5.378974403996115e-6
5.409326888246089e-6
5.43971094848745e-6
5.470106760463438e-6
5.500519505318691e-6
5.530960271364842e-6
5.5614279284712e-6
5.59191369623733e-6
5.622419109703636e-6
5.652947826840671e-6
5.683502640913897e-6
5.71407797334911e-6
5.744674832257311e-6
5.775306731293121e-6
5.805958081553639e-6
5.836626375767188e-6
5.867319292887047e-6
5.8980386302299735e-6
5.928779340427537e-6
5.9595406356220834e-6
5.990333388834635e-6
6.021148610232919e-6
6.051996942002859e-6
6.082862870559399e-6
6.11375584938212e-6
6.14467668857464e-6
6.1756199066893135e-6
6.206591771769234e-6
6.237594740849407e-6
6.268622464615222e-6
6.299675228933544e-6
6.33075221333308e-6
6.361867892712755e-6
6.392999723863837e-6
6.424155953940026e-6
6.45533088608842e-6
6.486538737687121e-6
6.517773369713679e-6
6.549027651674548e-6
6.580314999136806e-6
6.611624320941245e-6
6.642961839367739e-6
6.674325804046661e-6
6.7057048749817244e-6
6.737101566266038e-6
6.768524833401918e-6
6.7999774414234825e-6
6.831458993570801e-6
6.862974794496966e-6
6.894514890357107e-6
6.9260882359424235e-6
6.957684101308908e-6
6.989299438840877e-6
7.020951712519426e-6
7.052631208766609e-6
7.084334784406472e-6
7.11607442134681e-6
7.147841309234062e-6
7.179627740665354e-6
7.211443168359879e-6
7.243288782036722e-6
7.2751584088849116e-6
7.307056746425698e-6
7.338986808558324e-6
7.370939662816539e-6
7.402912729821738e-6
7.4349031580590776e-6
7.466924794782826e-6
7.498971467627746e-6
7.5310417663788665e-6
7.5631247453069604e-6
7.595245224550725e-6
7.6273860957341295e-6
7.659545144801522e-6
7.691728159705629e-6
7.723952283840093e-6
7.756202999264659e-6
7.78847293186244e-6
7.820769480155473e-6
7.853104377262312e-6
7.885468003976964e-6
7.917848544807379e-6
7.950257718055545e-6
7.98269404616425e-6
8.015151651246016e-6
8.047634667737675e-6
8.080136869939721e-6
8.112667042592062e-6
8.14522444886595e-6
8.17780091183014e-6
8.210400326909585e-6
8.243024962472479e-6
8.275670960422979e-6
8.308338859438177e-6
8.341039806809921e-6
8.37376877146429e-6
8.40652038902618e-6
8.43929118012528e-6
8.472081490051682e-6
8.504896263282825e-6
8.537744192819949e-6
8.57061765544266e-6
8.603501025000292e-6
8.636402116103056e-6
8.669328163960942e-6
8.702280141241858e-6
8.735246985585506e-6
8.768237966249582e-6
8.801246736088562e-6
8.83428726658394e-6
8.867339167085605e-6
8.900400380276072e-6
8.933483873958617e-6
8.966596506493299e-6
8.99972928815556e-6
9.03287973038931e-6
9.066052240497519e-6
9.099248361343414e-6
9.132462809759619e-6
9.165691882307812e-6
9.198938169684425e-6
9.232205902798466e-6
9.265497028654999e-6
9.298815133146331e-6
9.332157363985173e-6
9.365511619000265e-6
9.39887849007161e-6
9.432257211277044e-6
9.465650921374625e-6
9.499067915072266e-6
9.532512708141977e-6
9.565966090996653e-6
9.599428669758992e-6
9.632898882794375e-6
9.666383807153633e-6
9.699900599177798e-6
9.733431224486413e-6
9.766963381396461e-6
9.800511172234323e-6
9.834072416119262e-6
9.867638746840138e-6
9.901212611994344e-6
9.934800329694702e-6
9.968403227826319e-6
1.0002017293402777e-5
1.0035637926104351e-5
1.006926606255234e-5
1.0102908936452575e-5
1.013657209240392e-5
1.0170252062405483e-5
1.0203940301614487e-5
1.023763282125452e-5
1.027133262380212e-5
1.0305046011864764e-5
1.033877019811411e-5
1.0372503756192622e-5
1.0406239525426415e-5
1.0439973902540325e-5
1.0473709050467742e-5
1.0507454617291059e-5
1.0541207421349847e-5
1.0574969861711574e-5
1.0608741174440538e-5
1.0642511934988994e-5
1.067628257196654e-5
1.071005418520626e-5
1.0743828766061312e-5
1.0777606766133465e-5
1.081138557535054e-5
1.0845169687538413e-5
1.0878958498007203e-5
1.0912742998668861e-5
1.0946520445931887e-5
1.0980293285131046e-5
1.101406206928798e-5
1.1047828333351383e-5
1.1081594496539873e-5
1.1115361119012888e-5
1.1149124572097652e-5
1.1182879889804235e-5
1.121662421400871e-5
1.1250360696760436e-5
1.1284095746664636e-5
1.1317830716148317e-5
1.1351561206695605e-5
1.1385277234645787e-5
1.141897754581732e-5
1.1452662443384159e-5
1.1486340892040697e-5
1.1520010926092487e-5
1.1553673051315587e-5
1.1587328095523165e-5
1.1620971783950848e-5
1.1654597413722066e-5
1.1688204051048059e-5
1.1721793703833277e-5
1.1755366754774813e-5
1.178892073799534e-5
1.1822456912199512e-5
1.1855979471405201e-5
1.188948705236801e-5
1.192297458879823e-5
1.1956440998512756e-5
1.1989887510473672e-5
1.202331166864255e-5
1.2056709170387329e-5
1.209007985907379e-5
1.2123426473998261e-5
1.2156752768169166e-5
1.2190058348565727e-5
1.2223334395309563e-5
1.2256578573577224e-5
1.228979289449526e-5
1.2322977941001853e-5
1.235613218536784e-5
1.2389251583056663e-5
1.2422338415497493e-5
1.245539074185953e-5
1.24884058336264e-5
1.2521389142845381e-5
1.2554336641791726e-5
1.2587248710749344e-5
1.2620124790799457e-5
1.2652962508454773e-5
1.2685758592351185e-5
1.2718510332013731e-5
1.275121644241268e-5
1.2783876475333578e-5
1.281648994474038e-5
1.2849055986827869e-5
1.2881573187144848e-5
1.2914036892808131e-5
1.2946454801165569e-5
1.2978832150746038e-5
1.3011160036966455e-5
1.3043434733789419e-5
1.3075654146359057e-5
1.3107820076899544e-5
1.3139930383071777e-5
1.3171980158099717e-5
1.3203968780969914e-5
1.323589533235831e-5
1.3267757091006635e-5
1.3299552116614637e-5
1.3331290185025997e-5
1.3362971042416296e-5
1.3394584819982584e-5
1.3426128371342365e-5
1.3457601238488232e-5
1.3489001527967401e-5
1.3520327124010538e-5
1.3551575306089243e-5
1.3582740730129235e-5
1.3613824508069597e-5
1.3644844572961631e-5
1.3675783428329246e-5
1.3706637884183082e-5
1.3737410985395632e-5
1.3768102911498184e-5
1.3798709909543903e-5
1.3829228339596013e-5
1.3859654588356574e-5
1.3889981470505356e-5
1.3920220821619203e-5
1.395036665002313e-5
1.398041699675254e-5
1.4010373100834893e-5
1.4040229397434068e-5
1.4069981803893717e-5
1.4099627646610854e-5
1.4129162540452097e-5
1.4158587593127323e-5
1.4187908476049923e-5
1.4217122237608688e-5
1.4246223955655126e-5
1.4275211384175354e-5
1.430408236269601e-5
1.4332837102239808e-5
1.4361470635312308e-5
1.4389976988520427e-5
1.4418370282118669e-5
1.4446636334794812e-5
1.4474772230461465e-5
1.4502774051762256e-5
1.4530638012839226e-5
1.4558359075330213e-5
1.4585933387426964e-5
1.4613377483139174e-5
1.4640691761758389e-5
1.4667859672437819e-5
1.4694876640737566e-5
1.4721739803783133e-5
1.4748451182483193e-5
1.4775003471119835e-5
1.480139783745041e-5
1.4827640143041093e-5
1.4853725510467861e-5
1.4879642672783849e-5
1.4905388082215922e-5
1.4930961964750259e-5
1.4956356091523607e-5
1.4981584601901757e-5
1.5006636298519086e-5
1.5031505177188708e-5
1.5056191355641574e-5
1.5080689784924054e-5
1.5104996159915454e-5
1.5129107825343759e-5
1.51530284878554e-5
1.517675577728143e-5
1.5200279385015567e-5
1.5223597908627624e-5
1.5246710236630529e-5
1.5269606980362798e-5
1.529228946596939e-5
1.5314757409295136e-5
1.5336998349806345e-5
1.5359007489870066e-5
1.5380788141850796e-5
1.5402346848426258e-5
1.542367838980148e-5
1.544477815520999e-5
1.5465632588598795e-5
1.5486237409339936e-5
1.5506586867727185e-5
1.5526673788881687e-5
1.5546499988974522e-5
1.556607862041027e-5
1.5585392418162507e-5
1.5604434679215492e-5
1.5623201929631486e-5
1.5641684586586887e-5
1.5659882290744496e-5
1.567780169324581e-5
1.5695433398372462e-5
1.571276911077351e-5
1.5729807628658864e-5
1.574653304408934e-5
1.576295933929378e-5
1.5779071287646256e-5
1.57948731622285e-5
1.5810348253770032e-5
1.582548816747843e-5
1.5840296043552612e-5
1.5854775495713667e-5
1.5868908842469054e-5
1.5882693081679428e-5
1.589612385600455e-5
1.5909190949313554e-5
1.5921900098501147e-5
1.5934242089214306e-5
1.594620728359648e-5
1.595779035397672e-5
1.596898547741902e-5
1.5979788368544306e-5
1.5990195079853663e-5
1.600019750243529e-5
1.600978712942963e-5
1.6018960833482816e-5
1.6027712115348888e-5
1.6036035382524442e-5
1.60439221236843e-5
1.605136289476537e-5
1.6058350241739434e-5
1.6064881576379806e-5
1.6070953895330577e-5
1.6076556434430545e-5
1.6081678245160594e-5
1.608631167795703e-5
1.6090449206625368e-5
1.609408569029382e-5
1.6097214874902595e-5
1.609982734464909e-5
1.6101914190730092e-5
1.6103466490889714e-5
1.6104476405293216e-5
1.6104935637975426e-5
1.610483484319845e-5
1.610416533674872e-5
1.610291858158449e-5
1.6101085284551215e-5
1.6098654531518033e-5
1.6095616711447532e-5
1.6091962679963895e-5
1.6087683598103498e-5
1.608276836385968e-5
1.6077206428369284e-5
1.607098730734768e-5
1.6064101794176916e-5
1.605654145115875e-5
1.6048283421964506e-5
1.6039323349588946e-5
1.6029649997796766e-5
1.601924816910627e-5
1.6008112495486152e-5
1.5996222576761076e-5
1.5983569649748327e-5
1.5970144023185435e-5
1.5955928664767792e-5
1.5940916236649884e-5
1.592507637411628e-5
1.590840571633143e-5
1.5890891788168453e-5
1.5872514820838774e-5
1.5853246569896268e-5
1.5833092977228878e-5
1.581204040153207e-5
1.5790069188765512e-5
1.5767143038612903e-5
1.5743250462891507e-5
1.571838605686327e-5
1.5692534474480432e-5
1.5665690940929962e-5
1.563776960435411e-5
1.5608787476411574e-5
1.5578742700215377e-5
1.554762462801481e-5
1.5515418903776643e-5
1.5482043920884984e-5
1.5447487409293617e-5
1.5411751684397515e-5
1.5374838788158412e-5
1.5336697996302064e-5
1.5297287646486087e-5
1.5256577049518157e-5
1.5214559514564995e-5
1.51712190974366e-5
1.5126515913931471e-5
1.5080422704853785e-5
1.503290907572767e-5
1.4983942015716653e-5
1.4933468759193167e-5
1.4881455653350082e-5
1.4827897209059459e-5
1.477278111650217e-5
1.4716028391081872e-5
1.465759342791367e-5
1.4597448463409223e-5
1.4535561841572477e-5
1.4471878961008318e-5
1.4406353959689974e-5
1.4338960627923378e-5
1.4269646393399115e-5
1.419836097552879e-5
1.412502016432855e-5
1.404957305829941e-5
1.397200728611112e-5
1.3892260571791386e-5
1.3810249810742286e-5
1.372589841813829e-5
1.363915049228078e-5
1.354993134210073e-5
1.3458160798810296e-5
1.3363747170295719e-5
1.326668334862268e-5
1.3166878252789278e-5
1.3064173146531821e-5
1.295840309784436e-5
1.284957047947114e-5
1.2737612029578722e-5
1.2622371267916576e-5
1.2503613346845213e-5
1.2381373836543795e-5
1.2255507962254528e-5
1.2125772204540471e-5
1.1991912103420841e-5
1.1853908165733005e-5
1.1711679466182078e-5
1.156501429560442e-5
1.1413483471274077e-5
1.1256839279340953e-5
1.1095036874792436e-5
1.0927887229716748e-5
1.0754891480842579e-5
1.0575560983077746e-5
1.0389834565833907e-5
1.01973960075387e-5
9.997666293261242e-6
9.789927155501876e-6
9.57366896608238e-6
9.348583406095751e-6
9.11389005031259e-6
8.868694865710585e-6
8.611815451116128e-6
8.342252512590714e-6
8.058703576763832e-6
7.759718600637148e-6
7.4432715201421275e-6
7.106969585899381e-6
6.747437008978736e-6
6.361056323361044e-6
5.942395050753489e-6
5.4843924358315764e-6
4.974814655896683e-6
4.3967927246095125e-6
3.7178508477079477e-6
2.8684617778835505e-6
1.5924357354366191e-6
0.0
0.0
0.0
0.0
0.0
0.0
0.0
0.0
0.0
0.0
0.0
0.0
0.0
0.0
0.0
0.0
0.0
0.0
0.0
0.0
0.0
0.0
0.0
0.0
0.0
0.0
0.0
0.0
0.0
0.0
0.0
0.0
0.0
0.0
0.0
0.0
0.0
0.0
0.0
0.0
0.0
0.0
0.0
0.0
0.0
0.0
0.0
0.0
0.0
0.0
0.0
0.0
0.0
0.0
0.0
0.0
0.0
0.0
0.0
0.0
0.0
0.0
0.0
0.0
0.0
0.0
0.0
0.0
0.0
0.0
0.0
0.0
0.0
0.0
0.0
0.0
0.0
0.0
0.0
0.0
0.0
0.0
0.0
0.0
0.0
0.0
0.0
0.0
0.0
0.0
0.0
0.0
0.0
0.0
0.0
0.0
0.0
0.0
0.0
0.0
0.0
0.0
0.0
0.0
0.0
0.0
0.0
0.0
0.0
0.0
0.0
0.0
0.0
0.0
0.0
0.0
0.0
0.0
0.0
0.0
0.0
0.0
0.0
0.0
0.0
0.0
0.0
0.0
0.0
0.0
0.0
0.0
0.0
0.0
0.0
0.0
0.0
0.0
0.0
0.0
0.0
0.0
0.0
0.0
0.0
0.0
0.0
0.0
0.0
0.0
0.0
0.0
0.0
0.0
0.0
0.0
0.0
0.0
0.0
0.0
0.0
0.0
0.0
0.0
0.0
0.0
0.0
0.0
0.0
0.0
0.0
0.0
0.0
0.0
0.0
0.0
0.0
0.0
0.0
0.0
0.0
0.0
0.0
0.0
0.0
0.0
0.0
0.0
0.0
0.0
0.0
0.0
0.0
0.0
0.0
0.0
0.0
0.0
0.0
0.0
0.0
0.0
0.0
0.0
0.0
0.0
0.0
0.0
0.0
0.0
0.0
0.0
0.0
0.0
0.0
0.0
0.0
0.0
0.0
0.0
0.0
0.0
0.0
0.0
0.0
0.0
0.0
0.0
0.0
0.0
0.0
0.0
0.0
0.0
0.0
0.0
0.0
0.0
0.0
0.0
0.0
0.0
0.0
0.0
0.0
0.0
0.0
0.0
0.0
0.0
0.0
0.0
0.0
0.0
0.0
0.0
0.0
0.0
0.0
0.0
0.0
0.0
0.0
0.0
0.0
0.0
0.0
0.0
0.0
0.0
0.0
0.0
0.0
0.0
0.0
0.0
0.0
0.0
0.0
0.0
0.0
0.0
0.0
0.0
0.0
0.0
0.0
0.0
0.0
0.0
0.0
0.0
0.0
0.0
0.0
0.0
0.0
0.0
0.0
0.0
0.0
0.0
0.0
0.0
0.0
0.0
0.0
0.0
0.0
0.0
0.0
0.0
0.0
0.0
0.0
0.0
0.0
0.0
0.0
0.0
0.0
0.0
0.0
0.0
0.0
0.0
0.0
0.0
0.0
0.0
0.0
0.0
0.0
0.0
0.0
0.0
0.0
0.0
0.0
0.0
0.0
0.0
0.0
0.0
0.0
0.0
0.0
0.0
0.0
0.0
0.0
0.0
0.0
0.0
0.0
0.0
0.0
0.0
0.0
0.0
0.0
0.0
0.0
0.0
0.0
0.0
0.0
0.0
0.0
0.0
0.0
0.0
0.0
0.0
0.0
0.0
0.0
0.0
0.0
0.0
0.0
0.0
0.0
0.0
0.0
0.0
0.0
0.0
0.0
0.0
0.0
0.0
0.0
0.0
0.0
0.0
0.0
0.0
0.0
0.0
0.0
0.0
0.0
0.0
0.0
0.0
0.0
0.0
0.0
0.0
0.0
0.0
0.0
0.0
0.0
0.0
0.0
0.0
0.0
0.0
0.0
0.0
0.0
0.0
0.0
0.0
0.0
0.0
0.0
0.0
0.0
0.0
0.0
0.0
0.0
0.0
0.0
0.0
0.0
0.0
0.0
0.0
0.0
0.0
0.0
0.0
0.0
0.0
0.0
0.0
0.0
0.0
0.0
0.0
0.0
0.0
0.0
0.0
0.0
0.0
0.0
0.0
0.0
0.0
0.0
0.0
0.0
0.0
0.0
0.0
0.0
0.0
0.0
0.0
0.0
0.0
0.0
0.0
0.0
0.0
0.0
0.0
0.0
0.0
0.0
0.0
0.0
0.0
0.0
0.0
0.0
0.0
0.0
0.0
0.0
0.0
0.0
0.0
0.0
0.0
0.0
0.0
0.0
0.0
0.0
0.0
0.0
0.0
0.0
0.0
0.0
0.0
0.0
0.0
0.0
0.0
0.0
0.0
0.0
0.0
0.0
0.0
0.0
0.0
0.0
0.0
0.0
0.0
0.0
0.0
0.0
0.0
0.0
0.0
0.0
0.0
0.0
0.0
0.0
0.0
0.0
0.0
0.0
0.0
0.0
0.0
0.0
0.0
0.0
0.0
0.0
0.0
0.0
0.0
0.0
0.0
0.0
0.0
0.0
0.0
0.0
0.0
0.0
0.0
0.0
0.0
0.0
0.0
0.0
0.0
0.0
0.0
0.0
0.0
0.0
0.0
0.0
0.0
0.0
0.0
0.0
0.0
0.0
0.0
0.0
0.0
0.0
0.0
0.0
0.0
0.0
0.0
0.0
0.0
0.0
0.0
0.0
0.0
0.0
0.0
0.0
0.0
0.0
0.0
0.0
0.0
0.0
0.0
0.0
0.0
0.0
0.0
0.0
0.0
0.0
0.0
0.0
0.0
0.0
0.0
0.0
0.0
0.0
0.0
0.0
0.0
0.0
0.0
0.0
0.0
0.0
0.0
0.0
0.0
0.0
0.0
0.0
0.0
0.0
0.0
0.0
0.0
0.0
0.0
0.0
0.0
0.0
0.0
0.0
0.0
0.0
0.0
0.0
0.0
0.0
0.0
0.0
0.0
0.0
0.0
0.0
0.0
0.0
0.0
0.0
0.0
0.0
0.0
0.0
0.0
0.0
0.0
0.0
0.0
0.0
0.0
0.0
0.0
0.0
0.0
0.0
0.0
0.0
0.0
0.0
0.0
0.0
0.0
0.0
0.0
0.0
0.0
0.0
0.0
0.0
0.0
0.0
0.0
0.0
0.0
0.0
0.0
0.0
0.0
0.0
0.0
0.0
0.0
0.0
0.0
0.0
0.0
0.0
0.0
0.0
0.0
0.0
0.0
0.0
0.0
0.0
0.0
0.0
0.0
0.0
0.0
0.0
0.0
0.0
0.0
0.0
0.0
0.0
0.0
0.0
0.0
0.0
0.0
0.0
0.0
0.0
0.0
0.0
0.0
0.0
0.0
0.0
0.0
0.0
0.0
0.0
0.0
0.0
0.0
0.0
0.0
0.0
0.0
0.0
0.0
0.0
0.0
0.0
0.0
0.0
0.0
0.0
0.0
0.0
0.0
0.0
0.0
0.0
0.0
0.0
0.0
0.0
0.0
0.0
0.0
0.0
0.0
0.0
0.0
0.0
0.0
0.0
0.0
0.0
0.0
0.0
0.0
0.0
0.0
0.0
0.0
0.0
0.0
0.0
0.0
0.0
0.0
0.0
0.0
0.0
0.0
0.0
0.0
0.0
0.0
0.0
0.0
0.0
0.0
0.0
0.0
0.0
0.0
0.0
0.0
0.0
0.0
0.0
0.0
0.0
0.0
0.0
0.0
0.0
0.0
0.0
0.0
0.0
0.0
0.0
0.0
0.0
0.0
0.0
0.0
0.0
0.0
0.0
0.0
0.0
0.0
0.0
0.0
0.0
0.0
0.0
0.0
0.0
0.0
0.0
0.0
0.0
0.0
0.0
0.0
0.0
0.0
0.0
0.0
0.0
0.0
0.0
0.0
0.0
0.0
0.0
0.0
0.0
0.0
0.0
0.0
0.0
0.0
0.0
0.0
0.0
0.0
0.0
0.0
0.0
0.0
0.0
0.0
0.0
0.0
0.0
0.0
0.0
0.0
0.0
0.0
0.0
0.0
0.0
0.0
0.0
0.0
0.0
0.0
0.0
0.0
0.0
0.0
0.0
0.0
0.0
0.0
0.0
0.0
0.0
0.0
0.0
0.0
0.0
0.0
0.0
0.0
0.0
0.0
0.0
0.0
0.0
0.0
0.0
0.0
0.0
0.0
0.0
0.0
0.0
0.0
0.0
0.0
0.0
0.0
0.0
0.0
0.0
0.0
0.0
0.0
0.0
0.0
0.0
0.0
0.0
0.0
0.0
0.0
0.0
0.0
0.0
0.0
0.0
0.0
0.0
0.0
0.0
0.0
0.0
0.0
0.0
0.0
0.0
0.0
0.0
0.0
0.0
0.0
0.0
0.0
0.0
0.0
0.0
0.0
0.0
0.0
0.0
0.0
0.0
0.0
0.0
0.0
0.0
0.0
0.0
0.0
0.0
0.0
0.0
0.0
0.0
0.0
0.0
0.0
0.0
0.0
0.0
0.0
0.0
0.0
0.0
0.0
0.0
0.0
0.0
0.0
0.0
0.0
0.0
0.0
0.0
0.0
0.0
0.0
0.0
0.0
0.0
0.0
0.0
0.0
0.0
0.0
0.0
0.0
0.0
0.0
0.0
0.0
0.0
0.0
0.0
0.0
0.0
0.0
0.0
0.0
0.0
0.0
0.0
0.0
0.0
0.0
0.0
0.0
0.0
0.0
0.0
0.0
0.0
0.0
0.0
0.0
0.0
0.0
0.0
0.0
0.0
0.0
0.0
0.0
0.0
0.0
0.0
0.0
0.0
0.0
0.0
0.0
0.0
0.0
0.0
0.0
0.0
0.0
0.0
0.0
0.0
0.0
0.0
0.0
0.0
0.0
0.0
0.0
0.0
0.0
0.0
0.0
0.0
0.0
0.0
0.0
0.0
0.0
0.0
0.0
0.0
0.0
0.0
0.0
0.0
0.0
0.0
0.0
0.0
0.0
0.0
0.0
0.0
0.0
0.0
0.0
0.0
0.0
0.0
0.0
0.0
0.0
0.0
0.0
0.0
0.0
0.0
0.0
0.0
0.0
0.0
0.0
0.0
0.0
0.0
0.0
0.0
0.0
0.0
0.0
0.0
0.0
0.0
0.0
0.0
0.0
0.0
0.0
0.0
0.0
0.0
0.0
0.0
0.0
0.0
0.0
0.0
0.0
0.0
0.0
0.0
0.0
0.0
0.0
0.0
0.0
0.0
0.0
0.0
0.0
0.0
0.0
0.0
0.0
0.0
0.0
0.0
0.0
0.0
0.0
0.0
0.0
0.0
0.0
0.0
0.0
0.0
0.0
0.0
0.0
0.0
0.0
0.0
0.0
0.0
0.0
0.0
0.0
0.0
0.0
0.0
0.0
0.0
0.0
0.0
0.0
0.0
0.0
0.0
0.0
0.0
0.0
0.0
0.0
0.0
0.0
0.0
0.0
0.0
0.0
0.0
0.0
0.0
0.0
0.0
0.0
0.0
0.0
0.0
0.0
0.0
0.0
0.0
0.0
0.0
0.0
0.0
0.0
0.0
0.0
0.0
0.0
0.0
0.0
0.0
0.0
0.0
0.0
0.0
0.0
0.0
0.0
0.0
0.0
0.0
0.0
0.0
0.0
0.0
0.0
0.0
0.0
0.0
0.0
0.0
0.0
0.0
0.0
0.0
0.0
0.0
0.0
0.0
0.0
0.0
0.0
0.0
0.0
0.0
0.0
0.0
0.0
0.0
0.0
0.0
0.0
0.0
0.0
0.0
0.0
0.0
0.0
0.0
0.0
0.0
0.0
0.0
0.0
0.0
0.0
0.0
0.0
0.0
0.0
0.0
0.0
0.0
0.0
0.0
0.0
0.0
0.0
0.0
0.0
0.0
0.0
0.0
0.0
0.0
0.0
0.0
0.0
0.0
0.0
0.0
0.0
0.0
0.0
0.0
0.0
0.0
0.0
0.0
0.0
0.0
0.0
0.0
0.0
0.0
0.0
0.0
0.0
0.0
0.0
0.0
0.0
0.0
0.0
0.0
0.0
0.0
0.0
0.0
0.0
0.0
0.0
0.0
0.0
0.0
0.0
0.0
0.0
0.0
0.0
0.0
0.0
0.0
0.0
0.0
0.0
0.0
0.0
0.0
0.0
0.0
0.0
0.0
0.0
0.0
0.0
0.0
0.0
0.0
0.0
0.0
0.0
0.0
0.0
0.0
0.0
0.0
0.0
0.0
0.0
0.0
0.0
0.0
0.0
0.0
0.0
0.0
0.0
0.0
0.0
0.0
0.0
0.0
0.0
0.0
0.0
0.0
0.0
0.0
0.0
0.0
0.0
0.0
0.0
0.0
0.0
0.0
0.0
0.0
0.0
0.0
0.0
0.0
0.0
0.0
0.0
0.0
0.0
0.0
0.0
0.0
0.0
0.0
0.0
0.0
0.0
0.0
0.0
0.0
0.0
0.0
0.0
0.0
0.0
0.0
0.0
0.0
0.0
0.0
0.0
0.0
0.0
0.0
0.0
0.0
0.0
0.0
0.0
0.0
0.0
0.0
0.0
0.0
0.0
0.0
0.0
0.0
0.0
0.0
0.0
0.0
0.0
0.0
0.0
0.0
0.0
0.0
0.0
0.0
0.0
0.0
0.0
0.0
0.0
0.0
0.0
0.0
0.0
0.0
0.0
0.0
0.0
0.0
0.0
0.0
0.0
0.0
0.0
0.0
0.0
0.0
0.0
0.0
0.0
0.0
0.0
0.0
0.0
0.0
0.0
0.0
0.0
0.0
0.0
0.0
0.0
0.0
0.0
0.0
0.0
0.0
0.0
0.0
0.0
0.0
0.0
0.0
0.0
0.0
0.0
0.0
0.0
0.0
0.0
0.0
0.0
0.0
0.0
0.0
0.0
0.0
0.0
0.0
0.0
0.0
0.0
0.0
0.0
0.0
0.0
0.0
0.0
0.0
0.0
0.0
0.0
0.0
0.0
0.0
0.0
0.0
0.0
0.0
0.0
0.0
0.0
0.0
0.0
0.0
0.0
0.0
0.0
0.0
0.0
0.0
0.0
0.0
0.0
0.0
0.0
0.0
0.0
0.0
0.0
0.0
0.0
0.0
0.0
0.0
0.0
0.0
0.0
0.0
0.0
0.0
0.0
0.0
0.0
0.0
0.0
0.0
0.0
0.0
0.0
0.0
0.0
0.0
0.0
0.0
0.0
0.0
0.0
0.0
0.0
0.0
0.0
0.0
0.0
0.0
0.0
0.0
0.0
0.0
0.0
0.0
0.0
0.0
0.0
0.0
0.0
0.0
0.0
0.0
0.0
0.0
0.0
0.0
0.0
0.0
0.0
0.0
0.0
0.0
0.0
0.0
0.0
0.0
0.0
0.0
0.0
0.0
0.0
0.0
0.0
0.0
0.0
0.0
0.0
0.0
0.0
0.0
0.0
0.0
0.0
0.0
0.0
0.0
0.0
0.0
0.0
0.0
0.0
0.0
0.0
0.0
0.0
0.0
0.0
0.0
0.0
0.0
0.0
0.0
0.0
0.0
0.0
0.0
0.0
0.0
0.0
0.0
0.0
0.0
0.0
0.0
0.0
0.0
0.0
0.0
0.0
0.0
0.0
0.0
0.0
0.0
0.0
0.0
0.0
0.0
0.0
0.0
0.0
0.0
0.0
0.0
0.0
0.0
0.0
0.0
0.0
0.0
0.0
0.0
0.0
0.0
0.0
0.0
0.0
0.0
0.0
0.0
0.0
0.0
0.0
0.0
0.0
0.0
0.0
0.0
0.0
0.0
0.0
0.0
0.0
0.0
0.0
0.0
0.0
0.0
0.0
0.0
0.0
0.0
0.0
0.0
0.0
0.0
0.0
0.0
0.0
0.0
0.0
0.0
0.0
0.0
0.0
0.0
0.0
0.0
0.0
0.0
0.0
0.0
0.0
0.0
0.0
0.0
0.0
0.0
0.0
0.0
0.0
0.0
0.0
0.0
0.0
0.0
0.0
0.0
0.0
0.0
0.0
0.0
0.0
0.0
0.0
0.0
0.0
0.0
0.0
0.0
0.0
0.0
0.0
0.0
0.0
0.0
0.0
0.0
0.0
0.0
0.0
0.0
0.0
0.0
0.0
0.0
0.0
0.0
0.0
0.0
0.0
0.0
0.0
0.0
0.0
0.0
0.0
0.0
0.0
0.0
0.0
0.0
0.0
0.0
0.0
0.0
0.0
0.0
0.0
0.0
0.0
0.0
0.0
0.0
0.0
0.0
0.0
0.0
0.0
0.0
0.0
0.0
0.0
0.0
0.0
0.0
0.0
0.0
0.0
0.0
0.0
0.0
0.0
0.0
0.0
0.0
0.0
0.0
0.0
0.0
0.0
0.0
0.0
0.0
0.0
0.0
0.0
0.0
0.0
0.0
0.0
0.0
0.0
0.0
0.0
0.0
0.0
0.0
0.0
0.0
0.0
0.0
0.0
0.0
0.0
0.0
0.0
0.0
0.0
0.0
0.0
0.0
0.0
0.0
0.0
0.0
0.0
0.0
0.0
0.0
0.0
0.0
0.0
0.0
0.0
0.0
0.0
0.0
0.0
0.0
0.0
0.0
0.0
0.0
0.0
0.0
0.0
0.0
0.0
0.0
0.0
0.0
0.0
0.0
0.0
0.0
0.0
0.0
0.0
0.0
0.0
0.0
0.0
0.0
0.0
0.0
0.0
0.0
0.0
0.0
0.0
0.0
0.0
0.0
0.0
0.0
0.0
0.0
0.0
0.0
0.0
0.0
0.0
0.0
0.0
0.0
0.0
0.0
0.0
0.0
0.0
0.0
0.0
0.0
0.0
0.0
0.0
0.0
0.0
0.0
0.0
0.0
0.0
0.0
0.0
0.0
0.0
0.0
0.0
0.0
0.0
0.0
0.0
0.0
0.0
0.0
0.0
0.0
0.0
0.0
0.0
0.0
0.0
0.0
0.0
0.0
0.0
0.0
0.0
0.0
0.0
0.0
0.0
0.0
0.0
0.0
0.0
0.0
0.0
0.0
0.0
0.0
0.0
0.0
0.0
0.0
0.0
0.0
0.0
0.0
0.0
0.0
0.0
0.0
0.0
0.0
0.0
0.0
0.0
0.0
0.0
0.0
0.0
0.0
0.0
0.0
0.0
0.0
0.0
0.0
0.0
0.0
0.0
0.0
0.0
0.0
0.0
0.0
0.0
0.0
0.0
0.0
0.0
0.0
0.0
0.0
0.0
0.0
0.0
0.0
0.0
0.0
0.0
0.0
0.0
0.0
0.0
0.0
0.0
0.0
0.0
0.0
0.0
0.0
0.0
0.0
0.0
0.0
0.0
0.0
0.0
0.0
0.0
0.0
0.0
0.0
0.0
0.0
0.0
0.0
0.0
0.0
0.0
0.0
0.0
0.0
0.0
0.0
0.0
0.0
0.0
0.0
0.0
0.0
0.0
0.0
0.0
0.0
0.0
0.0
0.0
0.0
0.0
0.0
0.0
0.0
0.0
0.0
0.0
0.0
0.0
0.0
0.0
0.0
0.0
0.0
0.0
0.0
0.0
0.0
0.0
0.0
0.0
0.0
0.0
0.0
0.0
0.0
0.0
0.0
0.0
0.0
0.0
0.0
0.0
0.0
0.0
0.0
0.0
0.0
0.0
0.0
0.0
0.0
0.0
0.0
0.0
0.0
0.0
0.0
0.0
0.0
0.0
0.0
0.0
0.0
0.0
0.0
0.0
0.0
0.0
0.0
0.0
0.0
0.0
0.0
0.0
0.0
0.0
0.0
0.0
0.0
0.0
0.0
0.0
0.0
0.0
0.0
0.0
0.0
0.0
0.0
0.0
0.0
0.0
0.0
0.0
0.0
0.0
0.0
0.0
0.0
0.0
0.0
0.0
0.0
0.0
0.0
0.0
0.0
0.0
0.0
0.0
0.0
0.0
0.0
0.0
0.0
0.0
0.0
0.0
0.0
0.0
0.0
0.0
0.0
0.0
0.0
0.0
0.0
0.0
0.0
0.0
0.0
0.0
0.0
0.0
0.0
0.0
0.0
0.0
0.0
0.0
0.0
0.0
0.0
0.0
0.0
0.0
0.0
0.0
0.0
0.0
0.0
0.0
0.0
0.0
0.0
0.0
0.0
0.0
0.0
0.0
0.0
0.0
0.0
0.0
0.0
0.0
0.0
0.0
0.0
0.0
0.0
0.0
0.0
0.0
0.0
0.0
0.0
0.0
0.0
0.0
0.0
0.0
0.0
0.0
0.0
0.0
0.0
0.0
0.0
0.0
0.0
0.0
0.0
0.0
0.0
0.0
0.0
0.0
0.0
0.0
0.0
0.0
0.0
0.0
0.0
0.0
0.0
0.0
0.0
0.0
0.0
0.0
0.0
0.0
0.0
0.0
0.0
0.0
0.0
0.0
0.0
0.0
0.0
0.0
0.0
0.0
0.0
0.0
0.0
0.0
0.0
0.0
0.0
0.0
0.0
0.0
0.0
0.0
0.0
0.0
0.0
0.0
0.0
0.0
0.0
0.0
0.0
0.0
0.0
0.0
0.0
0.0
0.0
0.0
0.0
0.0
0.0
0.0
0.0
0.0
0.0
0.0
0.0
0.0
0.0
0.0
0.0
0.0
0.0
0.0
0.0
0.0
0.0
0.0
0.0
0.0
0.0
0.0
0.0
0.0
0.0
0.0
0.0
0.0
0.0
0.0
0.0
0.0
0.0
0.0
0.0
0.0
0.0
0.0
0.0
0.0
0.0
0.0
0.0
0.0
0.0
0.0
0.0
0.0
0.0
0.0
0.0
0.0
0.0
0.0
0.0
0.0
0.0
0.0
0.0
0.0
0.0
0.0
0.0
0.0
0.0
0.0
0.0
0.0
0.0
0.0
0.0
0.0
0.0
0.0
0.0
0.0
0.0
0.0
0.0
0.0
0.0
0.0
0.0
0.0
0.0
0.0
0.0
0.0
0.0
0.0
0.0
0.0
0.0
0.0
0.0
0.0
0.0
0.0
0.0
0.0
0.0
0.0
0.0
0.0
0.0
0.0
0.0
0.0
0.0
0.0
0.0
0.0
0.0
0.0
0.0
0.0
0.0
0.0
0.0
0.0
0.0
0.0
0.0
0.0
0.0
0.0
0.0
0.0
0.0
0.0
0.0
0.0
0.0
0.0
0.0
0.0
0.0
0.0
0.0
0.0
0.0
0.0
0.0
0.0
0.0
0.0
0.0
0.0
0.0
0.0
0.0
0.0
0.0
0.0
0.0
0.0
0.0
0.0
0.0
0.0
0.0
0.0
0.0
0.0
0.0
0.0
0.0
0.0
0.0
0.0
0.0
0.0
0.0
0.0
0.0
0.0
0.0
0.0
0.0
0.0
0.0
0.0
0.0
0.0
0.0
0.0
0.0
0.0
0.0
0.0
0.0
0.0
0.0
0.0
0.0
0.0
0.0
0.0
0.0
0.0
0.0
0.0
0.0
0.0
0.0
0.0
0.0
0.0
0.0
0.0
0.0
0.0
0.0
0.0
0.0
0.0
0.0
0.0
0.0
0.0
0.0
0.0
0.0
0.0
0.0
0.0
0.0
0.0
0.0
0.0
0.0
0.0
0.0
0.0
0.0
0.0
0.0
0.0
0.0
0.0
0.0
0.0
0.0
0.0
0.0
0.0
0.0
0.0
0.0
0.0
0.0
0.0
0.0
0.0
0.0
0.0
0.0
0.0
0.0
0.0
0.0
0.0
0.0
0.0
0.0
0.0
0.0
0.0
0.0
0.0
0.0
0.0
0.0
0.0
0.0
0.0
0.0
0.0
0.0
0.0
0.0
0.0
0.0
0.0
0.0
0.0
0.0
0.0
0.0
0.0
0.0
0.0
0.0
0.0
0.0
0.0
0.0
0.0
0.0
0.0
0.0
0.0
0.0
0.0
0.0
0.0
0.0
0.0
0.0
0.0
0.0
0.0
0.0
0.0
0.0
0.0
0.0
0.0
0.0
0.0
0.0
0.0
0.0
0.0
0.0
0.0
0.0
0.0
0.0
0.0
0.0
0.0
0.0
0.0
0.0
0.0
0.0
0.0
0.0
0.0
0.0
0.0
0.0
0.0
0.0
0.0
0.0
0.0
0.0
0.0
0.0
0.0
0.0
0.0
0.0
0.0
0.0
0.0
0.0
0.0
0.0
0.0
0.0
0.0
0.0
0.0
0.0
0.0
0.0
0.0
0.0
0.0
0.0
0.0
0.0
0.0
0.0
0.0
0.0
0.0
0.0
0.0
0.0
0.0
0.0
0.0
0.0
0.0
0.0
0.0
0.0
0.0
0.0
0.0
0.0
0.0
0.0
0.0
0.0
0.0
0.0
0.0
0.0
0.0
0.0
0.0
0.0
0.0
0.0
0.0
0.0
0.0
0.0
0.0
0.0
0.0
0.0
0.0
0.0
0.0
0.0
0.0
0.0
0.0
0.0
0.0
0.0
0.0
0.0
0.0
0.0
0.0
0.0
0.0
0.0
0.0
0.0
0.0
0.0
0.0
0.0
0.0
0.0
0.0
0.0
0.0
0.0
0.0
0.0
0.0
0.0
0.0
0.0
0.0
0.0
0.0
0.0
0.0
0.0
0.0
0.0
0.0
0.0
0.0
0.0
0.0
0.0
0.0
0.0
0.0
0.0
0.0
0.0
0.0
0.0
0.0
0.0
0.0
0.0
0.0
0.0
0.0
0.0
0.0
0.0
0.0
0.0
0.0
0.0
0.0
0.0
0.0
0.0
0.0
0.0
0.0
0.0
0.0
0.0
0.0
0.0
0.0
0.0
0.0
0.0
0.0
0.0
0.0
0.0
0.0
0.0
0.0
0.0
0.0
0.0
0.0
0.0
0.0
0.0
0.0
0.0
0.0
0.0
0.0
0.0
0.0
0.0
0.0
0.0
0.0
0.0
0.0
0.0
0.0
0.0
0.0
0.0
0.0
0.0
0.0
0.0
0.0
0.0
0.0
0.0
0.0
0.0
0.0
0.0
0.0
0.0
0.0
0.0
0.0
0.0
0.0
0.0
0.0
0.0
0.0
0.0
0.0
0.0
0.0
0.0
0.0
0.0
0.0
0.0
0.0
0.0
0.0
0.0
0.0
0.0
0.0
0.0
0.0
0.0
0.0
0.0
0.0
0.0
0.0
0.0
0.0
0.0
0.0
0.0
0.0
0.0
0.0
0.0
0.0
0.0
0.0
0.0
0.0
0.0
0.0
0.0
0.0
0.0
0.0
0.0
0.0
0.0
0.0
0.0
0.0
0.0
0.0
0.0
0.0
0.0
0.0
0.0
0.0
0.0
0.0
0.0
0.0
0.0
0.0
0.0
0.0
0.0
0.0
0.0
0.0
0.0
0.0
0.0
0.0
0.0
0.0
0.0
0.0
0.0
0.0
0.0
0.0
0.0
0.0
0.0
0.0
0.0
0.0
0.0
0.0
0.0
0.0
0.0
0.0
0.0
0.0
0.0
0.0
0.0
0.0
0.0
0.0
0.0
0.0
0.0
0.0
0.0
0.0
0.0
0.0
0.0
0.0
0.0
0.0
0.0
0.0
0.0
0.0
0.0
0.0
0.0
0.0
0.0
0.0
0.0
0.0
0.0
0.0
0.0
0.0
0.0
0.0
0.0
0.0
0.0
0.0
0.0
0.0
0.0
0.0
0.0
0.0
0.0
0.0
0.0
0.0
0.0
0.0
0.0
0.0
0.0
0.0
0.0
0.0
0.0
0.0
0.0
0.0
0.0
0.0
0.0
0.0
0.0
0.0
0.0
0.0
0.0
0.0
0.0
0.0
0.0
0.0
0.0
0.0
0.0
0.0
0.0
0.0
0.0
0.0
0.0
0.0
0.0
0.0
0.0
0.0
0.0
0.0
0.0
0.0
0.0
0.0
0.0
0.0
0.0
0.0
0.0
0.0
0.0
0.0
0.0
0.0
0.0
0.0
0.0
0.0
0.0
0.0
0.0
0.0
0.0
0.0
0.0
0.0
0.0
0.0
0.0
0.0
0.0
0.0
0.0
0.0
0.0
0.0
0.0
0.0
0.0
0.0
0.0
0.0
0.0
0.0
0.0
0.0
0.0
0.0
0.0
0.0
0.0
0.0
0.0
0.0
0.0
0.0
0.0
0.0
0.0
0.0
0.0
0.0
0.0
0.0
0.0
0.0
0.0
0.0
0.0
0.0
0.0
0.0
0.0
0.0
0.0
0.0
0.0
0.0
0.0
0.0
0.0
0.0
0.0
0.0
0.0
0.0
0.0
0.0
0.0
0.0
0.0
0.0
0.0
0.0
0.0
0.0
0.0
0.0
0.0
0.0
0.0
0.0
0.0
0.0
0.0
0.0
0.0
0.0
0.0
0.0
0.0
0.0
0.0
0.0
0.0
0.0
0.0
0.0
0.0
0.0
0.0
0.0
0.0
0.0
0.0
0.0
0.0
0.0
0.0
0.0
0.0
0.0
0.0
0.0
0.0
0.0
0.0
0.0
0.0
0.0
0.0
0.0
0.0
0.0
0.0
0.0
0.0
0.0
0.0
0.0
0.0
0.0
0.0
0.0
0.0
0.0
0.0
0.0
0.0
0.0
0.0
0.0
0.0
0.0
0.0
0.0
0.0
0.0
0.0
0.0
0.0
0.0
0.0
0.0
0.0
0.0
0.0
0.0
0.0
0.0
0.0
0.0
0.0
0.0
0.0
0.0
0.0
0.0
0.0
0.0
0.0
0.0
0.0
0.0
0.0
0.0
0.0
0.0
0.0
0.0
0.0
0.0
0.0
0.0
0.0
0.0
0.0
0.0
0.0
0.0
0.0
0.0
0.0
0.0
0.0
0.0
0.0
0.0
0.0
0.0
0.0
0.0
0.0
0.0
0.0
0.0
