0.00012522930392193542
0.00012608308370204487
0.00012680942854140708
0.00012747110717118305
0.00012809046617152453
0.00012867888315324313
0.0001292432536074655
0.00012978815954135025
0.000130316821635101
0.0001308316411652655
0.00013133448246594332
0.00013182679821719358
0.00013230976583355979
0.00013278438327945935
0.00013325144237035492
0.00013371163159567553
0.0001341646355529081
0.00013461173802874573
0.00013505368330902614
0.00013549082839798583
0.00013592350108378908
0.00013635199328268732
0.00013677658325591787
0.000137197504475486
0.00013761497804819746
0.00013802920392416625
0.00013844036038081193
0.00013884861746662878
0.0001392541273773807
0.00013965704222232276
0.00014005748390990958
0.0001404555774449374
0.00014085143564594258
0.00014124488416854546
0.00014163610158213758
0.0001420254185396896
0.00014241291156596403
0.00014279866050782443
0.00014318274782806323
0.0001435652335445207
0.00014394619044444187
0.00014432568331583038
0.0001447037651661784
0.00014508049210119198
0.0001454559212177109
0.0001458301033994405
0.0001462030881315095
0.00014657492321416897
0.00014694564605892166
0.0001473153001733835
0.00014768392350769053
0.0001480514899172298
0.00014841788776356413
0.00014878338191331428
0.00014914800925489176
0.00014951179417799267
0.00014987476413261171
0.0001502369690536171
0.00015059841931444875
0.00015095913889919444
0.0001513191634982332
0.00015167852094014926
0.00015203722927763973
0.00015239530869122804
0.0001527527859714218
0.0001531096825866434
0.00015346601978629245
0.00015382181853051556
0.0001541770967374934
0.00015453187416380787
0.00015488616671828622
0.00015523982076736246
0.00015559301588739506
0.00015594578712223544
0.00015629814614629412
0.000156650101109283
0.00015700169421666734
0.00015735292662848283
0.00015770379720368946
0.00015805434206718664
0.00015840456895973358
0.0001587544825188977
0.00015910410352894337
0.0001594534411368003
0.00015980250610140873
0.00016015131635697337
0.00016049987505414027
0.0001608481971232907
0.00016119630243486245
0.00016154417811627548
0.00016189187090396873
0.00016223934633942318
0.00016258649101388137
0.000162933489798198
0.00016328031436594695
0.00016362697824351047
0.00016397349528499063
0.00016431990108183053
0.00016466617216310698
0.0001650123154840512
0.0001653583454756035
0.00016570427151602486
0.0001660501172479234
0.0001663958813675327
0.00016674155519761673
0.000167087154288701
0.00016743268722161272
0.0001677781610971925
0.0001681235827300899
0.00016846896080133122
0.0001688142996754296
0.00016915960809600053
0.00016950489119391433
0.00016985015470187968
0.0001701953200920976
0.00017054045336779752
0.00017088558746771276
0.00017123072765880756
0.00017157587928882348
0.0001719210481324662
0.00017226623868445902
0.00017261145571538858
0.0001729567030149064
0.0001733019837735205
0.00017364729997710964
0.0001739926724838272
0.00017433810808604503
0.00017468359877241974
0.00017502914860148433
0.00017537475886226524
0.00017572043125380296
0.00017606618125806726
0.00017641202787605013
0.00017675795311453723
0.00017710395548987032
0.00017745002922672703
0.00017779623684183567
0.0001781425386965394
0.00017848887330386003
0.0001788352634941066
0.00017918180331868156
0.0001795284530641936
0.00017987519501598285
0.0001802220809785794
0.00018056910063844893
0.00018091623120457508
0.00018126349828598447
0.00018161091342759275
0.00018195844361560307
0.000182306131179625
0.0001826539808414839
0.00018300195428164792
0.00018335008308942194
0.00018369838143752955
0.00018404682274685452
0.0001843954306558879
0.00018474420270403973
0.0001850931263465969
0.0001854422424760278
0.00018579149556277336
0.00018614097341907075
0.0001864906010831658
0.00018684040482144044
0.00018719040460974914
0.00018754052894694265
0.00018789083587959348
0.00018824129945683375
0.00018859199007839164
0.00018894284297632307
0.00018929392446021069
0.00018964517791570417
0.00018999665747490322
0.0001903483218247865
0.00019070020733559352
0.00019105229140003237
0.0001914045916788549
0.00019175710391953945
0.00019210982658453385
0.00019246277207234883
0.00019281592008306517
0.00019316929903194358
0.00019352291635410906
0.00019387673784549482
0.0001942308062847803
0.00019458507983249117
0.00019493959738030477
0.00019529433832548318
0.0001956492968461291
0.00019600453643705342
0.00019635997045132933
0.00019671566358612255
0.000197071595873655
0.00019742773740265016
0.00019778413333248213
0.00019814072387388756
0.00019849753881096685
0.00019885466858753174
0.00019921200355346643
0.00019956958598730902
0.00019992745213276485
0.00020028554461110052
0.00020064389491103422
0.00020100252037121396
0.0002013613841709845
0.00020172050231712947
0.0002020799042811948
0.0002024395566894573
0.0002027994455959944
0.00020315963149201199
0.00020352009391960652
0.00020388078447717656
0.00020424175960212385
0.0002046030271693204
0.0002049645360228381
0.000205326308522407
0.00020568837417396456
0.00020605072123493516
0.00020641331139982597
0.00020677617539016204
0.0002071393553754197
0.0002075027903469507
0.00020786648233640727
0.00020823044611800132
0.00020859474847638638
0.00020895929710682774
0.00020932406352823168
0.00020968909948410898
0.00021005447499223846
0.00021042011240909192
0.00021078601437063524
0.00021115219014858342
0.00021151867820869038
0.0002118854673370762
0.0002122525240067646
0.00021261985280692303
0.00021298746123851194
0.00021335539801233878
0.00021372362631524015
0.00021409212358038826
0.00021446089893816891
0.0002148299589413789
0.00021519934051147114
0.00021556902978451005
0.00021593898952128478
0.0002163092291311355
0.00021667975427765493
0.00021705057948188697
0.00021742172438454866
0.00021779316934111964
0.00021816488589314456
0.00021853688836451473
0.00021890918010307163
0.0002192817703645505
0.0002196546857593135
0.0002200279090359717
0.0002204014046039317
0.0002207751875330666
0.00022114926157549154
0.00022152362801777965
0.00022189828953984587
0.00022227329556573927
0.0002226485499497826
0.0002230240862295809
0.00022339991256958361
0.00022377603203898645
0.000224152446914494
0.0002245291585014103
0.0002249061668795022
0.000225283530363175
0.00022566117451714717
0.00022603910370502472
0.00022641732371619434
0.00022679583799136037
0.00022717464864607177
0.00022755375167645943
0.00022793314987327605
0.00022831284497050225
0.0002286928728335842
0.00022907320711901909
0.000229453818459494
0.00022983471826263036
0.00023021590969115905
0.0002305973938092588
0.00023097917106492863
0.00023136124157499487
0.00023174360536879022
0.00023212626308253618
0.0002325092145802979
0.00023289246512920824
0.00023327603108649095
0.0002336599047606651
0.0002340440510037077
0.00023442848315422863
0.00023481320316426482
0.00023519821160619887
0.00023558350858940647
0.00023596909480576577
0.0002363549697600258
0.00023674113244487836
0.00023712758237043577
0.00023751431883744725
0.00023790133530716306
0.0002382886121488416
0.00023867617413288186
0.00023906402063978178
0.00023945215117393822
0.00023984056620162262
0.000240229263524119
0.00024061828393024483
0.00024100757048253147
0.0002413971277927945
0.00024178696070561114
0.00024217706967443213
0.00024256745446392522
0.0002429581149193766
0.0002433490512446917
0.000243740261385071
0.00024413174448946248
0.00024452349957940477
0.0002449155257628849
0.00024530782200795004
0.00024570038728227993
0.0002460932205225685
0.0002464863216553387
0.00024687968904873813
0.00024727332100675503
0.00024766721637909495
0.00024806137392549115
0.00024845579240078623
0.00024885047058395055
0.00024924540713032207
0.00024964060152533895
0.0002500360525566007
0.0002504317579003622
0.00025082771621859996
0.0002512239260220271
0.00025162038595098133
0.0002520170943720689
0.00025241404261553996
0.00025281123451444386
0.000253208670909783
0.00025360634962550056
0.000254004268926448
0.0002544024271966917
0.00025480082267802695
0.0002551994534886334
0.00025559831804714033
0.0002559974159018256
0.00025639674320133916
0.00025679629633246936
0.00025719605064454586
0.00025759602584973394
0.00025799621179908107
0.0002583966209792861
0.00025879728154781475
0.0002591981629539783
0.000259599260308434
0.0002600005715728022
0.0002604020946465271
0.000260803827488497
0.0002612057678279566
0.0002616079150523497
0.00026201026568864174
0.00026241281715609654
0.00026281556713434807
0.0002632185130671198
0.00026362165264459794
0.0002640249835669584
0.00026442850338637255
0.0002648322081883238
0.00026523609573463996
0.0002656401625764761
0.000266044404126912
0.00026644881072482285
0.0002668533835261688
0.0002672581554791253
0.0002676631211266518
0.00026806825373162365
0.0002684735505728543
0.00026887900878429217
0.0002692846259175259
0.00026969039998943524
0.0002700963265061712
0.00027050240230957546
0.00027090862395400797
0.0002713149877018717
0.00027172148940511804
0.00027212812405574013
0.00027253487180522735
0.00027294174519115527
0.00027334880934246314
0.00027375599988503754
0.0002741633138084422
0.00027457074896374863
0.00027497830024771693
0.00027538596392961663
0.00027579373619246916
0.00027620161285691914
0.0002766095897743528
0.0002770176607414406
0.0002774258107880025
0.00027783402405665014
0.00027824241346209474
0.00027865088874328916
0.0002790594475384461
0.0002794680848307403
0.000279876795877218
0.0002802855763187287
0.00028069441659801683
0.00028110330203837234
0.000281512239209685
0.00028192120203097764
0.00028233023579330823
0.00028273937185652534
0.00028314855525618987
0.0002835577797312399
0.00028396703868151664
0.0002843763269654785
0.0002847856401664992
0.0002851949726290756
0.00028560431090800524
0.0002860136194988358
0.0002864230180570557
0.00028683244417893565
0.00028724187071237664
0.00028765129376133203
0.0002880607072057373
0.00028847010398942496
0.00028887947607533017
0.0002892888086550022
0.00028969808838191763
0.0002901073951582262
0.00029051669797810326
0.00029092595829519703
0.00029133517022853156
0.0002917443270831975
0.0002921534213032675
0.0002925624410281425
0.0002929713500564192
0.00029338023208510026
0.00029378909483614857
0.000294197873727364
0.0002946065623547283
0.00029501515367416533
0.00029542364018670633
0.0002958320086636666
0.00029624023444111455
0.00029664837344523014
0.00029705645601096567
0.00029746441938291283
0.00029787224682923253
0.00029827993010338394
0.0002986874638287518
0.000299094824289978
0.0002995020183428518
0.0002999091096232653
0.00030031605985129706
0.0003007228318006242
0.00030112941911541243
0.00030153580960777456
0.0003019419852477416
0.00030234793648844637
0.0003027537144852275
0.0003031593368882199
0.0003035647349278833
0.0003039698998007111
0.0003043748223394099
0.0003047794830445775
0.0003051838645971296
0.0003055880359255211
0.0003059919990850071
0.0003063956894773552
0.0003067990962786277
0.00030720220756646935
0.000307605000820292
0.00030800743653772454
0.00030840970403818153
0.00030881165334721057
0.0003092132762189518
0.0003096145619151931
0.0003100154946134191
0.00031041604579065826
0.00031081624084990507
0.0003112161718928354
0.00031161572627265037
0.0003120148838727707
0.0003124136444081193
0.00031281198493435193
0.00031320985957870287
0.0003136074544303625
0.00031400463235364584
0.0003144013733738696
0.0003147976565690944
0.0003151934592640407
0.00031558872591972006
0.00031598365995345174
0.00031637813212028777
0.000316772113742544
0.00031716559097456454
0.000317558543278972
0.0003179509016764231
0.0003183428596187045
0.0003187343088755468
0.00031912520748772277
0.0003195155422603999
0.00031990529237673615
0.00032029440254758245
0.00032068302899714604
0.0003210710963707986
0.0003214585505908435
0.0003218453749777721
0.0003222315433676606
0.0003226170355414619
0.0003230019577610247
0.0003233862553127197
0.000323769874950613
0.00032415279660650377
0.0003245349826767457
0.00032491647084607726
0.00032529730486157175
0.000325677432674554
0.00032605680957004145
0.00032643540892134386
0.000326813178208045
0.00032719023215957985
0.00032756656108007254
0.00032794207839316
0.00032831676572875535
0.00032869059243614157
0.00032906356581769466
0.00032943574127573686
0.0003298070890204321
0.00033017754467627784
0.0003305470840342302
0.0003309156691663969
0.00033128337180269115
0.0003316502123375338
0.0003320160948225323
0.00033238099746002523
0.00033274485822346446
0.00033310774663333314
0.00033346973642134857
0.00033383069481148604
0.00033419060318572267
0.00033454942771919487
0.00033490716361343005
0.00033526386693528135
0.0003356195201004799
0.0003359740458001069
0.00033632741757369544
0.00033667961050950996
0.0003370306627499496
0.00033738061020215646
0.00033772935031046026
0.00033807685560724557
0.00033842309582977486
0.0003387680974462563
0.00033911192462170327
0.0003394544611699713
0.0003397956793223964
0.00034013554233325885
0.00034047406670231637
0.0003408113395000346
0.00034114724117096284
0.0003414817337012811
0.00034181477864881336
0.000342146382512934
0.00034247666072393756
0.0003428054595139688
0.0003431327540847782
0.0003434585047912113
0.00034378271403210796
0.0003441054822489904
0.00034442666986226223
0.00034474624951532983
0.00034506418313104284
0.00034538047868959393
0.0003456952203377667
0.0003460082743420763
0.00034631961061918
0.00034662918818196544
0.00034693704198335187
0.000347243210986455
0.00034754757963260664
0.0003478501132871206
0.0003481507537438572
0.0003484496179106224
0.00034874663774799323
0.0003490417374876863
0.00034933487943210453
0.0003496259858923966
0.00034991526194316113
0.00035020252312482084
0.00035048773689616195
0.00035077086153502575
0.0003510518359442871
0.0003513308050435271
0.00035160762768054386
0.00035188226686086455
0.00035215466766564665
0.0003524248661785443
0.0003526928861038852
0.0003529586217553108
0.0003532220283081258
0.0003534830162204959
0.00035374177249772825
0.00035399813484507836
0.00035425205887673
0.0003545034910823264
0.0003547524051643467
0.00035499889046110804
0.00035524282767852654
0.00035548416546727236
0.00035572283048303384
0.0003559589109528379
0.0003561923314076572
0.00035642303171226484
0.00035665095889542955
0.0003568760618457163
0.00035709842999804225
0.00035731795478500714
0.0003575345758080528
0.0003577482281332156
0.00035795895211129103
0.00035816671723108603
0.0003583714455742838
0.0003585730776467547
0.00035877156253046
0.0003589669703411477
0.0003591592035396738
0.00035934819135301324
0.0003595338636805676
0.000359716265621557
0.00035989534518901604
0.0003600710251221472
0.00036024324191663885
0.0003604119567956488
0.00036057719456205657
0.00036073887770335134
0.0003608969337868465
0.0003610512912309639
0.00036120199417506184
0.000361348969811416
0.0003614921363671148
0.00036163143775710705
0.00036176684277580977
0.000361898355342148
0.0003620258814378104
0.00036214935407023584
0.0003622687009679025
0.0003623839557064292
0.0003624950373265629
0.00036260186164327745
0.0003627043510736509
0.00036280251209810417
0.00036289627746662517
0.0003629855684119228
0.0003630703182498591
0.0003631504856171539
0.00036322602675294894
0.0003632968733617916
0.00036336295001056907
0.0003634241975520737
0.00036348057428315614
0.00036353201452163895
0.00036357844010510566
0.0003636197832643482
0.00036365599661759737
0.00036368701301374255
0.00036371275482414023
0.0003637331511586005
0.0003637481446434627
0.0003637576563346938
0.00036376158468633113
0.00036375988975739646
0.0003637525032694102
0.00036373934486499585
0.00036372034094005716
0.00036369541710718964
0.00036366450049304407
0.00036362750189723356
0.00036358433789988317
0.00036353493397575925
0.00036347921669003006
0.00036341708978752317
0.0003633484548481514
0.000363273236134093
0.00036319136840250497
0.00036310274194475674
0.00036300724321193425
0.00036290481505270794
0.0003627953867834865
0.0003626788284296979
0.0003625550085571514
0.00036242387671376973
0.0003622853556754792
0.00036213933249579856
0.0003619856445789725
0.00036182422566366707
0.0003616549984878045
0.0003614778444149274
0.00036129259759247565
0.00036109916458020963
0.0003608974830271707
0.00036068743483761643
0.00036046884579283076
0.0003602415847997067
0.00036000559999912075
0.0003597607745044999
0.00035950691822078223
0.0003592438736510916
0.0003589716062495351
0.00035869000164622227
0.0003583988448301238
0.0003580979318244769
0.0003577872422755529
0.0003574666770474126
0.0003571360089308032
0.0003567949938689508
0.00035644361452033275
0.00035608174753682666
0.000355709161449457
0.0003553255798716981
0.0003549310039580996
0.0003545252993643768
0.0003541082225936017
0.0003536794540482722
0.00035323900541393193
0.00035278673858786053
0.0003523223924921018
0.00035184559808023545
0.0003513563851364062
0.0003508546020990197
0.00035033996992228194
0.0003498120699888401
0.0003492709045188928
0.0003487163512457649
0.0003481481125351933
0.0003475657196361546
0.00034696922660989863
0.00034635845525071864
0.0003457330781829281
0.0003450925741626501
0.00034443701127211416
0.00034376617212067103
0.00034307971827930565
0.00034237709071548655
0.00034165835652653643
0.0003409232933334853
0.0003401715009667536
0.00033940237934472847
0.0003386160035999673
0.0003378121267934375
0.000336990279867189
0.00033614983479206143
0.00033529085084005853
0.0003344130525795752
0.0003335158995762866
0.0003325987577358658
0.0003316616678254082
0.0003307043110180246
0.0003297260389187146
0.00032872623780246164
0.0003277049135656958
0.00032666170923172907
0.00032559582303512446
0.0003245067181269973
0.00032339432908568976
0.0003222582553710891
0.0003210974283384964
0.00031991149727638064
0.000318700355567531
0.00031746361366716123
0.00031619945718611235
0.0003149082372363547
0.00031358949714396523
0.0003122427791492287
0.00031086615789802037
0.00030945994794286173
0.000308023604223667
0.00030655653195684997
0.000305056711143209
0.00030352439132377737
0.00030195892054612404
0.00030035950761781913
0.0002987240643140026
0.0002970527245998552
0.00029534468473781935
0.00029359890347072396
0.00029181326909878674
0.00028998776562492247
0.0002881214586310645
0.00028621284000484166
0.00028425984722122235
0.0002822622394384146
0.0002802189088114018
0.0002781276899881872
0.00027598675409634037
0.00027379547905810456
0.0002715526284268752
0.0002692547364176925
0.0002669007319581824
0.00026448930903792694
0.0002620189835804094
0.00025948481659264397
0.00025688648446584977
0.0002542217701799582
0.0002514884200161032
0.0002486810150043926
0.0002457985765942684
0.00024283817180278117
0.00023979636072864047
0.00023666714310294725
0.00023344847999238918
0.00023013637917770947
0.0002267254586060354
0.00022320897157287336
0.00021958316030788185
0.0002158424411961966
0.00021197796679347315
0.00020798204678736733
0.00020384784503976253
0.00019956739245281669
0.00019512455698305318
0.00019051112857377086
0.00018571390652990795
0.0001807183275678553
0.00017550087063553964
0.00017004438418998153
0.00016432453538058246
0.00015831176397038628
0.0001519649318309248
0.00014524359152948642
0.00013809262812723632
0.00013043794300675326
0.00012217961732713636
0.00011318878675092422
0.00010327468755008556
9.212812447479586e-5
7.923087590289264e-5
6.352695175885628e-5
4.197846396014712e-5
0.0
0.0
0.0
0.0
0.0
0.0
0.0
0.0
0.0
0.0
0.0
0.0
0.0
0.0
0.0
0.0
0.0
0.0
0.0
0.0
0.0
0.0
0.0
0.0
0.0
0.0
0.0
0.0
0.0
0.0
0.0
0.0
0.0
0.0
0.0
0.0
0.0
0.0
0.0
0.0
0.0
0.0
0.0
0.0
0.0
0.0
0.0
0.0
0.0
0.0
0.0
0.0
0.0
0.0
0.0
0.0
0.0
0.0
0.0
0.0
0.0
0.0
0.0
0.0
0.0
0.0
0.0
0.0
0.0
0.0
0.0
0.0
0.0
0.0
0.0
0.0
0.0
0.0
0.0
0.0
0.0
0.0
0.0
0.0
0.0
0.0
0.0
0.0
0.0
0.0
0.0
0.0
0.0
0.0
0.0
0.0
0.0
0.0
0.0
0.0
0.0
0.0
0.0
0.0
0.0
0.0
0.0
0.0
0.0
0.0
0.0
0.0
0.0
0.0
0.0
0.0
0.0
0.0
0.0
0.0
0.0
0.0
0.0
0.0
0.0
0.0
0.0
0.0
0.0
0.0
0.0
0.0
0.0
0.0
0.0
0.0
0.0
0.0
0.0
0.0
0.0
0.0
0.0
0.0
0.0
0.0
0.0
0.0
0.0
0.0
0.0
0.0
0.0
0.0
0.0
0.0
0.0
0.0
0.0
0.0
0.0
0.0
0.0
0.0
0.0
0.0
0.0
0.0
0.0
0.0
0.0
0.0
0.0
0.0
0.0
0.0
0.0
0.0
0.0
0.0
0.0
0.0
0.0
0.0
0.0
0.0
0.0
0.0
0.0
0.0
0.0
0.0
0.0
0.0
0.0
0.0
0.0
0.0
0.0
0.0
0.0
0.0
0.0
0.0
0.0
0.0
0.0
0.0
0.0
0.0
0.0
0.0
0.0
0.0
0.0
0.0
0.0
0.0
0.0
0.0
0.0
0.0
0.0
0.0
0.0
0.0
0.0
0.0
0.0
0.0
0.0
0.0
0.0
0.0
0.0
0.0
0.0
0.0
0.0
0.0
0.0
0.0
0.0
0.0
0.0
0.0
0.0
0.0
0.0
0.0
0.0
0.0
0.0
0.0
0.0
0.0
0.0
0.0
0.0
0.0
0.0
0.0
0.0
0.0
0.0
0.0
0.0
0.0
0.0
0.0
0.0
0.0
0.0
0.0
0.0
0.0
0.0
0.0
0.0
0.0
0.0
0.0
0.0
0.0
0.0
0.0
0.0
0.0
0.0
0.0
0.0
0.0
0.0
0.0
0.0
0.0
0.0
0.0
0.0
0.0
0.0
0.0
0.0
0.0
0.0
0.0
0.0
0.0
0.0
0.0
0.0
0.0
0.0
0.0
0.0
0.0
0.0
0.0
0.0
0.0
0.0
0.0
0.0
0.0
0.0
0.0
0.0
0.0
0.0
0.0
0.0
0.0
0.0
0.0
0.0
0.0
0.0
0.0
0.0
0.0
0.0
0.0
0.0
0.0
0.0
0.0
0.0
0.0
0.0
0.0
0.0
0.0
0.0
0.0
0.0
0.0
0.0
0.0
0.0
0.0
0.0
0.0
0.0
0.0
0.0
0.0
0.0
0.0
0.0
0.0
0.0
0.0
0.0
0.0
0.0
0.0
0.0
0.0
0.0
0.0
0.0
0.0
0.0
0.0
0.0
0.0
0.0
0.0
0.0
0.0
0.0
0.0
0.0
0.0
0.0
0.0
0.0
0.0
0.0
0.0
0.0
0.0
0.0
0.0
0.0
0.0
0.0
0.0
0.0
0.0
0.0
0.0
0.0
0.0
0.0
0.0
0.0
0.0
0.0
0.0
0.0
0.0
0.0
0.0
0.0
0.0
0.0
0.0
0.0
0.0
0.0
0.0
0.0
0.0
0.0
0.0
0.0
0.0
0.0
0.0
0.0
0.0
0.0
0.0
0.0
0.0
0.0
0.0
0.0
0.0
0.0
0.0
0.0
0.0
0.0
0.0
0.0
0.0
0.0
0.0
0.0
0.0
0.0
0.0
0.0
0.0
0.0
0.0
0.0
0.0
0.0
0.0
0.0
0.0
0.0
0.0
0.0
0.0
0.0
0.0
0.0
0.0
0.0
0.0
0.0
0.0
0.0
0.0
0.0
0.0
0.0
0.0
0.0
0.0
0.0
0.0
0.0
0.0
0.0
0.0
0.0
0.0
0.0
0.0
0.0
0.0
0.0
0.0
0.0
0.0
0.0
0.0
0.0
0.0
0.0
0.0
0.0
0.0
0.0
0.0
0.0
0.0
0.0
0.0
0.0
0.0
0.0
0.0
0.0
0.0
0.0
0.0
0.0
0.0
0.0
0.0
0.0
0.0
0.0
0.0
0.0
0.0
0.0
0.0
0.0
0.0
0.0
0.0
0.0
0.0
0.0
0.0
0.0
0.0
0.0
0.0
0.0
0.0
0.0
0.0
0.0
0.0
0.0
0.0
0.0
0.0
0.0
0.0
0.0
0.0
0.0
0.0
0.0
0.0
0.0
0.0
0.0
0.0
0.0
0.0
0.0
0.0
0.0
0.0
0.0
0.0
0.0
0.0
0.0
0.0
0.0
0.0
0.0
0.0
0.0
0.0
0.0
0.0
0.0
0.0
0.0
0.0
0.0
0.0
0.0
0.0
0.0
0.0
0.0
0.0
0.0
0.0
0.0
0.0
0.0
0.0
0.0
0.0
0.0
0.0
0.0
0.0
0.0
0.0
0.0
0.0
0.0
0.0
0.0
0.0
0.0
0.0
0.0
0.0
0.0
0.0
0.0
0.0
0.0
0.0
0.0
0.0
0.0
0.0
0.0
0.0
0.0
0.0
0.0
0.0
0.0
0.0
0.0
0.0
0.0
0.0
0.0
0.0
0.0
0.0
0.0
0.0
0.0
0.0
0.0
0.0
0.0
0.0
0.0
0.0
0.0
0.0
0.0
0.0
0.0
0.0
0.0
0.0
0.0
0.0
0.0
0.0
0.0
0.0
0.0
0.0
0.0
0.0
0.0
0.0
0.0
0.0
0.0
0.0
0.0
0.0
0.0
0.0
0.0
0.0
0.0
0.0
0.0
0.0
0.0
0.0
0.0
0.0
0.0
0.0
0.0
0.0
0.0
0.0
0.0
0.0
0.0
0.0
0.0
0.0
0.0
0.0
0.0
0.0
0.0
0.0
0.0
0.0
0.0
0.0
0.0
0.0
0.0
0.0
0.0
0.0
0.0
0.0
0.0
0.0
0.0
0.0
0.0
0.0
0.0
0.0
0.0
0.0
0.0
0.0
0.0
0.0
0.0
0.0
0.0
0.0
0.0
0.0
0.0
0.0
0.0
0.0
0.0
0.0
0.0
0.0
0.0
0.0
0.0
0.0
0.0
0.0
0.0
0.0
0.0
0.0
0.0
0.0
0.0
0.0
0.0
0.0
0.0
0.0
0.0
0.0
0.0
0.0
0.0
0.0
0.0
0.0
0.0
0.0
0.0
0.0
0.0
0.0
0.0
0.0
0.0
0.0
0.0
0.0
0.0
0.0
0.0
0.0
0.0
0.0
0.0
0.0
0.0
0.0
0.0
0.0
0.0
0.0
0.0
0.0
0.0
0.0
0.0
0.0
0.0
0.0
0.0
0.0
0.0
0.0
0.0
0.0
0.0
0.0
0.0
0.0
0.0
0.0
0.0
0.0
0.0
0.0
0.0
0.0
0.0
0.0
0.0
0.0
0.0
0.0
0.0
0.0
0.0
0.0
0.0
0.0
0.0
0.0
0.0
0.0
0.0
0.0
0.0
0.0
0.0
0.0
0.0
0.0
0.0
0.0
0.0
0.0
0.0
0.0
0.0
0.0
0.0
0.0
0.0
0.0
0.0
0.0
0.0
0.0
0.0
0.0
0.0
0.0
0.0
0.0
0.0
0.0
0.0
0.0
0.0
0.0
0.0
0.0
0.0
0.0
0.0
0.0
0.0
0.0
0.0
0.0
0.0
0.0
0.0
0.0
0.0
0.0
0.0
0.0
0.0
0.0
0.0
0.0
0.0
0.0
0.0
0.0
0.0
0.0
0.0
0.0
0.0
0.0
0.0
0.0
0.0
0.0
0.0
0.0
0.0
0.0
0.0
0.0
0.0
0.0
0.0
0.0
0.0
0.0
0.0
0.0
0.0
0.0
0.0
0.0
0.0
0.0
0.0
0.0
0.0
0.0
0.0
0.0
0.0
0.0
0.0
0.0
0.0
0.0
0.0
0.0
0.0
0.0
0.0
0.0
0.0
0.0
0.0
0.0
0.0
0.0
0.0
0.0
0.0
0.0
0.0
0.0
0.0
0.0
0.0
0.0
0.0
0.0
0.0
0.0
0.0
0.0
0.0
0.0
0.0
0.0
0.0
0.0
0.0
0.0
0.0
0.0
0.0
0.0
0.0
0.0
0.0
0.0
0.0
0.0
0.0
0.0
0.0
0.0
0.0
0.0
0.0
0.0
0.0
0.0
0.0
0.0
0.0
0.0
0.0
0.0
0.0
0.0
0.0
0.0
0.0
0.0
0.0
0.0
0.0
0.0
0.0
0.0
0.0
0.0
0.0
0.0
0.0
0.0
0.0
0.0
0.0
0.0
0.0
0.0
0.0
0.0
0.0
0.0
0.0
0.0
0.0
0.0
0.0
0.0
0.0
0.0
0.0
0.0
0.0
0.0
0.0
0.0
0.0
0.0
0.0
0.0
0.0
0.0
0.0
0.0
0.0
0.0
0.0
0.0
0.0
0.0
0.0
0.0
0.0
0.0
0.0
0.0
0.0
0.0
0.0
0.0
0.0
0.0
0.0
0.0
0.0
0.0
0.0
0.0
0.0
0.0
0.0
0.0
0.0
0.0
0.0
0.0
0.0
0.0
0.0
0.0
0.0
0.0
0.0
0.0
0.0
0.0
0.0
0.0
0.0
0.0
0.0
0.0
0.0
0.0
0.0
0.0
0.0
0.0
0.0
0.0
0.0
0.0
0.0
0.0
0.0
0.0
0.0
0.0
0.0
0.0
0.0
0.0
0.0
0.0
0.0
0.0
0.0
0.0
0.0
0.0
0.0
0.0
0.0
0.0
0.0
0.0
0.0
0.0
0.0
0.0
0.0
0.0
0.0
0.0
0.0
0.0
0.0
0.0
0.0
0.0
0.0
0.0
0.0
0.0
0.0
0.0
0.0
0.0
0.0
0.0
0.0
0.0
0.0
0.0
0.0
0.0
0.0
0.0
0.0
0.0
0.0
0.0
0.0
0.0
0.0
0.0
0.0
0.0
0.0
0.0
0.0
0.0
0.0
0.0
0.0
0.0
0.0
0.0
0.0
0.0
0.0
0.0
0.0
0.0
0.0
0.0
0.0
0.0
0.0
0.0
0.0
0.0
0.0
0.0
0.0
0.0
0.0
0.0
0.0
0.0
0.0
0.0
0.0
0.0
0.0
0.0
0.0
0.0
0.0
0.0
0.0
0.0
0.0
0.0
0.0
0.0
0.0
0.0
0.0
0.0
0.0
0.0
0.0
0.0
0.0
0.0
0.0
0.0
0.0
0.0
0.0
0.0
0.0
0.0
0.0
0.0
0.0
0.0
0.0
0.0
0.0
0.0
0.0
0.0
0.0
0.0
0.0
0.0
0.0
0.0
0.0
0.0
0.0
0.0
0.0
0.0
0.0
0.0
0.0
0.0
0.0
0.0
0.0
0.0
0.0
0.0
0.0
0.0
0.0
0.0
0.0
0.0
0.0
0.0
0.0
0.0
0.0
0.0
0.0
0.0
0.0
0.0
0.0
0.0
0.0
0.0
0.0
0.0
0.0
0.0
0.0
0.0
0.0
0.0
0.0
0.0
0.0
0.0
0.0
0.0
0.0
0.0
0.0
0.0
0.0
0.0
0.0
0.0
0.0
0.0
0.0
0.0
0.0
0.0
0.0
0.0
0.0
0.0
0.0
0.0
0.0
0.0
0.0
0.0
0.0
0.0
0.0
0.0
0.0
0.0
0.0
0.0
0.0
0.0
0.0
0.0
0.0
0.0
0.0
0.0
0.0
0.0
0.0
0.0
0.0
0.0
0.0
0.0
0.0
0.0
0.0
0.0
0.0
0.0
0.0
0.0
0.0
0.0
0.0
0.0
0.0
0.0
0.0
0.0
0.0
0.0
0.0
0.0
0.0
0.0
0.0
0.0
0.0
0.0
0.0
0.0
0.0
0.0
0.0
0.0
0.0
0.0
0.0
0.0
0.0
0.0
0.0
0.0
0.0
0.0
0.0
0.0
0.0
0.0
0.0
0.0
0.0
0.0
0.0
0.0
0.0
0.0
0.0
0.0
0.0
0.0
0.0
0.0
0.0
0.0
0.0
0.0
0.0
0.0
0.0
0.0
0.0
0.0
0.0
0.0
0.0
0.0
0.0
0.0
0.0
0.0
0.0
0.0
0.0
0.0
0.0
0.0
0.0
0.0
0.0
0.0
0.0
0.0
0.0
0.0
0.0
0.0
0.0
0.0
0.0
0.0
0.0
0.0
0.0
0.0
0.0
0.0
0.0
0.0
0.0
0.0
0.0
0.0
0.0
0.0
0.0
0.0
0.0
0.0
0.0
0.0
0.0
0.0
0.0
0.0
0.0
0.0
0.0
0.0
0.0
0.0
0.0
0.0
0.0
0.0
0.0
0.0
0.0
0.0
0.0
0.0
0.0
0.0
0.0
0.0
0.0
0.0
0.0
0.0
0.0
0.0
0.0
0.0
0.0
0.0
0.0
0.0
0.0
0.0
0.0
0.0
0.0
0.0
0.0
0.0
0.0
0.0
0.0
0.0
0.0
0.0
0.0
0.0
0.0
0.0
0.0
0.0
0.0
0.0
0.0
0.0
0.0
0.0
0.0
0.0
0.0
0.0
0.0
0.0
0.0
0.0
0.0
0.0
0.0
0.0
0.0
0.0
0.0
0.0
0.0
0.0
0.0
0.0
0.0
0.0
0.0
0.0
0.0
0.0
0.0
0.0
0.0
0.0
0.0
0.0
0.0
0.0
0.0
0.0
0.0
0.0
0.0
0.0
0.0
0.0
0.0
0.0
0.0
0.0
0.0
0.0
0.0
0.0
0.0
0.0
0.0
0.0
0.0
0.0
0.0
0.0
0.0
0.0
0.0
0.0
0.0
0.0
0.0
0.0
0.0
0.0
0.0
0.0
0.0
0.0
0.0
0.0
0.0
0.0
0.0
0.0
0.0
0.0
0.0
0.0
0.0
0.0
0.0
0.0
0.0
0.0
0.0
0.0
0.0
0.0
0.0
0.0
0.0
0.0
0.0
0.0
0.0
0.0
0.0
0.0
0.0
0.0
0.0
0.0
0.0
0.0
0.0
0.0
0.0
0.0
0.0
0.0
0.0
0.0
0.0
0.0
0.0
0.0
0.0
0.0
0.0
0.0
0.0
0.0
0.0
0.0
0.0
0.0
0.0
0.0
0.0
0.0
0.0
0.0
0.0
0.0
0.0
0.0
0.0
0.0
0.0
0.0
0.0
0.0
0.0
0.0
0.0
0.0
0.0
0.0
0.0
0.0
0.0
0.0
0.0
0.0
0.0
0.0
0.0
0.0
0.0
0.0
0.0
0.0
0.0
0.0
0.0
0.0
0.0
0.0
0.0
0.0
0.0
0.0
0.0
0.0
0.0
0.0
0.0
0.0
0.0
0.0
0.0
0.0
0.0
0.0
0.0
0.0
0.0
0.0
0.0
0.0
0.0
0.0
0.0
0.0
0.0
0.0
0.0
0.0
0.0
0.0
0.0
0.0
0.0
0.0
0.0
0.0
0.0
0.0
0.0
0.0
0.0
0.0
0.0
0.0
0.0
0.0
0.0
0.0
0.0
0.0
0.0
0.0
0.0
0.0
0.0
0.0
0.0
0.0
0.0
0.0
0.0
0.0
0.0
0.0
0.0
0.0
0.0
0.0
0.0
0.0
0.0
0.0
0.0
0.0
0.0
0.0
0.0
0.0
0.0
0.0
0.0
0.0
0.0
0.0
0.0
0.0
0.0
0.0
0.0
0.0
0.0
0.0
0.0
0.0
0.0
0.0
0.0
0.0
0.0
0.0
0.0
0.0
0.0
0.0
0.0
0.0
0.0
0.0
0.0
0.0
0.0
0.0
0.0
0.0
0.0
0.0
0.0
0.0
0.0
0.0
0.0
0.0
0.0
0.0
0.0
0.0
0.0
0.0
0.0
0.0
0.0
0.0
0.0
0.0
0.0
0.0
0.0
0.0
0.0
0.0
0.0
0.0
0.0
0.0
0.0
0.0
0.0
0.0
0.0
0.0
0.0
0.0
0.0
0.0
0.0
0.0
0.0
0.0
0.0
0.0
0.0
0.0
0.0
0.0
0.0
0.0
0.0
0.0
0.0
0.0
0.0
0.0
0.0
0.0
0.0
0.0
0.0
0.0
0.0
0.0
0.0
0.0
0.0
0.0
0.0
0.0
0.0
0.0
0.0
0.0
0.0
0.0
0.0
0.0
0.0
0.0
0.0
0.0
0.0
0.0
0.0
0.0
0.0
0.0
0.0
0.0
0.0
0.0
0.0
0.0
0.0
0.0
0.0
0.0
0.0
0.0
0.0
0.0
0.0
0.0
0.0
0.0
0.0
0.0
0.0
0.0
0.0
0.0
0.0
0.0
0.0
0.0
0.0
0.0
0.0
0.0
0.0
0.0
0.0
0.0
0.0
0.0
0.0
0.0
0.0
0.0
0.0
0.0
0.0
0.0
0.0
0.0
0.0
0.0
0.0
0.0
0.0
0.0
0.0
0.0
0.0
0.0
0.0
0.0
0.0
0.0
0.0
0.0
0.0
0.0
0.0
0.0
0.0
0.0
0.0
0.0
0.0
0.0
0.0
0.0
0.0
0.0
0.0
0.0
0.0
0.0
0.0
0.0
0.0
0.0
0.0
0.0
0.0
0.0
0.0
0.0
0.0
0.0
0.0
0.0
0.0
0.0
0.0
0.0
0.0
0.0
0.0
0.0
0.0
0.0
0.0
0.0
0.0
0.0
0.0
0.0
0.0
0.0
0.0
0.0
0.0
0.0
0.0
0.0
0.0
0.0
0.0
0.0
0.0
0.0
0.0
0.0
0.0
0.0
0.0
0.0
0.0
0.0
0.0
0.0
0.0
0.0
0.0
0.0
0.0
0.0
0.0
0.0
0.0
0.0
0.0
0.0
0.0
0.0
0.0
0.0
0.0
0.0
0.0
0.0
0.0
0.0
0.0
0.0
0.0
0.0
0.0
0.0
0.0
0.0
0.0
0.0
0.0
0.0
0.0
0.0
0.0
0.0
0.0
0.0
0.0
0.0
0.0
0.0
0.0
0.0
0.0
0.0
0.0
0.0
0.0
0.0
0.0
0.0
0.0
0.0
0.0
0.0
0.0
0.0
0.0
0.0
0.0
0.0
0.0
0.0
0.0
0.0
0.0
0.0
0.0
0.0
0.0
0.0
0.0
0.0
0.0
0.0
0.0
0.0
0.0
0.0
0.0
0.0
0.0
0.0
0.0
0.0
0.0
0.0
0.0
0.0
0.0
0.0
0.0
0.0
0.0
0.0
0.0
0.0
0.0
0.0
0.0
0.0
0.0
0.0
0.0
0.0
0.0
0.0
0.0
0.0
0.0
0.0
0.0
0.0
0.0
0.0
0.0
0.0
0.0
0.0
0.0
0.0
0.0
0.0
0.0
0.0
0.0
0.0
0.0
0.0
0.0
0.0
0.0
0.0
0.0
0.0
0.0
0.0
0.0
0.0
0.0
0.0
0.0
0.0
0.0
0.0
0.0
0.0
0.0
0.0
0.0
0.0
0.0
0.0
0.0
0.0
0.0
0.0
0.0
0.0
0.0
0.0
0.0
0.0
0.0
0.0
0.0
0.0
0.0
0.0
0.0
0.0
0.0
0.0
0.0
0.0
0.0
0.0
0.0
0.0
0.0
0.0
0.0
0.0
0.0
0.0
0.0
0.0
0.0
0.0
0.0
0.0
0.0
0.0
0.0
0.0
0.0
0.0
0.0
0.0
0.0
0.0
0.0
0.0
0.0
0.0
0.0
0.0
0.0
0.0
0.0
0.0
0.0
0.0
0.0
0.0
0.0
0.0
0.0
0.0
0.0
0.0
0.0
0.0
0.0
0.0
0.0
0.0
0.0
0.0
0.0
0.0
0.0
0.0
0.0
0.0
0.0
0.0
0.0
0.0
0.0
0.0
0.0
0.0
0.0
0.0
0.0
0.0
0.0
0.0
0.0
0.0
0.0
0.0
0.0
0.0
0.0
0.0
0.0
0.0
0.0
0.0
0.0
0.0
0.0
0.0
0.0
0.0
0.0
0.0
0.0
0.0
0.0
0.0
0.0
0.0
0.0
0.0
0.0
0.0
0.0
0.0
0.0
0.0
0.0
0.0
0.0
0.0
0.0
0.0
0.0
0.0
0.0
0.0
0.0
0.0
0.0
0.0
0.0
0.0
0.0
0.0
0.0
0.0
0.0
0.0
0.0
0.0
0.0
0.0
0.0
0.0
0.0
0.0
0.0
0.0
0.0
0.0
0.0
0.0
0.0
0.0
0.0
0.0
0.0
0.0
0.0
0.0
0.0
0.0
0.0
0.0
0.0
0.0
0.0
0.0
0.0
0.0
0.0
0.0
0.0
0.0
0.0
0.0
0.0
0.0
0.0
0.0
0.0
0.0
0.0
0.0
0.0
0.0
0.0
0.0
0.0
0.0
0.0
0.0
0.0
0.0
0.0
0.0
0.0
0.0
0.0
0.0
0.0
0.0
0.0
0.0
0.0
0.0
0.0
0.0
0.0
0.0
0.0
0.0
0.0
0.0
0.0
0.0
0.0
0.0
0.0
0.0
0.0
0.0
0.0
0.0
0.0
0.0
0.0
0.0
0.0
0.0
0.0
0.0
0.0
0.0
0.0
0.0
0.0
0.0
0.0
0.0
0.0
0.0
0.0
0.0
0.0
0.0
0.0
0.0
0.0
0.0
0.0
0.0
0.0
0.0
0.0
0.0
0.0
0.0
0.0
0.0
0.0
0.0
0.0
0.0
0.0
0.0
0.0
0.0
0.0
0.0
0.0
0.0
0.0
0.0
0.0
0.0
0.0
0.0
0.0
0.0
0.0
0.0
0.0
0.0
0.0
0.0
0.0
0.0
0.0
0.0
0.0
0.0
0.0
0.0
0.0
0.0
0.0
0.0
0.0
0.0
0.0
0.0
0.0
0.0
0.0
0.0
0.0
0.0
0.0
0.0
0.0
0.0
0.0
0.0
0.0
0.0
0.0
0.0
0.0
0.0
0.0
0.0
0.0
0.0
0.0
0.0
0.0
0.0
0.0
0.0
0.0
0.0
0.0
0.0
0.0
0.0
0.0
0.0
0.0
0.0
0.0
0.0
0.0
0.0
0.0
0.0
0.0
0.0
0.0
0.0
0.0
0.0
0.0
0.0
0.0
0.0
0.0
0.0
0.0
0.0
0.0
0.0
0.0
0.0
0.0
0.0
0.0
0.0
0.0
0.0
0.0
0.0
0.0
0.0
0.0
0.0
0.0
0.0
0.0
0.0
0.0
0.0
0.0
0.0
0.0
0.0
0.0
0.0
0.0
0.0
0.0
0.0
0.0
0.0
0.0
0.0
0.0
0.0
0.0
0.0
0.0
0.0
0.0
0.0
0.0
0.0
0.0
0.0
0.0
0.0
0.0
0.0
0.0
0.0
0.0
0.0
0.0
0.0
0.0
0.0
0.0
0.0
0.0
0.0
0.0
0.0
0.0
0.0
0.0
0.0
0.0
0.0
0.0
0.0
0.0
0.0
0.0
0.0
0.0
0.0
0.0
0.0
0.0
0.0
0.0
0.0
0.0
0.0
0.0
0.0
0.0
0.0
0.0
0.0
0.0
0.0
0.0
0.0
0.0
0.0
0.0
0.0
0.0
0.0
0.0
0.0
0.0
0.0
0.0
0.0
0.0
0.0
0.0
0.0
0.0
0.0
0.0
0.0
0.0
0.0
0.0
0.0
0.0
0.0
0.0
0.0
0.0
0.0
0.0
0.0
0.0
0.0
0.0
0.0
0.0
0.0
0.0
0.0
0.0
0.0
0.0
0.0
0.0
0.0
0.0
0.0
0.0
0.0
0.0
0.0
0.0
0.0
0.0
0.0
0.0
0.0
0.0
0.0
0.0
0.0
0.0
0.0
0.0
0.0
0.0
0.0
0.0
0.0
0.0
0.0
0.0
0.0
0.0
0.0
0.0
0.0
0.0
0.0
0.0
0.0
0.0
0.0
0.0
0.0
0.0
0.0
0.0
0.0
0.0
0.0
0.0
0.0
0.0
0.0
0.0
0.0
0.0
0.0
0.0
0.0
0.0
0.0
0.0
0.0
0.0
0.0
0.0
0.0
0.0
0.0
0.0
0.0
0.0
0.0
0.0
0.0
0.0
0.0
0.0
0.0
0.0
0.0
0.0
0.0
0.0
0.0
0.0
0.0
0.0
0.0
0.0
0.0
0.0
0.0
0.0
0.0
0.0
0.0
0.0
0.0
0.0
0.0
0.0
0.0
0.0
0.0
0.0
0.0
0.0
0.0
0.0
0.0
0.0
0.0
0.0
0.0
0.0
0.0
0.0
0.0
0.0
0.0
0.0
0.0
0.0
0.0
0.0
0.0
0.0
0.0
0.0
0.0
0.0
0.0
0.0
0.0
0.0
0.0
0.0
0.0
0.0
0.0
0.0
0.0
0.0
0.0
0.0
0.0
0.0
0.0
0.0
0.0
0.0
0.0
0.0
0.0
0.0
0.0
0.0
0.0
0.0
0.0
0.0
0.0
0.0
0.0
0.0
0.0
0.0
0.0
0.0
0.0
0.0
0.0
0.0
0.0
0.0
0.0
0.0
0.0
0.0
0.0
0.0
0.0
0.0
0.0
0.0
0.0
0.0
0.0
0.0
0.0
0.0
0.0
0.0
0.0
0.0
0.0
0.0
0.0
0.0
0.0
0.0
0.0
0.0
0.0
0.0
0.0
0.0
0.0
0.0
0.0
0.0
0.0
0.0
0.0
0.0
0.0
0.0
0.0
0.0
0.0
0.0
0.0
0.0
0.0
0.0
0.0
0.0
0.0
0.0
0.0
0.0
0.0
0.0
0.0
0.0
0.0
0.0
0.0
0.0
0.0
0.0
0.0
0.0
0.0
0.0
0.0
0.0
0.0
0.0
0.0
0.0
0.0
0.0
0.0
0.0
0.0
0.0
0.0
0.0
0.0
0.0
0.0
0.0
0.0
0.0
0.0
0.0
0.0
0.0
0.0
0.0
0.0
0.0
0.0
0.0
0.0
0.0
0.0
0.0
0.0
0.0
0.0
0.0
0.0
0.0
0.0
0.0
0.0
0.0
0.0
0.0
0.0
0.0
0.0
0.0
0.0
0.0
0.0
0.0
0.0
0.0
0.0
0.0
0.0
0.0
0.0
0.0
0.0
0.0
0.0
0.0
0.0
0.0
0.0
0.0
0.0
0.0
0.0
0.0
0.0
0.0
0.0
0.0
0.0
0.0
0.0
0.0
0.0
0.0
0.0
0.0
0.0
0.0
0.0
0.0
0.0
0.0
0.0
0.0
0.0
0.0
0.0
0.0
0.0
0.0
0.0
0.0
0.0
0.0
0.0
0.0
0.0
0.0
0.0
0.0
0.0
0.0
0.0
0.0
0.0
0.0
0.0
0.0
0.0
0.0
0.0
0.0
0.0
0.0
0.0
0.0
0.0
0.0
0.0
0.0
0.0
0.0
0.0
0.0
0.0
0.0
0.0
0.0
0.0
0.0
0.0
0.0
0.0
0.0
0.0
0.0
0.0
0.0
0.0
0.0
0.0
0.0
0.0
0.0
0.0
0.0
0.0
0.0
0.0
0.0
0.0
0.0
0.0
0.0
0.0
0.0
0.0
0.0
0.0
0.0
0.0
0.0
