0.04106832637891952
0.041068601270225345
0.041068810230534256
0.04106897865984894
0.041069119533035624
0.04106923983033485
0.04106934385110365
0.041069434474208945
0.04106951374497685
0.04106958319001462
0.04106964398756561
0.04106969706685287
0.04106974318114656
0.04106978295309377
0.0410698168990118
0.04106984545938493
0.04106986899044285
0.04106988791621733
0.041069902530600305
0.04106991282552816
0.041069919055044334
0.04106992159612331
0.04106992061656716
0.041069916267762664
0.04106990868740595
0.04106989800083279
0.041069884322791
0.041069867758381555
0.041069848404317454
0.04106982634899255
0.04106980167487314
0.04106977445794464
0.04106974476883331
0.041069712700935325
0.04106967832402637
0.041069641680140635
0.041069602820696535
0.04106956179345338
0.041069518642298755
0.04106947341040514
0.04106942613679862
0.04106937685845696
0.04106932561143515
0.041069272429214425
0.04106921734286637
0.04106916038215254
0.04106910157504535
0.041069040947893154
0.04106897852705353
0.04106891433645436
0.04106884840064966
0.04106878075326458
0.04106871144800068
0.04106864046688758
0.04106856777931232
0.04106849343789275
0.04106841747312158
0.04106833989611386
0.041068260725152364
0.04106817997523896
0.04106809765782037
0.041068013784968216
0.04106792837023643
0.04106784142617877
0.041067752963030536
0.041067662991528045
0.041067571521792814
0.04106747856336745
0.041067384125983174
0.041067288218335725
0.04106719084961093
0.04106709207779621
0.04106699186969218
0.04106689022755424
0.04106678715945994
0.04106668267426934
0.04106657677012333
0.041066469456532965
0.041066360743914426
0.04106625063538354
0.04106613913966248
0.04106602625762057
0.041065911991297104
0.04106579634601699
0.04106567932636888
0.04106556093413477
0.04106544117576598
0.04106532005354461
0.041065197567497
0.04106507372898547
0.04106494852799231
0.041064821983129725
0.04106469414437986
0.04106456495233262
0.041064434422709954
0.04106430255615937
0.04106416935313948
0.04106403480460156
0.04106389932119466
0.04106376267604992
0.041063624701584214
0.04106348539842761
0.041063344761010874
0.04106320279344307
0.04106305950313253
0.04106291488752547
0.041062768946599555
0.04106262173474738
0.04106247343631518
0.04106232381361686
0.04106217286768505
0.04106202059752222
0.041061867003509896
0.04106171208565913
0.041061555882722416
0.04106139836913273
0.04106123953248943
0.041061079372355536
0.04106091788813745
0.04106075507890969
0.04106059094423113
0.04106042548342049
0.0410602586961817
0.041060090582437
0.04105992114265974
0.04105975036780725
0.041059578255286645
0.04105940480989991
0.04105923003123386
0.04105905391946383
0.04105887647407503
0.04105869768786074
0.04105851755127239
0.041058336073861
0.04105815325698385
0.04105796910442961
0.04105778358304066
0.04105759671353623
0.04105740853009536
0.041057219022211724
0.04105702813880526
0.0410568359009018
0.04105664231845853
0.04105644736242556
0.04105625103769039
0.04105605335672266
0.041055854304661105
0.041055653874046825
0.041055452083280215
0.04105524890728382
0.04105504558036515
0.04105484327533715
0.041054639595211634
0.041054434530461835
0.0410542280969728
0.041054020278367236
0.04105381107480091
0.041053600492681086
0.041053388506000814
0.04105317514707347
0.041052960360849815
0.041052744191326825
0.04105252662122489
0.041052307636416444
0.04105208728041731
0.041051865516080116
0.04105164235851774
0.041051417761236005
0.04105119176357829
0.04105096432108329
0.041050735468173866
0.04105050516773111
0.04105027344448996
0.04105004027248319
0.04104980566431414
0.041049569606830996
0.04104933210054662
0.041049093143338794
0.04104885272437991
0.04104861085511114
0.04104836751370279
0.041048122692092674
0.0410478764112964
0.04104762863897232
0.04104737940159148
0.04104712866925712
0.041046876453574736
0.04104662275614309
0.04104636752841641
0.04104611082937565
0.04104585260980025
0.041045592880779844
0.0410453316614231
0.04104506891590474
0.04104480468671098
0.04104453894900621
0.04104427163120674
0.04104400281141164
0.041043732455233246
0.04104346053154944
0.04104318708026408
0.041042912074258135
0.041042635496405355
0.04104235737140801
0.04104207768359581
0.04104179640613716
0.0410415135611404
0.04104122915628127
0.04104094314001373
0.041040655524014966
0.04104036634324037
0.04104007555075059
0.04103978091955774
0.04103948326914597
0.041039183998133257
0.04103888307783637
0.04103858051334411
0.04103827633260297
0.041037970506093494
0.04103766299349303
0.041037353841645245
0.041037043045011164
0.041036730586935764
0.041036416405007874
0.04103610057366104
0.04103578311429487
0.0410354639800871
0.041035143103565416
0.04103482054700682
0.041034496303917097
0.04103417036173335
0.04103384268125168
0.04103351326696004
0.041033182144006135
0.04103284930377299
0.0410325147348156
0.041032178387407664
0.04103184028938241
0.04103150045650552
0.04103115887567125
0.041030815537845954
0.041030470401400176
0.0410301234730301
0.0410297747822966
0.04102942431544658
0.04102907255879683
0.04102872113749578
0.04102836789438695
0.041028012842099566
0.04102765600238125
0.04102729735633961
0.04102693689527564
0.04102657460475213
0.041026210454653836
0.0410258444532324
0.04102547662959505
0.04102510696350018
0.04102473544550363
0.04102436206846189
0.0410239868237427
0.04102360965522684
0.04102323065321524
0.04102284977868313
0.04102246701747849
0.04102208236075826
0.04102169580166379
0.04102130459859318
0.04102090931966239
0.04102051203818079
0.041020112829405965
0.04101971183914612
0.0410193088946725
0.04101890335872786
0.04101849376269068
0.04101808521283509
0.041017674678332144
0.04101726215304442
0.0410168475880679
0.041016431004357916
0.04101601242709974
0.041015591837089416
0.0410151692238758
0.041014744579195635
0.04101431789465469
0.04101388916186175
0.04101345837522785
0.041013025528038614
0.041012590613072684
0.04101215361538767
0.04101171450841218
0.04101127329275008
0.041010830001120914
0.04101038461085808
0.04100993711208724
0.04100948749642574
0.04100903575594055
0.041008581883574
0.04100812587159353
0.04100766771194017
0.04100720739714391
0.04100674491992155
0.041006280279999974
0.0410058134931595
0.04100534452171761
0.04100487335807472
0.041004399994884116
0.04100392442517641
0.04100344664060085
0.041002966581877874
0.04100248431005455
0.04100199981110429
0.041001513070465005
0.0410010240788479
0.041000532827733874
0.04100003930901432
0.04099954351525385
0.04099904543764323
0.04099854506817407
0.04099804239893723
0.04099753742185742
0.040997030128981066
0.04099652051228916
0.040996008563753385
0.0409954942760664
0.040994977640847384
0.04099445864961618
0.040993937294221884
0.04099341356656727
0.040992887458513094
0.04099235896182748
0.040991828068381045
0.04099129477047317
0.04099075905984387
0.040990220927731955
0.04098968036576576
0.04098913736572135
0.04098859191912562
0.04098804401783256
0.040987492804690225
0.04098693877648771
0.04098638224758943
0.040985823078886624
0.04098526140902562
0.04098469722946628
0.040984130531789766
0.040983561327977994
0.04098298959911539
0.04098241532796666
0.040981838505626166
0.04098125912610618
0.04098067721422361
0.04098009273044323
0.04097950567835999
0.04097891602832502
0.040978323729935005
0.04097772881330767
0.040977131273237835
0.04097653110084912
0.04097592828734048
0.04097532282367001
0.040974714701103566
0.04097410391169876
0.040973490445609516
0.04097287429382464
0.040972255447420926
0.04097163432387631
0.040971010772596975
0.04097038450265708
0.04096975630853633
0.040969125929811626
0.04096849281116161
0.04096785694503823
0.040967218325669325
0.04096657695539451
0.040965932821862984
0.040965285858400265
0.04096463605749661
0.040963983447941665
0.040963328020425044
0.04096266976580322
0.04096200867525279
0.04096134474022382
0.040960677950750375
0.04096000829788668
0.04095933577309653
0.040958660368270956
0.0409579820764611
0.040957300895105776
0.04095661683933547
0.04095593354452618
0.04095525135405726
0.04095456624605603
0.04095387821134517
0.040953187241606966
0.04095249332648444
0.04095179645707959
0.040951096624567467
0.04095039382069861
0.04094968803889484
0.04094897927554526
0.04094826753830553
0.04094755283977373
0.04094683496541801
0.04094611405571345
0.04094539010214145
0.04094466309476368
0.040943933024254475
0.04094319988181533
0.04094246366791542
0.0409417243939115
0.04094098203380838
0.0409402366148366
0.04093948803753187
0.040938736225649225
0.04093798126123866
0.04093722314287245
0.04093646186050698
0.04093569740542127
0.04093492748740132
0.040934149461218615
0.040933368233267715
0.04093258385138913
0.04093179606562059
0.040931004974626414
0.04093021061117488
0.0409294129669955
0.040928612033108276
0.04092780780194108
0.040927000269764695
0.04092618944639795
0.04092537534291221
0.04092455777779439
0.0409237367843122
0.04092291242243556
0.04092208468358122
0.04092125772155606
0.04092042810411117
0.04091959511597542
0.040918758810784696
0.040917918996651266
0.04091707563862563
0.04091622884113594
0.040915378595467254
0.04091452489417151
0.040913667733450204
0.04091280711958878
0.040911943079440856
0.040911075471932914
0.04091020261052961
0.04090931647945137
0.04090842677656615
0.04090753349532808
0.04090663678826937
0.04090573716626656
0.04090483645478279
0.04090393198617799
0.04090302381802002
0.040902112007858274
0.04090119655005966
0.04090027744048146
0.04089935469457045
0.04089842830889042
0.04089749814566681
0.04089656413110995
0.04089562639354431
0.040894684926270644
0.040893739727722804
0.04089279081482566
0.040891838198770694
0.040890881688762856
0.040889921252178885
0.04088895701227465
0.04088798896234581
0.04088701710205356
0.0408860414602616
0.04088506210579666
0.04088407854199982
0.04088309110055187
0.040882099774597454
0.04088110456023299
0.04088010546296061
0.040879102565772166
0.04087809573521731
0.040877084575320716
0.04087606932323261
0.04087505013332279
0.04087402697954869
0.04087299988441581
0.0408719689323197
0.0408709336050961
0.040869894227943224
0.04086885081056075
0.040867802603185864
0.04086674925463155
0.04086569202542305
0.04086463032726058
0.04086356446501969
0.04086249448313656
0.04086142038033214
0.04086034217153133
0.040859260010241226
0.040858173481521605
0.04085708361609566
0.0408559895591045
0.040854891311205364
0.040853788892127534
0.04085268241470044
0.04085157139215358
0.04085045600100952
0.040849336344404664
0.040848212934736956
0.04084708692519701
0.04084595671676251
0.04084482194728551
0.04084368272912123
0.040842539180460255
0.040841391306749616
0.04084023917565635
0.04083908263505486
0.04083792149635775
0.04083675586348179
0.0408355858281619
0.04083441829452672
0.04083325168454219
0.04083208045000359
0.0408309045703841
0.04082972425332492
0.04082853950089952
0.04082735037011297
0.04082615677791998
0.0408249584906231
0.04082375555359265
0.040822548110274984
0.04082133618218478
0.0408201198468906
0.04081889880528292
0.04081767292213292
0.04081644246172645
0.04081520743475881
0.04081396798870933
0.04081272303688723
0.04081146311703385
0.04081019851405317
0.04080892923528349
0.0408076553339389
0.04080637675691079
0.0408050932414338
0.04080380477391048
0.040802511556565633
0.04080121362447781
0.040799910995712674
0.04079860980517671
0.04079730426011284
0.040795993917082336
0.04079467880115344
0.04079335896403509
0.04079203421780697
0.040790704229453835
0.040789369374441935
0.04078802668390609
0.040786678579549394
0.04078532553792347
0.04078396550557234
0.040782589278349574
0.040781208083476586
0.040779821983811235
0.04077843393915039
0.040777042040113565
0.04077564509589001
0.040774243131160764
0.040772836205207455
0.04077142421494541
0.0407700066410893
0.04076858399420328
0.04076715626068795
0.04076572350227498
0.040764285570798704
0.04076284198174002
0.040761393210436335
0.04075993900227028
0.040758479652642975
0.04075701494125042
0.04075554456666145
0.04075406894183481
0.040752588112423174
0.040751102250098564
0.040749610630909164
0.04074811346215895
0.04074661097782596
0.040745103233300065
0.0407435905070992
0.040742071568182804
0.04074054723582497
0.04073901752489457
0.04073748251046395
0.04073594206256093
0.040734394568669584
0.040732841606411704
0.04073128320070915
0.04072971951150594
0.04072815016479356
0.040726574821907884
0.040724993934050005
0.04072340756393494
0.040721816089517256
0.040720218163785744
0.040718614568746606
0.04071700538947599
0.04071539318710129
0.04071377596972527
0.040712152457176
0.040710523212230336
0.040708888343630206
0.040707248127170394
0.04070560172425854
0.04070396533332189
0.04070232354680306
0.040700676165111804
0.04069902333108486
0.04069736409192563
0.04069569897206463
0.040694028139851325
0.04069235181516051
0.04069066939139288
0.04068898077064049
0.04068728627762034
0.04068558605528007
0.04068388024316637
0.04068215566265849
0.04068042305445417
0.04067868455737329
0.04067694046665762
0.04067518995071822
0.04067343307871769
0.04067167071346959
0.04066991132442973
0.04066814609880364
0.04066637428608295
0.04066459621927625
0.04066281174298842
0.04066101730511731
0.04065921611575815
0.04065740854379901
0.040655594879319405
0.04065377527577325
0.04065194946655412
0.04065010057052288
0.040648244744301607
0.04064638276846736
0.040644522412198694
0.040642653569521174
0.040640777999936976
0.04063889606221463
0.04063700826377382
0.04063511354762427
0.04063321199479962
0.04063130410976055
0.04062939005050512
0.04062746955133918
0.040625542138996815
0.04062360805875778
0.04062166765096118
0.040619720992549145
0.04061776735907459
0.04061580681891284
0.0406138398423028
0.04061186798616989
0.04060988973039632
0.04060790436474678
0.04060591247603831
0.04060391448818582
0.04060190945394568
0.04059989660907623
0.04059787423943489
0.04059584540940979
0.04059380990694368
0.04059176719802747
0.04058971745359455
0.040587661113184056
0.040585598201363635
0.04058352808013887
0.04058145068360311
0.040579369099340123
0.04057728221039652
0.04057518811715077
0.04057308654896463
0.04057099539201494
0.04056890125671568
0.04056679997835028
0.040564691100269196
0.04056257541608702
0.040560453284574555
0.04055832400621891
0.04055618694204297
0.04055404298908824
0.04055189234783867
0.04054971702010524
0.04054753395110729
0.04054534372299629
0.040543146645978405
0.040540946587856355
0.04053874653884583
0.04053653902163394
0.04053432213256982
0.04053209477798192
0.04052985979284388
0.04052761710484602
0.04052536737576207
0.04052311062399579
0.04052084571639691
0.04051857286769903
0.04051628354820915
0.04051397551536187
0.040511659786108274
0.040509341699405496
0.04050702105628167
0.04050469018580754
0.040502351911777895
0.04050000536483445
0.04049765147401551
0.040495290390948735
0.04049292160483659
0.040490544392436864
0.04048816045933984
0.04048577089054914
0.04048337359954794
0.04048096775014274
0.0404785544061839
0.040476133750024665
0.04047370533650908
0.04047126823093904
0.04046882355596126
0.04046637149682403
0.04046391163414487
0.04046144259107644
0.04045896210449021
0.040456474146804595
0.04045397831763341
0.04045147354909722
0.040448961035011805
0.04044644097335933
0.04044391296645273
0.040441379230129554
0.0404388394909285
0.04043631673105645
0.040433786054105615
0.04043124636170275
0.040428698885708034
0.040426143790114326
0.04042358064572385
0.040421008417508945
0.04041841906478164
0.040415809954940554
0.040413192591732774
0.040410570192133205
0.040407949811573925
0.040405315872989095
0.040402671934655285
0.04040001854993729
0.040397357145300995
0.04039468785909995
0.040392009949522266
0.04038932284468393
0.04038662766584658
0.040383924555829405
0.04038120385407162
0.04037845790459658
0.04037570376741739
0.040372948783875116
0.04037019151040741
0.0403674193406147
0.04036464031608344
0.04036185579532687
0.040359060699601185
0.040356257115016274
0.04035344532098285
0.04035062561464678
0.0403477953201179
0.040344956470270386
0.04034210932011055
0.040339254061016
0.04033638821503482
0.040333513745963945
0.0403306308938693
0.04032773979801595
0.0403248381725471
0.04032192665459101
0.04031900297872094
0.0403160706306525
0.0403131277879581
0.04031017618760198
0.040307216076824214
0.040304258557549995
0.04030131408393488
0.04029836091036496
0.04029539933440752
0.04029242823350935
0.04028944712789726
0.04028644778712759
0.04028342398252541
0.04028039538866254
0.04027735979676221
0.04027431541193709
0.04027126287412799
0.040268198776815964
0.04026512557010056
0.04026204349953043
0.04025895292924907
0.04025585091973608
0.040252739737580985
0.04024961964575438
0.04024648276155967
0.04024331363235846
0.040240137601948604
0.04023696106515268
0.04023378598264667
0.0402305907987801
0.04022738681741694
0.04022417437750761
0.040220951507585846
0.04021771807311444
0.04021447532642543
0.04021122429339387
0.040207960796534895
0.04020468768608994
0.04020140520820993
0.04019811398124377
0.04019481046943002
0.04019149727947768
0.0401881747068875
0.0401848427876431
0.04018149481924224
0.040178135458054445
0.04017476676247276
0.040171395715624995
0.040168037961111465
0.04016467650839498
0.040161306166378724
0.040157924269519155
0.040154515473255596
0.04015108372466495
0.04014765338377743
0.04014420998675372
0.04014075655339249
0.040137293367437044
0.04013382084821343
0.040130335575501476
0.040126840208337004
0.0401233351612453
0.04011982129731804
0.040116297353626686
0.04011275911025763
0.04010918291164611
0.040105594887875205
0.04010200099420626
0.0400984156721867
0.04009480874867017
0.040091187470401565
0.04008755661292322
0.040083915563040244
0.040080264858690144
0.04007660070127525
0.040072925992922025
0.04006924121159395
0.040065545701743185
0.04006183729266498
0.04005811829035803
0.0400543890459599
0.04005064680547604
0.04004689268737176
0.04004312375039317
0.040039349787733554
0.04003559280421582
0.04003182499430443
0.040028047728481744
0.04002424260898473
0.04002042524891307
0.040016596957146176
0.04001275847589322
0.04000890848912861
0.040005045426544726
0.04000117140611757
0.03999729219222721
0.03999339797877466
0.03998949251660798
0.039985576152555546
0.03998164982496416
0.03997768840983614
0.03997369916962297
0.03996969905150759
0.03996570557487765
0.039961703824697076
0.039957679380383575
0.03995364476926487
0.03994959771775889
0.039945537725443535
0.03994146564890287
0.03993738319270616
0.03993328527978486
0.03992917556408233
0.03992505456321418
0.03992092245176609
0.03991677549637159
0.03991261672341181
0.039908449430119904
0.03990429757566951
0.03990012463797057
0.039895943670601265
0.039891743140296074
0.039887527840346965
0.039883300410363205
0.03987906456440313
0.03987481884655488
0.03987055766501857
0.039866284331221115
0.03986199964956274
0.039857702219949394
0.039853390223630165
0.03984906607821564
0.03984470697351867
0.03984031494298309
0.03983591027025332
0.03983151405449644
0.039827112298503324
0.039822680480147934
0.03981823602159141
0.03981378076916449
0.03980931283054501
0.03980482966571846
0.039800333880200565
0.0397958278360557
0.039791304298471955
0.03978676774784241
0.03978221480278652
0.039777646874692964
0.03977310340541225
0.03976856276388426
0.03976397459098205
0.03975937704253636
0.03975477146004067
0.039750152930821854
0.039745523951207236
0.03974087694694984
0.039736216596048445
0.039731543455347136
0.03972685856064585
0.03972215632326189
0.03971743950909055
0.039712682395342785
0.03970789418234813
0.03970308948527433
0.03969829325888296
0.03969349693407627
0.03968866428630868
0.03968381776515737
0.03967895871747746
0.03967408798140946
0.03966919922458304
0.039664296596055165
0.0396593734939782
0.03965442982271393
0.039649469197209755
0.03964455282454986
0.0396396415663922
0.03963467858771393
0.03962969363263438
0.039624694982887496
0.039619692513016565
0.039614671596987124
0.039609635961867465
0.03960458649893245
0.0395995220278566
0.039594440364148276
0.03958934455104065
0.03958423417711475
0.03957905746570031
0.03957386600876785
0.03956866307148096
0.039563480311561386
0.039558271744287485
0.03955303552281964
0.03954778577779195
0.03954252092556331
0.03953722702763831
0.03953191535118796
0.039526596917796294
0.039521267560802126
0.03951598063063447
0.0395106693965819
0.03950532686483068
0.03949996382746859
0.03949457895465058
0.03948918047850676
0.03948377207350625
0.03947834605258717
0.03947290508709647
0.03946745124339323
0.039461976389096064
0.03945648607347935
0.03945095102187335
0.039445377968531856
0.03943978493145167
0.03943419744279966
0.03942861445266411
0.039422996762781326
0.03941734341750045
0.03941167659124354
0.03940599768274828
0.039400297168022194
0.03939460878869832
0.03938893150512866
0.039383233661229686
0.03937750661212184
0.03937176367517513
0.039366008146632166
0.03936022502660614
0.03935442448808524
0.03934861466750954
0.039342790258203905
0.03933694388531859
0.03933108116185294
0.039325203177140014
0.039319260315855115
0.03931328772416355
0.03930729867476506
0.03930132663975886
0.039295331551620925
0.03928929978617243
0.039283246717275816
0.039277177809400564
0.03927112131753312
0.03926504967759139
0.03925897777091493
0.03925288053580563
0.03924676312056026
0.03924062893858741
0.039234480248500174
0.039228307596132814
0.039222110725287744
0.03921590541857871
0.039209683117379074
0.039203438305912414
0.03919717617291952
0.039190860578902344
0.03918450599658254
0.03917811360364885
0.03917172510361857
0.039165343459232387
0.039158924669902215
0.03915248903561456
0.03914606053914554
0.039139614312850644
0.03913313913451341
0.039126664578569725
0.0391201753815699
0.03911366013184299
0.03910712648253022
0.03910057512653635
0.03909400691436448
0.03908741025770664
0.03908079993989097
0.0390741742524847
0.03906753197794855
0.03906080338063838
0.039054035291614816
0.03904725127000756
0.03904046793291062
0.03903368672322932
0.039026910551251764
0.03902010640970097
0.03901327718456848
0.039006400769583754
0.038999548298771065
0.038992673688542985
0.038985776430508046
0.038978860362211085
0.038971926767288535
0.0389649646529458
0.0389579905526034
0.038950997917020586
0.03894397275125277
0.038936914710298615
0.03892976890889394
0.038922605095215695
0.03891541630849407
0.038908267394307076
0.03890113051866822
0.03889395698943691
0.03888672965650702
0.0388794655160131
0.03887222831491569
0.038864969693354026
0.03885768464711906
0.03885038317494666
0.03884306954873784
0.038835726653816134
0.03882835271237709
0.038820950041030776
0.03881352577955543
0.038806049226310785
0.038798502423272374
0.03879093620705569
0.03878339422597946
0.038775876823098555
0.03876833895799842
0.03876072034909335
0.03875306615275039
0.03874543996860034
0.03873779860393985
0.038730141406246255
0.03872245588514547
0.03871474750316773
0.038706996741554305
0.038699221137160913
0.03869142037264903
0.03868360377506406
0.03867571786635456
0.03866778446066627
0.0386598581407181
0.038651923316941755
0.03864400827419473
0.03863601895487358
0.03862797467542935
0.03861997956325409
0.03861195769437718
0.038603910608290555
0.03859583359417189
0.038587720094992034
0.038579575501022284
0.03857140808028404
0.03856321849499594
0.03855501125896388
0.0385467379302035
0.03853843841266554
0.03853011689874036
0.0385217827202427
0.038513436154532614
0.03850502976009017
0.038496648097627144
0.03848824488683837
0.03847980889750418
0.03847133429260626
0.03846283583263179
0.03845430612593797
0.03844575139608438
0.03843717388510049
0.038428574657531286
0.03841996448050555
0.03841127582765084
0.03840257051360521
0.038393832613959906
0.03838505468428403
0.03837627017215765
0.03836751353757493
0.038358688250904334
0.03834983570816474
0.03834095855269568
0.03833204992420422
0.03832311494713032
0.03831415562199159
0.03830520124359924
0.038296242131589955
0.03828719032245135
0.038278104167779006
0.038268966111411055
0.03825976489832598
0.03825058348561937
0.03824143281295405
0.038232211537810416
0.03822296312459587
0.03821368999250618
0.038204390437396714
0.03819505803965184
0.038185732678715646
0.03817641548279245
0.03816706137196203
0.03815759578820374
0.03814811228546673
0.038138502555809015
0.03812887230142471
0.038119308196074654
0.038109747155930906
0.03810012180022658
0.03809046027014008
0.038080771443591094
0.03807106659596146
0.03806138837691878
0.038051679560598184
0.03804194117774843
0.038032100936242624
0.038022190635267364
0.03801216147877854
0.038002101054800806
0.037992152038175055
0.03798218769002051
0.0379721708472028
0.03796212209773982
0.03795204209138796
0.037941976598056384
0.03793189164627151
0.03792177869073036
0.03791162970633254
0.03790133469048151
0.03789090690386773
0.03788045963276903
0.037870027427572665
0.03785968097583313
0.03784931457485999
0.037838882700594795
0.0378284165622016
0.03781796855788792
0.03780748998174657
0.0377969764991347
0.03778641788843215
0.03777571781066701
0.03776487626852878
0.03775400667593564
0.037743170542530916
0.03773242954825824
0.03772165264626528
0.03771082462152555
0.037700000498877284
0.037689144774155435
0.0376782524628581
0.03766730033333447
0.03765631085571477
0.03764511338255373
0.037633845920256356
0.03762255517346496
0.037611357467271365
0.037600199173803334
0.0375890025411865
0.03757781446718073
0.037566565288607724
0.03755526563267025
0.037543903271984064
0.037532508700414226
0.0375209641519608
0.03750929227248045
0.03749758363211947
0.03748594581491675
0.03747436021038771
0.03746280004062063
0.03745121943633652
0.03743955537369085
0.037427817710740705
0.03741604928444567
0.03740422500300606
0.03739225096770909
0.037380155247575035
0.03736801865012301
0.037355974728191764
0.03734399266962026
0.03733203827760348
0.03732000304447331
0.0373079013405735
0.03729574608497166
0.03728354573481849
0.037271205966295455
0.037258754079191825
0.03724621232599731
0.03723369202919064
0.03722125022403282
0.03720886700212838
0.03719644435653045
0.037183965365075185
0.03717140993696898
0.03715880268146043
0.037146039823464524
0.03713320439267272
0.03712023530270599
0.037107286912903305
0.03709443578531838
0.0370815638717542
0.03706872727563263
0.03705584363444471
0.03704287708990709
0.03702980563514592
0.03701660575755989
0.037003338104664954
0.036989919376079886
0.03697661614401598
0.03696330945649098
0.036949974358284
0.0369366910825758
0.03692336581035341
0.03690996885881658
0.036896368156326284
0.036882710498318184
0.03686896942919334
0.036855154581135995
0.03684142580051374
0.03682765483385624
0.03681387553838512
0.036800125587677965
0.036786329581082564
0.03677238024459896
0.03675830545382592
0.036744180012269964
0.03672993486123639
0.03671574735792838
0.036701539207970466
0.03668728042182878
0.036673068413138235
0.036658843068666916
0.03664447411150678
0.036629979177816255
0.03661541346491127
0.036600751336267265
0.036586103208407335
0.03657143831053917
0.036556736327737024
0.03654203948479376
0.03652733968277664
0.03651248709456409
0.036497537498767905
0.036482548407967386
0.03646740701738633
0.036452324688235845
0.036437198102562046
0.0364220233635674
0.03640685612896792
0.03639160188753155
0.03637623131284882
0.0363608673529551
0.03634540056155929
0.03632981145296821
0.03631424906053361
0.03629863536406749
0.036282969168170864
0.03626725900143402
0.03625143114928686
0.036235640551058386
0.03621976482772648
0.03620376491549154
0.03618775493836892
0.03617168596048971
0.036155563574511586
0.03613931066556109
0.0361230259021776
0.03610676239607618
0.03609046143244299
0.03607405161082113
0.036057571744694414
0.036041031023689024
0.036024403238082314
0.036007617717513214
0.03599086848298095
0.03597412222405757
0.035957356580097695
0.0359404878756936
0.035923547156356844
0.03590648287102926
0.03588934701432497
0.03587204042429974
0.03585481329348244
0.03583756717348217
0.035820293384274476
0.03580295960773904
0.0357854691606269
0.035767886639077595
0.03575019448947922
0.035732438831402605
0.035714696637358885
0.03569692948473747
0.035679120457701004
0.035661252492554814
0.03564321691961104
0.035625126052915505
0.03560690444252524
0.035588603585979865
0.03557033969576206
0.0355520314836708
0.03553365535236319
0.035515232830027506
0.03549666728885189
0.035478002815833014
0.03545920889883475
0.035440376809578254
0.035421536125829614
0.03540262950582624
0.03538378696451568
0.03536474170971241
0.03534557015661178
0.035326299850370065
0.035306918157414297
0.0352875207526955
0.0352680832607048
0.03524873651965437
0.035229234643827316
0.035209514401002666
0.035189716309760755
0.03516979806317591
0.03514983216539231
0.035129849675782296
0.03510995236842933
0.03508997512206078
0.03506969985831414
0.03504933265874378
0.035028871292267436
0.03500834349738802
0.034987804983412786
0.034967432831342696
0.03494682324143454
0.034925994387673104
0.03490503333145569
0.03488399563680755
0.034862913396882966
0.03484186569068906
0.03482094282414312
0.03479963692302134
0.034778207319233784
0.03475664846591913
0.03473500191476692
0.03471332746883095
0.034691875846796734
0.034670176857992265
0.03464822341097976
0.03462615051002126
0.03460399327881211
0.034581734673737756
0.03455962435639595
0.0345374862184574
0.034515023798307586
0.03449242809779128
0.034469698721152235
0.034446911510982996
0.03442415620544153
0.03440145016667324
0.034378482383458635
0.03435530925474964
0.034332076606617745
0.03430871642444303
0.03428532378647914
0.03426198337256471
0.034238516475584124
0.034214767561564774
0.034190931180993485
0.03416702396383237
0.03414302249122724
0.03411899204509543
0.03409494387106233
0.03407064906572787
0.03404620675189869
0.034021691146758674
0.033997059810076086
0.03397237407847186
0.033947714702246244
0.03392282152596688
0.033897734580729914
0.0338726079213136
0.0338473531617647
0.03382199209661262
0.03379665249937802
0.0337711389405372
0.0337454181710945
0.03371961908361971
0.033693703665424464
0.03366766594836707
0.03364165449915884
0.033615405945045314
0.03358906139419632
0.03356260284426812
0.03353594137971232
0.0335092356776286
0.03348247212288597
0.033455596440299815
0.033428570875702154
0.03340138436878783
0.033373971740046526
0.03334652442277555
0.03331912918921421
0.03329148755042401
0.033263716957675174
0.03323571509885844
0.03320760339561917
0.03317945914722554
0.033151287810525835
0.03312289785811319
0.03309434332895174
0.03306550541895297
0.033036678826191004
0.03300787146619927
0.03297884794014755
0.03294966303972929
0.032920137439654065
0.03289064632452782
0.03286110537643898
0.03283145656082283
0.03280159005959551
0.032771422501236575
0.03274123599181347
0.03271096606315645
0.03268063708932828
0.032650054492941595
0.03261919498180591
0.032588256037222776
0.03255731667085362
0.03252622031562609
0.03249493583253867
0.032463326458042854
0.032431639067974125
0.03240002258212088
0.03236815191212647
0.032336085757503484
0.0323037137678202
0.03227130163110734
0.03223891736719021
0.032206261264415594
0.0321733950459614
0.03214026285912747
0.03210707940509134
0.03207384738544139
0.03204041494272675
0.032006750486733945
0.03197282891491827
0.031938807142498596
0.03190471593253242
0.03187048136374515
0.03183597527622841
0.03180121948170793
0.03176633680084047
0.03173140992180127
0.03169633491208587
0.03166095762836702
0.031625299111854584
0.031589569473608275
0.03155377937250089
0.03151779655281407
0.03148149961824186
0.031444922060782324
0.03140834862823321
0.03137162681946872
0.03133471834909536
0.03129741719398626
0.03125994796516401
0.031222458632396977
0.031184780377007396
0.031146856920801613
0.031108584635557015
0.031070207685782506
0.03103171416995383
0.030993053459184624
0.030954111148879967
0.03091480504353533
0.030875470999919174
0.03083600288030376
0.03079625654748985
0.030756227755345474
0.03071592337718074
0.030675602034170694
0.030635047122844004
0.030594203763308923
0.030553024417481377
0.030511764283728995
0.030470386979547008
0.030428662188269208
0.030386693990425102
0.03034441274537998
0.030302141033156812
0.03025953243954019
0.03021667250465989
0.030173433281971463
0.03013019013354418
0.03008669181004965
0.030042878571102924
0.029998730180841027
0.02995444106982543
0.02990998625721742
0.02986521058032103
0.02982009334723619
0.02977478078097705
0.02972930954478986
0.029683502951198655
0.029637395563081172
0.029591068941836062
0.02954454555095624
0.029497681979066617
0.02945053498548239
0.02940316463711416
0.029355549898332455
0.029307597981712702
0.02925937024721592
0.029210940996176004
0.029162182803599848
0.029113107548673776
0.029063765617322317
0.029014185234944947
0.028964277772253043
0.02891402260946569
0.02886354254263951
0.028812778403795123
0.02876168910654487
0.028710206763856907
0.028658546434012
0.028606540182675246
0.028554214706881586
0.02850149405535015
0.028448597845474672
0.02839531431514603
0.028341691062795046
0.02828771286611076
0.028233488663967757
0.028178898059548412
0.028123940086514598
0.028068651921083935
0.028013052163582915
0.027957115527634215
0.027900781667448568
0.027844108158434255
0.027787103084072656
0.027729749978961903
0.02767201513612939
0.02761388004791995
0.027555417418696625
0.027496584226814596
0.02743737980242053
0.02737774456371412
0.027317776538595195
0.02725740386085611
0.027196658728164454
0.027135470717905716
0.027073908609290757
0.027011953801886875
0.026949612830664046
0.026886801858704006
0.026823572401451383
0.026759981616454383
0.026695939609082803
0.026631454343772912
0.02656653597194648
0.026501203703028855
0.02643539510722456
0.026369168053805105
0.026302484545547664
0.026235331083351892
0.026167690731714006
0.026099645182292075
0.026031104722548475
0.025962042959214816
0.025892496322979137
0.025822504854372652
0.025752055389283185
0.025681033629112237
0.025609480288021555
0.025537471155448008
0.02546501142045776
0.025391915622259897
0.025318287065916847
0.02524415419853651
0.025169536917400717
0.025094323311999667
0.025018514195477994
0.024942167089305876
0.024865295158993127
0.02478785540511149
0.024709751465101158
0.024631074866929826
0.02455184281663961
0.024472011620339604
0.0243915344666648
0.024310419546368138
0.024228709106426046
0.0241463427908323
0.024063379081355685
0.02397971052528347
0.0238953723400562
0.023810352764963492
0.023724722964508733
0.02363838993472392
0.023551273443621925
0.023463474505965542
0.02337500000759077
0.023285851144124205
0.023195830790669465
0.02310508651250114
0.02301362089458134
0.022921416158044106
0.0228283708066075
0.02273449813517253
0.022639877569349664
0.022544422476868654
0.02244816275489676
0.02235100013238798
0.022252995287044736
0.02215409083172866
0.022054367152589332
0.02195374954285878
0.021852126108842358
0.021749587575938978
0.02164615845824357
0.02154183815403088
0.021436422793884972
0.02133010668076275
0.02122288126236384
0.021114662686488702
0.021005457941161806
0.02089518166102178
0.020783888055132715
0.020671545745826723
0.020558186008286575
0.02044363597191701
0.020327930512250656
0.02021111108559669
0.020093178400187657
0.01997405164839379
0.01985360274359522
0.019731927182713663
0.019609030963335192
0.019484831081545372
0.01935926791454555
0.019232311559598553
0.019103967017824387
0.018974236287222085
0.01884308077168316
0.01871032282377257
0.018576020322584052
0.018440175167488023
0.018302795522434193
0.018163728748866893
0.01802286434593132
0.01788030685379767
0.01773600362419046
0.017589864205041956
0.017441809195091154
0.01729178599164423
0.01713974209259974
0.01698572907826754
0.016829647623467822
0.016671194831158895
0.016510527235812436
0.016347614896184744
0.01618230894834401
0.01601452176649394
0.015844113871927152
0.01567103260203939
0.015495268634972666
0.015316897891963282
0.015135682965059075
0.014951501129476833
0.014764387297738433
0.01457420263880237
0.014380743899685881
0.014183823056321772
0.013983307942590721
0.013779051704988552
0.013571019098245266
0.013358857045643128
0.013142172989677792
0.01292099371447815
0.01269506465121694
0.012464086879011528
0.01222770103928829
0.01198546571388232
0.011737122445895748
0.011482365364441468
0.011220706858730767
0.01095145843361378
0.01067404551525416
0.010387917673079745
0.010092374615593992
0.009786505284231709
0.009469109218127424
0.009139012814181623
0.00879489966406709
0.008435145005587725
0.008057464842898836
0.007659024959829266
0.0072365553352433136
0.006785873387855314
0.00630192237516567
0.005775641229001059
0.0051937633119179365
0.0045350288151698006
0.003758788248931975
0.002767473532714302
0.0010700058773696368
0.0
0.0
0.0
0.0
0.0
0.0
0.0
0.0
0.0
0.0
0.0
0.0
0.0
0.0
0.0
0.0
0.0
0.0
0.0
0.0
0.0
0.0
0.0
0.0
0.0
0.0
0.0
0.0
0.0
0.0
0.0
0.0
0.0
0.0
0.0
0.0
0.0
0.0
0.0
0.0
0.0
0.0
0.0
0.0
0.0
0.0
0.0
0.0
0.0
0.0
0.0
0.0
0.0
0.0
0.0
0.0
0.0
0.0
0.0
0.0
0.0
0.0
0.0
0.0
0.0
0.0
0.0
0.0
0.0
0.0
0.0
0.0
0.0
0.0
0.0
0.0
0.0
0.0
0.0
0.0
0.0
0.0
0.0
0.0
0.0
0.0
0.0
0.0
0.0
0.0
0.0
0.0
0.0
0.0
0.0
0.0
0.0
0.0
0.0
0.0
0.0
0.0
0.0
0.0
0.0
0.0
0.0
0.0
0.0
0.0
0.0
0.0
0.0
0.0
0.0
0.0
0.0
0.0
0.0
0.0
0.0
0.0
0.0
0.0
0.0
0.0
0.0
0.0
0.0
0.0
0.0
0.0
0.0
0.0
0.0
0.0
0.0
0.0
0.0
0.0
0.0
0.0
0.0
0.0
0.0
0.0
0.0
0.0
0.0
0.0
0.0
0.0
0.0
0.0
0.0
0.0
0.0
0.0
0.0
0.0
0.0
0.0
0.0
0.0
0.0
0.0
0.0
0.0
0.0
0.0
0.0
0.0
0.0
0.0
0.0
0.0
0.0
0.0
0.0
0.0
0.0
0.0
0.0
0.0
0.0
0.0
0.0
0.0
0.0
0.0
0.0
0.0
0.0
0.0
0.0
0.0
0.0
0.0
0.0
0.0
0.0
0.0
0.0
0.0
0.0
0.0
0.0
0.0
0.0
0.0
0.0
0.0
0.0
0.0
0.0
0.0
0.0
0.0
0.0
0.0
0.0
0.0
0.0
0.0
0.0
0.0
0.0
0.0
0.0
0.0
0.0
0.0
0.0
0.0
0.0
0.0
0.0
0.0
0.0
0.0
0.0
0.0
0.0
0.0
0.0
0.0
0.0
0.0
0.0
0.0
0.0
0.0
0.0
0.0
0.0
0.0
0.0
0.0
0.0
0.0
0.0
0.0
0.0
0.0
0.0
0.0
0.0
0.0
0.0
0.0
0.0
0.0
0.0
0.0
0.0
0.0
0.0
0.0
0.0
0.0
0.0
0.0
0.0
0.0
0.0
0.0
0.0
0.0
0.0
0.0
0.0
0.0
0.0
0.0
0.0
0.0
0.0
0.0
0.0
0.0
0.0
0.0
0.0
0.0
0.0
0.0
0.0
0.0
0.0
0.0
0.0
0.0
0.0
0.0
0.0
0.0
0.0
0.0
0.0
0.0
0.0
0.0
0.0
0.0
0.0
0.0
0.0
0.0
0.0
0.0
0.0
0.0
0.0
0.0
0.0
0.0
0.0
0.0
0.0
0.0
0.0
0.0
0.0
0.0
0.0
0.0
0.0
0.0
0.0
0.0
0.0
0.0
0.0
0.0
0.0
0.0
0.0
0.0
0.0
0.0
0.0
0.0
0.0
0.0
0.0
0.0
0.0
0.0
0.0
0.0
0.0
0.0
0.0
0.0
0.0
0.0
0.0
0.0
0.0
0.0
0.0
0.0
0.0
0.0
0.0
0.0
0.0
0.0
0.0
0.0
0.0
0.0
0.0
0.0
0.0
0.0
0.0
0.0
0.0
0.0
0.0
0.0
0.0
0.0
0.0
0.0
0.0
0.0
0.0
0.0
0.0
0.0
0.0
0.0
0.0
0.0
0.0
0.0
0.0
0.0
0.0
0.0
0.0
0.0
0.0
0.0
0.0
0.0
0.0
0.0
0.0
0.0
0.0
0.0
0.0
0.0
0.0
0.0
0.0
0.0
0.0
0.0
0.0
0.0
0.0
0.0
0.0
0.0
0.0
0.0
0.0
0.0
0.0
0.0
0.0
0.0
0.0
0.0
0.0
0.0
0.0
0.0
0.0
0.0
0.0
0.0
0.0
0.0
0.0
0.0
0.0
0.0
0.0
0.0
0.0
0.0
0.0
0.0
0.0
0.0
0.0
0.0
0.0
0.0
0.0
0.0
0.0
0.0
0.0
0.0
0.0
0.0
0.0
0.0
0.0
0.0
0.0
0.0
0.0
0.0
0.0
0.0
0.0
0.0
0.0
0.0
0.0
0.0
0.0
0.0
0.0
0.0
0.0
0.0
0.0
0.0
0.0
0.0
0.0
0.0
0.0
0.0
0.0
0.0
0.0
0.0
0.0
0.0
0.0
0.0
0.0
0.0
0.0
0.0
0.0
0.0
0.0
0.0
0.0
0.0
0.0
0.0
0.0
0.0
0.0
0.0
0.0
0.0
0.0
0.0
0.0
0.0
0.0
0.0
0.0
0.0
0.0
0.0
0.0
0.0
0.0
0.0
0.0
0.0
0.0
0.0
0.0
0.0
0.0
0.0
0.0
0.0
0.0
0.0
0.0
0.0
0.0
0.0
0.0
0.0
0.0
0.0
0.0
0.0
0.0
0.0
0.0
0.0
0.0
0.0
0.0
0.0
0.0
0.0
0.0
0.0
0.0
0.0
0.0
0.0
0.0
0.0
0.0
0.0
0.0
0.0
0.0
0.0
0.0
0.0
0.0
0.0
0.0
0.0
0.0
0.0
0.0
0.0
0.0
0.0
0.0
0.0
0.0
0.0
0.0
0.0
0.0
0.0
0.0
0.0
0.0
0.0
0.0
0.0
0.0
0.0
0.0
0.0
0.0
0.0
0.0
0.0
0.0
0.0
0.0
0.0
0.0
0.0
0.0
0.0
0.0
0.0
0.0
0.0
0.0
0.0
0.0
0.0
0.0
0.0
0.0
0.0
0.0
0.0
0.0
0.0
0.0
0.0
0.0
0.0
0.0
0.0
0.0
0.0
0.0
0.0
0.0
0.0
0.0
0.0
0.0
0.0
0.0
0.0
0.0
0.0
0.0
0.0
0.0
0.0
0.0
0.0
0.0
0.0
0.0
0.0
0.0
0.0
0.0
0.0
0.0
0.0
0.0
0.0
0.0
0.0
0.0
0.0
0.0
0.0
0.0
0.0
0.0
0.0
0.0
0.0
0.0
0.0
0.0
0.0
0.0
0.0
0.0
0.0
0.0
0.0
0.0
0.0
0.0
0.0
0.0
0.0
0.0
0.0
0.0
0.0
0.0
0.0
0.0
0.0
0.0
0.0
0.0
0.0
0.0
0.0
0.0
0.0
0.0
0.0
0.0
0.0
0.0
0.0
0.0
0.0
0.0
0.0
0.0
0.0
0.0
0.0
0.0
0.0
0.0
0.0
0.0
0.0
0.0
0.0
0.0
0.0
0.0
0.0
0.0
0.0
0.0
0.0
0.0
0.0
0.0
0.0
0.0
0.0
0.0
0.0
0.0
0.0
0.0
0.0
0.0
0.0
0.0
0.0
0.0
0.0
0.0
0.0
0.0
0.0
0.0
0.0
0.0
0.0
0.0
0.0
0.0
0.0
0.0
0.0
0.0
0.0
0.0
0.0
0.0
0.0
0.0
0.0
0.0
0.0
0.0
0.0
0.0
0.0
0.0
0.0
0.0
0.0
0.0
0.0
0.0
0.0
0.0
0.0
0.0
0.0
0.0
0.0
0.0
0.0
0.0
0.0
0.0
0.0
0.0
0.0
0.0
0.0
0.0
0.0
0.0
0.0
0.0
0.0
0.0
0.0
0.0
0.0
0.0
0.0
0.0
0.0
0.0
0.0
0.0
0.0
0.0
0.0
0.0
0.0
0.0
0.0
0.0
0.0
0.0
0.0
0.0
0.0
0.0
0.0
0.0
0.0
0.0
0.0
0.0
0.0
0.0
0.0
0.0
0.0
0.0
0.0
0.0
0.0
0.0
0.0
0.0
0.0
0.0
0.0
0.0
0.0
0.0
0.0
0.0
0.0
0.0
0.0
0.0
0.0
0.0
0.0
0.0
0.0
0.0
0.0
0.0
0.0
0.0
0.0
0.0
0.0
0.0
0.0
0.0
0.0
0.0
0.0
0.0
0.0
0.0
0.0
0.0
0.0
0.0
0.0
0.0
0.0
0.0
0.0
0.0
0.0
0.0
0.0
0.0
0.0
0.0
0.0
0.0
0.0
0.0
0.0
0.0
0.0
0.0
0.0
0.0
0.0
0.0
0.0
0.0
0.0
0.0
0.0
0.0
0.0
0.0
0.0
0.0
0.0
0.0
0.0
0.0
0.0
0.0
0.0
0.0
0.0
0.0
0.0
0.0
0.0
0.0
0.0
0.0
0.0
0.0
0.0
0.0
0.0
0.0
0.0
0.0
0.0
0.0
0.0
0.0
0.0
0.0
0.0
0.0
0.0
0.0
0.0
0.0
0.0
0.0
0.0
0.0
0.0
0.0
0.0
0.0
0.0
0.0
0.0
0.0
0.0
0.0
0.0
0.0
0.0
0.0
0.0
0.0
0.0
0.0
0.0
0.0
0.0
0.0
0.0
0.0
0.0
0.0
0.0
0.0
0.0
0.0
0.0
0.0
0.0
0.0
0.0
0.0
0.0
0.0
0.0
0.0
0.0
0.0
0.0
0.0
0.0
0.0
0.0
0.0
0.0
0.0
0.0
0.0
0.0
0.0
0.0
0.0
0.0
0.0
0.0
0.0
0.0
0.0
0.0
0.0
0.0
0.0
0.0
0.0
0.0
0.0
0.0
0.0
0.0
0.0
0.0
0.0
0.0
0.0
0.0
0.0
0.0
0.0
0.0
0.0
0.0
0.0
0.0
0.0
0.0
0.0
0.0
0.0
0.0
0.0
0.0
0.0
0.0
0.0
0.0
0.0
0.0
0.0
0.0
0.0
0.0
0.0
0.0
0.0
0.0
0.0
0.0
0.0
0.0
0.0
0.0
0.0
0.0
0.0
0.0
0.0
0.0
0.0
0.0
0.0
0.0
0.0
0.0
0.0
0.0
0.0
0.0
0.0
0.0
0.0
0.0
0.0
0.0
0.0
0.0
0.0
0.0
0.0
0.0
0.0
0.0
0.0
0.0
0.0
0.0
0.0
0.0
0.0
0.0
0.0
0.0
0.0
0.0
0.0
0.0
0.0
0.0
0.0
0.0
0.0
0.0
0.0
0.0
0.0
0.0
0.0
0.0
0.0
0.0
0.0
0.0
0.0
0.0
0.0
0.0
0.0
0.0
0.0
0.0
0.0
0.0
0.0
0.0
0.0
0.0
0.0
0.0
0.0
0.0
0.0
0.0
0.0
0.0
0.0
0.0
0.0
0.0
0.0
0.0
0.0
0.0
0.0
0.0
0.0
0.0
0.0
0.0
0.0
0.0
0.0
0.0
0.0
0.0
0.0
0.0
0.0
0.0
0.0
0.0
0.0
0.0
0.0
0.0
0.0
0.0
0.0
0.0
0.0
0.0
0.0
0.0
0.0
0.0
0.0
0.0
0.0
0.0
0.0
0.0
0.0
0.0
0.0
0.0
0.0
0.0
0.0
0.0
0.0
0.0
0.0
0.0
0.0
0.0
0.0
0.0
0.0
0.0
0.0
0.0
0.0
0.0
0.0
0.0
0.0
0.0
0.0
0.0
0.0
0.0
0.0
0.0
0.0
0.0
0.0
0.0
0.0
0.0
0.0
0.0
0.0
0.0
0.0
0.0
0.0
0.0
0.0
0.0
0.0
0.0
0.0
0.0
0.0
0.0
0.0
0.0
0.0
0.0
0.0
0.0
0.0
0.0
0.0
0.0
0.0
0.0
0.0
0.0
0.0
0.0
0.0
0.0
0.0
0.0
0.0
0.0
0.0
0.0
0.0
0.0
0.0
0.0
0.0
0.0
0.0
0.0
0.0
0.0
0.0
0.0
0.0
0.0
0.0
0.0
0.0
0.0
0.0
0.0
0.0
0.0
0.0
0.0
0.0
0.0
0.0
0.0
0.0
0.0
0.0
0.0
0.0
0.0
0.0
0.0
0.0
0.0
0.0
0.0
0.0
0.0
0.0
0.0
0.0
0.0
0.0
0.0
0.0
0.0
0.0
0.0
0.0
0.0
0.0
0.0
0.0
0.0
0.0
0.0
0.0
0.0
0.0
0.0
0.0
0.0
0.0
0.0
0.0
0.0
0.0
0.0
0.0
0.0
0.0
0.0
0.0
0.0
0.0
0.0
0.0
0.0
0.0
0.0
0.0
0.0
0.0
0.0
0.0
0.0
0.0
0.0
0.0
0.0
0.0
0.0
0.0
0.0
0.0
0.0
0.0
0.0
0.0
0.0
0.0
0.0
0.0
0.0
0.0
0.0
0.0
0.0
0.0
0.0
0.0
0.0
0.0
0.0
0.0
0.0
0.0
0.0
0.0
0.0
0.0
0.0
0.0
0.0
0.0
0.0
0.0
0.0
0.0
0.0
0.0
0.0
0.0
0.0
0.0
0.0
0.0
0.0
0.0
0.0
0.0
0.0
0.0
0.0
0.0
0.0
0.0
0.0
0.0
0.0
0.0
0.0
0.0
0.0
0.0
0.0
0.0
0.0
0.0
0.0
0.0
0.0
0.0
0.0
0.0
0.0
0.0
0.0
0.0
0.0
0.0
0.0
0.0
0.0
0.0
0.0
0.0
0.0
0.0
0.0
0.0
0.0
0.0
0.0
0.0
0.0
0.0
0.0
0.0
0.0
0.0
0.0
0.0
0.0
0.0
0.0
0.0
0.0
0.0
0.0
0.0
0.0
0.0
0.0
0.0
0.0
0.0
0.0
0.0
0.0
0.0
0.0
0.0
0.0
0.0
0.0
0.0
0.0
0.0
0.0
0.0
0.0
0.0
0.0
0.0
0.0
0.0
0.0
0.0
0.0
0.0
0.0
0.0
0.0
0.0
0.0
0.0
0.0
0.0
0.0
0.0
0.0
0.0
0.0
0.0
0.0
0.0
0.0
0.0
0.0
0.0
0.0
0.0
0.0
0.0
0.0
0.0
0.0
0.0
0.0
0.0
0.0
0.0
0.0
0.0
0.0
0.0
0.0
0.0
0.0
0.0
0.0
0.0
0.0
0.0
0.0
0.0
0.0
0.0
0.0
0.0
0.0
0.0
0.0
0.0
0.0
0.0
0.0
0.0
0.0
0.0
0.0
0.0
0.0
0.0
0.0
0.0
0.0
0.0
0.0
0.0
0.0
0.0
0.0
0.0
0.0
0.0
0.0
0.0
0.0
0.0
0.0
0.0
0.0
0.0
0.0
0.0
0.0
0.0
0.0
0.0
0.0
0.0
0.0
0.0
0.0
0.0
0.0
0.0
0.0
0.0
0.0
0.0
0.0
0.0
0.0
0.0
0.0
0.0
0.0
0.0
0.0
0.0
0.0
0.0
0.0
0.0
0.0
0.0
0.0
0.0
0.0
0.0
0.0
0.0
0.0
0.0
0.0
0.0
0.0
0.0
0.0
0.0
0.0
0.0
0.0
0.0
0.0
0.0
0.0
0.0
0.0
0.0
0.0
0.0
0.0
0.0
0.0
0.0
0.0
0.0
0.0
0.0
0.0
0.0
0.0
0.0
0.0
0.0
0.0
0.0
0.0
0.0
0.0
0.0
0.0
0.0
0.0
0.0
0.0
0.0
0.0
0.0
0.0
0.0
0.0
0.0
0.0
0.0
0.0
0.0
0.0
0.0
0.0
0.0
0.0
0.0
0.0
0.0
0.0
0.0
0.0
0.0
0.0
0.0
0.0
0.0
0.0
0.0
0.0
0.0
0.0
0.0
0.0
0.0
0.0
0.0
0.0
0.0
0.0
0.0
0.0
0.0
0.0
0.0
0.0
0.0
0.0
0.0
0.0
0.0
0.0
0.0
0.0
0.0
0.0
0.0
0.0
0.0
0.0
0.0
0.0
0.0
0.0
0.0
0.0
0.0
0.0
0.0
0.0
0.0
0.0
0.0
0.0
0.0
0.0
0.0
0.0
0.0
0.0
0.0
0.0
0.0
0.0
0.0
0.0
0.0
0.0
0.0
0.0
0.0
0.0
0.0
0.0
0.0
0.0
0.0
0.0
0.0
0.0
0.0
0.0
0.0
0.0
0.0
0.0
0.0
0.0
0.0
0.0
0.0
0.0
0.0
0.0
0.0
0.0
0.0
0.0
0.0
0.0
0.0
0.0
0.0
0.0
0.0
0.0
0.0
0.0
0.0
0.0
0.0
0.0
0.0
0.0
0.0
0.0
0.0
0.0
0.0
0.0
0.0
0.0
0.0
0.0
0.0
0.0
0.0
0.0
0.0
0.0
0.0
0.0
0.0
0.0
0.0
0.0
0.0
0.0
0.0
0.0
0.0
0.0
0.0
0.0
0.0
0.0
0.0
0.0
0.0
0.0
0.0
0.0
0.0
0.0
0.0
0.0
0.0
0.0
0.0
0.0
0.0
0.0
0.0
0.0
0.0
0.0
0.0
0.0
0.0
0.0
0.0
0.0
0.0
0.0
0.0
0.0
0.0
0.0
0.0
0.0
0.0
0.0
0.0
0.0
0.0
0.0
0.0
0.0
0.0
0.0
0.0
0.0
0.0
0.0
0.0
0.0
0.0
0.0
0.0
0.0
0.0
0.0
0.0
0.0
0.0
0.0
0.0
0.0
0.0
0.0
0.0
0.0
0.0
0.0
0.0
0.0
0.0
0.0
0.0
0.0
0.0
0.0
0.0
0.0
0.0
0.0
0.0
0.0
0.0
0.0
0.0
0.0
0.0
0.0
0.0
0.0
0.0
0.0
0.0
0.0
0.0
0.0
0.0
0.0
0.0
0.0
0.0
0.0
0.0
0.0
0.0
0.0
0.0
0.0
0.0
0.0
0.0
0.0
0.0
0.0
0.0
0.0
0.0
0.0
0.0
0.0
0.0
0.0
0.0
0.0
0.0
0.0
0.0
0.0
0.0
0.0
0.0
0.0
0.0
0.0
0.0
0.0
0.0
0.0
0.0
0.0
0.0
0.0
0.0
0.0
0.0
0.0
0.0
0.0
0.0
0.0
0.0
0.0
0.0
0.0
0.0
0.0
0.0
0.0
0.0
0.0
0.0
0.0
0.0
0.0
0.0
0.0
0.0
0.0
0.0
0.0
0.0
0.0
0.0
0.0
0.0
0.0
0.0
0.0
0.0
0.0
0.0
0.0
0.0
0.0
0.0
0.0
0.0
0.0
0.0
0.0
0.0
0.0
0.0
0.0
0.0
0.0
0.0
0.0
0.0
0.0
0.0
0.0
0.0
0.0
0.0
0.0
0.0
0.0
0.0
0.0
0.0
0.0
0.0
0.0
0.0
0.0
0.0
0.0
0.0
0.0
0.0
0.0
0.0
0.0
0.0
0.0
0.0
0.0
0.0
0.0
0.0
0.0
0.0
0.0
0.0
0.0
0.0
0.0
0.0
0.0
0.0
0.0
0.0
0.0
0.0
0.0
0.0
0.0
0.0
0.0
0.0
0.0
0.0
0.0
0.0
0.0
0.0
0.0
0.0
0.0
0.0
0.0
0.0
0.0
0.0
0.0
0.0
0.0
0.0
0.0
0.0
0.0
0.0
0.0
0.0
0.0
0.0
0.0
0.0
0.0
0.0
0.0
0.0
0.0
0.0
0.0
0.0
0.0
0.0
0.0
0.0
0.0
0.0
0.0
0.0
0.0
0.0
0.0
0.0
0.0
0.0
0.0
0.0
0.0
0.0
0.0
0.0
0.0
0.0
0.0
0.0
0.0
0.0
0.0
0.0
0.0
0.0
0.0
0.0
0.0
0.0
0.0
0.0
0.0
0.0
0.0
0.0
0.0
