0.044956331144412755
0.04495657915885198
0.04495676295886772
0.0449569064396553
0.04495702241479078
0.04495711781722827
0.044957196923792936
0.04495726260018679
0.0449573168843338
0.04495736129735782
0.04495739701250543
0.04495742495606741
0.04495744587889641
0.04495746040009536
0.04495746903518383
0.0449574722231533
0.0449574703721028
0.0449574638669688
0.0449574529832823
0.04495743768473776
0.0449574182297593
0.04495739501658467
0.04495736821140075
0.04495733796519783
0.044957304414780706
0.044957267684749336
0.044957227889467925
0.04495718513327431
0.044957139512437995
0.0449570911141608
0.044957040021002335
0.04495698630827129
0.04495693004616591
0.04495687134705393
0.04495681027627849
0.044956746859748556
0.044956681148900605
0.04495661319098444
0.044956543028873246
0.0449564707060114
0.04495639626055781
0.04495631972892066
0.0449562411472107
0.04495616054855086
0.044956077963376834
0.04495599342107166
0.0449559069491538
0.04495581857347269
0.04495572832051373
0.044955636213747714
0.0449555422776676
0.044955446550487235
0.04495534909742678
0.04495524988307498
0.0449551488761862
0.04495504612955561
0.04495494167356388
0.04495483551734573
0.04495472768020646
0.04495461817706858
0.04495450701828235
0.04495439421534748
0.04495427978196435
0.044954163730616524
0.04495404607086965
0.04495392681315265
0.044953805967238504
0.044953683542288125
0.04495355954784898
0.04495343399223191
0.04495330688451235
0.044953178296996944
0.04495304818288817
0.04495291654257793
0.044952783384186026
0.044952648716895804
0.04495251253619594
0.044952374852391605
0.04495223567691278
0.044952095010637745
0.04495195286243935
0.04495180923358284
0.04495166412507815
0.044951517542202814
0.04495136948933659
0.044951219967381106
0.04495106898319524
0.0449509165384032
0.04495076263188199
0.04495060727678459
0.04495045045946933
0.04495029220225366
0.044950132566266676
0.04494997147596607
0.04494980895015764
0.044949644988774747
0.0449494795915245
0.044949312746485594
0.044949144859285674
0.044948975707246194
0.04494880512505321
0.044948633112865156
0.04494845966325311
0.04494828478079313
0.04494810847408424
0.044947930739460344
0.0449477515764195
0.04494757103895932
0.04494738931095467
0.04494720615434607
0.04494702157002944
0.044946835556431926
0.044946648113696606
0.044946459241526786
0.04494626898673798
0.04494607731766581
0.044945884218913115
0.04494568968972386
0.04494549372916746
0.044945296335927934
0.044945097509290495
0.044944897248264726
0.04494469555233551
0.04494449242126177
0.04494428785547258
0.04494408184393873
0.044943874383472145
0.044943665479794385
0.04494345513225024
0.044943243340985706
0.044943030105372275
0.04494281541669749
0.04494259926349371
0.04494238165723188
0.04494216259950652
0.04494194209480791
0.04494172010345326
0.04494149665032089
0.04494127177620557
0.0449410454683853
0.04494081766585546
0.04494058839382744
0.04494035766419495
0.04494012544238046
0.04493989173432928
0.0449396565549608
0.044939419886656444
0.044939181720663544
0.04493894207894403
0.04493870093179975
0.044938459506845246
0.044938218975386704
0.044937976948655804
0.04493773341548811
0.04493748839475729
0.044937241867291755
0.04493699383343708
0.04493674430093168
0.04493649323911927
0.04493624068643707
0.04493598657789108
0.04493573096576
0.04493547382974412
0.0449352151533386
0.04493495498809307
0.04493469329024286
0.04493443007777562
0.04493416529603906
0.044933898991641054
0.04493363111238243
0.0449333616990399
0.04493309070811375
0.04493281816894852
0.0449325440512125
0.04493226836996243
0.04493199110989727
0.04493171227185442
0.04493143185364626
0.044931149842807404
0.04493086625299246
0.04493058105883961
0.04493029425117999
0.04493000585488692
0.04492971583233557
0.04492942421477318
0.04492913096746107
0.044928836104246535
0.04492853962723758
0.0449282414799907
0.044927941731697785
0.044927640325116265
0.04492733727349239
0.04492703259936935
0.044926726261206903
0.04492641830869651
0.04492610871314217
0.0449257973915049
0.04492548443507285
0.04492516980404383
0.04492485346251257
0.04492453545721015
0.04492421575686209
0.04492389434187551
0.0449235712412613
0.04492324643708855
0.04492291989851396
0.044922591651526025
0.044922261705303744
0.04492193000034932
0.04492159655056282
0.04492126139676196
0.044920924484696936
0.044920583593935984
0.04492023954730286
0.04491989373508357
0.044919546124455895
0.04491919672164415
0.04491884555922358
0.04491849260339855
0.04491813780798161
0.04491778122736634
0.0449174228554469
0.04491706267331427
0.04491670060938682
0.044916336749804255
0.0449159711194634
0.04491560366458377
0.04491523430790832
0.04491486312152644
0.044914490098259305
0.044914115223957794
0.0449137384538727
0.044913359793537416
0.044912979272194176
0.044912596880247506
0.0449122126048614
0.04491182638928101
0.044911438265845774
0.04491104825298149
0.0449106563359576
0.04491026250461215
0.04490986671165722
0.044909468965169196
0.044909069299382647
0.04490866769884843
0.04490826464760314
0.044907861764788115
0.044907456894642886
0.04490705005201985
0.044906641262181496
0.04490623050380834
0.0449058177672769
0.04490540303639413
0.04490498627694813
0.04490456749889603
0.04490414673589217
0.04490372396510957
0.044903299176090816
0.044902872361017906
0.04490244351037595
0.04490201256041485
0.044901579614682635
0.04490114462890544
0.04490070758726083
0.044900268479981915
0.0448998272995002
0.04489938132327113
0.044898931114638524
0.04489847872215818
0.04489802423306072
0.04489756785519105
0.04489710934973412
0.04489664809076634
0.04489618262134289
0.04489571799222611
0.04489525120222077
0.04489478224457276
0.04489431106420417
0.044893837685332345
0.04489336213693491
0.04489288439753747
0.04489240445562414
0.04489192230216953
0.04489143792804793
0.04489095132415749
0.04489046248441374
0.044889971401491154
0.04488947806756009
0.04488898246611062
0.044888484567391064
0.04488798437248083
0.04488748191884034
0.0448869771811265
0.04488647014851068
0.04488596081185903
0.044885449162550696
0.04488493519288029
0.04488441889447667
0.04488390025864359
0.044883379277292836
0.04488285594255042
0.04488233025447315
0.044881802231264346
0.044881271830649
0.0448807390444023
0.04488020386456573
0.04487966628353605
0.04487912629235803
0.04487858382443193
0.04487803894913408
0.044877491650973274
0.04487694191386326
0.04487638972768067
0.04487583508317512
0.0448752779715357
0.04487471838466099
0.04487415631308513
0.04487359174814261
0.04487302468128177
0.0448724551037647
0.04487188300699222
0.044871308382294445
0.044870731220991
0.044870151515126244
0.044869569255669
0.044868984433481335
0.04486839703975125
0.04486780706572946
0.04486721450261997
0.04486661934152368
0.04486602157365866
0.04486542119065973
0.0448648181835937
0.04486421254304632
0.044863604259968395
0.044862993325478
0.04486237973041539
0.0448617634659889
0.04486114357653329
0.04486052061631607
0.044859894938266996
0.044859266402574344
0.04485863514724186
0.044858001163041804
0.044857364440885915
0.044856724992171235
0.04485608279726547
0.044855437838224335
0.044854790105543885
0.0448541395928689
0.04485348632841949
0.044852830268163835
0.044852171416498623
0.04485150974050945
0.044850845183901054
0.04485017778095619
0.04484950752622928
0.04484883441013475
0.04484815842316528
0.044847479555555195
0.044846797797881234
0.0448461131414828
0.04484542557579524
0.04484473509110698
0.04484404167778699
0.04484334575269995
0.044842647164514346
0.04484194562156787
0.044841241903227406
0.044840535752914336
0.04483982662455238
0.04483911451005064
0.04483839940330627
0.044837681307294944
0.04483696020845686
0.04483623603254397
0.04483550877160645
0.04483477845824429
0.0448340450824029
0.04483330863421395
0.044832569104130984
0.04483182648287563
0.0448310807597755
0.04483033192518575
0.0448295799699198
0.04482882488526996
0.044828066663806176
0.04482730530290143
0.044826540819945804
0.044825776831417564
0.04482501366444283
0.0448242473253617
0.044823477804246684
0.04482270509204937
0.044821929177677446
0.04482115005153985
0.04482036770412835
0.04481958212657629
0.04481879331182667
0.0448180012561555
0.04481720596855994
0.04481640746344873
0.04481560550151174
0.04481480024008208
0.044813991669881696
0.044813179780240096
0.04481236456113443
0.04481154600308639
0.04481072410697031
0.04480989888575934
0.04480907031069511
0.04480823841261798
0.04480740308086288
0.04480656423073137
0.04480572195415225
0.044804876249729834
0.044804027106742375
0.04480317451581697
0.04480231619238821
0.04480144949809125
0.044800579326978285
0.04479970573271813
0.044798828437307744
0.04479794755101345
0.04479706311067057
0.04479617510730175
0.04479528353128649
0.044794388374580246
0.04479348963335797
0.044792587318866185
0.04479168144362533
0.04479077180605175
0.044789858443747776
0.044788941423625384
0.04478802073645215
0.04478710053047128
0.044786177377380096
0.04478525056346543
0.044784320148700645
0.04478338591991055
0.044782447838448515
0.04478150602097503
0.04478056045811592
0.044779611141904756
0.044778658068355154
0.044777701244744464
0.04477674070131555
0.044775776281548565
0.04477480629594116
0.044773822786976517
0.044772835401798314
0.04477184413345976
0.04477084919772432
0.04476985112204352
0.04476885164106751
0.04476784807904334
0.044766840500190384
0.04476582896865586
0.0447648134783434
0.044763794025105844
0.04476277062635958
0.04476174327856618
0.04476071182909231
0.04475967619655476
0.0447586365235926
0.0447575928030652
0.044756545033411234
0.04475549323370584
0.04475443741668555
0.044753377371172444
0.044752313061256536
0.044751244623828124
0.0447501720518252
0.044749095345143014
0.04474801453594404
0.04474692970069358
0.044745840289643804
0.04474474667051189
0.04474364883589122
0.044742546781714417
0.04474144051430938
0.04474033012146392
0.044739215460026946
0.044738096105551635
0.04473697232183037
0.04473584426562068
0.044734711908212835
0.04473357527483867
0.04473243445917071
0.04473128888810834
0.044730138921626104
0.04472898457087487
0.04472782499884822
0.04472665981339426
0.044725490420690885
0.04472431617043363
0.04472313740013652
0.044721954159085225
0.04472076644613259
0.04471957427808874
0.04471837782488505
0.04471717661213801
0.04471597169789721
0.044714762234589325
0.04471354822308581
0.04471232968539271
0.044711106746522546
0.044709878868707566
0.044708646247147495
0.04470740899622839
0.04470616762018301
0.04470492325677399
0.04470367433732812
0.04470242046198501
0.04470116175514675
0.044699898347480144
0.04469863024538249
0.04469735752379755
0.044696080014720925
0.04469479751018346
0.04469351012525618
0.04469221796137751
0.04469092790400253
0.0446896383925074
0.044688343853285954
0.044687044263793024
0.04468573985390291
0.0446844306262087
0.044683116643647526
0.04468179781475181
0.04468047388151463
0.04467914489411813
0.04467781101138906
0.044676472257303285
0.04467512871755501
0.04467378006201863
0.04467242614162424
0.0446710672483418
0.044669703394202995
0.044668334742286146
0.04466696017725415
0.04466557022127515
0.044664175179934394
0.04466277506136399
0.04466136992443565
0.044659959710797725
0.04465854413067672
0.04465712316931398
0.04465569704998795
0.04465426581138249
0.04465282947360983
0.04465139414652641
0.04464995401911674
0.04464850867916249
0.04464705815449981
0.04464560250208545
0.04464414151495301
0.0446426748260393
0.044641202849373056
0.044639722617117024
0.044638236558432604
0.04463674513564126
0.04463524625856243
0.04463373081754098
0.04463220998342739
0.04463068382564194
0.04462915530291331
0.04462762262169439
0.044626084461727264
0.04462454085006486
0.0446229918522838
0.04462143735490897
0.04461987678433815
0.044618310700971414
0.04461673909368301
0.044615162030560575
0.04461357934867073
0.04461199051461619
0.04461039605192346
0.04460879570866385
0.04460718978890179
0.044605578043268146
0.04460396014000418
0.04460233653375795
0.0446007072747961
0.044599072551929096
0.04459743156892653
0.044595784553804044
0.04459413176414441
0.04459247326093636
0.04459080935042562
0.044589138678811154
0.044587462147158176
0.04458577977198101
0.044584091635871105
0.044582397466804626
0.04458069556187449
0.04457898771421492
0.04457727395153356
0.0445755544495295
0.04457382879690298
0.044572096621478347
0.044570358419212
0.04456861425931119
0.04456686455714872
0.04456510783191379
0.044563344943433295
0.04456157598515172
0.04455980348831774
0.04455802549389233
0.04455624064729996
0.04455444956714519
0.04455265237305666
0.04455084936818144
0.04454903963063279
0.044547239342954105
0.044545433156426326
0.044543620882706456
0.044541802678672957
0.0445399774963935
0.04453814591268259
0.0445363081127574
0.044534464338441576
0.04453261392245522
0.0445307567572644
0.04452889319982803
0.044527023407549486
0.04452514753356804
0.044523252316605616
0.0445213485330085
0.04451943834302081
0.04451752207084299
0.04451559880283596
0.04451366861494639
0.04451173240160683
0.04450979865402775
0.04450785855455897
0.04450591127837929
0.044503957191372116
0.04450199616452771
0.044500024675328105
0.04449804582995433
0.04449606002660486
0.04449406759122818
0.04449206869208535
0.04449006303647145
0.04448803376558452
0.04448599699839281
0.044483953540648095
0.0444819111374661
0.044479859824010565
0.04447780129534342
0.044475735847100725
0.044473664024441965
0.04447158466696505
0.044469497863757236
0.04446740416806551
0.044465303753433265
0.044463196327921846
0.04446108137237479
0.044458959155634095
0.04445683005125981
0.04445469414335431
0.04445255063710851
0.04445039960732319
0.04444824156994909
0.04444607811309915
0.04444390763043988
0.04444172940041591
0.044439544066750526
0.04443735209440956
0.044435152443974425
0.04443294426803325
0.044430725642463864
0.04442849998132474
0.04442626705159479
0.04442402626758332
0.04442177781648034
0.044419522180498446
0.044417259386285435
0.04441498873396829
0.0444127101511239
0.044410426744705425
0.04440813743317669
0.04440584026727958
0.044403534950220584
0.04440123941985277
0.04439894032643776
0.044396633439434056
0.04439431825746317
0.04439199565165258
0.04438966601560089
0.04438732858139314
0.04438498264719746
0.04438262919786055
0.044380268459449805
0.04437788238538121
0.04437548786203597
0.04437308552483526
0.04437067572005085
0.04436826230396831
0.04436584821187679
0.04436342596898215
0.044360993718164654
0.044358550356400364
0.04435609866672229
0.04435363856989707
0.04435117079155731
0.04434869535169001
0.044346211056393366
0.0443437180964832
0.04434120804359196
0.044338678668763544
0.044336140898560535
0.04433360000041787
0.04433105591050097
0.044328501146509616
0.044325938394529404
0.04432336661313561
0.04432078682051697
0.044318199182476294
0.0443156031390708
0.04431299789756795
0.04431038526250553
0.04430776633894013
0.04430513898760028
0.04430250229178276
0.04429985741736651
0.044297204563850376
0.04429454324318908
0.04429187243094934
0.044289193357064945
0.04428650622443455
0.04428381057327758
0.044281104887414366
0.044278386621918804
0.044275660201367584
0.04427292518659479
0.04427018040739248
0.044267427171952194
0.04426466569662393
0.044261895545577475
0.044259118786777615
0.044256335292028756
0.04425356808338947
0.04425079221923286
0.04424800649659801
0.04424521226663177
0.044242409708947196
0.04423959835241999
0.044236777061772696
0.04423393790127106
0.04423107824794166
0.04422820957616662
0.044225335023648255
0.04422246178111207
0.04421957423450956
0.04421667589941866
0.044213767257157185
0.04421084984938077
0.04420792382759485
0.04420498837834183
0.04420204287449331
0.04419908854504713
0.044196125546310715
0.044193144138087635
0.04419013665522179
0.044187120227219795
0.04418410218430451
0.044181080987946826
0.04417804414842511
0.04417499999895362
0.044171949646439834
0.044168887730600744
0.04416581653637369
0.044162736369450305
0.044159647555127315
0.04415654716201671
0.04415343741678839
0.04415031859841665
0.04414719091642524
0.04414405165627637
0.04414090296892998
0.04413774511695002
0.04413457824362403
0.04413139985206149
0.04412821061881657
0.04412500801417554
0.04412179592704908
0.04411857236095197
0.04411533921832315
0.04411209676963871
0.044108856051842706
0.04410562740101311
0.04410238922801132
0.044099141858755984
0.04409588406238206
0.04409261531265116
0.044089327476514305
0.04408601435132755
0.04408269545866447
0.04407936866967448
0.044076032259068455
0.04407268692801368
0.04406932894313454
0.044065960989278986
0.04406258333538732
0.044059196380347006
0.04405579690248258
0.044052387385681666
0.0440489681180081
0.0440455312168876
0.04404206101274804
0.044038583049404736
0.044035103721917865
0.04403162494092342
0.044028125122078314
0.04402461584019781
0.044021097418126875
0.0440175675728251
0.044014026164326356
0.0440104745666513
0.04400691390324115
0.04400333959854161
0.04399975477416247
0.04399615969960183
0.043992555051976044
0.0439889369587128
0.043985308274615505
0.04398166932307421
0.04397802014353322
0.043974353319077626
0.04397067399386674
0.043966984453557734
0.04396329162029882
0.04395961104218502
0.04395592578341148
0.04395223078928043
0.04394852313744241
0.04394478749689601
0.04394102792045836
0.04393726898298962
0.04393349574743477
0.043929711522829755
0.04392591662004867
0.04392211149854776
0.04391829241046224
0.043914462269464
0.04391062152966381
0.043906771012588254
0.043902909263403234
0.04389903224989462
0.043895116369485426
0.04389118754692788
0.0438872517499638
0.04388332353709495
0.04387937301345192
0.04387540686104987
0.04387143051062313
0.043867443004458835
0.04386344493167171
0.04385943213223688
0.04385540778445425
0.04385137241179203
0.04384732529630943
0.043843264060889446
0.04383919123095994
0.0438351072490125
0.04383100906911191
0.04382689788849036
0.043822770407071804
0.043818636796827334
0.04381451892893159
0.0438103892041621
0.04380624894037198
0.04380207974418494
0.04379789702688477
0.04379370234060346
0.04378949648989676
0.04378527803459145
0.043781045261397915
0.04377680049113273
0.0437725497042535
0.04376828248397003
0.04376400294765237
0.04375971147548475
0.04375540909592649
0.04375107019538103
0.04374670235906677
0.043742322620619854
0.043737948465465894
0.04373356474365141
0.04372915734958135
0.04372473888315193
0.04372030709130926
0.04371586113819758
0.04371140202074961
0.043706931584303346
0.0437024442325516
0.04369794396712796
0.0436934313549471
0.04368890658739269
0.04368436557661503
0.04367981163668886
0.04367524816342084
0.043670698368670165
0.043666126025523985
0.043661544584257174
0.043656942514256857
0.04365232414303006
0.04364769249785912
0.04364305137404386
0.043638399349074514
0.043633730397889675
0.04362904814924449
0.04362435348489719
0.04361964487123852
0.0436149203159456
0.04361018246849559
0.04360540863276902
0.04360060022921926
0.04359577800171863
0.04359096313224365
0.0435861416954457
0.04358128877195584
0.04357642202660129
0.04357154380767024
0.04356665175391092
0.043561743041631185
0.043556820531433976
0.043551886810155156
0.043546933956839125
0.04354196687767918
0.04353698220394178
0.04353198142747651
0.0435270038132606
0.043522027543775745
0.04351700192642785
0.0435119657387405
0.043506919992439386
0.04350186009209967
0.04349678877327096
0.0434916977386168
0.04348659211382058
0.043481472509701816
0.043476340061707565
0.0434711886480305
0.04346602139880878
0.0434608125478065
0.04345557124263291
0.04345031192399623
0.043445059904014184
0.04343980683182219
0.043434515786297985
0.04342920958732469
0.043423889937020385
0.04341855770217373
0.04341320577638977
0.043407838702763234
0.04340244988312339
0.04339703910616258
0.04339160981199669
0.04338622402713785
0.04338084250602573
0.04337540717476085
0.04336994767049737
0.04336447316768983
0.04335899364935612
0.04335349397647168
0.04334797827501599
0.043342447531208264
0.043336900402018194
0.04333133449592384
0.043325753147263175
0.043320156164410026
0.04331449070186824
0.043308809153669546
0.04330311486144302
0.04329743969183225
0.0432917369943495
0.043286005357033454
0.04328025897539433
0.0432744964236345
0.04326870323589014
0.04326289090527809
0.04325707079419827
0.04325123799470622
0.043245446866800354
0.04323963002223702
0.043233780425546355
0.04322790853572624
0.04322201272399311
0.04321610178330507
0.04321017932737184
0.04320423765914464
0.04319827970533928
0.0431923077300658
0.043186312829783864
0.043180301082390515
0.04317424304300437
0.04316814546707606
0.043162026106086916
0.04315591104249372
0.04314979939448331
0.04314365133575799
0.0431374658942929
0.043131265641310125
0.04312505266349045
0.043118816167089326
0.043112590771539894
0.043106375444550454
0.043100138034532214
0.04309386950431065
0.04308758368605245
0.043081284189211894
0.04307495451623217
0.04306860536505613
0.04306224555049631
0.043055869877798636
0.04304947027612737
0.04304305289169983
0.04303661891873167
0.04303011806762481
0.043023585593795065
0.04301703523216187
0.04301050096076312
0.043003941469236216
0.04299734383133837
0.04299072345363258
0.042984085874324104
0.04297745982247822
0.04297081723750732
0.042964173222327144
0.042957502093623076
0.04295080902233013
0.04294409774535923
0.042937370735859744
0.04293061764883575
0.04292383780343897
0.04291704798536587
0.04291023972325042
0.04290340698431185
0.04289655544827769
0.042889648717457714
0.04288270095633849
0.04287571336339381
0.04286872839047586
0.04286174918417002
0.042854730678531225
0.04284769400192625
0.04284066343892876
0.042833613882487374
0.04282653364784304
0.04281945279391081
0.04281235610617365
0.04280523110723851
0.042798086169907254
0.042790922054712334
0.042783739694508216
0.042776525782412346
0.04276929642685279
0.04276205031382338
0.04275478600043339
0.042747432516146586
0.04274003772330714
0.04273262571508339
0.04272521242605929
0.04271779994656518
0.04271039162893614
0.04270295386895884
0.04269548890681075
0.042687974891236484
0.04268048452850442
0.04267297019155184
0.042665431328453844
0.042657872137266906
0.042650294062753544
0.042642685163783105
0.042635062864082356
0.04262741928626244
0.0426197412891743
0.04261202816721988
0.04260422469718465
0.04259640179770001
0.04258855187112673
0.04258074097497737
0.04257294114583773
0.04256510313184913
0.04255720867069775
0.04254927545149958
0.04254136872063972
0.0425334393316033
0.04252548141420424
0.042517505604118086
0.0425095164532977
0.042501495625206734
0.04249344190225481
0.04248535728019937
0.042477248599376884
0.0424690849523298
0.04246084860415515
0.04245259131995816
0.042444357456701394
0.04243614689350435
0.04242791431272211
0.04241959863641038
0.04241124485074894
0.04240291840669795
0.04239457565168937
0.04238621602163626
0.04237782581999624
0.042369411106042074
0.04236095197448012
0.04235246608511005
0.04234395302891336
0.04233542176274611
0.042326818334496426
0.04231816474140306
0.04230951725182329
0.042300859891651374
0.04229222137652412
0.04228350532778686
0.042274732311069325
0.0422660084845515
0.04225725587299431
0.04224847640496988
0.04223966565247938
0.04223081651581366
0.042221933874918995
0.04221302674584064
0.04220409587331375
0.04219514566013631
0.042186125273460294
0.04217707693419076
0.042168005056537144
0.04215891866325851
0.04214981812520691
0.042140655269548855
0.042131517006539804
0.042122355065028184
0.04211315844086515
0.04210392138461367
0.04209465925740344
0.042085363633375714
0.042076041328387596
0.042066694699835115
0.042057324321281585
0.04204794157243772
0.04203847633606536
0.04202899290797242
0.04201947448510216
0.042009913666550026
0.042000345102485556
0.041990804184525755
0.04198119149681779
0.04197154986646006
0.04196188204779101
0.041952181052201235
0.04194245202447428
0.04193269706544785
0.041922946267986025
0.04191318919668431
0.04190333603970771
0.04189344578391973
0.04188350065740109
0.04187348912582792
0.0418634969020551
0.041853535297710034
0.04184349998982697
0.04183343579376006
0.041823345326946135
0.04181322686054552
0.04180307385637722
0.041792927276912584
0.04178278834419781
0.04177261040736784
0.041762316637659676
0.04175200333452444
0.04174155802338115
0.041731089963749475
0.04172068893231787
0.04171029029497335
0.0416998249120394
0.041689320942467176
0.041678788026807516
0.041668237934850055
0.04165771517594643
0.04164715975926567
0.04163657314132533
0.04162588089771523
0.0416151151080211
0.04160422535796294
0.04159330148644059
0.04158249154010251
0.04157166456794369
0.04156078293674595
0.04154986791132593
0.04153891975482775
0.04152798565573919
0.04151703129289071
0.0415060477069746
0.04149502590459931
0.04148385253710098
0.0414725411439724
0.04146120874552144
0.04144988964693571
0.041438658196072856
0.04142740563411757
0.041416084873497294
0.041404727882821374
0.04139338926124496
0.04138201847053991
0.041370611181336246
0.04135915676953416
0.04134755548983233
0.041335807064880166
0.04132402844907327
0.041312283952381325
0.04130063616430764
0.0412889504883084
0.04127721115206131
0.04126547590869085
0.04125370752270937
0.041241900586204194
0.04123003096462752
0.04121812305543059
0.04120599886307443
0.04119380121754152
0.04118157893133773
0.04116945288119154
0.04115736642632804
0.04114523894308887
0.04113312041138362
0.04112093844462702
0.041108703560980016
0.041096402937964405
0.04108406871220805
0.04107157901926066
0.04105895640975429
0.04104629522613371
0.04103370759335708
0.04102117384766159
0.041008665425732435
0.0409961352105543
0.040983518333954645
0.04097082456303176
0.040958098524010236
0.040945314305204775
0.04093237417127828
0.04091930747041442
0.04090619793037886
0.040893185237592826
0.04088023690230639
0.040867317148105785
0.04085431184547239
0.04084123765567281
0.04082810774335803
0.040814930662586284
0.040801608000046855
0.04078816855311987
0.04077463586943575
0.04076112563600428
0.04074769796918304
0.040734331616405474
0.040720924076650664
0.040707456832230635
0.04069391026139075
0.040680309788942354
0.0406665463594853
0.04065270733700237
0.040638729023442885
0.04062477328111437
0.04061092003583705
0.04059704541940491
0.040583208281378645
0.04056932223899955
0.040555348747925414
0.04054126605927408
0.04052704901803178
0.04051276129353158
0.04049831557503487
0.04048399283469766
0.04046966730948589
0.04045531250274318
0.04044101283035326
0.040426670002264097
0.04041225199378934
0.04039761994910957
0.04038292893453021
0.04036815116528832
0.040353296716313825
0.040338534298476
0.040323728948869264
0.04030891585235618
0.04029413455280736
0.04027930593770561
0.04026431644220488
0.040249195200860344
0.040234021662660706
0.04021872315493468
0.04020348707691774
0.040188230861019206
0.040172922797447094
0.04015766559748597
0.0401423958247389
0.04012697552774035
0.04011142308339457
0.04009579690195806
0.04008007041359132
0.040064360493609355
0.040048634592948974
0.040032871843811754
0.040017116354318774
0.04000135950330491
0.039985442307016617
0.03996942418405967
0.039953365506355816
0.039937147017648826
0.03992099357772839
0.039904795345208084
0.03988854841675438
0.039872311992090445
0.039855985063824984
0.03983953640998469
0.03982309756089641
0.039806551287900754
0.03978987691657443
0.0397732336786102
0.039756538427438974
0.03973979006283414
0.039722997605289745
0.03970608198922904
0.03968920922282319
0.03967224856927434
0.03965515789042269
0.03963805927156619
0.03962090068567429
0.03960368811406605
0.03958633889339951
0.039568958923075874
0.03955160513889736
0.039534214676680786
0.039516711250825585
0.039499135982464
0.03948149876546578
0.03946377156325411
0.039445878422156744
0.03942802838035262
0.03941018561567941
0.039392325838753336
0.039374359489274736
0.03935632003624357
0.0393381508811389
0.03931990859537114
0.03930148660319286
0.03928315492404051
0.03926480739335475
0.03924643438191203
0.03922800153866847
0.03920940433422731
0.03919071194739891
0.03917190548936533
0.039153035593279734
0.03913418521459433
0.039115313024089826
0.039096400576678174
0.03907742978902566
0.03905828279046184
0.03903908105088744
0.0390197427323553
0.03900032409116487
0.03898095118289857
0.03896153584668919
0.03894205267428996
0.03892252547759957
0.038902848735341305
0.03888306993987684
0.03886315669589336
0.038843208194186775
0.03882325652192372
0.03880323919250773
0.03878329924064302
0.03876314490718678
0.03874285928665138
0.038722472177936236
0.038701970796006256
0.0386814592118806
0.03866091087911544
0.038640469331310774
0.038619866158516314
0.038599031039325
0.03857811790089691
0.0385570803554852
0.03853599900795745
0.03851490746818671
0.03849391773820084
0.03847284871857084
0.03845146045436811
0.03842997928895227
0.03840840244948321
0.03838676151674978
0.03836511832773839
0.038343668312865196
0.03832196454898977
0.038300028218513325
0.038277955330601666
0.038255806972310354
0.038233618260846446
0.03821147962209398
0.038189490147916665
0.03816708515736005
0.03814455191475823
0.03812188711252915
0.03809913519411663
0.03807636313692581
0.03805385021805325
0.03803107468466869
0.038008026087183226
0.03798485512831528
0.03796160054383241
0.03793824628629065
0.03791507053635065
0.03789187623027474
0.037868330136286966
0.037844648544512444
0.03782082931628021
0.03779695764459069
0.03777313435731237
0.03774938234638087
0.03772534986966481
0.03770109925441706
0.03767679430598971
0.03765236135236076
0.037627905802852274
0.037603523350745745
0.03757901323970382
0.03755420143948441
0.03752930513324642
0.03750434270360044
0.0374792884821677
0.03745421917848567
0.03742914579596954
0.03740380923571016
0.037378321222914034
0.037352767519859324
0.03732709819580598
0.037301383344050726
0.037275716362548325
0.037249802680073524
0.03722368616622958
0.03719754123260728
0.03717126717466691
0.03714489191727322
0.03711856023755936
0.037092047307527035
0.03706531785942466
0.03703852038051089
0.03701160708265591
0.03698457222962789
0.03695758913516923
0.03693035506681155
0.03690303236765369
0.036875599718429165
0.03684795284878597
0.03682027856762052
0.0367925594256206
0.03676473209259632
0.03673675519473027
0.03670861875295595
0.03668024049233482
0.036651844223982245
0.036623534563654435
0.03659496406598569
0.03656626799356081
0.03653732821731768
0.036508284521541
0.036479230892633746
0.036450172134641204
0.03642088216597983
0.0363914269721242
0.03636167110342791
0.036331954591800705
0.03630228825507228
0.03627239595181041
0.036242345183048655
0.03621192000347655
0.03618156807114312
0.03615118656454194
0.03612071148542658
0.03609000805176648
0.036058975807950686
0.03602795583150479
0.03599687558370223
0.035965755859587153
0.035934364582296575
0.03590267541791645
0.035870929987109834
0.03583922233848069
0.03580736107219185
0.03577530831628513
0.03574290402725682
0.03571044245358589
0.035678104246922936
0.03564550109471458
0.03561270350565231
0.0355795716676293
0.03554642961280547
0.0355133641641534
0.03548001551445844
0.03544645478777331
0.035412605576298564
0.03537873781937199
0.035344861914571694
0.03531078391833217
0.03527646717914433
0.035241878022863125
0.035207218280298526
0.03517252082566994
0.0351376923194421
0.035102576895639816
0.035067209004957
0.035031732778400555
0.03499625234317345
0.03496063921902696
0.03492470319423641
0.03488847767864072
0.03485221306099055
0.034815928276395465
0.03477946134283572
0.03474265632916474
0.03470555930504429
0.03466852425797465
0.03463136526423451
0.03459403557035065
0.03455626222048493
0.03451834029077655
0.03448046280500181
0.034442414111803016
0.03440411541644052
0.034365426694776595
0.03432668156566025
0.03428786624417391
0.03424890340934451
0.03420964124226033
0.03416997756633136
0.03413036825111254
0.03409066321678062
0.03405066347526862
0.034010372799353476
0.03396980297738464
0.03392930216764887
0.03388857485044478
0.03384754660581734
0.033806160354905565
0.03376475788094329
0.03372329416255016
0.03368145160515907
0.03363937978069029
0.0335969812226891
0.033554692661523076
0.03351204695515788
0.033469165453272505
0.033425870967991114
0.03338267379112962
0.033339224328792445
0.03329546596055036
0.033251358974263616
0.033207165589043616
0.033162846192471625
0.033118203848768
0.03307322085537302
0.03302807836839706
0.032982830195575526
0.032937230673794275
0.03289134811818152
0.03284528934447862
0.0327990784042841
0.032752505298085266
0.032705675426589705
0.03265867869071525
0.03261146751017693
0.03256389852327281
0.032516089418631725
0.03246815020207679
0.032419886554824404
0.03237129299692647
0.03232248138077751
0.032273493826058465
0.0322241872698219
0.03217452373390329
0.032124694147120214
0.032074630060063225
0.03202425792891417
0.031973472303719226
0.03192259658963794
0.03187139918266519
0.03181991513902003
0.03176801410786245
0.03171603899248333
0.03166368757761713
0.03161102675225844
0.03155801649491593
0.031504843976107796
0.03145131777819068
0.03139745284539377
0.03134329341151845
0.03128887917640005
0.031234153370626017
0.031179057192656224
0.03112366788748276
0.03106800094298504
0.031012005719396326
0.030955687906366387
0.030898987029752824
0.03084202697249165
0.03078472188809699
0.03072710300078643
0.030669072415680104
0.030610791681540413
0.030552134460806596
0.030493139587639086
0.030433745151766143
0.030374048874905774
0.0303140163152356
0.030253612711699015
0.03019279538393816
0.030131614397644477
0.03007017852894369
0.03000827517637283
0.029945980756125545
0.02988335612789927
0.029820385239417314
0.02975693331994303
0.029693118289260717
0.029628994863266183
0.02956441686488969
0.029499371965719567
0.02943398635958659
0.02936827652277082
0.029302007959904654
0.02923531639760999
0.029168297145371575
0.02910091403570847
0.02903297288318022
0.028964530460781707
0.02889581737121725
0.028826693024684262
0.02875695492717462
0.028686775881417628
0.02861625553230897
0.02854526882021425
0.028473709534110186
0.028401725631724134
0.028329326937296808
0.02825638468687233
0.028182967098609107
0.02810909162353146
0.02803466830820116
0.027959718006407834
0.027884356051753222
0.027808482743137235
0.027731955650474566
0.027654983989693238
0.027577546720826913
0.027499510416289064
0.02742088295473706
0.027341782627229916
0.02726207693215717
0.02718182443651134
0.027101072638561305
0.02701965241893278
0.026937622961883744
0.026855087187562434
0.02677201733087755
0.026688187305982304
0.02660378238629218
0.026518822841301647
0.02643324154012304
0.02634696550324799
0.026260055890894956
0.02617252996387648
0.02608431706435825
0.025995495106068366
0.02590592231761771
0.02581568733642257
0.025724743585889605
0.025633146214166434
0.025540851724877862
0.025447750920095526
0.02535393143201537
0.025259422588381826
0.025164223185688832
0.02506811247430481
0.02497126437802752
0.02487368845308066
0.024775304746904075
0.024676120495138038
0.024576074119507824
0.024475221895478193
0.024373527224618545
0.024271035985985113
0.024167605673207634
0.02406325730772906
0.023958044432297397
0.023851980739255634
0.02374499635726339
0.02363697861816265
0.023528030147894837
0.02341817213358545
0.02330731816039198
0.023195439763375306
0.023082525874869617
0.022968579667009513
0.022853615636189657
0.02273761838961122
0.022620443525862878
0.022502142690711515
0.022382742474063317
0.022262314042545747
0.022140734166815994
0.022017927203380055
0.021894014371194696
0.02176895743731584
0.02164268219276614
0.021515158956404462
0.021386363401173634
0.021256244393462218
0.02112489217977011
0.020992254413059557
0.02085805866209055
0.020722495436310977
0.020585579197078523
0.020447170583394274
0.020307257345508672
0.020165771949068365
0.020022667150344214
0.019877983688836653
0.019731732741159747
0.019583703973843843
0.0194338532716797
0.019282286006807342
0.019128919373346997
0.018973641003909643
0.018816400635057545
0.018657145251463614
0.018495812351200017
0.018332500046469833
0.01816701259338869
0.01799910504483789
0.017828965430389313
0.017656508179827182
0.0174815928883332
0.017304160299855955
0.01712402431961934
0.016941151376679304
0.01675557890891545
0.016567150627551385
0.01637563524189805
0.016180956850516612
0.01598309696703939
0.015782127037663306
0.015577895471506674
0.015370143123124007
0.01515874440352978
0.014943596994703956
0.014724616030010304
0.014501480564669622
0.01427388863288583
0.014041737126615307
0.013804769941490628
0.013562860736976282
0.013315517165955497
0.013062291527965035
0.012803044828800288
0.012537427334036098
0.01226501986032332
0.011985138586691342
0.011697217041733262
0.011400716255290728
0.011095069381228121
0.010779520317467903
0.010452786703948377
0.010113879185733893
0.009761617967005372
0.00939453916606306
0.009010953023098643
0.008608157445908048
0.008183426599939666
0.007733339373398382
0.007253215476607003
0.0067375010765931736
0.006176957576183398
0.005557911464468894
0.004857937345182252
0.0040346551588969866
0.0029872050467584497
0.0012325880013446906
0.0
0.0
0.0
0.0
0.0
0.0
0.0
0.0
0.0
0.0
0.0
0.0
0.0
0.0
0.0
0.0
0.0
0.0
0.0
0.0
0.0
0.0
0.0
0.0
0.0
0.0
0.0
0.0
0.0
0.0
0.0
0.0
0.0
0.0
0.0
0.0
0.0
0.0
0.0
0.0
0.0
0.0
0.0
0.0
0.0
0.0
0.0
0.0
0.0
0.0
0.0
0.0
0.0
0.0
0.0
0.0
0.0
0.0
0.0
0.0
0.0
0.0
0.0
0.0
0.0
0.0
0.0
0.0
0.0
0.0
0.0
0.0
0.0
0.0
0.0
0.0
0.0
0.0
0.0
0.0
0.0
0.0
0.0
0.0
0.0
0.0
0.0
0.0
0.0
0.0
0.0
0.0
0.0
0.0
0.0
0.0
0.0
0.0
0.0
0.0
0.0
0.0
0.0
0.0
0.0
0.0
0.0
0.0
0.0
0.0
0.0
0.0
0.0
0.0
0.0
0.0
0.0
0.0
0.0
0.0
0.0
0.0
0.0
0.0
0.0
0.0
0.0
0.0
0.0
0.0
0.0
0.0
0.0
0.0
0.0
0.0
0.0
0.0
0.0
0.0
0.0
0.0
0.0
0.0
0.0
0.0
0.0
0.0
0.0
0.0
0.0
0.0
0.0
0.0
0.0
0.0
0.0
0.0
0.0
0.0
0.0
0.0
0.0
0.0
0.0
0.0
0.0
0.0
0.0
0.0
0.0
0.0
0.0
0.0
0.0
0.0
0.0
0.0
0.0
0.0
0.0
0.0
0.0
0.0
0.0
0.0
0.0
0.0
0.0
0.0
0.0
0.0
0.0
0.0
0.0
0.0
0.0
0.0
0.0
0.0
0.0
0.0
0.0
0.0
0.0
0.0
0.0
0.0
0.0
0.0
0.0
0.0
0.0
0.0
0.0
0.0
0.0
0.0
0.0
0.0
0.0
0.0
0.0
0.0
0.0
0.0
0.0
0.0
0.0
0.0
0.0
0.0
0.0
0.0
0.0
0.0
0.0
0.0
0.0
0.0
0.0
0.0
0.0
0.0
0.0
0.0
0.0
0.0
0.0
0.0
0.0
0.0
0.0
0.0
0.0
0.0
0.0
0.0
0.0
0.0
0.0
0.0
0.0
0.0
0.0
0.0
0.0
0.0
0.0
0.0
0.0
0.0
0.0
0.0
0.0
0.0
0.0
0.0
0.0
0.0
0.0
0.0
0.0
0.0
0.0
0.0
0.0
0.0
0.0
0.0
0.0
0.0
0.0
0.0
0.0
0.0
0.0
0.0
0.0
0.0
0.0
0.0
0.0
0.0
0.0
0.0
0.0
0.0
0.0
0.0
0.0
0.0
0.0
0.0
0.0
0.0
0.0
0.0
0.0
0.0
0.0
0.0
0.0
0.0
0.0
0.0
0.0
0.0
0.0
0.0
0.0
0.0
0.0
0.0
0.0
0.0
0.0
0.0
0.0
0.0
0.0
0.0
0.0
0.0
0.0
0.0
0.0
0.0
0.0
0.0
0.0
0.0
0.0
0.0
0.0
0.0
0.0
0.0
0.0
0.0
0.0
0.0
0.0
0.0
0.0
0.0
0.0
0.0
0.0
0.0
0.0
0.0
0.0
0.0
0.0
0.0
0.0
0.0
0.0
0.0
0.0
0.0
0.0
0.0
0.0
0.0
0.0
0.0
0.0
0.0
0.0
0.0
0.0
0.0
0.0
0.0
0.0
0.0
0.0
0.0
0.0
0.0
0.0
0.0
0.0
0.0
0.0
0.0
0.0
0.0
0.0
0.0
0.0
0.0
0.0
0.0
0.0
0.0
0.0
0.0
0.0
0.0
0.0
0.0
0.0
0.0
0.0
0.0
0.0
0.0
0.0
0.0
0.0
0.0
0.0
0.0
0.0
0.0
0.0
0.0
0.0
0.0
0.0
0.0
0.0
0.0
0.0
0.0
0.0
0.0
0.0
0.0
0.0
0.0
0.0
0.0
0.0
0.0
0.0
0.0
0.0
0.0
0.0
0.0
0.0
0.0
0.0
0.0
0.0
0.0
0.0
0.0
0.0
0.0
0.0
0.0
0.0
0.0
0.0
0.0
0.0
0.0
0.0
0.0
0.0
0.0
0.0
0.0
0.0
0.0
0.0
0.0
0.0
0.0
0.0
0.0
0.0
0.0
0.0
0.0
0.0
0.0
0.0
0.0
0.0
0.0
0.0
0.0
0.0
0.0
0.0
0.0
0.0
0.0
0.0
0.0
0.0
0.0
0.0
0.0
0.0
0.0
0.0
0.0
0.0
0.0
0.0
0.0
0.0
0.0
0.0
0.0
0.0
0.0
0.0
0.0
0.0
0.0
0.0
0.0
0.0
0.0
0.0
0.0
0.0
0.0
0.0
0.0
0.0
0.0
0.0
0.0
0.0
0.0
0.0
0.0
0.0
0.0
0.0
0.0
0.0
0.0
0.0
0.0
0.0
0.0
0.0
0.0
0.0
0.0
0.0
0.0
0.0
0.0
0.0
0.0
0.0
0.0
0.0
0.0
0.0
0.0
0.0
0.0
0.0
0.0
0.0
0.0
0.0
0.0
0.0
0.0
0.0
0.0
0.0
0.0
0.0
0.0
0.0
0.0
0.0
0.0
0.0
0.0
0.0
0.0
0.0
0.0
0.0
0.0
0.0
0.0
0.0
0.0
0.0
0.0
0.0
0.0
0.0
0.0
0.0
0.0
0.0
0.0
0.0
0.0
0.0
0.0
0.0
0.0
0.0
0.0
0.0
0.0
0.0
0.0
0.0
0.0
0.0
0.0
0.0
0.0
0.0
0.0
0.0
0.0
0.0
0.0
0.0
0.0
0.0
0.0
0.0
0.0
0.0
0.0
0.0
0.0
0.0
0.0
0.0
0.0
0.0
0.0
0.0
0.0
0.0
0.0
0.0
0.0
0.0
0.0
0.0
0.0
0.0
0.0
0.0
0.0
0.0
0.0
0.0
0.0
0.0
0.0
0.0
0.0
0.0
0.0
0.0
0.0
0.0
0.0
0.0
0.0
0.0
0.0
0.0
0.0
0.0
0.0
0.0
0.0
0.0
0.0
0.0
0.0
0.0
0.0
0.0
0.0
0.0
0.0
0.0
0.0
0.0
0.0
0.0
0.0
0.0
0.0
0.0
0.0
0.0
0.0
0.0
0.0
0.0
0.0
0.0
0.0
0.0
0.0
0.0
0.0
0.0
0.0
0.0
0.0
0.0
0.0
0.0
0.0
0.0
0.0
0.0
0.0
0.0
0.0
0.0
0.0
0.0
0.0
0.0
0.0
0.0
0.0
0.0
0.0
0.0
0.0
0.0
0.0
0.0
0.0
0.0
0.0
0.0
0.0
0.0
0.0
0.0
0.0
0.0
0.0
0.0
0.0
0.0
0.0
0.0
0.0
0.0
0.0
0.0
0.0
0.0
0.0
0.0
0.0
0.0
0.0
0.0
0.0
0.0
0.0
0.0
0.0
0.0
0.0
0.0
0.0
0.0
0.0
0.0
0.0
0.0
0.0
0.0
0.0
0.0
0.0
0.0
0.0
0.0
0.0
0.0
0.0
0.0
0.0
0.0
0.0
0.0
0.0
0.0
0.0
0.0
0.0
0.0
0.0
0.0
0.0
0.0
0.0
0.0
0.0
0.0
0.0
0.0
0.0
0.0
0.0
0.0
0.0
0.0
0.0
0.0
0.0
0.0
0.0
0.0
0.0
0.0
0.0
0.0
0.0
0.0
0.0
0.0
0.0
0.0
0.0
0.0
0.0
0.0
0.0
0.0
0.0
0.0
0.0
0.0
0.0
0.0
0.0
0.0
0.0
0.0
0.0
0.0
0.0
0.0
0.0
0.0
0.0
0.0
0.0
0.0
0.0
0.0
0.0
0.0
0.0
0.0
0.0
0.0
0.0
0.0
0.0
0.0
0.0
0.0
0.0
0.0
0.0
0.0
0.0
0.0
0.0
0.0
0.0
0.0
0.0
0.0
0.0
0.0
0.0
0.0
0.0
0.0
0.0
0.0
0.0
0.0
0.0
0.0
0.0
0.0
0.0
0.0
0.0
0.0
0.0
0.0
0.0
0.0
0.0
0.0
0.0
0.0
0.0
0.0
0.0
0.0
0.0
0.0
0.0
0.0
0.0
0.0
0.0
0.0
0.0
0.0
0.0
0.0
0.0
0.0
0.0
0.0
0.0
0.0
0.0
0.0
0.0
0.0
0.0
0.0
0.0
0.0
0.0
0.0
0.0
0.0
0.0
0.0
0.0
0.0
0.0
0.0
0.0
0.0
0.0
0.0
0.0
0.0
0.0
0.0
0.0
0.0
0.0
0.0
0.0
0.0
0.0
0.0
0.0
0.0
0.0
0.0
0.0
0.0
0.0
0.0
0.0
0.0
0.0
0.0
0.0
0.0
0.0
0.0
0.0
0.0
0.0
0.0
0.0
0.0
0.0
0.0
0.0
0.0
0.0
0.0
0.0
0.0
0.0
0.0
0.0
0.0
0.0
0.0
0.0
0.0
0.0
0.0
0.0
0.0
0.0
0.0
0.0
0.0
0.0
0.0
0.0
0.0
0.0
0.0
0.0
0.0
0.0
0.0
0.0
0.0
0.0
0.0
0.0
0.0
0.0
0.0
0.0
0.0
0.0
0.0
0.0
0.0
0.0
0.0
0.0
0.0
0.0
0.0
0.0
0.0
0.0
0.0
0.0
0.0
0.0
0.0
0.0
0.0
0.0
0.0
0.0
0.0
0.0
0.0
0.0
0.0
0.0
0.0
0.0
0.0
0.0
0.0
0.0
0.0
0.0
0.0
0.0
0.0
0.0
0.0
0.0
0.0
0.0
0.0
0.0
0.0
0.0
0.0
0.0
0.0
0.0
0.0
0.0
0.0
0.0
0.0
0.0
0.0
0.0
0.0
0.0
0.0
0.0
0.0
0.0
0.0
0.0
0.0
0.0
0.0
0.0
0.0
0.0
0.0
0.0
0.0
0.0
0.0
0.0
0.0
0.0
0.0
0.0
0.0
0.0
0.0
0.0
0.0
0.0
0.0
0.0
0.0
0.0
0.0
0.0
0.0
0.0
0.0
0.0
0.0
0.0
0.0
0.0
0.0
0.0
0.0
0.0
0.0
0.0
0.0
0.0
0.0
0.0
0.0
0.0
0.0
0.0
0.0
0.0
0.0
0.0
0.0
0.0
0.0
0.0
0.0
0.0
0.0
0.0
0.0
0.0
0.0
0.0
0.0
0.0
0.0
0.0
0.0
0.0
0.0
0.0
0.0
0.0
0.0
0.0
0.0
0.0
0.0
0.0
0.0
0.0
0.0
0.0
0.0
0.0
0.0
0.0
0.0
0.0
0.0
0.0
0.0
0.0
0.0
0.0
0.0
0.0
0.0
0.0
0.0
0.0
0.0
0.0
0.0
0.0
0.0
0.0
0.0
0.0
0.0
0.0
0.0
0.0
0.0
0.0
0.0
0.0
0.0
0.0
0.0
0.0
0.0
0.0
0.0
0.0
0.0
0.0
0.0
0.0
0.0
0.0
0.0
0.0
0.0
0.0
0.0
0.0
0.0
0.0
0.0
0.0
0.0
0.0
0.0
0.0
0.0
0.0
0.0
0.0
0.0
0.0
0.0
0.0
0.0
0.0
0.0
0.0
0.0
0.0
0.0
0.0
0.0
0.0
0.0
0.0
0.0
0.0
0.0
0.0
0.0
0.0
0.0
0.0
0.0
0.0
0.0
0.0
0.0
0.0
0.0
0.0
0.0
0.0
0.0
0.0
0.0
0.0
0.0
0.0
0.0
0.0
0.0
0.0
0.0
0.0
0.0
0.0
0.0
0.0
0.0
0.0
0.0
0.0
0.0
0.0
0.0
0.0
0.0
0.0
0.0
0.0
0.0
0.0
0.0
0.0
0.0
0.0
0.0
0.0
0.0
0.0
0.0
0.0
0.0
0.0
0.0
0.0
0.0
0.0
0.0
0.0
0.0
0.0
0.0
0.0
0.0
0.0
0.0
0.0
0.0
0.0
0.0
0.0
0.0
0.0
0.0
0.0
0.0
0.0
0.0
0.0
0.0
0.0
0.0
0.0
0.0
0.0
0.0
0.0
0.0
0.0
0.0
0.0
0.0
0.0
0.0
0.0
0.0
0.0
0.0
0.0
0.0
0.0
0.0
0.0
0.0
0.0
0.0
0.0
0.0
0.0
0.0
0.0
0.0
0.0
0.0
0.0
0.0
0.0
0.0
0.0
0.0
0.0
0.0
0.0
0.0
0.0
0.0
0.0
0.0
0.0
0.0
0.0
0.0
0.0
0.0
0.0
0.0
0.0
0.0
0.0
0.0
0.0
0.0
0.0
0.0
0.0
0.0
0.0
0.0
0.0
0.0
0.0
0.0
0.0
0.0
0.0
0.0
0.0
0.0
0.0
0.0
0.0
0.0
0.0
0.0
0.0
0.0
0.0
0.0
0.0
0.0
0.0
0.0
0.0
0.0
0.0
0.0
0.0
0.0
0.0
0.0
0.0
0.0
0.0
0.0
0.0
0.0
0.0
0.0
0.0
0.0
0.0
0.0
0.0
0.0
0.0
0.0
0.0
0.0
0.0
0.0
0.0
0.0
0.0
0.0
0.0
0.0
0.0
0.0
0.0
0.0
0.0
0.0
0.0
0.0
0.0
0.0
0.0
0.0
0.0
0.0
0.0
0.0
0.0
0.0
0.0
0.0
0.0
0.0
0.0
0.0
0.0
0.0
0.0
0.0
0.0
0.0
0.0
0.0
0.0
0.0
0.0
0.0
0.0
0.0
0.0
0.0
0.0
0.0
0.0
0.0
0.0
0.0
0.0
0.0
0.0
0.0
0.0
0.0
0.0
0.0
0.0
0.0
0.0
0.0
0.0
0.0
0.0
0.0
0.0
0.0
0.0
0.0
0.0
0.0
0.0
0.0
0.0
0.0
0.0
0.0
0.0
0.0
0.0
0.0
0.0
0.0
0.0
0.0
0.0
0.0
0.0
0.0
0.0
0.0
0.0
0.0
0.0
0.0
0.0
0.0
0.0
0.0
0.0
0.0
0.0
0.0
0.0
0.0
0.0
0.0
0.0
0.0
0.0
0.0
0.0
0.0
0.0
0.0
0.0
0.0
0.0
0.0
0.0
0.0
0.0
0.0
0.0
0.0
0.0
0.0
0.0
0.0
0.0
0.0
0.0
0.0
0.0
0.0
0.0
0.0
0.0
0.0
0.0
0.0
0.0
0.0
0.0
0.0
0.0
0.0
0.0
0.0
0.0
0.0
0.0
0.0
0.0
0.0
0.0
0.0
0.0
0.0
0.0
0.0
0.0
0.0
0.0
0.0
0.0
0.0
0.0
0.0
0.0
0.0
0.0
0.0
0.0
0.0
0.0
0.0
0.0
0.0
0.0
0.0
0.0
0.0
0.0
0.0
0.0
0.0
0.0
0.0
0.0
0.0
0.0
0.0
0.0
0.0
0.0
0.0
0.0
0.0
0.0
0.0
0.0
0.0
0.0
0.0
0.0
0.0
0.0
0.0
0.0
0.0
0.0
0.0
0.0
0.0
0.0
0.0
0.0
0.0
0.0
0.0
0.0
0.0
0.0
0.0
0.0
0.0
0.0
0.0
0.0
0.0
0.0
0.0
0.0
0.0
0.0
0.0
0.0
0.0
0.0
0.0
0.0
0.0
0.0
0.0
0.0
0.0
0.0
0.0
0.0
0.0
0.0
0.0
0.0
0.0
0.0
0.0
0.0
0.0
0.0
0.0
0.0
0.0
0.0
0.0
0.0
0.0
0.0
0.0
0.0
0.0
0.0
0.0
0.0
0.0
0.0
0.0
0.0
0.0
0.0
0.0
0.0
0.0
0.0
0.0
0.0
0.0
0.0
0.0
0.0
0.0
0.0
0.0
0.0
0.0
0.0
0.0
0.0
0.0
0.0
0.0
0.0
0.0
0.0
0.0
0.0
0.0
0.0
0.0
0.0
0.0
0.0
0.0
0.0
0.0
0.0
0.0
0.0
0.0
0.0
0.0
0.0
0.0
0.0
0.0
0.0
0.0
0.0
0.0
0.0
0.0
0.0
0.0
0.0
0.0
0.0
0.0
0.0
0.0
0.0
0.0
0.0
0.0
0.0
0.0
0.0
0.0
0.0
0.0
0.0
0.0
0.0
0.0
0.0
0.0
0.0
0.0
0.0
0.0
0.0
0.0
0.0
0.0
0.0
0.0
0.0
0.0
0.0
0.0
0.0
0.0
0.0
0.0
0.0
0.0
0.0
0.0
0.0
0.0
0.0
0.0
0.0
0.0
0.0
0.0
0.0
0.0
0.0
0.0
0.0
0.0
0.0
0.0
0.0
0.0
0.0
0.0
0.0
0.0
0.0
0.0
0.0
0.0
0.0
0.0
0.0
0.0
0.0
0.0
0.0
0.0
0.0
0.0
0.0
0.0
0.0
0.0
0.0
0.0
0.0
0.0
0.0
0.0
0.0
0.0
0.0
0.0
0.0
0.0
0.0
0.0
0.0
0.0
0.0
0.0
0.0
0.0
0.0
0.0
0.0
0.0
0.0
0.0
0.0
0.0
0.0
0.0
0.0
0.0
0.0
0.0
0.0
0.0
0.0
0.0
0.0
0.0
0.0
0.0
0.0
0.0
0.0
0.0
0.0
0.0
0.0
0.0
0.0
0.0
0.0
0.0
0.0
0.0
0.0
0.0
0.0
0.0
0.0
0.0
0.0
0.0
0.0
0.0
0.0
0.0
0.0
0.0
0.0
0.0
0.0
0.0
0.0
0.0
0.0
0.0
0.0
0.0
0.0
0.0
0.0
0.0
0.0
0.0
0.0
0.0
0.0
0.0
0.0
0.0
0.0
0.0
0.0
0.0
0.0
0.0
0.0
0.0
0.0
0.0
0.0
0.0
0.0
0.0
0.0
0.0
0.0
0.0
0.0
0.0
0.0
0.0
0.0
0.0
0.0
0.0
0.0
0.0
0.0
0.0
0.0
0.0
0.0
0.0
0.0
0.0
0.0
0.0
0.0
0.0
0.0
0.0
0.0
0.0
0.0
0.0
0.0
0.0
0.0
0.0
0.0
0.0
0.0
0.0
0.0
0.0
0.0
0.0
0.0
0.0
0.0
0.0
0.0
0.0
0.0
0.0
0.0
0.0
0.0
0.0
0.0
0.0
0.0
0.0
0.0
0.0
0.0
0.0
0.0
0.0
0.0
0.0
0.0
0.0
0.0
0.0
0.0
0.0
0.0
0.0
0.0
0.0
0.0
0.0
0.0
0.0
0.0
0.0
0.0
0.0
0.0
0.0
0.0
0.0
0.0
0.0
0.0
0.0
0.0
0.0
0.0
0.0
0.0
0.0
0.0
0.0
0.0
0.0
0.0
0.0
0.0
0.0
0.0
0.0
0.0
0.0
0.0
0.0
0.0
0.0
0.0
0.0
0.0
0.0
0.0
0.0
0.0
0.0
0.0
0.0
0.0
0.0
0.0
0.0
0.0
0.0
0.0
0.0
0.0
0.0
0.0
0.0
0.0
0.0
0.0
0.0
0.0
0.0
0.0
0.0
0.0
0.0
0.0
0.0
0.0
0.0
0.0
0.0
0.0
0.0
0.0
0.0
0.0
0.0
0.0
0.0
0.0
0.0
0.0
0.0
0.0
0.0
0.0
0.0
0.0
0.0
0.0
0.0
0.0
0.0
0.0
0.0
0.0
