0.12374011720297824
0.12373980433503974
0.12373946219874563
0.12373908346592766
0.12373867779218696
0.12373825124288376
0.12373780769921545
0.12373734980238786
0.12373687947186511
0.12373639814120936
0.1237359068999519
0.12373540662958427
0.1237348980437797
0.12373438169836128
0.12373385810143292
0.12373332766856762
0.12373279190628635
0.12373225038423209
0.12373170299672819
0.12373114913033101
0.12373058913683745
0.12373002385493374
0.12372945341984212
0.12372887797695133
0.12372829764678725
0.12372771254073944
0.12372712276716744
0.12372652841625052
0.12372592957668067
0.1237253263121655
0.12372471870873221
0.12372410682881999
0.12372349073490083
0.1237228709403449
0.12372224741847385
0.12372161985657633
0.12372098830741138
0.12372035280837
0.12371971338177686
0.12371907007758913
0.12371842291642625
0.12371777192339661
0.1237171171364404
0.12371645858175044
0.12371579627696445
0.12371513024404146
0.1237144605014689
0.1237137870650801
0.12371310996454377
0.12371242921416356
0.12371174483759785
0.12371105697024942
0.12371036592073235
0.1237096712862957
0.12370897302838525
0.12370827119981825
0.12370756582735655
0.12370685687867676
0.12370614439495331
0.12370542838972316
0.12370470885048783
0.12370398577695617
0.12370325918616452
0.12370252908937451
0.12370179548225899
0.12370105836899188
0.1237003177522199
0.12369957363326513
0.12369882601799977
0.12369807490682207
0.12369732030666086
0.1236965625921923
0.12369580142991932
0.12369503678109386
0.12369426865488653
0.12369349706747272
0.12369272195852289
0.12369194335524447
0.12369116129060959
0.12369037571575006
0.12368958664159047
0.1236887940817872
0.12368799801575624
0.12368719844790131
0.12368639537831279
0.12368558878943108
0.12368477869683109
0.12368396508835527
0.12368314793873435
0.12368232729902397
0.12368150307918555
0.12368067537984814
0.12367984449757655
0.12367901001640266
0.12367817202032241
0.12367733049427607
0.1236764854222036
0.12367563673161842
0.12367478465032791
0.12367392908558665
0.1236730699501836
0.12367220723438681
0.12367134089157479
0.12367047093624102
0.12366959740220926
0.12366872026238715
0.1236678395062127
0.12366695516938826
0.12366606739173286
0.12366517597134015
0.12366428090627506
0.12366338218287623
0.12366247979630092
0.12366157373980889
0.12366066423059029
0.12365975110826825
0.12365883429419991
0.12365791378094548
0.12365698956050138
0.12365606162335503
0.12365512996305658
0.12365419457212308
0.12365325544546907
0.12365231257944359
0.12365136597358056
0.12365041557493632
0.12364946136778031
0.12364850337729989
0.12364754159777615
0.12364657602877253
0.12364560666729402
0.12364463347285566
0.12364365639347452
0.1236426754812192
0.12364169074274127
0.12364070219738113
0.12363970966763865
0.12363871326628129
0.12363771317393141
0.12363670933109941
0.12363570146712537
0.12363468969568192
0.12363367406961338
0.12363265443757698
0.12363163082789602
0.12363060330728089
0.12362957179987415
0.12362853626962303
0.12362749681376937
0.12362645330500013
0.1236254066112902
0.12362435766901822
0.12362330468204606
0.12362224760460437
0.12362118651879388
0.12362012134636617
0.12361905209169265
0.12361797879068696
0.12361690131438245
0.12361581983074836
0.12361473406448413
0.1236136442430358
0.1236125502822518
0.12361145211536329
0.12361034996386118
0.12360924364404616
0.12360813323472522
0.12360701850872065
0.12360589966629822
0.12360477649161447
0.12360364915985178
0.12360251749256061
0.12360138161659838
0.12360024140933333
0.1235990969377315
0.12359794814104934
0.1235967950270026
0.12359563759202691
0.12359447578902615
0.12359330967848343
0.12359213916034628
0.12359096420203429
0.12358978491004524
0.12358860113500032
0.12358741300919465
0.12358622039548112
0.12358502335513818
0.1235838219010566
0.12358261580973313
0.12358140536637889
0.12358019034405304
0.12357897080164083
0.12357774683435366
0.123576518279763
0.12357528534001169
0.12357404790475099
0.12357280564859789
0.123571558941873
0.12357030763023863
0.12356905157660171
0.12356779097213966
0.12356652569767808
0.12356525568144523
0.12356398104361144
0.12356270171843353
0.1235614175902006
0.12356012876699801
0.12355883528982266
0.12355753693094242
0.1235562337513004
0.12355492591574795
0.12355361321539197
0.12355229396910725
0.12355096892921082
0.12354963905286229
0.12354830421973709
0.12354696446008193
0.12354561990434804
0.12354427042834518
0.12354291586188598
0.12354155641901168
0.12354019208164625
0.12353882278324059
0.12353744825830879
0.12353606884052191
0.1235346846287507
0.12353329542211691
0.12353190093646184
0.12353050145136485
0.12352909694518041
0.1235276873702433
0.12352627256454805
0.12352485255575031
0.12352342745968024
0.12352199724606767
0.12352056187267972
0.12351912113414096
0.12351767515808905
0.12351622401921626
0.1235147676684436
0.12351330607178926
0.12351183906229381
0.12351036667723359
0.12350888904968388
0.12350740612834486
0.1235059182571188
0.12350442662362551
0.12350292949607267
0.1235014269363537
0.12349991904410662
0.12349840574666666
0.12349688701486614
0.12349536279537435
0.12349383296732426
0.1234922975767461
0.12349075675350647
0.12348921042008887
0.12348765854461194
0.12348610110499242
0.12348453807305182
0.12348296922359463
0.12348139494044921
0.12347981506830091
0.12347822955599803
0.12347663837423567
0.12347504150045208
0.12347343711710296
0.12347182558161388
0.12347020802574822
0.12346858479077408
0.12346695742882247
0.12346532427050246
0.12346368505077156
0.1234620388433126
0.12346038856333576
0.12345873239303469
0.12345707031265489
0.12345540213658113
0.12345372795801562
0.12345204788613721
0.12345036185148288
0.12344866982004693
0.12344697176671404
0.12344526766799796
0.12344355750132771
0.12344184124754681
0.12344011888644545
0.12343839039734468
0.12343665573060948
0.12343491478926076
0.12343316758444359
0.12343141425388436
0.12342965471566651
0.12342788893881021
0.1234261168983146
0.12342433857104046
0.12342255393562179
0.12342076297019633
0.12341896565261416
0.1234171619617281
0.12341535187720253
0.12341353540609006
0.12341171261784653
0.12340988337311956
0.12340804765048634
0.12340620542908368
0.12340435668793126
0.12340250140530738
0.12340063935985138
0.12339877079706928
0.12339689567053488
0.1233950139319473
0.12339312555357147
0.12339123051071274
0.12338932877974121
0.12338742033850299
0.12338550516366167
0.12338358323267827
0.12338165452344005
0.1233797190132255
0.12337777667980711
0.1233758275007782
0.12337387145369189
0.12337190851692771
0.12336993866771864
0.12336796188303721
0.1233659781401219
0.1233639874164601
0.12336198968939054
0.12335998493593557
0.12335797313354295
0.12335595425983141
0.12335392829165702
0.12335189520581807
0.12334985497896235
0.12334780758832177
0.12334575301024914
0.12334369122232297
0.12334161923902656
0.12333953879839978
0.12333745104994254
0.12333535585718557
0.12333325332408428
0.1233311434269042
0.12332902614243393
0.1233269014573137
0.12332476934322224
0.12332262977318452
0.12332048272505747
0.12331832818474424
0.1233161662524503
0.12331399678911178
0.12331181981610242
0.12330963523149203
0.12330744285445994
0.12330524280736029
0.12330303507970136
0.12330081964692564
0.12329859648462324
0.1232963655677604
0.12329412687238145
0.12329188037468346
0.12328962604892635
0.12328736387062862
0.12328509381521206
0.12328281619969428
0.12328053088591537
0.12327823762422657
0.12327593671372736
0.12327362802911321
0.12327131132941434
0.1232689865950915
0.12326665381307168
0.12326431299982234
0.12326196411625555
0.12325960692797333
0.1232572414177315
0.12325486769875145
0.12325248574526157
0.1232500955321023
0.12324769703447085
0.12324529022772704
0.12324287508627133
0.12324045158570285
0.12323801970311558
0.1232355794171675
0.1232331307102939
0.12323067357852346
0.123228208087052
0.12322573673809904
0.1232232594223955
0.12322077354353299
0.12321827907572773
0.12321577599449593
0.12321326427317192
0.12321074388750254
0.12320821481353643
0.12320567702935371
0.12320313051778238
0.12320057527273316
0.12319801133159987
0.1231954387471369
0.123192856755519
0.12319026587095148
0.12318766606811647
0.12318505732084405
0.1231824396043632
0.12317981289481428
0.12317717720167158
0.12317453257214393
0.12317187891901558
0.12316921634953878
0.12316654451595371
0.12316386315462684
0.12316117256661493
0.123158472751246
0.12315576368343398
0.1231530453400178
0.12315031601139788
0.12314757373248604
0.12314482215925406
0.1231420614686826
0.12313929078965272
0.12313651047787531
0.12313372065625397
0.12313092130090962
0.12312811238870619
0.12312529390163393
0.12312246583388047
0.12311962822693068
0.12311678112401693
0.12311392389903503
0.12311105668784027
0.12310817969808328
0.12310529290646331
0.12310239949555374
0.12309949681770355
0.12309658433849757
0.12309366225205734
0.1230907298947244
0.1230877871496596
0.1230848343923804
0.12308187159959352
0.12307889875238577
0.12307591584283378
0.1230729228992403
0.12306992002358305
0.12306690673247558
0.12306388160268353
0.12306083957387912
0.12305778723740479
0.1230547245779093
0.12305165319057984
0.12304857387173214
0.12304548597300119
0.12304238714721534
0.12303927759927444
0.12303615753289801
0.12303302693227776
0.12302988579319919
0.12302673417479029
0.12302357207141028
0.12302039901634214
0.12301721476767336
0.12301401977075758
0.1230108140091879
0.12300759748158778
0.1230043702525485
0.12300113236753
0.12299788318444317
0.12299462259794995
0.12299135103329355
0.1229880684758857
0.12298477493063707
0.12298147049954085
0.1229781554206388
0.12297482802173582
0.12297148943253741
0.12296813963406443
0.12296477861885226
0.1229614064099864
0.12295802316977893
0.12295462857763495
0.12295122162794148
0.12294780314923845
0.12294437332692909
0.12294093207599403
0.12293747947937199
0.12293401582693268
0.12293053938413086
0.12292705124630429
0.12292355145532406
0.1229200373722572
0.12291650775975993
0.1229129670403622
0.12290941325292104
0.12290584742503664
0.12290226970860438
0.12289868010533181
0.12289507867194112
0.1228914659256678
0.1228878401019423
0.12288420266075342
0.12288055311679148
0.12287689147554619
0.1228732178072315
0.12286953249449895
0.12286583392140388
0.12286212267813207
0.12285839911694746
0.12285466345581789
0.122850916256061
0.12284715695243179
0.12284338434760304
0.12283959882078614
0.12283580076656946
0.12283199021146157
0.1228281673843516
0.12282433178154088
0.12282048278522653
0.12281662074640294
0.1228127459717781
0.12280886347410447
0.12280497242040075
0.12280106780498908
0.1227971495626273
0.12279321839377792
0.12278927431791294
0.12278531752197727
0.12278134773196525
0.12277736417530218
0.12277336700406118
0.12276935670259562
0.12276533334698975
0.12276129719497289
0.12275724725987493
0.12275318309961837
0.12274910559220584
0.1227450147779435
0.12274091115009932
0.12273679316237453
0.12273265302185787
0.12272849929393792
0.1227243320036213
0.12272015132947356
0.12271595710229
0.12271174846117434
0.12270752536683606
0.1227032884878486
0.12269903793921756
0.12269477378438394
0.12269050017654688
0.12268621217086341
0.12268191018183641
0.12267759429587455
0.12267326468104464
0.12266892072731972
0.12266456134716479
0.12266018777065901
0.12265579774097808
0.12265139330251834
0.12264697447420272
0.12264253874965408
0.12263808118209382
0.12263360924021338
0.1226291231321833
0.12262462514322202
0.12262011645351832
0.12261559312886361
0.12261105524658299
0.12260650300535238
0.12260193607214481
0.12259735271170971
0.12259275452424252
0.12258814157809497
0.12258351407576433
0.1225788715422104
0.12257421241092802
0.12256953822411666
0.12256484883989817
0.12256014470626234
0.12255542494609668
0.1225506885866888
0.1225459369639485
0.12254117022574422
0.1225363889232675
0.12253159073251664
0.122526776319402
0.12252194644050275
0.12251710127522743
0.12251224171602017
0.12250736381427771
0.12250247020000676
0.12249756092454617
0.12249263622949977
0.12248769264200335
0.12248272671738278
0.12247774483460709
0.12247274708669874
0.1224677339734167
0.12246270429525435
0.12245765697168529
0.12245259344481008
0.12244751392106669
0.1224424196068817
0.12243730619322869
0.12243217618493223
0.12242702985240615
0.12242186848397978
0.1224166913099244
0.1224114955153328
0.12240628289918022
0.12240105381127453
0.12239580913308133
0.12239054618175975
0.12238527701466106
0.12237999122354125
0.12237468892964058
0.12236937058702983
0.12236403313406019
0.12235867825620678
0.1223533064956083
0.12234791855857144
0.1223425124934211
0.12233708798875165
0.12233164608388927
0.12232618724205599
0.12232071190408128
0.12231520801934853
0.12230968463833233
0.1223041439136959
0.12229858678202128
0.12229301059464913
0.12228741557097428
0.12228180313990628
0.1222761802096359
0.1222705400241788
0.12226488018626135
0.12225920175727256
0.12225350527404477
0.12224778882739845
0.1222420522349879
0.1222362964637374
0.12223052265102737
0.1222247312783298
0.12221892150078058
0.1222130809880721
0.12220722115349762
0.12220134321207389
0.12219545251191732
0.12218954463837252
0.12218361941652879
0.12217767565863248
0.12217171468862008
0.12216573316055494
0.12215973132614513
0.12215371076975322
0.12214767199340225
0.12214161415059441
0.12213553575228922
0.12212943756534403
0.12212332066533725
0.12211718528775073
0.12211102915076193
0.12210485246498817
0.12209865671238214
0.12209244380026088
0.12208621047342189
0.12207995593471326
0.12207368203058311
0.12206739009360323
0.12206107713618455
0.1220547405777857
0.12204837417510006
0.12204198858897104
0.12203558314334371
0.12202915616014919
0.12202270817016567
0.12201624055737723
0.12200975339238539
0.12200324466748597
0.12199671417247829
0.12199016473828729
0.12198359638129115
0.1219770064327111
0.12197039404268288
0.12196377379048487
0.12195713669328247
0.12195047802238813
0.1219437963294033
0.1219370941257452
0.12193037254190907
0.12192362936189649
0.12191686255326777
0.12191007495893326
0.12190326736338213
0.12189642533853408
0.1218895598698382
0.12188267269586309
0.1218757649799608
0.1218688392517583
0.12186189629458638
0.12185493073314882
0.12184794236675708
0.12184093017941468
0.12183389490778433
0.12182683632584368
0.12181975650969795
0.12181265551256368
0.12180553097902286
0.12179838248266639
0.12179120625182517
0.12178400098559918
0.12177677256827209
0.12176952317467636
0.12176225595905014
0.1217549698198805
0.12174766349101258
0.12174033215228727
0.12173297870556783
0.12172560361608992
0.12171820528520151
0.12171078145154778
0.12170333580781692
0.1216958696159967
0.12168838008681414
0.1216808646018482
0.12167332648300357
0.1216657662919671
0.12165818263402227
0.1216505725879731
0.12164293965098887
0.12163528439872807
0.12162760551735283
0.12161989856225526
0.1216121551852862
0.1216043891974737
0.1215965993398804
0.12158878228010798
0.12158094176481773
0.12157307837604907
0.12156519087152792
0.12155727720257636
0.12154934076850538
0.1215413989599309
0.12153343281360685
0.12152543892971565
0.12151742118383428
0.12150938008561527
0.121501314275762
0.12149322049605175
0.1214850956994273
0.12147693828252352
0.12146875565323592
0.12146054805789762
0.12145232384127799
0.12144407122037203
0.12143579155881662
0.12142748341905175
0.12141915071653205
0.12141079388035686
0.12140241058094584
0.12139399902191554
0.12138556271057559
0.12137710208793895
0.12136860829106706
0.12136007567210558
0.12135151810262934
0.12134294053396832
0.12133433949525527
0.12132570890985747
0.12131706163900931
0.12130839250704073
0.12129969092348025
0.12129096336399497
0.12128221068302258
0.12127343380032733
0.12126462438351188
0.12125578875483797
0.12124692769934989
0.12123804180951252
0.12122912336942682
0.1212201784854641
0.12121120789517716
0.12120221174348862
0.1211931831363602
0.12118412364936187
0.12117502526542633
0.12116590024674277
0.12115674291698866
0.12114755867555381
0.12113834828339637
0.12112911777477105
0.12111987133350682
0.12111059788816925
0.12110129836392512
0.1210919692349258
0.12108260898963988
0.12107321452394901
0.12106378229234317
0.12105432171718433
0.12104483341735622
0.12103531790396437
0.12102577718228834
0.12101620061054419
0.1210065958210914
0.12099696357670185
0.12098730501032026
0.1209776109285604
0.12096788841214387
0.12095813827891454
0.1209483551675523
0.12093852305835208
0.12092866421520314
0.12091878307624486
0.12090887968747914
0.12089893854006768
0.12088897416018465
0.12087898642720918
0.12086896612685892
0.12085891307376927
0.12084883123772568
0.12083872380396016
0.1208285777790328
0.12081840202107733
0.12080819729204664
0.12079796551046985
0.12078769568077552
0.12077739590231985
0.12076706708698781
0.12075670934779438
0.1207463003340479
0.12073585538577536
0.12072538153360377
0.12071488179616992
0.12070436396156085
0.12069381838259684
0.12068324501740109
0.12067263550063426
0.12066198025443729
0.12065128468088175
0.12064056993518481
0.12062981449488609
0.12061902778975324
0.1206082107031294
0.12059736454213045
0.12058647862078978
0.12057556124133004
0.12056461369396859
0.12055363540664056
0.12054262051125414
0.12053157122140572
0.12052047361960426
0.12050933937815535
0.1204981726944761
0.12048698597184165
0.12047576663715728
0.12046450490314792
0.12045322049171585
0.12044190444599222
0.12043055843574517
0.12041917065360304
0.12040775011779686
0.12039629831241669
0.12038481319765662
0.12037328802770231
0.1203617299677686
0.12035014161826278
0.12033851363899586
0.12032684878285635
0.1203151362911986
0.12030339194959645
0.12029162572884922
0.12027982562368944
0.12026799137310014
0.12025611161053504
0.12024419041776065
0.12023223511187016
0.12022024774527004
0.12020822425372799
0.12019615995281761
0.12018406145705493
0.12017193781604708
0.12015976713361609
0.12014756132143678
0.12013532146333122
0.12012305049409795
0.12011072013631195
0.1200983433687765
0.1200859328850647
0.12007349859180531
0.12006102505264923
0.12004851156249821
0.12003596780192294
0.12002339262011827
0.1200107772693361
0.11999812596731115
0.11998544344551591
0.11997271295484521
0.1199599458840926
0.11994714382099739
0.11993430729812
0.1199214247205235
0.11990850548684151
0.11989555404109238
0.11988256557551576
0.119869525807741
0.1198564525434115
0.1198433393757204
0.11983017662507482
0.11981697608292172
0.11980374192839913
0.11979047427170211
0.11977715838787613
0.11976380463010079
0.11975041551620558
0.1197369866766331
0.11972351243318051
0.1197100003652585
0.11969644033341842
0.11968281723574041
0.1196691550604584
0.11965546824210098
0.11964175050352581
0.11962797693101622
0.11961416423241956
0.11960032642070148
0.11958645020025815
0.11957252662067348
0.11955856402536069
0.11954456975859123
0.11953052135834125
0.11951643274693466
0.11950230249510208
0.11948813368595233
0.11947394301518681
0.11945971357875182
0.11944540921309553
0.11943106683295471
0.11941667862546303
0.11940225023565074
0.11938778947108494
0.11937327267918649
0.11935871448234064
0.11934411663105218
0.11932948237018404
0.11931479425272287
0.11930006364551873
0.1192852754770992
0.11927043323758071
0.1192555402161133
0.11924061956244976
0.11922567245562937
0.1192106603205504
0.11919560552104883
0.1191805180566004
0.1191653992220301
0.11915022487406633
0.11913500790559076
0.11911974522873517
0.11910443361588932
0.11908906996523101
0.11907370750658372
0.11905832329427228
0.1190428549744023
0.11902731544475491
0.11901173251383933
0.11899611428771815
0.11898043903348275
0.11896471948115886
0.11894895879112395
0.11893315185964776
0.1189172918854979
0.11890138838255858
0.1188854471833396
0.11886941315487967
0.118853334120889
0.11883721380204745
0.11882107367146438
0.1188048723246769
0.11878862078704451
0.11877232802139594
0.11875599715082072
0.11873960757468766
0.11872317089769084
0.11870670142914787
0.11869017658400112
0.11867364911569123
0.11865706984741442
0.11864043446874743
0.11862373860936613
0.11860697405355307
0.11859015984671613
0.11857329573840578
0.11855637767663846
0.11853941401305845
0.11852241121112611
0.11850534393800966
0.11848822952300016
0.11847104999768461
0.11845380906876894
0.11843650741434646
0.11841917201481253
0.1184018069821651
0.1183843767512765
0.11836688112615493
0.11834934050209567
0.11833177447362711
0.11831414367080104
0.11829648676660394
0.11827880386018004
0.11826106783423268
0.11824326369314837
0.11822541155656685
0.11820752166681159
0.11818954567376896
0.11817150297554264
0.11815341555567191
0.11813528420727874
0.1181170860028916
0.11809883844563726
0.11808054495279875
0.11806216605825604
0.11804371934824917
0.11802522342828405
0.11800670634124864
0.11798811648195605
0.11796946775951579
0.11795076764166026
0.11793202034861086
0.11791324860649537
0.11789442901269367
0.11787557382169243
0.11785665560909116
0.11783767669410128
0.11781864770171102
0.11779957566893191
0.11778043118626585
0.1177612030004656
0.11774192515319962
0.11772259661088681
0.11770320027528737
0.11768375229981504
0.11766423244921319
0.11764463652801245
0.11762496688058345
0.11760525924468411
0.1175855197693827
0.11756570162904412
0.11754583573377556
0.11752593880337203
0.11750599568348946
0.11748598926257871
0.11746594350859113
0.1174458549763638
0.11742568837609753
0.11740546745165957
0.11738519439042168
0.11736487186746158
0.11734444652257416
0.11732396140471728
0.1173034270023826
0.11728283597300777
0.1172621318977179
0.11724135912841684
0.11722054038438713
0.11719965995365127
0.11717873727473031
0.11715778475623358
0.11713677623172059
0.11711569342573536
0.11709453869091971
0.11707337695919559
0.11705215014888413
0.1170308567494334
0.1170095086628732
0.11698811112508885
0.11696663248412012
0.11694510321091371
0.11692348380923849
0.11690179538233715
0.11688002643269789
0.11685815384954679
0.11683622982374586
0.11681423310779604
0.11679221478304673
0.11677016402629349
0.11674805308393206
0.11672584460921241
0.11670356438228668
0.11668127019949417
0.11665892784600593
0.11663651023521761
0.11661403842077456
0.11659152189397795
0.11656891959540819
0.11654624933775055
0.11652350242172618
0.11650067087555603
0.11647774115465044
0.11645471764576286
0.11643163804287616
0.11640852971865953
0.11638537948331189
0.11636217108159413
0.11633887084625165
0.11631547998379077
0.11629206515602375
0.11626860522357875
0.11624510263028423
0.11622151829787561
0.11619787219447712
0.1161741508609892
0.11615035883904253
0.11612649305761347
0.11610254439411524
0.11607849139351165
0.11605434024212793
0.11603014996505441
0.11600590799854148
0.11598163035903516
0.11595723497595867
0.11593276242156673
0.11590828487377498
0.11588373151556214
0.1158591144530241
0.11583444315530267
0.11580970088315759
0.11578486969677668
0.11575997467023169
0.11573501856471255
0.1157099980852225
0.11568483424050406
0.11565960214055199
0.11563430991478112
0.11560894702088674
0.1155835167566456
0.11555799555679509
0.11553245800315264
0.11550683885235655
0.11548114698615604
0.11545538584376945
0.11542957319015443
0.11540367550341989
0.11537771278832995
0.11535168861705256
0.1153255852714354
0.11529942174460914
0.11527311867528789
0.11524675286274305
0.11522029520661754
0.11519375124451217
0.11516715611958284
0.11514053621180556
0.11511380496259238
0.11508700658981329
0.11506014431235728
0.11503321214652672
0.11500621176915794
0.11497914666666112
0.11495203823908585
0.1149248604468774
0.11489756483999815
0.11487016663400604
0.11484266028828545
0.11481503861111697
0.11478738209449318
0.11475970130035375
0.11473190749110321
0.11470404184556698
0.11467611032586902
0.11464811223624827
0.11462004264167587
0.11459193085397355
0.11456377932370412
0.1145355441319673
0.11450716328093441
0.11447871287313223
0.11445007643192921
0.11442134906695726
0.11439261586858834
0.11436383798819386
0.1143349706827869
0.11430600631704305
0.11427697078147264
0.11424787677001524
0.11421877398570428
0.11418958356515924
0.11416032217463176
0.11413093665986289
0.11410142682280851
0.11407175651583398
0.1140419744556845
0.11401221921458883
0.11398238166323954
0.11395246022775944
0.11392247064130728
0.11389239907915959
0.1138622750525566
0.11383210249060942
0.11380186967726699
0.11377154288057773
0.11374104984867303
0.11371040128552337
0.11367967975226219
0.11364885683212525
0.1136180337574172
0.11358714625007821
0.11355615847972186
0.11352508108983186
0.1134939698753666
0.11346278286884187
0.1134315200541038
0.11340017324708115
0.11336867128122809
0.11333700407859068
0.11330523791735236
0.11327344367640192
0.11324161937074888
0.11320970429718284
0.1131776842430526
0.11314562831231245
0.11311349545969783
0.11308126997028047
0.11304893439689791
0.11301655008738352
0.1129839495945547
0.11295122112446959
0.11291841848669014
0.11288563491439928
0.11285278739621235
0.11281981466505256
0.11278680363365189
0.11275370194718123
0.1127204965902612
0.1126871741086398
0.11265377694205665
0.11262023749183397
0.11258653161868647
0.11255273758110738
0.112518947120398
0.1124851293705494
0.11245122648376131
0.11241723229576672
0.11238313182513081
0.11234891140626449
0.11231459827584364
0.11228018903235376
0.11224561869190065
0.11221090961933879
0.11217610425858705
0.11214132416312618
0.11210652326482676
0.1120716644801048
0.11203663116004653
0.11200150519336408
0.11196627864509537
0.11193094475702312
0.11189544475959273
0.11185981076769916
0.11182407033187755
0.1117882788694066
0.11175250060427983
0.111716699253073
0.11168079355587801
0.11164473247163709
0.11160856831261672
0.11157230020670372
0.1115358315986917
0.1114992515622762
0.11146252806275744
0.11142578030885816
0.11138904308330248
0.11135222937389695
0.1113153798338822
0.11127842110600766
0.11124128067600268
0.11120401570175616
0.11116658477296176
0.11112902898527914
0.11109129737770151
0.11105363946162448
0.11101592044428799
0.11097810308590891
0.11094025922842815
0.11090233165320985
0.11086424603828936
0.11082591101652753
0.11078747664924923
0.11074892388606708
0.11071024804889781
0.11067159205786772
0.11063287169104567
0.11059407872346554
0.1105552253092419
0.11051627413692673
0.11047713232015463
0.11043779097506953
0.11039833645722516
0.11035873835021234
0.11031913945214634
0.11027947118165875
0.11023970989703395
0.11019992356830001
0.11016006701910225
0.11012002026051013
0.11007978322385703
0.11003941118380495
0.1099989075944015
0.10995834645705252
0.10991770991430005
0.10987703390362881
0.1098362867552721
0.1097954559907692
0.10975444104060043
0.10971330706102368
0.10967201837099791
0.10963053537206266
0.10958905075064951
0.10954748035872644
0.10950581536261525
0.10946410505189609
0.10942226076357978
0.10938025873633506
0.10933820028674106
0.1092959651046663
0.10925356037916588
0.10921111577552711
0.10916855797102167
0.1091259110193206
0.10908320265051986
0.109040308140842
0.10899737728029209
0.10895433200539295
0.10891111792778
0.10886778858392147
0.1088243437018098
0.10878080264207587
0.10873711568964259
0.10869333944929035
0.10864951457543699
0.1086056076643445
0.10856157486814749
0.10851737371425492
0.10847303413687864
0.10842857277605696
0.10838391414522264
0.10833923798157466
0.10829451647855626
0.10824973696436922
0.10820479945654564
0.10815975254279364
0.10811447405730164
0.10806909415013755
0.1080234854281701
0.10797789046806332
0.10793225639575656
0.10788655041618503
0.10784071850318817
0.10779471121730298
0.10774853755857722
0.10770219184088989
0.10765571722624825
0.10760918822621775
0.10756263092518471
0.10751598083645486
0.10746920930950317
0.10742225612469379
0.1073751914908219
0.10732790521366413
0.10728047916900034
0.10723302223285495
0.10718552893070468
0.10713789976206237
0.10709018086311899
0.10704230086923422
0.10699428705355066
0.10694601650646567
0.10689765252485746
0.10684922563687363
0.10680075146839235
0.10675224563252654
0.10670352950988096
0.10665466176755173
0.10660564134573397
0.10655639264793362
0.10650706603049016
0.10645767225060385
0.10640835071039456
0.10635882529665076
0.10630906761260354
0.10625919955644157
0.10620912558126744
0.10615890231692685
0.10610861090383629
0.10605839342257768
0.10600807316126963
0.10595742958989561
0.10590665761663003
0.10585575392817609
0.10580466147038925
0.1057534865950993
0.10570244046588022
0.10565118284636034
0.10559967184109323
0.10554798466758575
0.10549618619986488
0.10544426487853215
0.10539226075107133
0.10534033881379809
0.10528806798589209
0.10523567322536516
0.10518307839443916
0.10513036039121376
0.1050775317195156
0.10502485523204247
0.10497186320494373
0.10491863900841619
0.10486528175354268
0.10481182963872629
0.10475820266318368
0.10470464214462749
0.10465096902868341
0.10459696987123457
0.1045428136514099
0.10448851322427244
0.10443413026597712
0.10437975897914303
0.10432530776637738
0.10427052677629894
0.10421553494342826
0.10416050523599565
0.10410529827442178
0.10405003302392483
0.103994785066431
0.103939327443049
0.1038835135126933
0.10382760761455545
0.10377165093133106
0.1037155794590765
0.10365941832525265
0.10360320329113558
0.10354665063047674
0.10348992439902152
0.10343311941354866
0.10337619402844803
0.10331919728295941
0.10326218835823908
0.10320486767104775
0.10314728126575384
0.1030896627702284
0.10303193490960964
0.10297405274883024
0.10291616487636084
0.10285809141037525
0.10279970652477828
0.10274119664236299
0.10268261660914348
0.10262389953321031
0.10256518011341915
0.10250617849537588
0.10244702631739408
0.10238771180742495
0.10232821457194965
0.10226865062771366
0.10220900619861792
0.10214925354807389
0.10208930167717523
0.1020290893694263
0.10196867162465693
0.10190823684065903
0.1018478416859786
0.10178716783808187
0.10172633873075938
0.10166518677493376
0.10160394930794688
0.10154267934848174
0.10148138168956285
0.10141985912554145
0.10135813961008332
0.10129600998053022
0.1012339483346285
0.10117193991696015
0.10110969555113758
0.1010472615885286
0.10098442939155855
0.1009215945419466
0.10085876179650927
0.10079580584243679
0.10073262532560374
0.10066911478565478
0.10060556706115062
0.1005418826401688
0.10047820238558493
0.10041425596169729
0.10035000024069814
0.1002856578627652
0.1002213028646891
0.10015678979998474
0.10009210492338093
0.10002703938254114
0.09996191893808942
0.09989693523534211
0.09983161190544926
0.09976609070473776
0.09970024674612155
0.0996344109605004
0.09956865790577417
0.09950256767778234
0.09943622044420733
0.09936963252001232
0.09930303751477247
0.09923641535119519
0.09916959738659872
0.09910249338821256
0.09903513179458157
0.09896769789918308
0.09890023940228827
0.09883267043070712
0.09876479980169338
0.09869661570446067
0.09862836224083772
0.09856013477528214
0.09849179385263288
0.09842313054754696
0.09835407887588322
0.09828506274640952
0.09821606225897823
0.09814688287292732
0.09807737427500417
0.09800749702459154
0.09793776041322641
0.09786791912502142
0.09779791725725173
0.09772747834572917
0.09765686171188519
0.09758633287250844
0.09751565503411468
0.09744474520634124
0.09737346821351528
0.09730212054296927
0.097230713978737
0.09715921606551689
0.09708743665256805
0.09701526107492045
0.09694315211683853
0.09687097786370995
0.09679854490594081
0.09672583094068296
0.09665286059301491
0.09658000599757523
0.09650694080353803
0.09643359797655314
0.09635989739156578
0.09628627238001716
0.0962126204344719
0.09613858222708428
0.09606434901711342
0.09598980582738326
0.09591551921459808
0.09584082558104912
0.09576593488787111
0.0956906114564932
0.09561555631979576
0.09554029122248925
0.09546467304286788
0.09538871350841067
0.09531278827417797
0.0952368450173002
0.0951605807466989
0.0950839196017694
0.09500721740931085
0.09493053257530178
0.09485350691125233
0.0947761979052103
0.0946987972432479
0.09462135751427969
0.09454357288741262
0.0944655782445443
0.09438749150730433
0.09430928350049694
0.09423073348718729
0.09415202272922138
0.09407331508370506
0.0939942890967688
0.09391497192571954
0.0938355487796728
0.0937560767749911
0.09367631394846447
0.09359620267746524
0.09351608789879377
0.09343584990255091
0.0933553657490306
0.09327442373104204
0.09319361798254727
0.09311256590499764
0.09303131315430742
0.09294962033248862
0.09286809359343147
0.09278624100244706
0.092704164328041
0.09262179123111715
0.09253943550625719
0.0924568011685341
0.09237390822496777
0.09229084273834684
0.09220765009935719
0.09212425665328856
0.09204056688002668
0.09195672744572247
0.09187274839051161
0.09178852741305824
0.09170414203522785
0.0916194377261917
0.09153466822766722
0.09144963296148026
0.0913644629204432
0.09127893836192644
0.09119341180342373
0.09110757181802569
0.09102153846506363
0.09093521701006338
0.09084881101652427
0.09076222300862698
0.09067535591567319
0.09058821312696919
0.0905008637312651
0.09041359047088296
0.09032581999768227
0.090237803513267
0.09014974911321705
0.0900615832259299
0.0899729049869382
0.08988403789207518
0.08979530010677611
0.08970617824936204
0.08961661082088726
0.08952691737446258
0.08943743204095723
0.08934724973116201
0.08925680296785911
0.08916640743554095
0.08907597947746833
0.0889849854065836
0.08889350806672347
0.08880240472207265
0.08871105271011412
0.088619039448928
0.08852683935753423
0.08843487527554679
0.08834251432709958
0.0882495079336028
0.08815665209116182
0.08806382266476824
0.0879703011927879
0.08787651239176461
0.08778302304750686
0.08768896012855627
0.0875943584779728
0.08750002555039295
0.08740563461559174
0.08731026183648145
0.08721502159601825
0.08712003582187482
0.08702415079413221
0.0869279923733788
0.08683216560953291
0.08673576715121066
0.08663884207994829
0.08654231866512356
0.08644530637085124
0.08634765915816596
0.08625018035890922
0.08615262889950816
0.08605435220880983
0.0859559662425508
0.08585764248547915
0.08575884027249746
0.08565962783297501
0.0855605338178627
0.08546102681100172
0.08536106478456369
0.08526125605817934
0.08516085669830975
0.08506029359448311
0.08495959546334321
0.08485851870063485
0.08475728775843636
0.08465571170912664
0.08455387176699192
0.08445181865008101
0.0843495645827194
0.08424697800497469
0.084144019082082
0.08404092891298977
0.08393770690611553
0.08383403069641958
0.08373007551304233
0.08362600925211588
0.08352158672355142
0.08341691590554265
0.08331197303186587
0.0832067681965243
0.08310117849256105
0.08299542258698907
0.0828896107038745
0.08278312302895546
0.08267643329744809
0.08256984963030521
0.0824625963284778
0.08235509385819656
0.08224755214362564
0.08213948548891008
0.08203118497095985
0.0819227716804989
0.08181394716471428
0.08170472088174971
0.0815952987371129
0.08148580814462832
0.08137571475837313
0.08126535983536196
0.08115501931886132
0.0810439702309761
0.08093282184336217
0.0808216088613405
0.08070965351568335
0.0805975512188285
0.08048540384183137
0.08037271964837452
0.08025974001256163
0.08014648163151795
0.08003287162450784
0.07991919462547982
0.0798049114452531
0.07969036960362459
0.07957580996822601
0.0794605036863687
0.07934514758654983
0.07922962525008577
0.07911339700316199
0.07899701275447162
0.07888045897968818
0.07876344579263354
0.07864611288403223
0.07852845979442848
0.07841049406082382
0.07829230048960974
0.07817355748902462
0.07805471680404001
0.0779353625229018
0.07781555157308957
0.07769597262502637
0.07757542348290714
0.07745486098418139
0.07733412919226099
0.07721224737657764
0.07709113796776337
0.07696903938496556
0.07684626615031434
0.07672420614966512
0.07660067317882541
0.07647725564591297
0.07635405501218777
0.07622931197714417
0.07610504549570239
0.07598036104203784
0.07585485883386228
0.07572965902206519
0.07560359036838733
0.0754770581256071
0.07535081391797026
0.07522363456093001
0.07509612725086656
0.0749685105101324
0.0748400315546727
0.07471175425858216
0.0745828325475086
0.07445324815409149
0.0743238818150712
0.07419344255010614
0.07406331343687277
0.07393238000304764
0.0738007226995833
0.07366945453168418
0.07353713896569414
0.07340477985674813
0.07327213104547146
0.0731383807380996
0.07300490221936512
0.07287087379790969
0.07273627424690374
0.07260157787252453
0.07246588267181206
0.07233013413877241
0.07219418240588925
0.07205738376343936
0.07192036837290673
0.07178292623679766
0.07164476088986682
0.07150659469886628
0.07136773153576352
0.0712282450781047
0.0710888934765439
0.07094841755339137
0.07080800616553021
0.07066698167194896
0.0705252198006487
0.070383595882044
0.07024074144904056
0.07009816887177305
0.06995460161964322
0.06981086162699472
0.06966639804725706
0.06952158485419714
0.06937644742427299
0.06923053045675331
0.06908448840838131
0.06893729948373092
0.06879035666560891
0.06864238251630142
0.06849444189545813
0.06834563754433874
0.06819617273104855
0.06804654934290011
0.06789590635743367
0.06774552027615248
0.06759387540208081
0.06744210679902236
0.06728971837782953
0.0671365574282043
0.06698349811666564
0.06682910548982358
0.06667479857177605
0.06651947690753454
0.06636376578909926
0.06620772849218534
0.06605081363717209
0.06589358936415443
0.06573534114735341
0.06557697920744154
0.06541788597250829
0.06525830076392787
0.06509794324370749
0.06493709837843833
0.06477551166701025
0.06461347304791745
0.06445094545319016
0.06428752041155257
0.06412387392069918
0.06395898890726312
0.06379423546722368
0.0636282696660344
0.0634618562926587
0.06329474305893676
0.0631266898533511
0.0629589215014104
0.06278934214746856
0.0626204778471402
0.06244932084065512
0.0622788528529827
0.06210661636406552
0.061934654127379966
0.06176145811903677
0.06158764694085191
0.061413243198406
0.06123778745074397
0.061062117788721844
0.060885365541455384
0.06070809169344673
0.0605298894273857
0.060351003599697424
0.060171550596382184
0.05999107520213866
0.059810235210311403
0.05962797246274655
0.0594456910940747
0.05926174008761647
0.0590779744643307
0.058892750881117374
0.05870698332517418
0.05852028319839891
0.0583326673824379
0.05814465525895046
0.05795522026283636
0.057765673597822906
0.057574220005484573
0.05738296400114908
0.05718989276615616
0.05699685343703095
0.056802181334975
0.05660712415825419
0.05641062911131435
0.05621369636539626
0.056015467400385655
0.05581674549736423
0.055616627537619506
0.05541577252217893
0.05521382217568101
0.05501099905943889
0.054807238572594646
0.054602417130330635
0.05439657585609843
0.054189561163609005
0.05398172243879325
0.05377270570757014
0.053562746951270314
0.05335164012566835
0.05313922511407915
0.052926020428854484
0.052711313670071286
0.05249603865514654
0.05227905362718227
0.05206140640810858
0.0518419138515766
0.05162202552283746
0.05140016507468322
0.05117796552611361
0.05095362231235912
0.050728740562530336
0.05050186054601409
0.05027441344536485
0.050045121427219945
0.049815053439876536
0.049583051523596496
0.04935007632181796
0.04911538251129736
0.0488795806460795
0.04864224173582062
0.048403565164854424
0.04816319358988391
0.04792139891408953
0.047678139742832464
0.04743335629444
0.04718707995234939
0.04693920857434558
0.04668948406496854
0.046438372384608684
0.04618531230638671
0.04593099151418122
0.04567456473560358
0.04541670414868247
0.045156652021778654
0.0448950591886769
0.04463150179870596
0.04436622574929209
0.04409900711752807
0.04382971917907327
0.043558437772881674
0.04328510862558664
0.04300982661154692
0.042732481104193205
0.042453004849413174
0.042171083097816274
0.041887091066301764
0.04160064618758764
0.04131215705287776
0.04102117242837926
0.04072793709393114
0.04043177242906182
0.04013342168385287
0.03983217085450881
0.03952860423293619
0.03922221057431495
0.03891311736742608
0.03860084997195094
0.03828587109721276
0.03796775233455795
0.037646756931009134
0.037322664047542774
0.036995267182366634
0.03666429710142816
0.036330098424405315
0.03599223659607442
0.03565099850970653
0.035306058193971854
0.03495724754527335
0.0346042049861578
0.034247281043288766
0.03388603443544358
0.03352065308746238
0.03315076284821006
0.03277631365937995
0.032396746331366195
0.03201237302903666
0.03162270922371861
0.031227969568000134
0.030827831996171322
0.030422181244046005
0.03001037540173508
0.029592520191480284
0.02916823712351431
0.028737371627369498
0.02829954147972855
0.027854549225392558
0.027401460473687606
0.026940302266310178
0.0264705036219359
0.02599183793546654
0.025503568326296654
0.025005523505127695
0.0244961958399495
0.023975443323710953
0.02344239122146615
0.022896318766463242
0.022336225337861903
0.021761445006205974
0.021170535391580855
0.020562073882379274
0.01993472032859703
0.01928647255788733
0.018615214224587517
0.01791830065098533
0.017192581105954213
0.016433385613183756
0.015636429364598983
0.014795538829259465
0.013902688217862275
0.012947154991317147
0.011914266902135115
0.010779700249087287
0.009508894561462145
0.008039573182140353
0.006232168823396802
0.0036063036553555545
0.0
0.0
0.0
0.0
0.0
0.0
0.0
0.0
0.0
0.0
0.0
0.0
0.0
0.0
0.0
0.0
0.0
0.0
0.0
0.0
0.0
0.0
0.0
0.0
0.0
0.0
0.0
0.0
0.0
0.0
0.0
0.0
0.0
0.0
0.0
0.0
0.0
0.0
0.0
0.0
0.0
0.0
0.0
0.0
0.0
0.0
0.0
0.0
0.0
0.0
0.0
0.0
0.0
0.0
0.0
0.0
0.0
0.0
0.0
0.0
0.0
0.0
0.0
0.0
0.0
0.0
0.0
0.0
0.0
0.0
0.0
0.0
0.0
0.0
0.0
0.0
0.0
0.0
0.0
0.0
0.0
0.0
0.0
0.0
0.0
0.0
0.0
0.0
0.0
0.0
0.0
0.0
0.0
0.0
0.0
0.0
0.0
0.0
0.0
0.0
0.0
0.0
0.0
0.0
0.0
0.0
0.0
0.0
0.0
0.0
0.0
0.0
0.0
0.0
0.0
0.0
0.0
0.0
0.0
0.0
0.0
0.0
0.0
0.0
0.0
0.0
0.0
0.0
0.0
0.0
0.0
0.0
0.0
0.0
0.0
0.0
0.0
0.0
0.0
0.0
0.0
0.0
0.0
0.0
0.0
0.0
0.0
0.0
0.0
0.0
0.0
0.0
0.0
0.0
0.0
0.0
0.0
0.0
0.0
0.0
0.0
0.0
0.0
0.0
0.0
0.0
0.0
0.0
0.0
0.0
0.0
0.0
0.0
0.0
0.0
0.0
0.0
0.0
0.0
0.0
0.0
0.0
0.0
0.0
0.0
0.0
0.0
0.0
0.0
0.0
0.0
0.0
0.0
0.0
0.0
0.0
0.0
0.0
0.0
0.0
0.0
0.0
0.0
0.0
0.0
0.0
0.0
0.0
0.0
0.0
0.0
0.0
0.0
0.0
0.0
0.0
0.0
0.0
0.0
0.0
0.0
0.0
0.0
0.0
0.0
0.0
0.0
0.0
0.0
0.0
0.0
0.0
0.0
0.0
0.0
0.0
0.0
0.0
0.0
0.0
0.0
0.0
0.0
0.0
0.0
0.0
0.0
0.0
0.0
0.0
0.0
0.0
0.0
0.0
0.0
0.0
0.0
0.0
0.0
0.0
0.0
0.0
0.0
0.0
0.0
0.0
0.0
0.0
0.0
0.0
0.0
0.0
0.0
0.0
0.0
0.0
0.0
0.0
0.0
0.0
0.0
0.0
0.0
0.0
0.0
0.0
0.0
0.0
0.0
0.0
0.0
0.0
0.0
0.0
0.0
0.0
0.0
0.0
0.0
0.0
0.0
0.0
0.0
0.0
0.0
0.0
0.0
0.0
0.0
0.0
0.0
0.0
0.0
0.0
0.0
0.0
0.0
0.0
0.0
0.0
0.0
0.0
0.0
0.0
0.0
0.0
0.0
0.0
0.0
0.0
0.0
0.0
0.0
0.0
0.0
0.0
0.0
0.0
0.0
0.0
0.0
0.0
0.0
0.0
0.0
0.0
0.0
0.0
0.0
0.0
0.0
0.0
0.0
0.0
0.0
0.0
0.0
0.0
0.0
0.0
0.0
0.0
0.0
0.0
0.0
0.0
0.0
0.0
0.0
0.0
0.0
0.0
0.0
0.0
0.0
0.0
0.0
0.0
0.0
0.0
0.0
0.0
0.0
0.0
0.0
0.0
0.0
0.0
0.0
0.0
0.0
0.0
0.0
0.0
0.0
0.0
0.0
0.0
0.0
0.0
0.0
0.0
0.0
0.0
0.0
0.0
0.0
0.0
0.0
0.0
0.0
0.0
0.0
0.0
0.0
0.0
0.0
0.0
0.0
0.0
0.0
0.0
0.0
0.0
0.0
0.0
0.0
0.0
0.0
0.0
0.0
0.0
0.0
0.0
0.0
0.0
0.0
0.0
0.0
0.0
0.0
0.0
0.0
0.0
0.0
0.0
0.0
0.0
0.0
0.0
0.0
0.0
0.0
0.0
0.0
0.0
0.0
0.0
0.0
0.0
0.0
0.0
0.0
0.0
0.0
0.0
0.0
0.0
0.0
0.0
0.0
0.0
0.0
0.0
0.0
0.0
0.0
0.0
0.0
0.0
0.0
0.0
0.0
0.0
0.0
0.0
0.0
0.0
0.0
0.0
0.0
0.0
0.0
0.0
0.0
0.0
0.0
0.0
0.0
0.0
0.0
0.0
0.0
0.0
0.0
0.0
0.0
0.0
0.0
0.0
0.0
0.0
0.0
0.0
0.0
0.0
0.0
0.0
0.0
0.0
0.0
0.0
0.0
0.0
0.0
0.0
0.0
0.0
0.0
0.0
0.0
0.0
0.0
0.0
0.0
0.0
0.0
0.0
0.0
0.0
0.0
0.0
0.0
0.0
0.0
0.0
0.0
0.0
0.0
0.0
0.0
0.0
0.0
0.0
0.0
0.0
0.0
0.0
0.0
0.0
0.0
0.0
0.0
0.0
0.0
0.0
0.0
0.0
0.0
0.0
0.0
0.0
0.0
0.0
0.0
0.0
0.0
0.0
0.0
0.0
0.0
0.0
0.0
0.0
0.0
0.0
0.0
0.0
0.0
0.0
0.0
0.0
0.0
0.0
0.0
0.0
0.0
0.0
0.0
0.0
0.0
0.0
0.0
0.0
0.0
0.0
0.0
0.0
0.0
0.0
0.0
0.0
0.0
0.0
0.0
0.0
0.0
0.0
0.0
0.0
0.0
0.0
0.0
0.0
0.0
0.0
0.0
0.0
0.0
0.0
0.0
0.0
0.0
0.0
0.0
0.0
0.0
0.0
0.0
0.0
0.0
0.0
0.0
0.0
0.0
0.0
0.0
0.0
0.0
0.0
0.0
0.0
0.0
0.0
0.0
0.0
0.0
0.0
0.0
0.0
0.0
0.0
0.0
0.0
0.0
0.0
0.0
0.0
0.0
0.0
0.0
0.0
0.0
0.0
0.0
0.0
0.0
0.0
0.0
0.0
0.0
0.0
0.0
0.0
0.0
0.0
0.0
0.0
0.0
0.0
0.0
0.0
0.0
0.0
0.0
0.0
0.0
0.0
0.0
0.0
0.0
0.0
0.0
0.0
0.0
0.0
0.0
0.0
0.0
0.0
0.0
0.0
0.0
0.0
0.0
0.0
0.0
0.0
0.0
0.0
0.0
0.0
0.0
0.0
0.0
0.0
0.0
0.0
0.0
0.0
0.0
0.0
0.0
0.0
0.0
0.0
0.0
0.0
0.0
0.0
0.0
0.0
0.0
0.0
0.0
0.0
0.0
0.0
0.0
0.0
0.0
0.0
0.0
0.0
0.0
0.0
0.0
0.0
0.0
0.0
0.0
0.0
0.0
0.0
0.0
0.0
0.0
0.0
0.0
0.0
0.0
0.0
0.0
0.0
0.0
0.0
0.0
0.0
0.0
0.0
0.0
0.0
0.0
0.0
0.0
0.0
0.0
0.0
0.0
0.0
0.0
0.0
0.0
0.0
0.0
0.0
0.0
0.0
0.0
0.0
0.0
0.0
0.0
0.0
0.0
0.0
0.0
0.0
0.0
0.0
0.0
0.0
0.0
0.0
0.0
0.0
0.0
0.0
0.0
0.0
0.0
0.0
0.0
0.0
0.0
0.0
0.0
0.0
0.0
0.0
0.0
0.0
0.0
0.0
0.0
0.0
0.0
0.0
0.0
0.0
0.0
0.0
0.0
0.0
0.0
0.0
0.0
0.0
0.0
0.0
0.0
0.0
0.0
0.0
0.0
0.0
0.0
0.0
0.0
0.0
0.0
0.0
0.0
0.0
0.0
0.0
0.0
0.0
0.0
0.0
0.0
0.0
0.0
0.0
0.0
0.0
0.0
0.0
0.0
0.0
0.0
0.0
0.0
0.0
0.0
0.0
0.0
0.0
0.0
0.0
0.0
0.0
0.0
0.0
0.0
0.0
0.0
0.0
0.0
0.0
0.0
0.0
0.0
0.0
0.0
0.0
0.0
0.0
0.0
0.0
0.0
0.0
0.0
0.0
0.0
0.0
0.0
0.0
0.0
0.0
0.0
0.0
0.0
0.0
0.0
0.0
0.0
0.0
0.0
0.0
0.0
0.0
0.0
0.0
0.0
0.0
0.0
0.0
0.0
0.0
0.0
0.0
0.0
0.0
0.0
0.0
0.0
0.0
0.0
0.0
0.0
0.0
0.0
0.0
0.0
0.0
0.0
0.0
0.0
0.0
0.0
0.0
0.0
0.0
0.0
0.0
0.0
0.0
0.0
0.0
0.0
0.0
0.0
0.0
0.0
0.0
0.0
0.0
0.0
0.0
0.0
0.0
0.0
0.0
0.0
0.0
0.0
0.0
0.0
0.0
0.0
0.0
0.0
0.0
0.0
0.0
0.0
0.0
0.0
0.0
0.0
0.0
0.0
0.0
0.0
0.0
0.0
0.0
0.0
0.0
0.0
0.0
0.0
0.0
0.0
0.0
0.0
0.0
0.0
0.0
0.0
0.0
0.0
0.0
0.0
0.0
0.0
0.0
0.0
0.0
0.0
0.0
0.0
0.0
0.0
0.0
0.0
0.0
0.0
0.0
0.0
0.0
0.0
0.0
0.0
0.0
0.0
0.0
0.0
0.0
0.0
0.0
0.0
0.0
0.0
0.0
0.0
0.0
0.0
0.0
0.0
0.0
0.0
0.0
0.0
0.0
0.0
0.0
0.0
0.0
0.0
0.0
0.0
0.0
0.0
0.0
0.0
0.0
0.0
0.0
0.0
0.0
0.0
0.0
0.0
0.0
0.0
0.0
0.0
0.0
0.0
0.0
0.0
0.0
0.0
0.0
0.0
0.0
0.0
0.0
0.0
0.0
0.0
0.0
0.0
0.0
0.0
0.0
0.0
0.0
0.0
0.0
0.0
0.0
0.0
0.0
0.0
0.0
0.0
0.0
0.0
0.0
0.0
0.0
0.0
0.0
0.0
0.0
0.0
0.0
0.0
0.0
0.0
0.0
0.0
0.0
0.0
0.0
0.0
0.0
0.0
0.0
0.0
0.0
0.0
0.0
0.0
0.0
0.0
0.0
0.0
0.0
0.0
0.0
0.0
0.0
0.0
0.0
0.0
0.0
0.0
0.0
0.0
0.0
0.0
0.0
0.0
0.0
0.0
0.0
0.0
0.0
0.0
0.0
0.0
0.0
0.0
0.0
0.0
0.0
0.0
0.0
0.0
0.0
0.0
0.0
0.0
0.0
0.0
0.0
0.0
0.0
0.0
0.0
0.0
0.0
0.0
0.0
0.0
0.0
0.0
0.0
0.0
0.0
0.0
0.0
0.0
0.0
0.0
0.0
0.0
0.0
0.0
0.0
0.0
0.0
0.0
0.0
0.0
0.0
0.0
0.0
0.0
0.0
0.0
0.0
0.0
0.0
0.0
0.0
0.0
0.0
0.0
0.0
0.0
0.0
0.0
0.0
0.0
0.0
0.0
0.0
0.0
0.0
0.0
0.0
0.0
0.0
0.0
0.0
0.0
0.0
0.0
0.0
0.0
0.0
0.0
0.0
0.0
0.0
0.0
0.0
0.0
0.0
0.0
0.0
0.0
0.0
0.0
0.0
0.0
0.0
0.0
0.0
0.0
0.0
0.0
0.0
0.0
0.0
0.0
0.0
0.0
0.0
0.0
0.0
0.0
0.0
0.0
0.0
0.0
0.0
0.0
0.0
0.0
0.0
0.0
0.0
0.0
0.0
0.0
0.0
0.0
0.0
0.0
0.0
0.0
0.0
0.0
0.0
0.0
0.0
0.0
0.0
0.0
0.0
0.0
0.0
0.0
0.0
0.0
0.0
0.0
0.0
0.0
0.0
0.0
0.0
0.0
0.0
0.0
0.0
0.0
0.0
0.0
0.0
0.0
0.0
0.0
0.0
0.0
0.0
0.0
0.0
0.0
0.0
0.0
0.0
0.0
0.0
0.0
0.0
0.0
0.0
0.0
0.0
0.0
0.0
0.0
0.0
0.0
0.0
0.0
0.0
0.0
0.0
0.0
0.0
0.0
0.0
0.0
0.0
0.0
0.0
0.0
0.0
0.0
0.0
0.0
0.0
0.0
0.0
0.0
0.0
0.0
0.0
0.0
0.0
0.0
0.0
0.0
0.0
0.0
0.0
0.0
0.0
0.0
0.0
0.0
0.0
0.0
0.0
0.0
0.0
0.0
0.0
0.0
0.0
0.0
0.0
0.0
0.0
0.0
0.0
0.0
0.0
0.0
0.0
0.0
0.0
0.0
0.0
0.0
0.0
0.0
0.0
0.0
0.0
0.0
0.0
0.0
0.0
0.0
0.0
0.0
0.0
0.0
0.0
0.0
0.0
0.0
0.0
0.0
0.0
0.0
0.0
0.0
0.0
0.0
0.0
0.0
0.0
0.0
0.0
0.0
0.0
0.0
0.0
0.0
0.0
0.0
0.0
0.0
0.0
0.0
0.0
0.0
0.0
0.0
0.0
0.0
0.0
0.0
0.0
0.0
0.0
0.0
0.0
0.0
0.0
0.0
0.0
0.0
0.0
0.0
0.0
0.0
0.0
0.0
0.0
0.0
0.0
0.0
0.0
0.0
0.0
0.0
0.0
0.0
0.0
0.0
0.0
0.0
0.0
0.0
0.0
0.0
0.0
0.0
0.0
0.0
0.0
0.0
0.0
0.0
0.0
0.0
0.0
0.0
0.0
0.0
0.0
0.0
0.0
0.0
0.0
0.0
0.0
0.0
0.0
0.0
0.0
0.0
0.0
0.0
0.0
0.0
0.0
0.0
0.0
0.0
0.0
0.0
0.0
0.0
0.0
0.0
0.0
0.0
0.0
0.0
0.0
0.0
0.0
0.0
0.0
0.0
0.0
0.0
0.0
0.0
0.0
0.0
0.0
0.0
0.0
0.0
0.0
0.0
0.0
0.0
0.0
0.0
0.0
0.0
0.0
0.0
0.0
0.0
0.0
0.0
0.0
0.0
0.0
0.0
0.0
0.0
0.0
0.0
0.0
0.0
0.0
0.0
0.0
0.0
0.0
0.0
0.0
0.0
0.0
0.0
0.0
0.0
0.0
0.0
0.0
0.0
0.0
0.0
0.0
0.0
0.0
0.0
0.0
0.0
0.0
0.0
0.0
0.0
0.0
0.0
0.0
0.0
0.0
0.0
0.0
0.0
0.0
0.0
0.0
0.0
0.0
0.0
0.0
0.0
0.0
0.0
0.0
0.0
0.0
0.0
0.0
0.0
0.0
0.0
0.0
0.0
0.0
0.0
0.0
0.0
0.0
0.0
0.0
0.0
0.0
0.0
0.0
0.0
0.0
0.0
0.0
0.0
0.0
0.0
0.0
0.0
0.0
0.0
0.0
0.0
0.0
0.0
0.0
0.0
0.0
0.0
0.0
0.0
0.0
0.0
0.0
0.0
0.0
0.0
0.0
0.0
0.0
0.0
0.0
0.0
0.0
0.0
0.0
0.0
0.0
0.0
0.0
0.0
0.0
0.0
0.0
0.0
0.0
0.0
0.0
0.0
0.0
0.0
0.0
0.0
0.0
0.0
0.0
0.0
0.0
0.0
0.0
0.0
0.0
0.0
0.0
0.0
0.0
0.0
0.0
0.0
0.0
0.0
0.0
0.0
0.0
0.0
0.0
0.0
0.0
0.0
0.0
0.0
0.0
0.0
0.0
0.0
0.0
0.0
0.0
0.0
0.0
0.0
0.0
0.0
0.0
0.0
0.0
0.0
0.0
0.0
0.0
0.0
0.0
0.0
0.0
0.0
0.0
0.0
0.0
0.0
0.0
0.0
0.0
0.0
0.0
0.0
0.0
0.0
0.0
0.0
0.0
0.0
0.0
0.0
0.0
0.0
0.0
0.0
0.0
0.0
0.0
0.0
0.0
0.0
0.0
0.0
0.0
0.0
0.0
0.0
0.0
0.0
0.0
0.0
0.0
0.0
0.0
0.0
0.0
0.0
0.0
0.0
0.0
0.0
0.0
0.0
0.0
0.0
0.0
0.0
0.0
0.0
0.0
0.0
0.0
0.0
0.0
0.0
0.0
0.0
0.0
0.0
0.0
0.0
0.0
0.0
0.0
0.0
0.0
0.0
0.0
0.0
0.0
0.0
0.0
0.0
0.0
0.0
0.0
0.0
0.0
0.0
0.0
0.0
0.0
0.0
0.0
0.0
0.0
0.0
0.0
0.0
0.0
0.0
0.0
0.0
0.0
0.0
0.0
0.0
0.0
0.0
0.0
0.0
0.0
0.0
0.0
0.0
0.0
0.0
0.0
0.0
0.0
0.0
0.0
0.0
0.0
0.0
0.0
0.0
0.0
0.0
0.0
0.0
0.0
0.0
0.0
0.0
0.0
0.0
0.0
0.0
0.0
0.0
0.0
0.0
0.0
0.0
0.0
0.0
0.0
0.0
0.0
0.0
0.0
0.0
0.0
0.0
0.0
0.0
0.0
0.0
0.0
0.0
0.0
0.0
0.0
0.0
0.0
0.0
0.0
0.0
0.0
0.0
0.0
0.0
0.0
0.0
0.0
0.0
0.0
0.0
0.0
0.0
0.0
0.0
0.0
0.0
0.0
0.0
0.0
0.0
0.0
0.0
0.0
0.0
0.0
0.0
0.0
0.0
0.0
0.0
0.0
0.0
0.0
0.0
0.0
0.0
0.0
0.0
0.0
0.0
0.0
0.0
0.0
0.0
0.0
0.0
0.0
0.0
0.0
0.0
0.0
0.0
