0.3459341488707652
0.3459318736726921
0.3459296899102867
0.3459274813425787
0.34592524693970356
0.34592298994008625
0.34592071297148286
0.3459184179779451
0.34591610652794286
0.3459137797961209
0.34591143861553375
0.3459090837400198
0.34590671577677873
0.3459043350792594
0.3459019421461297
0.34589953732486384
0.3458971259936308
0.34589470487049323
0.34589227251961024
0.3458898267129933
0.34588736805777925
0.34588489862244154
0.3458824184388908
0.3458799276377795
0.34587742628694723
0.345874914455483
0.345872392234416
0.3458698596676453
0.34586731682042726
0.3458647636768559
0.3458622003378716
0.34585962682322097
0.34585704317058846
0.3458544513050681
0.3458518508790179
0.345849240391622
0.3458466199020216
0.3458439894145919
0.34584134888096346
0.3458386983754439
0.34583603785837463
0.3458333673164358
0.3458306867952375
0.3458279962977822
0.34582529579783167
0.3458225852923037
0.3458198647689389
0.3458171342093178
0.3458143936552134
0.34581164308958284
0.34580888253401615
0.3458061124664757
0.3458033340523446
0.3458005455979963
0.34579774702943344
0.34579493840766534
0.3457921197502915
0.34578929087979565
0.34578645191484597
0.34578360286467413
0.34578074363697203
0.34577787419050393
0.34577499455454164
0.3457721047365411
0.34576920468378874
0.3457662943789164
0.34576337379994665
0.3457604429210565
0.3457575017356085
0.3457545502165716
0.345751588363714
0.34574861761575265
0.3457456366311399
0.34574264523380305
0.3457396434369527
0.3457366312816914
0.34573360851165763
0.3457305752138241
0.34572753149724766
0.34572447714629645
0.345721412183144
0.34571833665370527
0.34571525046170604
0.34571215360873764
0.34570904608006914
0.3457059277934405
0.34570279879534166
0.3456996590253766
0.3456965083735565
0.3456933470245234
0.34569017461967694
0.34568699153539967
0.34568379889687884
0.34568059509062976
0.3456773804302224
0.34567415484805086
0.3456709182727873
0.34566767041903
0.3456644111705534
0.34566114072976667
0.3456578591665087
0.3456545664364406
0.34565126235522725
0.3456479469724234
0.34564462041077587
0.3456412825609443
0.3456379333771422
0.3456345728498009
0.34563120102840056
0.3456278177553047
0.3456244230187731
0.3456210167627756
0.34561759896507727
0.34561416959642133
0.3456107294736011
0.34560727798355645
0.34560381482527214
0.34560033996793615
0.34559685337880064
0.34559335501965105
0.3455898448640015
0.34558632288165914
0.3455827890515966
0.3455792433582998
0.34557568579828996
0.3455721161712742
0.34556853441751434
0.34556494063082466
0.345561334787807
0.3455577168861041
0.3455540869145139
0.3455504447208773
0.34554679011077377
0.34554312327924624
0.34553944425086636
0.3455357530973601
0.3455320491563905
0.34552833285010925
0.3455246048513042
0.345520864936061
0.34551711209608826
0.34551334675645773
0.34550956911423947
0.3455057786073178
0.34550197534287974
0.34549815957000435
0.3454943310080111
0.34549048952489336
0.3454866354829208
0.34548276841139
0.3454788884639274
0.34547499626267125
0.34547109103891344
0.3454671726252867
0.3454632413264096
0.3454592968563467
0.34545533923374366
0.34545136859372816
0.3454473844616779
0.34544338746126196
0.3454393765776098
0.345435352654379
0.345431315382955
0.3454272645198975
0.345423200884542
0.34541912380112816
0.3454150335625079
0.34541092933479783
0.34540681185883887
0.3454026803433205
0.34539853543628446
0.34539437648474497
0.34539020395865616
0.3453860174108576
0.3453818170910146
0.3453776027786804
0.34537337450588085
0.3453691322643188
0.34536487588520665
0.34536060559386866
0.34535632102765307
0.3453520220717514
0.34534770911989104
0.3453433816297293
0.345339040089114
0.34533468400080874
0.34533031359305
0.3453259289167849
0.3453215291610071
0.3453171153708894
0.34531268672271914
0.3453082434360352
0.34530378586178784
0.34529931341246034
0.3452948268265898
0.34529032570674256
0.3452858088752087
0.3452812776839348
0.3452767315758395
0.34527217005803174
0.34526759382991196
0.34526300246325464
0.3452583957028779
0.34525377398974727
0.3452491370900753
0.34524448458976054
0.3452398168858061
0.3452351341312703
0.34523043550679133
0.3452257212389209
0.34522099192895367
0.3452162468241974
0.34521148504454285
0.34520670748166843
0.345201914272388
0.34519710498856643
0.34519227974513744
0.34518743901716975
0.3451825823624848
0.3451777091746358
0.34517282022968165
0.3451679154675711
0.34516299465424377
0.3451580568419333
0.34515310323563286
0.34514813419472234
0.3451431490008024
0.34513814664168296
0.34513312812733826
0.34512809338537365
0.3451230422503253
0.3451179741476798
0.34511288918310773
0.34510778777734996
0.3451026698275352
0.3450975351881467
0.34509238313091284
0.3450872141190355
0.3450820284254038
0.3450768258802308
0.34507160636589695
0.3450663692944265
0.3450611148060312
0.3450558433818292
0.34505055484452735
0.3450452492455292
0.34503992691759733
0.345034586760636
0.34502922900223354
0.34502385400389946
0.3450184615125058
0.3450130514303118
0.34500762357351594
0.3450021775165807
0.3449967134326219
0.34499123179021646
0.34498573231962915
0.34498021491380165
0.34497467950066
0.3449691259865617
0.34496355357849273
0.3449579636466171
0.3449523556451452
0.3449467293988367
0.34494108480985985
0.3449354218031336
0.3449297403531097
0.34492404038573377
0.3449183208984499
0.3449125830975137
0.3449068321872575
0.34490106256867586
0.34489527478858995
0.34488946892783817
0.3448836433781555
0.3448777988131338
0.3448719351675008
0.34486605179615976
0.34486014903547385
0.3448542272772829
0.3448482862833749
0.3448423259407856
0.34483634616798153
0.34483034689159675
0.34482432804250523
0.34481828955469507
0.344812231362854
0.3448061534013098
0.3448000555040142
0.3447939373375152
0.34478779894866046
0.34478164082850965
0.3447754626961947
0.34476926445003825
0.3447630460094354
0.3447568073003891
0.3447505482537206
0.34474426880033326
0.3447379688709602
0.34473164839875187
0.3447253073197672
0.3447189456659755
0.3447125636875923
0.3447061609037163
0.344699737246741
0.3446932926506583
0.34468682704770043
0.3446803403714667
0.3446738318559451
0.3446673023671351
0.3446607517499813
0.34465417984305813
0.3446475865569241
0.3446409718128157
0.3446343355352427
0.3446276776529051
0.34462099809392016
0.34461429678722194
0.3446075736632695
0.34460082865043246
0.3445940616788274
0.3445872726780072
0.34458046157739064
0.34457362830760346
0.34456677279783954
0.3445598949765028
0.34455299477205886
0.3445460721138828
0.3445391269308458
0.3445321591507546
0.3445251687029297
0.34451815551601633
0.3445111195172019
0.3445040606350844
0.3444969787963226
0.34448987392963026
0.3444827459607231
0.3444755948195712
0.3444684118391447
0.3444612020550234
0.3444539688302204
0.3444467120110768
0.3444394316152126
0.344432127568238
0.34442479979763424
0.3444174482389173
0.34441007281514185
0.34440267345102543
0.34439525008032806
0.34438780266212266
0.3443803315503553
0.34437283627194953
0.34436531690844563
0.34435777311547294
0.34435020427445723
0.34434261081809686
0.344334992718574
0.3443273498990852
0.3443196822832288
0.34431198979268846
0.344304272352819
0.34429652988702153
0.34428876231658817
0.34428096956551896
0.34427315155710503
0.34426530840681796
0.3442574399737195
0.3442495460575775
0.34424162583643114
0.3442336794697762
0.3442257074030057
0.3442177095767976
0.3442096859540554
0.34420163659920405
0.3441935613838733
0.3441854595107839
0.34417733093049846
0.3441691760403693
0.3441609947598538
0.34415278701052676
0.34414455271445277
0.3441362917935058
0.3441280041700802
0.3441196897684102
0.34411134851787367
0.3441029803532307
0.34409458522182146
0.3440861631155339
0.3440777142682406
0.34406923890303936
0.34406073558591727
0.3440522047978873
0.3440436464580073
0.3440350604881472
0.3440264468074496
0.3440178053407161
0.34400913601381633
0.34400043875955
0.3439917135258089
0.3439829602988099
0.3439741792163536
0.34396537046659664
0.3439565314425964
0.3439476639136639
0.3439387677987573
0.3439298430178523
0.3439208894949671
0.34391190715634457
0.34390289604233704
0.34389385632115294
0.3438847877007852
0.34387569055768913
0.3438665637114219
0.3438574062701147
0.34384821927056625
0.3438390027153768
0.3438297565296328
0.34382048064240295
0.3438111742366098
0.3438018364082811
0.34379246888617454
0.343783072281578
0.34377364363842067
0.3437641841762552
0.34375469432137096
0.34374517399825805
0.34373562313698164
0.3437260416852265
0.34371642963094234
0.34370678712269187
0.3436971143124787
0.3436874090822765
0.3436776719168928
0.34366790351708953
0.3436581038107334
0.34364827426253713
0.3436384135896316
0.34362852159931956
0.3436185989580498
0.3436086434195675
0.343598654593087
0.343588633764777
0.34357858086325327
0.3435684958319672
0.34355837865002326
0.34354822942047475
0.3435380484982434
0.34352783425199007
0.3435175854015115
0.3435073029672866
0.3434969876795229
0.3434866394941879
0.3434762637641991
0.34346586219263725
0.3434554280467952
0.343444958970979
0.34343445566589437
0.3434239188271472
0.3434133484057396
0.34340274439811047
0.34339210701103956
0.3433814362324279
0.34337073049181666
0.34335998898363007
0.3433492132189347
0.3433384031497055
0.3433275587762293
0.34331668032415397
0.3433057679549895
0.34329481951211754
0.34328383464709117
0.34327281480033056
0.3432617599317766
0.3432506700650087
0.34323954554865266
0.34322838719000875
0.34321718937053175
0.34320595590076686
0.3431946867221291
0.3431833818162845
0.34317204126836515
0.34316066557825126
0.3431492537262526
0.34313780263456006
0.34312631511680086
0.34311479149161234
0.3431032314771302
0.3430916353603076
0.3430800041219843
0.343068331944912
0.3430566225113642
0.3430448759723481
0.34303308466555665
0.34302124502734554
0.34300937014137783
0.3429974534406715
0.34298549837943254
0.34297350547143074
0.342961474729612
0.34294940635216886
0.3429373020780662
0.34292515566240184
0.3429129702529869
0.34290074631365514
0.3428884838674169
0.34287618315516305
0.34286384546607307
0.34285146539698946
0.34283904492743034
0.34282658524678705
0.3428140859287902
0.3428015463022646
0.3427889681817564
0.34277634756984
0.34276368574228167
0.3427509840222137
0.3427382425081153
0.34272546197100556
0.3427126407294216
0.342699776727383
0.34268687114604984
0.34267392501460836
0.3426609398443423
0.3426479166042908
0.3426348499839213
0.34262173976970184
0.34260858831542623
0.3425953957037357
0.34258216255770835
0.3425688879622937
0.3425555693403485
0.34254220720322753
0.3425288031793565
0.342515357529229
0.3425018711159341
0.3424883406500632
0.3424747646628295
0.3424611460906482
0.3424474850746281
0.34243378326836355
0.3424200372206794
0.3424062405322055
0.34239240056121806
0.3423785173936372
0.34236459162990646
0.3423506227132166
0.34233660777918845
0.34232254670416273
0.34230844172180486
0.34229429321679933
0.3422801014063621
0.34226586613603355
0.34225158325197647
0.34223725577386466
0.3422228839953992
0.3422084684763695
0.34219400719396315
0.34217949653414087
0.3421649405926875
0.34215033818590185
0.34213569113359243
0.34212099819486
0.34210625458842137
0.34209146509131455
0.3420766298647619
0.34206174960598523
0.34204682531401376
0.3420318649503865
0.3420168579852303
0.34200180467439945
0.3419867056858135
0.3419715599173531
0.34195636159252574
0.34194111600135657
0.3419258234212375
0.3419104845285771
0.3418950977543413
0.34187965790661456
0.34186417010653547
0.3418486345325627
0.34183305219062193
0.34181742001874554
0.3418017347960602
0.3417860009547263
0.3417702189873734
0.34175439071951613
0.34173850846559434
0.3417225744311987
0.3417065911268897
0.3416905591499279
0.34167448145271456
0.34165834497997183
0.3416421584334211
0.3416259219888123
0.3416096364481138
0.3415932898063251
0.34157687214798127
0.34156040362654444
0.34154388456909535
0.34152731661074615
0.34151069578905946
0.3414940185409157
0.34147728963013096
0.341460509746821
0.3414436828746651
0.34142679478599136
0.3414098537586327
0.3413928606862109
0.3413758142384081
0.34135871640822335
0.3413415589410266
0.3413243477778809
0.3413070840782348
0.34128977075391737
0.34127239894963335
0.34125497342357514
0.3412374940900776
0.3412199620222817
0.3412023787182036
0.34118473406249356
0.3411670336283021
0.34114927921103755
0.3411314731470324
0.3411136089869707
0.3410956857079501
0.34107770674293497
0.34105967362921213
0.3410415878182057
0.3410234354652908
0.3410052246523087
0.34098695844940835
0.34096863994231835
0.340950260403811
0.34093182055910226
0.3409133239324693
0.3408947752210548
0.3408761713554942
0.34085750443218166
0.3408387779523648
0.34081999458539747
0.34080115621760926
0.34078225320808464
0.34076328865090866
0.340744266393938
0.3407251880189611
0.34070605074945587
0.34068684981992176
0.3406675881851499
0.3406482687498577
0.34062889244501937
0.34060946621283034
0.3405899855685985
0.3405704459682384
0.34055085150271996
0.34053119116781644
0.3405114657854621
0.3404916805578168
0.34047183714130425
0.3404519327487985
0.3404319624950025
0.340411928895829
0.3403918354905619
0.34037168304843396
0.3403514640793199
0.3403311792734339
0.34031083350149377
0.3402904302346003
0.34026996021603906
0.3402494221743782
0.3402288221739798
0.34020816459064074
0.34018743961407116
0.34016663945394604
0.3401457468660426
0.3401247929350531
0.34010377543685094
0.3400826888714642
0.3400615349767011
0.3400403182978849
0.340019039062999
0.3399976906884434
0.33997627248547085
0.3399547880801446
0.33993324043370404
0.3399116235154566
0.33988993454342914
0.3398681840193418
0.33984637214886076
0.33982449092066197
0.3398025355777388
0.3397805143730896
0.3397584310183558
0.33973627823621266
0.33971404934453664
0.33969175368888826
0.33966939397856505
0.33964695981276044
0.339624450238003
0.3396018709137955
0.33957922575239785
0.339556514271081
0.33953373117360963
0.3395108753761212
0.3394879513147698
0.3394649577950782
0.33944189003880304
0.3394187473108101
0.3393955364149975
0.33937225752475925
0.3393489040951324
0.3393254736638503
0.33930197405739976
0.3392784060547593
0.33925476375010155
0.339231041634131
0.33920725267327867
0.3391834112920642
0.3391595054896705
0.33913551925557756
0.3391114620876186
0.33908733550299686
0.3390631342728363
0.3390388510018876
0.33901449623578805
0.3389900721063314
0.3389655729986784
0.3389409903460745
0.33891633501746843
0.33889160884587366
0.33886680726941176
0.33884192073706737
0.3388169606813147
0.33879192898596694
0.33876682135452074
0.3387416237319414
0.3387163133094635
0.3386909302942834
0.338665470566356
0.33863992324042774
0.33861430060133463
0.3385886045043304
0.338562830892948
0.33853696563767877
0.33851102328094296
0.3384850115354862
0.33845892131582367
0.3384327415138991
0.3384064848253815
0.3383801529170481
0.33835374133334944
0.3383272394092038
0.3383006566301299
0.3382739935924904
0.33824724938451634
0.3382204158201733
0.3381935076026321
0.33816651964096994
0.338139447848845
0.338112284688404
0.3380850424307931
0.3380577224793423
0.3380303172157125
0.33800282076663296
0.33797524459969674
0.33794759015493536
0.3379198472803496
0.3378920136442837
0.33786409980156945
0.3378361062694259
0.3378080220870982
0.3377798559447933
0.33775163600338076
0.3377233409541049
0.3376949411766378
0.33766645778543686
0.33763789355411716
0.3376092514836713
0.3375805043850067
0.3375516728898392
0.33752275955589617
0.3374937663180221
0.3374646680019128
0.33743548453194866
0.33740621830968104
0.33737686968135067
0.33734741625848197
0.33731786476158604
0.33728819225034357
0.33725843398059485
0.3372285714415091
0.3371986222411528
0.3371685888574847
0.33713846561013433
0.3371082407177513
0.3370779286356239
0.3370475323834992
0.3370170404414866
0.3369864478702829
0.3369557644959051
0.3369249928581775
0.33689411721566703
0.33686314594650757
0.3368320869138069
0.33680094667935323
0.336769690526544
0.33673834333513153
0.3367069075953442
0.3366753870046847
0.3366437515599307
0.33661202437233
0.33658020811228295
0.3365483022865709
0.3365162830899538
0.33648417263884656
0.3364519721510218
0.33641967626418773
0.33638727872980123
0.3363548070431943
0.336322260655644
0.33628960903510485
0.3362568516878514
0.336224001587716
0.3361910691142177
0.3361580119323546
0.3361248589074706
0.3360916125245891
0.3360582790357557
0.33602482262230354
0.3359912696727975
0.3359576231567753
0.3359238834505033
0.33588998292202815
0.3358559684899627
0.3358218609591445
0.33578765325216947
0.3357533339240735
0.33571891162903567
0.3356843996544773
0.33564977069892493
0.33561502735742244
0.335580180501765
0.3355452504391817
0.33551018873949706
0.335475026148137
0.3354397655478489
0.33540441120262887
0.33536892828428394
0.33533334385875097
0.3352976621329147
0.33526187817146175
0.33522597118661535
0.33518996222599196
0.33515385881615656
0.3351176372531763
0.3350812986620307
0.33504485495359887
0.33500833479999764
0.3349716791107478
0.3349349516361775
0.3348981222556012
0.3348611964073819
0.33482413566995034
0.33478696939943736
0.3347497024305873
0.3347123281292876
0.3346748245519436
0.33463721502094457
0.33459950947267453
0.33456167676199106
0.3345237251507968
0.334485624986146
0.3344474111400575
0.3344090596130892
0.3343705987262711
0.3343320245078285
0.33429333966283803
0.33425451659991007
0.3342155835507768
0.33417654711666905
0.3341373940773346
0.334098109268561
0.3340587142371396
0.3340192300174117
0.3339795935468074
0.33393984380550507
0.3338999843297688
0.33386002468524606
0.33381991717048237
0.333779695481933
0.3337393653964944
0.33369892005078994
0.3336583359240288
0.33361764848813047
0.333576864006614
0.333535979593554
0.3334949657878342
0.33345383782176846
0.33341261053455185
0.3333712285385359
0.3333297289226503
0.33328811682112863
0.33324639395408073
0.33320452264543915
0.3331625334524203
0.33312043580757267
0.3330781520019045
0.333035716855045
0.3329931655369374
0.3329505041381622
0.3329076797659685
0.33286473375012104
0.3328216726928439
0.3327785013525434
0.33273517441676914
0.3326917255868827
0.33264816306602385
0.3326044726500961
0.33256063587905876
0.332516677456655
0.3324726184780034
0.3324283908339843
0.33238403774014513
0.3323395612131105
0.3322949733868228
0.3322502368235219
0.33220537462997035
0.33216043355818187
0.33211536923396334
0.33207015247589194
0.3320248105057682
0.3319793671877515
0.3319337495965009
0.331888002958454
0.33184213075410723
0.3317961416797439
0.3317499942265838
0.33170368469409317
0.33165720362708184
0.33161059208920357
0.33156381565854237
0.3315169102052614
0.3314699011257943
0.33142271154748293
0.3313753890221655
0.33132793925807946
0.33128037281786166
0.33123263301141476
0.33118475942074105
0.33113676069500186
0.33108862608425726
0.3310403285217885
0.3309918952725912
0.33094335455239726
0.3308946442047846
0.3308457972920944
0.33079684710994645
0.33074779767551254
0.3306985699898638
0.3306492059037468
0.3305997110023537
0.3305500722018605
0.3305002666198108
0.3304503416725143
0.3304003121850108
0.33035007949930556
0.3302996272596295
0.33024903583951576
0.33019831178654957
0.33014740453531133
0.33009635682709815
0.3300451790496522
0.32999385318183516
0.32994235716526105
0.3298907219149393
0.3298389726922835
0.32978702502530344
0.3297349337180393
0.32968270518207027
0.32963034128567104
0.32957779637066376
0.329525120216667
0.32947231268535404
0.3294193851910815
0.32936629482080515
0.32931306065010535
0.32925971050298797
0.3292061624659175
0.329152484369352
0.32909866063250565
0.3290446932854362
0.3289905345380839
0.32893616425574473
0.32888163269484183
0.32882692504013733
0.3287720448648266
0.32871701929027813
0.328661869307347
0.3286065127743667
0.32855100594262654
0.32849535583891487
0.32843955907164085
0.3283835684542152
0.328327425197282
0.32827114912604966
0.32821469927183056
0.328158079171132
0.32810131163732204
0.3280444660002658
0.3279874137155977
0.32793021916192955
0.3278728869689883
0.3278153925907434
0.32775769949443656
0.3276998538649321
0.32764188886867696
0.32758365342119145
0.327525201779382
0.3274665937049002
0.32740784635202963
0.3273488854698421
0.3272897678063741
0.327230504462727
0.3271710706130226
0.3271114409894356
0.32705165553592225
0.32699173770416506
0.32693158478303136
0.32687128945394395
0.3268108425245886
0.32675024647940704
0.3266895049206438
0.32662860863184634
0.32656756603162707
0.32650633454025785
0.32644491008231685
0.32638332708490675
0.32632160835305557
0.32625965874184987
0.3261974480760696
0.3261350607446992
0.3260725130320358
0.3260097496475202
0.32594682290330396
0.3258837498821335
0.32582047213280824
0.3257569971550587
0.3256933568066903
0.32562956817446165
0.32556555792596564
0.32550139622088803
0.3254370861082145
0.32537263179792975
0.32530799182008535
0.3252431882741535
0.32517825055820937
0.32511306463416173
0.325047707312314
0.3249821857053458
0.3249165085008972
0.32485050242059677
0.32478429418585253
0.32471792676602906
0.3246513729439258
0.32458459498374403
0.3245176453194944
0.32445055201337103
0.32438320447374036
0.32431567910765663
0.3242480130408058
0.3241801932162171
0.32411213828598945
0.3240439156281362
0.3239755898111927
0.3239070586744658
0.3238383174016135
0.32376940446976277
0.32370033801226117
0.32363101806987865
0.32356152306544544
0.32349172942723203
0.3234217445374587
0.32335152084385194
0.32328111642063434
0.32321055164070595
0.32313975816931473
0.32306876464428
0.3229976035058173
0.32292629530404077
0.32285473505309636
0.32278298213278095
0.32271109233485484
0.3226390577585803
0.3225667880481605
0.322494342001215
0.32242174625148234
0.3223488796633224
0.3222758210256179
0.32220253477648386
0.32212897637050536
0.3220551606030477
0.3219811560974629
0.32190697592568185
0.3218326069336819
0.3217579985381494
0.3216832087812247
0.3216082647897906
0.3215330464480238
0.32145765022111317
0.32138210617886215
0.3213064241787355
0.321230485379471
0.3211543571230526
0.3210780388375348
0.3210014996863599
0.3209247279691943
0.32084767493173166
0.3207703953817742
0.3206928442282566
0.32061511045701474
0.3205371889584642
0.3204590668241083
0.3203806687075954
0.32030210234855794
0.32022337502234616
0.3201444110025148
0.32006525071526
0.31998594465400065
0.3199064495391031
0.31982667593515784
0.31974670447059217
0.31966654426742763
0.31958617017099145
0.31950540993479815
0.3194244435905568
0.3193432920049616
0.3192618855355598
0.31918023665830425
0.3190983820562277
0.3190163841049774
0.3189341101185538
0.318851629610242
0.31876896963624946
0.31868615535256173
0.31860307886420175
0.3185198054226851
0.31843634331317716
0.31835261526980957
0.3182686680708261
0.3181843881373914
0.318099897893086
0.3180151214195444
0.3179301041869348
0.3178448942514076
0.3177594978392921
0.3176738348166727
0.3175879724211732
0.31750191633139463
0.31741564904880315
0.3173291730604438
0.3172424990404213
0.31715563000615843
0.3170684850419136
0.31698111760606673
0.3168934406617804
0.3168054722589173
0.3167172078761815
0.316628743865107
0.31654008991921784
0.31645116436704634
0.31636201918502155
0.31627267266485926
0.316183123984224
0.31609336062245325
0.3160033992237188
0.31591324661467757
0.3158228528683315
0.3157321751785848
0.31564126545305227
0.3155499694290679
0.3154583569884504
0.3153665300206034
0.3152745079232834
0.315182293939914
0.3150897810969289
0.3149970513107687
0.3149041223219957
0.31481106090168715
0.3147177230339316
0.3146241757457701
0.3145304062347346
0.31443632351148665
0.31434192308380626
0.3142471713504104
0.3141522088216272
0.3140569474686863
0.3139614849718135
0.3138658269662266
0.31376991826354406
0.313673744999
0.31357741603636785
0.31348090945989765
0.31338411542908146
0.31328705175094873
0.31318972671285605
0.31309215577694977
0.31299414099958406
0.3128958814151585
0.3127974094660939
0.31269870499520935
0.31259972276361586
0.31250054156918294
0.3124011324271363
0.31230149829059406
0.31220163688685604
0.31210153994263806
0.3120011662962048
0.31190046272570693
0.3117995415828053
0.3116982441159002
0.31159667358172005
0.31149481083140074
0.3113927748681028
0.3112905085815388
0.31118796168102336
0.3110851277638223
0.3109821812929007
0.3108789403103257
0.3107753670456372
0.3106715515514698
0.31056753968097506
0.3104631611754071
0.3103583841788141
0.31025341188697775
0.3101482332894837
0.31004276734501063
0.3099369941136532
0.3098310004167761
0.3097248319408125
0.30961834060878507
0.30951158685115404
0.3094046353037966
0.3092974140021693
0.3091897731659421
0.3090818187626274
0.30897365748144234
0.3088652072044926
0.3087564551799175
0.30864746240167834
0.30853822900805855
0.30842875972575373
0.30831900472036755
0.30820907327546704
0.30809886639777195
0.3079883295447516
0.3078773310464424
0.30776613145933623
0.30765466124458185
0.3075428702014087
0.307430794826257
0.3073184846612277
0.30720597429045776
0.3070931793693002
0.3069801934112252
0.3068669316791835
0.30675334319267716
0.30663929453328653
0.3065250344915134
0.30641048576401314
0.30629555784434276
0.3061803738075466
0.30606497758508594
0.3059493924829616
0.3058335424716645
0.3057174270606247
0.3056010508033311
0.3054843516238628
0.3053671613077124
0.30524975170979524
0.3051320254890468
0.30501397094649507
0.30489562582731666
0.3047772082627303
0.3046585255587201
0.3045395065235728
0.30442021422961824
0.30430068726720666
0.3041807220591963
0.3040603277535738
0.30393967966372093
0.30381877574350624
0.30369756045940205
0.3035761399532458
0.3034545543418637
0.3033326778024292
0.30321045029874916
0.3030879395770477
0.3029650970408614
0.3028418021236611
0.3027181715135704
0.30259428310039777
0.3024701984815757
0.3023458590097998
0.3022212582887871
0.30209639699618557
0.3019712689399978
0.3018457659334672
0.30171984843806526
0.301593579411651
0.3014670336550512
0.3013401821450137
0.3012130469554403
0.3010858243540273
0.3009582661484586
0.3008303492863046
0.30070211483720954
0.3005736580182241
0.30044467710565526
0.3003153342946404
0.30018577778224365
0.3000559790037149
0.2999258974478334
0.2997955691048972
0.29966493201505223
0.29953397522954084
0.2994027255852715
0.2992710490819462
0.299139034119315
0.29900674013302964
0.29887410387728097
0.2987412247003309
0.29860819105266595
0.2984747207792392
0.2983409467699443
0.29820692839394586
0.2980725797618828
0.29793776381146125
0.29780262009649955
0.29766721251324757
0.29753156828552085
0.29739560628477507
0.29725933830925094
0.2971228143830123
0.29698606664269345
0.29684882002877633
0.2967111670593612
0.2965732477980787
0.2964349696113476
0.29629644762596963
0.29615768216747385
0.29601870405087227
0.2958793471296441
0.2957397143251629
0.2955995097795582
0.29545907494360424
0.2953181841066126
0.29517704359315267
0.29503574535725685
0.2948941999078045
0.2947522702998022
0.294610057327636
0.29446742301061635
0.29432439626139645
0.2941809786424168
0.29403724717876384
0.2938934120180734
0.29374928029619973
0.29360477495561255
0.29345999720753974
0.2933148963311497
0.2931692630865645
0.2930232488075242
0.29287693683438304
0.2927305492303353
0.2925837585593017
0.2924366786949516
0.2922893336396573
0.29214170649800597
0.2919933963616781
0.2918447648241044
0.2916958437366686
0.2915468648111808
0.29139747153939993
0.29124779790306077
0.29109784200062183
0.2909475321591804
0.2907965898375122
0.29064531013832345
0.2904938136844421
0.29034223597532305
0.2901902394376759
0.2900379249705757
0.28988534387800596
0.2897322614452798
0.2895786484709852
0.2894247354893671
0.28927075493978655
0.2891165260693275
0.28896186229164567
0.28880689373592616
0.28865162545327194
0.28849574609924594
0.28833947464895204
0.28818307716834823
0.28802651066814633
0.2878695353155957
0.28771218458615827
0.28755454797078095
0.2873965045420136
0.2872378951440242
0.28707909503838086
0.28692004984098046
0.2867608284254474
0.2866011028930218
0.28644107209354885
0.28628060224561125
0.28611990978411234
0.28595863757752893
0.2857971642428137
0.2856354483448305
0.28547353752546556
0.28531112514422263
0.28514836765096324
0.28498514799704194
0.2848216094721849
0.2846577351929498
0.28449361414572
0.2843292402201052
0.2841646841731429
0.2839994919118737
0.2838337560985334
0.28366775333258926
0.2835016700894966
0.28333515311498664
0.2831683748297012
0.28300135283457123
0.2828338066320102
0.28266564988865855
0.2824972840054144
0.28232881430724394
0.28216006594139487
0.2819908862239738
0.2818214033304328
0.28165130329802035
0.28148087694331686
0.28131019902369137
0.2811392885125516
0.28096813086409844
0.28079666534472214
0.28062460057786864
0.28045200807892817
0.2802792572649567
0.2801063480966939
0.2799330037188984
0.2797593848577816
0.27958548161528624
0.2794109032163176
0.27923589697197027
0.27906084342301724
0.2788855082881609
0.2787098703866201
0.27853374988668234
0.27835718576660845
0.2781802064203906
0.2780030365246016
0.2778255295462127
0.27764770847642806
0.27746966294969044
0.2772911619206101
0.27711198394952113
0.2769326187665344
0.27675309963610584
0.2765732974645189
0.276393056603063
0.27621245768086633
0.2760312327858103
0.27584983425194426
0.2756681509318698
0.2754862125488918
0.27530398188708155
0.27512134209135414
0.2749378759494511
0.27475437771225725
0.27457075315404306
0.27438675891722697
0.2742023349380262
0.2740173993030928
0.2738320390536619
0.2736465883473781
0.273460746560898
0.27327459046563823
0.2730880468443701
0.27290111658588034
0.2727136206288464
0.27252607126334416
0.2723381913535583
0.27214989245876614
0.2719611996772591
0.2717721154399501
0.27158272700691555
0.27139308884637386
0.2712029021883756
0.27101247366358
0.270821938397817
0.2706307439956049
0.2704391674787317
0.27024725238683284
0.27005517550593555
0.26986290451364237
0.26967000382372003
0.269476585288546
0.26928300380943804
0.26908919567351675
0.26889499588643045
0.26870047588742013
0.2685054292142037
0.26831007072191326
0.26811435214210433
0.2679183828383858
0.26772218340270876
0.26752554705788945
0.2673282546748374
0.26713077826646875
0.266933123437997
0.2667352025061608
0.266536863715542
0.2663377195802177
0.26613855166959016
0.2659391953002546
0.26573945526773934
0.2655393299162467
0.2653385091405631
0.2651376709318992
0.2649365096128012
0.2647349692784392
0.2645330629955906
0.2643306647036318
0.26412802991101975
0.26392504943563483
0.2637217393091027
0.26351816060212957
0.2633140837419295
0.26310958243322596
0.26290488900227177
0.2626998965671312
0.2624945222463702
0.2622886708062242
0.26208248942723494
0.26187607411937835
0.2616692701032028
0.2614621013791927
0.26125458325624235
0.26104669949387843
0.2608384957758868
0.26062985703859304
0.26042104390626514
0.26021184313173384
0.26000222934181355
0.25979225308475296
0.25958189733060294
0.2593715087041925
0.25916051654414723
0.2589491580197448
0.25873729552814406
0.2585254611676489
0.2583133665638273
0.2581005524911665
0.2578872912784045
0.2576739287217697
0.25746047339625755
0.25724651427856293
0.25703178111577274
0.25681696125126263
0.2566020262604474
0.2563866996803498
0.256170773670304
0.2559545442024192
0.2557381532343744
0.25552144062486304
0.25530427550163054
0.25508667434836774
0.25486885879962606
0.2546507216895314
0.2544322103737416
0.2542134144590743
0.25399411202488564
0.25377457198312664
0.2535547095437699
0.25333453424685526
0.2531139181671068
0.25289288548350186
0.252671731527323
0.2524502189814563
0.25222833073336925
0.25200585179314006
0.2517833602433716
0.2515604579352111
0.2513371777655053
0.2511134066314045
0.25088957943833606
0.25066528171960795
0.250440596257445
0.25021558440310293
0.24999029344071172
0.2497646722884822
0.2495386240006404
0.24931231826532751
0.24908563550047907
0.24885873773868888
0.2486313622444402
0.24840370986773347
0.24817572166814994
0.2479474762229466
0.24771883040704623
0.24748977064952485
0.2472604805253582
0.2470308333235652
0.24680091276292218
0.24657050854696705
0.24633994496453385
0.24610890029456342
0.2458776774777973
0.2456459602966546
0.24541400246037942
0.24518167563477883
0.24494917581612483
0.24471613318786492
0.2444827259693159
0.24424920299844258
0.2440152852158447
0.24378096772952246
0.24354630341554134
0.2433114769501812
0.24307614736676775
0.2428405719750063
0.24260468110114788
0.24236851308703095
0.24213181394950556
0.2418949810961147
0.2416578671058861
0.24142026501812236
0.24118224145199757
0.24094405972853344
0.2407057818801613
0.240466920853612
0.24022747669238712
0.23998801981647494
0.2397485729975335
0.2395082962497816
0.23926760851713055
0.2390268342408831
0.2387860598224994
0.23854450746244016
0.23830262161277124
0.23806063694882634
0.23781845134903515
0.23757570312257825
0.23733267401760022
0.23708928684322972
0.23684566592119036
0.23660179985165275
0.23635762514489295
0.2361127723833077
0.23586799485025267
0.235622939847271
0.23537729174959435
0.2351313685069173
0.23488541937969698
0.2346387505802137
0.23439183357602345
0.23414520193532443
0.2338976413413573
0.23364955748430982
0.23340166221790967
0.2331537986035306
0.2329047485756377
0.23265562562034883
0.23240662814271848
0.23215713918027112
0.2319069859559609
0.2316568375672495
0.2314065461834262
0.23115549964069748
0.23090453089231247
0.23065302134524293
0.23040133484641492
0.230149161610461
0.2298968224155732
0.2296444235649443
0.2293912902252528
0.2291378661206376
0.22888435783168087
0.22863081786323236
0.2283763744999751
0.22812172391784744
0.22786714146258025
0.22761210286912337
0.22735667317388195
0.22710094406770592
0.22684511772879412
0.22658873346217948
0.22633223830223348
0.22607550175436855
0.2258181827530756
0.22556056467186505
0.2253029290647962
0.22504515527936492
0.22478651214325365
0.22452770162650115
0.2242691911524125
0.22400978476421565
0.22375011696885083
0.22349049447485023
0.22323026549663016
0.22296977517939617
0.22270928488150385
0.22244833720275115
0.22218680761704937
0.2219251294368401
0.22166366530872536
0.22140138722055766
0.22113865829484147
0.22087618921983296
0.22061309018057504
0.22034966065844586
0.22008630034409446
0.2198223493299399
0.21955790752152976
0.2192936338277997
0.21902918486099027
0.21876382604910505
0.21849835947508373
0.21823298298041302
0.21796711169878133
0.21770074398282063
0.21743443610637642
0.21716773673262782
0.21690038804809963
0.2166334181601095
0.21636599418460764
0.21609772811144404
0.21582971873553192
0.21556150982519198
0.21529261396849034
0.2150237410416969
0.21475457917269936
0.21448476487884968
0.2142152023096632
0.21394529285587008
0.21367466034649252
0.21340399634760873
0.21313316748621752
0.21286205375893988
0.2125904831344385
0.2123189192445265
0.21204682827445645
0.21177417768385998
0.2115022408243456
0.2112291908836387
0.21095573908775203
0.21068291651821264
0.21040884552548958
0.21013496232231893
0.2098612959637937
0.20958624909809861
0.2093115920287763
0.20903692177178768
0.2087613786128467
0.20848599513030552
0.20821026400129136
0.20793385124421374
0.20765782958656104
0.20738140064252017
0.207104188402361
0.2068271191603545
0.20654975813085652
0.20627211495374143
0.20599427209569962
0.20571607128178687
0.20543748749873825
0.20515865940173889
0.2048801603701031
0.20460061590644948
0.20432097450397313
0.2040414857851544
0.20376112134021468
0.20348117015428474
0.20320075835881982
0.20291948889855946
0.20263865716817003
0.2023573459175253
0.20207576320369197
0.2017941544342102
0.2015117191125235
0.20122934175373688
0.20094699836948984
0.20066398331112528
0.20038092135926375
0.20009769227339996
0.19981364223402287
0.19952990303372647
0.19924599039693014
0.19896124294875803
0.19867680910192465
0.19839167508281844
0.19810652335973064
0.19782141199582018
0.19753537999178794
0.1972495928755913
0.1969633474461957
0.196676878093706
0.19639024071206385
0.19610344898364893
0.19581590943359917
0.19552858832981
0.1952409000841858
0.19495294109650904
0.19466507722252216
0.19437604726782845
0.19408759609758483
0.19379863125773628
0.19350954935492837
0.19322020763822992
0.1929301957512914
0.19264031962939468
0.192350101188611
0.19205983750716288
0.19176902654371825
0.19147811837128798
0.19118676861971748
0.1908953509929801
0.19060382847062374
0.19031177567475885
0.19001982481298446
0.18972704018151243
0.1894344576668593
0.1891415910749704
0.18884845797717684
0.1885551674507216
0.18826113089435104
0.1879673826511325
0.1876732050000978
0.1873789745538586
0.18708426587901736
0.1867892344675133
0.18649405488406404
0.18619869666807443
0.18590327474760504
0.18560725486215887
0.18531119203211546
0.18501461263110938
0.18471827593711007
0.18442146279412353
0.1841242723671363
0.18382689022327223
0.1835290138008741
0.18323162527403017
0.18293321555861847
0.18263543334141905
0.18233637043638837
0.18203782951934838
0.18173855413252288
0.18143950269689824
0.18113999580318627
0.18084018205478605
0.18054006522883986
0.18023978528568904
0.17993932765357284
0.1796387378793113
0.17933768444950582
0.17903632147629617
0.17873485623338117
0.1784331221438098
0.17813124466963917
0.17782918622383057
0.1775264453473525
0.17722397490647301
0.17692065833903728
0.17661793252011224
0.17631434629041906
0.1760106765709444
0.1757067146025341
0.17540238486034682
0.17509831155272884
0.1747934433341199
0.1744889907876183
0.17418327801149833
0.17387815951762173
0.17357225890235278
0.17326667442291022
0.17296055221102952
0.17265415886360921
0.17234743713974748
0.17204057458525115
0.17173333688516393
0.17142632184731016
0.17111848379660574
0.17081076067394999
0.1705024582393515
0.17019432228581174
0.169885686204246
0.16957696148120163
0.16926784985021243
0.16895832365793365
0.1686489254366706
0.16833899794204465
0.1680292151242831
0.1677187712360306
0.16740809856106081
0.16709729092090428
0.1667859448333154
0.16647500031444082
0.16616309082786898
0.165851617379915
0.16553894857970441
0.16522715415126665
0.1649139914536779
0.16460183271283
0.16428816095452467
0.16397514966074297
0.16366104127864908
0.16334743678692495
0.16303316069746113
0.16271899088456104
0.1624042361139095
0.16208926265332405
0.16177409703015527
0.16145854936637108
0.1611430509182132
0.1608270394440489
0.16051077306808076
0.16019411752122692
0.15987741292830954
0.15956038639837392
0.1592431869431636
0.15892579924118572
0.15860765351399128
0.158289861242382
0.15797104068285087
0.15765300325338913
0.15733363550915483
0.1570149706984803
0.15669499622845998
0.1563755329816961
0.15605532290628363
0.15573526915202235
0.15541475788972273
0.15509389992586833
0.1547727410997481
0.15445125148172792
0.1541297141422895
0.15380780833966662
0.15348579974871548
0.1531629248321701
0.15284034854095296
0.15251677700590177
0.15219390680920764
0.15186980135699416
0.15154662559207016
0.15122153282312975
0.1508978048204594
0.15057213553652016
0.1502477484464392
0.14992176190959727
0.14959669069179451
0.14927006091825776
0.14894408096662937
0.14861717585640263
0.1482902737025709
0.14796347914029923
0.14763552997022822
0.1473080785890177
0.1469795788469082
0.14665119507416038
0.1463225179812453
0.1459934676849007
0.14566441534038224
0.1453342434330476
0.14500451358210875
0.14467374107265646
0.14434334131365162
0.14401235690742653
0.14368119131205348
0.1433494998665289
0.14301761144169187
0.14268512349139542
0.14235269815546242
0.14201951841195168
0.1416866658695965
0.14135273338195067
0.14101903485507894
0.1406843096513733
0.14035005539382922
0.1400147151951518
0.13967993442439436
0.13934390755444304
0.1390080224528839
0.13867154580075247
0.13833488471994132
0.13799771312976117
0.13766056391844217
0.1373226464652927
0.1369842867113512
0.13664581324512648
0.13630690129481265
0.1359675009916592
0.13562835675431406
0.13528812988801134
0.13494777343090436
0.13460684183030558
0.1342656190085858
0.13392420498098562
0.13358244509851805
0.13324036504872558
0.1328975496503065
0.1325544244782934
0.13221059291576867
0.13186727383839775
0.13152242482552556
0.1311785622213855
0.13083320877370871
0.13048729088929248
0.13014187519172235
0.1297950681280105
0.12944857946501803
0.1291016343539742
0.12875374539351267
0.1284062068000138
0.1280573475103938
0.12770852343101047
0.12735936617294236
0.12700925919857417
0.1266600209381722
0.1263086301653592
0.1259576004905983
0.1256061913262692
0.1252538333010188
0.12490173836090672
0.1245486844415031
0.12419556998170593
0.12384178678468233
0.12348696493362381
0.12313241193060952
0.1227770847952459
0.12242130488065561
0.12206525623833216
0.12170811710134445
0.12135120728730171
0.12099312390591212
0.12063503001032314
0.12027623199438867
0.1199164846918542
0.11955753059171852
0.11919685445649358
0.11883585827483406
0.11847443085019518
0.11811257001156512
0.11774988729897005
0.11738686669950167
0.11702380156985415
0.11665913479927913
0.11629455951950778
0.11592930741482466
0.11556303045850447
0.11519690055392416
0.11482994301216651
0.1144623181750635
0.11409426829162911
0.11372527340493352
0.11335571571924756
0.11298595648079933
0.11261494468025571
0.11224402889819203
0.11187231128445528
0.11149953252848172
0.1111263097314698
0.11075231010561894
0.11037795898624052
0.1100023819125394
0.1096271997600213
0.10925083682078833
0.10887286897825271
0.10849579993853244
0.10811654018154003
0.1077371811921033
0.10735794642483443
0.10697649538219892
0.10659556531367159
0.10621357355542242
0.10583003697801498
0.10544670072170037
0.10506229468596778
0.10467699710350958
0.10429115666225382
0.10390449279731968
0.10351676420421077
0.10312874832920921
0.10273939936101954
0.10234899923820005
0.10195898238473938
0.10156670708554282
0.10117433127748705
0.10078188975249658
0.1003866713338151
0.09999164789810555
0.09959607708730389
0.09919876373331965
0.09880115306310448
0.0984026466930628
0.09800297882014483
0.09760230765230545
0.09720077147574924
0.09679832393117284
0.09639445211571782
0.09599027673862634
0.09558497860207237
0.0951781598771025
0.09477107105965739
0.09436242632399726
0.09395254392818041
0.09354172041837495
0.09313009091425388
0.09271741912781495
0.09230322448191144
0.09188809836506151
0.09147256274477722
0.09105450915962654
0.09063551353217968
0.09021663685769528
0.08979518409822379
0.0893726134452876
0.08894983241173135
0.08852519654324201
0.08809888742895779
0.08767131451784052
0.08724312666000764
0.08681296106503968
0.08638147271756656
0.08594923131536188
0.08551508948338225
0.08507975840837749
0.08464301602505515
0.08420414278337153
0.08376432913131196
0.08332327702860011
0.08288014578160544
0.08243590743175652
0.08198999918234644
0.08154249870908964
0.08109334933064667
0.08064205396629355
0.08018939467783924
0.07973547886301272
0.07927923420650508
0.07882108982594942
0.07836244849535721
0.07790073924858616
0.07743668625665683
0.07697211949907082
0.07650534137012158
0.07603476421864111
0.07556426846236856
0.07509180979938136
0.07461596069959031
0.07413817292952278
0.07365946137430347
0.07317789668500149
0.07269234650988232
0.07220641239134487
0.07171859980117294
0.07122691179699314
0.07073315535989064
0.07023770605044943
0.06973906335273505
0.06923743897958733
0.06873388295545366
0.06822706215806619
0.06771766787951483
0.06720568422256094
0.06669085227956938
0.06617230213358387
0.06565171737681114
0.06512748765776073
0.06459982968351116
0.0640690410311969
0.06353511061122669
0.06299779337625416
0.06245668486386879
0.06191202821794335
0.0613640969881259
0.06081208320166628
0.06025593087189264
0.05969566451768497
0.059131793214371224
0.058563195546748485
0.05799026452997462
0.05741301375437606
0.05683135299714178
0.05624473095351189
0.055652975232827064
0.05505612488782867
0.05445402010071597
0.05384644993086266
0.0532332142791575
0.05261425261096741
0.051989278029747246
0.05135809727666281
0.05072040946939491
0.05007595694931127
0.049424381331937196
0.04876526466833929
0.048098711285599914
0.04742437013915702
0.04674162582054352
0.04605031814345761
0.04535011712298066
0.044640597006181226
0.043920830008750966
0.043190553689345074
0.04244942219051329
0.04169656161842549
0.040931569855506215
0.04015377936640584
0.03936225253730522
0.03855642167376062
0.03773551716862929
0.03689838719550945
0.036043669135306676
0.035170325805584005
0.03427687271184336
0.03336148462795899
0.03242258605725604
0.03145801028635418
0.03046503623308111
0.029440884559377004
0.028382555327473188
0.027285081056278436
0.026144214926825185
0.024954803889841424
0.02370934966912894
0.02239823024338788
0.0210090226015217
0.019524753257169226
0.01792164966701231
0.016164177890915503
0.014195605059300004
0.011908908706358828
0.00907150409499916
0.0047864016588293964
0.0
0.0
0.0
0.0
0.0
0.0
0.0
0.0
0.0
0.0
0.0
0.0
0.0
0.0
0.0
0.0
0.0
0.0
0.0
0.0
0.0
0.0
0.0
0.0
0.0
0.0
0.0
0.0
0.0
0.0
0.0
0.0
0.0
0.0
0.0
0.0
0.0
0.0
0.0
0.0
0.0
0.0
0.0
0.0
0.0
0.0
0.0
0.0
0.0
0.0
0.0
0.0
0.0
0.0
0.0
0.0
0.0
0.0
0.0
0.0
0.0
0.0
0.0
0.0
0.0
0.0
0.0
0.0
0.0
0.0
0.0
0.0
0.0
0.0
0.0
0.0
0.0
0.0
0.0
0.0
0.0
0.0
0.0
0.0
0.0
0.0
0.0
0.0
0.0
0.0
0.0
0.0
0.0
0.0
0.0
0.0
0.0
0.0
0.0
0.0
0.0
0.0
0.0
0.0
0.0
0.0
0.0
0.0
0.0
0.0
0.0
0.0
0.0
0.0
0.0
0.0
0.0
0.0
0.0
0.0
0.0
0.0
0.0
0.0
0.0
0.0
0.0
0.0
0.0
0.0
0.0
0.0
0.0
0.0
0.0
0.0
0.0
0.0
0.0
0.0
0.0
0.0
0.0
0.0
0.0
0.0
0.0
0.0
0.0
0.0
0.0
0.0
0.0
0.0
0.0
0.0
0.0
0.0
0.0
0.0
0.0
0.0
0.0
0.0
0.0
0.0
0.0
0.0
0.0
0.0
0.0
0.0
0.0
0.0
0.0
0.0
0.0
0.0
0.0
0.0
0.0
0.0
0.0
0.0
0.0
0.0
0.0
0.0
0.0
0.0
0.0
0.0
0.0
0.0
0.0
0.0
0.0
0.0
0.0
0.0
0.0
0.0
0.0
0.0
0.0
0.0
0.0
0.0
0.0
0.0
0.0
0.0
0.0
0.0
0.0
0.0
0.0
0.0
0.0
0.0
0.0
0.0
0.0
0.0
0.0
0.0
0.0
0.0
0.0
0.0
0.0
0.0
0.0
0.0
0.0
0.0
0.0
0.0
0.0
0.0
0.0
0.0
0.0
0.0
0.0
0.0
0.0
0.0
0.0
0.0
0.0
0.0
0.0
0.0
0.0
0.0
0.0
0.0
0.0
0.0
0.0
0.0
0.0
0.0
0.0
0.0
0.0
0.0
0.0
0.0
0.0
0.0
0.0
0.0
0.0
0.0
0.0
0.0
0.0
0.0
0.0
0.0
0.0
0.0
0.0
0.0
0.0
0.0
0.0
0.0
0.0
0.0
0.0
0.0
0.0
0.0
0.0
0.0
0.0
0.0
0.0
0.0
0.0
0.0
0.0
0.0
0.0
0.0
0.0
0.0
0.0
0.0
0.0
0.0
0.0
0.0
0.0
0.0
0.0
0.0
0.0
0.0
0.0
0.0
0.0
0.0
0.0
0.0
0.0
0.0
0.0
0.0
0.0
0.0
0.0
0.0
0.0
0.0
0.0
0.0
0.0
0.0
0.0
0.0
0.0
0.0
0.0
0.0
0.0
0.0
0.0
0.0
0.0
0.0
0.0
0.0
0.0
0.0
0.0
0.0
0.0
0.0
0.0
0.0
0.0
0.0
0.0
0.0
0.0
0.0
0.0
0.0
0.0
0.0
0.0
0.0
0.0
0.0
0.0
0.0
0.0
0.0
0.0
0.0
0.0
0.0
0.0
0.0
0.0
0.0
0.0
0.0
0.0
0.0
0.0
0.0
0.0
0.0
0.0
0.0
0.0
0.0
0.0
0.0
0.0
0.0
0.0
0.0
0.0
0.0
0.0
0.0
0.0
0.0
0.0
0.0
0.0
0.0
0.0
0.0
0.0
0.0
0.0
0.0
0.0
0.0
0.0
0.0
0.0
0.0
0.0
0.0
0.0
0.0
0.0
0.0
0.0
0.0
0.0
0.0
0.0
0.0
0.0
0.0
0.0
0.0
0.0
0.0
0.0
0.0
0.0
0.0
0.0
0.0
0.0
0.0
0.0
0.0
0.0
0.0
0.0
0.0
0.0
0.0
0.0
0.0
0.0
0.0
0.0
0.0
0.0
0.0
0.0
0.0
0.0
0.0
0.0
0.0
0.0
0.0
0.0
0.0
0.0
0.0
0.0
0.0
0.0
0.0
0.0
0.0
0.0
0.0
0.0
0.0
0.0
0.0
0.0
0.0
0.0
0.0
0.0
0.0
0.0
0.0
0.0
0.0
0.0
0.0
0.0
0.0
0.0
0.0
0.0
0.0
0.0
0.0
0.0
0.0
0.0
0.0
0.0
0.0
0.0
0.0
0.0
0.0
0.0
0.0
0.0
0.0
0.0
0.0
0.0
0.0
0.0
0.0
0.0
0.0
0.0
0.0
0.0
0.0
0.0
0.0
0.0
0.0
0.0
0.0
0.0
0.0
0.0
0.0
0.0
0.0
0.0
0.0
0.0
0.0
0.0
0.0
0.0
0.0
0.0
0.0
0.0
0.0
0.0
0.0
0.0
0.0
0.0
0.0
0.0
0.0
0.0
0.0
0.0
0.0
0.0
0.0
0.0
0.0
0.0
0.0
0.0
0.0
0.0
0.0
0.0
0.0
0.0
0.0
0.0
0.0
0.0
0.0
0.0
0.0
0.0
0.0
0.0
0.0
0.0
0.0
0.0
0.0
0.0
0.0
0.0
0.0
0.0
0.0
0.0
0.0
0.0
0.0
0.0
0.0
0.0
0.0
0.0
0.0
0.0
0.0
0.0
0.0
0.0
0.0
0.0
0.0
0.0
0.0
0.0
0.0
0.0
0.0
0.0
0.0
0.0
0.0
0.0
0.0
0.0
0.0
0.0
0.0
0.0
0.0
0.0
0.0
0.0
0.0
0.0
0.0
0.0
0.0
0.0
0.0
0.0
0.0
0.0
0.0
0.0
0.0
0.0
0.0
0.0
0.0
0.0
0.0
0.0
0.0
0.0
0.0
0.0
0.0
0.0
0.0
0.0
0.0
0.0
0.0
0.0
0.0
0.0
0.0
0.0
0.0
0.0
0.0
0.0
0.0
0.0
0.0
0.0
0.0
0.0
0.0
0.0
0.0
0.0
0.0
0.0
0.0
0.0
0.0
0.0
0.0
0.0
0.0
0.0
0.0
0.0
0.0
0.0
0.0
0.0
0.0
0.0
0.0
0.0
0.0
0.0
0.0
0.0
0.0
0.0
0.0
0.0
0.0
0.0
0.0
0.0
0.0
0.0
0.0
0.0
0.0
0.0
0.0
0.0
0.0
0.0
0.0
0.0
0.0
0.0
0.0
0.0
0.0
0.0
0.0
0.0
0.0
0.0
0.0
0.0
0.0
0.0
0.0
0.0
0.0
0.0
0.0
0.0
0.0
0.0
0.0
0.0
0.0
0.0
0.0
0.0
0.0
0.0
0.0
0.0
0.0
0.0
0.0
0.0
0.0
0.0
0.0
0.0
0.0
0.0
0.0
0.0
0.0
0.0
0.0
0.0
0.0
0.0
0.0
0.0
0.0
0.0
0.0
0.0
0.0
0.0
0.0
0.0
0.0
0.0
0.0
0.0
0.0
0.0
0.0
0.0
0.0
0.0
0.0
0.0
0.0
0.0
0.0
0.0
0.0
0.0
0.0
0.0
0.0
0.0
0.0
0.0
0.0
0.0
0.0
0.0
0.0
0.0
0.0
0.0
0.0
0.0
0.0
0.0
0.0
0.0
0.0
0.0
0.0
0.0
0.0
0.0
0.0
0.0
0.0
0.0
0.0
0.0
0.0
0.0
0.0
0.0
0.0
0.0
0.0
0.0
0.0
0.0
0.0
0.0
0.0
0.0
0.0
0.0
0.0
0.0
0.0
0.0
0.0
0.0
0.0
0.0
0.0
0.0
0.0
0.0
0.0
0.0
0.0
0.0
0.0
0.0
0.0
0.0
0.0
0.0
0.0
0.0
0.0
0.0
0.0
0.0
0.0
0.0
0.0
0.0
0.0
0.0
0.0
0.0
0.0
0.0
0.0
0.0
0.0
0.0
0.0
0.0
0.0
0.0
0.0
0.0
0.0
0.0
0.0
0.0
0.0
0.0
0.0
0.0
0.0
0.0
0.0
0.0
0.0
0.0
0.0
0.0
0.0
0.0
0.0
0.0
0.0
0.0
0.0
0.0
0.0
0.0
0.0
0.0
0.0
0.0
0.0
0.0
0.0
0.0
0.0
0.0
0.0
0.0
0.0
0.0
0.0
0.0
0.0
0.0
0.0
0.0
0.0
0.0
0.0
0.0
0.0
0.0
0.0
0.0
0.0
0.0
0.0
0.0
0.0
0.0
0.0
0.0
0.0
0.0
0.0
0.0
0.0
0.0
0.0
0.0
0.0
0.0
0.0
0.0
0.0
0.0
0.0
0.0
0.0
0.0
0.0
0.0
0.0
0.0
0.0
0.0
0.0
0.0
0.0
0.0
0.0
0.0
0.0
0.0
0.0
0.0
0.0
0.0
0.0
0.0
0.0
0.0
0.0
0.0
0.0
0.0
0.0
0.0
0.0
0.0
0.0
0.0
0.0
0.0
0.0
0.0
0.0
0.0
0.0
0.0
0.0
0.0
0.0
0.0
0.0
0.0
0.0
0.0
0.0
0.0
0.0
0.0
0.0
0.0
0.0
0.0
0.0
0.0
0.0
0.0
0.0
0.0
0.0
0.0
0.0
0.0
0.0
0.0
0.0
0.0
0.0
0.0
0.0
0.0
0.0
0.0
0.0
0.0
0.0
0.0
0.0
0.0
0.0
0.0
0.0
0.0
0.0
0.0
0.0
0.0
0.0
0.0
0.0
0.0
0.0
0.0
0.0
0.0
0.0
0.0
0.0
0.0
0.0
0.0
0.0
0.0
0.0
0.0
0.0
0.0
0.0
0.0
0.0
0.0
0.0
0.0
0.0
0.0
0.0
0.0
0.0
0.0
0.0
0.0
0.0
0.0
0.0
0.0
0.0
0.0
0.0
0.0
0.0
0.0
0.0
0.0
0.0
0.0
0.0
0.0
0.0
0.0
0.0
0.0
0.0
0.0
0.0
0.0
0.0
0.0
0.0
0.0
0.0
0.0
0.0
0.0
0.0
0.0
0.0
0.0
0.0
0.0
0.0
0.0
0.0
0.0
0.0
0.0
0.0
0.0
0.0
0.0
0.0
0.0
0.0
0.0
0.0
0.0
0.0
0.0
0.0
0.0
0.0
0.0
0.0
0.0
0.0
0.0
0.0
0.0
0.0
0.0
0.0
0.0
0.0
0.0
0.0
0.0
0.0
0.0
0.0
0.0
0.0
0.0
0.0
0.0
0.0
0.0
0.0
0.0
0.0
0.0
0.0
0.0
0.0
0.0
0.0
0.0
0.0
0.0
0.0
0.0
0.0
0.0
0.0
0.0
0.0
0.0
0.0
0.0
0.0
0.0
0.0
0.0
0.0
0.0
0.0
0.0
0.0
0.0
0.0
0.0
0.0
0.0
0.0
0.0
0.0
0.0
0.0
0.0
0.0
0.0
0.0
0.0
0.0
0.0
0.0
0.0
0.0
0.0
0.0
0.0
0.0
0.0
0.0
0.0
0.0
0.0
0.0
0.0
0.0
0.0
0.0
0.0
0.0
0.0
0.0
0.0
0.0
0.0
0.0
0.0
0.0
0.0
0.0
0.0
0.0
0.0
0.0
0.0
0.0
0.0
0.0
0.0
0.0
0.0
0.0
0.0
0.0
0.0
0.0
0.0
0.0
0.0
0.0
0.0
0.0
0.0
0.0
0.0
0.0
0.0
0.0
0.0
0.0
0.0
0.0
0.0
0.0
0.0
0.0
0.0
0.0
0.0
0.0
0.0
0.0
0.0
0.0
0.0
0.0
0.0
0.0
0.0
0.0
0.0
0.0
0.0
0.0
0.0
0.0
0.0
0.0
0.0
0.0
0.0
0.0
0.0
0.0
0.0
0.0
0.0
0.0
0.0
0.0
0.0
0.0
0.0
0.0
0.0
0.0
0.0
0.0
0.0
0.0
0.0
0.0
0.0
0.0
0.0
0.0
0.0
0.0
0.0
0.0
0.0
0.0
0.0
0.0
0.0
0.0
0.0
0.0
0.0
0.0
0.0
0.0
0.0
0.0
0.0
0.0
0.0
0.0
0.0
0.0
0.0
0.0
0.0
0.0
0.0
0.0
0.0
0.0
0.0
0.0
0.0
0.0
0.0
0.0
0.0
0.0
0.0
0.0
0.0
0.0
0.0
0.0
0.0
0.0
0.0
0.0
0.0
0.0
0.0
0.0
0.0
0.0
0.0
0.0
0.0
0.0
0.0
0.0
0.0
0.0
0.0
0.0
0.0
0.0
0.0
0.0
0.0
0.0
0.0
0.0
0.0
0.0
0.0
0.0
0.0
0.0
0.0
0.0
0.0
0.0
0.0
0.0
0.0
0.0
0.0
0.0
0.0
0.0
0.0
0.0
0.0
0.0
0.0
0.0
0.0
0.0
0.0
0.0
0.0
0.0
0.0
0.0
0.0
0.0
0.0
0.0
0.0
0.0
0.0
0.0
0.0
0.0
0.0
0.0
0.0
0.0
0.0
0.0
0.0
0.0
0.0
0.0
0.0
0.0
0.0
0.0
0.0
0.0
0.0
0.0
0.0
0.0
0.0
0.0
0.0
0.0
0.0
0.0
0.0
0.0
0.0
0.0
0.0
0.0
0.0
0.0
0.0
0.0
0.0
0.0
0.0
0.0
0.0
0.0
0.0
0.0
0.0
0.0
0.0
0.0
0.0
0.0
0.0
0.0
0.0
0.0
0.0
0.0
0.0
0.0
0.0
0.0
0.0
0.0
0.0
0.0
0.0
0.0
0.0
0.0
0.0
0.0
0.0
0.0
0.0
0.0
0.0
0.0
0.0
0.0
0.0
0.0
0.0
0.0
0.0
0.0
0.0
0.0
0.0
0.0
0.0
0.0
0.0
0.0
0.0
0.0
0.0
0.0
0.0
0.0
0.0
0.0
0.0
0.0
0.0
0.0
0.0
0.0
0.0
0.0
0.0
0.0
0.0
0.0
0.0
0.0
0.0
0.0
0.0
0.0
0.0
0.0
0.0
0.0
0.0
0.0
0.0
0.0
0.0
0.0
0.0
0.0
0.0
0.0
0.0
0.0
0.0
0.0
0.0
0.0
0.0
0.0
0.0
0.0
0.0
0.0
0.0
0.0
0.0
0.0
0.0
0.0
0.0
0.0
0.0
0.0
0.0
0.0
0.0
0.0
0.0
0.0
0.0
0.0
0.0
0.0
0.0
0.0
0.0
0.0
0.0
0.0
0.0
0.0
0.0
0.0
0.0
0.0
0.0
0.0
0.0
0.0
0.0
0.0
0.0
0.0
0.0
0.0
0.0
0.0
0.0
0.0
0.0
0.0
0.0
0.0
0.0
0.0
0.0
0.0
0.0
0.0
0.0
0.0
0.0
0.0
0.0
0.0
0.0
0.0
0.0
0.0
0.0
0.0
0.0
0.0
0.0
0.0
0.0
0.0
0.0
0.0
0.0
0.0
0.0
0.0
0.0
0.0
0.0
0.0
0.0
0.0
0.0
0.0
0.0
0.0
0.0
0.0
0.0
0.0
0.0
0.0
0.0
0.0
0.0
0.0
0.0
0.0
0.0
0.0
0.0
0.0
0.0
0.0
0.0
0.0
0.0
0.0
0.0
0.0
0.0
0.0
0.0
0.0
0.0
0.0
0.0
0.0
0.0
0.0
0.0
0.0
0.0
