0.4831597457422434
0.4831557556354051
0.4831519594095412
0.48314814627463387
0.4831443065781008
0.48314044149836294
0.48313655282493
0.4831326420660824
0.483128710608101
0.4831247594923841
0.4831207893991909
0.48311680102774224
0.4831127949383515
0.48310877134480534
0.4831047307697617
0.4831006735281898
0.4830966084373888
0.48309252972535127
0.4830884348008003
0.4830843204451625
0.4830801874217775
0.48307603856119813
0.48307187381480143
0.48306769330981664
0.48306349707633534
0.4830592851540916
0.48305505762612727
0.4830508145022201
0.4830465558331346
0.4830422815384078
0.48303799173742823
0.48303368641717975
0.483029365598046
0.48302503245616984
0.48302068636530854
0.48301632477956863
0.48301194776708856
0.48300755530626865
0.4830031472892948
0.4829987238148106
0.48299428479260004
0.48298983017792985
0.48298536002559656
0.4829808743204104
0.4829763729995539
0.4829718560398946
0.48296732340398163
0.48296277504501367
0.4829582110172601
0.4829536312777109
0.4829490358478452
0.4829444255099688
0.4829398021884601
0.48293516305047846
0.48293050798979525
0.48292583707758413
0.4829211503252496
0.4829164474281399
0.4829117285745872
0.4829069937711564
0.4829022428560816
0.4828974757529781
0.48289269250295097
0.48288789311108415
0.4828830774828437
0.48287824558274145
0.4828733973679276
0.48286853278944847
0.48286365183045227
0.4828587544404785
0.4828538406137646
0.4828489127308921
0.4828439685597547
0.48283900780357175
0.4828340304798356
0.48282903665239024
0.48282402589216916
0.48281899833964453
0.4828139541718141
0.48280889302633734
0.48280381493601754
0.48279871997566237
0.48279360798263354
0.48278847895660504
0.4827833328702982
0.48277816958476755
0.4827729891743876
0.48276779153662225
0.48276257648704857
0.48275734432899897
0.4827520944667808
0.4827468275212227
0.48274154535117814
0.4827362452842432
0.4827309278375513
0.48272559289747197
0.48272024034424366
0.48271486970450916
0.4827094807019898
0.48270407371772134
0.4826986489006094
0.4826932061761173
0.48268774523847063
0.48268226616863846
0.48267676916844915
0.4826712540561922
0.4826657207553061
0.48266016922433286
0.4826545994597036
0.48264901130919297
0.4826434047527588
0.48263777969725385
0.4826321361054195
0.48262647392844
0.4826207945140707
0.4826150968490957
0.4826093804360919
0.48260364522391486
0.48259789115826623
0.4825921181758775
0.48258632623287495
0.48258051527930806
0.4825746852803823
0.48256883621042246
0.4825629680636228
0.48255708050962526
0.4825511734500674
0.48254524703982243
0.482539301240198
0.4825333360474627
0.48252735144346104
0.48252134717752804
0.4825153229295031
0.4825092790212761
0.4825032154936021
0.48249713246490034
0.4824910288440588
0.48248490532734306
0.4824787630234634
0.4824726015633434
0.4824664192861849
0.48246021689295987
0.4824539947087079
0.48244775180807553
0.48244148836835044
0.4824352048003338
0.482428900642381
0.4824225756778681
0.48241623050394616
0.48240986434630356
0.4824034769042483
0.4823970686872147
0.48239063949509464
0.4823841890532249
0.4823777178634889
0.4823712254564379
0.4823647118636609
0.48235817730839825
0.4823516210104652
0.48234504399710276
0.4823384445992965
0.48233182420630805
0.4823251823112168
0.48231851851455815
0.48231183416504253
0.4823051281518102
0.48229840095745735
0.4822916512115297
0.48228488013355725
0.4822780864233054
0.4822712711475826
0.4822644332337988
0.48225757345584636
0.48225069107970636
0.4822437865170473
0.4822368594064478
0.48222990980177594
0.4822229376908541
0.48221594279753677
0.4822089254933566
0.48220188518361634
0.4821948216810706
0.48218773563396267
0.4821806261525433
0.48217349403964144
0.4821663384797102
0.48215915984907315
0.4821519582327067
0.4821447323000472
0.4821374837691225
0.4821302112884794
0.4821229152201701
0.48211559614181165
0.48210825309008026
0.4821008872785767
0.48209349805617474
0.4820860834912656
0.4820786458048049
0.4820711840836923
0.48206369752055156
0.48205618726487737
0.4820486526153405
0.48204109315482635
0.48203350960854696
0.4820259015943951
0.48201826843459905
0.482010610782202
0.48200292888981305
0.48199522141493195
0.48198748873103336
0.48197973182600645
0.48197194946641003
0.48196414128776893
0.4819563083738211
0.4819484502599961
0.4819405662461621
0.48193265652259487
0.48192472186974145
0.48191676156443514
0.481908774614575
0.4819007622939784
0.48189272450587195
0.4818846608683838
0.48187656983040084
0.48186845336838374
0.4818603120726786
0.4818521447674112
0.4818439497965546
0.48183572881682507
0.4818274817113631
0.4818192082109132
0.4818109073763845
0.48180257938292337
0.4817942249215291
0.48178584382554307
0.4817774358585192
0.48176899982995325
0.4817605365004306
0.4817520463186799
0.4817435290085809
0.4817349843790317
0.48172641146996087
0.4817178105131283
0.4817091822980871
0.4817005265365528
0.48169184308795365
0.4816831317487398
0.48167439169351356
0.4816656232969497
0.48165682715273245
0.48164800284859194
0.4816391502266341
0.4816302689881526
0.4816213584386462
0.4816124188641209
0.4816034510333151
0.4815944545069804
0.48158542911208874
0.48157637473287684
0.48156729121833275
0.4815581772736915
0.4815490351421676
0.48153986393311676
0.4815306633620885
0.48152143327120067
0.48151217353951875
0.48150288494666366
0.4814935672015697
0.4814842180259305
0.48147483936482194
0.4814654386623022
0.48145600785915427
0.4814465479831033
0.48143705968415973
0.4814275381682338
0.48141798605700553
0.4814084032455762
0.481398788682681
0.48138914292053714
0.48137946660180786
0.4813697593395389
0.4813600209515063
0.48135025130687453
0.48134045028870787
0.48133061778723624
0.48132075369576466
0.4813108579097457
0.4813009303243443
0.4812909706711075
0.4812809784079593
0.48127095361402034
0.4812608970937426
0.4812508083908619
0.4812406873418187
0.4812305338174899
0.4812203476995668
0.4812101288772948
0.4811998772404753
0.48118959267882877
0.4811792750857797
0.4811689243595213
0.4811585405547987
0.4811481240825181
0.48113767416027553
0.48112719068033943
0.4811166735375131
0.4811061226234247
0.48109553783284775
0.4810849179186005
0.4810742642964947
0.4810635767161302
0.4810528549167697
0.48104209875516074
0.48103130810549394
0.48102048284720567
0.4810096228663555
0.48099872804887095
0.4809877982815684
0.4809768334537694
0.48096583345140026
0.4809547981632541
0.4809437274772208
0.48093262128098374
0.48092147946381963
0.4809103019132621
0.4808990885155935
0.4808878391570054
0.4808765537251899
0.4808652321070288
0.4808538741876841
0.48084247985480266
0.48083104899464474
0.4808195814913791
0.48080807723184843
0.4807965360994207
0.4807849579808256
0.4807733427579264
0.4807616903195299
0.48074998848463674
0.4807382443087272
0.4807264625070139
0.4807146429055402
0.4807027854534161
0.48069089003246074
0.48067895652756215
0.48066698483077364
0.48065497482280767
0.4806429263864052
0.48063083941730816
0.48061871385190325
0.48060655026943727
0.4805943479026564
0.48058210688732506
0.48056982666586034
0.480557506233937
0.4805451462995591
0.4805327468206684
0.4805203076753771
0.48050782874243897
0.4804953098975523
0.4804827510223916
0.48047015199488496
0.48045751269059794
0.48044483298913226
0.48043211276885833
0.4804193520297108
0.4804065506090675
0.480393708310878
0.48038082361186085
0.48036789683428455
0.48035492883473596
0.4803419195199517
0.48032886883282283
0.48031577688135224
0.48030264345956925
0.4802894672742193
0.48027624824865767
0.4802629870324654
0.48024968349798863
0.4802363375210272
0.4802229489780188
0.4802095177449267
0.48019604369945673
0.48018252672178735
0.48016896670047465
0.4801553635328353
0.48014171713656123
0.48012802750128636
0.480114295011113
0.4801005183949433
0.48008669511633123
0.48007282779558036
0.48005891630445957
0.48004496051893814
0.48003096031166564
0.48001691556389403
0.4800028261586303
0.47998869199014593
0.47997451297697535
0.4799602891000238
0.4799460205871275
0.4799317077474199
0.479917346348724
0.4799029392696285
0.4798884863814846
0.47987398755822613
0.47985944268019093
0.47984485163113505
0.47983021448021057
0.47981553150398193
0.47980080223133226
0.4797860272777762
0.47977120472971485
0.4797563331425887
0.479741414204021
0.47972644792121394
0.4797114341768638
0.47969637285954053
0.4796812637431462
0.4796661066323611
0.4796509019826552
0.47963565079013154
0.4796203482609649
0.47960499637859055
0.4795895958386941
0.47957414652202035
0.4795586483190865
0.47954310114905485
0.47952750499615343
0.4795118601051803
0.4794961667259266
0.4794804214262388
0.4794646250002116
0.4794487785857169
0.479432882069432
0.4794169359552012
0.4794009397108629
0.4793848933516149
0.47936879796227416
0.4793526499030634
0.47933644854371976
0.4793201959752353
0.4793038920857885
0.4792875367876242
0.4792711300504359
0.47925467204518035
0.4792381633517052
0.4792216013287315
0.47920498450929805
0.47918831723531274
0.4791715974195397
0.4791548249947282
0.4791380076316157
0.4791211472984223
0.47910423332648794
0.4790872634542805
0.4790702388220429
0.4790531605614303
0.4790360285964389
0.4790188429261979
0.47900160388990654
0.4789843114719791
0.4789669631309401
0.47894955756643015
0.47893209723157343
0.4789145820527585
0.4788970120341021
0.4788793875455461
0.4788617088531888
0.47884397246748034
0.4788261778281378
0.47880832727300054
0.47879042074190903
0.4787724582773131
0.4787544404477028
0.47873636856457363
0.47871823353332177
0.4787000415300601
0.47868179246384246
0.47866348630927597
0.47864512320868774
0.4786267039634799
0.47860822693892363
0.4785896872280047
0.47857108939591214
0.4785524338873793
0.4785337202497851
0.47851494895242963
0.47849612158753
0.47847722874349885
0.47845827638470373
0.4784392647609388
0.47842018312657075
0.47840102652945843
0.4783818136985142
0.47836253401425544
0.4783431930703177
0.47832379170197936
0.47830432993491023
0.47828480809465274
0.47826522899846097
0.4782455824821158
0.47822587329455213
0.47820610260458074
0.47818627045364
0.4781663772358119
0.47814642504095833
0.4781264051360721
0.47810632072660375
0.4780861737416098
0.4780659633711041
0.47804568825819854
0.47802535174105093
0.478004947361988
0.47798447718881176
0.47796394336479653
0.4779433460548256
0.4779226865099598
0.47790196201610446
0.4778811692556481
0.47786031014327185
0.4778393863469532
0.47781839724616715
0.47779734516561995
0.4777762238235909
0.4777550328798152
0.4777337761449551
0.4777124537603034
0.47769106673592615
0.4776696135968414
0.47764809018334575
0.4776264973263495
0.4776048376633069
0.47758311162030864
0.47756132059603884
0.4775394592810865
0.4775175253082474
0.47749552342650287
0.47747345386917567
0.477451319312916
0.47742911456822834
0.47740683367820386
0.47738448379559656
0.47736206506370504
0.47733957845736474
0.4773170230830076
0.4772943943203353
0.4772716919756371
0.4772489196612494
0.4772260780027164
0.4772031673561803
0.47718018462622286
0.4771571256207883
0.4771339955535686
0.47711079490429303
0.4770875245808134
0.47706418132399153
0.4770407593061241
0.4770172651431397
0.4769936984233472
0.47697006091095007
0.47694635029950394
0.476922559358672
0.4768986986686096
0.47687476516201344
0.47685075996968185
0.4768266826317864
0.47680254406575606
0.4767783312823313
0.4767540446987253
0.4767296853991937
0.47670525161084243
0.4766807340146148
0.4766561411454409
0.47663147346747875
0.4766067320776932
0.4765819144513216
0.47655701221930397
0.47653203364890234
0.47650697919216306
0.476481850358583
0.4764566421766713
0.4764313494579611
0.4764059793565421
0.4763805326724444
0.4763550123541121
0.4763294060170053
0.47630371722293635
0.4762779500262468
0.47625210539575125
0.47622618809571077
0.47620017708850565
0.4761740864068666
0.47614791634077236
0.4761216681887744
0.47609532497893137
0.4760688709115409
0.4760423359451696
0.4760157206169237
0.4759890275626042
0.4759622504041374
0.47593538340882574
0.4759084342567422
0.47588140406711577
0.4758542992620464
0.47582709693071906
0.4757998104140666
0.47577244115733347
0.4757449863992118
0.47571744986240405
0.47568981837651
0.4756621015158231
0.4756343011544935
0.475606421987641
0.4755784497621413
0.47555038499058305
0.4755222345387905
0.47549400027833766
0.47546568462674693
0.4754372713026034
0.4754087692873749
0.47538018147917643
0.4753515116464113
0.47532274941136476
0.47529389313533216
0.47526494835171323
0.47523591754342626
0.47520680305209656
0.4751775884321089
0.47514828179771856
0.4751188871896557
0.47508940957942913
0.475059834931016
0.4750301644190368
0.4750004034780192
0.4749705559636533
0.47494062088383054
0.4749105855289709
0.4748804555401417
0.47485023543277044
0.47481993019227825
0.47478952216734205
0.47475901632106354
0.4747284188740165
0.47469773237637486
0.47466695237087747
0.4746360760710596
0.47460510353054747
0.4745740392785452
0.47454288088957036
0.4745116412154873
0.47448031390838297
0.47444889311251176
0.47441738534868405
0.4743857729283956
0.47435405718023843
0.474322246475298
0.47429034348583937
0.47425834373713555
0.4742262393850672
0.47419403448165476
0.4741617347257465
0.47412934136046386
0.47409684235530836
0.4740642388279051
0.4740315386160464
0.4739987467444852
0.4739658486325184
0.4739328425164968
0.4738997381511019
0.4738665425762055
0.4738332400351018
0.4737998190665344
0.47376625700047287
0.4737325977384184
0.47369883771459625
0.4736649681048294
0.47363099170868994
0.4735969158365773
0.4735627408622113
0.4735284562215647
0.473494060818132
0.4734595598347555
0.4734249583691002
0.4733902470581445
0.47335542144583576
0.47332049071481047
0.47328546131599236
0.4732503219403548
0.47321506495912546
0.4731797036352804
0.473144243937137
0.4731086741892786
0.47307298367148654
0.4730371874005393
0.4730012897652445
0.47296528241097907
0.47292915547209285
0.4728929180325042
0.47285657640396983
0.4728201280165187
0.47278356276306355
0.47274688231595857
0.47271009501718597
0.4726731994686214
0.4726361863002355
0.47259905434473776
0.4725618145285191
0.4725244671394231
0.47248700197886356
0.47244941484419956
0.47241172103934975
0.47237392251013477
0.4723360063621997
0.4722979609958015
0.4722598065826169
0.4722215682573497
0.47218322643911365
0.4721447572002102
0.47210617578561787
0.4720674846379605
0.4720286753829504
0.47198973617393447
0.47195068362424736
0.4719115207614543
0.47187223929966093
0.4718328255148945
0.4717932968463515
0.47175365624288396
0.47171389640218986
0.47167400202593757
0.47163399145235624
0.4715938677128123
0.4715536239318037
0.4715132383483976
0.4714726814466658
0.47143200992323886
0.47139121718704613
0.4713502858117493
0.4713092355024545
0.4712680692320854
0.4712267805147821
0.47118534585918126
0.471143788864893
0.47110211146188996
0.471060310076505
0.47101836693153754
0.47097630238125593
0.47093411910773314
0.470891809984835
0.4708493579428941
0.47080678257552605
0.4707640861675409
0.4707212616008762
0.47067829393264865
0.4706352041344403
0.4705919913295015
0.4705486469638728
0.47050515830341205
0.47046154487717506
0.47041780894506396
0.4703739383241433
0.4703299236271504
0.47028578322583164
0.4702415194382105
0.4701971185938016
0.4701525791748063
0.47010791334659047
0.47006311854930855
0.4700181763682734
0.4699731062431825
0.46992794733964816
0.4698826692388412
0.4698372255533031
0.4697916500807903
0.4697459472700946
0.4697001219365476
0.4696541305962185
0.46960800627394955
0.4695617530753164
0.4695153741102386
0.46946882912555093
0.4694221500091178
0.46937534061608643
0.4693284014849933
0.4692812968496957
0.469234039921072
0.4691865990788249
0.4691390232610185
0.46909128289104823
0.46904340613593665
0.4689953969716714
0.46894724148390665
0.468898915767659
0.46885045284047694
0.4688018575450335
0.46875311148187976
0.4687042067732716
0.46865516364797577
0.4686059893820766
0.4685566486067153
0.4685071565265406
0.4684575264807333
0.4684077689742902
0.4683578285579728
0.46830774499639005
0.46825752228535417
0.468207166348518
0.46815662927290747
0.4681059479991399
0.46805512681057204
0.46800416725522304
0.46795303521219983
0.46790175879743445
0.46785033707487605
0.4677987597103452
0.46774702482151054
0.4676951708323355
0.4676431978146675
0.4675910592008837
0.46753875424961255
0.46748630370543853
0.46743372415842177
0.46738094803785324
0.4673280214506385
0.46727494838340056
0.4672217388349773
0.4671683356506413
0.4671147809747459
0.4670610795659034
0.467007232045392
0.4669531385090297
0.46689886916162976
0.4668444539431919
0.4667898780435573
0.4667351156135812
0.4666801899822479
0.46662512396922234
0.4665698740353581
0.4665144519601665
0.4664588741776313
0.4664031619940293
0.4663472426423188
0.4662911651834879
0.4662349342364215
0.4661785566217322
0.4661219768251457
0.4660652380304387
0.4660083469666598
0.4659512951721898
0.4658940491917441
0.4658366447895468
0.4657791012114046
0.46572137226631766
0.46566345711081286
0.465605368714964
0.46554716485128367
0.46548874770696047
0.46543021366390785
0.46537152026341794
0.46531267619479644
0.46525362025713923
0.4651943992572624
0.4651350209226238
0.4650754747066684
0.4650157256761456
0.4649558110148471
0.46489574694100244
0.4648354836781883
0.4647750342413508
0.4647143597218472
0.4646535088217932
0.464592427754398
0.46453117579878866
0.4644697474739316
0.4644081549857099
0.46434634554909765
0.46428436436309933
0.4642222219415524
0.46415989726742607
0.46409736625161735
0.4640346632205349
0.4639718199936983
0.46390873787444104
0.46384547896886424
0.46378204893190417
0.4637184630118513
0.4636546513976009
0.46359066656708503
0.46352651287989294
0.4634621712464755
0.46339760912230793
0.4633328893302284
0.46326801783509425
0.46320298551937605
0.4631377510964317
0.46307233920079444
0.46300677332367024
0.4629409651754568
0.462874973786246
0.46280880734145546
0.46274246860025214
0.4626758976922309
0.4626091432346811
0.4625422191876343
0.46247499980253964
0.4624075486687404
0.4623399154160516
0.46227211728173684
0.46220406378066126
0.4621358209927281
0.4620673980457138
0.4619988034048649
0.46192996562468625
0.46186093828771896
0.46179173445790833
0.46172233160331133
0.4616527004373932
0.46158288024421473
0.46151291196488897
0.4614426848582512
0.46137226282808863
0.46130163982362526
0.4612308414289541
0.4611598149790227
0.4610885934486331
0.46101724482899104
0.46094570403315743
0.46087392566664054
0.46080195300766286
0.4607298239687125
0.46065742283957584
0.4605848214443721
0.46051202725888424
0.46043905408010544
0.46036581535194226
0.4602923230823212
0.460218585735042
0.46014464458799315
0.46007044440390954
0.45999604429862845
0.4599214845888746
0.4598466433906874
0.45977159616597063
0.45969635200572334
0.4596209276953917
0.45954523338663344
0.4594693325347101
0.45939324653410285
0.45931695529632316
0.4592404107989108
0.4591636464869169
0.4590867120159313
0.4590095186376424
0.4589321139936991
0.45885454651479457
0.4587768235875805
0.45869882342839297
0.45862061239789403
0.45854220306217186
0.4584635741127929
0.45838468631822443
0.4583055885568337
0.4582263235097366
0.45814675717371706
0.4580668635031791
0.457986755751013
0.457906440973721
0.45782584166360896
0.4577450258872463
0.4576640101547231
0.45758276561673805
0.4575012574076118
0.45741953450915235
0.4573376378106233
0.4572554466949352
0.4571730341049152
0.457090409079542
0.45700756088243744
0.4569244340676795
0.456841109157979
0.45675758239189534
0.4566738659842095
0.4565899013883571
0.4565057169484416
0.45642135279076185
0.4563366775832335
0.4562517768474232
0.4561666568133757
0.4560813239189418
0.45599569522302796
0.45590975066416156
0.45582356173691124
0.4557370987193206
0.45565036942812986
0.4555634167780898
0.45547627398450785
0.45538881131035824
0.45530111769593257
0.4552132133289449
0.45512509075821855
0.45503666867096965
0.45494800294544235
0.45485912625274877
0.45476998616656167
0.4546805916452389
0.4545909705749833
0.45450122475499033
0.45441115900921214
0.45432086333003413
0.4542303454493537
0.4541395807290714
0.4540485136020674
0.45395721279737966
0.4538657306990711
0.453773837231159
0.4536816188304469
0.45358915900126306
0.4534964867144278
0.45340348490436133
0.4533102431493975
0.45321677901179297
0.4531230676764574
0.45302905796026754
0.45293481008923275
0.4528403479888054
0.45274552336895396
0.45265048752237436
0.45255522228212797
0.452459729766552
0.4523639925089181
0.45226801778164133
0.45217181328776895
0.4520753218204332
0.4519785341938441
0.45188150472075933
0.4517842693859055
0.4516866783575176
0.4515887008294542
0.45149045281474487
0.45139196040748597
0.4512931366130356
0.4511940638706278
0.4510947806621859
0.450995188030909
0.4508953022228516
0.45079515557556427
0.4506947743730127
0.45059405658878615
0.45049310677050924
0.4503919215279312
0.4502905137187282
0.4501888204171148
0.4500868699854247
0.4499847172751829
0.449882182966911
0.44977938796425004
0.44967634351914526
0.4495730633564322
0.44946928984357326
0.44936520999409274
0.4492608883487749
0.4491562814294211
0.44905135372178373
0.4489461726469165
0.448840775242079
0.4487349761406875
0.44862889813001844
0.44852259641393727
0.4484160649763149
0.4483091738388548
0.44820203905033495
0.4480947258275356
0.4479870998519162
0.44787915364519126
0.44777094770678355
0.4476625108706174
0.44755368681690505
0.44744459464093794
0.4473350613949975
0.4472252451214664
0.44711506776533083
0.4470046380737188
0.4468939671171646
0.4467829478018705
0.44667159842488047
0.4465599829711401
0.4464481526430163
0.4463359481210525
0.4462234595583565
0.44611074192901173
0.44599780160522945
0.445884503828232
0.44577093895143893
0.4456571480165965
0.4455429434387326
0.4454284537744094
0.44531362881025927
0.44519840256556337
0.4450827918513469
0.44496691201806204
0.4448507680861988
0.44473431914780065
0.4446174855001793
0.44450037927615677
0.4443830677209261
0.44426533985649125
0.44414732164827836
0.4440290771186508
0.44391062004611237
0.44379177278023785
0.4436726415059538
0.44355323536844965
0.44343349558539874
0.44331340370336364
0.4431928945905285
0.4430720662380019
0.4429508286452673
0.44282930500984646
0.4427074949614124
0.4425853659710102
0.44246283907106787
0.44234007166802575
0.44221703184824585
0.4420936347064616
0.44196993868789347
0.4418460253937251
0.44172183689428957
0.44159722614228286
0.44147231919080404
0.4413471304160699
0.4412216190810215
0.44109554484217495
0.44096916270939274
0.4408425046748905
0.4407154553559285
0.4405880370058486
0.4404603283550207
0.4403323813806658
0.4402040118614681
0.4400753381592985
0.4399464029274937
0.4398172319404636
0.43968766639787604
0.43955780842230513
0.4394276702041026
0.4392971272366902
0.4391662469074888
0.439034897913321
0.43890323412928345
0.43877113873389795
0.43863869268728745
0.43850595253888214
0.43837290612083146
0.43823947494429677
0.43810574951852843
0.4379717376433998
0.4378374010597352
0.4377027526405263
0.4375678108022692
0.4374325671077511
0.437296896264101
0.4371609154787309
0.43702448553067086
0.4368876344077566
0.4367503543626829
0.4366127601755245
0.43647485929046265
0.436336562058483
0.43619793898658743
0.4360590184186941
0.43591979744115444
0.43578024777589996
0.4356403914864983
0.4355002390559621
0.43535973027414765
0.4352188220684517
0.43507757022093274
0.43493579831478607
0.43479354677703586
0.4346509348833221
0.4345080221204088
0.4343648389414276
0.43422120848608975
0.4340772578884055
0.4339330094439306
0.43378853594442124
0.43364364878424033
0.4334984551884006
0.43335295830525794
0.43320700719367977
0.433060626919403
0.43291373871850675
0.4327664767490554
0.4326187581743681
0.4324707526197284
0.4323224614254057
0.43217379915349147
0.4320247229777402
0.4318754129862515
0.4317258396743091
0.4315758390030999
0.4314254787387258
0.4312747817756981
0.43112371882173484
0.43097197880446414
0.4308198297029935
0.4306673665201626
0.4305145727500304
0.4303613649476489
0.4302078470904823
0.4300539954549574
0.42989980699262526
0.42974528558600616
0.4295904628711412
0.42943527771326795
0.42927959778146313
0.42912357087371544
0.4289669456645966
0.4288099202019873
0.4286524663478913
0.4284947453483674
0.42833668828769367
0.42817821748036616
0.42801933365525335
0.42786028806002474
0.42770087774470794
0.4275409853565175
0.4273807362540118
0.4272201456677378
0.4270589898032746
0.42689724872300305
0.42673520688363503
0.42657287644203673
0.4264101296586097
0.4262469412201126
0.42608343426211603
0.42591971500587816
0.4257555505190223
0.42559100298910874
0.42542612303989874
0.4252608099394502
0.4250948555129565
0.4249284430268338
0.42476175212135614
0.42459465316740974
0.42442710654067317
0.42425922146993206
0.42409103232993767
0.4239225218992023
0.42375359432426984
0.4235843555287361
0.42341467361628865
0.4232444765176149
0.4230736354737964
0.42290251943457463
0.42273101344316927
0.4225590371549293
0.4223866947399955
0.42221404064279117
0.42204110694733
0.4218677266499299
0.42169402219875735
0.4215198790287127
0.4213452572206562
0.42116997901209424
0.42099441712892144
0.4208184386413766
0.4206419522716261
0.4204651103870202
0.42028799905913217
0.420110579307401
0.4199327084304724
0.4197544511031286
0.4195757888257006
0.41939665752020894
0.4192168342012032
0.4190367270065024
0.4188561991707831
0.4186752003792901
0.4184938209652233
0.4183122739009198
0.4181303199683608
0.41794786763727787
0.4177649861419201
0.4175817727377983
0.41739793663501
0.4172135459557324
0.4170288005911113
0.41684370472920945
0.41665816373364356
0.4164722605255168
0.41628612523015673
0.41609955597336595
0.4159124450991227
0.4157249279419783
0.4155369911433944
0.41534843378473946
0.41515938997568774
0.41497000681942325
0.41478029824747903
0.41459020388496187
0.4143997307297909
0.4142088502394803
0.4140175787402855
0.4138258047338362
0.41363346846803883
0.41344064858604596
0.4132474500436542
0.4130537708813365
0.41285967002884577
0.41266545095312923
0.41247072073949576
0.41227545273055766
0.4120797797402959
0.41188382078629737
0.41168710303332473
0.41148990230322474
0.4112923432562461
0.4110944440855797
0.4108961325186753
0.41069744115877216
0.4104983321335282
0.41029880049199297
0.4100988205704437
0.4098982538386316
0.4096972337210469
0.4094957755932378
0.409293823462772
0.409091527310964
0.40888902275342615
0.4086859138696156
0.4084823311063194
0.4082784203447077
0.40807407952341956
0.40786903112837186
0.4076635162143885
0.4074576329139922
0.40725145668701734
0.40704480986524294
0.40683769586590557
0.40663021948288985
0.40642245452338427
0.4062139619092523
0.4060048947604563
0.4057954745349641
0.40558558999346545
0.40537531439441854
0.40516467169211784
0.4049537290243585
0.40474225617812537
0.40453037836889466
0.4043177254069503
0.4041047693597643
0.4038912022090023
0.4036772227314646
0.40346301127705203
0.4032484504222456
0.40303333077024417
0.4028178389615685
0.4026017740122804
0.4023851863190781
0.4021680372383509
0.4019504143340708
0.4017326412505994
0.4015144477482422
0.40129570708050016
0.40107662401146404
0.40085709477022874
0.4006368447318393
0.4004160574200519
0.40019481145503616
0.3999734692028918
0.39975155097489423
0.3995292013851993
0.39930651952830043
0.3990834773347063
0.3988594799987145
0.3986350204019774
0.39841013781261075
0.3981851967862738
0.39795958347773264
0.3977336368170268
0.3975073303312524
0.39728055588197186
0.3970528925146175
0.3968247375538214
0.3965962785860255
0.39636763973628275
0.39613843027155743
0.39590884675377125
0.39567890567915986
0.3954482929597158
0.39521691122454683
0.3949850912126926
0.3947531118820592
0.39452079096907944
0.394287950854361
0.3940547024601867
0.3938210610347512
0.3935865563854774
0.3933514666638974
0.39311608984055824
0.39288056967092044
0.392644536256859
0.392408002415921
0.3921710804291469
0.3919336004647798
0.3916952457106547
0.39145653152667403
0.3912176263085243
0.39097852676770917
0.39073872015303224
0.39049850148116866
0.3902576556176139
0.3900163760311136
0.3897743310520057
0.3895320985345427
0.38928956185640695
0.3890467817960734
0.38880328723798097
0.3885592108312048
0.388314462259374
0.3880694027998294
0.387823880297183
0.38757805186012084
0.38733187621038023
0.38708541587754824
0.3868379673108794
0.3865898472764487
0.38634142932690585
0.3860929115836536
0.3858437935991047
0.38559430234733316
0.38534441253325347
0.385093812865132
0.38484243681992947
0.38459078645245504
0.3843390075410985
0.38408686171105055
0.38383406314482144
0.38358081038185066
0.38332678542750587
0.38307234730363193
0.38281754611352115
0.38256245211463613
0.382307007400586
0.38205107633161295
0.3817943663930864
0.38153698238137174
0.38127937764689884
0.38102158717315526
0.3807631768326952
0.3805043334076507
0.3802451547037903
0.37998509628770877
0.37972442702513437
0.3794637278588882
0.3792026548431642
0.37894110233790734
0.3786789441812318
0.3784161827461229
0.3781528692702977
0.3778893572056035
0.37762532552715095
0.37736085320410123
0.3770961008167817
0.37683074640019465
0.3765644681610126
0.376298007817016
0.3760313152795661
0.37576415786399714
0.3754964618068109
0.3752282988254987
0.3749593422891013
0.37469014922587496
0.37442051772786733
0.374150509255548
0.3738801788027666
0.3736093180589042
0.37333737807346523
0.37306534765110333
0.37279309865220867
0.37252040543545023
0.3722471376744204
0.37197329766302967
0.37169878909137094
0.3714241404475819
0.3711489389776103
0.3708733820595385
0.3705974113962576
0.37032084794115583
0.370043462838613
0.3697659994934642
0.3694881826406038
0.36920988417368833
0.3689309999530961
0.36865151084291553
0.36837164735768324
0.3680914970609874
0.367810688649082
0.36752953486497913
0.3672481397264355
0.36696591150844193
0.36668318865416144
0.36640012159454505
0.36611680616548387
0.36583313395807737
0.36554865972314965
0.3652635302183226
0.36497828977488567
0.364692701395425
0.36440649443925555
0.36411990834053565
0.3638326761500436
0.36354510016585506
0.36325698810302565
0.36296849927851804
0.3626797266522842
0.36239044820780403
0.3621003090047224
0.3618099239646362
0.36151924968619115
0.3612282331131924
0.36093674022356526
0.36064420667669006
0.36035162285745537
0.36005874087520723
0.35976536051368896
0.359471556652586
0.3591768878237528
0.3588821163464405
0.35858689685900547
0.35829117109016806
0.3579951292138164
0.3576984343861458
0.3574013098532226
0.3571037262684151
0.35680576551013243
0.35650760951943916
0.35620871149701716
0.35590917240091197
0.3556093968828117
0.3553093244000454
0.3550088834875108
0.35470764471314353
0.35440593984830615
0.3541040248236143
0.3538016646981277
0.35349887575243016
0.35319547838420395
0.35289163930019
0.35258746143919256
0.35228280796904093
0.3519778378291018
0.3516722885658814
0.3513663157695818
0.35105988782662517
0.3507530460336198
0.35044601502625466
0.3501382770499895
0.3498300772440847
0.34952134154394504
0.3492125011356967
0.3489033840658354
0.34859333881514826
0.34828279299867976
0.3479720758555524
0.3476612359454741
0.34734978570227304
0.3470373545703372
0.34672481884022016
0.3464121016752975
0.34609896807125395
0.34578506107545853
0.34547073814326423
0.34515619065198655
0.34484134322872795
0.34452590908974456
0.34420985013981564
0.3438935299883692
0.34357691385781236
0.34325980271146583
0.3429422459038974
0.34262408675537526
0.34230573700656813
0.34198693817097936
0.3416676783440811
0.3413479048822802
0.34102768530725774
0.3407072867473019
0.34038639649423347
0.34006506429326483
0.33974307390493824
0.33942100129387703
0.33909842468413604
0.3387753720606601
0.33845180744928594
0.33812807970805586
0.33780380129567805
0.33747903880531877
0.3371539389988446
0.33682841339096586
0.33650253895718996
0.3361761297802502
0.3358494199541156
0.3355222146142371
0.33519480257230955
0.3348667902128641
0.3345384382196854
0.3342096572748299
0.3338806313212575
0.3335510497208323
0.33322101152725453
0.33289066426727926
0.3325599236955832
0.33222882319574853
0.3318971722073874
0.3315652851928318
0.3312328262908448
0.330900211487138
0.3305669836332566
0.330233433442005
0.32989941132602163
0.32956530095722697
0.3292304887304012
0.32889522445157554
0.3285597391803361
0.3282239401061977
0.32788766382046547
0.32755084680463675
0.3272138509599895
0.32687637713250306
0.32653863665155225
0.326200311729269
0.3258617798719032
0.32552268913526866
0.32518346911184515
0.3248436743643048
0.3245035257357429
0.32416286907947567
0.32382194430574973
0.32348090418622466
0.32313926239625723
0.32279697767772225
0.3224544805422187
0.3221121612826376
0.3217688889014496
0.32142509044310624
0.32108103936003934
0.3207372137083468
0.3203925381969597
0.32004725791153465
0.31970181220100957
0.3193564407706376
0.3190103692656948
0.3186636706748207
0.31831673552502493
0.3179697472537378
0.31762224291124797
0.3172742830415898
0.31692580820587785
0.31657738284003195
0.3162283941876965
0.3158789924328592
0.3155292979858897
0.31517937999534185
0.31482866943413035
0.31447788064209337
0.314127295305672
0.31377553730470314
0.3134233254232765
0.31307131377496666
0.3127194038365789
0.3123660353517888
0.31201261247413165
0.31165936022375673
0.3113056153090124
0.310951057863083
0.31059643853311375
0.31024182264329153
0.3098862937562517
0.3095308127780371
0.3091747941268326
0.30881858919402283
0.30846171473679673
0.30810479559805043
0.30774785744154476
0.3073899640120063
0.30703176763696777
0.3066735580776803
0.3063154161958881
0.3059560403345607
0.30559653977299395
0.3052372174128158
0.30487727635613393
0.3045169618187149
0.30415632356499284
0.30379560147446527
0.30343420413699274
0.3030727828143006
0.30271111110603705
0.30234867097854756
0.30198598540883664
0.30162336579362437
0.3012605526748016
0.30089674938619854
0.300532793489028
0.300169235853897
0.29980466913228093
0.299439815557647
0.2990750343462022
0.2987096059601999
0.29834389694156027
0.2979782453613762
0.2976120902164027
0.29724523956917914
0.2968782664091288
0.2965116645240089
0.2961441118284415
0.29577599156985923
0.29540825740304605
0.29503992051623745
0.2946711372308845
0.29430246982476593
0.2939332702654085
0.2935633978444799
0.2931937989698561
0.2928242061375392
0.2924533511308681
0.29208246234733093
0.29171189262081404
0.2913406002044583
0.2909688463369409
0.2905972978466018
0.2902251472833006
0.28985238660353124
0.28948022901623127
0.2891074387521166
0.2887337098877381
0.28836044217097534
0.2879869498620125
0.2876126452670876
0.2872385006258909
0.28686407048839585
0.28648879680657824
0.28611401588350627
0.285738973660053
0.2853628443773986
0.2849869200582365
0.28461096503794275
0.28423445295393296
0.28385771592385634
0.2834809654078669
0.28310348856011003
0.2827257294378519
0.2823486532897487
0.28197036184489344
0.2815917684906485
0.2812137631337895
0.2808345868717222
0.2804556196915198
0.2800768517653
0.27969672709241744
0.27931694314393807
0.2789373400964663
0.2785567907047778
0.2781763108780544
0.27779570482729515
0.277414278686823
0.2770333036178109
0.2766521317592499
0.27626990299343934
0.2758879293801143
0.275505908297077
0.27512336705640467
0.27474079307465094
0.27435796554581415
0.2739744428842308
0.27359103842696186
0.27320798433989374
0.2728236909844476
0.27243956997859603
0.2720554700223923
0.27167052993823526
0.27128622463028773
0.270901317645886
0.27051561617522707
0.27013040936132593
0.2697447314142037
0.2693588915005448
0.2689730211530351
0.26858633986767894
0.26819974515440614
0.26781327841233865
0.26742617501396
0.26703906275099415
0.2666518561529998
0.2662637301020556
0.26587604639835055
0.26548840271852936
0.2650997499985297
0.2647114654448031
0.26432262170173904
0.2639336930602707
0.2635450883702854
0.26315538516181713
0.2627659539639529
0.2623763569732942
0.26198627476330705
0.261596365995341
0.2612062504956926
0.2608153026037286
0.26042480522360006
0.2600338735719687
0.2596428653907052
0.2592519939692629
0.2588598512305499
0.25846842858627755
0.2580766587271639
0.2576846850631433
0.2572926317448785
0.25689983494342006
0.2565072630042763
0.25611459939446807
0.25572172720356035
0.2553285262622109
0.254935179801699
0.254541412119426
0.2541478333720709
0.25375402356950155
0.25335994737923256
0.25296592478217156
0.2525710570491922
0.25217661120839413
0.2517818435659886
0.25138700746187376
0.2509920023253711
0.2505962750125673
0.25020097877033587
0.24980530508588425
0.2494097239244491
0.2490136762677357
0.2486173066854523
0.24822097479534025
0.247824520732287
0.24742813171628503
0.24703115071747864
0.2466341299731977
0.24623682101915909
0.2458397409299398
0.24544244164120363
0.2450446539319189
0.2446468224302872
0.24424858337049246
0.24385087336360325
0.24345236553336017
0.243054388503467
0.2426554106813237
0.24225682121895495
0.2418578303777515
0.24145896959143895
0.24105988589453178
0.2406604993025664
0.24026081870271312
0.23986127456405387
0.23946145459966595
0.23906183872251863
0.23866161442258757
0.23826123715600914
0.23786090178197855
0.23746030580919367
0.23705985025951304
0.2366591528369289
0.2362579470821957
0.23585701186721375
0.23545546253793853
0.23505456279959208
0.23465293023050965
0.2342512357234676
0.23384939631708399
0.23344727958586708
0.23304557619272193
0.23264320867835708
0.2322413127768781
0.2318382717973118
0.23143582952041197
0.23103292718635784
0.2306302851552639
0.23022745230711078
0.22982415428074604
0.2294208802216156
0.22901738326750598
0.22861377683466752
0.22821051295335495
0.22780647134709547
0.22740271111097252
0.2269984021067686
0.22659453445807465
0.2261901461211383
0.22578590528146467
0.22538129392623882
0.22497639742339098
0.22457182645428295
0.22416679883842913
0.22376218491107316
0.22335684053091887
0.22295153026664233
0.22254607441394256
0.22214032293740357
0.22173510411018144
0.22132904842866485
0.2209235445695466
0.22051693682571555
0.2201114015963009
0.21970459035362322
0.21929898162941858
0.2188919678244666
0.21848566406250464
0.2180785189547246
0.2176718673285512
0.21726493942903435
0.21685799355879706
0.21645088731868883
0.21604335347790302
0.2156361466477203
0.21522835087848274
0.21482112202193113
0.21441322114685063
0.21400539132524898
0.2135971637358662
0.2131891469955081
0.21278093745776017
0.21237273052445385
0.211964511919874
0.21155557227255803
0.21114725828360023
0.2107379493847686
0.2103297677979265
0.20992025664663275
0.20951174888219168
0.20910188322222228
0.20869287521137603
0.2082831228026818
0.20787387703317958
0.20746419982370412
0.2070544269921013
0.20664440677168947
0.20623431148978938
0.20582428390286872
0.20541414162256807
0.2050040233919903
0.20459319326189607
0.20418281514564604
0.20377164185722055
0.20336133458782413
0.20295004498164487
0.2025397816690917
0.20212778234716638
0.201717302414668
0.20130508275472572
0.2008943735701529
0.2004822310248647
0.20007122817322298
0.19965869653037208
0.1992471701058903
0.19883470169870412
0.19842271721927637
0.19801071891607352
0.19759813213362762
0.1971857453760921
0.1967729558960015
0.19636008455942633
0.19594748568044165
0.195534437637654
0.195121816982192
0.19470799394066654
0.1942950627874835
0.19388107224971146
0.19346789086262567
0.1930541141427416
0.19264060243296757
0.19222645652197787
0.191812599680361
0.1913981059605367
0.1909841315770945
0.1905694447343216
0.19015545527880787
0.1897404056259217
0.18932593752256957
0.1889105550265972
0.18849596914278766
0.18808043076111497
0.18766580750816078
0.18724997441073707
0.18683466154859996
0.18641878085709865
0.1860031887222041
0.18558710336311127
0.18517150310338154
0.18475513103865232
0.18433870660869742
0.18392225104500332
0.18350569154090882
0.18308887298633308
0.18267251817401675
0.18225540129771167
0.18183825452416244
0.1814209138474659
0.18100340311285115
0.18058604758945726
0.18016852379794057
0.1797510091919246
0.17933292332930778
0.17891481897152903
0.17849625547985348
0.17807844120428268
0.17765939100978778
0.17724164242337542
0.17682250114031256
0.1764032077533747
0.17598448652211718
0.1755648406160445
0.17514566957391334
0.17472636581204848
0.17430644637475487
0.17388697995988828
0.17346661174011632
0.17304644521992235
0.17262630625650155
0.1722054862234298
0.17178583211337545
0.17136427399924076
0.17094337941766563
0.17052231745497565
0.17010071587094644
0.16967955984357455
0.16925784575725156
0.16883634976233666
0.16841441485773087
0.16799183817551136
0.16756969948388706
0.16714723482188723
0.1667245064029427
0.16630191657490606
0.1658785586783057
0.16545564369260085
0.16503191718534554
0.16460848311777015
0.16418467427025035
0.16376033326577938
0.16333705172765342
0.1629123421616436
0.1624876806921027
0.16206284356037196
0.16163802778196854
0.1612126062246409
0.16078736358927298
0.1603623285250216
0.15993601530743964
0.1595102351632332
0.15908392566262528
0.1586572205741844
0.1582307742386524
0.15780405994534275
0.15737704641508418
0.15694978387401218
0.15652220764947988
0.15609415679058414
0.15566649660387719
0.15523788967320043
0.1548097762570622
0.15438137839230878
0.15395207807912697
0.15352294830911786
0.15309325736086293
0.15266371164182632
0.15223341738759993
0.15180378879923004
0.15137358186656175
0.1509420550061934
0.15051182748358966
0.15007989220601878
0.1496483105194258
0.1492172444254878
0.14878448481142428
0.1483526760872947
0.1479200846495111
0.14748668311059382
0.14705373181532266
0.1466201880482443
0.14618641252378098
0.14575229348402882
0.14531809099860368
0.1448832071300359
0.1444484145240188
0.14401302760615584
0.1435768336989174
0.14314161891746532
0.14270476012108954
0.14226826449547644
0.14183219812292405
0.14139386562008693
0.1409563759701412
0.14051868490959213
0.1400799633624858
0.13964157402965235
0.1392025470691514
0.13876325930308944
0.13832339973756794
0.13788315656031247
0.13744284799313705
0.13700146161756624
0.13656049116918956
0.13611904153459534
0.13567659808032062
0.13523467597042227
0.13479163653367537
0.13434810350384693
0.13390443064426366
0.13346027408971284
0.13301600406288508
0.1325708947437988
0.13212541031517194
0.13168033159280568
0.13123338139092905
0.130786295516123
0.13033990864514483
0.1298917474284038
0.12944345719109737
0.12899539665383566
0.1285462932948376
0.12809668000200217
0.12764621050215574
0.12719593008375685
0.12674481683300926
0.1262929287207274
0.12584121822957664
0.12538862923846059
0.12493545305862089
0.1244819944807992
0.12402727904814023
0.12357238770402308
0.12311740364272936
0.12266118795947743
0.12220480594780803
0.12174792177826406
0.1212902560604183
0.12083205347310176
0.12037282585274026
0.11991319790982674
0.11945343928447978
0.11899242270957383
0.11853073960320129
0.11806963242841394
0.11760655844430669
0.11714255218335082
0.11667912149313546
0.11621453521200246
0.11574785340018626
0.11528232602613447
0.11481595317744366
0.11434785662464896
0.11387924304549647
0.11341079312814263
0.11294112985423377
0.1124691366960002
0.11199798223428988
0.11152659848674838
0.11105302772285534
0.11057886443682906
0.11010473423929751
0.10962915987950769
0.10915227836313923
0.10867532650205554
0.10819689633631814
0.10771778955858843
0.10723806915751123
0.10675748896062996
0.10627505862146538
0.10579289637933342
0.10530919804477985
0.10482422515386129
0.10433842982359437
0.10385190381133162
0.1033644239143189
0.10287549079723732
0.10238554953431081
0.10189519882780051
0.10140338355824631
0.10091021155570086
0.10041571561627333
0.09992114065829162
0.09942447559925645
0.09892662843539794
0.09842791665220144
0.09792855954221644
0.09742749877926722
0.09692478951560499
0.09642120986554198
0.09591642777570039
0.09541003699053682
0.09490233302189835
0.0943937870401742
0.093883539254901
0.09337158552433479
0.09285860119661282
0.09234478204733876
0.0918288918025157
0.09131036442871071
0.09079119072375702
0.09027136914460497
0.08974970042493742
0.08922528481491647
0.08869967877464133
0.08817320081750474
0.08764505430492256
0.08711449880093236
0.08658185245065247
0.08604756109348637
0.08551239160565231
0.08497502077433139
0.08443500282696428
0.08389300371165971
0.08335027482659453
0.08280555366421424
0.08225755786238215
0.08170748281553995
0.08115578509829342
0.08060209976727381
0.08004615037600708
0.07948718411577549
0.07892637164880899
0.07836359706366071
0.07779904334619073
0.07723008466478257
0.07665899378154133
0.07608620638501529
0.07551086786679237
0.07493193007378939
0.07434992060659898
0.0737661298409097
0.07317945823776796
0.07258876244112648
0.07199558183620208
0.07139984137313825
0.07080051517240084
0.07019696164879267
0.06958999975558403
0.06898077905603638
0.06836777874490556
0.06775050885731392
0.06712920744394157
0.06650475194791926
0.06587626963050762
0.06524367723900007
0.06460624088999826
0.06396447867944612
0.06331859015146517
0.06266791152554504
0.06201224612608494
0.06135158167127581
0.06068603574067463
0.06001554131466574
0.05933908293268036
0.05865698813189505
0.05796889927109802
0.05727508228685415
0.05657490667578137
0.05586753989770682
0.055153484590292325
0.05443269719816912
0.05370461669930855
0.05296858863126368
0.05222456353586155
0.051472499580576245
0.050711651699547965
0.04994117348900979
0.049161162633553614
0.048371199663556914
0.04757063844449904
0.046758860679681984
0.04593535808157591
0.04509965641985352
0.04425076710917688
0.0433880407112653
0.042510816417979096
0.04161810285981272
0.04070835133870414
0.039780485336348086
0.03883402981319112
0.03786752393024874
0.036879139218736964
0.03586673030761316
0.034828547820011345
0.03376214510303943
0.03266478241918107
0.031532845419846724
0.030362817504830966
0.029149578850893844
0.027887419513527675
0.026570404653626284
0.025189999113720524
0.0237350346198143
0.02219070160952708
0.020536276791779738
0.018742270480468837
0.01676382266372183
0.014525474228919678
0.011881024278141507
0.008462533635515097
0.0015074727125576172
0.0
0.0
0.0
0.0
0.0
0.0
0.0
0.0
0.0
0.0
0.0
0.0
0.0
0.0
0.0
0.0
0.0
0.0
0.0
0.0
0.0
0.0
0.0
0.0
0.0
0.0
0.0
0.0
0.0
0.0
0.0
0.0
0.0
0.0
0.0
0.0
0.0
0.0
0.0
0.0
0.0
0.0
0.0
0.0
0.0
0.0
0.0
0.0
0.0
0.0
0.0
0.0
0.0
0.0
0.0
0.0
0.0
0.0
0.0
0.0
0.0
0.0
0.0
0.0
0.0
0.0
0.0
0.0
0.0
0.0
0.0
0.0
0.0
0.0
0.0
0.0
0.0
0.0
0.0
0.0
0.0
0.0
0.0
0.0
0.0
0.0
0.0
0.0
0.0
0.0
0.0
0.0
0.0
0.0
0.0
0.0
0.0
0.0
0.0
0.0
0.0
0.0
0.0
0.0
0.0
0.0
0.0
0.0
0.0
0.0
0.0
0.0
0.0
0.0
0.0
0.0
0.0
0.0
0.0
0.0
0.0
0.0
0.0
0.0
0.0
0.0
0.0
0.0
0.0
0.0
0.0
0.0
0.0
0.0
0.0
0.0
0.0
0.0
0.0
0.0
0.0
0.0
0.0
0.0
0.0
0.0
0.0
0.0
0.0
0.0
0.0
0.0
0.0
0.0
0.0
0.0
0.0
0.0
0.0
0.0
0.0
0.0
0.0
0.0
0.0
0.0
0.0
0.0
0.0
0.0
0.0
0.0
0.0
0.0
0.0
0.0
0.0
0.0
0.0
0.0
0.0
0.0
0.0
0.0
0.0
0.0
0.0
0.0
0.0
0.0
0.0
0.0
0.0
0.0
0.0
0.0
0.0
0.0
0.0
0.0
0.0
0.0
0.0
0.0
0.0
0.0
0.0
0.0
0.0
0.0
0.0
0.0
0.0
0.0
0.0
0.0
0.0
0.0
0.0
0.0
0.0
0.0
0.0
0.0
0.0
0.0
0.0
0.0
0.0
0.0
0.0
0.0
0.0
0.0
0.0
0.0
0.0
0.0
0.0
0.0
0.0
0.0
0.0
0.0
0.0
0.0
0.0
0.0
0.0
0.0
0.0
0.0
0.0
0.0
0.0
0.0
0.0
0.0
0.0
0.0
0.0
0.0
0.0
0.0
0.0
0.0
0.0
0.0
0.0
0.0
0.0
0.0
0.0
0.0
0.0
0.0
0.0
0.0
0.0
0.0
0.0
0.0
0.0
0.0
0.0
0.0
0.0
0.0
0.0
0.0
0.0
0.0
0.0
0.0
0.0
0.0
0.0
0.0
0.0
0.0
0.0
0.0
0.0
0.0
0.0
0.0
0.0
0.0
0.0
0.0
0.0
0.0
0.0
0.0
0.0
0.0
0.0
0.0
0.0
0.0
0.0
0.0
0.0
0.0
0.0
0.0
0.0
0.0
0.0
0.0
0.0
0.0
0.0
0.0
0.0
0.0
0.0
0.0
0.0
0.0
0.0
0.0
0.0
0.0
0.0
0.0
0.0
0.0
0.0
0.0
0.0
0.0
0.0
0.0
0.0
0.0
0.0
0.0
0.0
0.0
0.0
0.0
0.0
0.0
0.0
0.0
0.0
0.0
0.0
0.0
0.0
0.0
0.0
0.0
0.0
0.0
0.0
0.0
0.0
0.0
0.0
0.0
0.0
0.0
0.0
0.0
0.0
0.0
0.0
0.0
0.0
0.0
0.0
0.0
0.0
0.0
0.0
0.0
0.0
0.0
0.0
0.0
0.0
0.0
0.0
0.0
0.0
0.0
0.0
0.0
0.0
0.0
0.0
0.0
0.0
0.0
0.0
0.0
0.0
0.0
0.0
0.0
0.0
0.0
0.0
0.0
0.0
0.0
0.0
0.0
0.0
0.0
0.0
0.0
0.0
0.0
0.0
0.0
0.0
0.0
0.0
0.0
0.0
0.0
0.0
0.0
0.0
0.0
0.0
0.0
0.0
0.0
0.0
0.0
0.0
0.0
0.0
0.0
0.0
0.0
0.0
0.0
0.0
0.0
0.0
0.0
0.0
0.0
0.0
0.0
0.0
0.0
0.0
0.0
0.0
0.0
0.0
0.0
0.0
0.0
0.0
0.0
0.0
0.0
0.0
0.0
0.0
0.0
0.0
0.0
0.0
0.0
0.0
0.0
0.0
0.0
0.0
0.0
0.0
0.0
0.0
0.0
0.0
0.0
0.0
0.0
0.0
0.0
0.0
0.0
0.0
0.0
0.0
0.0
0.0
0.0
0.0
0.0
0.0
0.0
0.0
0.0
0.0
0.0
0.0
0.0
0.0
0.0
0.0
0.0
0.0
0.0
0.0
0.0
0.0
0.0
0.0
0.0
0.0
0.0
0.0
0.0
0.0
0.0
0.0
0.0
0.0
0.0
0.0
0.0
0.0
0.0
0.0
0.0
0.0
0.0
0.0
0.0
0.0
0.0
0.0
0.0
0.0
0.0
0.0
0.0
0.0
0.0
0.0
0.0
0.0
0.0
0.0
0.0
0.0
0.0
0.0
0.0
0.0
0.0
0.0
0.0
0.0
0.0
0.0
0.0
0.0
0.0
0.0
0.0
0.0
0.0
0.0
0.0
0.0
0.0
0.0
0.0
0.0
0.0
0.0
0.0
0.0
0.0
0.0
0.0
0.0
0.0
0.0
0.0
0.0
0.0
0.0
0.0
0.0
0.0
0.0
0.0
0.0
0.0
0.0
0.0
0.0
0.0
0.0
0.0
0.0
0.0
0.0
0.0
0.0
0.0
0.0
0.0
0.0
0.0
0.0
0.0
0.0
0.0
0.0
0.0
0.0
0.0
0.0
0.0
0.0
0.0
0.0
0.0
0.0
0.0
0.0
0.0
0.0
0.0
0.0
0.0
0.0
0.0
0.0
0.0
0.0
0.0
0.0
0.0
0.0
0.0
0.0
0.0
0.0
0.0
0.0
0.0
0.0
0.0
0.0
0.0
0.0
0.0
0.0
0.0
0.0
0.0
0.0
0.0
0.0
0.0
0.0
0.0
0.0
0.0
0.0
0.0
0.0
0.0
0.0
0.0
0.0
0.0
0.0
0.0
0.0
0.0
0.0
0.0
0.0
0.0
0.0
0.0
0.0
0.0
0.0
0.0
0.0
0.0
0.0
0.0
0.0
0.0
0.0
0.0
0.0
0.0
0.0
0.0
0.0
0.0
0.0
0.0
0.0
0.0
0.0
0.0
0.0
0.0
0.0
0.0
0.0
0.0
0.0
0.0
0.0
0.0
0.0
0.0
0.0
0.0
0.0
0.0
0.0
0.0
0.0
0.0
0.0
0.0
0.0
0.0
0.0
0.0
0.0
0.0
0.0
0.0
0.0
0.0
0.0
0.0
0.0
0.0
0.0
0.0
0.0
0.0
0.0
0.0
0.0
0.0
0.0
0.0
0.0
0.0
0.0
0.0
0.0
0.0
0.0
0.0
0.0
0.0
0.0
0.0
0.0
0.0
0.0
0.0
0.0
0.0
0.0
0.0
0.0
0.0
0.0
0.0
0.0
0.0
0.0
0.0
0.0
0.0
0.0
0.0
0.0
0.0
0.0
0.0
0.0
0.0
0.0
0.0
0.0
0.0
0.0
0.0
0.0
0.0
0.0
0.0
0.0
0.0
0.0
0.0
0.0
0.0
0.0
0.0
0.0
0.0
0.0
0.0
0.0
0.0
0.0
0.0
0.0
0.0
0.0
0.0
0.0
0.0
0.0
0.0
0.0
0.0
0.0
0.0
0.0
0.0
0.0
0.0
0.0
0.0
0.0
0.0
0.0
0.0
0.0
0.0
0.0
0.0
0.0
0.0
0.0
0.0
0.0
0.0
0.0
0.0
0.0
0.0
0.0
0.0
0.0
0.0
0.0
0.0
0.0
0.0
0.0
0.0
0.0
0.0
0.0
0.0
0.0
0.0
0.0
0.0
0.0
0.0
0.0
0.0
0.0
0.0
0.0
0.0
0.0
0.0
0.0
0.0
0.0
0.0
0.0
0.0
0.0
0.0
0.0
0.0
0.0
0.0
0.0
0.0
0.0
0.0
0.0
0.0
0.0
0.0
0.0
0.0
0.0
0.0
0.0
0.0
0.0
0.0
0.0
0.0
0.0
0.0
0.0
0.0
0.0
0.0
0.0
0.0
0.0
0.0
0.0
0.0
0.0
0.0
0.0
0.0
0.0
0.0
0.0
0.0
0.0
0.0
0.0
0.0
0.0
0.0
0.0
0.0
0.0
0.0
0.0
0.0
0.0
0.0
0.0
0.0
0.0
0.0
0.0
0.0
0.0
0.0
0.0
0.0
0.0
0.0
0.0
0.0
0.0
0.0
0.0
0.0
0.0
0.0
0.0
0.0
0.0
0.0
0.0
0.0
0.0
0.0
0.0
0.0
0.0
0.0
0.0
0.0
0.0
0.0
0.0
0.0
0.0
0.0
0.0
0.0
0.0
0.0
0.0
0.0
0.0
0.0
0.0
0.0
0.0
0.0
0.0
0.0
0.0
0.0
0.0
0.0
0.0
0.0
0.0
0.0
0.0
0.0
0.0
0.0
0.0
0.0
0.0
0.0
0.0
0.0
0.0
0.0
0.0
0.0
0.0
0.0
0.0
0.0
0.0
0.0
0.0
0.0
0.0
0.0
0.0
0.0
0.0
0.0
0.0
0.0
0.0
0.0
0.0
0.0
0.0
0.0
0.0
0.0
0.0
0.0
0.0
0.0
0.0
0.0
0.0
0.0
0.0
0.0
0.0
0.0
0.0
0.0
0.0
0.0
0.0
0.0
0.0
0.0
0.0
0.0
0.0
0.0
0.0
0.0
0.0
0.0
0.0
0.0
0.0
0.0
0.0
0.0
0.0
0.0
0.0
0.0
0.0
0.0
0.0
0.0
0.0
0.0
0.0
0.0
0.0
0.0
0.0
0.0
0.0
0.0
0.0
0.0
0.0
0.0
0.0
0.0
0.0
0.0
0.0
0.0
0.0
0.0
0.0
0.0
0.0
0.0
0.0
0.0
0.0
0.0
0.0
0.0
0.0
0.0
0.0
0.0
0.0
0.0
0.0
0.0
0.0
0.0
0.0
0.0
0.0
0.0
0.0
0.0
0.0
0.0
0.0
0.0
0.0
0.0
0.0
0.0
0.0
0.0
0.0
0.0
0.0
0.0
0.0
0.0
0.0
0.0
0.0
0.0
0.0
0.0
0.0
0.0
0.0
0.0
0.0
0.0
0.0
0.0
0.0
0.0
0.0
0.0
0.0
0.0
0.0
0.0
0.0
0.0
0.0
0.0
0.0
0.0
0.0
0.0
0.0
0.0
0.0
0.0
0.0
0.0
0.0
0.0
0.0
0.0
0.0
0.0
0.0
0.0
0.0
0.0
0.0
0.0
0.0
0.0
0.0
0.0
0.0
0.0
0.0
0.0
0.0
0.0
0.0
0.0
0.0
0.0
0.0
0.0
0.0
0.0
0.0
0.0
0.0
0.0
0.0
0.0
0.0
0.0
0.0
0.0
0.0
0.0
0.0
0.0
0.0
0.0
0.0
0.0
0.0
0.0
0.0
0.0
0.0
0.0
0.0
0.0
0.0
0.0
0.0
0.0
0.0
0.0
0.0
0.0
0.0
0.0
0.0
0.0
0.0
0.0
0.0
0.0
0.0
0.0
0.0
0.0
0.0
0.0
0.0
0.0
0.0
0.0
0.0
0.0
0.0
0.0
0.0
0.0
0.0
0.0
0.0
0.0
0.0
0.0
0.0
0.0
0.0
0.0
0.0
0.0
0.0
0.0
0.0
0.0
0.0
0.0
0.0
0.0
0.0
0.0
0.0
0.0
0.0
0.0
0.0
0.0
0.0
0.0
0.0
0.0
0.0
0.0
0.0
0.0
0.0
0.0
0.0
0.0
0.0
0.0
0.0
0.0
0.0
0.0
0.0
0.0
0.0
0.0
0.0
0.0
0.0
0.0
0.0
0.0
0.0
0.0
0.0
0.0
0.0
0.0
0.0
0.0
0.0
0.0
0.0
0.0
0.0
0.0
0.0
0.0
0.0
0.0
0.0
0.0
0.0
0.0
0.0
0.0
0.0
0.0
0.0
0.0
0.0
0.0
0.0
0.0
0.0
0.0
0.0
0.0
0.0
0.0
0.0
0.0
0.0
0.0
0.0
0.0
0.0
0.0
0.0
0.0
0.0
0.0
0.0
0.0
0.0
0.0
0.0
0.0
0.0
0.0
0.0
0.0
0.0
0.0
0.0
0.0
0.0
0.0
0.0
0.0
0.0
0.0
0.0
0.0
0.0
0.0
0.0
0.0
0.0
0.0
0.0
0.0
0.0
0.0
0.0
0.0
0.0
0.0
0.0
0.0
0.0
0.0
0.0
0.0
0.0
0.0
0.0
0.0
0.0
0.0
0.0
0.0
0.0
0.0
0.0
0.0
0.0
0.0
0.0
0.0
0.0
0.0
0.0
0.0
0.0
0.0
0.0
0.0
0.0
0.0
0.0
0.0
0.0
0.0
0.0
0.0
0.0
0.0
0.0
0.0
0.0
0.0
0.0
0.0
0.0
0.0
0.0
0.0
0.0
0.0
0.0
0.0
0.0
0.0
0.0
0.0
0.0
0.0
0.0
0.0
0.0
0.0
0.0
0.0
0.0
0.0
0.0
0.0
0.0
0.0
0.0
0.0
0.0
0.0
0.0
0.0
0.0
0.0
0.0
0.0
0.0
0.0
0.0
0.0
0.0
0.0
0.0
0.0
0.0
0.0
0.0
0.0
0.0
0.0
0.0
0.0
0.0
0.0
0.0
0.0
0.0
0.0
0.0
0.0
0.0
0.0
0.0
0.0
0.0
0.0
0.0
0.0
0.0
0.0
0.0
0.0
0.0
0.0
0.0
0.0
0.0
0.0
0.0
0.0
0.0
0.0
0.0
0.0
0.0
0.0
0.0
0.0
0.0
0.0
0.0
0.0
0.0
0.0
0.0
0.0
0.0
0.0
0.0
0.0
0.0
0.0
0.0
0.0
0.0
0.0
0.0
0.0
0.0
0.0
0.0
0.0
0.0
0.0
0.0
0.0
0.0
0.0
0.0
0.0
0.0
0.0
0.0
0.0
0.0
0.0
0.0
0.0
0.0
0.0
0.0
0.0
0.0
0.0
0.0
0.0
0.0
0.0
0.0
0.0
0.0
0.0
0.0
0.0
0.0
0.0
0.0
0.0
0.0
0.0
0.0
0.0
0.0
0.0
0.0
0.0
0.0
0.0
0.0
0.0
0.0
0.0
0.0
0.0
0.0
0.0
0.0
0.0
0.0
0.0
0.0
0.0
0.0
0.0
0.0
0.0
0.0
0.0
0.0
0.0
0.0
0.0
0.0
0.0
0.0
0.0
0.0
0.0
0.0
0.0
0.0
0.0
0.0
0.0
0.0
0.0
0.0
0.0
0.0
0.0
0.0
0.0
0.0
