0.0031403601972485483
0.0031407191587618823
0.0031410332170013922
0.003141320883980696
0.0031415898910757993
0.0031418448690472313
0.003142088863014605
0.003142323973416678
0.003142551704134855
0.0031427731711220212
0.0031429892046742746
0.003143199316885218
0.0031434054783942337
0.003143607305418667
0.003143805821459552
0.003144001138285167
0.003144193582620922
0.003144383486133898
0.0031445709793149236
0.0031447562916495104
0.0031449396022379937
0.0031451210120523854
0.0031453003727612643
0.0031454779183719486
0.0031456539786601603
0.0031458286808410175
0.0031460020311007073
0.0031461740502540373
0.0031463449101552443
0.0031465147654519687
0.0031466836407445364
0.0031468515171695147
0.003147018355022262
0.003147184272134302
0.0031473492030061707
0.003147513267501943
0.003147676567060142
0.0031478390609009656
0.003148000818034788
0.0031481619247028846
0.0031483223956240954
0.003148482159033355
0.0031486412033314543
0.00314879964353405
0.0031489575276566362
0.003149114911768355
0.0031492717710537403
0.003149427998810212
0.0031495836817703503
0.003149738813920656
0.0031498934865331596
0.003150047761028221
0.003150201670121672
0.003150355229749083
0.0031505084517454455
0.003150661309446595
0.0031508137318644385
0.0031509657343301183
0.0031511174036988796
0.0031512687497376735
0.0031514197153638835
0.003151570435146721
0.003151720901095357
0.0031518711280219534
0.0031520211064033
0.0031521707973513444
0.0031523201789681356
0.003152469288687051
0.003152618183350184
0.0031527668859827346
0.0031529154129373727
0.003153063748259285
0.0031532117961929726
0.003153359589314236
0.0031535071719825418
0.0031536545742178947
0.003153801792339286
0.003153948828332889
0.0031540957042486563
0.0031542424426226202
0.003154389064927845
0.0031545355799031337
0.0031546819821908984
0.0031548282749195846
0.00315497445882974
0.003155120484247285
0.003155266396339034
0.003155412174270496
0.0031555577102918915
0.0031557031426898566
0.0031558484734657403
0.003155993750547396
0.003156138953781857
0.0031562841008588205
0.0031564292006038015
0.0031565742458426827
0.003156719243512294
0.00315686419073693
0.003157009060738827
0.003157153860768407
0.0031572986023931586
0.0031574432867623996
0.0031575878387011345
0.0031577323585321123
0.0031578767740734637
0.0031580211097442653
0.0031581654123656487
0.003158309707820613
0.0031584539973483834
0.0031585982807221524
0.0031587425617639643
0.0031588868416450745
0.003159031112596666
0.003159175362713686
0.003159319595165936
0.0031594638237717014
0.003159608059068181
0.003159752301044777
0.003159896505455951
0.003160040716433802
0.003160184945491384
0.003160329165744837
0.0031604733686324904
0.003160617547217881
0.0031607617111395854
0.003160905890396478
0.0031610501022774342
0.0031611943438492685
0.003161338609041686
0.003161482891846534
0.0031616271959019004
0.0031617715459821066
0.003161915937970775
0.003162060375781872
0.0031622048254334773
0.003162349304667087
0.00316249382436359
0.0031626383942174054
0.0031627830077749597
0.003162927661827864
0.0031630723515722417
0.0031632170657991186
0.003163361822862415
0.0031635066413201775
0.0031636514901725843
0.003163796347488714
0.0031639412586939473
0.003164086248314298
0.003164231296940535
0.00316437639562953
0.003164521580301307
0.0031646668184853468
0.0031648120787143813
0.003164957450031601
0.0031651028937435648
0.0031652483953705625
0.0031653939995938446
0.0031655396686719557
0.003165685381838974
0.0031658311886646902
0.0031659770772735165
0.0031661230167477038
0.003166269022788537
0.003166415114937686
0.003166561296238511
0.00316670754714162
0.003166853857759471
0.0031670002597567054
0.003167146713481153
0.0031672932622959127
0.0031674398342387733
0.0031675864752745697
0.003167733228430369
0.003167880077222402
0.003168027036495951
0.003168174099126289
0.0031683212574691263
0.003168468510809331
0.003168615870194261
0.0031687633266327055
0.003168910888555784
0.0031690585676196425
0.0031692063439146645
0.0031693542022766274
0.0031695021462964856
0.0031696502046999237
0.00316979838176013
0.0031699466640386937
0.003170095048215552
0.0031702435352814157
0.0031703920717104086
0.0031705407221433155
0.0031706894636721484
0.003170838333903244
0.0031709872803374517
0.003171136326001095
0.0031712854743144643
0.0031714347154097326
0.003171584086915626
0.0031717335947771728
0.003171883201769625
0.003172032924832608
0.00317218277877582
0.0031723327292985898
0.00317248282340464
0.0031726330238647485
0.0031727833058751475
0.0031729337572843417
0.0031730843027003297
0.0031732349669377474
0.0031733857902451926
0.003173536680704133
0.003173687709969968
0.0031738388667500585
0.003173990148387894
0.003174141561848757
0.003174293093448199
0.0031744447682307405
0.0031745965649516493
0.003174748474755879
0.0031749005175700402
0.00317505269743032
0.0031752049876501345
0.003175357382023658
0.0031755099110974613
0.003175662571066249
0.0031758153357525024
0.00317596823338789
0.0031761212715418438
0.0031762745007521847
0.0031764278014897855
0.0031765812048558297
0.0031767347746826536
0.0031768885287740806
0.003177042352714865
0.003177196304340703
0.003177350418260055
0.003177504696106858
0.0031776590842985688
0.0031778136087979
0.003177968292236891
0.00317812311447951
0.003178278094709778
0.0031784332229953935
0.0031785884861898713
0.0031787438693754787
0.0031788993775606522
0.0031790550517600204
0.003179210891281312
0.0031793668637511287
0.0031795229793378592
0.003179679229247008
0.003179835624989647
0.0031799922052613027
0.003180148933451758
0.0031803057372249053
0.0031804626952598347
0.003180619785659351
0.003180776974453266
0.0031809343206735145
0.003181091835868073
0.0031812495037556
0.003181407290916091
0.0031815652042492507
0.0031817232995825172
0.0031818815709908563
0.00318204001100483
0.003182198587823617
0.0031823572917779796
0.0031825161479546145
0.003182675184208994
0.0031828343890197928
0.0031829937279904096
0.0031831531953424854
0.003183312820299348
0.003183472617359692
0.0031836325738369984
0.003183792695326316
0.0031839529703916554
0.003184113377721244
0.0031842739377710163
0.003184434646482577
0.0031845955229019966
0.003184756558681123
0.003184917735474772
0.0031850791386261548
0.0031852406343930912
0.0031854022666616983
0.0031855640401249104
0.0031857259601574257
0.003185888037571183
0.003186050294157282
0.0031862127218489048
0.003186375298246003
0.0031865380003487493
0.0031867008392935186
0.0031868638546560944
0.0031870270596115915
0.0031871904434969643
0.0031873539729395735
0.0031875176333890326
0.003187681443308037
0.0031878454184363445
0.0031880095658748673
0.003188173894868849
0.003188338410481758
0.0031885030858920115
0.0031886678893838
0.0031888328405250297
0.003188997954803465
0.0031891632298745604
0.003189328659506554
0.0031894942541198074
0.0031896600289830555
0.0031898259592615624
0.0031899920395939557
0.0031901583016607686
0.003190324713594951
0.0031904912651103587
0.0031906579721761473
0.003190824859135403
0.003190991935773306
0.003191159169775503
0.0031913265436058365
0.0031914940733720467
0.0031916617698681446
0.0031918296306295644
0.003191997656132779
0.0031921658496929313
0.0031923342119582767
0.0031925027359796
0.003192671416901222
0.0031928402617663553
0.0031930092804613604
0.0031931784739465162
0.003193347833710026
0.0031935173478905283
0.003193687011034583
0.0031938568269936065
0.0031940268009265755
0.0031941969355506893
0.003194367232237155
0.003194537691998483
0.0031947083183090494
0.003194879120094414
0.003195050104429344
0.0031952212574860262
0.0031953925759718904
0.0031955640614286713
0.0031957356898390443
0.003195907470300809
0.0031960794119329024
0.003196251510594651
0.0031964237607512887
0.003196596180219197
0.003196768787309234
0.00319694156420978
0.003197114498083953
0.0031972875939578487
0.0031974608595603375
0.003197634292193245
0.0031978078852817693
0.0031979816357008647
0.0031981555412955534
0.0031983296009371765
0.0031985038145613894
0.003198678185296409
0.0031988527368051237
0.0031990274746839004
0.003199202383503588
0.0031993774575543995
0.0031995526913478163
0.0031997280843195077
0.0031999036380629124
0.0032000793530710067
0.003200255228254245
0.003200431260935594
0.0032006074489054704
0.0032007837918062772
0.00320096028890412
0.003201136937936154
0.0032013137448609645
0.003201490721144528
0.0032016678726338134
0.003201845210926852
0.0032020227063463413
0.003202200366676736
0.00320237819402887
0.0032025561680952765
0.0032027343075723106
0.0032029126150236826
0.003203091080417731
0.0032032696989905633
0.003203448470037952
0.0032036273794561255
0.0032038064226489068
0.003203985663844163
0.003204165071710346
0.003204344631812333
0.003204524333110457
0.0032047042137654707
0.0032048842665953472
0.0032050644768382825
0.0032052448407713266
0.0032054253556509996
0.0032056060134612483
0.0032057868178079064
0.0032059677934430674
0.0032061489384565406
0.0032063302442504648
0.0032065117088368295
0.0032066933206357714
0.003206875069033939
0.00320705696587791
0.003207239037193649
0.0032074212617594793
0.0032076036418782687
0.003207786221642107
0.003207968951067206
0.003208151828547177
0.0032083348515815164
0.0032085180159632915
0.0032087013155495158
0.003208884741447921
0.0032090682855439403
0.0032092519956080793
0.00320943598020851
0.0032096201083587268
0.0032098043780394107
0.0032099887902062676
0.0032101733441595687
0.0032103580359011865
0.003210542856029164
0.0032107277661942773
0.0032109128729994716
0.0032110981005025515
0.0032112835123419502
0.0032114690442624876
0.0032116547166420703
0.0032118405361690936
0.00321202647902621
0.003212212556898339
0.003212398832565455
0.003212585266604109
0.003212771823366326
0.0032129585624256895
0.0032131454495624282
0.003213332456917774
0.003213519547282383
0.0032137068329896475
0.003213894298552386
0.0032140818970656454
0.003214269598950184
0.0032144574251538995
0.0032146454044673567
0.0032148335143353983
0.003215021795993575
0.0032152102352820257
0.003215398783831854
0.0032155874529113332
0.0032157762458015697
0.0032159651768463252
0.003216154257658161
0.003216343500530192
0.003216532903789565
0.003216722402855256
0.003216912022080371
0.0032171017605847753
0.003217291589395456
0.0032174815527339588
0.0032176717540048595
0.0032178620910427065
0.003218052532295155
0.003218243079374363
0.003218433730655854
0.0032186244651201544
0.0032188153092228525
0.003219006349273393
0.00321919757608066
0.003219388931230715
0.003219580394323005
0.003219771954584256
0.0032199636079563
0.003220155405778358
0.003220347293487283
0.0032205393184312338
0.0032207315126131235
0.0032209238325412812
0.0032211162551666343
0.0032213088257771146
0.003221501444449807
0.0032216942268793562
0.0032218870636749877
0.003222079965633634
0.003222273028354983
0.0032224662638087
0.003222659635323136
0.003222853107774764
0.003223046718141032
0.003223240353488922
0.003223434146003451
0.00322362806999539
0.003223822052592951
0.0032240160643295427
0.0032242102330077324
0.003224404541521133
0.0032245990182647416
0.003224793599291082
0.003224988274158815
0.0032251830015378787
0.0032253777922863253
0.0032255727586523388
0.003225767848098878
0.0032259629833260063
0.003226158199219823
0.003226353512718639
0.00322654896844048
0.0032267445852469366
0.0032269402966814686
0.0032271360653305086
0.0032273318778526113
0.0032275277286321134
0.0032277237327667345
0.0032279199115948557
0.003228116174793105
0.0032283124913240193
0.0032285088163305576
0.0032287052467083505
0.003228901881755763
0.0032290986180929385
0.003229295401085039
0.0032294921876826104
0.003229689007149973
0.0032298859731742704
0.003230083096704892
0.003230280350605646
0.0032304776197237214
0.003230674891031735
0.0032308722675430507
0.003231069727824284
0.0032312672987270933
0.003231464937624822
0.0032316626435789707
0.003231860485592955
0.003232058339990186
0.003232256231069936
0.0032324541898342543
0.003232652244903979
0.0032328504838253897
0.0032330487261012716
0.0032332470010163756
0.003233445322586178
0.0032336436554400803
0.003233842191896333
0.0032340407943620185
0.0032342394216615025
0.0032344380979491337
0.0032346367612113777
0.003234835530375934
0.0032350343481297086
0.003235233240651716
0.0032354322458390495
0.0032356312916733123
0.003235830349028761
0.0032360294484851436
0.0032362284777530995
0.00323642762813835
0.0032366269948293255
0.003236826353639204
0.0032370256965622056
0.003237224985174839
0.0032374243364663435
0.0032376238566232517
0.003237823464266994
0.0032380230629297374
0.00323822260671013
0.0032384223296468228
0.0032386220767608616
0.0032388218167990084
0.003239021502112007
0.003239221226001002
0.003239421180925454
0.003239621131675648
0.003239821029885567
0.0032400208270120185
0.003240220712397902
0.0032404208005397876
0.0032406209208485533
0.003240821004801218
0.003241020986390866
0.003241221065220428
0.0032414212294846704
0.0032416214111737557
0.0032418215015769785
0.0032420215818009467
0.0032422217852534443
0.003242422037437853
0.0032426222368049785
0.0032428223786513167
0.003243022516925401
0.0032432227530491574
0.0032434230529852135
0.0032436232729893574
0.0032438234674316657
0.0032440236428853972
0.0032442238586879884
0.0032444241083834312
0.003244624381041531
0.0032448246062384677
0.0032450247758193506
0.0032452249481587287
0.0032454251554121434
0.0032456254090950957
0.0032458256266827495
0.00324602575918239
0.0032462258374934437
0.003246425985821561
0.0032466261757572667
0.0032468262973488846
0.0032470263216249733
0.0032472263443863
0.0032474264407786717
0.003247626504336439
0.003247826480014224
0.0032480264076005147
0.003248226356520344
0.003248426287409082
0.0032486261778736057
0.0032488260221942185
0.003249025837473271
0.003249225595525347
0.0032494252996999678
0.003249625016785611
0.0032498247177010563
0.0032500243559667502
0.0032502238984632482
0.003250423385415055
0.003250622907376409
0.003250822448140878
0.0032510218226219087
0.0032512210664259753
0.0032514203236556033
0.003251619680668662
0.003251818914113586
0.0032520179665815785
0.0032522169500225225
0.0032524160365496393
0.0032526150601063907
0.0032528139418716733
0.003253012695857306
0.003253211386711638
0.0032534099676384486
0.003253608433808374
0.003253806825765769
0.003254005300691729
0.0032542036380162178
0.0032544017775127184
0.003254599791231672
0.0032547979386208297
0.0032549960312205813
0.003255193886550876
0.0032553915311698974
0.003255589262037179
0.0032557870673401955
0.003255984657449605
0.0032561819631244274
0.0032563792786948404
0.0032565766451558807
0.0032567738929456633
0.0032569708928558024
0.003257167853033107
0.0032573647277474387
0.003257561554588746
0.003257758188601019
0.0032579547578413036
0.0032581511972893176
0.0032583475883790677
0.0032585437596893917
0.0032587398781013504
0.003258935860128109
0.0032591318599690796
0.003259327590067846
0.003259523242419444
0.0032597187336011347
0.0032599141790065787
0.0032601094650472682
0.00326030462457406
0.0032604995776654164
0.003260694469118643
0.003260889310561989
0.00326108396956189
0.0032612783370252457
0.0032614725680219303
0.0032616668815020245
0.003261861036086984
0.0032620548849591827
0.0032622484523404005
0.0032624421871279776
0.003262635783707998
0.003262829077104999
0.0032630220520824564
0.0032632151444607345
0.003263408113534532
0.0032636008129664916
0.0032637932652165988
0.003263985673037863
0.003264177930425306
0.003264369984790078
0.003264561861982851
0.0032647535992291654
0.0032649451578460244
0.003265136497212211
0.003265327728516024
0.0032655187612356156
0.0032657095923445847
0.00326590017590454
0.00326609077965232
0.0032662811132862387
0.0032664711770874176
0.003266661053956875
0.003266850911011336
0.0032670404908107984
0.003267229764507169
0.0032674189014305307
0.0032676079902835644
0.0032677967879699986
0.0032679851822321644
0.0032681735224770834
0.0032683617744894674
0.003268549716938441
0.003268737232795259
0.0032689247840545412
0.0032691121879704936
0.0032692992761256348
0.003269485985678365
0.003269672658136584
0.0032698591677950443
0.0032700453698413594
0.0032702312576145536
0.0032704170244048625
0.0032706025933815423
0.003270787817624989
0.003270972879122217
0.0032711577492010604
0.0032713423591420824
0.0032715266264402355
0.0032717107847178217
0.0032718947237570725
0.003272078333763195
0.0032722615975209956
0.0032724448029794588
0.003272627775351637
0.0032728103237563257
0.0032729926347111653
0.0032731748473053437
0.0032733567910068124
0.0032735383002538963
0.003273719592729589
0.003273900764382307
0.0032740816517206743
0.0032742621290898404
0.003274442376095634
0.003274622491603883
0.0032748022645526214
0.003274981718757223
0.0032751609283598287
0.00327533992934489
0.0032755186029733924
0.0032756969427212407
0.0032758750295765865
0.0032760528535975475
0.003276230384258308
0.0032764075907713596
0.0032765845139931127
0.0032767611134967563
0.0032769374651043792
0.003277113510082712
0.0032772892486137564
0.003277464703317585
0.0032776398917455647
0.0032778147891008498
0.003277989355402922
0.003278163691825748
0.0032783376982740494
0.003278511422714948
0.003278684866676001
0.003278857987371576
0.003279030706982313
0.0032792030353307002
0.003279375152430068
0.003279546960482211
0.003279718353073374
0.0032798893619566706
0.003280060174391243
0.0032802306503463517
0.003280400666115984
0.003280570345814411
0.003280739796139634
0.0032809088830201972
0.003281077481807761
0.003281245801772368
0.0032814138371660313
0.0032815814735707746
0.0032817487001512483
0.003281915623024553
0.003282082217637758
0.0032822483599466304
0.0032824141657196338
0.0032825796557698875
0.003282744759023331
0.00328290945212746
0.003283073781765685
0.003283237723187683
0.0032834012461642466
0.0032835644729067174
0.003283727315724472
0.003283889704702777
0.0032840517155446297
0.0032842133895201325
0.0032843746403235815
0.003284535246908394
0.0032846955150409667
0.0032848554298768123
0.003285014830068572
0.003285173806351289
0.003285332485768404
0.00328549074811313
0.0032856484541031227
0.003285805822549486
0.003285962874458256
0.003286119399667555
0.0032862754452103013
0.003286431181772155
0.003286586507936852
0.003286741254539804
0.003286895637133678
0.003287049710316151
0.0032872032539984796
0.0032873562577222246
0.0032875089182388606
0.0032876612161043123
0.00328781292089991
0.0032879641337484034
0.003288115023064856
0.00328826542483032
0.00328841528598006
0.0032885647355139296
0.003288713783737669
0.003288862265327181
0.003289010281979409
0.003289157929096026
0.003289305072468545
0.0032894516845193267
0.003289597845624123
0.003289743558252696
0.0032898887092809694
0.0032900334064732027
0.0032901777135771492
0.0032903214635876745
0.003290464676240314
0.0032906074568619793
0.0032907497560525525
0.0032908913805645063
0.0032910325260788746
0.0032911732676946985
0.003291313399074412
0.00329145298411133
0.0032915921645808683
0.0032917308496035204
0.0032918689129011864
0.003292006445951994
0.0032921435612968428
0.0032922800950786037
0.0032924160281577208
0.0032925514871991243
0.003292686475529648
0.0032928208711859685
0.0032929546675297475
0.00329308798178604
0.003293220753592401
0.0032933529349676387
0.0032934845708576807
0.0032936156818983123
0.003293746278712473
0.003293876284106317
0.0032940057174726985
0.003294134637940483
0.003294263003389489
0.003294390745248696
0.0032945178622659295
0.0032946444743026286
0.0032947705239001674
0.003294895924774516
0.003295020760095205
0.0032951450362945153
0.003295268687222107
0.0032953916901206515
0.0032955141172039027
0.0032956359772406693
0.0032957573014137935
0.0032958780979940555
0.0032959984371750697
0.0032961180813681733
0.003296237040614337
0.0032963554190887315
0.0032964731883281684
0.003296590263330515
0.003296706738180671
0.003296822613548419
0.003296937799747008
0.0032970523466571856
0.0032971662877999013
0.003297279548201703
0.0032973921081319974
0.003297504073620959
0.0032976154024986215
0.003297725965304396
0.0032978358874429965
0.003297945215928963
0.0032980538126343322
0.003298161688951821
0.003298268937843462
0.0032983755160827175
0.0032984813012918537
0.00329858641355708
0.0032986909101096417
0.0032987946455511133
0.0032988974956191406
0.003298999529639257
0.0032991008613322383
0.003299201406277
0.0032993012346375517
0.003299400384573278
0.0032994987483606587
0.0032995963743973488
0.0032996932899599057
0.003299789448146164
0.0032998848483289556
0.0032999794913422635
0.0033000733664636525
0.003300166449979464
0.003300258782833904
0.0033003502959709653
0.003300440996052466
0.003300530964854577
0.0033006201548457775
0.0033007084858343782
0.003300796028983423
0.0033008828106243374
0.0033009687458874708
0.003301053823421362
0.003301138153813936
0.003301221673746269
0.0033013042713283263
0.003301385980604762
0.0033014669063178596
0.003301546916407489
0.0033016260517024897
0.003301704400806275
0.003301781883158683
0.003301858417462915
0.0033019341229737903
0.00330200900007386
0.003302082910056855
0.003302155948018219
0.0033022281621958045
0.0033022994311876276
0.0033023697451579517
0.0033024392083326267
0.0033025078347594214
0.003302575469045978
0.003302642193790705
0.003302708028477244
0.003302772851582207
0.0033028367249424676
0.003302899705681499
0.0033029616998370153
0.003303022667213889
0.0033030826588596103
0.0033031416925233953
0.0033031996848157425
0.0033032566853950954
0.0033033127218490468
0.00330336781906096
0.003303422112918659
0.003303475475241925
0.0033035277669896932
0.00330357899062054
0.003303629178659642
0.00330367833071879
0.0033037263807127637
0.003303773363339842
0.003303819304202793
0.003303864130996147
0.003303907862824542
0.003303950507510665
0.003303992030840864
0.00330403242031261
0.003304071694493239
0.003304109846431201
0.00330414682832251
0.0033041826614095436
0.0033042173478644277
0.003304250841615765
0.00330428316246191
0.0033043143087897555
0.0033043438802769797
0.0033043722169482153
0.003304399347260034
0.003304425261289677
0.003304449919503818
0.0033044733323728333
0.003304495497630974
0.0033045163807950253
0.0033045359824248662
0.0033045543082871366
0.0033045713062168523
0.0033045869436939845
0.0033046012640030767
0.00330461426047125
0.0033046259101950468
0.00330463620439333
0.0033046451390364826
0.003304652668139683
0.003304658705279248
0.0033046633457574203
0.0033046665771730836
0.0033046683870964285
0.003304668762497193
0.0033046676932834487
0.0033046651656472785
0.003304661168670979
0.0033046556906368247
0.0033046487159340454
0.003304640271796616
0.003304630372884358
0.0033046189427079335
0.003304605953644809
0.0033045914077553173
0.0033045752972211927
0.003304557572520566
0.003304538209661714
0.003304517243878522
0.003304494649164044
0.003304470394527333
0.0033044445029447107
0.0033044169627897283
0.0033043877819726656
0.003304357001808966
0.0033043245123337735
0.003304290546927366
0.0033042548186176823
0.0033042173449186877
0.003304178094714754
0.003304137021776148
0.0033040941455705908
0.0033040494762481593
0.003304002922677436
0.00330395449882566
0.0033039042468696006
0.0033038520504882537
0.003303797934447334
0.003303741908608284
0.003303683924520416
0.00330362394800212
0.0033035620037566377
0.0033034980867269054
0.003303432080201632
0.0033033635854710286
0.003303293073775676
0.00330322039701522
0.003303145636094229
0.003303068797934334
0.0033029897763807727
0.0033029085586605616
0.0033028252014778766
0.003302739593462353
0.003302651659912563
0.0033025615060350015
0.0033024691408309764
0.0033023742245096377
0.0033022769977161864
0.0033021775461012566
0.0033020756485158125
0.0033019713087461644
0.003301864627380251
0.003301755544097877
0.003301643927768544
0.003301529977227066
0.0033014136084578436
0.0033012946346593812
0.0033011730814332765
0.0033010489933057376
0.0033009221994673888
0.003300792759741703
0.0033006607629935437
0.003300526052832224
0.0033003886242573633
0.003300248499844768
0.003300105593736862
0.0032999600167466724
0.003299811699538762
0.003299660505708415
0.003299506402585923
0.0032993497747584627
0.003299190343411471
0.0032990276847790203
0.003298862124272342
0.003298693679427543
0.0032985220221795983
0.003298347219866245
0.0032981694846492813
0.003297988597525558
0.0032978042808048066
0.003297616916202148
0.0032974265203927094
0.0032972324655604662
0.003297035187646046
0.0032968349228383663
0.0032966303991011285
0.0032964222352657065
0.003296210936416728
0.0032959962103168367
0.0032957776374590688
0.0032955556723420617
0.0032953303093388618
0.0032951007824888667
0.0032948674291641083
0.0032946309319706064
0.003294390179905658
0.003294145516365511
0.0032938973507102036
0.0032936453436713652
0.0032933891997526795
0.003293129264014737
0.003292865727996671
0.003292597572623127
0.003292325381883418
0.0032920496027364814
0.0032917691953477613
0.0032914844961445784
0.00329119591445789
0.0032909029211446914
0.003290605289859509
0.0032903034996044456
0.0032899978699759093
0.0032896872276654172
0.0032893719875348565
0.003289052759463064
0.003288728632656988
0.003288399911646843
0.0032880669880551625
0.003287728980195712
0.003287385969846038
0.0032870383365848645
0.0032866860428147067
0.0032863281504690654
0.0032859654445794623
0.0032855980480823426
0.0032852251046801345
0.00328484692677362
0.003284463902464561
0.003284075177367372
0.003283680315446034
0.0032832805595925294
0.003282875155023955
0.0032824638992127223
0.0032820470828244922
0.0032816246226250122
0.003281196226871961
0.0032807619223875436
0.0032803222637274613
0.0032798765759030333
0.0032794247036589392
0.003278967302341184
0.0032785034295922002
0.003278033108564852
0.0032775569510298686
0.003277074596508852
0.0032765856843725103
0.0032760902794271855
0.0032755887017498204
0.0032750803002818732
0.003274565211592379
0.003274044142654303
0.0032735160147565495
0.0032729804945648123
0.003272438733127092
0.003271889711704556
0.003271333990014972
0.003270771055098434
0.0032702013060979976
0.0032696241188927013
0.003269038980458001
0.0032684469998421166
0.0032678475208547954
0.0032672400143592055
0.0032666250035553127
0.0032660021254822097
0.0032653714779471437
0.0032647322491733675
0.003264084826025637
0.0032634296724192292
0.003262765116011259
0.0032620924169831445
0.003261411624142306
0.003260722436505218
0.0032600243506370075
0.0032593176777686184
0.0032586029509220644
0.0032578784652399395
0.0032571445769033615
0.003256402899171521
0.0032556512523366585
0.0032548900745304936
0.003254120071105419
0.003253341128662518
0.003252551791946982
0.003251752855059492
0.003250945533230419
0.0032501271584503486
0.003249297897618521
0.003248460167989852
0.0032476122463878055
0.0032467532845194508
0.0032458842077726048
0.003245005665978376
0.0032441155261293026
0.0032432141372876976
0.003242303191911884
0.003241380766654531
0.0032404460814021993
0.0032395011415003363
0.003238545314900447
0.003237576214927178
0.003236595187483072
0.0032356033343068523
0.003234598883957276
0.0032335820395968592
0.0032325539618169585
0.003231513375574412
0.003230459562182171
0.003229393917830485
0.0032283158734655345
0.0032272236455015164
0.0032261191989063453
0.0032250021737390486
0.0032238713466643705
0.003222727452825955
0.0032215706668092302
0.0032203994986915647
0.003219213498100245
0.0032180148340417115
0.0032168019883016346
0.0032155738764759446
0.0032143327661349015
0.003213077497990112
0.0032118062853808507
0.003210520158702096
0.003209219708717212
0.003207903192638892
0.00320657081894691
0.0032052243294260446
0.003203861623324382
0.003202481037469903
0.003201084991870351
0.0031996727080803164
0.003198242425857171
0.0031967959989636033
0.0031953338108557106
0.0031938540331189307
0.0031923558387042666
0.0031908414060628607
0.0031893092103122377
0.0031877581291157604
0.003186190466657313
0.0031846045211101205
0.00318299926439096
0.0031813754057861527
0.003179732967511645
0.003178071575044958
0.0031763905540641907
0.003174691078718034
0.0031729716237373896
0.0031712317817299044
0.0031694728998047255
0.0031676925748124734
0.003165891519251229
0.0031640702560508747
0.0031622273074627372
0.0031603624333209008
0.003158476958312297
0.0031565697508447003
0.0031546381660894477
0.0031526846592453673
0.003150710393318126
0.0031487107888655244
0.0031466874754704096
0.003144643348964952
0.003142575482100556
0.003140481519581011
0.0031383653115706514
0.0031362259887081595
0.0031340588582443258
0.003131866600039356
0.003129652808734795
0.0031274109571906264
0.0031251412839410245
0.003122849273054913
0.0031205314148736794
0.0031181827488998694
0.0031158083040400543
0.0031134094937916154
0.0031109796240311213
0.003108520841142028
0.0031060388087566647
0.003103525227108688
0.0031009782187329162
0.003098404366345808
0.003095802665690266
0.003093167757474491
0.0030905024787365215
0.0030878105891720756
0.003085084182347303
0.0030823240875056056
0.003079537742741002
0.003076717297122716
0.003073860604184177
0.0030709726411610352
0.003068053968484254
0.003065098587198665
0.0030621081457139
0.0030590878791797627
0.0030560302489635585
0.0030529343481640373
0.003049806987548764
0.003046641152828801
0.0030434369516716313
0.003040196848939506
0.0030369216116540292
0.0030336054674442617
0.0030302478686306004
0.003026855370041605
0.0030234204285041065
0.0030199441270394277
0.003016432052618616
0.0030128761911253814
0.0030092784627312945
0.0030056383784370236
0.0030019593844515693
0.002998233573600776
0.002994463398323628
0.002990653480553948
0.0029867949227081734
0.002982890982853784
0.0029789450920002904
0.0029749518778746896
0.002970908693801064
0.002966818220111413
0.0029626831435145403
0.0029584958846623106
0.0029542589671501334
0.002949975162969494
0.0029456373516170207
0.0029412459657063767
0.0029368056679886867
0.002932313230141805
0.0029277646339793146
0.002923161929117638
0.0029185081023219137
0.0029137968152662076
0.002909026804221639
0.0029042052007505
0.0028993227648611195
0.002894378914351323
0.002889378044426839
0.00288431958617757
0.0028791993397723936
0.0028740139474556694
0.002868770412807102
0.0028634627723985863
0.0028580881612136773
0.0028526519623083614
0.0028471439610377783
0.0028415713526501207
0.002835928300276021
0.0028302199951707276
0.002824442782968543
0.002818590600601709
0.002812669502828244
0.002806673449128215
0.0028006070670005315
0.0027944625107603756
0.002788242290901582
0.0027819490525996227
0.0027755730305132733
0.00276911871404277
0.002762584753890346
0.0027559719979997253
0.002749272964643897
0.002742485979241786
0.0027356194792025066
0.0027286618293978705
0.0027216153686183825
0.0027144842449257456
0.002707263172235543
0.0026999438178500305
0.0026925287241248708
0.0026850298142002127
0.0026774301517836904
0.002669725167102297
0.002661928980613298
0.002654031758919572
0.0026460260817757243
0.002637915703964148
0.002629711265150471
0.0026213929114589354
0.002612952961569127
0.0026044147011624183
0.0025957624775451724
0.002586986682262892
0.002578094074667448
0.002569095699975367
0.002559967748402214
0.002550705485598848
0.002541332130347726
0.0025318306514484647
0.0025221892875374515
0.0025124198685128915
0.002502530276117112
0.0024924913187081275
0.0024823019448952897
0.0024719874559521794
0.0024615273550896272
0.002450903844245523
0.002440134858866389
0.002429223965875225
0.0024181485816815135
0.0024069095550849303
0.0023955202193877887
0.0023839606267184216
0.002372218130826223
0.0023603108430798633
0.002348237344908524
0.0023359751812975617
0.0023235274477644216
0.002310912089081081
0.0022981393524739717
0.0022851980735379774
0.002272102800013739
0.002258844892248989
0.0022454039217392526
0.002231789416992069
0.00221800158653145
0.002204022303096599
0.0021898456374588615
0.0021754877916725815
0.0021609224303330184
0.0021461375626901885
0.002131149500567951
0.0021159451911841706
0.0021005034797494044
0.0020848253086163007
0.002068925314951177
0.0020527666850958574
0.0020363363317105034
0.0020196503190802496
0.002002695727302393
0.001985446615711306
0.001967902794401039
0.0019500759738835258
0.0019319186697197008
0.0019134220907883336
0.0018946044759300207
0.0018754411349327343
0.0018558991499903188
0.0018359744980599166
0.0018156779014972344
0.0017949503190030356
0.0017737827391814032
0.001752184383649668
0.0017301230335357272
0.0017075601663536825
0.0016844804805488222
0.0016608815663945425
0.0016366974026578427
0.0016119209428657492
0.001586529863093639
0.0015604662135624602
0.0015336944642784008
0.0015061977409743875
0.001477929050826944
0.0014487817252942514
0.001418747896866424
0.0013877768645251644
0.00135574574570791
0.0013225905408284374
0.0012882563405052754
0.0012526177825848714
0.0012154948055115677
0.0011768156984616831
0.0011364434750836393
0.001094051344120514
0.0010494306300399912
0.001002380481487001
0.0009524534697860076
0.000899044312448287
0.0008416180864472432
0.000779389500059054
0.0007107786331285962
0.0006337275136200054
0.0005449265069906552
0.0004371976772848394
0.0002894378223827624
0.0
0.0
0.0
0.0
0.0
0.0
0.0
0.0
0.0
0.0
0.0
0.0
0.0
0.0
0.0
0.0
0.0
0.0
0.0
0.0
0.0
0.0
0.0
0.0
0.0
0.0
0.0
0.0
0.0
0.0
0.0
0.0
0.0
0.0
0.0
0.0
0.0
0.0
0.0
0.0
0.0
0.0
0.0
0.0
0.0
0.0
0.0
0.0
0.0
0.0
0.0
0.0
0.0
0.0
0.0
0.0
0.0
0.0
0.0
0.0
0.0
0.0
0.0
0.0
0.0
0.0
0.0
0.0
0.0
0.0
0.0
0.0
0.0
0.0
0.0
0.0
0.0
0.0
0.0
0.0
0.0
0.0
0.0
0.0
0.0
0.0
0.0
0.0
0.0
0.0
0.0
0.0
0.0
0.0
0.0
0.0
0.0
0.0
0.0
0.0
0.0
0.0
0.0
0.0
0.0
0.0
0.0
0.0
0.0
0.0
0.0
0.0
0.0
0.0
0.0
0.0
0.0
0.0
0.0
0.0
0.0
0.0
0.0
0.0
0.0
0.0
0.0
0.0
0.0
0.0
0.0
0.0
0.0
0.0
0.0
0.0
0.0
0.0
0.0
0.0
0.0
0.0
0.0
0.0
0.0
0.0
0.0
0.0
0.0
0.0
0.0
0.0
0.0
0.0
0.0
0.0
0.0
0.0
0.0
0.0
0.0
0.0
0.0
0.0
0.0
0.0
0.0
0.0
0.0
0.0
0.0
0.0
0.0
0.0
0.0
0.0
0.0
0.0
0.0
0.0
0.0
0.0
0.0
0.0
0.0
0.0
0.0
0.0
0.0
0.0
0.0
0.0
0.0
0.0
0.0
0.0
0.0
0.0
0.0
0.0
0.0
0.0
0.0
0.0
0.0
0.0
0.0
0.0
0.0
0.0
0.0
0.0
0.0
0.0
0.0
0.0
0.0
0.0
0.0
0.0
0.0
0.0
0.0
0.0
0.0
0.0
0.0
0.0
0.0
0.0
0.0
0.0
0.0
0.0
0.0
0.0
0.0
0.0
0.0
0.0
0.0
0.0
0.0
0.0
0.0
0.0
0.0
0.0
0.0
0.0
0.0
0.0
0.0
0.0
0.0
0.0
0.0
0.0
0.0
0.0
0.0
0.0
0.0
0.0
0.0
0.0
0.0
0.0
0.0
0.0
0.0
0.0
0.0
0.0
0.0
0.0
0.0
0.0
0.0
0.0
0.0
0.0
0.0
0.0
0.0
0.0
0.0
0.0
0.0
0.0
0.0
0.0
0.0
0.0
0.0
0.0
0.0
0.0
0.0
0.0
0.0
0.0
0.0
0.0
0.0
0.0
0.0
0.0
0.0
0.0
0.0
0.0
0.0
0.0
0.0
0.0
0.0
0.0
0.0
0.0
0.0
0.0
0.0
0.0
0.0
0.0
0.0
0.0
0.0
0.0
0.0
0.0
0.0
0.0
0.0
0.0
0.0
0.0
0.0
0.0
0.0
0.0
0.0
0.0
0.0
0.0
0.0
0.0
0.0
0.0
0.0
0.0
0.0
0.0
0.0
0.0
0.0
0.0
0.0
0.0
0.0
0.0
0.0
0.0
0.0
0.0
0.0
0.0
0.0
0.0
0.0
0.0
0.0
0.0
0.0
0.0
0.0
0.0
0.0
0.0
0.0
0.0
0.0
0.0
0.0
0.0
0.0
0.0
0.0
0.0
0.0
0.0
0.0
0.0
0.0
0.0
0.0
0.0
0.0
0.0
0.0
0.0
0.0
0.0
0.0
0.0
0.0
0.0
0.0
0.0
0.0
0.0
0.0
0.0
0.0
0.0
0.0
0.0
0.0
0.0
0.0
0.0
0.0
0.0
0.0
0.0
0.0
0.0
0.0
0.0
0.0
0.0
0.0
0.0
0.0
0.0
0.0
0.0
0.0
0.0
0.0
0.0
0.0
0.0
0.0
0.0
0.0
0.0
0.0
0.0
0.0
0.0
0.0
0.0
0.0
0.0
0.0
0.0
0.0
0.0
0.0
0.0
0.0
0.0
0.0
0.0
0.0
0.0
0.0
0.0
0.0
0.0
0.0
0.0
0.0
0.0
0.0
0.0
0.0
0.0
0.0
0.0
0.0
0.0
0.0
0.0
0.0
0.0
0.0
0.0
0.0
0.0
0.0
0.0
0.0
0.0
0.0
0.0
0.0
0.0
0.0
0.0
0.0
0.0
0.0
0.0
0.0
0.0
0.0
0.0
0.0
0.0
0.0
0.0
0.0
0.0
0.0
0.0
0.0
0.0
0.0
0.0
0.0
0.0
0.0
0.0
0.0
0.0
0.0
0.0
0.0
0.0
0.0
0.0
0.0
0.0
0.0
0.0
0.0
0.0
0.0
0.0
0.0
0.0
0.0
0.0
0.0
0.0
0.0
0.0
0.0
0.0
0.0
0.0
0.0
0.0
0.0
0.0
0.0
0.0
0.0
0.0
0.0
0.0
0.0
0.0
0.0
0.0
0.0
0.0
0.0
0.0
0.0
0.0
0.0
0.0
0.0
0.0
0.0
0.0
0.0
0.0
0.0
0.0
0.0
0.0
0.0
0.0
0.0
0.0
0.0
0.0
0.0
0.0
0.0
0.0
0.0
0.0
0.0
0.0
0.0
0.0
0.0
0.0
0.0
0.0
0.0
0.0
0.0
0.0
0.0
0.0
0.0
0.0
0.0
0.0
0.0
0.0
0.0
0.0
0.0
0.0
0.0
0.0
0.0
0.0
0.0
0.0
0.0
0.0
0.0
0.0
0.0
0.0
0.0
0.0
0.0
0.0
0.0
0.0
0.0
0.0
0.0
0.0
0.0
0.0
0.0
0.0
0.0
0.0
0.0
0.0
0.0
0.0
0.0
0.0
0.0
0.0
0.0
0.0
0.0
0.0
0.0
0.0
0.0
0.0
0.0
0.0
0.0
0.0
0.0
0.0
0.0
0.0
0.0
0.0
0.0
0.0
0.0
0.0
0.0
0.0
0.0
0.0
0.0
0.0
0.0
0.0
0.0
0.0
0.0
0.0
0.0
0.0
0.0
0.0
0.0
0.0
0.0
0.0
0.0
0.0
0.0
0.0
0.0
0.0
0.0
0.0
0.0
0.0
0.0
0.0
0.0
0.0
0.0
0.0
0.0
0.0
0.0
0.0
0.0
0.0
0.0
0.0
0.0
0.0
0.0
0.0
0.0
0.0
0.0
0.0
0.0
0.0
0.0
0.0
0.0
0.0
0.0
0.0
0.0
0.0
0.0
0.0
0.0
0.0
0.0
0.0
0.0
0.0
0.0
0.0
0.0
0.0
0.0
0.0
0.0
0.0
0.0
0.0
0.0
0.0
0.0
0.0
0.0
0.0
0.0
0.0
0.0
0.0
0.0
0.0
0.0
0.0
0.0
0.0
0.0
0.0
0.0
0.0
0.0
0.0
0.0
0.0
0.0
0.0
0.0
0.0
0.0
0.0
0.0
0.0
0.0
0.0
0.0
0.0
0.0
0.0
0.0
0.0
0.0
0.0
0.0
0.0
0.0
0.0
0.0
0.0
0.0
0.0
0.0
0.0
0.0
0.0
0.0
0.0
0.0
0.0
0.0
0.0
0.0
0.0
0.0
0.0
0.0
0.0
0.0
0.0
0.0
0.0
0.0
0.0
0.0
0.0
0.0
0.0
0.0
0.0
0.0
0.0
0.0
0.0
0.0
0.0
0.0
0.0
0.0
0.0
0.0
0.0
0.0
0.0
0.0
0.0
0.0
0.0
0.0
0.0
0.0
0.0
0.0
0.0
0.0
0.0
0.0
0.0
0.0
0.0
0.0
0.0
0.0
0.0
0.0
0.0
0.0
0.0
0.0
0.0
0.0
0.0
0.0
0.0
0.0
0.0
0.0
0.0
0.0
0.0
0.0
0.0
0.0
0.0
0.0
0.0
0.0
0.0
0.0
0.0
0.0
0.0
0.0
0.0
0.0
0.0
0.0
0.0
0.0
0.0
0.0
0.0
0.0
0.0
0.0
0.0
0.0
0.0
0.0
0.0
0.0
0.0
0.0
0.0
0.0
0.0
0.0
0.0
0.0
0.0
0.0
0.0
0.0
0.0
0.0
0.0
0.0
0.0
0.0
0.0
0.0
0.0
0.0
0.0
0.0
0.0
0.0
0.0
0.0
0.0
0.0
0.0
0.0
0.0
0.0
0.0
0.0
0.0
0.0
0.0
0.0
0.0
0.0
0.0
0.0
0.0
0.0
0.0
0.0
0.0
0.0
0.0
0.0
0.0
0.0
0.0
0.0
0.0
0.0
0.0
0.0
0.0
0.0
0.0
0.0
0.0
0.0
0.0
0.0
0.0
0.0
0.0
0.0
0.0
0.0
0.0
0.0
0.0
0.0
0.0
0.0
0.0
0.0
0.0
0.0
0.0
0.0
0.0
0.0
0.0
0.0
0.0
0.0
0.0
0.0
0.0
0.0
0.0
0.0
0.0
0.0
0.0
0.0
0.0
0.0
0.0
0.0
0.0
0.0
0.0
0.0
0.0
0.0
0.0
0.0
0.0
0.0
0.0
0.0
0.0
0.0
0.0
0.0
0.0
0.0
0.0
0.0
0.0
0.0
0.0
0.0
0.0
0.0
0.0
0.0
0.0
0.0
0.0
0.0
0.0
0.0
0.0
0.0
0.0
0.0
0.0
0.0
0.0
0.0
0.0
0.0
0.0
0.0
0.0
0.0
0.0
0.0
0.0
0.0
0.0
0.0
0.0
0.0
0.0
0.0
0.0
0.0
0.0
0.0
0.0
0.0
0.0
0.0
0.0
0.0
0.0
0.0
0.0
0.0
0.0
0.0
0.0
0.0
0.0
0.0
0.0
0.0
0.0
0.0
0.0
0.0
0.0
0.0
0.0
0.0
0.0
0.0
0.0
0.0
0.0
0.0
0.0
0.0
0.0
0.0
0.0
0.0
0.0
0.0
0.0
0.0
0.0
0.0
0.0
0.0
0.0
0.0
0.0
0.0
0.0
0.0
0.0
0.0
0.0
0.0
0.0
0.0
0.0
0.0
0.0
0.0
0.0
0.0
0.0
0.0
0.0
0.0
0.0
0.0
0.0
0.0
0.0
0.0
0.0
0.0
0.0
0.0
0.0
0.0
0.0
0.0
0.0
0.0
0.0
0.0
0.0
0.0
0.0
0.0
0.0
0.0
0.0
0.0
0.0
0.0
0.0
0.0
0.0
0.0
0.0
0.0
0.0
0.0
0.0
0.0
0.0
0.0
0.0
0.0
0.0
0.0
0.0
0.0
0.0
0.0
0.0
0.0
0.0
0.0
0.0
0.0
0.0
0.0
0.0
0.0
0.0
0.0
0.0
0.0
0.0
0.0
0.0
0.0
0.0
0.0
0.0
0.0
0.0
0.0
0.0
0.0
0.0
0.0
0.0
0.0
0.0
0.0
0.0
0.0
0.0
0.0
0.0
0.0
0.0
0.0
0.0
0.0
0.0
0.0
0.0
0.0
0.0
0.0
0.0
0.0
0.0
0.0
0.0
0.0
0.0
0.0
0.0
0.0
0.0
0.0
0.0
0.0
0.0
0.0
0.0
0.0
0.0
0.0
0.0
0.0
0.0
0.0
0.0
0.0
0.0
0.0
0.0
0.0
0.0
0.0
0.0
0.0
0.0
0.0
0.0
0.0
0.0
0.0
0.0
0.0
0.0
0.0
0.0
0.0
0.0
0.0
0.0
0.0
0.0
0.0
0.0
0.0
0.0
0.0
0.0
0.0
0.0
0.0
0.0
0.0
0.0
0.0
0.0
0.0
0.0
0.0
0.0
0.0
0.0
0.0
0.0
0.0
0.0
0.0
0.0
0.0
0.0
0.0
0.0
0.0
0.0
0.0
0.0
0.0
0.0
0.0
0.0
0.0
0.0
0.0
0.0
0.0
0.0
0.0
0.0
0.0
0.0
0.0
0.0
0.0
0.0
0.0
0.0
0.0
0.0
0.0
0.0
0.0
0.0
0.0
0.0
0.0
0.0
0.0
0.0
0.0
0.0
0.0
0.0
0.0
0.0
0.0
0.0
0.0
0.0
0.0
0.0
0.0
0.0
0.0
0.0
0.0
0.0
0.0
0.0
0.0
0.0
0.0
0.0
0.0
0.0
0.0
0.0
0.0
0.0
0.0
0.0
0.0
0.0
0.0
0.0
0.0
0.0
0.0
0.0
0.0
0.0
0.0
0.0
0.0
0.0
0.0
0.0
0.0
0.0
0.0
0.0
0.0
0.0
0.0
0.0
0.0
0.0
0.0
0.0
0.0
0.0
0.0
0.0
0.0
0.0
0.0
0.0
0.0
0.0
0.0
0.0
0.0
0.0
0.0
0.0
0.0
0.0
0.0
0.0
0.0
0.0
0.0
0.0
0.0
0.0
0.0
0.0
0.0
0.0
0.0
0.0
0.0
0.0
0.0
0.0
0.0
0.0
0.0
0.0
0.0
0.0
0.0
0.0
0.0
0.0
0.0
0.0
0.0
0.0
0.0
0.0
0.0
0.0
0.0
0.0
0.0
0.0
0.0
0.0
0.0
0.0
0.0
0.0
0.0
0.0
0.0
0.0
0.0
0.0
0.0
0.0
0.0
0.0
0.0
0.0
0.0
0.0
0.0
0.0
0.0
0.0
0.0
0.0
0.0
0.0
0.0
0.0
0.0
0.0
0.0
0.0
0.0
0.0
0.0
0.0
0.0
0.0
0.0
0.0
0.0
0.0
0.0
0.0
0.0
0.0
0.0
0.0
0.0
0.0
0.0
0.0
0.0
0.0
0.0
0.0
0.0
0.0
0.0
0.0
0.0
0.0
0.0
0.0
0.0
0.0
0.0
0.0
0.0
0.0
0.0
0.0
0.0
0.0
0.0
0.0
0.0
0.0
0.0
0.0
0.0
0.0
0.0
0.0
0.0
0.0
0.0
0.0
0.0
0.0
0.0
0.0
0.0
0.0
0.0
0.0
0.0
0.0
0.0
0.0
0.0
0.0
0.0
0.0
0.0
0.0
0.0
0.0
0.0
0.0
0.0
0.0
0.0
0.0
0.0
0.0
0.0
0.0
0.0
0.0
0.0
0.0
0.0
0.0
0.0
0.0
0.0
0.0
0.0
0.0
0.0
0.0
0.0
0.0
0.0
0.0
0.0
0.0
0.0
0.0
0.0
0.0
0.0
0.0
0.0
0.0
0.0
0.0
0.0
0.0
0.0
0.0
0.0
0.0
0.0
0.0
0.0
0.0
0.0
0.0
0.0
0.0
0.0
0.0
0.0
0.0
0.0
0.0
0.0
0.0
0.0
0.0
0.0
0.0
0.0
0.0
0.0
0.0
0.0
0.0
0.0
0.0
0.0
0.0
0.0
0.0
0.0
0.0
0.0
0.0
0.0
0.0
0.0
0.0
0.0
0.0
0.0
0.0
0.0
0.0
0.0
0.0
0.0
0.0
0.0
0.0
0.0
0.0
0.0
0.0
0.0
0.0
0.0
0.0
0.0
0.0
0.0
0.0
0.0
0.0
0.0
0.0
0.0
0.0
0.0
0.0
0.0
0.0
0.0
0.0
0.0
0.0
0.0
0.0
0.0
0.0
0.0
0.0
0.0
0.0
0.0
0.0
0.0
0.0
0.0
0.0
0.0
0.0
0.0
0.0
0.0
0.0
0.0
0.0
0.0
0.0
0.0
0.0
0.0
0.0
0.0
0.0
0.0
0.0
0.0
0.0
0.0
0.0
0.0
0.0
0.0
0.0
0.0
0.0
0.0
0.0
0.0
0.0
0.0
0.0
0.0
0.0
0.0
0.0
0.0
0.0
0.0
0.0
0.0
0.0
0.0
0.0
0.0
0.0
0.0
0.0
0.0
0.0
0.0
0.0
0.0
0.0
0.0
0.0
0.0
0.0
0.0
0.0
0.0
0.0
0.0
0.0
0.0
0.0
0.0
0.0
0.0
0.0
0.0
0.0
0.0
0.0
0.0
0.0
0.0
0.0
0.0
0.0
0.0
0.0
0.0
0.0
0.0
0.0
0.0
0.0
0.0
0.0
0.0
0.0
0.0
0.0
0.0
0.0
0.0
0.0
0.0
0.0
0.0
0.0
0.0
0.0
0.0
0.0
0.0
0.0
0.0
0.0
0.0
0.0
0.0
0.0
0.0
0.0
0.0
0.0
0.0
0.0
0.0
0.0
0.0
0.0
0.0
0.0
0.0
0.0
0.0
0.0
0.0
0.0
0.0
0.0
0.0
0.0
0.0
0.0
0.0
0.0
0.0
0.0
0.0
0.0
0.0
0.0
0.0
0.0
0.0
0.0
0.0
0.0
0.0
0.0
0.0
0.0
0.0
0.0
0.0
0.0
0.0
0.0
0.0
0.0
0.0
0.0
0.0
0.0
0.0
0.0
0.0
0.0
0.0
0.0
0.0
0.0
0.0
0.0
0.0
0.0
0.0
0.0
0.0
0.0
0.0
0.0
0.0
0.0
0.0
0.0
0.0
0.0
0.0
0.0
0.0
0.0
0.0
0.0
0.0
0.0
0.0
0.0
0.0
0.0
0.0
0.0
0.0
0.0
0.0
0.0
0.0
0.0
0.0
0.0
0.0
0.0
0.0
0.0
0.0
0.0
0.0
0.0
0.0
0.0
0.0
0.0
0.0
0.0
0.0
0.0
0.0
0.0
0.0
0.0
0.0
0.0
0.0
0.0
0.0
0.0
0.0
0.0
0.0
0.0
0.0
0.0
0.0
0.0
0.0
0.0
0.0
0.0
0.0
0.0
0.0
0.0
0.0
0.0
0.0
0.0
0.0
0.0
0.0
0.0
0.0
0.0
0.0
0.0
0.0
0.0
0.0
0.0
0.0
0.0
0.0
0.0
0.0
0.0
0.0
0.0
0.0
0.0
0.0
0.0
0.0
0.0
0.0
0.0
0.0
0.0
0.0
0.0
0.0
0.0
0.0
0.0
0.0
0.0
0.0
0.0
0.0
0.0
0.0
0.0
0.0
0.0
0.0
0.0
0.0
0.0
0.0
0.0
0.0
0.0
0.0
0.0
0.0
0.0
0.0
0.0
0.0
0.0
0.0
0.0
0.0
0.0
0.0
0.0
0.0
0.0
0.0
0.0
0.0
0.0
0.0
0.0
0.0
0.0
0.0
0.0
0.0
0.0
0.0
0.0
0.0
0.0
0.0
0.0
0.0
0.0
0.0
0.0
0.0
0.0
0.0
0.0
0.0
0.0
0.0
0.0
0.0
0.0
0.0
0.0
0.0
0.0
0.0
0.0
0.0
0.0
0.0
0.0
0.0
0.0
0.0
0.0
0.0
0.0
0.0
0.0
0.0
0.0
0.0
0.0
0.0
0.0
0.0
0.0
0.0
0.0
0.0
0.0
0.0
0.0
0.0
0.0
0.0
0.0
0.0
0.0
0.0
0.0
0.0
0.0
0.0
0.0
0.0
0.0
0.0
0.0
0.0
0.0
0.0
0.0
0.0
0.0
0.0
0.0
0.0
0.0
0.0
0.0
0.0
0.0
0.0
0.0
0.0
0.0
0.0
0.0
0.0
0.0
0.0
0.0
0.0
0.0
0.0
0.0
0.0
0.0
0.0
0.0
0.0
0.0
0.0
0.0
0.0
0.0
0.0
0.0
0.0
0.0
0.0
0.0
0.0
0.0
0.0
0.0
0.0
0.0
0.0
0.0
0.0
0.0
0.0
0.0
0.0
0.0
0.0
0.0
0.0
0.0
0.0
0.0
0.0
0.0
0.0
0.0
0.0
0.0
0.0
0.0
0.0
0.0
0.0
0.0
0.0
0.0
0.0
0.0
0.0
0.0
0.0
0.0
0.0
0.0
0.0
0.0
0.0
0.0
0.0
0.0
0.0
0.0
0.0
0.0
0.0
0.0
0.0
0.0
0.0
0.0
0.0
0.0
0.0
0.0
0.0
0.0
0.0
0.0
0.0
0.0
0.0
0.0
0.0
0.0
0.0
0.0
0.0
0.0
0.0
0.0
0.0
0.0
0.0
0.0
0.0
0.0
0.0
0.0
0.0
0.0
0.0
0.0
0.0
0.0
0.0
0.0
0.0
0.0
0.0
0.0
0.0
0.0
0.0
0.0
0.0
0.0
0.0
0.0
0.0
0.0
0.0
0.0
0.0
0.0
0.0
0.0
0.0
0.0
0.0
0.0
0.0
0.0
0.0
0.0
0.0
0.0
0.0
0.0
0.0
0.0
0.0
0.0
0.0
0.0
0.0
0.0
0.0
0.0
0.0
0.0
0.0
0.0
0.0
0.0
0.0
0.0
0.0
0.0
0.0
0.0
0.0
0.0
0.0
0.0
0.0
0.0
0.0
0.0
0.0
0.0
0.0
0.0
0.0
0.0
0.0
0.0
0.0
0.0
0.0
0.0
0.0
0.0
0.0
0.0
0.0
0.0
0.0
0.0
0.0
0.0
0.0
0.0
0.0
0.0
0.0
0.0
0.0
0.0
0.0
0.0
0.0
0.0
0.0
0.0
0.0
0.0
0.0
0.0
0.0
0.0
0.0
0.0
0.0
0.0
0.0
0.0
0.0
0.0
0.0
0.0
0.0
0.0
0.0
0.0
0.0
0.0
0.0
0.0
0.0
0.0
0.0
0.0
0.0
0.0
0.0
0.0
0.0
0.0
0.0
0.0
0.0
0.0
0.0
0.0
0.0
0.0
0.0
0.0
0.0
0.0
0.0
0.0
0.0
0.0
0.0
0.0
0.0
0.0
0.0
0.0
0.0
0.0
0.0
0.0
0.0
0.0
0.0
0.0
0.0
0.0
0.0
0.0
0.0
0.0
0.0
0.0
0.0
0.0
0.0
0.0
0.0
0.0
0.0
0.0
0.0
0.0
0.0
0.0
0.0
0.0
0.0
0.0
0.0
0.0
0.0
0.0
0.0
0.0
0.0
0.0
0.0
0.0
0.0
0.0
0.0
0.0
0.0
0.0
0.0
0.0
0.0
0.0
0.0
