0.001701275498373305
0.0017017035606154928
0.0017020786866680999
0.0017024227697676406
0.0017027448954938975
0.001703050508301869
0.0017033431923561145
0.0017036254220193932
0.0017038989698381043
0.0017041651515771036
0.0017044249458249218
0.001704677747976523
0.0017049259136224166
0.0017051689702220585
0.0017054081403301057
0.0017056435512300147
0.0017058755899216954
0.0017061046506175181
0.0017063308857952226
0.0017065545678970838
0.001706775909241364
0.001706995028259004
0.001707211742212485
0.0017074263302219595
0.0017076391880312698
0.0017078504672815723
0.0017080601734415413
0.00170826832964318
0.0017084751419635417
0.001708680796105689
0.0017088853205830946
0.001709088691241282
0.0017092908585560047
0.001709491963908708
0.0017096919265890288
0.001709890890593652
0.0017100889778592402
0.0017102861379179749
0.0017104824534826626
0.0017106780283526227
0.0017108728796355987
0.001711066919363337
0.0017112601324964628
0.0017114526578816138
0.001711644553161398
0.00171183588587437
0.0017120266252767585
0.0017122166409073176
0.001712406037474622
0.0017125948069745714
0.0017127830598387972
0.0017129708703414457
0.0017131582779158392
0.001713345301610689
0.0017135319555007982
0.001713718206745209
0.0017139039683940315
0.0017140892586012234
0.0017142741827903762
0.0017144587525159839
0.001714642897770345
0.0017148267823357097
0.0017150103962352205
0.0017151937573101407
0.0017153768537042588
0.0017155596376643638
0.0017157420821099978
0.0017159242324181053
0.0017161061577600784
0.001716287886073404
0.001716469437177002
0.0017166507914031493
0.0017168318314227976
0.0017170125967383438
0.0017171931413361638
0.001717373501730724
0.0017175536732317294
0.0017177336580773096
0.0017179134830794692
0.0017180931756837592
0.001718272762073027
0.0017184522528608894
0.001718631641394609
0.0017188109314124804
0.0017189901237256407
0.0017191691573123877
0.0017193480873967406
0.0017195268883047603
0.0017197054276592782
0.0017198838748745436
0.0017200622323050349
0.001720240558698868
0.0017204188292768202
0.0017205970657049403
0.0017207752787874802
0.0017209534596824613
0.0017211316168740936
0.001721309746795203
0.0017214878164809736
0.0017216658347652554
0.0017218438158028394
0.0017220217609496614
0.0017221995776441966
0.0017223773891835489
0.0017225551066905745
0.001722732760096051
0.0017229104069601624
0.0017230880791342389
0.00172326577815378
0.0017234435037479926
0.001723621260634404
0.0017237990502676091
0.0017239768630806056
0.0017241546843908904
0.0017243325180866667
0.0017245103811956227
0.0017246882867204424
0.0017248662346632778
0.0017250441704267851
0.0017252221484403384
0.001725400182931617
0.001725578240726625
0.001725756311236174
0.0017259343858632558
0.0017261124764803989
0.0017262906201389306
0.0017264688382300254
0.0017266471271689026
0.0017268254794862497
0.0017270038877778828
0.0017271823565620933
0.001727360916515496
0.0017275395626011015
0.0017277182997139783
0.0017278970858372934
0.0017280759429371424
0.0017282548845275198
0.0017284339226629488
0.0017286130494053495
0.0017287922608270388
0.001728971551015789
0.0017291509061109632
0.0017293303488885433
0.0017295099024089813
0.0017296895282868162
0.001729869199336888
0.0017300489719237052
0.0017302288765460162
0.0017304088892012522
0.0017305889988490442
0.0017307692501485575
0.0017309496028688476
0.00173113001797001
0.0017313106061070302
0.001731491319325855
0.00173167213970671
0.0017318531228615963
0.0017320342219766876
0.0017322154112935386
0.001732396752517524
0.001732578230980845
0.0017327598082954817
0.001732941504052799
0.001733123342651289
0.0017333053279772847
0.001733487435781859
0.001733669653819138
0.0017338520216013805
0.0017340344898140454
0.0017342171125551541
0.0017343998002127571
0.0017345826101091792
0.0017347655959794464
0.0017349487373914734
0.0017351320529756854
0.0017353155339689403
0.0017354991709404197
0.0017356829631056322
0.0017358669243712024
0.0017360510436287213
0.0017362353315190555
0.0017364198027270813
0.0017366044325082533
0.0017367892020155365
0.0017369741158253067
0.001737159209950481
0.0017373444898683861
0.0017375299389069485
0.0017377155530316185
0.0017379013335971703
0.0017380872135143567
0.001738273273457389
0.0017384594853675352
0.0017386458964470687
0.0017388324410792134
0.0017390191481945064
0.0017392060221906864
0.0017393930508135176
0.0017395802813442573
0.0017397677213947678
0.0017399553244379763
0.0017401431222135765
0.0017403311293310892
0.0017405192967139534
0.0017407076834828304
0.0017408962430639154
0.001741084944426168
0.0017412738980171689
0.0017414630093120535
0.0017416523096021694
0.001741841849631526
0.0017420315140293523
0.001742221392974457
0.0017424114724339812
0.0017426017492205262
0.001742792232250817
0.001742982904461981
0.001743173797526209
0.0017433648848707015
0.0017435561554912098
0.001743747634625207
0.0017439393275234646
0.0017441312007246761
0.0017443232465383192
0.0017445155036007404
0.0017447079672824333
0.0017449006047269087
0.0017450934516772953
0.0017452865178526928
0.0017454798672209772
0.0017456733491348693
0.0017458670029438623
0.0017460609093924177
0.0017462550911917251
0.0017464494040163475
0.001746643921020721
0.0017468386861320363
0.0017470337016326643
0.001747228899974823
0.0017474243141382198
0.001747619972935793
0.0017478158510966409
0.0017480119730866573
0.001748208326542418
0.0017484048950122193
0.001748601659777705
0.0017487986273396411
0.0017489958498380393
0.0017491933266222668
0.001749391016874742
0.001749588933667687
0.001749787066039292
0.0017499854287747164
0.0017501840711773285
0.0017503829470377661
0.001750581964722409
0.0017507812242358494
0.0017509806979760054
0.0017511803429530494
0.0017513802343267636
0.0017515803869963297
0.001751780780502347
0.0017519813725615258
0.0017521821721130733
0.0017523832503584394
0.0017525846000216597
0.0017527862118497852
0.0017529880455998002
0.0017531900891527836
0.0017533923746425937
0.0017535949377797597
0.001753797764147391
0.0017540008101486653
0.0017542040686101504
0.0017544075769855495
0.0017546113540024373
0.0017548153837311036
0.0017550196735467746
0.0017552242090835665
0.001755428963376754
0.0017556339627483176
0.0017558392022438852
0.0017560447064247624
0.0017562504648773298
0.0017564564543924171
0.001756662784316329
0.001756869283940491
0.0017570760095489003
0.001757282967356236
0.0017574901644609434
0.00175769761493348
0.001757905346927784
0.0017581133503914422
0.0017583215968912638
0.0017585300571915197
0.0017587387457618374
0.0017589477135536392
0.0017591569777675464
0.0017593665250317738
0.001759576312811078
0.001759786322664631
0.0017599965785096451
0.0017602071008051285
0.0017604178989450653
0.001760628985094209
0.0017608403660633884
0.0017610520076831535
0.0017612638694362143
0.001761475976707436
0.0017616883496728345
0.00176190098559156
0.0017621138767159187
0.0017623270367048028
0.001762540485529282
0.001762754191506498
0.0017629681479972151
0.0017631823960998934
0.001763396895043524
0.0017636116318257417
0.0017638266272940646
0.0017640419131375463
0.0017642575023064013
0.0017644733534172771
0.001764689444105998
0.0017649057954336924
0.0017651224216318109
0.0017653393198167357
0.001765556490880899
0.001765773939433911
0.0017659916666220503
0.001766209663773417
0.001766427924904892
0.001766646459429436
0.0017668652804592494
0.0017670843895657453
0.0017673037760506148
0.0017675234248562886
0.0017677433292092855
0.0017679634943926024
0.0017681839273958242
0.0017684046320451147
0.0017686256104235466
0.0017688468641816287
0.0017690683981538688
0.0017692902242656269
0.0017695123520587372
0.0017697347639213208
0.0017699574559102709
0.0017701804303655944
0.0017704036563774698
0.0017706271460815497
0.0017708509116625849
0.0017710749520934651
0.0017712992577894793
0.0017715238509658565
0.0017717487558578558
0.0017719739496325712
0.001772199415905992
0.0017724251615704341
0.0017726511970579954
0.001772877519209955
0.00177310411980056
0.0017733309950968418
0.0017735581426274033
0.0017737855612589238
0.001774013251234168
0.0017742412169873697
0.0017744694898405027
0.0017746980775040797
0.0017749269602052931
0.0017751561308532871
0.0017753855826339667
0.0017756153151743382
0.0017758453309296971
0.0017760756309186324
0.0017763062140871574
0.001776537077289851
0.0017767682179817606
0.001776999636086918
0.0017772313310115933
0.001777463300153775
0.0017776955517116296
0.0017779281011389835
0.0017781609565323477
0.0017783941335693066
0.0017786275936504366
0.0017788613474103705
0.0017790953980148106
0.001779329719140369
0.0017795643358064018
0.0017797992518075057
0.0017800344543410758
0.0017802699375287358
0.0017805057008379887
0.0017807417260528838
0.0017809780074750751
0.0017812146302870289
0.0017814515535782246
0.0017816887587139647
0.001781926231523595
0.0017821640228589638
0.0017824021236905983
0.0017826405149419633
0.0017828791921139684
0.0017831181519969205
0.0017833573843913974
0.0017835968944797237
0.0017838367154527598
0.0017840768452864358
0.0017843172730457287
0.0017845579965464898
0.0017847990008684337
0.0017850402723458888
0.0017852818271245532
0.0017855237002290894
0.0017857658639445523
0.001786008321749866
0.0017862511327992117
0.0017864942311374716
0.0017867376150794393
0.0017869812817468867
0.0017872252259757179
0.001787469440017823
0.001787713912458151
0.0017879586328771468
0.0017882036653872673
0.0017884491554517375
0.0017886949289287993
0.0017889409835852225
0.0017891873211607705
0.001789433941188104
0.001789680838788897
0.0017899280018468372
0.0017901753794399094
0.0017904231146832566
0.0017906711064770123
0.0017909194405235885
0.0017911680312826194
0.0017914169065159802
0.001791666075685146
0.0017919155073356683
0.001792165217567017
0.0017924152912147686
0.0017926656759588082
0.0017929163244332406
0.0017931673172077228
0.0017934186088655127
0.0017936701624614744
0.0017939219283531964
0.0017941740581758818
0.0017944265317625552
0.00179467928651819
0.001794932283069543
0.0017951855501156383
0.0017954391270070837
0.001795692983866144
0.001795947176868626
0.0017962016875380708
0.0017964564510982836
0.00179671148326249
0.0017969667889771673
0.0017972223881752602
0.0017974782971405256
0.0017977345330682716
0.001797991094347352
0.0017982479089480525
0.0017985049957793748
0.001798762353984041
0.0017990199447622856
0.0017992778286318224
0.0017995361466316912
0.001799794760776075
0.0018000536287638219
0.0018003127532998417
0.0018005721326911305
0.0018008317388336704
0.0018010916082276248
0.001801351858993208
0.0018016124794337316
0.0018018733906277973
0.0018021345653387601
0.001802395989409019
0.001802657657820208
0.0018029196412125297
0.0018031818656643781
0.001803444396477851
0.0018037072781010358
0.0018039704517403465
0.001804233886455108
0.0018044976448237668
0.001804761590567155
0.0018050258828307864
0.0018052903722635008
0.0018055550741317955
0.001805820120220708
0.001806085527724449
0.0018063512469950137
0.001806617230460195
0.0018068835296002994
0.0018071499896673692
0.0018074167931181485
0.0018076839053100754
0.0018079512264583756
0.0018082187164578216
0.0018084865520951105
0.0018087547105511356
0.001809023231806649
0.0018092920282857094
0.0018095610862175213
0.0018098303490828706
0.0018100998324166917
0.001810369692206124
0.001810639856557397
0.001810910218984745
0.0018111808289413137
0.0018114517100619155
0.0018117229249532524
0.001811994500634492
0.0018122663455961243
0.0018125384085009102
0.0018128106713899543
0.001813083126972959
0.0018133559360440786
0.001813629129187401
0.001813902581427251
0.0018141762502153571
0.0018144500735268597
0.0018147241870639795
0.0018149987303296975
0.0018152735598497048
0.0018155486000599168
0.0018158237913095659
0.0018160991750090596
0.0018163749109405833
0.0018166510153015828
0.001816927451095146
0.00181720405766634
0.0018174808172339606
0.0018177578749416637
0.0018180352014079755
0.001818312835225797
0.0018185907172834242
0.0018188688469723102
0.0018191473221736817
0.001819425969512687
0.0018197048238574585
0.0018199839295667314
0.0018202633178587952
0.0018205431178392943
0.001820823080764452
0.0018211032486186518
0.0018213836418647746
0.0018216642110959937
0.0018219452292010804
0.001822226502539882
0.0018225079735322148
0.0018227896770824396
0.0018230715258665954
0.001823353689263451
0.0018236360868435278
0.0018239187565809551
0.0018242017532497604
0.0018244849752378142
0.0018247683818457918
0.0018250520173145302
0.0018253357222404614
0.0018256197699287784
0.001825904297360854
0.0018261889857026613
0.0018264738240943805
0.001826758758110737
0.001827043955560889
0.0018273295446975626
0.0018276154182417727
0.0018279014553034835
0.0018281875904989496
0.0018284741604193018
0.0018287609437987505
0.0018290478964510955
0.001829334950387728
0.0018296222404568638
0.0018299100447060927
0.0018301980257919388
0.0018304861128663236
0.0018307742115089027
0.0018310626218501441
0.0018313515103847927
0.0018316406319688202
0.0018319298633669122
0.0018322191275743215
0.001832508736559967
0.0018327986724922393
0.0018330888242712251
0.0018333790349713982
0.0018336694227590671
0.0018339601864777696
0.001834251220106771
0.0018345423717082596
0.0018348336349682766
0.0018351250889973914
0.0018354168825809446
0.0018357089672999373
0.001836001134294286
0.0018362934635051441
0.0018365859653319825
0.0018368787273629129
0.0018371717410592071
0.0018374649915290134
0.0018377583765036868
0.0018380518846370644
0.0018383456022020288
0.001838639577473452
0.0018389338284474427
0.0018392282346872033
0.001839522724858242
0.0018398173451001257
0.001840112279216341
0.001840407486479624
0.001840702805775371
0.0018409981949267594
0.0018412937960054152
0.0018415897212740524
0.0018418858144203353
0.0018421819946361393
0.0018424783214813058
0.0018427748988752246
0.0018430716694613303
0.001843368600747302
0.0018436656852119308
0.001843962949135648
0.001844260351287946
0.001844557897509537
0.001844855688341289
0.001845153681422913
0.0018454518082947258
0.0018457500202952281
0.0018460483782080294
0.0018463470164864699
0.0018466459118513905
0.0018469447901792964
0.001847243705073486
0.0018475428736389567
0.0018478424270129985
0.0018481420306094966
0.0018484415986625305
0.0018487413001656945
0.001849041395378133
0.001849341635542381
0.0018496419024928306
0.0018499422234763228
0.001850242791685635
0.0018505434375886377
0.0018508441543894775
0.0018511450043817974
0.0018514462272330816
0.0018517474892506178
0.001852048699477669
0.0018523499678826303
0.0018526516903112653
0.0018529535815678966
0.0018532553641503677
0.001853557078420894
0.0018538591788872989
0.001854161649355649
0.0018544640478614855
0.0018547662686195304
0.0018550687629597874
0.0018553715952293254
0.0018556745067178219
0.001855977299342218
0.0018562802935575401
0.0018565834202623657
0.0018568867382888457
0.001857190025152816
0.0018574934790923298
0.0018577970005355302
0.0018581007165154753
0.0018584043627176666
0.0018587081979683294
0.0018590120941432487
0.001859316291426657
0.0018596203444400682
0.0018599245520328424
0.0018602287852246412
0.0018605332247060447
0.0018608376946033702
0.001861142246737991
0.0018614467571512277
0.0018617514527518087
0.0018620563737281454
0.0018623612957465205
0.0018626660457303097
0.0018629708673667735
0.001863276105693807
0.0018635813831288657
0.0018638864692973873
0.0018641914019413882
0.0018644968897168737
0.0018648024527174254
0.001865107830826986
0.0018654129999953974
0.0018657186502604812
0.0018660244027903757
0.0018663300262661204
0.001866635556412264
0.0018669413161406727
0.001867247138061678
0.0018675529395589293
0.0018678587623133893
0.0018681646665736982
0.0018684705915555941
0.0018687764728263039
0.0018690824892954347
0.0018693884968931066
0.0018696944915947945
0.0018700004001688797
0.0018703066535226734
0.0018706127867136886
0.0018709188001224345
0.001871224827960097
0.0018715311406933266
0.0018718373242928243
0.001872143332164802
0.0018724494386225044
0.0018727557888651779
0.001873061989959159
0.0018733678840401281
0.0018736740395769265
0.0018739803782298738
0.0018742865404180623
0.0018745923353049832
0.0018748985168573701
0.0018752047887589016
0.0018755108766170723
0.0018758166771929794
0.0018761227506985697
0.0018764288925096227
0.0018767348659344324
0.0018770406598916634
0.0018773465943938054
0.0018776525427901304
0.0018779582634019213
0.0018782640568792658
0.0018785698772214928
0.001878875611510345
0.0018791811233178984
0.0018794868006935018
0.0018797924620338091
0.001880097925440318
0.0018804031620235824
0.0018807086524347833
0.0018810141065563894
0.0018813192061676548
0.0018816242626284692
0.0018819295102893703
0.001882234664571123
0.001882539447984294
0.0018828442256717069
0.0018831491606893928
0.0018834539787829392
0.0018837584683569254
0.0018840629140924046
0.0018843674780651197
0.001884671828422108
0.0018849760058996013
0.0018852801363536326
0.0018855842821972374
0.001885888242151331
0.0018861920054066713
0.0018864957100822608
0.0018867993403653197
0.00188710284461469
0.0018874061707336305
0.001887709388914796
0.001888012430400777
0.0018883154258805784
0.001888618275149247
0.0018889209789065436
0.0018892235464552586
0.0018895259566751885
0.001889828248733627
0.0018901303543063508
0.0018904324488284966
0.0018907343190483214
0.0018910360036484416
0.0018913375818669803
0.001891639059674189
0.001891940237647351
0.0018922411262396587
0.0018925420402867903
0.001892842810110069
0.0018931432491745416
0.0018934434130989772
0.0018937436308466855
0.0018940436580856268
0.001894343276553418
0.0018946427048470952
0.0018949421320812471
0.0018952413222099774
0.0018955400543931777
0.001895838698629695
0.0018961372464164409
0.0018964354946459203
0.0018967334239938633
0.001897031217937888
0.0018973288344879546
0.0018976260567851698
0.001897923091121834
0.0018982199760258487
0.001898516584264966
0.0018988128738775664
0.001899108928954835
0.0018994047048045521
0.0018997001471506006
0.001899995476656559
0.0019002905356843584
0.0019005851973838968
0.001900879598480465
0.0019011738149585407
0.001901467689785582
0.001901761021793558
0.0019020542178785238
0.0019023472011580962
0.0019026396762200982
0.0019029318084239388
0.0019032238318154695
0.001903515526219087
0.0019038066335344838
0.0019040975573103615
0.0019043883376693997
0.0019046785854139531
0.0019049683869100619
0.0019052580591159235
0.0019055474143542073
0.001905836136581696
0.0019061246269992077
0.0019064129891957998
0.001906700811634016
0.0019069880727751983
0.0019072751420441871
0.0019075619837438324
0.0019078481647783973
0.0019081339235839062
0.0019084195289535
0.0019087046710346068
0.0019089892484872928
0.001909273505219918
0.0019095574615384582
0.0019098408024140385
0.0019101237205101395
0.0019104063986725632
0.0019106885805678187
0.0019109702118312525
0.001911251446501593
0.0019115322897446726
0.0019118125226784924
0.0019120923525731142
0.001912371903512892
0.0019126508513175506
0.0019129292335303856
0.0019132072545729115
0.0019134848186651652
0.0019137616518408495
0.0019140380337257959
0.0019143141096097786
0.0019145894743049603
0.0019148642521258131
0.001915138722203546
0.001915412705789394
0.0019156859522413082
0.0019159586414784608
0.001916230996741567
0.0019165026926488463
0.0019167736897687448
0.0019170442395656892
0.0019173143488648574
0.0019175837740508497
0.0019178525002869885
0.0019181207622246022
0.0019183884379721516
0.00191865543034983
0.0019189218294285667
0.001919187676335566
0.0019194529418345453
0.0019197174847718932
0.001919981377300157
0.0019202447396994506
0.0019205074865618005
0.001920769476619182
0.0019210307053039311
0.0019212914180283818
0.0019215514975333564
0.0019218107648174823
0.001922069390465617
0.0019223273874373558
0.0019225846180217555
0.0019228410379315195
0.001923096834811305
0.0019233519711546745
0.001923606314069373
0.0019238599761176708
0.0019241130407664335
0.001924365260307915
0.0019246166323497627
0.001924867323090776
0.0019251172727363535
0.0019253662993063269
0.0019256146020771787
0.0019258621825930867
0.0019261088298699355
0.0019263546657936428
0.00192659976387492
0.0019268439624684373
0.0019270872169573493
0.0019273297561927464
0.0019275714893989097
0.0019278121340353925
0.0019280519610716212
0.0019282910736155999
0.0019285291699138582
0.0019287662724731321
0.0019290025853389331
0.0019292380132825144
0.0019294722848835772
0.0019297056640491187
0.0019299382784303573
0.00193016980421414
0.0019304001994638524
0.0019306296330123213
0.0019308581094570265
0.0019310854368573013
0.0019313117719338825
0.0019315372022845252
0.0019317614828062754
0.0019319847221353748
0.001932206982470247
0.0019324281565022358
0.0019326482420100998
0.0019328672406957554
0.001933085127128692
0.001933301845699096
0.0019335174903163921
0.0019337319898457645
0.0019339452767891145
0.0019341575367972116
0.0019343686589529871
0.0019345784520945167
0.0019347870836096482
0.001934994622536705
0.001935200862569095
0.001935405773226744
0.0019356096213586158
0.0019358122566122764
0.0019360134061833102
0.0019362133363155115
0.0019364121290710225
0.001936609452617736
0.0019368054054624744
0.0019370002076341713
0.0019371936621983348
0.001937385564867047
0.0019375762136380546
0.0019377656125183606
0.001937953411786786
0.0019381398514581071
0.0019383250573949903
0.0019385087214597882
0.001938690816819515
0.0019388715858909783
0.0019390509657389802
0.0019392286828871586
0.0019394049540347902
0.0019395798341848526
0.0019397530022494973
0.0019399246226954666
0.001940094853961754
0.0019402634456726585
0.0019404303131506284
0.0019405956357906198
0.0019407594041121808
0.001940921389900807
0.0019410817331104685
0.0019412405166573654
0.0019413975429218757
0.001941552971907815
0.0019417068244253666
0.001941858903518249
0.001942009141565912
0.0019421576373373696
0.0019423043960501954
0.0019424492239488605
0.0019425922291812828
0.0019427334977932256
0.0019428728143884607
0.001943010243329361
0.001943145817031001
0.0019432794334750777
0.0019434110590086954
0.0019435407617783601
0.0019436685289204519
0.0019437942090812618
0.00194391788224982
0.0019440395673418491
0.0019441591143550588
0.0019442766035554398
0.0019443920424011784
0.0019445051028624473
0.0019446159499925547
0.001944724674244375
0.0019448312584069876
0.0019449355581854669
0.0019450376300028523
0.0019451374888346368
0.0019452350074936678
0.001945330213736539
0.0019454231534428677
0.0019455137318234372
0.0019456018640138845
0.0019456876109647196
0.0019457709812642293
0.0019458518732447133
0.0019459302675416225
0.0019460061963021624
0.0019460795814376251
0.0019461503473689153
0.0019462185562918294
0.0019462841727602826
0.0019463471851636602
0.0019464075213905664
0.0019464651831581966
0.0019465201563319391
0.00194657238411039
0.0019466218503627513
0.0019466685438968095
0.0019467124523110616
0.0019467535361442684
0.0019467917478634253
0.0019468270961194507
0.001946859499298675
0.001946888926202827
0.0019469153706588415
0.0019469387782012867
0.001946959122674699
0.0019469763900453884
0.0019469905562206672
0.0019470015808802962
0.001947009433263928
0.001947014132323627
0.0019470156492472647
0.001947013879984062
0.001947008968109793
0.0019470007144848183
0.0019469890924686394
0.0019469740660584113
0.0019469555864807535
0.0019469336331731936
0.0019469081884240656
0.001946879173904499
0.0019468465691381055
0.0019468103807446977
0.0019467705007794997
0.0019467269208874344
0.0019466796268517907
0.0019466285554528896
0.0019465736523962302
0.0019465149183021785
0.0019464523294937001
0.0019463857558894345
0.0019463149523672358
0.001946240190011505
0.0019461612899843736
0.0019460783180049383
0.0019459912640805244
0.0019458999882646095
0.0019458044550349565
0.0019457047140764663
0.0019456006658465468
0.0019454921461262613
0.0019453792647280066
0.0019452620261623257
0.001945140075987749
0.0019450135973025392
0.0019448826860923203
0.0019447470340077893
0.0019446066267662261
0.0019444615826491398
0.0019443118046377995
0.0019441570943031037
0.0019439976232301245
0.0019438333369260154
0.0019436639661859067
0.0019434895301535093
0.0019433101219936977
0.0019431254431258778
0.0019429355520788798
0.0019427405470732058
0.0019425402016372548
0.0019423344936374703
0.0019421234412743415
0.0019419069006840922
0.001941684871321566
0.0019414573340134965
0.0019412241879269878
0.0019409852146216567
0.0019407407992618217
0.001940490775413255
0.0019402344633319122
0.001939972359778634
0.0019397044812334266
0.0019394302904946264
0.001939149880859314
0.0019388635837202118
0.0019385710309868728
0.0019382717561330799
0.0019379663658861505
0.0019376548757412135
0.0019373362437284606
0.0019370111711506219
0.0019366800367563684
0.001936341241126809
0.0019359953643722529
0.0019356431466523352
0.001935284088694332
0.0019349174743984899
0.001934544053088518
0.0019341638795968004
0.0019337756283264317
0.001933380000092156
0.0019329779412491936
0.00193256754933059
0.001932149395245651
0.0019317241674339876
0.0019312912715025471
0.0019308500568456846
0.0019304012033343743
0.001929945080035387
0.0019294799607696702
0.001929006743846307
0.0019285262273425977
0.0019280365866371758
0.001927538396784322
0.001927032361537201
0.0019265175416208775
0.0019259935249848262
0.0019254610957231133
0.001924920600007813
0.0019243702042645295
0.001923810813548938
0.001923243181362144
0.0019226654926563368
0.0019220784473667617
0.0019214828812224537
0.001920877202856332
0.0019202615462534324
0.0019196365808728183
0.0019190022282141032
0.0019183567843680759
0.0019177016541265012
0.0019170370461871636
0.0019163613996939631
0.0019156752672906483
0.0019149793420491926
0.0019142722578835104
0.0019135536155321683
0.001912825061113874
0.0019120852041678584
0.001911333663507485
0.0019105712002182456
0.0019097975928984003
0.0019090121068690588
0.0019082147768169052
0.0019074066090186475
0.0019065861772033553
0.0019057533459583458
0.0019049093611261904
0.0019040524250234798
0.0019031825658629533
0.0019023009014987422
0.0019014067523372901
0.0019004994341063472
0.001899579052439464
0.0018986461873108553
0.0018976996126093821
0.001896739387656211
0.0018957668123324044
0.0018947800400795386
0.00189377873941261
0.0018927644995703702
0.001891735462155777
0.0018906924262655836
0.001889634821600305
0.0018885633839249333
0.0018874769217788637
0.0018863744539793282
0.0018852580501300376
0.0018841264573737561
0.001882978660238566
0.0018818156268809332
0.001880636651869826
0.001879441902235131
0.0018782300585523351
0.001877002338835562
0.0018757589280423677
0.0018744968346690837
0.001873218246476306
0.0018719232578242287
0.0018706109978845827
0.0018692806610522716
0.001867932820392195
0.0018665684692971683
0.0018651843282962962
0.0018637810537375707
0.0018623617069668476
0.0018609220987578202
0.0018594630411928124
0.001857985858110326
0.0018564903025981053
0.0018549733877460115
0.0018534365044455712
0.0018518822390708233
0.0018503056908351777
0.0018487068676808736
0.0018470901664822002
0.0018454522188431873
0.0018437912677769638
0.0018421094186216339
0.0018404078992898668
0.0018386825441740406
0.0018369339919519802
0.0018351654955977492
0.0018333732856550423
0.0018315558061704688
0.0018297169160774954
0.0018278553527471325
0.0018259672964684266
0.0018240550755319995
0.001822120182761107
0.0018201591360894906
0.001818172313753614
0.0018161618951127783
0.0018141253461570707
0.0018120612119997648
0.0018099721690110007
0.0018078570553180105
0.001805712317278431
0.0018035417608983932
0.00180134462143054
0.0017991184378797495
0.0017968641796239674
0.0017945824623613969
0.0017922703816794633
0.0017899274319272296
0.0017875571301461783
0.0017851564465516812
0.0017827231574928046
0.0017802614071079233
0.0017777693238506635
0.001775243282067981
0.0017726852525041027
0.0017700963345645502
0.001767472979876201
0.0017648154780658797
0.001762127263807561
0.0017594044516076731
0.0017566437343003612
0.0017538500017245829
0.0017510209628705392
0.0017481532142708165
0.001745250128820291
0.0017423123766880533
0.0017393361807060976
0.0017363197579473553
0.001733267377660558
0.0017301758533364224
0.001727042795678182
0.0017238726347669415
0.001720661405525339
0.0017174073823749312
0.0017141120047636453
0.0017107754326498735
0.0017073960294991639
0.001703972402067247
0.0017005068860170478
0.0016969955996774494
0.0016934382491814613
0.0016898373983177668
0.001686194230620241
0.0016825160376779443
0.001678803920665398
0.001675055180712836
0.0016712683485040855
0.0016674462440619423
0.00166358770363057
0.0016596863184608767
0.0016557468481988614
0.0016517712403787627
0.001647750104306816
0.0016436865617209045
0.0016395862330658274
0.0016354430359419143
0.0016312520544200183
0.0016270202233348511
0.0016227460553622332
0.0016184200030422058
0.0016140476957697452
0.0016096355071364538
0.001605169649230983
0.0016006508031474092
0.0015960891972835716
0.001591477403267667
0.0015868057347977727
0.001582083958340577
0.0015773146710336952
0.0015724840520376733
0.001567595693865606
0.0015626605819357253
0.001557661776155493
0.0015525961546120337
0.0015474759360033631
0.001542298105733487
0.0015370513529170504
0.001531740768109181
0.001526373278994639
0.0015209325433445235
0.0015154191549293465
0.0015098474999798814
0.0015042014762600316
0.0014984764037885804
0.0014926814371851354
0.0014868162747668351
0.0014808682433388328
0.001474840038035196
0.0014687407828170608
0.001462554757542613
0.0014562794474781233
0.0014499275631541138
0.0014434837974913583
0.0014369472545990483
0.0014303218056477677
0.0014236078711210962
0.0014167931885719156
0.0014098756548125496
0.0014028663222346437
0.001395748087415586
0.0013885216292069816
0.0013811969982297175
0.001373755141572417
0.00136619900782295
0.0013585257023610838
0.0013507413322107638
0.001342826576808906
0.001334783765092439
0.0013266213090830053
0.0013183177788662897
0.0013098767436757809
0.001301303682898263
0.0012925846280627577
0.0012837106939391672
0.001274684672783611
0.001265509348861357
0.00125616449186231
0.0012466520711574584
0.0012369768179344824
0.0012271167224544599
0.0012170680513725455
0.0012068368840126224
0.0011964100313923752
0.0011857739336435134
0.0011749278612843033
0.0011638737227176465
0.0011525900184976557
0.0011410662024182781
0.0011293123588046962
0.0011172986062237312
0.0011050148921251573
0.0010924627884702843
0.0010796322324646884
0.0010665022856258205
0.0010530530088131713
0.0010392904911658651
0.0010251861187759472
0.0010107177975198997
0.0009958871481402804
0.0009806469642391286
0.0009649974258849908
0.0009489003712598086
0.0009323489395028482
0.0009153074325681062
0.0008977308202490291
0.0008796044204452059
0.0008608731340997096
0.0008415109731881695
0.000821448785408732
0.000800641864839035
0.000779037166027466
0.0007565330285522409
0.0007330627599985097
0.0007085246055062176
0.0006828060610480289
0.0006557365838507631
0.0006271335375429087
0.0005968192724425836
0.000564454101451419
0.0005296719655759599
0.0004919833714860585
0.00045062506760821776
0.0004044164707702913
0.0003514607228889767
0.000288158689238961
0.00020492027040257802
1.901487333155707e-5
0.0
0.0
0.0
0.0
0.0
0.0
0.0
0.0
0.0
0.0
0.0
0.0
0.0
0.0
0.0
0.0
0.0
0.0
0.0
0.0
0.0
0.0
0.0
0.0
0.0
0.0
0.0
0.0
0.0
0.0
0.0
0.0
0.0
0.0
0.0
0.0
0.0
0.0
0.0
0.0
0.0
0.0
0.0
0.0
0.0
0.0
0.0
0.0
0.0
0.0
0.0
0.0
0.0
0.0
0.0
0.0
0.0
0.0
0.0
0.0
0.0
0.0
0.0
0.0
0.0
0.0
0.0
0.0
0.0
0.0
0.0
0.0
0.0
0.0
0.0
0.0
0.0
0.0
0.0
0.0
0.0
0.0
0.0
0.0
0.0
0.0
0.0
0.0
0.0
0.0
0.0
0.0
0.0
0.0
0.0
0.0
0.0
0.0
0.0
0.0
0.0
0.0
0.0
0.0
0.0
0.0
0.0
0.0
0.0
0.0
0.0
0.0
0.0
0.0
0.0
0.0
0.0
0.0
0.0
0.0
0.0
0.0
0.0
0.0
0.0
0.0
0.0
0.0
0.0
0.0
0.0
0.0
0.0
0.0
0.0
0.0
0.0
0.0
0.0
0.0
0.0
0.0
0.0
0.0
0.0
0.0
0.0
0.0
0.0
0.0
0.0
0.0
0.0
0.0
0.0
0.0
0.0
0.0
0.0
0.0
0.0
0.0
0.0
0.0
0.0
0.0
0.0
0.0
0.0
0.0
0.0
0.0
0.0
0.0
0.0
0.0
0.0
0.0
0.0
0.0
0.0
0.0
0.0
0.0
0.0
0.0
0.0
0.0
0.0
0.0
0.0
0.0
0.0
0.0
0.0
0.0
0.0
0.0
0.0
0.0
0.0
0.0
0.0
0.0
0.0
0.0
0.0
0.0
0.0
0.0
0.0
0.0
0.0
0.0
0.0
0.0
0.0
0.0
0.0
0.0
0.0
0.0
0.0
0.0
0.0
0.0
0.0
0.0
0.0
0.0
0.0
0.0
0.0
0.0
0.0
0.0
0.0
0.0
0.0
0.0
0.0
0.0
0.0
0.0
0.0
0.0
0.0
0.0
0.0
0.0
0.0
0.0
0.0
0.0
0.0
0.0
0.0
0.0
0.0
0.0
0.0
0.0
0.0
0.0
0.0
0.0
0.0
0.0
0.0
0.0
0.0
0.0
0.0
0.0
0.0
0.0
0.0
0.0
0.0
0.0
0.0
0.0
0.0
0.0
0.0
0.0
0.0
0.0
0.0
0.0
0.0
0.0
0.0
0.0
0.0
0.0
0.0
0.0
0.0
0.0
0.0
0.0
0.0
0.0
0.0
0.0
0.0
0.0
0.0
0.0
0.0
0.0
0.0
0.0
0.0
0.0
0.0
0.0
0.0
0.0
0.0
0.0
0.0
0.0
0.0
0.0
0.0
0.0
0.0
0.0
0.0
0.0
0.0
0.0
0.0
0.0
0.0
0.0
0.0
0.0
0.0
0.0
0.0
0.0
0.0
0.0
0.0
0.0
0.0
0.0
0.0
0.0
0.0
0.0
0.0
0.0
0.0
0.0
0.0
0.0
0.0
0.0
0.0
0.0
0.0
0.0
0.0
0.0
0.0
0.0
0.0
0.0
0.0
0.0
0.0
0.0
0.0
0.0
0.0
0.0
0.0
0.0
0.0
0.0
0.0
0.0
0.0
0.0
0.0
0.0
0.0
0.0
0.0
0.0
0.0
0.0
0.0
0.0
0.0
0.0
0.0
0.0
0.0
0.0
0.0
0.0
0.0
0.0
0.0
0.0
0.0
0.0
0.0
0.0
0.0
0.0
0.0
0.0
0.0
0.0
0.0
0.0
0.0
0.0
0.0
0.0
0.0
0.0
0.0
0.0
0.0
0.0
0.0
0.0
0.0
0.0
0.0
0.0
0.0
0.0
0.0
0.0
0.0
0.0
0.0
0.0
0.0
0.0
0.0
0.0
0.0
0.0
0.0
0.0
0.0
0.0
0.0
0.0
0.0
0.0
0.0
0.0
0.0
0.0
0.0
0.0
0.0
0.0
0.0
0.0
0.0
0.0
0.0
0.0
0.0
0.0
0.0
0.0
0.0
0.0
0.0
0.0
0.0
0.0
0.0
0.0
0.0
0.0
0.0
0.0
0.0
0.0
0.0
0.0
0.0
0.0
0.0
0.0
0.0
0.0
0.0
0.0
0.0
0.0
0.0
0.0
0.0
0.0
0.0
0.0
0.0
0.0
0.0
0.0
0.0
0.0
0.0
0.0
0.0
0.0
0.0
0.0
0.0
0.0
0.0
0.0
0.0
0.0
0.0
0.0
0.0
0.0
0.0
0.0
0.0
0.0
0.0
0.0
0.0
0.0
0.0
0.0
0.0
0.0
0.0
0.0
0.0
0.0
0.0
0.0
0.0
0.0
0.0
0.0
0.0
0.0
0.0
0.0
0.0
0.0
0.0
0.0
0.0
0.0
0.0
0.0
0.0
0.0
0.0
0.0
0.0
0.0
0.0
0.0
0.0
0.0
0.0
0.0
0.0
0.0
0.0
0.0
0.0
0.0
0.0
0.0
0.0
0.0
0.0
0.0
0.0
0.0
0.0
0.0
0.0
0.0
0.0
0.0
0.0
0.0
0.0
0.0
0.0
0.0
0.0
0.0
0.0
0.0
0.0
0.0
0.0
0.0
0.0
0.0
0.0
0.0
0.0
0.0
0.0
0.0
0.0
0.0
0.0
0.0
0.0
0.0
0.0
0.0
0.0
0.0
0.0
0.0
0.0
0.0
0.0
0.0
0.0
0.0
0.0
0.0
0.0
0.0
0.0
0.0
0.0
0.0
0.0
0.0
0.0
0.0
0.0
0.0
0.0
0.0
0.0
0.0
0.0
0.0
0.0
0.0
0.0
0.0
0.0
0.0
0.0
0.0
0.0
0.0
0.0
0.0
0.0
0.0
0.0
0.0
0.0
0.0
0.0
0.0
0.0
0.0
0.0
0.0
0.0
0.0
0.0
0.0
0.0
0.0
0.0
0.0
0.0
0.0
0.0
0.0
0.0
0.0
0.0
0.0
0.0
0.0
0.0
0.0
0.0
0.0
0.0
0.0
0.0
0.0
0.0
0.0
0.0
0.0
0.0
0.0
0.0
0.0
0.0
0.0
0.0
0.0
0.0
0.0
0.0
0.0
0.0
0.0
0.0
0.0
0.0
0.0
0.0
0.0
0.0
0.0
0.0
0.0
0.0
0.0
0.0
0.0
0.0
0.0
0.0
0.0
0.0
0.0
0.0
0.0
0.0
0.0
0.0
0.0
0.0
0.0
0.0
0.0
0.0
0.0
0.0
0.0
0.0
0.0
0.0
0.0
0.0
0.0
0.0
0.0
0.0
0.0
0.0
0.0
0.0
0.0
0.0
0.0
0.0
0.0
0.0
0.0
0.0
0.0
0.0
0.0
0.0
0.0
0.0
0.0
0.0
0.0
0.0
0.0
0.0
0.0
0.0
0.0
0.0
0.0
0.0
0.0
0.0
0.0
0.0
0.0
0.0
0.0
0.0
0.0
0.0
0.0
0.0
0.0
0.0
0.0
0.0
0.0
0.0
0.0
0.0
0.0
0.0
0.0
0.0
0.0
0.0
0.0
0.0
0.0
0.0
0.0
0.0
0.0
0.0
0.0
0.0
0.0
0.0
0.0
0.0
0.0
0.0
0.0
0.0
0.0
0.0
0.0
0.0
0.0
0.0
0.0
0.0
0.0
0.0
0.0
0.0
0.0
0.0
0.0
0.0
0.0
0.0
0.0
0.0
0.0
0.0
0.0
0.0
0.0
0.0
0.0
0.0
0.0
0.0
0.0
0.0
0.0
0.0
0.0
0.0
0.0
0.0
0.0
0.0
0.0
0.0
0.0
0.0
0.0
0.0
0.0
0.0
0.0
0.0
0.0
0.0
0.0
0.0
0.0
0.0
0.0
0.0
0.0
0.0
0.0
0.0
0.0
0.0
0.0
0.0
0.0
0.0
0.0
0.0
0.0
0.0
0.0
0.0
0.0
0.0
0.0
0.0
0.0
0.0
0.0
0.0
0.0
0.0
0.0
0.0
0.0
0.0
0.0
0.0
0.0
0.0
0.0
0.0
0.0
0.0
0.0
0.0
0.0
0.0
0.0
0.0
0.0
0.0
0.0
0.0
0.0
0.0
0.0
0.0
0.0
0.0
0.0
0.0
0.0
0.0
0.0
0.0
0.0
0.0
0.0
0.0
0.0
0.0
0.0
0.0
0.0
0.0
0.0
0.0
0.0
0.0
0.0
0.0
0.0
0.0
0.0
0.0
0.0
0.0
0.0
0.0
0.0
0.0
0.0
0.0
0.0
0.0
0.0
0.0
0.0
0.0
0.0
0.0
0.0
0.0
0.0
0.0
0.0
0.0
0.0
0.0
0.0
0.0
0.0
0.0
0.0
0.0
0.0
0.0
0.0
0.0
0.0
0.0
0.0
0.0
0.0
0.0
0.0
0.0
0.0
0.0
0.0
0.0
0.0
0.0
0.0
0.0
0.0
0.0
0.0
0.0
0.0
0.0
0.0
0.0
0.0
0.0
0.0
0.0
0.0
0.0
0.0
0.0
0.0
0.0
0.0
0.0
0.0
0.0
0.0
0.0
0.0
0.0
0.0
0.0
0.0
0.0
0.0
0.0
0.0
0.0
0.0
0.0
0.0
0.0
0.0
0.0
0.0
0.0
0.0
0.0
0.0
0.0
0.0
0.0
0.0
0.0
0.0
0.0
0.0
0.0
0.0
0.0
0.0
0.0
0.0
0.0
0.0
0.0
0.0
0.0
0.0
0.0
0.0
0.0
0.0
0.0
0.0
0.0
0.0
0.0
0.0
0.0
0.0
0.0
0.0
0.0
0.0
0.0
0.0
0.0
0.0
0.0
0.0
0.0
0.0
0.0
0.0
0.0
0.0
0.0
0.0
0.0
0.0
0.0
0.0
0.0
0.0
0.0
0.0
0.0
0.0
0.0
0.0
0.0
0.0
0.0
0.0
0.0
0.0
0.0
0.0
0.0
0.0
0.0
0.0
0.0
0.0
0.0
0.0
0.0
0.0
0.0
0.0
0.0
0.0
0.0
0.0
0.0
0.0
0.0
0.0
0.0
0.0
0.0
0.0
0.0
0.0
0.0
0.0
0.0
0.0
0.0
0.0
0.0
0.0
0.0
0.0
0.0
0.0
0.0
0.0
0.0
0.0
0.0
0.0
0.0
0.0
0.0
0.0
0.0
0.0
0.0
0.0
0.0
0.0
0.0
0.0
0.0
0.0
0.0
0.0
0.0
0.0
0.0
0.0
0.0
0.0
0.0
0.0
0.0
0.0
0.0
0.0
0.0
0.0
0.0
0.0
0.0
0.0
0.0
0.0
0.0
0.0
0.0
0.0
0.0
0.0
0.0
0.0
0.0
0.0
0.0
0.0
0.0
0.0
0.0
0.0
0.0
0.0
0.0
0.0
0.0
0.0
0.0
0.0
0.0
0.0
0.0
0.0
0.0
0.0
0.0
0.0
0.0
0.0
0.0
0.0
0.0
0.0
0.0
0.0
0.0
0.0
0.0
0.0
0.0
0.0
0.0
0.0
0.0
0.0
0.0
0.0
0.0
0.0
0.0
0.0
0.0
0.0
0.0
0.0
0.0
0.0
0.0
0.0
0.0
0.0
0.0
0.0
0.0
0.0
0.0
0.0
0.0
0.0
0.0
0.0
0.0
0.0
0.0
0.0
0.0
0.0
0.0
0.0
0.0
0.0
0.0
0.0
0.0
0.0
0.0
0.0
0.0
0.0
0.0
0.0
0.0
0.0
0.0
0.0
0.0
0.0
0.0
0.0
0.0
0.0
0.0
0.0
0.0
0.0
0.0
0.0
0.0
0.0
0.0
0.0
0.0
0.0
0.0
0.0
0.0
0.0
0.0
0.0
0.0
0.0
0.0
0.0
0.0
0.0
0.0
0.0
0.0
0.0
0.0
0.0
0.0
0.0
0.0
0.0
0.0
0.0
0.0
0.0
0.0
0.0
0.0
0.0
0.0
0.0
0.0
0.0
0.0
0.0
0.0
0.0
0.0
0.0
0.0
0.0
0.0
0.0
0.0
0.0
0.0
0.0
0.0
0.0
0.0
0.0
0.0
0.0
0.0
0.0
0.0
0.0
0.0
0.0
0.0
0.0
0.0
0.0
0.0
0.0
0.0
0.0
0.0
0.0
0.0
0.0
0.0
0.0
0.0
0.0
0.0
0.0
0.0
0.0
0.0
0.0
0.0
0.0
0.0
0.0
0.0
0.0
0.0
0.0
0.0
0.0
0.0
0.0
0.0
0.0
0.0
0.0
0.0
0.0
0.0
0.0
0.0
0.0
0.0
0.0
0.0
0.0
0.0
0.0
0.0
0.0
0.0
0.0
0.0
0.0
0.0
0.0
0.0
0.0
0.0
0.0
0.0
0.0
0.0
0.0
0.0
0.0
0.0
0.0
0.0
0.0
0.0
0.0
0.0
0.0
0.0
0.0
0.0
0.0
0.0
0.0
0.0
0.0
0.0
0.0
0.0
0.0
0.0
0.0
0.0
0.0
0.0
0.0
0.0
0.0
0.0
0.0
0.0
0.0
0.0
0.0
0.0
0.0
0.0
0.0
0.0
0.0
0.0
0.0
0.0
0.0
0.0
0.0
0.0
0.0
0.0
0.0
0.0
0.0
0.0
0.0
0.0
0.0
0.0
0.0
0.0
0.0
0.0
0.0
0.0
0.0
0.0
0.0
0.0
0.0
0.0
0.0
0.0
0.0
0.0
0.0
0.0
0.0
0.0
0.0
0.0
0.0
0.0
0.0
0.0
0.0
0.0
0.0
0.0
0.0
0.0
0.0
0.0
0.0
0.0
0.0
0.0
0.0
0.0
0.0
0.0
0.0
0.0
0.0
0.0
0.0
0.0
0.0
0.0
0.0
0.0
0.0
0.0
0.0
0.0
0.0
0.0
0.0
0.0
0.0
0.0
0.0
0.0
0.0
0.0
0.0
0.0
0.0
0.0
0.0
0.0
0.0
0.0
0.0
0.0
0.0
0.0
0.0
0.0
0.0
0.0
0.0
0.0
0.0
0.0
0.0
0.0
0.0
0.0
0.0
0.0
0.0
0.0
0.0
0.0
0.0
0.0
0.0
0.0
0.0
0.0
0.0
0.0
0.0
0.0
0.0
0.0
0.0
0.0
0.0
0.0
0.0
0.0
0.0
0.0
0.0
0.0
0.0
0.0
0.0
0.0
0.0
0.0
0.0
0.0
0.0
0.0
0.0
0.0
0.0
0.0
0.0
0.0
0.0
0.0
0.0
0.0
0.0
0.0
0.0
0.0
0.0
0.0
0.0
0.0
0.0
0.0
0.0
0.0
0.0
0.0
0.0
0.0
0.0
0.0
0.0
0.0
0.0
0.0
0.0
0.0
0.0
0.0
0.0
0.0
0.0
0.0
0.0
0.0
0.0
0.0
0.0
0.0
0.0
0.0
0.0
0.0
0.0
0.0
0.0
0.0
0.0
0.0
0.0
0.0
0.0
0.0
0.0
0.0
0.0
0.0
0.0
0.0
0.0
0.0
0.0
0.0
0.0
0.0
0.0
0.0
0.0
0.0
0.0
0.0
0.0
0.0
0.0
0.0
0.0
0.0
0.0
0.0
0.0
0.0
0.0
0.0
0.0
0.0
0.0
0.0
0.0
0.0
0.0
0.0
0.0
0.0
0.0
0.0
0.0
0.0
0.0
0.0
0.0
0.0
0.0
0.0
0.0
0.0
0.0
0.0
0.0
0.0
0.0
0.0
0.0
0.0
0.0
0.0
0.0
0.0
0.0
0.0
0.0
0.0
0.0
0.0
0.0
0.0
0.0
0.0
0.0
0.0
0.0
0.0
0.0
0.0
0.0
0.0
0.0
0.0
0.0
0.0
0.0
0.0
0.0
0.0
0.0
0.0
0.0
0.0
0.0
0.0
0.0
0.0
0.0
0.0
0.0
0.0
0.0
0.0
0.0
0.0
0.0
0.0
0.0
0.0
0.0
0.0
0.0
0.0
0.0
0.0
0.0
0.0
0.0
0.0
0.0
0.0
0.0
0.0
0.0
0.0
0.0
0.0
0.0
0.0
0.0
0.0
0.0
0.0
0.0
0.0
0.0
0.0
0.0
0.0
0.0
0.0
0.0
0.0
0.0
0.0
0.0
0.0
0.0
0.0
0.0
0.0
0.0
0.0
0.0
0.0
0.0
0.0
0.0
0.0
0.0
0.0
0.0
0.0
0.0
0.0
0.0
0.0
0.0
0.0
0.0
0.0
0.0
0.0
0.0
0.0
0.0
0.0
0.0
0.0
0.0
0.0
0.0
0.0
0.0
0.0
0.0
0.0
0.0
0.0
0.0
0.0
0.0
0.0
0.0
0.0
0.0
0.0
0.0
0.0
0.0
0.0
0.0
0.0
0.0
0.0
0.0
0.0
0.0
0.0
0.0
0.0
0.0
0.0
0.0
0.0
0.0
0.0
0.0
0.0
0.0
0.0
0.0
0.0
0.0
0.0
0.0
0.0
0.0
0.0
0.0
0.0
0.0
0.0
0.0
0.0
0.0
0.0
0.0
0.0
0.0
0.0
0.0
0.0
0.0
0.0
0.0
0.0
0.0
0.0
0.0
0.0
0.0
0.0
0.0
0.0
0.0
0.0
0.0
0.0
0.0
0.0
0.0
0.0
0.0
0.0
0.0
0.0
0.0
0.0
0.0
0.0
0.0
0.0
0.0
0.0
0.0
0.0
0.0
0.0
0.0
0.0
0.0
0.0
0.0
0.0
0.0
0.0
0.0
0.0
0.0
0.0
0.0
0.0
0.0
0.0
0.0
0.0
0.0
0.0
0.0
0.0
0.0
0.0
0.0
0.0
0.0
0.0
0.0
0.0
0.0
0.0
0.0
0.0
0.0
0.0
0.0
0.0
0.0
0.0
0.0
0.0
0.0
0.0
0.0
0.0
0.0
0.0
0.0
0.0
0.0
0.0
0.0
0.0
0.0
0.0
0.0
0.0
0.0
0.0
0.0
0.0
0.0
0.0
0.0
0.0
0.0
0.0
0.0
0.0
0.0
0.0
0.0
0.0
0.0
0.0
0.0
0.0
0.0
0.0
0.0
0.0
0.0
0.0
0.0
0.0
0.0
0.0
0.0
0.0
0.0
0.0
0.0
0.0
0.0
0.0
0.0
0.0
0.0
0.0
0.0
0.0
0.0
0.0
0.0
0.0
0.0
0.0
0.0
0.0
0.0
0.0
0.0
0.0
0.0
0.0
0.0
0.0
0.0
0.0
0.0
0.0
0.0
0.0
0.0
0.0
0.0
0.0
0.0
0.0
0.0
0.0
0.0
0.0
0.0
0.0
0.0
0.0
0.0
0.0
0.0
0.0
0.0
0.0
0.0
0.0
0.0
0.0
0.0
0.0
0.0
0.0
0.0
0.0
0.0
0.0
0.0
0.0
0.0
0.0
0.0
0.0
0.0
0.0
0.0
0.0
0.0
0.0
0.0
0.0
0.0
0.0
0.0
0.0
0.0
0.0
0.0
0.0
0.0
0.0
0.0
0.0
0.0
0.0
0.0
0.0
0.0
0.0
0.0
0.0
0.0
0.0
0.0
0.0
0.0
0.0
0.0
0.0
0.0
0.0
0.0
0.0
0.0
0.0
0.0
0.0
0.0
0.0
0.0
0.0
0.0
0.0
0.0
0.0
0.0
0.0
0.0
0.0
0.0
0.0
0.0
0.0
0.0
0.0
0.0
0.0
0.0
0.0
0.0
0.0
0.0
0.0
0.0
0.0
0.0
0.0
0.0
0.0
0.0
0.0
0.0
0.0
0.0
0.0
0.0
0.0
0.0
0.0
0.0
0.0
0.0
0.0
0.0
0.0
0.0
0.0
0.0
0.0
0.0
0.0
0.0
0.0
0.0
0.0
0.0
0.0
0.0
0.0
0.0
0.0
0.0
0.0
0.0
0.0
0.0
0.0
0.0
0.0
0.0
0.0
0.0
0.0
0.0
0.0
0.0
0.0
0.0
0.0
0.0
0.0
0.0
0.0
0.0
0.0
0.0
0.0
0.0
0.0
0.0
0.0
0.0
0.0
0.0
0.0
0.0
0.0
0.0
0.0
0.0
0.0
0.0
0.0
0.0
0.0
0.0
0.0
0.0
0.0
0.0
0.0
0.0
0.0
0.0
0.0
0.0
0.0
0.0
0.0
0.0
0.0
0.0
0.0
0.0
0.0
0.0
0.0
0.0
0.0
0.0
0.0
0.0
0.0
0.0
0.0
0.0
0.0
0.0
0.0
0.0
0.0
0.0
0.0
0.0
0.0
0.0
0.0
0.0
0.0
0.0
0.0
0.0
0.0
0.0
0.0
0.0
0.0
0.0
0.0
0.0
0.0
0.0
0.0
0.0
0.0
0.0
0.0
0.0
0.0
0.0
0.0
0.0
0.0
0.0
0.0
0.0
0.0
0.0
0.0
0.0
0.0
0.0
0.0
0.0
0.0
0.0
0.0
0.0
0.0
0.0
0.0
0.0
0.0
0.0
0.0
0.0
0.0
0.0
0.0
0.0
0.0
0.0
0.0
0.0
0.0
0.0
0.0
0.0
0.0
0.0
0.0
0.0
0.0
0.0
0.0
0.0
0.0
0.0
0.0
0.0
0.0
0.0
0.0
0.0
0.0
0.0
0.0
0.0
0.0
0.0
0.0
0.0
0.0
0.0
0.0
0.0
0.0
0.0
0.0
0.0
0.0
0.0
0.0
0.0
0.0
0.0
0.0
0.0
0.0
0.0
0.0
0.0
0.0
0.0
0.0
0.0
0.0
0.0
0.0
0.0
0.0
0.0
0.0
0.0
0.0
0.0
0.0
0.0
0.0
0.0
0.0
0.0
0.0
0.0
0.0
0.0
0.0
0.0
0.0
0.0
0.0
0.0
0.0
0.0
0.0
0.0
0.0
0.0
0.0
0.0
0.0
0.0
0.0
0.0
0.0
0.0
0.0
0.0
0.0
0.0
0.0
0.0
0.0
0.0
0.0
0.0
0.0
0.0
0.0
0.0
0.0
0.0
0.0
0.0
0.0
0.0
0.0
0.0
0.0
0.0
0.0
0.0
0.0
0.0
0.0
0.0
0.0
0.0
0.0
0.0
0.0
0.0
0.0
0.0
0.0
0.0
0.0
0.0
0.0
0.0
0.0
0.0
0.0
0.0
0.0
0.0
0.0
0.0
0.0
0.0
0.0
0.0
0.0
0.0
0.0
0.0
0.0
0.0
0.0
0.0
0.0
0.0
0.0
0.0
0.0
0.0
0.0
0.0
0.0
0.0
0.0
0.0
0.0
0.0
0.0
0.0
0.0
0.0
0.0
0.0
0.0
0.0
0.0
0.0
0.0
0.0
0.0
0.0
