0.00019945507364106535
0.00019989787759849267
0.00020028652850551847
0.00020064349561998214
0.0002009780507737829
0.00020129575211755039
0.00020160026208357253
0.00020189411080919495
0.0002021791114979216
0.00020245661038320576
0.00020272760821805352
0.0002029914563063456
0.00020325059764153417
0.00020350452785742893
0.00020375451391343392
0.00020400068111753206
0.00020424342703377854
0.0002044831580517136
0.00020472002851265126
0.00020495431890765864
0.00020518624747032347
0.00020541593453218945
0.00020564318470320876
0.00020586828681900626
0.00020609165295016663
0.0002063134398319282
0.00020653365097088522
0.00020675230840226752
0.00020696962652845137
0.0002071857988173657
0.00020740085379185983
0.00020761476457587975
0.0002078274774916075
0.00020803913974561867
0.00020824966492168914
0.0002084592031606974
0.00020866788166972158
0.00020887564615294392
0.0002090825826324587
0.000209288799543493
0.0002094943140549025
0.0002096990324474852
0.0002099029377977704
0.00021010617566043327
0.00021030880609109262
0.00021051089971026009
0.00021071242338325765
0.00021091323847253303
0.0002111134547739686
0.00021131306305741904
0.0002115121793911581
0.00021171088178548623
0.00021190921150164194
0.0002121071882815907
0.00021230482662526947
0.00021250209134199285
0.00021269888982502656
0.0002128952407172932
0.00021309125522978178
0.00021328694520467343
0.00021348223596967712
0.00021367730081271597
0.00021387212887975622
0.0002140667388273089
0.00021426111779937202
0.00021445521478107412
0.0002146490006326526
0.0002148425231712552
0.00021503585558582813
0.00021522902733921728
0.00021542205930316231
0.00021561493037137606
0.00021580751547031684
0.0002159998562557268
0.00021619200987204646
0.0002163840149449744
0.00021657586626936876
0.00021676756601107764
0.0002169591425250354
0.00021715062488405915
0.00021734204085776819
0.00021753340165258495
0.00021772470007040695
0.00021791593998671493
0.00021810712215555945
0.00021829818132324284
0.0002184891762557308
0.0002186800794071404
0.0002188707491994177
0.000219061366309702
0.00021925193314003356
0.0002194425123800171
0.0002196330774979261
0.00021982365159440003
0.00022001424618301862
0.00022020485177008553
0.00022039547738976026
0.0002205861191861802
0.00022077674181601094
0.000220967354651479
0.00022115797277709194
0.0002213485975839302
0.00022153912980015598
0.00022172970142419996
0.00022192021712682248
0.00022211070886864778
0.00022230123829854916
0.00022249183956583738
0.00022268251432940847
0.00022287326230956535
0.00022306408858131986
0.0002232549947210499
0.0002234459704649891
0.00022363700003612825
0.00022382808759402657
0.00022401925142909643
0.00022421050552877867
0.00022440184991610467
0.0002245932258725041
0.0002247846919172925
0.00022497626338102822
0.00022516790458361667
0.00022535960411309043
0.00022555135268617624
0.0002257431630580173
0.00022593507513413464
0.00022612711199546367
0.0002263192698294854
0.00022651154062701883
0.0002267039164379363
0.0002268964021620208
0.00022708903093219797
0.0002272817973799473
0.00022747470685097608
0.00022766771403967597
0.00022786084267524033
0.00022805410740520747
0.00022824752131174968
0.00022844107588476122
0.00022863476693783902
0.00022882858813132265
0.00022902252451960828
0.00022921660077025917
0.00022941084189253224
0.00022960520642222336
0.00022979966496413412
0.00022999427855453772
0.00023018908029711838
0.00023038404429640756
0.0002305791586666129
0.00023077447187436393
0.0002309699404232536
0.00023116552204801213
0.0002313613367839042
0.0002315573327627658
0.00023175349063502424
0.00023194987083159535
0.0002321464226691676
0.0002323431182630556
0.00023254002468327644
0.0002327371261208326
0.0002329343809697155
0.00023313181058300312
0.00023332944156857435
0.00023352727826578466
0.0002337252944176245
0.00023392347678901984
0.00023412186844699908
0.0002343204158378626
0.00023451917791438842
0.00023471805722250413
0.00023491711621005714
0.0002351164135024798
0.00023531592698596525
0.00023551567709159647
0.0002357156544139094
0.00023591584879766446
0.00023611625951383758
0.0002363169018638867
0.00023651776386692297
0.00023671885726321868
0.00023692019822463655
0.00023712175988739156
0.00023732352179257234
0.00023752548904252022
0.00023772770109960838
0.0002379301641031713
0.00023813285998531045
0.00023833578447234022
0.00023853893917972162
0.0002387422506900389
0.00023894580711842514
0.0002391495782731196
0.00023935361594951016
0.00023955784846513587
0.00023976230760229625
0.00023996699830834198
0.00024017190728793853
0.00024037708648726058
0.00024058254442883059
0.00024078823027457848
0.00024099418705504478
0.00024120042775792382
0.00024140689388916568
0.0002416136504757754
0.00024182064657583352
0.00024202784824757962
0.00024223537692916278
0.00024244312898210964
0.00024265113892033021
0.00024285946270046662
0.00024306797367833202
0.00024327677112262596
0.00024348583978695546
0.00024369517633828665
0.00024390479076178174
0.00024411466445322386
0.0002443248324519662
0.00024453526568728114
0.00024474595220174284
0.0002449569199611728
0.00024516817493830563
0.0002453796804294275
0.0002455914281021406
0.00024580346071728746
0.0002460157733543145
0.0002462283299326952
0.0002464411700514818
0.00024665430462917894
0.0002468678045160973
0.00024708150356010135
0.0002472954453330844
0.0002475097192220781
0.00024772435057738033
0.0002479391800629904
0.0002481542886660395
0.0002483697251863097
0.0002485854923857541
0.00024880151572911197
0.00024901783188597447
0.0002492344729622663
0.0002494514111939733
0.00024966867389088297
0.00024988624758038214
0.00025010411423902104
0.0002503222533038074
0.0002505406721555211
0.0002507594288214898
0.00025097852282503
0.0002511979091024201
0.0002514176023606505
0.0002516375906356268
0.0002518578905478828
0.0002520785570959971
0.00025229953919998684
0.00025252073520757375
0.00025274225642629223
0.0002529640723809343
0.0002531861354221988
0.00025340852935084397
0.0002536312709882758
0.0002538543378112941
0.0002540776829579227
0.00025430131656201875
0.0002545253181499668
0.0002547496798920754
0.0002549743917437454
0.000255199409086629
0.0002554247186094357
0.0002556503563563302
0.0002558763624145103
0.0002561027209704958
0.00025632938360579347
0.0002565563425135354
0.0002567836397317819
0.00025701129643342996
0.00025723929508310176
0.0002574676441723661
0.00025769632787696166
0.0002579253162941879
0.00025815463908239017
0.0002583842909367864
0.0002586142995887989
0.00025884465364399656
0.0002590753273584568
0.0002593064434694241
0.00025953781102910765
0.0002597694932744052
0.00026000149739096006
0.0002602338315656805
0.00026046651181986546
0.0002606995700026144
0.00026093299511895893
0.0002611667555195614
0.00026140081861748365
0.00026163520086481553
0.0002618699597228955
0.0002621051148382219
0.0002623406514910952
0.00026257652214241404
0.0002628127062875275
0.0002630492310540108
0.0002632861197172397
0.000263523383129778
0.0002637610352803771
0.00026399908414724777
0.00026423749154561135
0.0002644762120792642
0.0002647152745811836
0.00026495470205370177
0.0002651944916830109
0.00026543463500131736
0.00026567514766144405
0.00026591605251789964
0.00026615731410611714
0.0002663989251946984
0.0002666409324786697
0.00026688329019596967
0.00026712598390760703
0.00026736903743101976
0.0002676124868824732
0.0002678563472308189
0.00026810057197574786
0.00026834513607660053
0.0002685900636300038
0.00026883537103288577
0.0002690810553137956
0.0002693271177488131
0.0002695735638875267
0.00026982039533168773
0.00027006760255056167
0.0002703151790479321
0.00027056313579158645
0.00027081148796538113
0.00027106023767141596
0.0002713093730770744
0.0002715588773790425
0.00027180874316264444
0.0002720589767094563
0.0002723095862510692
0.00027256057642479763
0.00027281194988630847
0.0002730637088390831
0.0002733158590926107
0.0002735684145413691
0.00027382138638583895
0.0002740747549021145
0.00027432851591610623
0.0002745826724105999
0.0002748371894524485
0.00027509208116011644
0.0002753473617311562
0.0002756030332481541
0.000275859083094981
0.00027611553597717595
0.00027637241993200024
0.0002766297092299527
0.0002768873854733445
0.00027714545685226567
0.0002774039356193289
0.00027766281849556817
0.0002779220963972723
0.0002781817653702943
0.00027844182289883657
0.00027870226799594627
0.00027896310123204734
0.00027922432800109765
0.0002794859845509781
0.00027974808007610023
0.0002800105922815948
0.00028027351338024727
0.0002805368358882814
0.000280800559705822
0.00028106468798198874
0.00028132922221951517
0.0002815941615425726
0.0002818595026581062
0.0002821252429502052
0.0002823913826863187
0.00028265792150971686
0.00028292485675156665
0.00028319219817378737
0.00028345996391147414
0.0002837281636523103
0.0002839968158372589
0.00028426587636555273
0.000284535357839596
0.00028480526424093383
0.0002850755655673332
0.0002853462910328375
0.00028561744537888747
0.0002858890141855923
0.0002861609910092722
0.00028643337557317835
0.0002867061471576172
0.0002869792994835708
0.0002872529313878824
0.0002875269959433364
0.0002878014719599899
0.0002880763433918478
0.0002883516694569735
0.0002886274400964703
0.00028890363359111276
0.00028918024508445744
0.00028945727120727963
0.000289734700475892
0.0002900125392357864
0.0002902908263104452
0.000290569559787856
0.0002908487273591559
0.0002911283268615672
0.0002914083413263512
0.0002916887552148124
0.00029196958763100977
0.0002922508796729821
0.0002925325994998938
0.0002928147514844538
0.00029309740491909394
0.0002933804834508684
0.0002936639854788491
0.00029394790800893965
0.0002942322453671826
0.00029451698886212503
0.0002948021255238206
0.00029508764349915704
0.00029537361790818727
0.00029566021907114035
0.00029594724420005755
0.00029623469104639864
0.000296522562001489
0.000296810856879309
0.00029709957033417956
0.00029738868854134654
0.0002976781521849793
0.0002979681291220749
0.00029825850143194493
0.0002985493698461629
0.00029884063457121744
0.00029913232847620166
0.00029942446302404577
0.0002997170016960723
0.00030000996366985746
0.0003003034489371971
0.000300597396563719
0.0003008917513204467
0.0003011866082218055
0.00030148191435026134
0.00030177762666388656
0.00030207368708500454
0.0003023702742551607
0.00030266736498493497
0.0003029648860425438
0.00030326279141720824
0.00030356111522403153
0.00030385990419307693
0.0003041591235128226
0.0003044588397621964
0.00030475903163490394
0.00030505962312173655
0.0003053606330943314
0.0003056620677420497
0.00030596395097083455
0.0003062663024161175
0.0003065691427691908
0.0003068724706012635
0.0003071762117344628
0.0003074803784958744
0.0003077849700874108
0.00030808994091191717
0.00030839536295205447
0.00030870140370229727
0.00030900790024573465
0.00030931480283034977
0.00030962211498977775
0.0003099298350435634
0.00031023792995349045
0.0003105464433382287
0.000310855515805675
0.0003111651340664696
0.00031147520482900746
0.00031178569609315656
0.00031209659135844896
0.00031240788496922773
0.0003127196612869843
0.0003130318327269147
0.00031334447741049684
0.0003136576487244771
0.0003139712770787864
0.00031428532596888646
0.0003145998703553764
0.0003149147480396657
0.00031523014925701896
0.0003155458961447291
0.00031586200716094163
0.00031617864004091336
0.00031649581580851723
0.00031681347557062763
0.00031713156288978763
0.00031745013970920524
0.0003177690212285717
0.00031808842610216625
0.0003184083132894276
0.00031872856360371074
0.00031904912925677365
0.00031937022242363585
0.0003196918162186386
0.0003200139590695851
0.00032033654631577973
0.00032065956179034194
0.0003209829379591134
0.00032130669371987456
0.0003216310168613068
0.00032195582146574516
0.0003222809797553229
0.00032260655188433963
0.000322932566274977
0.00032325909866989545
0.0003235861820866707
0.00032391370670651026
0.00032424161098114444
0.0003245698735360646
0.0003248984857867146
0.000325227642001441
0.0003255573795755909
0.000325887548079232
0.00032621809649194624
0.00032654895007518884
0.00032688027300842846
0.00032721223443288186
0.00032754466130216806
0.00032787746260472023
0.0003282105663348257
0.00032854402276038624
0.00032887802568084873
0.00032921259513269313
0.00032954768685617363
0.000329883106423071
0.00033021883239614844
0.00033055504107234876
0.00033089169706100325
0.0003312288476609903
0.00033156642143503194
0.0003319044179263211
0.00033224295643386755
0.00033258182644034273
0.0003329210705917876
0.00033326074308885097
0.0003336008754224054
0.00033394162839323906
0.00033428270297071184
0.00033462415050360296
0.0003349659961333033
0.0003353081797717353
0.00033565103454069465
0.00033599432474623944
0.00033633798036125743
0.00033668204419477386
0.0003370264097188843
0.0003373712840336979
0.000337716569226958
0.00033806231198843214
0.00033840857966164735
0.0003387552481502779
0.00033910226786452085
0.00033944969315716987
0.00033979732884023713
0.00034014550988724243
0.0003404944047393333
0.0003408436229094082
0.0003411931511289579
0.00034154292258465013
0.00034189314326882
0.0003422439543356385
0.0003425952299119702
0.00034294683279420703
0.0003432986824626546
0.0003436511931721834
0.0003440040931369039
0.0003443573280823239
0.00034471081420774216
0.00034506471768364696
0.00034541938147291935
0.0003457743902950319
0.0003461296555712627
0.00034648504399607024
0.00034684094362878157
0.00034719756038516784
0.00034755459197733713
0.00034791186953672264
0.00034826930986176055
0.00034862731360007826
0.0003489858577297163
0.000349344796008444
0.0003497039342792779
0.000350063418651091
0.00035042349824278366
0.0003507840427872308
0.0003511448606639618
0.0003515059438885349
0.0003518673904089133
0.00035222938498837106
0.0003525918678303145
0.00035295457968615015
0.000353317619671739
0.0003536810007168139
0.00035404483167202793
0.00035440910192551564
0.0003547737931688807
0.0003551387782191077
0.00035550404277118517
0.00035586969403272623
0.00035623579226394373
0.0003566023599890873
0.0003569692470626961
0.00035733636446193376
0.00035770376955159065
0.0003580716914922436
0.00035844007954909926
0.0003588087327278846
0.0003591775981073153
0.0003595468527868315
0.0003599166371360691
0.00036028675589495527
0.00036065710777709634
0.0003610277669623399
0.00036139886341952026
0.0003617703253242288
0.00036214211171529584
0.00036251421312343365
0.00036288666227326404
0.00036325940715843457
0.00036363245491324126
0.00036400593149920246
0.0003643797836137617
0.0003647539251502054
0.00036512829478643343
0.0003655029684384648
0.0003658781134446123
0.00036625370037042835
0.0003666293859286365
0.0003670052367711319
0.00036738152567751455
0.00036775841759568577
0.0003681354912430381
0.00036851263822638465
0.0003688900707453462
0.0003692681161901167
0.0003696464612600569
0.00037002495660348576
0.00037040363960448504
0.0003707828158824951
0.00037116220550039553
0.0003715417991890891
0.0003719216751638667
0.0003723021358234749
0.0003726827592626024
0.00037306342993869053
0.0003734442861069638
0.00037382582770517555
0.00037420769409726235
0.00037458953358699126
0.0003749713960596918
0.000375353856432464
0.0003757368941107051
0.00037611994876554113
0.0003765028855164216
0.0003768862753733129
0.0003772701995090397
0.0003776543296366801
0.0003780384135921829
0.0003784228569770273
0.00037880757164125776
0.000379192631503734
0.000379577753430147
0.0003799631883216607
0.0003803488088289951
0.00038073477580147436
0.00038112075250213096
0.0003815070668678597
0.00038189355540093413
0.00038228052273834044
0.0003826674014779217
0.00038305457090186525
0.00038344186580046083
0.00038382951543119314
0.0003842172949949757
0.00038460526933621077
0.000384993279568277
0.00038538161372114326
0.0003857703348960147
0.0003861591450560042
0.00038654782061317425
0.00038693667125385393
0.00038732613619083537
0.00038771573282399274
0.0003881051659307676
0.00038849448191506647
0.0003888845846575968
0.0003892748605594199
0.0003896649758707555
0.0003900548984145314
0.00039044550844155823
0.0003908363211459316
0.00039122703939415614
0.00039161770721461887
0.0003920087362569196
0.00039239991101702645
0.00039279112461167046
0.0003931824287381882
0.00039357389906035387
0.00039396545634530445
0.0003943570163767812
0.0003947488068904553
0.0003951406417480176
0.0003955325142891875
0.0003959243289526395
0.0003963166360615748
0.00039670883868534633
0.00039710093520400083
0.0003974930959654552
0.000397885665747214
0.0003982781123879026
0.00039867037408774337
0.0003990628005603201
0.0003994555763597495
0.0003998481957658707
0.00040024046848903885
0.00040063312169967617
0.000401026038966597
0.00040141875692648727
0.0004018110285700211
0.00040220381880494546
0.00040259674569213024
0.0004029894551867968
0.00040338181228978873
0.00040377453364904723
0.0004041673544949137
0.00040455996909237
0.00040495236057907163
0.0004053449380227747
0.0004057375357756549
0.00040612984133651974
0.0004065222378168853
0.00040691466392925047
0.0004073069722286691
0.000407698985010269
0.0004080911975405919
0.0004084833742546993
0.0004088752791226602
0.00040926687211685853
0.0004096587671815578
0.0004100505892768215
0.0004104419275761383
0.00041083317821027167
0.0004112246390743463
0.0004116159421586462
0.00041200672877449027
0.0004123974636600733
0.00041278835306218976
0.0004131790421183398
0.0004135692565293219
0.000413959347680061
0.0004143495167239978
0.00041473934840036093
0.00041512889168852896
0.00041551830408330403
0.0004159076622564717
0.0004162967048496347
0.00041668541455015335
0.000417073964262842
0.00041746233031715775
0.00041785044281573183
0.00041823823147195757
0.0004186257820809605
0.0004190130029359224
0.0004194000570613286
0.00041978681244513516
0.00042017326588555823
0.00042055940921033953
0.00042094518399634896
0.000421330679019788
0.0004217158031007602
0.0004221007752574045
0.0004224852982080054
0.0004228693934528744
0.00042325319715899714
0.0004236367537088367
0.00042401977141742325
0.00042440225563899277
0.00042478460173534015
0.00042516658933751584
0.00042554797655591347
0.0004259288292708471
0.0004263095594345165
0.0004266898524328483
0.0004270694263759066
0.0004274485531616677
0.0004278274667593224
0.00042820586300990033
0.00042858345748262824
0.00042896071196865714
0.00042933761040125755
0.00042971389053353843
0.00043008952250333013
0.0004304647289312803
0.000430839451466714
0.00043121341360118277
0.0004315868685090254
0.00043195985872947304
0.00043233221807201027
0.00043270388771926896
0.00043307496687455566
0.00043344539290843845
0.00043381509162756886
0.0004341843321181139
0.0004345529106342238
0.0004349206621384092
0.0004352877502991063
0.0004356542629716188
0.00043601999729063067
0.00043638479381263043
0.0004367490781783056
0.0004371127228429961
0.0004374753541433881
0.00043783716970960136
0.0004381984515225874
0.0004385589193432297
0.0004389182465588331
0.00043927692357970534
0.00043963499138767996
0.00043999196256964127
0.00044034793574116706
0.0004407032914978159
0.00044105779075239636
0.00044141103817415254
0.00044176351609215205
0.00044211534173244294
0.00044246600404997344
0.0004428154682651504
0.00044316417477215054
0.0004435120700478993
0.00044385862030935053
0.000444204126669804
0.000444548882212981
0.0004448925027546775
0.00044523485693173334
0.00044557622801601936
0.00044591662977327176
0.00044625567467428535
0.0004465935831529161
0.00044693056248040476
0.0004472662961490673
0.00044760070883728003
0.0004479339727177533
0.0004482660825505566
0.0004485967684239271
0.00044892626373828055
0.00044925470224383335
0.0004495816908496491
0.00044990726262133265
0.00045023164444531053
0.0004505547117892802
0.0004508761749714449
0.0004511963066815878
0.0004515152605750831
0.0004518325556604182
0.0004521483232667339
0.0004524628702546364
0.0004527759772059264
0.0004530873446634896
0.0004533971649252681
0.0004537056766702156
0.00045401249670038476
0.00045431756730721806
0.0004546211569015503
0.000454923257060311
0.00045522358050098424
0.00045552209660508627
0.0004558190504927262
0.00045611429078660793
0.000456407694902619
0.0004566993462118465
0.0004569892729128962
0.000457277408715685
0.000457563589725669
0.00045784788921333
0.00045813041900318095
0.00045841106924269555
0.0004586896717761279
0.0004589662049831507
0.00045924090991537154
0.00045951364346247204
0.0004597841998048669
0.00046005273843504273
0.00046031925258784126
0.0004605835804202767
0.0004608456592571531
0.00046110567210371747
0.0004613635421880124
0.00046161905633039404
0.00046187233610539395
0.0004621234241033165
0.00046237212573965
0.00046261841137172345
0.00046286240618103876
0.0004631040283320751
0.00046334307986521314
0.0004635797293545446
0.00046381395307152273
0.00046404552296697534
0.00046427453474213266
0.00046450103153976036
0.00046472483859037506
0.0004649458911158403
0.00046516437080338616
0.0004653801674401901
0.00046559300402520306
0.0004658030948211327
0.0004660104996692268
0.000466214928355399
0.00046641637439602426
0.00046661498173761494
0.0004668106386730267
0.0004670030925476321
0.00046719253224604624
0.000467379027279734
0.00046756228584575286
0.0004677422932116873
0.0004679191511590178
0.00046809278046802477
0.00046826300371970316
0.00046842990651222084
0.00046859351678916604
0.0004687536217408327
0.0004689102653153206
0.00046906345362597715
0.0004692130752007136
0.00046935909187608284
0.00046950146693820803
0.00046964014553364347
0.00046977505468547936
0.00046990621321344985
0.00047003354709050876
0.00047015696636977733
0.00047027653441260347
0.00047039214251053775
0.00047050364540956915
0.00047061109079813936
0.00047071446630646843
0.00047081362266731836
0.0004709085033830171
0.00047099918265566365
0.00047108553960124194
0.00047116741406719745
0.0004712448770595243
0.0004713178934645629
0.00047138628973069583
0.00047145005418639235
0.0004715092006788472
0.00047156360905166136
0.0004716131729154759
0.0004716579152671199
0.00047169777028354656
0.0004717326080145223
0.0004717624187721296
0.00047178715213691763
0.0004718067006161948
0.00047182100646989616
0.0004718300245428882
0.00047183368297655114
0.0004718319050159248
0.00047182462421854797
0.0004718117584335564
0.00047179326119748825
0.0004717690501499586
0.00047173901757765254
0.00047170312394959166
0.00047166131553104054
0.00047161346386322356
0.00047155948886107107
0.00047149938533383006
0.0004714330228957576
0.00047136027024271816
0.000471281178972999
0.00047119563171171467
0.0004711034372001734
0.0004710045659407527
0.00047089898756234215
0.00047078653542875385
0.0004706670941649118
0.00047054072060907
0.00047040722182852587
0.00047026639472848883
0.00047011833690766317
0.0004699628714622509
0.00046979983654697705
0.0004696292300515878
0.0004694509777755128
0.00046926485877252656
0.00046907074759819096
0.00046886874277837147
0.0004686585834985811
0.00046844008436117303
0.00046821336883292724
0.0004679781399145741
0.00046773421322523204
0.0004674816025779636
0.0004672203126616512
0.00046694997773962947
0.0004666704428629722
0.00046638190740671344
0.0004660840429847637
0.0004657765991603186
0.00046545976714244434
0.00046513326421106325
0.00046479670959809964
0.00046445013538529216
0.0004640936188564953
0.00046372679443837237
0.0004633493552277593
0.00046296149920817666
0.00046256307651209645
0.0004621536425710367
0.0004617332164754307
0.0004613016745964223
0.00046085870973927383
0.00046040421003959626
0.0004599378875953375
0.00045945991510003634
0.0004589699180822621
0.0004584675904796721
0.00045795302374835803
0.0004574259479439588
0.0004568859829410494
0.0004563330071737541
0.00045576715557162556
0.0004551880288408878
0.0004545947768014524
0.0004539880011028181
0.00045336762694450096
0.0004527327258089078
0.00045208333949379705
0.00045141974855757687
0.00045074129312906984
0.00045004729940566576
0.0004493382559753581
0.0004486140412057248
0.0004478732100400267
0.00044711636651638317
0.00044634400488765305
0.00044555464112075547
0.00044474804861023847
0.0004439247468719543
0.00044308407019860756
0.0004422251205646582
0.00044134837090521907
0.00044045400863175396
0.00043954023921988764
0.0004386073883754637
0.00043765624813802925
0.00043668460041212676
0.0004356929236473655
0.0004346813747460225
0.0004336490233572717
0.00043259523602088743
0.00043152040028573307
0.0004304243580904356
0.00042930531259311675
0.00042816376043449425
0.0004269999765836125
0.0004258114135481869
0.0004245993010276625
0.000423363606153855
0.0004221024650768049
0.0004208155576812087
0.0004195036544370874
0.0004181660935951194
0.0004168002096960823
0.00041540744865887255
0.0004139879216593824
0.00041253831737624204
0.00041105976592818917
0.00040955328170502454
0.00040801522130649306
0.00040644538237015937
0.00040484495872639457
0.0004032127048715675
0.0004015462971039153
0.0003998467225551903
0.0003981137442579403
0.00039634435916733707
0.0003945385214897101
0.0003926971923348856
0.00039081672504188286
0.00038889730259713607
0.00038693939688661736
0.000384940427556844
0.0003828997267607656
0.0003808169671288846
0.0003786901911600146
0.00037651788806305684
0.00037429985943150326
0.00037203517250244733
0.0003697200992537878
0.00036735646200344884
0.0003649434235178708
0.00036247354268054626
0.00035995066341894445
0.0003573739224067661
0.00035473705163551063
0.0003520397842123411
0.0003492840768824404
0.0003464650260571709
0.0003435766772405811
0.0003406233388206963
0.00033760350289479846
0.00033450526071728904
0.0003313334833279258
0.000328089827748296
0.00032475917538794563
0.00032134244158546526
0.00031784386635045036
0.0003142556963699301
0.00031056766105895116
0.00030678393795458643
0.00030290193170024864
0.0002989040050240019
0.0002947937283669783
0.0002905752467572351
0.00028622340278408565
0.00028173834039121496
0.00027712118238866555
0.0002723585599938627
0.00026743466364576317
0.000262348847603392
0.00025709604432658223
0.00025164558954043475
0.0002459946782846208
0.00024013914915935872
0.0002340404997704839
0.00022768667788959334
0.00022106494130827732
0.00021413744717217756
0.00020686759426243102
0.00019922894389533404
0.00019118078586541777
0.0001826416183819467
0.000173555407490439
0.0001638413728552088
0.00015334407323630163
0.000141905304794049
0.00012929494668845475
0.00011508810743377437
9.86000006720058e-5
7.842720691146352e-5
5.0309791429628534e-5
0.0
0.0
0.0
0.0
0.0
0.0
0.0
0.0
0.0
0.0
0.0
0.0
0.0
0.0
0.0
0.0
0.0
0.0
0.0
0.0
0.0
0.0
0.0
0.0
0.0
0.0
0.0
0.0
0.0
0.0
0.0
0.0
0.0
0.0
0.0
0.0
0.0
0.0
0.0
0.0
0.0
0.0
0.0
0.0
0.0
0.0
0.0
0.0
0.0
0.0
0.0
0.0
0.0
0.0
0.0
0.0
0.0
0.0
0.0
0.0
0.0
0.0
0.0
0.0
0.0
0.0
0.0
0.0
0.0
0.0
0.0
0.0
0.0
0.0
0.0
0.0
0.0
0.0
0.0
0.0
0.0
0.0
0.0
0.0
0.0
0.0
0.0
0.0
0.0
0.0
0.0
0.0
0.0
0.0
0.0
0.0
0.0
0.0
0.0
0.0
0.0
0.0
0.0
0.0
0.0
0.0
0.0
0.0
0.0
0.0
0.0
0.0
0.0
0.0
0.0
0.0
0.0
0.0
0.0
0.0
0.0
0.0
0.0
0.0
0.0
0.0
0.0
0.0
0.0
0.0
0.0
0.0
0.0
0.0
0.0
0.0
0.0
0.0
0.0
0.0
0.0
0.0
0.0
0.0
0.0
0.0
0.0
0.0
0.0
0.0
0.0
0.0
0.0
0.0
0.0
0.0
0.0
0.0
0.0
0.0
0.0
0.0
0.0
0.0
0.0
0.0
0.0
0.0
0.0
0.0
0.0
0.0
0.0
0.0
0.0
0.0
0.0
0.0
0.0
0.0
0.0
0.0
0.0
0.0
0.0
0.0
0.0
0.0
0.0
0.0
0.0
0.0
0.0
0.0
0.0
0.0
0.0
0.0
0.0
0.0
0.0
0.0
0.0
0.0
0.0
0.0
0.0
0.0
0.0
0.0
0.0
0.0
0.0
0.0
0.0
0.0
0.0
0.0
0.0
0.0
0.0
0.0
0.0
0.0
0.0
0.0
0.0
0.0
0.0
0.0
0.0
0.0
0.0
0.0
0.0
0.0
0.0
0.0
0.0
0.0
0.0
0.0
0.0
0.0
0.0
0.0
0.0
0.0
0.0
0.0
0.0
0.0
0.0
0.0
0.0
0.0
0.0
0.0
0.0
0.0
0.0
0.0
0.0
0.0
0.0
0.0
0.0
0.0
0.0
0.0
0.0
0.0
0.0
0.0
0.0
0.0
0.0
0.0
0.0
0.0
0.0
0.0
0.0
0.0
0.0
0.0
0.0
0.0
0.0
0.0
0.0
0.0
0.0
0.0
0.0
0.0
0.0
0.0
0.0
0.0
0.0
0.0
0.0
0.0
0.0
0.0
0.0
0.0
0.0
0.0
0.0
0.0
0.0
0.0
0.0
0.0
0.0
0.0
0.0
0.0
0.0
0.0
0.0
0.0
0.0
0.0
0.0
0.0
0.0
0.0
0.0
0.0
0.0
0.0
0.0
0.0
0.0
0.0
0.0
0.0
0.0
0.0
0.0
0.0
0.0
0.0
0.0
0.0
0.0
0.0
0.0
0.0
0.0
0.0
0.0
0.0
0.0
0.0
0.0
0.0
0.0
0.0
0.0
0.0
0.0
0.0
0.0
0.0
0.0
0.0
0.0
0.0
0.0
0.0
0.0
0.0
0.0
0.0
0.0
0.0
0.0
0.0
0.0
0.0
0.0
0.0
0.0
0.0
0.0
0.0
0.0
0.0
0.0
0.0
0.0
0.0
0.0
0.0
0.0
0.0
0.0
0.0
0.0
0.0
0.0
0.0
0.0
0.0
0.0
0.0
0.0
0.0
0.0
0.0
0.0
0.0
0.0
0.0
0.0
0.0
0.0
0.0
0.0
0.0
0.0
0.0
0.0
0.0
0.0
0.0
0.0
0.0
0.0
0.0
0.0
0.0
0.0
0.0
0.0
0.0
0.0
0.0
0.0
0.0
0.0
0.0
0.0
0.0
0.0
0.0
0.0
0.0
0.0
0.0
0.0
0.0
0.0
0.0
0.0
0.0
0.0
0.0
0.0
0.0
0.0
0.0
0.0
0.0
0.0
0.0
0.0
0.0
0.0
0.0
0.0
0.0
0.0
0.0
0.0
0.0
0.0
0.0
0.0
0.0
0.0
0.0
0.0
0.0
0.0
0.0
0.0
0.0
0.0
0.0
0.0
0.0
0.0
0.0
0.0
0.0
0.0
0.0
0.0
0.0
0.0
0.0
0.0
0.0
0.0
0.0
0.0
0.0
0.0
0.0
0.0
0.0
0.0
0.0
0.0
0.0
0.0
0.0
0.0
0.0
0.0
0.0
0.0
0.0
0.0
0.0
0.0
0.0
0.0
0.0
0.0
0.0
0.0
0.0
0.0
0.0
0.0
0.0
0.0
0.0
0.0
0.0
0.0
0.0
0.0
0.0
0.0
0.0
0.0
0.0
0.0
0.0
0.0
0.0
0.0
0.0
0.0
0.0
0.0
0.0
0.0
0.0
0.0
0.0
0.0
0.0
0.0
0.0
0.0
0.0
0.0
0.0
0.0
0.0
0.0
0.0
0.0
0.0
0.0
0.0
0.0
0.0
0.0
0.0
0.0
0.0
0.0
0.0
0.0
0.0
0.0
0.0
0.0
0.0
0.0
0.0
0.0
0.0
0.0
0.0
0.0
0.0
0.0
0.0
0.0
0.0
0.0
0.0
0.0
0.0
0.0
0.0
0.0
0.0
0.0
0.0
0.0
0.0
0.0
0.0
0.0
0.0
0.0
0.0
0.0
0.0
0.0
0.0
0.0
0.0
0.0
0.0
0.0
0.0
0.0
0.0
0.0
0.0
0.0
0.0
0.0
0.0
0.0
0.0
0.0
0.0
0.0
0.0
0.0
0.0
0.0
0.0
0.0
0.0
0.0
0.0
0.0
0.0
0.0
0.0
0.0
0.0
0.0
0.0
0.0
0.0
0.0
0.0
0.0
0.0
0.0
0.0
0.0
0.0
0.0
0.0
0.0
0.0
0.0
0.0
0.0
0.0
0.0
0.0
0.0
0.0
0.0
0.0
0.0
0.0
0.0
0.0
0.0
0.0
0.0
0.0
0.0
0.0
0.0
0.0
0.0
0.0
0.0
0.0
0.0
0.0
0.0
0.0
0.0
0.0
0.0
0.0
0.0
0.0
0.0
0.0
0.0
0.0
0.0
0.0
0.0
0.0
0.0
0.0
0.0
0.0
0.0
0.0
0.0
0.0
0.0
0.0
0.0
0.0
0.0
0.0
0.0
0.0
0.0
0.0
0.0
0.0
0.0
0.0
0.0
0.0
0.0
0.0
0.0
0.0
0.0
0.0
0.0
0.0
0.0
0.0
0.0
0.0
0.0
0.0
0.0
0.0
0.0
0.0
0.0
0.0
0.0
0.0
0.0
0.0
0.0
0.0
0.0
0.0
0.0
0.0
0.0
0.0
0.0
0.0
0.0
0.0
0.0
0.0
0.0
0.0
0.0
0.0
0.0
0.0
0.0
0.0
0.0
0.0
0.0
0.0
0.0
0.0
0.0
0.0
0.0
0.0
0.0
0.0
0.0
0.0
0.0
0.0
0.0
0.0
0.0
0.0
0.0
0.0
0.0
0.0
0.0
0.0
0.0
0.0
0.0
0.0
0.0
0.0
0.0
0.0
0.0
0.0
0.0
0.0
0.0
0.0
0.0
0.0
0.0
0.0
0.0
0.0
0.0
0.0
0.0
0.0
0.0
0.0
0.0
0.0
0.0
0.0
0.0
0.0
0.0
0.0
0.0
0.0
0.0
0.0
0.0
0.0
0.0
0.0
0.0
0.0
0.0
0.0
0.0
0.0
0.0
0.0
0.0
0.0
0.0
0.0
0.0
0.0
0.0
0.0
0.0
0.0
0.0
0.0
0.0
0.0
0.0
0.0
0.0
0.0
0.0
0.0
0.0
0.0
0.0
0.0
0.0
0.0
0.0
0.0
0.0
0.0
0.0
0.0
0.0
0.0
0.0
0.0
0.0
0.0
0.0
0.0
0.0
0.0
0.0
0.0
0.0
0.0
0.0
0.0
0.0
0.0
0.0
0.0
0.0
0.0
0.0
0.0
0.0
0.0
0.0
0.0
0.0
0.0
0.0
0.0
0.0
0.0
0.0
0.0
0.0
0.0
0.0
0.0
0.0
0.0
0.0
0.0
0.0
0.0
0.0
0.0
0.0
0.0
0.0
0.0
0.0
0.0
0.0
0.0
0.0
0.0
0.0
0.0
0.0
0.0
0.0
0.0
0.0
0.0
0.0
0.0
0.0
0.0
0.0
0.0
0.0
0.0
0.0
0.0
0.0
0.0
0.0
0.0
0.0
0.0
0.0
0.0
0.0
0.0
0.0
0.0
0.0
0.0
0.0
0.0
0.0
0.0
0.0
0.0
0.0
0.0
0.0
0.0
0.0
0.0
0.0
0.0
0.0
0.0
0.0
0.0
0.0
0.0
0.0
0.0
0.0
0.0
0.0
0.0
0.0
0.0
0.0
0.0
0.0
0.0
0.0
0.0
0.0
0.0
0.0
0.0
0.0
0.0
0.0
0.0
0.0
0.0
0.0
0.0
0.0
0.0
0.0
0.0
0.0
0.0
0.0
0.0
0.0
0.0
0.0
0.0
0.0
0.0
0.0
0.0
0.0
0.0
0.0
0.0
0.0
0.0
0.0
0.0
0.0
0.0
0.0
0.0
0.0
0.0
0.0
0.0
0.0
0.0
0.0
0.0
0.0
0.0
0.0
0.0
0.0
0.0
0.0
0.0
0.0
0.0
0.0
0.0
0.0
0.0
0.0
0.0
0.0
0.0
0.0
0.0
0.0
0.0
0.0
0.0
0.0
0.0
0.0
0.0
0.0
0.0
0.0
0.0
0.0
0.0
0.0
0.0
0.0
0.0
0.0
0.0
0.0
0.0
0.0
0.0
0.0
0.0
0.0
0.0
0.0
0.0
0.0
0.0
0.0
0.0
0.0
0.0
0.0
0.0
0.0
0.0
0.0
0.0
0.0
0.0
0.0
0.0
0.0
0.0
0.0
0.0
0.0
0.0
0.0
0.0
0.0
0.0
0.0
0.0
0.0
0.0
0.0
0.0
0.0
0.0
0.0
0.0
0.0
0.0
0.0
0.0
0.0
0.0
0.0
0.0
0.0
0.0
0.0
0.0
0.0
0.0
0.0
0.0
0.0
0.0
0.0
0.0
0.0
0.0
0.0
0.0
0.0
0.0
0.0
0.0
0.0
0.0
0.0
0.0
0.0
0.0
0.0
0.0
0.0
0.0
0.0
0.0
0.0
0.0
0.0
0.0
0.0
0.0
0.0
0.0
0.0
0.0
0.0
0.0
0.0
0.0
0.0
0.0
0.0
0.0
0.0
0.0
0.0
0.0
0.0
0.0
0.0
0.0
0.0
0.0
0.0
0.0
0.0
0.0
0.0
0.0
0.0
0.0
0.0
0.0
0.0
0.0
0.0
0.0
0.0
0.0
0.0
0.0
0.0
0.0
0.0
0.0
0.0
0.0
0.0
0.0
0.0
0.0
0.0
0.0
0.0
0.0
0.0
0.0
0.0
0.0
0.0
0.0
0.0
0.0
0.0
0.0
0.0
0.0
0.0
0.0
0.0
0.0
0.0
0.0
0.0
0.0
0.0
0.0
0.0
0.0
0.0
0.0
0.0
0.0
0.0
0.0
0.0
0.0
0.0
0.0
0.0
0.0
0.0
0.0
0.0
0.0
0.0
0.0
0.0
0.0
0.0
0.0
0.0
0.0
0.0
0.0
0.0
0.0
0.0
0.0
0.0
0.0
0.0
0.0
0.0
0.0
0.0
0.0
0.0
0.0
0.0
0.0
0.0
0.0
0.0
0.0
0.0
0.0
0.0
0.0
0.0
0.0
0.0
0.0
0.0
0.0
0.0
0.0
0.0
0.0
0.0
0.0
0.0
0.0
0.0
0.0
0.0
0.0
0.0
0.0
0.0
0.0
0.0
0.0
0.0
0.0
0.0
0.0
0.0
0.0
0.0
0.0
0.0
0.0
0.0
0.0
0.0
0.0
0.0
0.0
0.0
0.0
0.0
0.0
0.0
0.0
0.0
0.0
0.0
0.0
0.0
0.0
0.0
0.0
0.0
0.0
0.0
0.0
0.0
0.0
0.0
0.0
0.0
0.0
0.0
0.0
0.0
0.0
0.0
0.0
0.0
0.0
0.0
0.0
0.0
0.0
0.0
0.0
0.0
0.0
0.0
0.0
0.0
0.0
0.0
0.0
0.0
0.0
0.0
0.0
0.0
0.0
0.0
0.0
0.0
0.0
0.0
0.0
0.0
0.0
0.0
0.0
0.0
0.0
0.0
0.0
0.0
0.0
0.0
0.0
0.0
0.0
0.0
0.0
0.0
0.0
0.0
0.0
0.0
0.0
0.0
0.0
0.0
0.0
0.0
0.0
0.0
0.0
0.0
0.0
0.0
0.0
0.0
0.0
0.0
0.0
0.0
0.0
0.0
0.0
0.0
0.0
0.0
0.0
0.0
0.0
0.0
0.0
0.0
0.0
0.0
0.0
0.0
0.0
0.0
0.0
0.0
0.0
0.0
0.0
0.0
0.0
0.0
0.0
0.0
0.0
0.0
0.0
0.0
0.0
0.0
0.0
0.0
0.0
0.0
0.0
0.0
0.0
0.0
0.0
0.0
0.0
0.0
0.0
0.0
0.0
0.0
0.0
0.0
0.0
0.0
0.0
0.0
0.0
0.0
0.0
0.0
0.0
0.0
0.0
0.0
0.0
0.0
0.0
0.0
0.0
0.0
0.0
0.0
0.0
0.0
0.0
0.0
0.0
0.0
0.0
0.0
0.0
0.0
0.0
0.0
0.0
0.0
0.0
0.0
0.0
0.0
0.0
0.0
0.0
0.0
0.0
0.0
0.0
0.0
0.0
0.0
0.0
0.0
0.0
0.0
0.0
0.0
0.0
0.0
0.0
0.0
0.0
0.0
0.0
0.0
0.0
0.0
0.0
0.0
0.0
0.0
0.0
0.0
0.0
0.0
0.0
0.0
0.0
0.0
0.0
0.0
0.0
0.0
0.0
0.0
0.0
0.0
0.0
0.0
0.0
0.0
0.0
0.0
0.0
0.0
0.0
0.0
0.0
0.0
0.0
0.0
0.0
0.0
0.0
0.0
0.0
0.0
0.0
0.0
0.0
0.0
0.0
0.0
0.0
0.0
0.0
0.0
0.0
0.0
0.0
0.0
0.0
0.0
0.0
0.0
0.0
0.0
0.0
0.0
0.0
0.0
0.0
0.0
0.0
0.0
0.0
0.0
0.0
0.0
0.0
0.0
0.0
0.0
0.0
0.0
0.0
0.0
0.0
0.0
0.0
0.0
0.0
0.0
0.0
0.0
0.0
0.0
0.0
0.0
0.0
0.0
0.0
0.0
0.0
0.0
0.0
0.0
0.0
0.0
0.0
0.0
0.0
0.0
0.0
0.0
0.0
0.0
0.0
0.0
0.0
0.0
0.0
0.0
0.0
0.0
0.0
0.0
0.0
0.0
0.0
0.0
0.0
0.0
0.0
0.0
0.0
0.0
0.0
0.0
0.0
0.0
0.0
0.0
0.0
0.0
0.0
0.0
0.0
0.0
0.0
0.0
0.0
0.0
0.0
0.0
0.0
0.0
0.0
0.0
0.0
0.0
0.0
0.0
0.0
0.0
0.0
0.0
0.0
0.0
0.0
0.0
0.0
0.0
0.0
0.0
0.0
0.0
0.0
0.0
0.0
0.0
0.0
0.0
0.0
0.0
0.0
0.0
0.0
0.0
0.0
0.0
0.0
0.0
0.0
0.0
0.0
0.0
0.0
0.0
0.0
0.0
0.0
0.0
0.0
0.0
0.0
0.0
0.0
0.0
0.0
0.0
0.0
0.0
0.0
0.0
0.0
0.0
0.0
0.0
0.0
0.0
0.0
0.0
0.0
0.0
0.0
0.0
0.0
0.0
0.0
0.0
0.0
0.0
0.0
0.0
0.0
0.0
0.0
0.0
0.0
0.0
0.0
0.0
0.0
0.0
0.0
0.0
0.0
0.0
0.0
0.0
0.0
0.0
0.0
0.0
0.0
0.0
0.0
0.0
0.0
0.0
0.0
0.0
0.0
0.0
0.0
0.0
0.0
0.0
0.0
0.0
0.0
0.0
0.0
0.0
0.0
0.0
0.0
0.0
0.0
0.0
0.0
0.0
0.0
0.0
0.0
0.0
0.0
0.0
0.0
0.0
0.0
0.0
0.0
0.0
0.0
0.0
0.0
0.0
0.0
0.0
0.0
0.0
0.0
0.0
0.0
0.0
0.0
0.0
0.0
0.0
0.0
0.0
0.0
0.0
0.0
0.0
0.0
0.0
0.0
0.0
0.0
0.0
0.0
0.0
0.0
0.0
0.0
0.0
0.0
0.0
0.0
0.0
0.0
0.0
0.0
0.0
0.0
0.0
0.0
0.0
0.0
0.0
0.0
0.0
0.0
0.0
0.0
0.0
0.0
0.0
0.0
0.0
0.0
0.0
0.0
0.0
0.0
0.0
0.0
0.0
0.0
0.0
0.0
0.0
0.0
0.0
0.0
0.0
0.0
0.0
0.0
0.0
0.0
0.0
0.0
0.0
0.0
0.0
0.0
0.0
0.0
0.0
0.0
0.0
0.0
0.0
0.0
0.0
0.0
0.0
0.0
0.0
0.0
0.0
0.0
0.0
0.0
0.0
0.0
0.0
0.0
0.0
0.0
0.0
0.0
0.0
0.0
0.0
0.0
0.0
0.0
0.0
0.0
0.0
0.0
0.0
0.0
0.0
0.0
0.0
0.0
0.0
0.0
0.0
0.0
0.0
0.0
0.0
0.0
0.0
0.0
0.0
0.0
0.0
0.0
0.0
0.0
0.0
0.0
0.0
0.0
0.0
0.0
0.0
0.0
0.0
0.0
0.0
0.0
0.0
0.0
0.0
0.0
0.0
0.0
0.0
0.0
0.0
0.0
0.0
0.0
0.0
0.0
0.0
0.0
0.0
0.0
0.0
0.0
0.0
0.0
0.0
0.0
0.0
0.0
0.0
0.0
0.0
0.0
0.0
0.0
0.0
0.0
0.0
0.0
0.0
0.0
0.0
0.0
0.0
0.0
0.0
0.0
0.0
0.0
0.0
0.0
0.0
0.0
0.0
0.0
0.0
0.0
0.0
0.0
0.0
0.0
0.0
0.0
0.0
0.0
0.0
0.0
0.0
0.0
0.0
0.0
0.0
0.0
0.0
0.0
0.0
0.0
0.0
0.0
0.0
0.0
0.0
0.0
0.0
0.0
0.0
0.0
0.0
0.0
0.0
0.0
0.0
0.0
0.0
0.0
0.0
0.0
0.0
0.0
0.0
0.0
0.0
0.0
0.0
0.0
0.0
0.0
0.0
0.0
0.0
0.0
0.0
0.0
0.0
0.0
0.0
0.0
0.0
0.0
0.0
0.0
0.0
0.0
0.0
0.0
0.0
0.0
0.0
0.0
0.0
0.0
0.0
0.0
0.0
0.0
0.0
0.0
0.0
0.0
0.0
0.0
0.0
0.0
0.0
0.0
0.0
0.0
0.0
0.0
0.0
0.0
0.0
0.0
0.0
0.0
0.0
0.0
0.0
0.0
0.0
0.0
0.0
0.0
0.0
0.0
0.0
0.0
0.0
0.0
0.0
0.0
0.0
0.0
0.0
0.0
0.0
0.0
0.0
0.0
0.0
0.0
0.0
0.0
0.0
0.0
0.0
0.0
0.0
0.0
0.0
0.0
0.0
0.0
0.0
0.0
0.0
0.0
0.0
0.0
0.0
0.0
0.0
0.0
0.0
0.0
0.0
0.0
0.0
0.0
0.0
0.0
0.0
0.0
0.0
0.0
0.0
0.0
0.0
0.0
0.0
0.0
0.0
0.0
0.0
0.0
0.0
0.0
0.0
0.0
0.0
0.0
0.0
0.0
0.0
0.0
0.0
0.0
0.0
0.0
0.0
0.0
0.0
0.0
0.0
0.0
0.0
0.0
0.0
0.0
0.0
0.0
0.0
0.0
0.0
0.0
0.0
0.0
0.0
0.0
0.0
0.0
0.0
0.0
0.0
0.0
0.0
0.0
0.0
0.0
0.0
0.0
0.0
0.0
0.0
0.0
0.0
0.0
0.0
0.0
0.0
0.0
0.0
0.0
0.0
0.0
0.0
0.0
0.0
0.0
0.0
0.0
0.0
0.0
0.0
0.0
0.0
0.0
0.0
0.0
0.0
0.0
0.0
0.0
0.0
0.0
0.0
0.0
0.0
0.0
0.0
0.0
0.0
0.0
0.0
0.0
0.0
0.0
0.0
0.0
0.0
0.0
0.0
0.0
0.0
0.0
0.0
0.0
0.0
0.0
0.0
0.0
0.0
0.0
0.0
0.0
0.0
0.0
0.0
0.0
0.0
0.0
0.0
0.0
0.0
0.0
0.0
0.0
0.0
0.0
0.0
0.0
0.0
0.0
0.0
0.0
0.0
0.0
0.0
0.0
0.0
0.0
0.0
0.0
0.0
0.0
0.0
0.0
0.0
0.0
0.0
0.0
0.0
0.0
0.0
0.0
0.0
0.0
0.0
0.0
0.0
0.0
0.0
0.0
0.0
0.0
0.0
0.0
0.0
0.0
0.0
0.0
0.0
0.0
0.0
0.0
0.0
0.0
0.0
0.0
0.0
0.0
0.0
0.0
0.0
0.0
0.0
0.0
0.0
0.0
0.0
0.0
0.0
0.0
0.0
0.0
0.0
0.0
0.0
0.0
0.0
0.0
0.0
0.0
0.0
0.0
0.0
0.0
0.0
0.0
0.0
0.0
0.0
0.0
0.0
0.0
0.0
0.0
0.0
0.0
0.0
0.0
0.0
0.0
0.0
0.0
0.0
0.0
0.0
0.0
0.0
0.0
0.0
0.0
0.0
0.0
0.0
0.0
0.0
0.0
0.0
0.0
0.0
0.0
0.0
0.0
0.0
0.0
0.0
0.0
0.0
0.0
0.0
0.0
0.0
0.0
0.0
0.0
0.0
0.0
0.0
0.0
0.0
0.0
0.0
0.0
0.0
0.0
0.0
0.0
0.0
0.0
0.0
0.0
0.0
0.0
0.0
0.0
0.0
0.0
0.0
0.0
0.0
0.0
0.0
0.0
0.0
0.0
0.0
0.0
0.0
0.0
0.0
0.0
0.0
0.0
0.0
0.0
0.0
0.0
0.0
0.0
0.0
0.0
0.0
0.0
0.0
0.0
0.0
0.0
0.0
0.0
0.0
0.0
0.0
0.0
0.0
0.0
0.0
0.0
0.0
0.0
0.0
0.0
0.0
0.0
0.0
0.0
0.0
0.0
0.0
0.0
0.0
0.0
0.0
0.0
0.0
0.0
0.0
0.0
0.0
0.0
0.0
0.0
0.0
0.0
0.0
0.0
0.0
0.0
0.0
0.0
0.0
0.0
0.0
0.0
0.0
0.0
0.0
0.0
0.0
0.0
0.0
0.0
0.0
0.0
0.0
0.0
0.0
0.0
0.0
0.0
0.0
0.0
0.0
0.0
0.0
0.0
0.0
0.0
0.0
0.0
0.0
0.0
0.0
0.0
0.0
0.0
0.0
0.0
0.0
0.0
0.0
0.0
0.0
0.0
0.0
0.0
0.0
0.0
0.0
0.0
0.0
0.0
0.0
0.0
0.0
0.0
0.0
0.0
0.0
0.0
0.0
0.0
0.0
0.0
0.0
0.0
0.0
0.0
0.0
0.0
0.0
0.0
0.0
0.0
0.0
0.0
0.0
0.0
0.0
0.0
0.0
0.0
0.0
0.0
0.0
0.0
0.0
0.0
0.0
0.0
0.0
0.0
0.0
0.0
0.0
0.0
0.0
0.0
0.0
0.0
0.0
0.0
0.0
0.0
0.0
0.0
0.0
0.0
0.0
0.0
0.0
0.0
0.0
0.0
0.0
0.0
0.0
0.0
0.0
0.0
0.0
0.0
0.0
0.0
0.0
0.0
0.0
0.0
0.0
0.0
0.0
0.0
0.0
0.0
0.0
0.0
0.0
0.0
0.0
0.0
0.0
0.0
0.0
0.0
0.0
0.0
0.0
0.0
0.0
0.0
0.0
0.0
0.0
0.0
0.0
0.0
0.0
0.0
0.0
0.0
0.0
0.0
0.0
0.0
0.0
0.0
0.0
0.0
0.0
0.0
0.0
0.0
0.0
0.0
0.0
0.0
0.0
0.0
0.0
0.0
0.0
0.0
0.0
0.0
0.0
0.0
0.0
0.0
0.0
0.0
0.0
0.0
0.0
0.0
0.0
0.0
0.0
0.0
0.0
0.0
0.0
0.0
0.0
0.0
0.0
0.0
0.0
0.0
0.0
0.0
0.0
0.0
0.0
0.0
0.0
0.0
0.0
0.0
0.0
0.0
0.0
0.0
0.0
0.0
0.0
0.0
0.0
0.0
0.0
0.0
0.0
0.0
0.0
0.0
0.0
0.0
0.0
0.0
0.0
0.0
0.0
0.0
0.0
0.0
0.0
0.0
0.0
0.0
0.0
