0.03856371952548681
0.03856392643910324
0.03856409770518459
0.038564246951937324
0.03856438086543881
0.038564503402364364
0.0385646170936466
0.03856472364656859
0.0385648242654007
0.03856491983452235
0.03856501101637007
0.038565097884760216
0.03856518149664073
0.03856526185814143
0.038565339531337284
0.03856541467146509
0.03856548750698089
0.03856555824885461
0.03856562701899089
0.03856569396791303
0.038565759217422634
0.03856582285479186
0.038565884880681016
0.03856594542982675
0.038566004656321276
0.03856606263402786
0.038566119393840935
0.0385661749721031
0.03856622945145278
0.03856628290228649
0.03856633535015343
0.038566386807681416
0.03856643728305662
0.03856648683209666
0.03856653545409837
0.038566583203529965
0.038566630125291386
0.03856667622182027
0.0385667215272483
0.038566766078016124
0.03856680988885747
0.038566852951875986
0.03856689527759877
0.03856693690927852
0.03856697786948389
0.038567018181363204
0.03856705784664333
0.0385670968484724
0.03856713521979651
0.038567172969000335
0.038567210127357913
0.0385672467164679
0.03856728274964187
0.03856731823560117
0.03856735318187156
0.03856738758744759
0.0385674214428388
0.03856745475913185
0.0385674875619383
0.038567519858463
0.03856755164220615
0.03856758294680115
0.038567613773888065
0.03856764412989078
0.03856767401628033
0.03856770342936071
0.038567732369818634
0.0385677608499545
0.03856778888458672
0.0385678164809794
0.03856784364466999
0.038567870375241564
0.03856789665926654
0.03856792250750004
0.03856794793175672
0.03856797294042457
0.03856799753572843
0.03856802172096744
0.03856804550254353
0.03856806888642779
0.03856809187788826
0.03856811447982388
0.038568136692929744
0.038568158519306214
0.03856817996070592
0.03856820101197781
0.03856822168210848
0.03856824197021956
0.03856826186467621
0.038568281388044925
0.03856830054235764
0.03856831933528517
0.03856833776515471
0.03856835583529371
0.03856837354763791
0.03856839090211097
0.03856840790044568
0.03856842454316972
0.03856844082838024
0.038568456758394716
0.038568472335829905
0.03856848756202216
0.038568502430918285
0.038568516954860965
0.038568531127939405
0.03856854495465888
0.038568558440929886
0.038568571589791274
0.03856858440168939
0.03856859687694682
0.038568609016233886
0.03856862081995688
0.03856863228788261
0.03856864341967257
0.03856865421633697
0.03856866467954296
0.03856867481046131
0.038568684609381884
0.038568694073972495
0.038568703208020985
0.03856871201252541
0.03856872048621755
0.038568728629377394
0.038568736442568745
0.03856874392731253
0.03856875108580727
0.03856875791908975
0.038568764427012264
0.03856877060941094
0.03856877646627112
0.03856878199803807
0.03856878720575961
0.0385687920891124
0.03856879664810956
0.03856880088178542
0.03856880479115083
0.03856880837651379
0.0385688116380366
0.03856881457545098
0.03856881718866769
0.03856881947769597
0.03856882144257718
0.03856882308380219
0.03856882440148001
0.03856882539412969
0.0385688260617443
0.03856882640635916
0.03856882642771664
0.038568826125381456
0.038568825499227945
0.038568824548816265
0.038568823273909494
0.038568821674959675
0.03856881975086649
0.0385688175012908
0.03856881492618313
0.03856881202430969
0.038568808795784545
0.03856880524097829
0.038568801358519
0.03856879714806186
0.038568792610229066
0.03856878774449577
0.03856878254986739
0.038568777025653665
0.03856877117212323
0.03856876498951687
0.038568758476222965
0.03856875163366306
0.038568744459626436
0.03856873695747648
0.038568729125198875
0.03856872095999587
0.038568712461929326
0.03856870362937256
0.03856869446187354
0.038568684959261135
0.038568675120925974
0.03856866494536817
0.038568654432443235
0.03856864358083672
0.038568632388820794
0.03856862085703235
0.038568608986133485
0.038568596775460845
0.03856858422202987
0.038568571324501005
0.0385685580831433
0.03856854449751262
0.03856853056682683
0.0385685162364308
0.03856850141370913
0.038568486245096206
0.038568470726006415
0.038568454861134326
0.03856843864766289
0.03856842208458606
0.03856840517239787
0.038568387906079055
0.03856837028371112
0.03856835230867617
0.038568333833550836
0.03856831491284253
0.038568295636088955
0.038568275996375835
0.03856825599742819
0.038568235642024044
0.038568214917361114
0.03856819383259032
0.03856817238357579
0.03856815056326899
0.038568128383961564
0.03856810583461651
0.03856808291570127
0.03856805962654656
0.03856803596499093
0.03856801193209919
0.03856798752281057
0.03856796273932041
0.038567937582154446
0.03856791204705652
0.03856788613212895
0.038567859840851156
0.038567833173585406
0.03856780612410697
0.03856777869190888
0.0385677508807432
0.038567722684610804
0.03856769410087314
0.03856766511839799
0.03856763575841936
0.038567606014709585
0.038567575873801066
0.03856754533026559
0.038567514405541244
0.03856748308775681
0.038567451368346474
0.038567419245226574
0.03856738672818878
0.03856735381080692
0.038567320486836545
0.038567286759094634
0.038567252621956295
0.038567218076022355
0.03856718312284234
0.038567147764659214
0.03856711199933122
0.03856707581607659
0.038567039213238466
0.03856700219684615
0.03856696476320963
0.038566926913098605
0.03856688864241173
0.03856684993992737
0.038566810812779996
0.038566771278074834
0.03856673131524375
0.03856669092844121
0.038566650125584426
0.038566608890154556
0.038566567217344444
0.03856652510966254
0.038566482574688844
0.03856643960951925
0.03856639619742146
0.03856635233789845
0.03856630803099643
0.03856626328391581
0.03856621809812638
0.03856617246513978
0.03856612637510957
0.03856607982928214
0.03856603283602207
0.03856598539577293
0.03856593749841878
0.03856588913773521
0.03856584031560909
0.03856579102851186
0.03856574127829913
0.03856569106984878
0.038565640395291444
0.03856558925423758
0.03856553763885543
0.038565485549879555
0.03856543299153908
0.03856537993383569
0.0385653264186174
0.038565272430433006
0.03856521796624351
0.03856516302268134
0.038565107594355254
0.03856505167178493
0.038564995255536125
0.03856493835143261
0.038564880965990575
0.03856482309398924
0.03856476471971062
0.03856470583586836
0.03856464644385076
0.03856458655371193
0.0385645261692215
0.038564465282006716
0.03856440388432159
0.038564341971344285
0.038564279537263844
0.03856421657768031
0.03856415310051228
0.03856408911621257
0.038564024615633956
0.03856395959079149
0.03856389404050844
0.038563827965226165
0.03856376135898477
0.03856369421310632
0.038563626535327446
0.03856355832586731
0.038563489569549705
0.038563420277247344
0.03856335045140266
0.03856328008346243
0.038563209160892134
0.03856313767687688
0.0385630656427376
0.038562993064033636
0.0385629199318719
0.03856284623932569
0.038562771985159734
0.038562697167108
0.03856262178108128
0.03856254582437834
0.0385624692977133
0.038562392201026016
0.03856231452881809
0.03856223627407267
0.03856215743374756
0.03856207800924094
0.03856199800375654
0.038561917417685915
0.03856183624703654
0.038561754487080956
0.038561672134230576
0.03856158918552384
0.03856150563780739
0.038561421486862306
0.038561336725634957
0.038561251347768735
0.038561165357350484
0.03856107875340221
0.03856099153251035
0.038560903704446606
0.038560815262326006
0.03856072619901279
0.03856063679058349
0.03856054685266982
0.038560456283004474
0.038560365068859966
0.03856027321659926
0.03856018073032071
0.0385600876047254
0.0385599938328933
0.03855989941342425
0.038559804347124735
0.03855970863301488
0.03855961226964698
0.03855951525503748
0.03855941758675835
0.03855931926039494
0.03855922025953006
0.03855912057770887
0.038559020220427107
0.03855891918793908
0.03855881748048727
0.03855871509553809
0.038558612029278516
0.038558508278493116
0.03855840384087322
0.03855829871517788
0.038558192900007233
0.03855808639246128
0.03855797919010136
0.03855787129144181
0.0385577626899331
0.03855765337541784
0.03855754334093636
0.038557432575731194
0.03855732109515112
0.03855720889089795
0.038557095958557004
0.03855698230777382
0.03855686792342239
0.03855675280047246
0.03855663694207083
0.038556520348128294
0.03855640301599293
0.03855628495192005
0.03855616615617391
0.03855604658277957
0.03855592624887769
0.038555805160679586
0.03855568332234779
0.038555560704636845
0.03855543730858035
0.03855531314065064
0.038555188199992166
0.038555062485141456
0.038554935998419394
0.03855480873408773
0.038554680671574214
0.038554551807947694
0.03855442214551937
0.03855429168201348
0.03855416042218908
0.03855402837039019
0.03855389551469875
0.03855376183232662
0.03855362733489591
0.03855349201736411
0.03855335584247367
0.03855321884306808
0.03855308101669755
0.03855294236160534
0.038552802877420245
0.03855266256533631
0.038552521428810355
0.03855237947104516
0.03855223665180562
0.03855209288091592
0.038551948255011445
0.03855180277191661
0.03855165642710878
0.03855150921733692
0.03855136114201923
0.038551212205043206
0.03855106243459211
0.03855091174028263
0.03855076017933477
0.03855060769556962
0.03855045433740688
0.038550300084327
0.03855014492666592
0.038549988880337845
0.03854983193217773
0.038549674024224476
0.0385495151845788
0.038549355439328296
0.038549194733049366
0.03854903309016947
0.03854887053350677
0.03854870709002948
0.038548542657029436
0.03854837724200303
0.03854821088135722
0.0385480435973765
0.03854787536767785
0.03854770616204125
0.03854753599609396
0.038547364828088626
0.03854719266526648
0.038547019547092706
0.038546845459224856
0.0385466703943935
0.03854649433478823
0.03854631726466475
0.03854613916759174
0.03854596003944432
0.0385457824284041
0.03854560385590065
0.0385454242856766
0.038545243741041096
0.03854506217575679
0.03854487948517453
0.03854469576039964
0.0385445110270144
0.038544325279228256
0.03854413851433466
0.03854395074888168
0.038543761952825925
0.038543572035679964
0.038543380999038146
0.03854318889506955
0.038542995739262835
0.038542801537969455
0.03854260629095781
0.03854240994132583
0.03854221253961771
0.038542014032014946
0.03854181437925468
0.038541613620269706
0.03854141177389488
0.038541208787522555
0.03854100476152003
0.038540799568180545
0.03854059331846314
0.03854038599713882
0.03854017749629985
0.03853996779605826
0.03853975692963147
0.03853954492904786
0.038539331748068825
0.03853911750602948
0.03853890205198675
0.03853868540788424
0.038538467649915
0.03853824880698847
0.03853802872999958
0.03853780743116348
0.038537584870847276
0.03853736111559039
0.038537136171568905
0.038536910081233985
0.03853668282756238
0.038536454273361415
0.03853622447249496
0.03853599351097966
0.038535761491295784
0.03853552824209073
0.03853529370020557
0.03853505783506943
0.038534820719763635
0.03853458239393517
0.03853434286871598
0.038534102146503935
0.03853386007975839
0.03853361662786782
0.03853337190001014
0.03853312592961263
0.038532878768393224
0.038532630289358244
0.03853238035824219
0.03853212909802985
0.03853187657145757
0.03853162282918878
0.03853136782930473
0.03853111141794737
0.03853085357246311
0.03853059431858267
0.03853033380078996
0.0385300720320324
0.03852980886999254
0.03852954433651719
0.03852927838727845
0.03852901107209864
0.038528742385552546
0.03852847222615414
0.03852820075590807
0.03852792793555724
0.038527653716052886
0.03852737627868424
0.03852709633108428
0.03852681504203355
0.038526532364146875
0.038526248271161107
0.038525962807794877
0.03852567568935289
0.03852538710361796
0.03852509710325471
0.03852480564648952
0.038524512818421675
0.038524218437478344
0.0385239225792968
0.038523625197132295
0.03852332622519084
0.03852302576352801
0.03852272384880519
0.038522420427875244
0.03852211566674463
0.038521809266084554
0.038521501067029805
0.03852119140458512
0.038520880285565655
0.03852056776527108
0.0385202536549209
0.03851993788452986
0.0385196205361663
0.03851930168283114
0.03851898139362062
0.03851865928328005
0.03851833559014531
0.03851801035770763
0.03851768365873816
0.038517355333474584
0.03851702505306931
0.038516693193148856
0.0385163597374533
0.03851602342584911
0.038515685357525656
0.038515345325215285
0.03851500360623686
0.03851465745840429
0.038514309043635765
0.038513960279035225
0.038513610998209595
0.03851326000935006
0.03851290749608475
0.0385125533099192
0.038512198112408934
0.038511842191457944
0.038511484649040376
0.038511125487794354
0.03851076460432596
0.038510401804162014
0.03851003713602903
0.03850967085310092
0.03850930284933029
0.03850893310389301
0.0385085614974834
0.038508188031893674
0.03850781271546545
0.03850743567063332
0.038507056902645796
0.038506676287386105
0.03850629376079733
0.03850590928868433
0.038505523019676365
0.038505135040175255
0.038504745282886874
0.038504353495559814
0.03850395972075079
0.038503564163102626
0.03850316687300136
0.03850276765298608
0.038502366339444836
0.038501963132729335
0.038501558135732535
0.0385011512602634
0.03850074235335173
0.03850033148338672
0.038499918687106706
0.03849950396505774
0.0384990872714926
0.03849866865612273
0.038498248101720735
0.038497825455745434
0.03849740076754742
0.038496974124994435
0.03849654558914692
0.0384961150650924
0.038495681932413525
0.03849524612352209
0.03849480852873204
0.03849436906590732
0.03849392740590573
0.03849348333991788
0.03849303735228512
0.03849258956408383
0.03849213971645708
0.0384916874068075
0.03849123299408047
0.0384907766484665
0.03849031826007893
0.03848985648263099
0.03848939266222429
0.03848892680235501
0.038488458796694505
0.0384879882581973
0.03848751569547639
0.03848704124439533
0.03848656472568265
0.0384860855004802
0.03848560400269618
0.03848512066675881
0.0384846354266131
0.038484147538777574
0.038483657010222175
0.03848316454498799
0.038482670311444506
0.03848217356454594
0.038481674181533296
0.03848117257255079
0.03848066905941905
0.03848016310165542
0.03847965480010397
0.03847914404390483
0.03847863119618346
0.038478115911702894
0.03847759834861191
0.0384770782809957
0.038476556150360386
0.038476031498981746
0.038475504533473676
0.03847497482362979
0.03847444313252192
0.03847390892884939
0.03847337242815529
0.03847283329801252
0.03847229183594336
0.03847174794002612
0.03847120182023098
0.03847065305914128
0.03847010259778431
0.038469549910989984
0.03846899519552407
0.03846843799913191
0.03846787767323827
0.0384673148910766
0.03846675006867767
0.03846618313503089
0.038465612754631354
0.038465039799219426
0.03846446474830535
0.03846388764326104
0.03846330716639628
0.038462724011377895
0.0384621386088393
0.03846155088433202
0.03846096020222751
0.038460366869694965
0.03845977103227469
0.038459172598118756
0.038458571435133614
0.03845796764794151
0.038457361353272074
0.03845675218070814
0.03845614040299529
0.038455526014710854
0.03845490915256409
0.03845428893047007
0.03845366626929156
0.03845304116215828
0.0384524133221618
0.03845178217661015
0.038451148558755296
0.03845051255843004
0.038449873593911235
0.03844923133954416
0.038448586602483126
0.03844794272761905
0.03844729861548265
0.038446651296803545
0.03844600151696549
0.03844534967642696
0.0384446941562551
0.03844403556183534
0.03844337446772422
0.03844271109283362
0.038442044206217406
0.038441374230257105
0.038440701665303986
0.038440026572010275
0.03843934845793837
0.0384386673116232
0.03843798365687451
0.03843729680966432
0.03843660685164652
0.03843591402082991
0.0384352186151378
0.038434519735250465
0.03843381777341794
0.038433113132463774
0.03843240587146712
0.03843169485694765
0.038430980739326645
0.03843026424962282
0.038429544649621186
0.038428821360884956
0.03842809503528936
0.038427366321453424
0.03842663433865177
0.03842589866776812
0.03842515994888689
0.03842441868190321
0.03842367172988343
0.03842291781552456
0.0384221610076275
0.03842140118991353
0.03842063803315158
0.03841987135565663
0.03841910164658177
0.038418328917862336
0.0384175528028119
0.03841677331855542
0.03841599057902159
0.03841520470019327
0.038414415470203356
0.038413623052763524
0.03841282709607493
0.038412027841726
0.038411225268856077
0.038410419431606745
0.03840961053467539
0.038408798191933206
0.03840798256487388
0.038407163159969185
0.038406339002453806
0.03840550740220871
0.03840467145414055
0.03840383690569266
0.038402999705994825
0.0384021593698695
0.03840131499582955
0.03840046702980949
0.03839961598150938
0.038398761677542415
0.03839790315970601
0.03839704109252788
0.038396176089781145
0.038395307515496926
0.03839443478771975
0.038393558560983095
0.03839267946676485
0.03839179640271011
0.03839090935944224
0.03839001891776088
0.03838912511673532
0.03838822645887707
0.03838732323227633
0.03838641680281855
0.03838550652622326
0.038384592252208784
0.03838367434765049
0.038382752921052164
0.03838182768807427
0.03838089876604724
0.03837996630137408
0.03837902957358443
0.038378089049854
0.03837714511323361
0.03837619730742372
0.03837524535522448
0.03837428973892977
0.038373329256186965
0.03837236392296753
0.03837139441626948
0.03837042168760562
0.03836944517260079
0.03836846405732817
0.0383674790442367
0.03836649099004656
0.03836549850244313
0.038364501403832074
0.03836350100114446
0.03836249697942938
0.038361488211326206
0.03836047531079452
0.038359459363833476
0.0383584389406653
0.03835741362862147
0.03835638485669362
0.038355352691389046
0.03835431577488109
0.03835327419251072
0.038352229537073804
0.03835118271320307
0.038350130864346625
0.038349075091646805
0.038348015746828265
0.038346951897399756
0.038345883426124765
0.038344811486745685
0.03834373533042775
0.03834265422071237
0.03834156909614284
0.038340480143401946
0.03833938673642615
0.03833828881476125
0.03833718720565207
0.038336081065749636
0.038334969852431226
0.038333854783898974
0.03833273572338455
0.03833161181225181
0.03833048339603821
0.038329361469492514
0.038328235344531385
0.03832710402344906
0.03832596913037893
0.038324830127737596
0.03832368581494572
0.03832253688690584
0.03832138436319946
0.03832022745791272
0.03831906517685342
0.03831789886218788
0.03831672865530298
0.03831555342574898
0.0383143730719673
0.03831318863961828
0.03831200017071258
0.038310806598241424
0.038309608400281
0.03830840597063192
0.03830719886463159
0.03830598685093039
0.03830476482907981
0.03830353509643522
0.0383023007467816
0.03830106116836206
0.03829981670359494
0.03829856797860977
0.03829731498316306
0.03829605649234174
0.03829479300770652
0.03829352535604362
0.038292252659642416
0.03829097479831581
0.038289692400550336
0.03828840618228835
0.03828711966056264
0.03828582798364611
0.038284532440131136
0.038283224386679214
0.038281903541693994
0.03828058275245594
0.03827926022978539
0.03827793225686327
0.038276599081717565
0.03827526162726292
0.03827391876854727
0.03827257042568842
0.038271215414855474
0.038269855073638184
0.038268489138728046
0.03826711844398391
0.038265743191836135
0.038264362022148064
0.03826297537015294
0.0382615848027873
0.038260188703706934
0.038258786386312596
0.0382573795447636
0.03825596799715827
0.03825455045435074
0.03825312740129732
0.03825170042025771
0.03825026784986953
0.038248828812424314
0.03824738522714797
0.03824593541819472
0.038244478133822674
0.038243015236127706
0.03824154788647006
0.038240075009966276
0.03823859593691586
0.038237112189573604
0.03823562297983128
0.038234127800148114
0.038232627279195866
0.03823112134881411
0.0382296099065357
0.038228093054550154
0.03822657109024599
0.03822504320104235
0.038223512183034436
0.03822197628974283
0.03822043388768307
0.038218885662432464
0.0382173329310182
0.0382157743718246
0.038214209936750655
0.038212640641190204
0.03821106647942666
0.03820948528425755
0.03820789807647058
0.038206306905521306
0.03820472218722343
0.038203131120546
0.03820153567376698
0.038199934969191426
0.03819832707324138
0.0381967134541303
0.038195095722154314
0.038193471256917605
0.038191839851828446
0.03819020439304168
0.038188562691034454
0.038186913461989824
0.03818525928197013
0.03818360029168229
0.03818193208587778
0.03818024776203438
0.03817855905442817
0.03817686377504684
0.03817516119714828
0.03817345428979973
0.03817174130985476
0.038170020461384936
0.03816829407163155
0.03816656484732126
0.038164833866645625
0.038163095953527224
0.03816135335165302
0.038159604396305336
0.038157847949707446
0.03815607476025003
0.03815429305527317
0.038152503532902275
0.03815070985802534
0.038148910804896435
0.03814710498344928
0.03814529209171208
0.03814347427610684
0.038141649974577835
0.03813981779501903
0.038137980258552126
0.03813613628497039
0.0381342851495919
0.038132427962092943
0.038130564936953396
0.038128694821843674
0.038126817462884995
0.03812493479144912
0.03812304532082198
0.0381211484069049
0.03811924605767977
0.03811733667630928
0.038115419656898165
0.038113493122285236
0.03811156083653113
0.03810962104678765
0.03810767357869148
0.038105720657081614
0.038103760856603
0.03810179339852248
0.038099820623765886
0.03809784197977113
0.03809585525489956
0.03809386298368745
0.03809186703023889
0.03808986395382452
0.03808785290189176
0.03808583571047105
0.03808381231344625
0.0380817812146969
0.0380797472444671
0.03807772030898922
0.038075686034048976
0.03807364466005332
0.03807159565219135
0.03806954049338775
0.03806747828065545
0.038065408497871364
0.038063332231682026
0.038061249082805684
0.03805915828186052
0.03805705415449754
0.038054934680465856
0.03805280819767607
0.03805067236139294
0.03804853009387581
0.03804638180345185
0.03804422829137507
0.03804207317898027
0.038039912118846095
0.03803774365708379
0.03803556640551636
0.03803338017907307
0.0380311859154823
0.038028973935625925
0.03802674440267421
0.03802451193269218
0.03802227487810287
0.03802002927336086
0.038017777305684675
0.03801551782230271
0.038013249256049285
0.03801097363907222
0.03800869216839267
0.03800640098222057
0.038004101787754485
0.03800179726817371
0.037999482835814696
0.03799716047312616
0.03799483132530471
0.03799249404206718
0.03799014803472819
0.03798779498111024
0.03798543569079335
0.037983067512364375
0.03798068760620734
0.03797830135017517
0.03797590440704646
0.0379735001633524
0.0379710893824833
0.037968669310090616
0.037966240272034185
0.03796380475536883
0.037961366528261355
0.03795891743759678
0.037956461044781044
0.03795400017830041
0.037951548464650396
0.037949088801869243
0.03794662379163324
0.03794414845889599
0.037941663563536156
0.037939172014852654
0.03793667286943491
0.03793416365879916
0.03793163058280004
0.03792908871007254
0.03792653672651858
0.03792397575731054
0.03792141775097851
0.03791885127779107
0.037916275534271966
0.03791368827834674
0.03791109185002814
0.037908486728095825
0.03790587375812818
0.037903251820017456
0.03790060407002314
0.03789794248740839
0.037895279058210274
0.037892607484250856
0.03788992761562561
0.03788724108067602
0.03788454127028293
0.03788183411307576
0.037879120295661796
0.03787639499039283
0.03787365982094732
0.03787091964196643
0.037868170713619344
0.03786540901381243
0.03786264075694085
0.03785986652180036
0.037857077667161516
0.037854280996197844
0.03785148019021177
0.037848660221316714
0.03784582840396777
0.03784299165674915
0.03784014640023639
0.03783728759708736
0.03783442168350413
0.03783155326545097
0.03782867330963449
0.037825807916750574
0.037822939982450045
0.03782005655082127
0.037817162307937656
0.03781426249682112
0.037811353502083075
0.03780841413030653
0.03780546253260624
0.03780250862928684
0.037799550097514845
0.0377965765782829
0.03779359891673867
0.03779060649981936
0.037787603461754686
0.0377845944923497
0.03778157447724773
0.037778541593255055
0.037775496684870825
0.037772424224708626
0.03776933639216503
0.03776625223516099
0.03776315997624176
0.03776005159260553
0.03775693397030628
0.037753811083464754
0.037750675063121554
0.037747527172518884
0.037744371329068487
0.03774120756410075
0.03773802793205794
0.037734839903776206
0.037731644881368015
0.037728435828126274
0.037725215996916084
0.03772198909241935
0.03771874818863563
0.03771548983971758
0.03771222521313271
0.0377089485399152
0.03770565868985984
0.03770238165158344
0.03769910878343056
0.037695823573635885
0.037692526699872525
0.037689222571144515
0.0376858855355085
0.037682535495291006
0.037679184402226375
0.03767581963751045
0.03767244186853973
0.037669055918032074
0.037665659640862964
0.037662250937770717
0.0376588307254851
0.03765540162272155
0.03765195961805392
0.03764849189887254
0.03764500297891774
0.0376415008408538
0.03763800509149488
0.037634493229279115
0.03763096518701926
0.03762742674178309
0.03762387642790045
0.03762031719393172
0.037616745568188316
0.03761315893651931
0.03760956450882528
0.03760595868721893
0.037602338778023166
0.03759870835116778
0.03759506570155493
0.03759141186277299
0.03758774186056708
0.037584057067349595
0.03758036916691635
0.037576690204580016
0.03757300361865983
0.03756931106509143
0.03756558509469752
0.03756184832073439
0.03755810044007431
0.037554344212362756
0.03755057113933659
0.037546783540091014
0.03754299021794542
0.037539181866301695
0.0375353606962093
0.037531529851534774
0.03752768917175127
0.0375238191073003
0.03751991549465433
0.03751600599116129
0.037512095590037244
0.037508171244350824
0.037504232106538166
0.037500279753448745
0.037496310591468074
0.03749233004956805
0.037488341507485805
0.037484335613214195
0.037480314631660974
0.0374762865663024
0.0374722434085496
0.03746818227708594
0.03746411232122834
0.037460031257533125
0.03745594914133665
0.03745185812343075
0.03744775795809193
0.037443637442748874
0.03743950082104199
0.03743535448752601
0.03743119494300665
0.03742701997625885
0.037422834316348276
0.03741863619805934
0.03741441921754177
0.037410191475739256
0.03740595202528448
0.037401696809898334
0.03739739792198764
0.03739308090141077
0.03738874777018168
0.03738442517557214
0.037380084263596944
0.0373757213714418
0.03737134067414298
0.037366950380849896
0.03736254743994094
0.03735812613873382
0.037353690623010714
0.03734924342679963
0.037344779124748165
0.037340294092770156
0.0373357989088392
0.037331324945833036
0.0373268445533945
0.03732232039949795
0.03731778279777275
0.03731323442717526
0.03730867302581818
0.03730410029556595
0.03729951104686682
0.03729490329592033
0.03729028428475132
0.03728564967959026
0.03728099668884845
0.037276326010440855
0.03727160518670388
0.03726686647389513
0.037262120821511396
0.0372573838430891
0.037252620270431434
0.037247833331417346
0.03724303371941927
0.03723821740654772
0.03723338414736419
0.037228534312574516
0.03722365972332482
0.03721876903982706
0.03721387963698109
0.037209027919761946
0.037204126955499926
0.03719920702373607
0.03719426559807044
0.03718930229906716
0.03718433173405488
0.037179349497217594
0.037174344633393676
0.037169321896840676
0.037164289033298936
0.03715923936632707
0.03715416779557053
0.037149044511017706
0.03714390276943212
0.03713873678930376
0.03713358462952779
0.0371284255675968
0.03712322634670105
0.03711800382535319
0.03711276417148218
0.0371075116297684
0.03710223263793863
0.037096952224512134
0.03709168901193259
0.03708641040505802
0.03708109613946502
0.03707577540077929
0.037070431014317805
0.037065054554251534
0.03705966856381295
0.03705427390658513
0.0370488550062878
0.03704341839545164
0.03703797232390467
0.037032501474182716
0.03702697844103714
0.03702143019153357
0.03701585982578721
0.03701028422437158
0.03700470601232137
0.036999097727712094
0.03699345763699732
0.036987797103592866
0.03698213866819538
0.03697647401607783
0.036970797356114526
0.03696510799307738
0.03695939589371237
0.0369536620224439
0.03694791150505149
0.036942146385084806
0.03693635301962692
0.036930538855891495
0.03692471549740885
0.03691886782366138
0.03691299848729061
0.03690711473245846
0.03690115878855473
0.03689518108328501
0.036889174268207106
0.03688318912646011
0.03687718219297226
0.036871134294723475
0.0368650926265719
0.03685903191703164
0.03685295017436538
0.036846853664715296
0.0368407477689172
0.03683461698357654
0.0368284662307466
0.036822300321360094
0.03681610880687265
0.036809896313854534
0.036803665366897935
0.036797412948818206
0.03679113976506933
0.03678484560802355
0.03677846868323607
0.03677206433248101
0.036765638500389865
0.03675922655018443
0.036752813035173346
0.036746380416861096
0.036739923459162216
0.03673342750835089
0.03672690742727851
0.03672039133799191
0.03671385659867798
0.03670729870373502
0.036700714147226234
0.03669411276351773
0.0366874919654135
0.036680845828605924
0.036674177613713825
0.03666747086552001
0.036660735965885025
0.036653924790533615
0.036647094999452456
0.03664024472204178
0.03663343389425727
0.036626611209192854
0.03661974763440982
0.036612820422827895
0.03660588792896513
0.036598954576550456
0.03659200286835455
0.03658502517792941
0.036578026707515456
0.036571005412367304
0.03656395747134322
0.036556872646505464
0.03654976372956307
0.036542634755332426
0.03653544843166716
0.03652820253497737
0.036520961179216535
0.03651370801531476
0.03650646825878261
0.03649920037176021
0.036491844518910375
0.03648449830631278
0.03647714443118996
0.03646977342858172
0.036462378238169356
0.03645494863337224
0.03644748128390206
0.0364399993139892
0.03643248602427374
0.036424936154058424
0.036417381262769555
0.03640975150490717
0.03640209876548837
0.03639442006876569
0.03638674061372124
0.0363790478157696
0.03637128125352615
0.036363521316508586
0.03635575433181462
0.03634795234849491
0.036340112628795634
0.036332255965543354
0.03632436237285898
0.03631643274011471
0.03630848871137546
0.036300516562241744
0.036292532575790674
0.036284480802794485
0.03627639729636821
0.03626828401468974
0.03626013864444445
0.03625196571866063
0.03624379457940819
0.036235596689741946
0.036227357274472675
0.03621909550529594
0.03621079886048533
0.03620247366607741
0.03619412509772629
0.036185745898144904
0.03617735526323301
0.03616896032662651
0.03616048506622138
0.03615196337530863
0.03614339682208291
0.036134767265050514
0.03612614025514645
0.03611753751813751
0.03610889207316166
0.03610020447589131
0.0360914793308317
0.03608272986033942
0.03607395315850561
0.03606515434134415
0.036056357922301
0.03604754137778506
0.03603864245652721
0.0360296871295093
0.03602066338957908
0.036011562571819665
0.03600248395890876
0.035993443149283606
0.03598437136549313
0.03597523606780177
0.03596606192737311
0.035956869285059326
0.03594766886505104
0.03593845266005046
0.0359292012802095
0.035919927566671304
0.035910536727767776
0.03590106057145521
0.03589152832035283
0.03588196084550065
0.03587248487377614
0.035862974397948645
0.03585342540519177
0.03584381780906253
0.03583418804986276
0.03582456124879384
0.035814896113081605
0.0358051950263129
0.035795465253305986
0.035785598304498345
0.03577561393202865
0.03576561522993998
0.03575562225620237
0.03574568925917528
0.03573571693547527
0.03572570564897111
0.03571566031735426
0.03570558763994598
0.03569548497382765
0.03568535944711912
0.03567516258317282
0.03566486887753556
0.035654445167323835
0.03564398973555227
0.03563351654605672
0.03562311459017821
0.03561271137952416
0.03560226153312369
0.035591772331711825
0.035581249515194854
0.03557069711279942
0.03556006326935631
0.035549389547825445
0.035538621588195055
0.03552772345857885
0.035516763844096445
0.03550584251140815
0.03549498454799809
0.03548410928268482
0.03547320269312661
0.035462260557354554
0.03545123794008954
0.035440155941076246
0.03542903868034779
0.035417846941572476
0.035406504892885535
0.03539508723959464
0.03538367765766867
0.03537230879956622
0.035360994636854264
0.03534964209622472
0.03533823234416556
0.03532674308407331
0.03531519513557637
0.03530360446646461
0.035291901656947365
0.03528008531955573
0.03526818774005962
0.03525631459707337
0.03524447316585454
0.03523265730794507
0.035220815074497404
0.03520892610921015
0.0351969486521198
0.03518490173747765
0.03517275667519981
0.035160535657553726
0.035148184338976624
0.035135781044783015
0.03512348907452674
0.035111127211240316
0.03509879997044161
0.03508644989966625
0.03507403468111568
0.035061519585378266
0.03504887634197507
0.03503617462171151
0.03502336672763096
0.03501048486634756
0.034997686970735443
0.03498483173744649
0.034971955441211365
0.03495909660920138
0.03494619889343017
0.034933208016896394
0.03492003301230282
0.03490681756096029
0.03489352032531494
0.034880156978775584
0.03486682847962497
0.034853460721038135
0.034840049565543464
0.03482666306186074
0.0348132301278419
0.03479967200156318
0.034785981230872016
0.034772228908482354
0.03475838980612677
0.0347445373777789
0.0347306700792652
0.03471674281301478
0.03470280827518572
0.03468887788167935
0.03467482973059314
0.03466068042097117
0.03464643782277602
0.0346321334669735
0.034617744203739066
0.03460335783094743
0.03458891247537512
0.03457442626387466
0.03455995815163203
0.03454535782636955
0.03453068331210781
0.034515978536195195
0.03450115271795407
0.034486231299868574
0.034471315750615024
0.03445633643421644
0.0344412928873568
0.03442621718209943
0.034411038652749054
0.03439585453213847
0.034380591558205914
0.03436521828351278
0.03434979544983501
0.03433430490975926
0.034318748050593054
0.034303118446142526
0.034287395642459785
0.03427167366577409
0.03425592020984004
0.03424010381719061
0.03422416141386998
0.03420813339565649
0.034192054307158506
0.03417589852713023
0.03415956554056132
0.03414329127155563
0.034126999673697346
0.0341106611249177
0.03409420020861208
0.03407765047663818
0.03406100045378251
0.034044266602153726
0.03402737500753466
0.03401053131397993
0.03399366781361556
0.033976732334660927
0.03395972985593346
0.03394260106350119
0.033925389062516194
0.033908037556076034
0.03389059793737791
0.03387314901565141
0.03385567952893117
0.03383812636101145
0.033820538283472985
0.03380281827206643
0.03378500281817001
0.0337670431272602
0.0337489974944277
0.03373092735781632
0.033712821083966026
0.033694601118001447
0.03367643440068161
0.0336580731464134
0.03363961328246563
0.033621015915841136
0.03360234653671466
0.03358361450725812
0.03356482176129386
0.03354600075214675
0.03352716777884135
0.033508154849944155
0.03348898764351391
0.03346973455504781
0.033450357111197204
0.03343096306449569
0.03341150233529725
0.03339210339773177
0.033372540054126605
0.03335275935585586
0.03333289522888121
0.033312938069229615
0.033292865302223446
0.033272766714461215
0.03325275614261126
0.03323259258172696
0.03321218564401444
0.03319165490258303
0.03317105012253576
0.03315034876187938
0.03312959240748707
0.033108958047885315
0.03308810948597093
0.033067049828249435
0.03304583983229382
0.03302454736168179
0.03300318519906832
0.0329818171287765
0.032960502054351096
0.032938857567266694
0.03291712046232735
0.03289520864581774
0.032873201561313625
0.032851145445962404
0.03282918797398088
0.03280705106564646
0.03278464601426548
0.03276217098883499
0.032739542455191346
0.0327168155807418
0.032694075766537364
0.03267139490682767
0.0326484158757428
0.03262523806018451
0.03260201251568217
0.03257868067264728
0.03255521483332495
0.032531745709053296
0.03250820356717703
0.03248443710025968
0.03246047388368434
0.032436441585655305
0.032412328572845255
0.03238813109817339
0.03236385175854885
0.03233942248152078
0.03231481353533944
0.03229010638089149
0.03226522819648108
0.032240256031675595
0.032215285615499745
0.03219021554526329
0.03216482208901728
0.032139345330004065
0.032113818165238235
0.032088101248469454
0.032062274991464114
0.032036435857244826
0.03201039229555858
0.03198418636095571
0.031957815866329745
0.03193128632215411
0.03190473938855844
0.03187810356398057
0.031851237210169504
0.03182424264941785
0.031797134124053696
0.03176979403901088
0.03174236011060795
0.03171489655931528
0.031687275901149885
0.031659486219778606
0.03163147469012955
0.03160327280219712
0.0315750130830556
0.03154674735635857
0.03151822520492349
0.03148956176039192
0.03146063257146993
0.031431597670889336
0.03140250461453728
0.03137332226740856
0.03134390461674236
0.031314300940698085
0.031284472132364904
0.03125458081478311
0.031224584309332993
0.03119443235829494
0.031164082184235786
0.031133442013804007
0.031102768873458395
0.031071934028478413
0.03104101883731444
0.031009845594117378
0.030978393907847478
0.030946879702107053
0.030915272100642117
0.03088346488855363
0.03085146502893946
0.030819179570679204
0.030786781965713706
0.03075436324963447
0.03072168833403076
0.030688805148756423
0.03065565526558813
0.03062237413798099
0.03058906665030704
0.030555523195107393
0.030521719924529057
0.030487670653283824
0.030453486267060743
0.03041921771627377
0.030384750076115415
0.03035004196715486
0.030315068392132914
0.03027992389424179
0.030244666375876583
0.030209222758133574
0.030173608665570575
0.030137632513057937
0.030101471436210232
0.03006520966223091
0.03002879777748116
0.029992171787512515
0.029955189600109986
0.02991796453532456
0.029880705160281084
0.029843246569840602
0.02980557205532045
0.029767495649818492
0.02972925549057586
0.029690941915493253
0.02965241048104732
0.029613583284338767
0.0295744376323755
0.029535165039137376
0.029495725610267993
0.029456020289307373
0.029416046147545352
0.029375784501752905
0.029335398213078696
0.029294742867227507
0.029253853503723126
0.02921273520235685
0.029171284563403437
0.02912966053216317
0.029087812757849912
0.029045707601108466
0.0290033424154629
0.028960637870800103
0.02891779530778514
0.028874673309458733
0.028831348374162225
0.02878756522947857
0.028743635248235252
0.02869951200836505
0.028655112010220377
0.028610356862601025
0.02856527294981925
0.02852006514767764
0.028474599613772928
0.028428771245506978
0.028382563284955996
0.028336220516445604
0.028289620969302397
0.028242682250704636
0.02819536034693844
0.02814779962647686
0.02810001318678425
0.02805192388751432
0.028003454916796032
0.0279546841884346
0.027905661374351028
0.027856342562598526
0.027806671874961126
0.027756669979345047
0.027706368156133462
0.02765577289832564
0.027604817300628606
0.027553577244275724
0.027501967583385672
0.02745004262246327
0.02739774320957063
0.027345165637522335
0.02729221206641414
0.027238902415187425
0.027185256286201966
0.0271312668354122
0.02707693273909697
0.027022195547575536
0.026967138776201268
0.02691168959024974
0.026855910074794112
0.026799740017184836
0.026743200215889575
0.026686230107772033
0.02662891595272635
0.026571234746253617
0.02651316938581629
0.026454618638388196
0.026395709143357735
0.026336454980289956
0.026276815220046313
0.02621664668668248
0.026156081167319083
0.02609514501061861
0.02603383165179341
0.025972005174241343
0.025909736455974802
0.02584706259931172
0.025783980461188773
0.025720426628041956
0.025656379264052284
0.025591885964111244
0.025526998212490486
0.025461629173414265
0.025395707490094555
0.025329332634963578
0.02526254213008989
0.025195257867890786
0.025127394610303087
0.025059062974923094
0.02499026280162765
0.024921005752591777
0.02485111264188032
0.024780685768125525
0.024709818496666137
0.024638487537708684
0.024566496064939256
0.024493876586227172
0.024420792008140017
0.024347285532294566
0.024273125138543638
0.024198267328390477
0.02412281902096129
0.024046973033017928
0.023970538692077648
0.023893365239165017
0.023815492130989154
0.023737113707963834
0.02365824425849987
0.02357869445349439
0.02349831355115148
0.023417317657582457
0.02333577989665191
0.023253635941867044
0.023170707602926284
0.02308701876988965
0.023002628477471813
0.02291766056031876
0.022832032927245866
0.022745581103970895
0.02265824681958446
0.02257028053207325
0.02248169295937483
0.02239228272465692
0.022301944732941302
0.02221085536570458
0.02211904541228902
0.02202646307516462
0.021932957640110478
0.021838599849176337
0.02174343521285798
0.021647366473166056
0.021550468968207205
0.021452649506339874
0.02135399519011833
0.021254266374506548
0.02115376641178688
0.02105230458192373
0.02094995409404254
0.020846643307994215
0.020742316503544356
0.02063714194557749
0.020530875007382664
0.020423695449175817
0.020315373801929958
0.020206047756415168
0.020095602652245324
0.019984108888250016
0.019871574927071776
0.01975776559294449
0.019642855909042935
0.01952668808450683
0.019409496039502448
0.019290861559524627
0.01917101153644476
0.019049913518880114
0.01892739490907554
0.01880363280986255
0.01867842419457199
0.018551877543236325
0.018423779190545626
0.018294279885114173
0.018163147037783153
0.018030529239061007
0.017896380773641297
0.017760458178735797
0.017622925448732504
0.01748357908121733
0.017342564230017007
0.017199789341949566
0.017055043555437126
0.01690829030617619
0.0167596338149666
0.01660902333069342
0.016456287312553018
0.016301375425180228
0.016144084804417525
0.015984612933510847
0.015822853869505587
0.01565864260158898
0.015491767955264968
0.015322192428064263
0.015150254895661425
0.014975739032829307
0.014798392998759478
0.014617951753784405
0.014434688529862598
0.014248469189044238
0.014059062252538446
0.013866180449711074
0.013669499242484041
0.01346931418397549
0.013265494887863358
0.013057539720524685
0.012845060793014238
0.012628014385880324
0.012406367974192232
0.012179896834576301
0.011948099125459967
0.011710154761295272
0.011466175466851424
0.011216030413514901
0.010959208336539778
0.010694830382765117
0.01042206071958436
0.010140657342190058
0.009850087040009864
0.009549455119976577
0.009237297757150317
0.008912191900757096
0.008573194382292468
0.00821892312705532
0.007846879097469714
0.007453835766122312
0.007036555635319265
0.006591172649893848
0.006112532610673938
0.00559133588314849
0.005013526930638002
0.004356502957556679
0.003576808863064932
0.0025644501081425112
0.0005637243976847689
0.0
0.0
0.0
0.0
0.0
0.0
0.0
0.0
0.0
0.0
0.0
0.0
0.0
0.0
0.0
0.0
0.0
0.0
0.0
0.0
0.0
0.0
0.0
0.0
0.0
0.0
0.0
0.0
0.0
0.0
0.0
0.0
0.0
0.0
0.0
0.0
0.0
0.0
0.0
0.0
0.0
0.0
0.0
0.0
0.0
0.0
0.0
0.0
0.0
0.0
0.0
0.0
0.0
0.0
0.0
0.0
0.0
0.0
0.0
0.0
0.0
0.0
0.0
0.0
0.0
0.0
0.0
0.0
0.0
0.0
0.0
0.0
0.0
0.0
0.0
0.0
0.0
0.0
0.0
0.0
0.0
0.0
0.0
0.0
0.0
0.0
0.0
0.0
0.0
0.0
0.0
0.0
0.0
0.0
0.0
0.0
0.0
0.0
0.0
0.0
0.0
0.0
0.0
0.0
0.0
0.0
0.0
0.0
0.0
0.0
0.0
0.0
0.0
0.0
0.0
0.0
0.0
0.0
0.0
0.0
0.0
0.0
0.0
0.0
0.0
0.0
0.0
0.0
0.0
0.0
0.0
0.0
0.0
0.0
0.0
0.0
0.0
0.0
0.0
0.0
0.0
0.0
0.0
0.0
0.0
0.0
0.0
0.0
0.0
0.0
0.0
0.0
0.0
0.0
0.0
0.0
0.0
0.0
0.0
0.0
0.0
0.0
0.0
0.0
0.0
0.0
0.0
0.0
0.0
0.0
0.0
0.0
0.0
0.0
0.0
0.0
0.0
0.0
0.0
0.0
0.0
0.0
0.0
0.0
0.0
0.0
0.0
0.0
0.0
0.0
0.0
0.0
0.0
0.0
0.0
0.0
0.0
0.0
0.0
0.0
0.0
0.0
0.0
0.0
0.0
0.0
0.0
0.0
0.0
0.0
0.0
0.0
0.0
0.0
0.0
0.0
0.0
0.0
0.0
0.0
0.0
0.0
0.0
0.0
0.0
0.0
0.0
0.0
0.0
0.0
0.0
0.0
0.0
0.0
0.0
0.0
0.0
0.0
0.0
0.0
0.0
0.0
0.0
0.0
0.0
0.0
0.0
0.0
0.0
0.0
0.0
0.0
0.0
0.0
0.0
0.0
0.0
0.0
0.0
0.0
0.0
0.0
0.0
0.0
0.0
0.0
0.0
0.0
0.0
0.0
0.0
0.0
0.0
0.0
0.0
0.0
0.0
0.0
0.0
0.0
0.0
0.0
0.0
0.0
0.0
0.0
0.0
0.0
0.0
0.0
0.0
0.0
0.0
0.0
0.0
0.0
0.0
0.0
0.0
0.0
0.0
0.0
0.0
0.0
0.0
0.0
0.0
0.0
0.0
0.0
0.0
0.0
0.0
0.0
0.0
0.0
0.0
0.0
0.0
0.0
0.0
0.0
0.0
0.0
0.0
0.0
0.0
0.0
0.0
0.0
0.0
0.0
0.0
0.0
0.0
0.0
0.0
0.0
0.0
0.0
0.0
0.0
0.0
0.0
0.0
0.0
0.0
0.0
0.0
0.0
0.0
0.0
0.0
0.0
0.0
0.0
0.0
0.0
0.0
0.0
0.0
0.0
0.0
0.0
0.0
0.0
0.0
0.0
0.0
0.0
0.0
0.0
0.0
0.0
0.0
0.0
0.0
0.0
0.0
0.0
0.0
0.0
0.0
0.0
0.0
0.0
0.0
0.0
0.0
0.0
0.0
0.0
0.0
0.0
0.0
0.0
0.0
0.0
0.0
0.0
0.0
0.0
0.0
0.0
0.0
0.0
0.0
0.0
0.0
0.0
0.0
0.0
0.0
0.0
0.0
0.0
0.0
0.0
0.0
0.0
0.0
0.0
0.0
0.0
0.0
0.0
0.0
0.0
0.0
0.0
0.0
0.0
0.0
0.0
0.0
0.0
0.0
0.0
0.0
0.0
0.0
0.0
0.0
0.0
0.0
0.0
0.0
0.0
0.0
0.0
0.0
0.0
0.0
0.0
0.0
0.0
0.0
0.0
0.0
0.0
0.0
0.0
0.0
0.0
0.0
0.0
0.0
0.0
0.0
0.0
0.0
0.0
0.0
0.0
0.0
0.0
0.0
0.0
0.0
0.0
0.0
0.0
0.0
0.0
0.0
0.0
0.0
0.0
0.0
0.0
0.0
0.0
0.0
0.0
0.0
0.0
0.0
0.0
0.0
0.0
0.0
0.0
0.0
0.0
0.0
0.0
0.0
0.0
0.0
0.0
0.0
0.0
0.0
0.0
0.0
0.0
0.0
0.0
0.0
0.0
0.0
0.0
0.0
0.0
0.0
0.0
0.0
0.0
0.0
0.0
0.0
0.0
0.0
0.0
0.0
0.0
0.0
0.0
0.0
0.0
0.0
0.0
0.0
0.0
0.0
0.0
0.0
0.0
0.0
0.0
0.0
0.0
0.0
0.0
0.0
0.0
0.0
0.0
0.0
0.0
0.0
0.0
0.0
0.0
0.0
0.0
0.0
0.0
0.0
0.0
0.0
0.0
0.0
0.0
0.0
0.0
0.0
0.0
0.0
0.0
0.0
0.0
0.0
0.0
0.0
0.0
0.0
0.0
0.0
0.0
0.0
0.0
0.0
0.0
0.0
0.0
0.0
0.0
0.0
0.0
0.0
0.0
0.0
0.0
0.0
0.0
0.0
0.0
0.0
0.0
0.0
0.0
0.0
0.0
0.0
0.0
0.0
0.0
0.0
0.0
0.0
0.0
0.0
0.0
0.0
0.0
0.0
0.0
0.0
0.0
0.0
0.0
0.0
0.0
0.0
0.0
0.0
0.0
0.0
0.0
0.0
0.0
0.0
0.0
0.0
0.0
0.0
0.0
0.0
0.0
0.0
0.0
0.0
0.0
0.0
0.0
0.0
0.0
0.0
0.0
0.0
0.0
0.0
0.0
0.0
0.0
0.0
0.0
0.0
0.0
0.0
0.0
0.0
0.0
0.0
0.0
0.0
0.0
0.0
0.0
0.0
0.0
0.0
0.0
0.0
0.0
0.0
0.0
0.0
0.0
0.0
0.0
0.0
0.0
0.0
0.0
0.0
0.0
0.0
0.0
0.0
0.0
0.0
0.0
0.0
0.0
0.0
0.0
0.0
0.0
0.0
0.0
0.0
0.0
0.0
0.0
0.0
0.0
0.0
0.0
0.0
0.0
0.0
0.0
0.0
0.0
0.0
0.0
0.0
0.0
0.0
0.0
0.0
0.0
0.0
0.0
0.0
0.0
0.0
0.0
0.0
0.0
0.0
0.0
0.0
0.0
0.0
0.0
0.0
0.0
0.0
0.0
0.0
0.0
0.0
0.0
0.0
0.0
0.0
0.0
0.0
0.0
0.0
0.0
0.0
0.0
0.0
0.0
0.0
0.0
0.0
0.0
0.0
0.0
0.0
0.0
0.0
0.0
0.0
0.0
0.0
0.0
0.0
0.0
0.0
0.0
0.0
0.0
0.0
0.0
0.0
0.0
0.0
0.0
0.0
0.0
0.0
0.0
0.0
0.0
0.0
0.0
0.0
0.0
0.0
0.0
0.0
0.0
0.0
0.0
0.0
0.0
0.0
0.0
0.0
0.0
0.0
0.0
0.0
0.0
0.0
0.0
0.0
0.0
0.0
0.0
0.0
0.0
0.0
0.0
0.0
0.0
0.0
0.0
0.0
0.0
0.0
0.0
0.0
0.0
0.0
0.0
0.0
0.0
0.0
0.0
0.0
0.0
0.0
0.0
0.0
0.0
0.0
0.0
0.0
0.0
0.0
0.0
0.0
0.0
0.0
0.0
0.0
0.0
0.0
0.0
0.0
0.0
0.0
0.0
0.0
0.0
0.0
0.0
0.0
0.0
0.0
0.0
0.0
0.0
0.0
0.0
0.0
0.0
0.0
0.0
0.0
0.0
0.0
0.0
0.0
0.0
0.0
0.0
0.0
0.0
0.0
0.0
0.0
0.0
0.0
0.0
0.0
0.0
0.0
0.0
0.0
0.0
0.0
0.0
0.0
0.0
0.0
0.0
0.0
0.0
0.0
0.0
0.0
0.0
0.0
0.0
0.0
0.0
0.0
0.0
0.0
0.0
0.0
0.0
0.0
0.0
0.0
0.0
0.0
0.0
0.0
0.0
0.0
0.0
0.0
0.0
0.0
0.0
0.0
0.0
0.0
0.0
0.0
0.0
0.0
0.0
0.0
0.0
0.0
0.0
0.0
0.0
0.0
0.0
0.0
0.0
0.0
0.0
0.0
0.0
0.0
0.0
0.0
0.0
0.0
0.0
0.0
0.0
0.0
0.0
0.0
0.0
0.0
0.0
0.0
0.0
0.0
0.0
0.0
0.0
0.0
0.0
0.0
0.0
0.0
0.0
0.0
0.0
0.0
0.0
0.0
0.0
0.0
0.0
0.0
0.0
0.0
0.0
0.0
0.0
0.0
0.0
0.0
0.0
0.0
0.0
0.0
0.0
0.0
0.0
0.0
0.0
0.0
0.0
0.0
0.0
0.0
0.0
0.0
0.0
0.0
0.0
0.0
0.0
0.0
0.0
0.0
0.0
0.0
0.0
0.0
0.0
0.0
0.0
0.0
0.0
0.0
0.0
0.0
0.0
0.0
0.0
0.0
0.0
0.0
0.0
0.0
0.0
0.0
0.0
0.0
0.0
0.0
0.0
0.0
0.0
0.0
0.0
0.0
0.0
0.0
0.0
0.0
0.0
0.0
0.0
0.0
0.0
0.0
0.0
0.0
0.0
0.0
0.0
0.0
0.0
0.0
0.0
0.0
0.0
0.0
0.0
0.0
0.0
0.0
0.0
0.0
0.0
0.0
0.0
0.0
0.0
0.0
0.0
0.0
0.0
0.0
0.0
0.0
0.0
0.0
0.0
0.0
0.0
0.0
0.0
0.0
0.0
0.0
0.0
0.0
0.0
0.0
0.0
0.0
0.0
0.0
0.0
0.0
0.0
0.0
0.0
0.0
0.0
0.0
0.0
0.0
0.0
0.0
0.0
0.0
0.0
0.0
0.0
0.0
0.0
0.0
0.0
0.0
0.0
0.0
0.0
0.0
0.0
0.0
0.0
0.0
0.0
0.0
0.0
0.0
0.0
0.0
0.0
0.0
0.0
0.0
0.0
0.0
0.0
0.0
0.0
0.0
0.0
0.0
0.0
0.0
0.0
0.0
0.0
0.0
0.0
0.0
0.0
0.0
0.0
0.0
0.0
0.0
0.0
0.0
0.0
0.0
0.0
0.0
0.0
0.0
0.0
0.0
0.0
0.0
0.0
0.0
0.0
0.0
0.0
0.0
0.0
0.0
0.0
0.0
0.0
0.0
0.0
0.0
0.0
0.0
0.0
0.0
0.0
0.0
0.0
0.0
0.0
0.0
0.0
0.0
0.0
0.0
0.0
0.0
0.0
0.0
0.0
0.0
0.0
0.0
0.0
0.0
0.0
0.0
0.0
0.0
0.0
0.0
0.0
0.0
0.0
0.0
0.0
0.0
0.0
0.0
0.0
0.0
0.0
0.0
0.0
0.0
0.0
0.0
0.0
0.0
0.0
0.0
0.0
0.0
0.0
0.0
0.0
0.0
0.0
0.0
0.0
0.0
0.0
0.0
0.0
0.0
0.0
0.0
0.0
0.0
0.0
0.0
0.0
0.0
0.0
0.0
0.0
0.0
0.0
0.0
0.0
0.0
0.0
0.0
0.0
0.0
0.0
0.0
0.0
0.0
0.0
0.0
0.0
0.0
0.0
0.0
0.0
0.0
0.0
0.0
0.0
0.0
0.0
0.0
0.0
0.0
0.0
0.0
0.0
0.0
0.0
0.0
0.0
0.0
0.0
0.0
0.0
0.0
0.0
0.0
0.0
0.0
0.0
0.0
0.0
0.0
0.0
0.0
0.0
0.0
0.0
0.0
0.0
0.0
0.0
0.0
0.0
0.0
0.0
0.0
0.0
0.0
0.0
0.0
0.0
0.0
0.0
0.0
0.0
0.0
0.0
0.0
0.0
0.0
0.0
0.0
0.0
0.0
0.0
0.0
0.0
0.0
0.0
0.0
0.0
0.0
0.0
0.0
0.0
0.0
0.0
0.0
0.0
0.0
0.0
0.0
0.0
0.0
0.0
0.0
0.0
0.0
0.0
0.0
0.0
0.0
0.0
0.0
0.0
0.0
0.0
0.0
0.0
0.0
0.0
0.0
0.0
0.0
0.0
0.0
0.0
0.0
0.0
0.0
0.0
0.0
0.0
0.0
0.0
0.0
0.0
0.0
0.0
0.0
0.0
0.0
0.0
0.0
0.0
0.0
0.0
0.0
0.0
0.0
0.0
0.0
0.0
0.0
0.0
0.0
0.0
0.0
0.0
0.0
0.0
0.0
0.0
0.0
0.0
0.0
0.0
0.0
0.0
0.0
0.0
0.0
0.0
0.0
0.0
0.0
0.0
0.0
0.0
0.0
0.0
0.0
0.0
0.0
0.0
0.0
0.0
0.0
0.0
0.0
0.0
0.0
0.0
0.0
0.0
0.0
0.0
0.0
0.0
0.0
0.0
0.0
0.0
0.0
0.0
0.0
0.0
0.0
0.0
0.0
0.0
0.0
0.0
0.0
0.0
0.0
0.0
0.0
0.0
0.0
0.0
0.0
0.0
0.0
0.0
0.0
0.0
0.0
0.0
0.0
0.0
0.0
0.0
0.0
0.0
0.0
0.0
0.0
0.0
0.0
0.0
0.0
0.0
0.0
0.0
0.0
0.0
0.0
0.0
0.0
0.0
0.0
0.0
0.0
0.0
0.0
0.0
0.0
0.0
0.0
0.0
0.0
0.0
0.0
0.0
0.0
0.0
0.0
0.0
0.0
0.0
0.0
0.0
0.0
0.0
0.0
0.0
0.0
0.0
0.0
0.0
0.0
0.0
0.0
0.0
0.0
0.0
0.0
0.0
0.0
0.0
0.0
0.0
0.0
0.0
0.0
0.0
0.0
0.0
0.0
0.0
0.0
0.0
0.0
0.0
0.0
0.0
0.0
0.0
0.0
0.0
0.0
0.0
0.0
0.0
0.0
0.0
0.0
0.0
0.0
0.0
0.0
0.0
0.0
0.0
0.0
0.0
0.0
0.0
0.0
0.0
0.0
0.0
0.0
0.0
0.0
0.0
0.0
0.0
0.0
0.0
0.0
0.0
0.0
0.0
0.0
0.0
0.0
0.0
0.0
0.0
0.0
0.0
0.0
0.0
0.0
0.0
0.0
0.0
0.0
0.0
0.0
0.0
0.0
0.0
0.0
0.0
0.0
0.0
0.0
0.0
0.0
0.0
0.0
0.0
0.0
0.0
0.0
0.0
0.0
0.0
0.0
0.0
0.0
0.0
0.0
0.0
0.0
0.0
0.0
0.0
0.0
0.0
0.0
0.0
0.0
0.0
0.0
0.0
0.0
0.0
0.0
0.0
0.0
0.0
0.0
0.0
0.0
0.0
0.0
0.0
0.0
0.0
0.0
0.0
0.0
0.0
0.0
0.0
0.0
0.0
0.0
0.0
0.0
0.0
0.0
0.0
0.0
0.0
0.0
0.0
0.0
0.0
0.0
0.0
0.0
0.0
0.0
0.0
0.0
0.0
0.0
0.0
0.0
0.0
0.0
0.0
0.0
0.0
0.0
0.0
0.0
0.0
0.0
0.0
0.0
0.0
0.0
0.0
0.0
0.0
0.0
0.0
0.0
0.0
0.0
0.0
0.0
0.0
0.0
0.0
0.0
0.0
0.0
0.0
0.0
0.0
0.0
0.0
0.0
0.0
0.0
0.0
0.0
0.0
0.0
0.0
0.0
0.0
0.0
0.0
0.0
0.0
0.0
0.0
0.0
0.0
0.0
0.0
0.0
0.0
0.0
0.0
0.0
0.0
0.0
0.0
0.0
0.0
0.0
0.0
0.0
0.0
0.0
0.0
0.0
0.0
0.0
0.0
0.0
0.0
0.0
0.0
0.0
0.0
0.0
0.0
0.0
0.0
0.0
0.0
0.0
0.0
0.0
0.0
0.0
0.0
0.0
0.0
0.0
0.0
0.0
0.0
0.0
0.0
0.0
0.0
0.0
0.0
0.0
0.0
0.0
0.0
0.0
0.0
0.0
0.0
0.0
0.0
0.0
0.0
0.0
0.0
0.0
0.0
0.0
0.0
0.0
0.0
0.0
0.0
0.0
0.0
0.0
0.0
0.0
0.0
0.0
0.0
0.0
0.0
0.0
0.0
0.0
0.0
0.0
0.0
0.0
0.0
0.0
0.0
0.0
0.0
0.0
0.0
0.0
0.0
0.0
0.0
0.0
0.0
0.0
0.0
0.0
0.0
0.0
0.0
0.0
0.0
0.0
0.0
0.0
0.0
0.0
0.0
0.0
0.0
0.0
0.0
0.0
0.0
0.0
0.0
0.0
0.0
0.0
0.0
0.0
0.0
0.0
0.0
0.0
0.0
0.0
0.0
0.0
0.0
0.0
0.0
0.0
0.0
0.0
0.0
0.0
0.0
0.0
0.0
0.0
0.0
0.0
0.0
0.0
0.0
0.0
0.0
0.0
0.0
0.0
0.0
0.0
0.0
0.0
0.0
0.0
0.0
0.0
0.0
0.0
0.0
0.0
0.0
0.0
0.0
0.0
0.0
0.0
0.0
0.0
0.0
0.0
0.0
0.0
0.0
0.0
0.0
0.0
0.0
0.0
0.0
0.0
0.0
0.0
0.0
0.0
0.0
0.0
0.0
0.0
0.0
0.0
0.0
0.0
