0.08230693509140587
0.08230707235755226
0.08230717062555087
0.08230724359096829
0.08230729920501591
0.0823073421219956
0.08230737524304546
0.08230740048267286
0.08230741917074115
0.082307432273159
0.08230744051829686
0.08230744451218712
0.08230744483316778
0.08230744184140612
0.08230743586650797
0.08230742715357822
0.08230741591703632
0.08230740232782953
0.08230738653980338
0.08230736868134013
0.08230734886224755
0.08230732718578881
0.08230730378694426
0.08230727875498157
0.08230725213598897
0.08230722397977132
0.08230719434937697
0.08230716330686928
0.08230713088147946
0.08230709709066704
0.08230706196903827
0.08230702556153825
0.08230698792199041
0.0823069490686141
0.08230690905863501
0.08230686790547757
0.08230682561784729
0.08230678223772027
0.08230673777899204
0.08230669224522678
0.08230664565592961
0.0823065980578984
0.08230654948490847
0.08230649992992178
0.0823064494000252
0.0823063978963563
0.08230634544497813
0.08230629210405134
0.0823062378690692
0.08230618276404315
0.08230612677669133
0.08230606989997395
0.08230601213415008
0.08230595348431838
0.08230589395658999
0.08230583357258887
0.08230577237477399
0.0823057103740582
0.08230564754963215
0.08230558390877761
0.08230551948810504
0.08230545424200798
0.08230538818125789
0.08230532130690944
0.08230525363073782
0.08230518517931115
0.08230511597375277
0.0823050460079493
0.08230497526405005
0.08230490373763975
0.08230483142643599
0.08230475834379121
0.08230468454539717
0.08230461002608447
0.08230453477253698
0.0823044587766126
0.0823043820465777
0.08230430458800696
0.0823042263954941
0.08230414746222536
0.08230406778079308
0.08230398734987872
0.08230390617584037
0.08230382426059377
0.08230374160741766
0.08230365824917062
0.08230357416562027
0.08230348937341632
0.08230340394273013
0.0823033178005799
0.08230323094973178
0.08230314336461808
0.08230305505949698
0.08230296602608239
0.08230287626086266
0.08230278577011582
0.08230269455157053
0.08230260260901134
0.08230250996208888
0.08230241660955874
0.0823023225470074
0.08230222777643867
0.08230213235127057
0.082302036209843
0.08230193940321189
0.08230184191974653
0.08230174373105116
0.08230164482097845
0.08230154518947459
0.08230144483752651
0.08230134376330597
0.08230124196675714
0.0823011394543157
0.0823010362358704
0.08230093231092132
0.08230082767099857
0.08230072230942982
0.0823006162269532
0.08230050945767636
0.08230040197097951
0.08230029375896875
0.08230018484270979
0.08230007523048925
0.08229996492978862
0.08229985393551671
0.0822997422260977
0.0822996297886061
0.08229951662541088
0.08229940274159997
0.08229928814254078
0.08229917282610456
0.08229905677278603
0.0822989399856156
0.082298822461252
0.0822987042276726
0.08229858527153741
0.08229846558401914
0.08229834515700897
0.08229822399570462
0.08229810210285352
0.08229797948279292
0.08229785614562006
0.08229773207632596
0.08229760725887512
0.08229748171924392
0.08229735547737055
0.08229722849550697
0.08229710075156912
0.08229697226179972
0.08229684303391512
0.08229671303540145
0.08229658229444527
0.08229645083986085
0.08229631859091888
0.08229618558105409
0.08229605182300331
0.08229591727483686
0.08229578197010647
0.08229564592804674
0.0822955091021108
0.08229537150210654
0.0822952331567056
0.0822950940510632
0.08229495416591931
0.08229481349718597
0.08229467206276318
0.08229452987198063
0.0822943868935802
0.08229424316565812
0.08229409864535966
0.08229395340342537
0.08229380739516858
0.08229366057677591
0.0822935129629709
0.08229336453726162
0.08229321530502692
0.08229306527272173
0.08229291443975466
0.08229276279324554
0.08229261034089767
0.08229245707255779
0.08229230297430758
0.08229214806513872
0.08229199235992699
0.0822918358541941
0.08229167851632474
0.08229152033977266
0.08229136133701108
0.08229120151011503
0.08229104085661769
0.08229087938577472
0.08229071695722022
0.08229055371191153
0.08229038960706116
0.08229022469895947
0.08229005896145777
0.08228989238948861
0.08228972499289167
0.08228955672793162
0.08228938758535875
0.08228921760520418
0.08228904640468315
0.0822888741083915
0.08228870096951076
0.08228852693198092
0.08228835203660854
0.08228817631125085
0.08228799965136135
0.08228782214288989
0.08228764375527851
0.08228746443811949
0.08228728429862676
0.08228710325030435
0.08228692130415789
0.08228673846118294
0.08228655471071462
0.08228637006716326
0.08228618449775857
0.08228599802596637
0.08228581066079757
0.08228562237572597
0.08228543316323365
0.0822852430543232
0.08228505205532727
0.08228486012620101
0.08228466726928955
0.08228447351573401
0.08228427882799638
0.08228408319388122
0.08228388654522956
0.08228368903257369
0.08228349061541508
0.08228329120896921
0.08228309078603464
0.08228288949307948
0.08228268725405302
0.08228248402032166
0.08228227978605766
0.08228207461936272
0.0822818684838049
0.08228166134624769
0.082281453230484
0.08228124410773018
0.08228103398807911
0.08228082288648593
0.08228061082095231
0.08228039778263666
0.08228018371255819
0.08227996860786091
0.08227975250996125
0.08227953540214081
0.08227931729388299
0.08227909816640507
0.08227887796184168
0.08227865672766305
0.08227843456405821
0.08227821135814271
0.08227798713812116
0.08227776195087412
0.08227753570940116
0.08227730839338296
0.08227708002256685
0.08227685064257731
0.08227662024130133
0.08227638873410467
0.08227615612518344
0.08227592242128257
0.08227568766578958
0.08227545187045177
0.08227521499524919
0.08227497699479298
0.08227473788194753
0.08227449770485758
0.08227425646966759
0.08227401412925879
0.08227377065771431
0.08227352607028875
0.0822732803546426
0.08227303352487858
0.08227278561021277
0.0822725365760315
0.08227228642517753
0.08227203512432717
0.08227178268247679
0.08227152912485838
0.08227127431268712
0.08227101845266438
0.0822707614734848
0.08227050336468805
0.08227024411448974
0.08226998370202675
0.08226972208806939
0.08226945928098726
0.08226919531295751
0.08226893021818373
0.08226866397590767
0.08226839651803436
0.08226812781754611
0.08226785788684385
0.08226758677674403
0.0822673145081657
0.08226704104721803
0.08226676636369422
0.08226649044120608
0.08226621325936039
0.08226593480441727
0.08226565511688301
0.08226537424697578
0.08226509215817937
0.0822648088200294
0.08226452423218983
0.08226423840118602
0.08226395130531727
0.08226366291280046
0.08226337326200768
0.08226308235823446
0.08226279014149221
0.08226249666299122
0.08226220193708718
0.08226190593170629
0.08226160859892873
0.082261309915771
0.08226100993475786
0.08226070868324559
0.08226040612831344
0.08226010224588234
0.08225979703559788
0.08225949049235054
0.0822591826046214
0.08225887336619894
0.08225856278484858
0.08225825086482008
0.08225793758836888
0.08225762293202589
0.08225730688857705
0.08225698946858537
0.08225667068938143
0.08225635055671496
0.0822560290588654
0.08225570618138896
0.08225538191440142
0.08225505625053606
0.08225472918232442
0.0822544006978751
0.0822540707744874
0.08225373939256274
0.08225340657301097
0.08225307231675694
0.08225273661533292
0.08225239951069079
0.08225206098036784
0.08225172100134497
0.08225137973961685
0.08225103709216748
0.08225069296492872
0.08225034731484242
0.08225000017120036
0.0822496515541308
0.08224930144807968
0.0822489498316678
0.08224859670441598
0.0822482420739371
0.08224788594103784
0.08224752830467165
0.08224716916174736
0.08224680850731297
0.08224644632938224
0.08224608257238539
0.08224571721778932
0.08224535029096139
0.08224498179756755
0.08224461174308344
0.08224424012275923
0.08224386692722543
0.08224349214935
0.0822431157853293
0.08224273783501529
0.08224235829752484
0.08224197716713795
0.08224159443946967
0.0822412101134934
0.08224082417021264
0.08224043657811943
0.08224004731742314
0.08223965635520149
0.08223926374991063
0.08223886947753918
0.08223847352701076
0.08223807593678317
0.08223767665845128
0.08223727567922555
0.08223687301472173
0.08223646866908482
0.08223606263744183
0.08223565494561463
0.08223524559836093
0.08223483444185924
0.08223442154010858
0.08223400691909642
0.08223359059749684
0.08223317247989279
0.08223275257489841
0.08223233090933814
0.0822319074848101
0.08223148230076352
0.08223105536930819
0.08223062667527509
0.08223019615344278
0.0822297637993907
0.08222932962568953
0.08222889362940007
0.08222845583091894
0.08222801624894008
0.08222757484795025
0.08222713155692855
0.08222668641926213
0.08222623942240576
0.08222579044876177
0.08222533961195576
0.08222488690834463
0.08222443233655331
0.08222397589963468
0.08222351760568311
0.08222305747000015
0.08222259550667987
0.08222213158870191
0.08222166542974164
0.0822211973495833
0.08222072734554653
0.08222025540736604
0.08221978152892745
0.08221930571265479
0.08221882797520877
0.08221834841015424
0.08221786673263586
0.08221738313062009
0.08221689742941447
0.08221640978809393
0.08221592014548273
0.08221542847540404
0.08221493483261622
0.08221443917917681
0.0822139413373671
0.08221344140137873
0.0822129394578823
0.08221243533739442
0.08221192912178289
0.08221142088159049
0.08221091070846255
0.0822103982872349
0.0822098836474373
0.08220936690739439
0.08220884814042008
0.08220832728093516
0.08220780423988215
0.0822072790702655
0.08220675164770985
0.08220622200005505
0.08220569025339233
0.08220515636767946
0.0822046203248173
0.08220408207469967
0.08220354157397151
0.08220299877720948
0.08220245367726237
0.0822019083846708
0.08220136091667662
0.08220081124121202
0.08220025943366362
0.08219970535678861
0.08219914869673418
0.0821985897375937
0.08219802856183893
0.08219746515589985
0.08219689951565595
0.08219633169507905
0.0821957616071118
0.08219518898323776
0.08219461383502016
0.08219403632507304
0.08219345650453123
0.08219287439658303
0.0821922900045373
0.08219170316225187
0.08219111402552949
0.08219052243830924
0.08218992828898315
0.08218933169882865
0.08218873272839522
0.08218813122591248
0.0821875274932434
0.08218692115699003
0.08218631254970832
0.08218570162974555
0.08218508808355837
0.08218447185840703
0.08218385305735328
0.08218323177957747
0.08218260789434481
0.08218198175508805
0.08218135292464597
0.08218072147241323
0.08218008762475915
0.08217945146934576
0.08217881257682859
0.08217817098835055
0.0821775265947435
0.08217687959388942
0.08217623000827955
0.08217557796474635
0.08217492341777584
0.08217426597710506
0.08217360580354457
0.0821729431481663
0.08217227800180026
0.08217161017716114
0.08217093950499467
0.08217026590380287
0.08216958958754383
0.08216891067361398
0.0821682291976423
0.0821675451699164
0.0821668581757385
0.08216616811770626
0.08216547530121887
0.08216477982341445
0.08216408183391849
0.08216338097783515
0.08216267688258308
0.08216196990049095
0.08216126021308857
0.0821605479661309
0.08215983304508594
0.08215911502325349
0.08215839384293945
0.08215766958270647
0.08215694265091916
0.08215621308680636
0.08215548049768759
0.08215474494896316
0.08215400632297451
0.08215326476315549
0.0821525202589679
0.08215177253433471
0.08215102204219786
0.08215026867804016
0.08214951231063972
0.08214875142295965
0.08214798631923731
0.08214721840290702
0.08214644754841863
0.08214567368821162
0.08214489694789213
0.08214411655777407
0.08214333303497354
0.08214254652694114
0.0821417569244629
0.08214096446178831
0.08214016865147374
0.082139369703505
0.08213856749636321
0.08213776185798587
0.08213695306280436
0.08213614121389419
0.0821353261722902
0.08213450838656826
0.08213368705804946
0.08213286176788079
0.08213203341959623
0.08213120203481653
0.08213036776420371
0.08212953010702771
0.0821286891873352
0.08212784512962058
0.08212699792967379
0.08212614777363964
0.08212529364430192
0.08212443617986051
0.08212357549944771
0.08212271179846233
0.08212184465864024
0.08212097321806305
0.08212009847448055
0.08211922057945885
0.08211833901972189
0.08211745371209384
0.08211656412071731
0.0821156709774215
0.08211477248962541
0.08211387044311406
0.08211296553214366
0.08211205766292891
0.08211114621405184
0.08211023166596397
0.08210931363644575
0.0821083922189143
0.08210746786208509
0.08210654016081562
0.0821056091249808
0.08210467448997295
0.08210373575774037
0.0821027930605
0.08210184705687455
0.08210089747632106
0.08209994426936314
0.08209898713308753
0.08209802607690272
0.08209706112788061
0.0820960926052961
0.08209512053220898
0.0820941446052582
0.08209316464811833
0.08209218057870708
0.08209119278189686
0.08209020148242324
0.08208920651187158
0.08208820723096037
0.08208720375393909
0.08208619660742125
0.08208518592290835
0.08208417120139004
0.08208315203287855
0.08208212893178557
0.08208110216277828
0.08208007150569506
0.08207903657805947
0.08207799755804705
0.08207695454255547
0.08207590753771397
0.08207485643237945
0.08207380135576826
0.08207274226874416
0.08207167879209044
0.08207061105492312
0.08206953928263312
0.08206846363262468
0.08206738387023019
0.08206629915076806
0.08206520945886889
0.08206411617989288
0.08206301911049252
0.0820619174332986
0.08206081063416704
0.0820596999252832
0.08205858561121591
0.08205746705071822
0.08205634324777161
0.08205521510088158
0.08205408303632955
0.08205294678834874
0.08205180309486243
0.08205065522321763
0.08204950318504756
0.08204834672155381
0.08204718488212662
0.08204601892760253
0.08204484919611403
0.08204367524832464
0.08204249551544901
0.08204131107299967
0.08204012299288696
0.08203893111350047
0.0820377336137511
0.08203653051690811
0.08203532355547898
0.08203411314391007
0.08203289746042745
0.08203167621093507
0.08203045040452905
0.08202922083005171
0.0820279861706596
0.08202674667778795
0.0820255020855658
0.08202425328303052
0.08202299943323572
0.08202174092492195
0.08202047720877542
0.08201920936171411
0.08201793628008035
0.08201665847035979
0.08201537489418095
0.0820140874048185
0.08201279471892917
0.08201149736178841
0.08201019453430114
0.08200888696011063
0.08200757439637515
0.08200625735360144
0.08200493482873185
0.08200360721625691
0.08200227492307433
0.08200093862964042
0.08199959724952306
0.08199824922711818
0.081996896188259
0.08199553913597712
0.08199417790008566
0.08199280927981643
0.08199143537421683
0.08199005733553562
0.081988675264334
0.08198728600899352
0.0819858912373414
0.08198449198248217
0.08198308806830217
0.08198167798089297
0.08198026245815335
0.08197884185168773
0.08197741594556951
0.08197598442917461
0.0819745475558376
0.08197310560622928
0.08197165770402204
0.08197020450129897
0.0819687459889796
0.08196728249440913
0.08196581192015454
0.08196433645517953
0.08196285608475287
0.08196137013296498
0.08195987724908516
0.08195837940916981
0.08195687682725689
0.08195536813210538
0.0819538525606807
0.08195233202175471
0.08195080963931464
0.08194928264631954
0.08194774895243973
0.08194621032673302
0.08194466771891075
0.0819431172993007
0.08194156050812647
0.08193999870745963
0.08193843241524988
0.08193685872908349
0.08193527865115072
0.08193369336601078
0.0819321029528874
0.08193050589790454
0.08192890259892038
0.08192729429202364
0.08192567937061136
0.08192405803167774
0.08192243083815857
0.08192079849210086
0.08191915888608471
0.08191751294530189
0.08191586161741012
0.08191420504221081
0.08191254056918947
0.08191086972596362
0.08190919422562283
0.08190751234305453
0.0819058227318009
0.08190412691903463
0.08190242642138114
0.08190071918485903
0.08189900423766093
0.08189728307589197
0.08189555686654967
0.08189382205030155
0.08189207697305217
0.08189032607882013
0.08188856910149646
0.08188680528221148
0.08188503420575312
0.08188325700507758
0.08188147371031085
0.08187968347764492
0.08187788635077481
0.08187608259535076
0.08187427248168025
0.08187245554679556
0.08187063216449857
0.08186880151226601
0.08186696414913561
0.08186512002998331
0.08186326957913226
0.08186141378001671
0.08185955094472962
0.08185768144703971
0.08185580415850938
0.08185391954297663
0.08185202559915469
0.08185012375910423
0.08184821805401098
0.08184630645578368
0.08184438855714296
0.0818424623037173
0.08184052871712083
0.08183858896086847
0.08183664264199914
0.08183468758024828
0.08183272529392667
0.0818307571812092
0.08182878178664224
0.08182679779562586
0.08182480670442902
0.08182280994947233
0.08182080502779737
0.08181879192290117
0.08181677195519783
0.08181474521524311
0.08181270966300695
0.08181066567802753
0.0818086152891835
0.08180655703995879
0.08180449059450647
0.08180241678448118
0.08180033585700423
0.08179824717213349
0.08179615099662278
0.08179404766320822
0.08179193554869257
0.08178981570996746
0.08178768901189078
0.0817855544273349
0.08178341133583145
0.0817812608251671
0.08177909995839204
0.08177692894776133
0.08177474937763038
0.0817725633892611
0.08177036971471492
0.08176816652708166
0.0817659554071773
0.08176373827938956
0.08176151202101657
0.081759276237419
0.08175703386081191
0.08175478418596337
0.08175252468882405
0.0817502567477428
0.08174798279492687
0.08174569963080294
0.0817434063360504
0.08174110610911603
0.08173879909797216
0.08173648226941531
0.08173415581718141
0.0817318232226286
0.08172948349883351
0.08172713334261485
0.081724775216738
0.08172240990760835
0.08172003533372481
0.08171765123604811
0.08171526019049331
0.08171286052678935
0.08171045060516664
0.08170803252012988
0.0817056066876031
0.08170317171421755
0.08170072746750721
0.0816982757896962
0.08169581480468255
0.08169334331459151
0.0816908640782677
0.08168837673718607
0.08168587938359859
0.08168337278488864
0.08168086699137526
0.08167835207812156
0.08167582633077049
0.08167329337614174
0.0816707520146077
0.08166819956905391
0.08166563759140893
0.08166306835532407
0.08166049010909501
0.08165790063870594
0.08165530293575589
0.08165269731509649
0.08165008127334003
0.08164745461910149
0.08164481963472935
0.08164217640862939
0.08163952255907606
0.08163685916297651
0.0816341870971767
0.08163150537407414
0.08162881348024235
0.0816261075482825
0.08162339024745731
0.08162066346431647
0.08161792584830352
0.08161517815730521
0.08161242177390345
0.08160965667464308
0.0816068801566469
0.08160409332741694
0.08160129800878411
0.08159849226776683
0.08159567583995254
0.0815928501110108
0.08159001590483204
0.08158717463179779
0.08158432277005817
0.08158146465158639
0.08157859048245113
0.08157570012215258
0.08157280382147836
0.08156990017592093
0.0815669852362905
0.08156405954798143
0.08156112513552871
0.08155817953074784
0.08155522255897497
0.08155225480044488
0.08154927632039155
0.08154628624635663
0.08154328640319282
0.0815402772328015
0.08153725575967109
0.08153422293653817
0.08153118218959793
0.08152812998331901
0.08152506481614953
0.08152199038944855
0.08151890630700627
0.08151580975217429
0.08151270178418715
0.08150958585793917
0.08150645834445906
0.08150331732784484
0.0815001669967611
0.08149700339903691
0.0814938237863614
0.08149063253064694
0.08148743216390081
0.08148422034027113
0.08148099559978546
0.08147776126067406
0.08147451560352871
0.08147125752153182
0.08146798838417423
0.08146470804190203
0.08146141627079316
0.08145811327954765
0.08145479971971298
0.0814514739061005
0.08144813789686477
0.08144479150471925
0.08144143149234725
0.08143805935280529
0.0814346779528351
0.08143128441258671
0.08142787781679539
0.08142446096597128
0.08142103406135316
0.08141759238418629
0.0814141381563002
0.08141067583590744
0.08140721006294872
0.08140373011537533
0.08140024111601238
0.08139674114314302
0.08139322596752727
0.08138969879883522
0.0813861631547818
0.08138261330634788
0.08137904880134264
0.08137547594450402
0.08137188994846313
0.08136828800646155
0.0813646757470132
0.08136105347393355
0.08135741449413435
0.08135375414323136
0.08135008474412764
0.08134640154039079
0.08134270295176597
0.08133899542621131
0.08133527517522791
0.08133153829772215
0.08132778984551396
0.08132403293709899
0.08132026557334299
0.08131648357015904
0.08131269180975431
0.08130888666783212
0.08130506566758333
0.08130122560870039
0.08129737375566982
0.08129350638715137
0.0812896274282995
0.0812857372571093
0.08128183286384276
0.08127791357303356
0.08127398404380755
0.08127004089858265
0.08126608112694421
0.081262110175469
0.08125812570795402
0.08125412615661026
0.08125011391635574
0.08124608944878509
0.08124205004656553
0.08123799537496874
0.08123392960305031
0.0812298495172021
0.08122575372400336
0.08122164655424925
0.08121752456243977
0.08121338655949449
0.08120922756427215
0.08120505647848934
0.08120086954079249
0.08119666637324074
0.08119245177564018
0.08118822266703829
0.08118397736674843
0.08117972051360733
0.08117545032262882
0.0811711630147843
0.08116686180922204
0.08116254973135034
0.08115822257829691
0.08115387850458779
0.08114952147080931
0.08114515133489315
0.08114076486506946
0.08113636713302426
0.08113196631573863
0.0811275498563971
0.08112311827391668
0.08111867040572442
0.0811142094684075
0.08110973349861407
0.08110524135164246
0.08110073539530839
0.0810962147709722
0.08109167780746532
0.08108712024197602
0.0810825420656192
0.08107794900164515
0.08107333598562791
0.08106870932743335
0.08106406990461197
0.0810594150631621
0.08105474900352423
0.08105007030203314
0.08104537580811684
0.08104066251498379
0.08103593330953329
0.0810311893734642
0.08102641828432829
0.08102162374985301
0.08101682001089888
0.0810120051884724
0.08100717218507651
0.08100232568976733
0.08099746330591799
0.08099258157494625
0.08098768486471904
0.08098277574965261
0.0809778460037672
0.0809728992110603
0.08096794114237126
0.0809629619253574
0.0809579658223524
0.08095295529553848
0.08094792743680759
0.08094288096947198
0.08093781950561138
0.08093274430390468
0.08092764895489354
0.08092252741043732
0.08091739235457238
0.08091223445168744
0.08090706098654317
0.08090187359846307
0.08089666635971171
0.08089143997054965
0.08088619956584445
0.0808809470083566
0.08087567117402247
0.0808703797402677
0.08086507644504097
0.0808597658303461
0.08085443812348121
0.08084909895724031
0.08084373755379565
0.08083835555787675
0.0808329592680618
0.08082754663934952
0.08082211232173346
0.0808166485529614
0.08081116855082844
0.08080566685325602
0.08080014588701022
0.08079461885218946
0.08078907113236469
0.08078350406010648
0.08077791822951558
0.08077231268880321
0.08076668843797413
0.08076104733162584
0.0807553869525441
0.08074969361971884
0.08074397823983201
0.08073825036395907
0.0807325028910078
0.08072674301569409
0.08072096888830989
0.08071516630352821
0.08070934799887189
0.08070351545168489
0.08069765828454142
0.0806917799867871
0.08068588960199341
0.08067998005101608
0.08067404310672886
0.08066809212873075
0.08066212836194156
0.0806561332297268
0.0806501213550525
0.08064410065145555
0.08063803767975637
0.08063194909839429
0.08062584997492031
0.08061973261114318
0.08061358616934676
0.08060742448601066
0.08060125226979033
0.08059504975186912
0.08058884689444877
0.08058263872959986
0.08057639707426657
0.08057013207144693
0.08056385507084554
0.08055755824297654
0.0805512185967543
0.08054485823098932
0.08053848928485102
0.08053209594876323
0.0805256776490836
0.08051925071444446
0.08051279198596342
0.08050631038793842
0.0804998160415683
0.08049329790761017
0.08048675204397981
0.08048018591771024
0.08047358997562105
0.08046696108606415
0.08046032213875957
0.0804536706357159
0.08044698917124887
0.08044028803818001
0.0804335756472493
0.08042683507431861
0.08042006904480661
0.08041328598037821
0.08040648594969727
0.08039965187715215
0.08039279982249392
0.08038593282985303
0.08037903584914066
0.08037211576861568
0.08036518054578475
0.08035821491917958
0.0803512106968505
0.0803441930549752
0.08033714959054741
0.0803300778802547
0.08032300433192789
0.08031592092896628
0.08030881090220733
0.08030167571696532
0.08029452519667571
0.08028733070908198
0.08028010900285205
0.080272877319599
0.08026561623259329
0.0802583271863095
0.08025102059177118
0.08024369181425124
0.0802363363353425
0.08022895613546159
0.0802215568704828
0.08021412988881518
0.08020666592901896
0.08019917554411465
0.080191656904607
0.08018412460247887
0.08017657021454994
0.08016898581813386
0.08016138278556377
0.0801537543934151
0.08014610698577536
0.08013843310700738
0.0801307271142965
0.08012300450151531
0.08011525757480942
0.08010748055483558
0.08009968111337017
0.0800918555910172
0.08008400621167039
0.08007612202476105
0.0800682050121627
0.08006027310361473
0.08005232528313186
0.08004435669295096
0.08003636957934532
0.08002833885866932
0.08002028136215561
0.0800121995179655
0.08000409990454352
0.07999596421619327
0.07998779757793739
0.07997961888355296
0.07997140626264493
0.07996316516957928
0.0799549034921338
0.07994662086913774
0.07993829201461962
0.07992991921345792
0.07992153407386016
0.07991312438265767
0.079904681445449
0.07989622052123863
0.07988773375705661
0.07987921415295006
0.07987067045825465
0.07986210994828781
0.07985351275792675
0.07984488354457644
0.07983623949108017
0.07982756338298226
0.07981884906282792
0.07981011619378078
0.07980135989183113
0.07979257212024572
0.07978375495635527
0.07977491817245397
0.07976604293112012
0.0797571346946081
0.07974820600663479
0.07973924781863483
0.07973025522251077
0.07972124007492498
0.07971219858591261
0.07970311698024483
0.07969401272042269
0.07968488377401635
0.07967572136366617
0.07966650654618622
0.07965726208985721
0.07964798307699708
0.07963868984223738
0.07962937068717604
0.07962001586068476
0.07961062520667593
0.07960121872428609
0.07959178579285525
0.07958231415930772
0.07957281271669099
0.07956328690782312
0.07955372512490452
0.0795441258601728
0.07953450631423199
0.07952488485013756
0.07951522904323877
0.07950551386716082
0.07949576927193455
0.07948599005020333
0.07947618359153946
0.0794663535668284
0.07945648884482072
0.07944658517478513
0.07943665811421818
0.07942669864148572
0.07941670075128662
0.07940667486240068
0.07939658814199127
0.07938646404922922
0.07937631501793421
0.0793661544681877
0.07935595414031132
0.0793457144549754
0.0793354494407105
0.07932515515696985
0.07931482564237542
0.0793044667338689
0.0792940637020654
0.0792836272450244
0.07927317477605345
0.07926273288360448
0.07925222748168359
0.07924168968425
0.07923110491159373
0.07922047201400022
0.07920981349352972
0.07919913113523455
0.07918840147551381
0.07917763473449071
0.07916684751746778
0.0791560255417751
0.07914515791161741
0.07913423324394271
0.07912327686200565
0.07911227013106441
0.0791012530672675
0.07909022127918656
0.07907912987804798
0.07906799244084507
0.07905683373582068
0.0790456494343502
0.07903441044111015
0.07902315353403257
0.07901189919419435
0.07900060136453595
0.0789892499984724
0.07897788637723431
0.07896647384405266
0.07895499252119592
0.07894348395724302
0.07893195117383375
0.07892036827602814
0.07890874924192764
0.07889711171105478
0.07888542300329823
0.07887366383631624
0.07886187663905639
0.0788500444419942
0.07883817620320151
0.07882628762234366
0.07881436042542048
0.07880237852925927
0.07879035547772827
0.07877832935313521
0.07876627309021089
0.07875417804220534
0.07874206025182282
0.07872989610839497
0.07871768771762198
0.07870544601382339
0.07869317539827701
0.07868084545420313
0.07866846008677489
0.07865605326785659
0.07864359693709036
0.078631096755962
0.07861857200868742
0.07860595875443409
0.07859330352229277
0.07858060001294546
0.07856789784409142
0.078555146332054
0.07854233857481711
0.0785295228865217
0.0785166601988209
0.07850376261843725
0.07849083892440138
0.07847788224059574
0.07846487544078655
0.07845182901715102
0.07843875322215701
0.0784256259165326
0.07841245695988479
0.07839923864907623
0.07838597035360323
0.07837265681883325
0.0783593073424129
0.0783458660879952
0.07833237284102151
0.07831883745943156
0.07830529480616201
0.07829172303815563
0.0782781093044245
0.07826446153265088
0.07825075118925709
0.07823699352344773
0.07822322559698151
0.07820942163631794
0.07819557217836275
0.07818167019117117
0.07816773649628991
0.07815376072991756
0.07813973470388154
0.07812565473558966
0.07811150451204527
0.07809730943342104
0.07808302216744516
0.07806869957220779
0.07805433592702452
0.07803997345190765
0.07802557967038655
0.07801112528952381
0.07799659801863998
0.07798203627097652
0.07796745012211256
0.07795283776520782
0.07793817170291462
0.07792346404486691
0.07790871267540442
0.07789391683898327
0.07787905936475366
0.07786415025911653
0.07784918612155213
0.07783414140832934
0.07781901997867958
0.07780388293940398
0.07778871084841571
0.07777351437306251
0.0777582652064172
0.07774293103345777
0.07772757504608674
0.07771217777013248
0.0776967505162538
0.0776812864136025
0.0776657599795055
0.07765017444220565
0.07763456356436023
0.07761889262096291
0.07760315080306167
0.07758738662120672
0.0775715153350169
0.07755558976006152
0.07753961566558708
0.07752362746596944
0.07750759032895183
0.07749145152085041
0.07747531023804584
0.0774591362093712
0.07744289534067919
0.0774266000354428
0.07741028788799327
0.07739390511495627
0.0773774541296779
0.07736097975712859
0.07734445328970367
0.07732787486446822
0.07731120626610374
0.07729448039065856
0.07727769428611958
0.07726084814007188
0.0772439593950797
0.07722704080841694
0.07721006453219921
0.0771930317948156
0.07717596041733285
0.07715882413123669
0.07714164645490398
0.07712442787082119
0.07710715330975595
0.07708983368710143
0.07707248968797897
0.07705505185989586
0.07703752337240964
0.07701991832993971
0.07700223462447832
0.07698451880746958
0.07696679089729068
0.07694901265947778
0.07693116713688693
0.07691325268411618
0.0768952964416442
0.0768773002103749
0.07685925404922615
0.07684118099919647
0.07682307512302741
0.0768048642983344
0.07678656553212922
0.07676817360740834
0.07674967448783467
0.07673115640288404
0.07671264197675652
0.07669408610379364
0.07667544075396435
0.07665672538098262
0.0766379753817771
0.07661919516282557
0.0766003777711224
0.07658149936408298
0.07656258514576253
0.07654353139010994
0.0765243663803187
0.07650513002017713
0.07648580922112383
0.07646653155754499
0.07644719292363901
0.07642780347863566
0.07640832724195847
0.07638880399719206
0.0763692604902251
0.0763496526805126
0.07632999259132807
0.07631028541265701
0.07629043600403204
0.07627043825542004
0.07625040002227994
0.07623033886310744
0.07621026797661226
0.07619013003283764
0.07616993978824078
0.07614969753724228
0.07612938748275522
0.07610902921670318
0.07608863736589655
0.07606814775684052
0.07604753817685707
0.07602680344267512
0.07600601279708098
0.07598515197533069
0.07596432712316936
0.07594346990168524
0.07592252032812945
0.07590149524271438
0.07588043232407093
0.07585932907959136
0.07583809656934412
0.07581680108272039
0.07579543759408669
0.07577391091107627
0.07575227678290714
0.07573066123062136
0.07570909638609039
0.07568744668341977
0.07566570894754898
0.07564394079326865
0.07562207394321875
0.07560010556695938
0.07557807714287658
0.07555597879930873
0.07553371292919128
0.07551133677078416
0.07548895646413688
0.07546659152077513
0.0754442288449765
0.07542178268728235
0.0753992574235382
0.07537662782767243
0.07535390689989485
0.07533112524609438
0.07530821954594911
0.07528517515133107
0.07526203823199268
0.0752389128134183
0.07521577720469473
0.07519262698818877
0.0751694252810122
0.07514614366633096
0.0751227324648724
0.07509922556001579
0.0750756140415411
0.07505189379026346
0.07502803025442653
0.07500410018132594
0.07498025959805649
0.07495631468689133
0.07493237088341101
0.07490838596403952
0.07488429150529763
0.07486005375453206
0.07483567577223303
0.07481122106497358
0.07478663352841652
0.0747619494805967
0.07473734322572789
0.07471264934585077
0.0746879031360549
0.07466314253141108
0.07463832922125319
0.07461338096588623
0.0745882079966014
0.07456297736360826
0.07453764599360421
0.07451222611494279
0.07448681249134613
0.07446135917822569
0.07443582501526227
0.07441028466572354
0.07438467419985119
0.074358924169957
0.07433299116206443
0.07430696659972356
0.07428084344733131
0.0742546756621822
0.0742284727486935
0.07420219695215824
0.07417589454105246
0.0741495638735755
0.07412309402999501
0.07409649891019916
0.07406977028120426
0.0740429528564033
0.0740160239985789
0.07398907454727029
0.0739620427911933
0.07393497124736188
0.07390788207050956
0.07388063702246794
0.07385329804681992
0.07382591628868125
0.07379835272654231
0.0737706696546298
0.07374297923066593
0.07371519496244275
0.07368732819894652
0.07365942126400632
0.07363139193694518
0.07360332088112251
0.07357515139488244
0.07354685389732828
0.0735184683635322
0.07348997737705817
0.07346139609046816
0.07343273793881896
0.07340397541598265
0.07337517790407083
0.07334633517812515
0.07331742412190319
0.0732883547928475
0.0732591348183687
0.07322986042207923
0.07320050083478077
0.07317091537550165
0.07314137906219742
0.07311182849961852
0.07308221456257533
0.073052440937468
0.07302256200188832
0.0729925449708209
0.07296241943899286
0.07293209482066917
0.07290181499966986
0.07287152755369314
0.07284113068236217
0.07281063669661655
0.0727800217778323
0.07274930272500872
0.07271837772407677
0.07268733945796826
0.07265629192412525
0.07262521870626923
0.07259403632534123
0.07256279937403365
0.07253144089301496
0.07249995861977994
0.07246827148126479
0.07243647587723528
0.0724046503376956
0.0723727663231325
0.07234075909171911
0.07230880697424567
0.0722766457997814
0.07224436237210301
0.0722119026183038
0.07217934894630593
0.07214669973848606
0.07211397230419253
0.07208122834331286
0.07204847418154631
0.07201551488334636
0.07198238003155295
0.07194913732075728
0.07191572505231375
0.0718822743791693
0.07184875097262568
0.07181531755431414
0.07178169339658844
0.0717478261508996
0.0717138699678255
0.07167980545249493
0.07164555214119045
0.07161127026520392
0.071577105615832
0.07154279266817219
0.07150818719627228
0.07147344929801704
0.07143863770533385
0.07140369373313704
0.07136865064024688
0.07133375986251869
0.07129865949567865
0.07126331618702508
0.07122779870439386
0.07119219775993832
0.0711565344581401
0.07112080851214474
0.07108515378703856
0.07104913847038322
0.07101304526010595
0.07097674551247449
0.0709403452096687
0.07090390628515697
0.07086756904450167
0.07083100300012142
0.07079413995803564
0.07075723373477402
0.07072015643556578
0.0706829688396765
0.07064579407222785
0.07060869674339176
0.07057120894405072
0.07053350149777328
0.07049579155819809
0.07045798427381451
0.07042000951299238
0.0703820571178821
0.07034403248055743
0.07030573269332274
0.07026719525353016
0.0702286265457893
0.07018999994369779
0.07015129498690918
0.07011249465984248
0.07007352326446074
0.07003434764049721
0.06999508332063015
0.06995563813322243
0.06991611345692889
0.06987664113667912
0.06983706887730554
0.0697970762284478
0.06975700841821432
0.06971694731112739
0.06967667877679375
0.06963630003706682
0.06959595273423455
0.06955539385493918
0.06951462071526604
0.06947367061854097
0.06943258326152875
0.06939153508749094
0.06935041154146596
0.06930902564539611
0.06926750685883923
0.06922587713593013
0.06918399967816478
0.06914205757613447
0.06910013827612407
0.06905807216924381
0.06901583049793157
0.0689733069664146
0.06893059311211344
0.06888788435845253
0.06884524365799385
0.06880231069266547
0.0687592523714077
0.06871585448555845
0.06867238557149076
0.06862893522003391
0.06858544021390472
0.06854168593464134
0.06849774393757892
0.06845353076347448
0.06840931887694622
0.06836506443955508
0.06832067343004669
0.06827608056675787
0.06823113979014007
0.06818624451216557
0.06814120533330748
0.06809616665502768
0.06805083559347855
0.06800517858824354
0.06795954743986808
0.06791387640328715
0.06786801058209072
0.06782197159774112
0.06777559683598966
0.0677291752393569
0.06768286591807497
0.06763625420057877
0.06758944707103577
0.06754233989835601
0.06749516449942788
0.0674481098881152
0.067400816038154
0.06735321336327987
0.06730535653955626
0.06725743731739327
0.06720955843593722
0.06716150657704027
0.06711320651528979
0.06706459353400537
0.06701588004687425
0.06696716579070075
0.06691831938097732
0.06686935342602988
0.06681991366819302
0.06677034881169268
0.06672082939068409
0.0666712408426733
0.06662147630905421
0.06657125785471234
0.06652081060774029
0.066470547970414
0.06642014179244675
0.06636957250953604
0.06631846969046262
0.06626728472722476
0.06621622735435566
0.06616501665626895
0.06611351784671621
0.06606161123042263
0.06600972307502506
0.06595781647011892
0.06590571673642288
0.065853326939109
0.06580058458777743
0.06574793755273244
0.06569512050927817
0.06564210622406694
0.06558887992160994
0.06553525943649244
0.06548173578092016
0.06542807922852716
0.06537414176575498
0.06531995864259901
0.06526549764782634
0.06521116704793326
0.06515652076303108
0.06510174498031705
0.06504642877155563
0.06499125869579474
0.06493601862275188
0.06488048116220363
0.06482462876453815
0.06476848879976864
0.06471253392858692
0.06465632284735538
0.06459976978014048
0.06454282948196585
0.06448609980237531
0.06442912955272996
0.06437187000846384
0.06431425971911824
0.06425661950273273
0.0641988868990921
0.06414087191173841
0.06408258767248622
0.06402414818125153
0.06396560337173131
0.06390675298738598
0.06384774850355807
0.0637885613874994
0.06372915466277787
0.06366949517742412
0.06360966947399925
0.0635497942874261
0.06348953821696379
0.06342903460791828
0.0633683675810477
0.06330766577431912
0.06324660883941736
0.063185217269728
0.06312376844485366
0.06306215279385284
0.06300032108364577
0.06293800797575941
0.06287579837064224
0.06281327961257653
0.06275059909800693
0.06268750729118813
0.06262444164457663
0.06256100767942442
0.06249740654562949
0.062433520751201683
0.06236956884837585
0.06230522242830688
0.06224067689042156
0.062175979580902735
0.0621111245088921
0.062045910759436024
0.061980451740936096
0.06191479694755539
0.06184902778112869
0.061782906472220726
0.061716610025877826
0.06164996255795846
0.0615832256064435
0.06151620611505162
0.06144899237011529
0.061381354127767095
0.06131370564794094
0.061245788038389384
0.06117754347841971
0.06110895588975511
0.06104027033473573
0.06097147364687976
0.06090223520602395
0.06083265479868276
0.06076287538019484
0.060693287702951175
0.06062298272570059
0.06055229017310533
0.060481585917861604
0.060411104956191584
0.06033967659806687
0.06026790592091385
0.06019630798575985
0.06012470592156444
0.06005229950054863
0.059979408864078224
0.059906904383882076
0.05983400671924431
0.05976060989873907
0.05968681383045734
0.05961325235782523
0.05953917974624683
0.05946451362010597
0.05938998783156032
0.059315332436688274
0.05923988829069304
0.059164074495856055
0.059088709304187366
0.05901293254248478
0.05893615061660373
0.058859295106257266
0.05878306444978674
0.05870572929596724
0.05862791036977287
0.0585503625408652
0.05847250328487209
0.05839379766789035
0.058315291268682
0.058236742062160986
0.05815711518124659
0.05807749482122697
0.05799805807757366
0.05791783081162332
0.05783707066247932
0.05775661295868329
0.05767563077607221
0.057594029311717254
0.05751246286951291
0.05743065576539653
0.05734810324564716
0.05726552035609661
0.05718268433997569
0.057099342773036986
0.05701570553790879
0.05693192550533811
0.056847690281894056
0.05676292822725843
0.05667835260056829
0.056592875297096765
0.05650734142164363
0.0564216428161733
0.05633523477062821
0.05624878135347022
0.056161964247715454
0.05607462719157885
0.055987025900322326
0.05589923021691462
0.05581089123685016
0.0557221992351784
0.05563326184189352
0.05554393548633085
0.055454211070072465
0.05536407347322872
0.0552737885307306
0.05518298784425714
0.05509171587074406
0.055000218172595025
0.05490845432553303
0.05481601009333006
0.05472338064243754
0.05463058232007269
0.054536824507850086
0.05444311995299456
0.05434915752341329
0.05425441683948992
0.054159400538823094
0.05406409451303401
0.053968401877076355
0.05387220495766119
0.05377567904637249
0.053678803653656376
0.053581245567390384
0.053483549300236216
0.05338562287168479
0.05328678194046466
0.05318771872632581
0.053088528788684135
0.052988578404766395
0.05288838629867905
0.052787660287781216
0.05268639690635745
0.05258502280069329
0.0524830669449332
0.05238053581786083
0.05227773114807007
0.05217429408160811
0.05207052287890592
0.05196654012808523
0.051861702431128386
0.05175641390947811
0.051650859857519806
0.05154488575726735
0.05143838924633521
0.05133122971738731
0.051223659915697314
0.05111572673458915
0.05100726106373658
0.05089849470245229
0.050788941070515604
0.05067875007108956
0.05056859936115676
0.05045763442421316
0.05034626132208585
0.05023442279273868
0.05012150563995876
0.050009014964823614
0.04989559089260927
0.04978117872674885
0.049667162520483865
0.04955158702121692
0.049435978337484456
0.04932039725482507
0.04920313612974214
0.0490860719146109
0.04896837457426577
0.048849658279845734
0.048731140300074825
0.04861151959763282
0.04849120377244513
0.04837093321854012
0.04824950553061916
0.0481276157665107
0.04800534542694487
0.04788207672461365
0.04775870393845137
0.047634466887567464
0.04750935021045272
0.04738416580142124
0.047257827415602756
0.04713142659000619
0.04700404659030302
0.046875645721351146
0.04674732200144
0.04661785373262461
0.04648809646364977
0.046357642109117136
0.046225860283027616
0.04609411374916823
0.04596142617645538
0.04582812129280738
0.045694339932467416
0.04555915170552135
0.045423701218102304
0.04528773727851948
0.045150738072783005
0.04501319085338261
0.0448746918094835
0.044735418705847414
0.04459580273350231
0.04445510337612999
0.04431351801287417
0.044171421168216284
0.04402825852350478
0.043884803278362375
0.0437401865497529
0.04359454959153768
0.043448328009890756
0.04330117821289376
0.04315374408343093
0.043004821009584894
0.04285520228721072
0.04270451966621349
0.042553201995372165
0.0424011872782411
0.042248164206461054
0.04209420900119503
0.04193890951309948
0.04178303710899537
0.041626195703020744
0.04146881486628359
0.04131005018936846
0.04115020512266851
0.04098937103745797
0.04082768216840316
0.04066522697575825
0.04050154347674869
0.0403367702481446
0.04017069994653088
0.0400038918570542
0.03983598904616582
0.039667076766782855
0.03949702986430039
0.03932553185196966
0.03915320804839446
0.038979559783463694
0.038804941105259116
0.03862912969678412
0.038451979715895875
0.03827370408910039
0.03809408391244757
0.03791330039219529
0.03773126171615443
0.03754786050661243
0.03736323421823626
0.0371772731837567
0.036989820605922645
0.03680110443740726
0.03661089130148183
0.03641936178423783
0.036226488636001405
0.03603192906184629
0.03583608513219814
0.03563850440486298
0.03543955699216899
0.035239021387658935
0.03503687823998595
0.03483309297325012
0.03462769398657754
0.034420498027226944
0.03421172815252872
0.03400107669291157
0.03378872235284264
0.03357457729108581
0.033358582615264455
0.03314062962925617
0.032920787398490116
0.032698963516854904
0.03247524703971886
0.0322494288334109
0.032021404581621664
0.031791335101738386
0.031558925820227124
0.03132450437567106
0.031087795789136903
0.030848721522195963
0.03060714833873368
0.0303630009157649
0.030116523542965894
0.029867583727096025
0.029615943898868707
0.029361497457945557
0.029104058590519576
0.028843904146151983
0.028580923090515097
0.028315094476498586
0.028046006393006945
0.027773598821694608
0.027497886505269336
0.027219080946639593
0.026937176729642402
0.026651752842467208
0.026362597492572647
0.026069193816173303
0.02577207804425649
0.02547107187863165
0.025166205433041985
0.024856939697336582
0.02454292157213104
0.024223932079473903
0.02390004392188204
0.023571339850744995
0.023237592120754737
0.022898210966052015
0.022552585461571968
0.02220075031380461
0.021842518129364667
0.02147776995410287
0.02110608491871673
0.02072686692950537
0.020339550936104723
0.019943679345938655
0.01953918385969725
0.019125838839028537
0.018702528673035825
0.018268891109363743
0.017824003720866736
0.017366869996924397
0.016896844496238482
0.016412585635718256
0.015912180190529753
0.015394691156236765
0.014858358251670653
0.014300769446914318
0.01371966841286526
0.0131113982385711
0.012471229040906114
0.011794928173680904
0.011076490478912784
0.010305723934927347
0.009471290561056566
0.008553092919244325
0.007522044602351163
0.0063236483409165375
0.004835183626332632
0.002592483599536056
0.0
0.0
0.0
0.0
0.0
0.0
0.0
0.0
0.0
0.0
0.0
0.0
0.0
0.0
0.0
0.0
0.0
0.0
0.0
0.0
0.0
0.0
0.0
0.0
0.0
0.0
0.0
0.0
0.0
0.0
0.0
0.0
0.0
0.0
0.0
0.0
0.0
0.0
0.0
0.0
0.0
0.0
0.0
0.0
0.0
0.0
0.0
0.0
0.0
0.0
0.0
0.0
0.0
0.0
0.0
0.0
0.0
0.0
0.0
0.0
0.0
0.0
0.0
0.0
0.0
0.0
0.0
0.0
0.0
0.0
0.0
0.0
0.0
0.0
0.0
0.0
0.0
0.0
0.0
0.0
0.0
0.0
0.0
0.0
0.0
0.0
0.0
0.0
0.0
0.0
0.0
0.0
0.0
0.0
0.0
0.0
0.0
0.0
0.0
0.0
0.0
0.0
0.0
0.0
0.0
0.0
0.0
0.0
0.0
0.0
0.0
0.0
0.0
0.0
0.0
0.0
0.0
0.0
0.0
0.0
0.0
0.0
0.0
0.0
0.0
0.0
0.0
0.0
0.0
0.0
0.0
0.0
0.0
0.0
0.0
0.0
0.0
0.0
0.0
0.0
0.0
0.0
0.0
0.0
0.0
0.0
0.0
0.0
0.0
0.0
0.0
0.0
0.0
0.0
0.0
0.0
0.0
0.0
0.0
0.0
0.0
0.0
0.0
0.0
0.0
0.0
0.0
0.0
0.0
0.0
0.0
0.0
0.0
0.0
0.0
0.0
0.0
0.0
0.0
0.0
0.0
0.0
0.0
0.0
0.0
0.0
0.0
0.0
0.0
0.0
0.0
0.0
0.0
0.0
0.0
0.0
0.0
0.0
0.0
0.0
0.0
0.0
0.0
0.0
0.0
0.0
0.0
0.0
0.0
0.0
0.0
0.0
0.0
0.0
0.0
0.0
0.0
0.0
0.0
0.0
0.0
0.0
0.0
0.0
0.0
0.0
0.0
0.0
0.0
0.0
0.0
0.0
0.0
0.0
0.0
0.0
0.0
0.0
0.0
0.0
0.0
0.0
0.0
0.0
0.0
0.0
0.0
0.0
0.0
0.0
0.0
0.0
0.0
0.0
0.0
0.0
0.0
0.0
0.0
0.0
0.0
0.0
0.0
0.0
0.0
0.0
0.0
0.0
0.0
0.0
0.0
0.0
0.0
0.0
0.0
0.0
0.0
0.0
0.0
0.0
0.0
0.0
0.0
0.0
0.0
0.0
0.0
0.0
0.0
0.0
0.0
0.0
0.0
0.0
0.0
0.0
0.0
0.0
0.0
0.0
0.0
0.0
0.0
0.0
0.0
0.0
0.0
0.0
0.0
0.0
0.0
0.0
0.0
0.0
0.0
0.0
0.0
0.0
0.0
0.0
0.0
0.0
0.0
0.0
0.0
0.0
0.0
0.0
0.0
0.0
0.0
0.0
0.0
0.0
0.0
0.0
0.0
0.0
0.0
0.0
0.0
0.0
0.0
0.0
0.0
0.0
0.0
0.0
0.0
0.0
0.0
0.0
0.0
0.0
0.0
0.0
0.0
0.0
0.0
0.0
0.0
0.0
0.0
0.0
0.0
0.0
0.0
0.0
0.0
0.0
0.0
0.0
0.0
0.0
0.0
0.0
0.0
0.0
0.0
0.0
0.0
0.0
0.0
0.0
0.0
0.0
0.0
0.0
0.0
0.0
0.0
0.0
0.0
0.0
0.0
0.0
0.0
0.0
0.0
0.0
0.0
0.0
0.0
0.0
0.0
0.0
0.0
0.0
0.0
0.0
0.0
0.0
0.0
0.0
0.0
0.0
0.0
0.0
0.0
0.0
0.0
0.0
0.0
0.0
0.0
0.0
0.0
0.0
0.0
0.0
0.0
0.0
0.0
0.0
0.0
0.0
0.0
0.0
0.0
0.0
0.0
0.0
0.0
0.0
0.0
0.0
0.0
0.0
0.0
0.0
0.0
0.0
0.0
0.0
0.0
0.0
0.0
0.0
0.0
0.0
0.0
0.0
0.0
0.0
0.0
0.0
0.0
0.0
0.0
0.0
0.0
0.0
0.0
0.0
0.0
0.0
0.0
0.0
0.0
0.0
0.0
0.0
0.0
0.0
0.0
0.0
0.0
0.0
0.0
0.0
0.0
0.0
0.0
0.0
0.0
0.0
0.0
0.0
0.0
0.0
0.0
0.0
0.0
0.0
0.0
0.0
0.0
0.0
0.0
0.0
0.0
0.0
0.0
0.0
0.0
0.0
0.0
0.0
0.0
0.0
0.0
0.0
0.0
0.0
0.0
0.0
0.0
0.0
0.0
0.0
0.0
0.0
0.0
0.0
0.0
0.0
0.0
0.0
0.0
0.0
0.0
0.0
0.0
0.0
0.0
0.0
0.0
0.0
0.0
0.0
0.0
0.0
0.0
0.0
0.0
0.0
0.0
0.0
0.0
0.0
0.0
0.0
0.0
0.0
0.0
0.0
0.0
0.0
0.0
0.0
0.0
0.0
0.0
0.0
0.0
0.0
0.0
0.0
0.0
0.0
0.0
0.0
0.0
0.0
0.0
0.0
0.0
0.0
0.0
0.0
0.0
0.0
0.0
0.0
0.0
0.0
0.0
0.0
0.0
0.0
0.0
0.0
0.0
0.0
0.0
0.0
0.0
0.0
0.0
0.0
0.0
0.0
0.0
0.0
0.0
0.0
0.0
0.0
0.0
0.0
0.0
0.0
0.0
0.0
0.0
0.0
0.0
0.0
0.0
0.0
0.0
0.0
0.0
0.0
0.0
0.0
0.0
0.0
0.0
0.0
0.0
0.0
0.0
0.0
0.0
0.0
0.0
0.0
0.0
0.0
0.0
0.0
0.0
0.0
0.0
0.0
0.0
0.0
0.0
0.0
0.0
0.0
0.0
0.0
0.0
0.0
0.0
0.0
0.0
0.0
0.0
0.0
0.0
0.0
0.0
0.0
0.0
0.0
0.0
0.0
0.0
0.0
0.0
0.0
0.0
0.0
0.0
0.0
0.0
0.0
0.0
0.0
0.0
0.0
0.0
0.0
0.0
0.0
0.0
0.0
0.0
0.0
0.0
0.0
0.0
0.0
0.0
0.0
0.0
0.0
0.0
0.0
0.0
0.0
0.0
0.0
0.0
0.0
0.0
0.0
0.0
0.0
0.0
0.0
0.0
0.0
0.0
0.0
0.0
0.0
0.0
0.0
0.0
0.0
0.0
0.0
0.0
0.0
0.0
0.0
0.0
0.0
0.0
0.0
0.0
0.0
0.0
0.0
0.0
0.0
0.0
0.0
0.0
0.0
0.0
0.0
0.0
0.0
0.0
0.0
0.0
0.0
0.0
0.0
0.0
0.0
0.0
0.0
0.0
0.0
0.0
0.0
0.0
0.0
0.0
0.0
0.0
0.0
0.0
0.0
0.0
0.0
0.0
0.0
0.0
0.0
0.0
0.0
0.0
0.0
0.0
0.0
0.0
0.0
0.0
0.0
0.0
0.0
0.0
0.0
0.0
0.0
0.0
0.0
0.0
0.0
0.0
0.0
0.0
0.0
0.0
0.0
0.0
0.0
0.0
0.0
0.0
0.0
0.0
0.0
0.0
0.0
0.0
0.0
0.0
0.0
0.0
0.0
0.0
0.0
0.0
0.0
0.0
0.0
0.0
0.0
0.0
0.0
0.0
0.0
0.0
0.0
0.0
0.0
0.0
0.0
0.0
0.0
0.0
0.0
0.0
0.0
0.0
0.0
0.0
0.0
0.0
0.0
0.0
0.0
0.0
0.0
0.0
0.0
0.0
0.0
0.0
0.0
0.0
0.0
0.0
0.0
0.0
0.0
0.0
0.0
0.0
0.0
0.0
0.0
0.0
0.0
0.0
0.0
0.0
0.0
0.0
0.0
0.0
0.0
0.0
0.0
0.0
0.0
0.0
0.0
0.0
0.0
0.0
0.0
0.0
0.0
0.0
0.0
0.0
0.0
0.0
0.0
0.0
0.0
0.0
0.0
0.0
0.0
0.0
0.0
0.0
0.0
0.0
0.0
0.0
0.0
0.0
0.0
0.0
0.0
0.0
0.0
0.0
0.0
0.0
0.0
0.0
0.0
0.0
0.0
0.0
0.0
0.0
0.0
0.0
0.0
0.0
0.0
0.0
0.0
0.0
0.0
0.0
0.0
0.0
0.0
0.0
0.0
0.0
0.0
0.0
0.0
0.0
0.0
0.0
0.0
0.0
0.0
0.0
0.0
0.0
0.0
0.0
0.0
0.0
0.0
0.0
0.0
0.0
0.0
0.0
0.0
0.0
0.0
0.0
0.0
0.0
0.0
0.0
0.0
0.0
0.0
0.0
0.0
0.0
0.0
0.0
0.0
0.0
0.0
0.0
0.0
0.0
0.0
0.0
0.0
0.0
0.0
0.0
0.0
0.0
0.0
0.0
0.0
0.0
0.0
0.0
0.0
0.0
0.0
0.0
0.0
0.0
0.0
0.0
0.0
0.0
0.0
0.0
0.0
0.0
0.0
0.0
0.0
0.0
0.0
0.0
0.0
0.0
0.0
0.0
0.0
0.0
0.0
0.0
0.0
0.0
0.0
0.0
0.0
0.0
0.0
0.0
0.0
0.0
0.0
0.0
0.0
0.0
0.0
0.0
0.0
0.0
0.0
0.0
0.0
0.0
0.0
0.0
0.0
0.0
0.0
0.0
0.0
0.0
0.0
0.0
0.0
0.0
0.0
0.0
0.0
0.0
0.0
0.0
0.0
0.0
0.0
0.0
0.0
0.0
0.0
0.0
0.0
0.0
0.0
0.0
0.0
0.0
0.0
0.0
0.0
0.0
0.0
0.0
0.0
0.0
0.0
0.0
0.0
0.0
0.0
0.0
0.0
0.0
0.0
0.0
0.0
0.0
0.0
0.0
0.0
0.0
0.0
0.0
0.0
0.0
0.0
0.0
0.0
0.0
0.0
0.0
0.0
0.0
0.0
0.0
0.0
0.0
0.0
0.0
0.0
0.0
0.0
0.0
0.0
0.0
0.0
0.0
0.0
0.0
0.0
0.0
0.0
0.0
0.0
0.0
0.0
0.0
0.0
0.0
0.0
0.0
0.0
0.0
0.0
0.0
0.0
0.0
0.0
0.0
0.0
0.0
0.0
0.0
0.0
0.0
0.0
0.0
0.0
0.0
0.0
0.0
0.0
0.0
0.0
0.0
0.0
0.0
0.0
0.0
0.0
0.0
0.0
0.0
0.0
0.0
0.0
0.0
0.0
0.0
0.0
0.0
0.0
0.0
0.0
0.0
0.0
0.0
0.0
0.0
0.0
0.0
0.0
0.0
0.0
0.0
0.0
0.0
0.0
0.0
0.0
0.0
0.0
0.0
0.0
0.0
0.0
0.0
0.0
0.0
0.0
0.0
0.0
0.0
0.0
0.0
0.0
0.0
0.0
0.0
0.0
0.0
0.0
0.0
0.0
0.0
0.0
0.0
0.0
0.0
0.0
0.0
0.0
0.0
0.0
0.0
0.0
0.0
0.0
0.0
0.0
0.0
0.0
0.0
0.0
0.0
0.0
0.0
0.0
0.0
0.0
0.0
0.0
0.0
0.0
0.0
0.0
0.0
0.0
0.0
0.0
0.0
0.0
0.0
0.0
0.0
0.0
0.0
0.0
0.0
0.0
0.0
0.0
0.0
0.0
0.0
0.0
0.0
0.0
0.0
0.0
0.0
0.0
0.0
0.0
0.0
0.0
0.0
0.0
0.0
0.0
0.0
0.0
0.0
0.0
0.0
0.0
0.0
0.0
0.0
0.0
0.0
0.0
0.0
0.0
0.0
0.0
0.0
0.0
0.0
0.0
0.0
0.0
0.0
0.0
0.0
0.0
0.0
0.0
0.0
0.0
0.0
0.0
0.0
0.0
0.0
0.0
0.0
0.0
0.0
0.0
0.0
0.0
0.0
0.0
0.0
0.0
0.0
0.0
0.0
0.0
0.0
0.0
0.0
0.0
0.0
0.0
0.0
0.0
0.0
0.0
0.0
0.0
0.0
0.0
0.0
0.0
0.0
0.0
0.0
0.0
0.0
0.0
0.0
0.0
0.0
0.0
0.0
0.0
0.0
0.0
0.0
0.0
0.0
0.0
0.0
0.0
0.0
0.0
0.0
0.0
0.0
0.0
0.0
0.0
0.0
0.0
0.0
0.0
0.0
0.0
0.0
0.0
0.0
0.0
0.0
0.0
0.0
0.0
0.0
0.0
0.0
0.0
0.0
0.0
0.0
0.0
0.0
0.0
0.0
0.0
0.0
0.0
0.0
0.0
0.0
0.0
0.0
0.0
0.0
0.0
0.0
0.0
0.0
0.0
0.0
0.0
0.0
0.0
0.0
0.0
0.0
0.0
0.0
0.0
0.0
0.0
0.0
0.0
0.0
0.0
0.0
0.0
0.0
0.0
0.0
0.0
0.0
0.0
0.0
0.0
0.0
0.0
0.0
0.0
0.0
0.0
0.0
0.0
0.0
0.0
0.0
0.0
0.0
0.0
0.0
0.0
0.0
0.0
0.0
0.0
0.0
0.0
0.0
0.0
0.0
0.0
0.0
0.0
0.0
0.0
0.0
0.0
0.0
0.0
0.0
0.0
0.0
0.0
0.0
0.0
0.0
0.0
0.0
0.0
0.0
0.0
0.0
0.0
0.0
0.0
0.0
0.0
0.0
0.0
0.0
0.0
0.0
0.0
0.0
0.0
0.0
0.0
0.0
0.0
0.0
0.0
0.0
0.0
0.0
0.0
0.0
0.0
0.0
0.0
0.0
0.0
0.0
0.0
0.0
0.0
0.0
0.0
0.0
0.0
0.0
0.0
0.0
0.0
0.0
0.0
0.0
0.0
0.0
0.0
0.0
0.0
0.0
0.0
0.0
0.0
0.0
0.0
0.0
0.0
0.0
0.0
0.0
0.0
0.0
0.0
0.0
0.0
0.0
0.0
0.0
0.0
0.0
0.0
0.0
0.0
0.0
0.0
0.0
0.0
0.0
0.0
0.0
0.0
0.0
0.0
0.0
0.0
0.0
0.0
0.0
0.0
0.0
0.0
0.0
0.0
0.0
0.0
0.0
0.0
0.0
0.0
0.0
0.0
0.0
0.0
0.0
0.0
0.0
0.0
0.0
0.0
0.0
0.0
0.0
0.0
0.0
0.0
0.0
0.0
0.0
0.0
0.0
0.0
0.0
0.0
0.0
0.0
0.0
0.0
0.0
0.0
0.0
0.0
0.0
0.0
0.0
0.0
0.0
0.0
0.0
0.0
0.0
0.0
0.0
0.0
0.0
0.0
0.0
0.0
0.0
0.0
0.0
0.0
0.0
0.0
0.0
0.0
0.0
0.0
0.0
0.0
0.0
0.0
0.0
0.0
0.0
0.0
0.0
0.0
0.0
0.0
0.0
0.0
0.0
0.0
0.0
0.0
0.0
0.0
0.0
0.0
0.0
0.0
0.0
0.0
0.0
0.0
0.0
0.0
0.0
0.0
0.0
0.0
0.0
0.0
0.0
0.0
0.0
0.0
0.0
0.0
0.0
0.0
0.0
0.0
0.0
0.0
0.0
0.0
0.0
0.0
0.0
0.0
0.0
0.0
0.0
0.0
0.0
0.0
0.0
0.0
0.0
0.0
0.0
0.0
0.0
0.0
0.0
0.0
0.0
0.0
0.0
0.0
0.0
0.0
0.0
0.0
0.0
0.0
0.0
0.0
0.0
0.0
0.0
0.0
0.0
0.0
0.0
0.0
0.0
0.0
0.0
0.0
0.0
0.0
0.0
0.0
0.0
0.0
0.0
0.0
0.0
0.0
0.0
0.0
0.0
0.0
0.0
0.0
0.0
0.0
0.0
0.0
0.0
0.0
0.0
0.0
0.0
0.0
0.0
0.0
0.0
0.0
0.0
0.0
0.0
0.0
0.0
0.0
0.0
0.0
0.0
0.0
0.0
0.0
0.0
0.0
0.0
0.0
0.0
0.0
0.0
0.0
0.0
