0.0009813835588481235
0.000982022303177066
0.000982574102467452
0.0009830774724640717
0.000983548006491001
0.0009839944190342166
0.0009844221089716468
0.0009848346763667664
0.000985234668984879
0.000985623970767094
0.0009860040192818398
0.000986375950748188
0.0009867406890395106
0.0009870976357889958
0.0009874489122525829
0.0009877942069584143
0.000988134713593214
0.0009884705446300184
0.0009888022108150215
0.0009891300581392176
0.0009894543278014905
0.0009897753946675773
0.0009900935986251946
0.0009904091637718446
0.000990722244846251
0.0009910329716086438
0.0009913413296482997
0.0009916470966756278
0.0009919509029946644
0.0009922528365540893
0.0009925529881085536
0.000992851095617398
0.000993147439392456
0.0009934422606560503
0.0009937356250300142
0.0009940275070233833
0.0009943178684087184
0.0009946068494164006
0.0009948945967805916
0.0009951811859314273
0.0009954665950627128
0.00099575049339396
0.0009960332305431463
0.0009963149730570868
0.0009965957872689196
0.0009968757124286076
0.0009971547953021931
0.0009974329936480008
0.0009977102512702316
0.0009979866569091002
0.0009982623406293663
0.0009985373271641103
0.0009988116354792984
0.0009990852861804945
0.0009993582887565004
0.0009996305773790288
0.0009999019871531586
0.0010001727752927906
0.001000443016467755
0.001000712761179142
0.0010009820056821254
0.0010012507553545716
0.001001519025010661
0.0010017867851490434
0.001002054037055258
0.0010023207727688646
0.0010025870083127761
0.0010028528529235621
0.00100311833176989
0.0010033834664486551
0.0010036482682659067
0.0010039127439134432
0.0010041767550026432
0.001004440435393951
0.001004703834596241
0.0010049669029152761
0.001005229626979759
0.001005492077614797
0.001005754285496286
0.0010060162499427666
0.0010062780002355362
0.0010065395548874117
0.0010068008991256081
0.001007062018932577
0.001007322891430572
0.001007583506358375
0.0010078439097065742
0.0010081040833401994
0.001008364110595942
0.0010086238282020208
0.0010088834452595596
0.001009142915074986
0.0010094022801019466
0.0010096615329396644
0.0010099206722340404
0.0010101797237301484
0.001010438665859221
0.001010697465469989
0.0010109561479402444
0.001011214749855461
0.001011473281834879
0.0010117317544980778
0.0010119901572623222
0.0010122485171624321
0.001012506756940666
0.001012764914373233
0.0010130230136010617
0.0010132810059606868
0.001013538984931234
0.001013796943347787
0.0010140548674995198
0.0010143127444286238
0.0010145705898968811
0.001014828426450521
0.0010150862696918432
0.0010153441316186028
0.0010156020170152672
0.0010158599255155692
0.001016117851024277
0.0010163757747223088
0.0010166336825118076
0.0010168915897694711
0.0010171495355064304
0.0010174075327250758
0.0010176655838340458
0.00101792356355825
0.0010181815431198804
0.0010184395836142798
0.001018697689722338
0.0010189558594730043
0.0010192140897703529
0.0010194723806156122
0.001019730763900511
0.0010199892428719086
0.0010202478089233922
0.00102050645293959
0.0010207651568140987
0.001021023925264567
0.001021282778812562
0.0010215417132080796
0.0010218007376701509
0.001022059868126188
0.0010223191332825953
0.0010225784816861466
0.0010228378703650827
0.0010230973282096588
0.0010233569036606736
0.0010236165103602415
0.0010238762063737557
0.001024136028113007
0.0010243959996858122
0.001024656106772996
0.0010249163629596385
0.0010251767390270204
0.0010254372399509525
0.00102569789078779
0.0010259586724263347
0.0010262196079895386
0.0010264807197833993
0.0010267419555424024
0.0010270033282818512
0.0010272648693277458
0.0010275265566889451
0.0010277884195344247
0.0010280503940565918
0.0010283125388903035
0.0010285747780588146
0.0010288371855388708
0.00102909975138146
0.0010293624294030407
0.0010296252414626836
0.001029888163179675
0.0010301512605990929
0.0010304145156184226
0.0010306779969623985
0.0010309416314230244
0.0010312054502798589
0.001031469460110342
0.0010317336552320962
0.0010319980465899315
0.001032262621560697
0.0010325273905288236
0.0010327923514837133
0.0010330574949671335
0.0010333228647134917
0.0010335884003716187
0.001033854161047401
0.0010341200979010414
0.0010343862499972098
0.0010346526010279722
0.0010349191381641162
0.0010351858560556158
0.0010354527994958832
0.0010357199103669108
0.0010359872580201642
0.0010362547383366714
0.0010365224519863587
0.0010367903251974413
0.0010370583453807461
0.0010373266419822058
0.0010375951452540986
0.0010378638538115484
0.0010381328023395617
0.0010384019544374965
0.0010386713312413429
0.0010389409641266205
0.0010392108156752882
0.001039480883736063
0.0010397512002106616
0.0010400217401623781
0.0010402924861937968
0.0010405634748037447
0.0010408347438006405
0.001041106215049711
0.0010413779268529466
0.001041649897769611
0.0010419220259295886
0.0010421944147389053
0.0010424670573376204
0.0010427399119487734
0.0010430130290517378
0.0010432864049133516
0.001043560009790314
0.0010438338873567266
0.001044107979988987
0.0010443822427146214
0.001044656791594674
0.001044931601564686
0.0010452065794913875
0.001045481771014052
0.0010457572786417672
0.001046033070514959
0.0010463090610538556
0.001046585287813283
0.0010468618030681446
0.0010471386256329705
0.0010474156813773813
0.0010476929662256436
0.0010479705037293719
0.0010482483279221203
0.0010485264732367514
0.001048804823881864
0.0010490834213433464
0.0010493622726603482
0.001049641398354835
0.0010499208199146147
0.0010502004784276985
0.0010504803940205143
0.00105076059181579
0.0010510410435407573
0.0010513217910346957
0.0010516028223904338
0.0010518840972165054
0.0010521656548937194
0.0010524474869503873
0.001052729575234638
0.0010530119197899015
0.0010532945285144173
0.00105357742056261
0.0010538606382210966
0.0010541441413370759
0.0010544278366652934
0.0010547117429342181
0.0010549959390865646
0.001055280502218345
0.0010555653713115822
0.0010558504715346376
0.0010561358121329541
0.0010564214293732907
0.0010567073489806942
0.0010569935691177967
0.0010572800949112757
0.0010575669398202345
0.0010578540265619046
0.0010581413588213377
0.0010584289831982912
0.0010587169020283725
0.0010590050945043087
0.0010592935722497341
0.0010595823759201113
0.0010598714585317612
0.0010601608183264083
0.0010604505175259968
0.001060740502373926
0.0010610307524861167
0.0010613212845459548
0.0010616121149828806
0.001061903275002633
0.0010621947098928576
0.0010624863958914002
0.0010627783833819149
0.0010630706742260304
0.0010633632555632163
0.0010636561390139861
0.0010639493282035197
0.00106424281828511
0.0010645365840960366
0.0010648306407857109
0.0010651250134319703
0.001065419701380192
0.0010657146911673737
0.0010660099508426769
0.001066305481342098
0.0010666012966461848
0.0010668974033839172
0.001067193805201421
0.0010674905038030363
0.0010677875006507192
0.0010680848028328
0.0010683824412327898
0.0010686803893694358
0.0010689786392536651
0.0010692771983439983
0.0010695760406321136
0.001069875174574794
0.0010701746060610036
0.001070474337520071
0.0010707743740133193
0.0010710747280039264
0.0010713754272501522
0.0010716764310472024
0.0010719777234328223
0.001072279322559775
0.0010725812405824933
0.0010728834642380891
0.001073185983694198
0.001073488798723149
0.0010737919040473632
0.0010740953047717672
0.0010743990123206354
0.0010747030305461734
0.0010750073678960918
0.0010753120281643501
0.0010756169991791953
0.0010759222680296553
0.0010762278395274236
0.0010765337165947037
0.0010768399005641408
0.0010771463900258662
0.0010774531779176035
0.0010777602626074914
0.0010780676502661342
0.0010783753408257193
0.0010786833385466295
0.0010789916668344863
0.0010793002944663678
0.0010796092241322941
0.0010799184501913324
0.0010802279883883464
0.0010805378479280567
0.0010808480147588002
0.0010811584921039108
0.001081469292555641
0.001081780401108219
0.001082091812017469
0.0010824035282369672
0.0010827155518504101
0.0010830278837181983
0.001083340524324706
0.0010836534744850042
0.0010839667336103077
0.0010842803015174752
0.0010845941780969126
0.0010849083630237863
0.0010852228557931038
0.0010855376558848333
0.0010858527625301228
0.0010861681740844278
0.001086483887097052
0.001086799887852249
0.0010871162090179626
0.0010874328606879213
0.0010877498072389012
0.0010880670559279071
0.0010883846118355039
0.0010887024849903025
0.0010890206738944517
0.0010893391704446037
0.0010896579721390107
0.001089977078062749
0.001090296486943512
0.0010906161965802171
0.0010909362018969987
0.0010912564960764216
0.0010915770813166893
0.0010918979684308068
0.0010922192463464588
0.0010925408229296866
0.00109286269258007
0.0010931848604795943
0.0010935073300453104
0.0010938301002788597
0.0010941531699547769
0.0010944765266390347
0.001094800171591594
0.0010951241088557023
0.0010954483257436022
0.0010957727993107691
0.0010960975765049292
0.001096422674255512
0.0010967480659912338
0.0010970737724225155
0.00109739980820282
0.0010977261727177178
0.0010980528479583307
0.0010983798181330026
0.001098707077231068
0.0010990346178138858
0.0010993624131535927
0.0010996905553726933
0.001100019016937838
0.0011003477639078814
0.0011006767857325872
0.0011010060694477978
0.0011013356772431402
0.0011016656006284417
0.0011019957994579045
0.0011023262554157543
0.0011026569773002247
0.0011029880275539921
0.0011033194198387145
0.0011036511006720202
0.0011039830556891042
0.0011043152896934283
0.0011046477842752943
0.001104980567655137
0.001105313664406409
0.0011056470348248973
0.0011059807365030646
0.0011063147319256873
0.0011066489903183581
0.0011069835035631872
0.0011073182904967722
0.0011076533781806993
0.0011079887098297114
0.0011083242840595408
0.0011086601993290069
0.0011089964418014658
0.0011093329559401367
0.001109669770253168
0.0011100068534818917
0.0011103441832312807
0.0011106817352786213
0.0011110194767421963
0.0011113576052476366
0.0011116960848436609
0.0011120348430729368
0.0011123738502266094
0.0011127131032411938
0.0011130525791396733
0.0011133922426232895
0.0011137321557503506
0.0011140723907184203
0.0011144129238679743
0.0011147538086715338
0.0011150949796915252
0.0011154363917401005
0.001115778020890698
0.0011161198534644502
0.0011164619968404962
0.00111680434844619
0.0011171469071649173
0.001117489774424828
0.001117832988210935
0.001118176455359742
0.0011185201624229505
0.001118864165481831
0.0011192083915563217
0.0011195528214028125
0.0011198974894683327
0.001120242389379256
0.0011205874482337562
0.0011209328593059364
0.0011212786144950946
0.0011216246063673865
0.001121970795536631
0.0011223171916414567
0.001122663819723723
0.0011230106687849315
0.001123357773143191
0.001123705138726339
0.0011240527435769075
0.0011244005729576206
0.001124748617561496
0.0011250968956191948
0.001125445452845858
0.0011257942556092103
0.0011261432385385513
0.001126492435078231
0.0011268417896706418
0.0011271913298538754
0.0011275412367189436
0.0011278914387150263
0.0011282418087888587
0.0011285923269688883
0.0011289430199838194
0.0011292939091774163
0.0011296450213053076
0.001129996472715359
0.0011303481418843413
0.0011307000021385963
0.0011310519833942242
0.0011314040846854764
0.0011317564702255192
0.001132109192581389
0.0011324620833263453
0.0011328151320246982
0.0011331683357199667
0.0011335216354867138
0.001133875219909749
0.0011342291277540457
0.0011345832425706658
0.0011349374786147482
0.0011352918084504818
0.0011356462691857318
0.00113600095867862
0.001136355962916642
0.0011367112106603857
0.0011370665758815661
0.0011374219600880464
0.0011377776200485164
0.0011381333654507124
0.001138489352942304
0.0011388455997124593
0.0011392019655289808
0.001139558432566011
0.0011399150804453433
0.00114027177819398
0.0011406286563742294
0.0011409857865104702
0.001141343063850505
0.0011417005971565406
0.0011420581849832417
0.0011424158668847343
0.0011427736881958854
0.0011431316030507674
0.0011434898877167132
0.0011438483161100796
0.0011442067958766864
0.0011445653529259237
0.0011449239384441626
0.0011452827930328797
0.0011456418871568768
0.0011460010845841821
0.0011463603404401976
0.0011467196574897307
0.0011470791780222173
0.0011474388325343624
0.0011477986356651579
0.0011481585441728518
0.0011485184717821468
0.0011488786308357926
0.001149238896041239
0.0011495992226833217
0.001149959652046388
0.0011503201195667424
0.0011506808416051407
0.0011510417103559043
0.001151402588077931
0.0011517634734894097
0.001152124365021748
0.0011524855340229827
0.0011528469038721086
0.0011532082600246268
0.0011535696017586135
0.001153930929575713
0.0011542924736262581
0.0011546542434303772
0.0011550160337418672
0.0011553777782309853
0.001155739480611666
0.0011561013680145863
0.0011564634648905455
0.0011568255815279152
0.001157187630934876
0.001157549649080549
0.00115791186313837
0.0011582742309722684
0.0011586365855940797
0.001158998886782487
0.001159361152192958
0.0011597236010112333
0.001160086198093698
0.0011604487249148648
0.0011608111827420178
0.001161173636342131
0.0011615362326043072
0.0011618989758568543
0.0011622615919343424
0.0011626241183424228
0.0011629867320104813
0.0011633493815353159
0.0011637121634122745
0.0011640748284841875
0.0011644373931840877
0.001164800006155604
0.0011651626595391206
0.0011655253971683407
0.0011658880279077789
0.001166250660936324
0.0011666131507992753
0.0011669757313885131
0.0011673383746507843
0.001167700939108754
0.0011680634871087526
0.0011684258457592257
0.0011687881964968904
0.0011691505855620978
0.001169513108580779
0.0011698754419881255
0.0011702375932040872
0.0011705996715642983
0.0011709618561831614
0.0011713240829907734
0.0011716860602980223
0.001172047932638587
0.0011724096432300863
0.0011727715987765387
0.0011731334414159713
0.0011734950443850435
0.001173856456055448
0.0011742178726217333
0.0011745793733485958
0.0011749406985372087
0.0011753018469485633
0.0011756627901996866
0.0011760237858650078
0.0011763847285944998
0.0011767454651086932
0.0011771059686570223
0.0011774664975366589
0.001177826863618878
0.001178187065569838
0.0011785470274915397
0.0011789071422167586
0.0011792669656630664
0.001179626581581982
0.0011799860031505365
0.0011803453604139018
0.0011807046116782333
0.0011810635953606627
0.0011814223378318774
0.0011817809340910577
0.0011821395995522486
0.0011824979854831242
0.001182856015788693
0.001183213810026417
0.0011835717621149267
0.0011839295010606348
0.00118428686290148
0.0011846437933010446
0.0011850007765090613
0.0011853576764449065
0.0011857142340109133
0.001186070255124962
0.001186426283401421
0.0011867822363669982
0.0011871378934948439
0.001187493098034587
0.0011878480651012564
0.0011882029131462014
0.001188557577268463
0.0011889118368536736
0.0011892657334235778
0.0011896194726296616
0.0011899730041688428
0.0011903261540522488
0.0011906788923025345
0.0011910314536939812
0.0011913838143542141
0.0011917357957755617
0.0011920873357735978
0.0011924386145962813
0.0011927897076419764
0.0011931404036168256
0.0011934906395835929
0.00119384058789558
0.0011941902938381445
0.0011945396333229413
0.0011948884820888789
0.0011952369962289378
0.0011955852250189899
0.0011959331198277804
0.0011962804997423103
0.001196627445782996
0.0011969740255556695
0.0011973202634917308
0.0011976660176548756
0.0011980113635704124
0.0011983562714825205
0.0011987008343608632
0.001199044952888447
0.0011993886142919394
0.0011997317434071808
0.0012000745098369595
0.001200416870486975
0.0012007587519949263
0.001201100051475766
0.0012014409325650389
0.0012017814022483983
0.0012021214123576801
0.0012024608008106075
0.0012027996713946298
0.0012031381150379836
0.0012034761088512394
0.001203813455092784
0.001204150204970171
0.001204486511921515
0.0012048223908471267
0.0012051575954902644
0.001205492130064619
0.0012058262061620168
0.0012061598601272724
0.0012064928466320938
0.0012068250655685858
0.0012071567724207227
0.0012074880573583707
0.0012078186667734052
0.0012081484637472169
0.0012084777086051556
0.0012088064984004025
0.0012091345575081468
0.0012094618138444966
0.0012097884623278865
0.0012101145748390984
0.0012104399635304555
0.001210764573417469
0.0012110885339265698
0.001211411878616063
0.0012117344598489494
0.0012120562984204955
0.0012123774873780261
0.0012126979433780632
0.0012130175618107267
0.001213336454132961
0.0012136546986063158
0.001213972126649729
0.0012142886579057993
0.0012146044717278378
0.001214919639266693
0.001215233901357461
0.0012155472113276077
0.0012158598180536388
0.001216171810407392
0.0012164827845090492
0.0012167927547212364
0.0012171019960231203
0.0012174105731100932
0.001217718081509045
0.0012180245572140107
0.0012183302838775045
0.0012186352890250893
0.001218939181115642
0.0012192420066316077
0.0012195440445204923
0.0012198452847640127
0.0012201453648953717
0.001220444372417167
0.0012207425999871421
0.0012210399701679902
0.0012213361853254392
0.001221631334076577
0.0012219256729230504
0.0012222189902650919
0.001222511092774035
0.0012228020808907802
0.0012230922262122198
0.0012233812736007447
0.0012236690576772418
0.001223955718866377
0.0012242415121619164
0.001224526083699132
0.0012248093760589569
0.0012250915942360104
0.001225372789641597
0.001225652710668388
0.0012259313397259917
0.0012262088751192172
0.0012264852739607046
0.0012267603555199359
0.0012270341413646972
0.00122730676487963
0.0012275781592205237
0.0012278481844458845
0.0012281169318413502
0.0012283844423710757
0.001228650613740571
0.001228915324993498
0.0012291787287508813
0.0012294408221777205
0.001229701489320393
0.0012299606616293453
0.0012302185090720752
0.0012304750676347066
0.0012307301029198209
0.00123098362755827
0.0012312357331801097
0.001231486452741893
0.001231735581461253
0.0012319832626024273
0.001232229392823215
0.0012324740511607845
0.001232717069001442
0.0012329585360472926
0.00123319842534401
0.0012334367657009769
0.0012336734501353576
0.0012339084538490572
0.0012341418760989046
0.0012343736404112921
0.001234603777812305
0.0012348320890325007
0.0012350587192131671
0.0012352836447032944
0.0012355068250427142
0.0012357281353089892
0.001235947734412558
0.0012361656078158142
0.0012363815743390246
0.0012365956250367813
0.0012368079346625261
0.001237018475984031
0.0012372269453089343
0.0012374335007688567
0.0012376382514455617
0.0012378410837026658
0.0012380418039000876
0.001238240522612689
0.001238437485503603
0.0012386323133193055
0.0012388249570861316
0.001239015597453533
0.0012392043095633713
0.0012393907631473675
0.001239575017435927
0.0012397572408220801
0.001239937354713789
0.0012401151223502566
0.0012402905907421082
0.0012404640833782986
0.0012406352793372024
0.0012408041143265034
0.0012409706285834408
0.0012411350556463135
0.0012412970614768964
0.001241456603277782
0.0012416138683694975
0.0012417687424252659
0.001241921103095521
0.0012420709550783576
0.0012422184061565622
0.0012423633414298605
0.0012425056724502841
0.0012426454452790418
0.001242782684883404
0.0012429172778415996
0.0012430491955099739
0.0012431784964720542
0.0012433051162287522
0.0012434289852047403
0.001243550112171832
0.0012436684708162938
0.001243784031609051
0.0012438967352601056
0.0012440066557562136
0.0012441135064196881
0.0012442174197012938
0.0012443184337973783
0.001244416495286807
0.001244511512176916
0.0012446034742674798
0.00124469247900245
0.0012447783455026985
0.0012448610622527194
0.001244940642329643
0.0012450170729224256
0.0012450902329291505
0.0012451601163963552
0.0012452268035488333
0.0012452901780268897
0.0012453501598210467
0.0012454067384038273
0.0012454599496440541
0.0012455096850866822
0.0012455559167311005
0.0012455986785997384
0.0012456379130823176
0.0012456735383600747
0.0012457055348716562
0.0012457339266494542
0.001245758626327695
0.0012457795878737282
0.0012457968367872475
0.0012458103030881557
0.001245819929760244
0.00124582568477761
0.0012458275394455877
0.0012458254339418157
0.0012458193331506382
0.001245809213180364
0.0012457950166872274
0.0012457767155542897
0.0012457542993002952
0.0012457276803898363
0.0012456968223396796
0.0012456617466923112
0.0012456224123452834
0.0012455786907443252
0.0012455305810123492
0.0012454781510739875
0.001245421202554264
0.0012453597065473793
0.0012452936524712955
0.0012452230183669056
0.0012451476752079818
0.001245067597838663
0.0012449828244561994
0.0012448931952567933
0.0012447987025968467
0.0012446993179270171
0.0012445950209173193
0.0012444856691932787
0.0012443712617325445
0.001244251812562549
0.0012441271561273667
0.0012439972910415439
0.0012438621152705107
0.0012437215718814456
0.0012435755956008794
0.0012434242097708274
0.0012432674158261688
0.0012431050308328861
0.0012429370418060544
0.0012427634398520125
0.0012425841528737865
0.0012423990537263078
0.0012422081476115639
0.0012420114453198547
0.0012418087114273823
0.0012415999213776085
0.0012413851126190458
0.0012411642055076798
0.001240937097114445
0.001240703746833366
0.0012404641910472216
0.0012402181850903354
0.0012399657838623142
0.0012397069082638586
0.0012394414887954286
0.0012391694822942825
0.0012388906861772696
0.0012386051732348729
0.001238312760268472
0.0012380135226063035
0.0012377073112460018
0.0012373940086771707
0.0012370736763808099
0.0012367460721557529
0.0012364112492501743
0.0012360690873294278
0.0012357196794971989
0.0012353626875658548
0.0012349980080563934
0.0012346259664840688
0.0012342461904440453
0.0012338585184503773
0.0012334629242446954
0.0012330596207036021
0.0012326482061453042
0.0012322281831699117
0.001231800384835711
0.0012313643257002044
0.0012309196547343358
0.001230466384593646
0.001230004949641999
0.0012295349018789125
0.0012290555211117973
0.0012285677685601128
0.0012280709849922338
0.001227564813537732
0.0012270493638428287
0.0012265252342604095
0.00122599187173486
0.0012254483854121747
0.0012248958036315948
0.001224333847483692
0.001223761696566496
0.0012231794742666342
0.0012225880503329162
0.0012219888206062288
0.0012213817622211199
0.0012207680455969521
0.0012201476678615495
0.0012195196030464247
0.0012188838941813752
0.0012182413251066915
0.0012175915365500486
0.001216933351288759
0.0012162677686135255
0.001215595032334439
0.0012149138276458366
0.0012142244353733898
0.001213527541783998
0.0012128229098406788
0.0012121092640095226
0.0012113874798131087
0.0012106578048622398
0.0012099190740001826
0.001209171756212722
0.0012084161264452821
0.0012076519038199196
0.001206878073039476
0.0012060953548976283
0.001205303978359208
0.0012045028888622278
0.0012036923476189919
0.0012028725841238543
0.001202043189564445
0.001201203840657557
0.0012003548519601693
0.0011994961639979064
0.001198627020132191
0.0011977474125037923
0.0011968576676039862
0.0011959571794720374
0.0011950462169728006
0.0011941246220889953
0.0011931921189016446
0.001192248234815939
0.001191293621244292
0.0011903280600505499
0.0011893500215416127
0.0011883610843592804
0.0011873605488814146
0.0011863478798366958
0.001185322829598785
0.00118428637971642
0.001183237825140729
0.0011821754412622931
0.0011811011258118446
0.0011800144149365615
0.0011789142037159689
0.0011778004835648732
0.00117667454438148
0.0011755351517449514
0.0011743805284359556
0.001173212946382387
0.0011720319526302315
0.0011708359636332297
0.0011696251981263043
0.0011684009685700813
0.0011671620889817905
0.0011659065936464753
0.0011646367821704852
0.0011633525596245673
0.0011620510968721896
0.0011607336235851893
0.0011594013790561786
0.0011580530328559001
0.001156686460535178
0.0011553038055449473
0.001153905367118456
0.0011524878995939473
0.001151052870174708
0.0011496014722794999
0.0011481321937956374
0.0011466429881778612
0.0011451361129466938
0.0011436117780457972
0.0011420669918225399
0.0011405028190683837
0.001138920541177045
0.0011373182186303192
0.001135693992908593
0.0011340501731637639
0.0011323869785607036
0.0011307014932590525
0.0011289946761054647
0.0011272675353494596
0.0011255175133496492
0.001123744428049533
0.0011219494393046438
0.0011201326438202738
0.0011182915173886003
0.0011164264628291162
0.0011145385157178326
0.0011126255224660807
0.001110687348022841
0.0011087245060512258
0.0011067368760679162
0.0011047222509071792
0.001102681461725517
0.0011006148095561476
0.0010985204910228805
0.001096398038740003
0.0010942477507133999
0.0010920692827671085
0.0010898610526656218
0.0010876238451554704
0.0010853573708205608
0.0010830601048052982
0.0010807320038403998
0.001078372985333818
0.001075981125400747
0.0010735569545718812
0.001071100284955048
0.0010686103251455624
0.0010660859475436378
0.0010635269263805256
0.0010609333388988877
0.0010583028052358495
0.001055636382560037
0.0010529331038010412
0.0010501917991184103
0.0010474120168620664
0.0010445930924451745
0.001041735014857584
0.0010388352779318753
0.0010358949481768414
0.0010329126393955842
0.001029887822052564
0.0010268193173330463
0.0010237058754553414
0.0010205477525917456
0.0010173424012217787
0.0010140910879473215
0.0010107915059792433
0.0010074428530517866
0.0010040449486698891
0.0010005948893138696
0.000997093838979326
0.0009935402283162617
0.0009899334279940561
0.0009862708199030617
0.0009825520032249908
0.0009787764871361157
0.0009749414092464514
0.0009710470791845035
0.0009670929637148475
0.0009630765026272171
0.0009589946844553736
0.0009548484865528223
0.0009506373265972376
0.0009463562242719491
0.0009420055314573735
0.0009375860724708105
0.0009330929900879877
0.0009285227354211213
0.0009238779628785014
0.0009191584181893884
0.0009143547328968614
0.0009094679804496171
0.000904501449544974
0.000899446629346838
0.000894299829856377
0.0008890654659541951
0.0008837417712576523
0.0008783170939930279
0.0008727924344325461
0.0008671725365736703
0.0008614480500764404
0.0008556123224663482
0.0008496707319465205
0.0008436199382356352
0.00083744576694599
0.0008311498378103704
0.0008247375896016977
0.0008181964729200235
0.0008115175899567448
0.0008047070024259074
0.0007977614967140228
0.0007906628806750784
0.0007834110925184386
0.0007760141472353855
0.0007684514061427688
0.0007607124299223745
0.0007528062562802654
0.0007447262816356406
0.0007364483983506022
0.0007279709910001901
0.0007193007099247136
0.000710414365174383
0.000701295997531113
0.000691951409038318
0.0006823685540067555
0.0006725197641704155
0.0006623987058632917
0.000652004827757406
0.0006413099466881582
0.0006302874220767221
0.0006189369574340968
0.0006072342766261312
0.0005951438539852554
0.0005826457713197837
0.0005697242698728034
0.0005563353997190785
0.0005424278001313452
0.0005279833822158083
0.0005129431434753045
0.0004972445685683967
0.0004808236757027177
0.0004636129714493741
0.00044550380472832264
0.0004263666418764453
0.00040608559913729407
0.00038444079973297076
0.0003611944225980944
0.0003360088012927366
0.0003084155628366802
0.00027766962370252374
0.00024257235017527035
0.0002008836539352568
0.0001469749171268258
5.096046873013916e-5
0.0
0.0
0.0
0.0
0.0
0.0
0.0
0.0
0.0
0.0
0.0
0.0
0.0
0.0
0.0
0.0
0.0
0.0
0.0
0.0
0.0
0.0
0.0
0.0
0.0
0.0
0.0
0.0
0.0
0.0
0.0
0.0
0.0
0.0
0.0
0.0
0.0
0.0
0.0
0.0
0.0
0.0
0.0
0.0
0.0
0.0
0.0
0.0
0.0
0.0
0.0
0.0
0.0
0.0
0.0
0.0
0.0
0.0
0.0
0.0
0.0
0.0
0.0
0.0
0.0
0.0
0.0
0.0
0.0
0.0
0.0
0.0
0.0
0.0
0.0
0.0
0.0
0.0
0.0
0.0
0.0
0.0
0.0
0.0
0.0
0.0
0.0
0.0
0.0
0.0
0.0
0.0
0.0
0.0
0.0
0.0
0.0
0.0
0.0
0.0
0.0
0.0
0.0
0.0
0.0
0.0
0.0
0.0
0.0
0.0
0.0
0.0
0.0
0.0
0.0
0.0
0.0
0.0
0.0
0.0
0.0
0.0
0.0
0.0
0.0
0.0
0.0
0.0
0.0
0.0
0.0
0.0
0.0
0.0
0.0
0.0
0.0
0.0
0.0
0.0
0.0
0.0
0.0
0.0
0.0
0.0
0.0
0.0
0.0
0.0
0.0
0.0
0.0
0.0
0.0
0.0
0.0
0.0
0.0
0.0
0.0
0.0
0.0
0.0
0.0
0.0
0.0
0.0
0.0
0.0
0.0
0.0
0.0
0.0
0.0
0.0
0.0
0.0
0.0
0.0
0.0
0.0
0.0
0.0
0.0
0.0
0.0
0.0
0.0
0.0
0.0
0.0
0.0
0.0
0.0
0.0
0.0
0.0
0.0
0.0
0.0
0.0
0.0
0.0
0.0
0.0
0.0
0.0
0.0
0.0
0.0
0.0
0.0
0.0
0.0
0.0
0.0
0.0
0.0
0.0
0.0
0.0
0.0
0.0
0.0
0.0
0.0
0.0
0.0
0.0
0.0
0.0
0.0
0.0
0.0
0.0
0.0
0.0
0.0
0.0
0.0
0.0
0.0
0.0
0.0
0.0
0.0
0.0
0.0
0.0
0.0
0.0
0.0
0.0
0.0
0.0
0.0
0.0
0.0
0.0
0.0
0.0
0.0
0.0
0.0
0.0
0.0
0.0
0.0
0.0
0.0
0.0
0.0
0.0
0.0
0.0
0.0
0.0
0.0
0.0
0.0
0.0
0.0
0.0
0.0
0.0
0.0
0.0
0.0
0.0
0.0
0.0
0.0
0.0
0.0
0.0
0.0
0.0
0.0
0.0
0.0
0.0
0.0
0.0
0.0
0.0
0.0
0.0
0.0
0.0
0.0
0.0
0.0
0.0
0.0
0.0
0.0
0.0
0.0
0.0
0.0
0.0
0.0
0.0
0.0
0.0
0.0
0.0
0.0
0.0
0.0
0.0
0.0
0.0
0.0
0.0
0.0
0.0
0.0
0.0
0.0
0.0
0.0
0.0
0.0
0.0
0.0
0.0
0.0
0.0
0.0
0.0
0.0
0.0
0.0
0.0
0.0
0.0
0.0
0.0
0.0
0.0
0.0
0.0
0.0
0.0
0.0
0.0
0.0
0.0
0.0
0.0
0.0
0.0
0.0
0.0
0.0
0.0
0.0
0.0
0.0
0.0
0.0
0.0
0.0
0.0
0.0
0.0
0.0
0.0
0.0
0.0
0.0
0.0
0.0
0.0
0.0
0.0
0.0
0.0
0.0
0.0
0.0
0.0
0.0
0.0
0.0
0.0
0.0
0.0
0.0
0.0
0.0
0.0
0.0
0.0
0.0
0.0
0.0
0.0
0.0
0.0
0.0
0.0
0.0
0.0
0.0
0.0
0.0
0.0
0.0
0.0
0.0
0.0
0.0
0.0
0.0
0.0
0.0
0.0
0.0
0.0
0.0
0.0
0.0
0.0
0.0
0.0
0.0
0.0
0.0
0.0
0.0
0.0
0.0
0.0
0.0
0.0
0.0
0.0
0.0
0.0
0.0
0.0
0.0
0.0
0.0
0.0
0.0
0.0
0.0
0.0
0.0
0.0
0.0
0.0
0.0
0.0
0.0
0.0
0.0
0.0
0.0
0.0
0.0
0.0
0.0
0.0
0.0
0.0
0.0
0.0
0.0
0.0
0.0
0.0
0.0
0.0
0.0
0.0
0.0
0.0
0.0
0.0
0.0
0.0
0.0
0.0
0.0
0.0
0.0
0.0
0.0
0.0
0.0
0.0
0.0
0.0
0.0
0.0
0.0
0.0
0.0
0.0
0.0
0.0
0.0
0.0
0.0
0.0
0.0
0.0
0.0
0.0
0.0
0.0
0.0
0.0
0.0
0.0
0.0
0.0
0.0
0.0
0.0
0.0
0.0
0.0
0.0
0.0
0.0
0.0
0.0
0.0
0.0
0.0
0.0
0.0
0.0
0.0
0.0
0.0
0.0
0.0
0.0
0.0
0.0
0.0
0.0
0.0
0.0
0.0
0.0
0.0
0.0
0.0
0.0
0.0
0.0
0.0
0.0
0.0
0.0
0.0
0.0
0.0
0.0
0.0
0.0
0.0
0.0
0.0
0.0
0.0
0.0
0.0
0.0
0.0
0.0
0.0
0.0
0.0
0.0
0.0
0.0
0.0
0.0
0.0
0.0
0.0
0.0
0.0
0.0
0.0
0.0
0.0
0.0
0.0
0.0
0.0
0.0
0.0
0.0
0.0
0.0
0.0
0.0
0.0
0.0
0.0
0.0
0.0
0.0
0.0
0.0
0.0
0.0
0.0
0.0
0.0
0.0
0.0
0.0
0.0
0.0
0.0
0.0
0.0
0.0
0.0
0.0
0.0
0.0
0.0
0.0
0.0
0.0
0.0
0.0
0.0
0.0
0.0
0.0
0.0
0.0
0.0
0.0
0.0
0.0
0.0
0.0
0.0
0.0
0.0
0.0
0.0
0.0
0.0
0.0
0.0
0.0
0.0
0.0
0.0
0.0
0.0
0.0
0.0
0.0
0.0
0.0
0.0
0.0
0.0
0.0
0.0
0.0
0.0
0.0
0.0
0.0
0.0
0.0
0.0
0.0
0.0
0.0
0.0
0.0
0.0
0.0
0.0
0.0
0.0
0.0
0.0
0.0
0.0
0.0
0.0
0.0
0.0
0.0
0.0
0.0
0.0
0.0
0.0
0.0
0.0
0.0
0.0
0.0
0.0
0.0
0.0
0.0
0.0
0.0
0.0
0.0
0.0
0.0
0.0
0.0
0.0
0.0
0.0
0.0
0.0
0.0
0.0
0.0
0.0
0.0
0.0
0.0
0.0
0.0
0.0
0.0
0.0
0.0
0.0
0.0
0.0
0.0
0.0
0.0
0.0
0.0
0.0
0.0
0.0
0.0
0.0
0.0
0.0
0.0
0.0
0.0
0.0
0.0
0.0
0.0
0.0
0.0
0.0
0.0
0.0
0.0
0.0
0.0
0.0
0.0
0.0
0.0
0.0
0.0
0.0
0.0
0.0
0.0
0.0
0.0
0.0
0.0
0.0
0.0
0.0
0.0
0.0
0.0
0.0
0.0
0.0
0.0
0.0
0.0
0.0
0.0
0.0
0.0
0.0
0.0
0.0
0.0
0.0
0.0
0.0
0.0
0.0
0.0
0.0
0.0
0.0
0.0
0.0
0.0
0.0
0.0
0.0
0.0
0.0
0.0
0.0
0.0
0.0
0.0
0.0
0.0
0.0
0.0
0.0
0.0
0.0
0.0
0.0
0.0
0.0
0.0
0.0
0.0
0.0
0.0
0.0
0.0
0.0
0.0
0.0
0.0
0.0
0.0
0.0
0.0
0.0
0.0
0.0
0.0
0.0
0.0
0.0
0.0
0.0
0.0
0.0
0.0
0.0
0.0
0.0
0.0
0.0
0.0
0.0
0.0
0.0
0.0
0.0
0.0
0.0
0.0
0.0
0.0
0.0
0.0
0.0
0.0
0.0
0.0
0.0
0.0
0.0
0.0
0.0
0.0
0.0
0.0
0.0
0.0
0.0
0.0
0.0
0.0
0.0
0.0
0.0
0.0
0.0
0.0
0.0
0.0
0.0
0.0
0.0
0.0
0.0
0.0
0.0
0.0
0.0
0.0
0.0
0.0
0.0
0.0
0.0
0.0
0.0
0.0
0.0
0.0
0.0
0.0
0.0
0.0
0.0
0.0
0.0
0.0
0.0
0.0
0.0
0.0
0.0
0.0
0.0
0.0
0.0
0.0
0.0
0.0
0.0
0.0
0.0
0.0
0.0
0.0
0.0
0.0
0.0
0.0
0.0
0.0
0.0
0.0
0.0
0.0
0.0
0.0
0.0
0.0
0.0
0.0
0.0
0.0
0.0
0.0
0.0
0.0
0.0
0.0
0.0
0.0
0.0
0.0
0.0
0.0
0.0
0.0
0.0
0.0
0.0
0.0
0.0
0.0
0.0
0.0
0.0
0.0
0.0
0.0
0.0
0.0
0.0
0.0
0.0
0.0
0.0
0.0
0.0
0.0
0.0
0.0
0.0
0.0
0.0
0.0
0.0
0.0
0.0
0.0
0.0
0.0
0.0
0.0
0.0
0.0
0.0
0.0
0.0
0.0
0.0
0.0
0.0
0.0
0.0
0.0
0.0
0.0
0.0
0.0
0.0
0.0
0.0
0.0
0.0
0.0
0.0
0.0
0.0
0.0
0.0
0.0
0.0
0.0
0.0
0.0
0.0
0.0
0.0
0.0
0.0
0.0
0.0
0.0
0.0
0.0
0.0
0.0
0.0
0.0
0.0
0.0
0.0
0.0
0.0
0.0
0.0
0.0
0.0
0.0
0.0
0.0
0.0
0.0
0.0
0.0
0.0
0.0
0.0
0.0
0.0
0.0
0.0
0.0
0.0
0.0
0.0
0.0
0.0
0.0
0.0
0.0
0.0
0.0
0.0
0.0
0.0
0.0
0.0
0.0
0.0
0.0
0.0
0.0
0.0
0.0
0.0
0.0
0.0
0.0
0.0
0.0
0.0
0.0
0.0
0.0
0.0
0.0
0.0
0.0
0.0
0.0
0.0
0.0
0.0
0.0
0.0
0.0
0.0
0.0
0.0
0.0
0.0
0.0
0.0
0.0
0.0
0.0
0.0
0.0
0.0
0.0
0.0
0.0
0.0
0.0
0.0
0.0
0.0
0.0
0.0
0.0
0.0
0.0
0.0
0.0
0.0
0.0
0.0
0.0
0.0
0.0
0.0
0.0
0.0
0.0
0.0
0.0
0.0
0.0
0.0
0.0
0.0
0.0
0.0
0.0
0.0
0.0
0.0
0.0
0.0
0.0
0.0
0.0
0.0
0.0
0.0
0.0
0.0
0.0
0.0
0.0
0.0
0.0
0.0
0.0
0.0
0.0
0.0
0.0
0.0
0.0
0.0
0.0
0.0
0.0
0.0
0.0
0.0
0.0
0.0
0.0
0.0
0.0
0.0
0.0
0.0
0.0
0.0
0.0
0.0
0.0
0.0
0.0
0.0
0.0
0.0
0.0
0.0
0.0
0.0
0.0
0.0
0.0
0.0
0.0
0.0
0.0
0.0
0.0
0.0
0.0
0.0
0.0
0.0
0.0
0.0
0.0
0.0
0.0
0.0
0.0
0.0
0.0
0.0
0.0
0.0
0.0
0.0
0.0
0.0
0.0
0.0
0.0
0.0
0.0
0.0
0.0
0.0
0.0
0.0
0.0
0.0
0.0
0.0
0.0
0.0
0.0
0.0
0.0
0.0
0.0
0.0
0.0
0.0
0.0
0.0
0.0
0.0
0.0
0.0
0.0
0.0
0.0
0.0
0.0
0.0
0.0
0.0
0.0
0.0
0.0
0.0
0.0
0.0
0.0
0.0
0.0
0.0
0.0
0.0
0.0
0.0
0.0
0.0
0.0
0.0
0.0
0.0
0.0
0.0
0.0
0.0
0.0
0.0
0.0
0.0
0.0
0.0
0.0
0.0
0.0
0.0
0.0
0.0
0.0
0.0
0.0
0.0
0.0
0.0
0.0
0.0
0.0
0.0
0.0
0.0
0.0
0.0
0.0
0.0
0.0
0.0
0.0
0.0
0.0
0.0
0.0
0.0
0.0
0.0
0.0
0.0
0.0
0.0
0.0
0.0
0.0
0.0
0.0
0.0
0.0
0.0
0.0
0.0
0.0
0.0
0.0
0.0
0.0
0.0
0.0
0.0
0.0
0.0
0.0
0.0
0.0
0.0
0.0
0.0
0.0
0.0
0.0
0.0
0.0
0.0
0.0
0.0
0.0
0.0
0.0
0.0
0.0
0.0
0.0
0.0
0.0
0.0
0.0
0.0
0.0
0.0
0.0
0.0
0.0
0.0
0.0
0.0
0.0
0.0
0.0
0.0
0.0
0.0
0.0
0.0
0.0
0.0
0.0
0.0
0.0
0.0
0.0
0.0
0.0
0.0
0.0
0.0
0.0
0.0
0.0
0.0
0.0
0.0
0.0
0.0
0.0
0.0
0.0
0.0
0.0
0.0
0.0
0.0
0.0
0.0
0.0
0.0
0.0
0.0
0.0
0.0
0.0
0.0
0.0
0.0
0.0
0.0
0.0
0.0
0.0
0.0
0.0
0.0
0.0
0.0
0.0
0.0
0.0
0.0
0.0
0.0
0.0
0.0
0.0
0.0
0.0
0.0
0.0
0.0
0.0
0.0
0.0
0.0
0.0
0.0
0.0
0.0
0.0
0.0
0.0
0.0
0.0
0.0
0.0
0.0
0.0
0.0
0.0
0.0
0.0
0.0
0.0
0.0
0.0
0.0
0.0
0.0
0.0
0.0
0.0
0.0
0.0
0.0
0.0
0.0
0.0
0.0
0.0
0.0
0.0
0.0
0.0
0.0
0.0
0.0
0.0
0.0
0.0
0.0
0.0
0.0
0.0
0.0
0.0
0.0
0.0
0.0
0.0
0.0
0.0
0.0
0.0
0.0
0.0
0.0
0.0
0.0
0.0
0.0
0.0
0.0
0.0
0.0
0.0
0.0
0.0
0.0
0.0
0.0
0.0
0.0
0.0
0.0
0.0
0.0
0.0
0.0
0.0
0.0
0.0
0.0
0.0
0.0
0.0
0.0
0.0
0.0
0.0
0.0
0.0
0.0
0.0
0.0
0.0
0.0
0.0
0.0
0.0
0.0
0.0
0.0
0.0
0.0
0.0
0.0
0.0
0.0
0.0
0.0
0.0
0.0
0.0
0.0
0.0
0.0
0.0
0.0
0.0
0.0
0.0
0.0
0.0
0.0
0.0
0.0
0.0
0.0
0.0
0.0
0.0
0.0
0.0
0.0
0.0
0.0
0.0
0.0
0.0
0.0
0.0
0.0
0.0
0.0
0.0
0.0
0.0
0.0
0.0
0.0
0.0
0.0
0.0
0.0
0.0
0.0
0.0
0.0
0.0
0.0
0.0
0.0
0.0
0.0
0.0
0.0
0.0
0.0
0.0
0.0
0.0
0.0
0.0
0.0
0.0
0.0
0.0
0.0
0.0
0.0
0.0
0.0
0.0
0.0
0.0
0.0
0.0
0.0
0.0
0.0
0.0
0.0
0.0
0.0
0.0
0.0
0.0
0.0
0.0
0.0
0.0
0.0
0.0
0.0
0.0
0.0
0.0
0.0
0.0
0.0
0.0
0.0
0.0
0.0
0.0
0.0
0.0
0.0
0.0
0.0
0.0
0.0
0.0
0.0
0.0
0.0
0.0
0.0
0.0
0.0
0.0
0.0
0.0
0.0
0.0
0.0
0.0
0.0
0.0
0.0
0.0
0.0
0.0
0.0
0.0
0.0
0.0
0.0
0.0
0.0
0.0
0.0
0.0
0.0
0.0
0.0
0.0
0.0
0.0
0.0
0.0
0.0
0.0
0.0
0.0
0.0
0.0
0.0
0.0
0.0
0.0
0.0
0.0
0.0
0.0
0.0
0.0
0.0
0.0
0.0
0.0
0.0
0.0
0.0
0.0
0.0
0.0
0.0
0.0
0.0
0.0
0.0
0.0
0.0
0.0
0.0
0.0
0.0
0.0
0.0
0.0
0.0
0.0
0.0
0.0
0.0
0.0
0.0
0.0
0.0
0.0
0.0
0.0
0.0
0.0
0.0
0.0
0.0
0.0
0.0
0.0
0.0
0.0
0.0
0.0
0.0
0.0
0.0
0.0
0.0
0.0
0.0
0.0
0.0
0.0
0.0
0.0
0.0
0.0
0.0
0.0
0.0
0.0
0.0
0.0
0.0
0.0
0.0
0.0
0.0
0.0
0.0
0.0
0.0
0.0
0.0
0.0
0.0
0.0
0.0
0.0
0.0
0.0
0.0
0.0
0.0
0.0
0.0
0.0
0.0
0.0
0.0
0.0
0.0
0.0
0.0
0.0
0.0
0.0
0.0
0.0
0.0
0.0
0.0
0.0
0.0
0.0
0.0
0.0
0.0
0.0
0.0
0.0
0.0
0.0
0.0
0.0
0.0
0.0
0.0
0.0
0.0
0.0
0.0
0.0
0.0
0.0
0.0
0.0
0.0
0.0
0.0
0.0
0.0
0.0
0.0
0.0
0.0
0.0
0.0
0.0
0.0
0.0
0.0
0.0
0.0
0.0
0.0
0.0
0.0
0.0
0.0
0.0
0.0
0.0
0.0
0.0
0.0
0.0
0.0
0.0
0.0
0.0
0.0
0.0
0.0
0.0
0.0
0.0
0.0
0.0
0.0
0.0
0.0
0.0
0.0
0.0
0.0
0.0
0.0
0.0
0.0
0.0
0.0
0.0
0.0
0.0
0.0
0.0
0.0
0.0
0.0
0.0
0.0
0.0
0.0
0.0
0.0
0.0
0.0
0.0
0.0
0.0
0.0
0.0
0.0
0.0
0.0
0.0
0.0
0.0
0.0
0.0
0.0
0.0
0.0
0.0
0.0
0.0
0.0
0.0
0.0
0.0
0.0
0.0
0.0
0.0
0.0
0.0
0.0
0.0
0.0
0.0
0.0
0.0
0.0
0.0
0.0
0.0
0.0
0.0
0.0
0.0
0.0
0.0
0.0
0.0
0.0
0.0
0.0
0.0
0.0
0.0
0.0
0.0
0.0
0.0
0.0
0.0
0.0
0.0
0.0
0.0
0.0
0.0
0.0
0.0
0.0
0.0
0.0
0.0
0.0
0.0
0.0
0.0
0.0
0.0
0.0
0.0
0.0
0.0
0.0
0.0
0.0
0.0
0.0
0.0
0.0
0.0
0.0
0.0
0.0
0.0
0.0
0.0
0.0
0.0
0.0
0.0
0.0
0.0
0.0
0.0
0.0
0.0
0.0
0.0
0.0
0.0
0.0
0.0
0.0
0.0
0.0
0.0
0.0
0.0
0.0
0.0
0.0
0.0
0.0
0.0
0.0
0.0
0.0
0.0
0.0
0.0
0.0
0.0
0.0
0.0
0.0
0.0
0.0
0.0
0.0
0.0
0.0
0.0
0.0
0.0
0.0
0.0
0.0
0.0
0.0
0.0
0.0
0.0
0.0
0.0
0.0
0.0
0.0
0.0
0.0
0.0
0.0
0.0
0.0
0.0
0.0
0.0
0.0
0.0
0.0
0.0
0.0
0.0
0.0
0.0
0.0
0.0
0.0
0.0
0.0
0.0
0.0
0.0
0.0
0.0
0.0
0.0
0.0
0.0
0.0
0.0
0.0
0.0
0.0
0.0
0.0
0.0
0.0
0.0
0.0
0.0
0.0
0.0
0.0
0.0
0.0
0.0
0.0
0.0
0.0
0.0
0.0
0.0
0.0
0.0
0.0
0.0
0.0
0.0
0.0
0.0
0.0
0.0
0.0
0.0
0.0
0.0
0.0
0.0
0.0
0.0
0.0
0.0
0.0
0.0
0.0
0.0
0.0
0.0
0.0
0.0
0.0
0.0
0.0
0.0
0.0
0.0
0.0
0.0
0.0
0.0
0.0
0.0
0.0
0.0
0.0
0.0
0.0
0.0
0.0
0.0
0.0
0.0
0.0
0.0
0.0
0.0
0.0
0.0
0.0
0.0
0.0
0.0
0.0
0.0
0.0
0.0
0.0
0.0
0.0
0.0
0.0
0.0
0.0
0.0
0.0
0.0
0.0
0.0
0.0
0.0
0.0
0.0
0.0
0.0
0.0
0.0
0.0
0.0
0.0
0.0
0.0
0.0
0.0
0.0
0.0
0.0
0.0
0.0
0.0
0.0
0.0
0.0
0.0
0.0
0.0
0.0
0.0
0.0
0.0
0.0
0.0
0.0
0.0
0.0
0.0
0.0
0.0
0.0
0.0
0.0
0.0
0.0
0.0
0.0
0.0
0.0
0.0
0.0
0.0
0.0
0.0
0.0
0.0
0.0
0.0
0.0
0.0
0.0
0.0
0.0
0.0
0.0
0.0
0.0
0.0
0.0
0.0
0.0
0.0
0.0
0.0
0.0
0.0
0.0
0.0
0.0
0.0
0.0
0.0
0.0
0.0
0.0
0.0
0.0
0.0
0.0
0.0
0.0
0.0
0.0
0.0
0.0
0.0
0.0
0.0
0.0
0.0
0.0
0.0
0.0
0.0
0.0
0.0
0.0
0.0
0.0
0.0
0.0
0.0
0.0
0.0
0.0
0.0
0.0
0.0
0.0
0.0
0.0
0.0
0.0
0.0
0.0
0.0
0.0
0.0
0.0
0.0
0.0
0.0
0.0
0.0
0.0
0.0
0.0
0.0
0.0
0.0
0.0
0.0
0.0
0.0
0.0
0.0
0.0
0.0
0.0
0.0
0.0
0.0
0.0
0.0
0.0
0.0
0.0
0.0
0.0
0.0
0.0
0.0
0.0
0.0
0.0
0.0
0.0
0.0
0.0
0.0
0.0
0.0
0.0
0.0
0.0
0.0
0.0
0.0
0.0
0.0
0.0
0.0
0.0
0.0
0.0
0.0
0.0
0.0
0.0
0.0
0.0
0.0
0.0
0.0
0.0
0.0
0.0
0.0
0.0
0.0
0.0
0.0
0.0
0.0
0.0
0.0
0.0
0.0
0.0
0.0
0.0
0.0
0.0
0.0
0.0
0.0
0.0
0.0
0.0
0.0
0.0
0.0
0.0
0.0
0.0
0.0
0.0
0.0
0.0
0.0
0.0
0.0
0.0
0.0
0.0
0.0
0.0
0.0
0.0
0.0
0.0
0.0
0.0
0.0
0.0
0.0
0.0
0.0
0.0
0.0
0.0
0.0
0.0
0.0
0.0
0.0
0.0
0.0
0.0
0.0
0.0
0.0
0.0
0.0
0.0
0.0
0.0
0.0
0.0
0.0
0.0
0.0
0.0
0.0
0.0
0.0
0.0
0.0
0.0
0.0
0.0
0.0
0.0
0.0
0.0
0.0
0.0
0.0
0.0
0.0
0.0
0.0
0.0
0.0
0.0
0.0
0.0
0.0
0.0
0.0
0.0
0.0
0.0
0.0
0.0
0.0
0.0
0.0
0.0
0.0
0.0
0.0
0.0
0.0
0.0
0.0
0.0
0.0
0.0
0.0
0.0
0.0
0.0
0.0
0.0
0.0
0.0
0.0
0.0
0.0
0.0
0.0
0.0
0.0
0.0
0.0
0.0
0.0
0.0
0.0
0.0
0.0
0.0
0.0
0.0
0.0
0.0
0.0
0.0
0.0
0.0
0.0
0.0
0.0
0.0
0.0
0.0
0.0
0.0
0.0
0.0
0.0
0.0
0.0
0.0
0.0
0.0
0.0
0.0
0.0
0.0
0.0
0.0
0.0
0.0
0.0
0.0
0.0
0.0
0.0
0.0
0.0
0.0
0.0
0.0
0.0
0.0
0.0
0.0
0.0
0.0
0.0
0.0
0.0
0.0
0.0
0.0
0.0
0.0
0.0
0.0
0.0
0.0
0.0
0.0
0.0
0.0
0.0
0.0
0.0
0.0
0.0
0.0
0.0
0.0
0.0
0.0
0.0
0.0
0.0
0.0
0.0
0.0
0.0
0.0
0.0
0.0
0.0
0.0
0.0
0.0
0.0
0.0
0.0
0.0
0.0
0.0
0.0
0.0
0.0
0.0
0.0
0.0
0.0
0.0
0.0
0.0
0.0
0.0
0.0
0.0
0.0
0.0
0.0
0.0
0.0
0.0
0.0
0.0
0.0
0.0
0.0
0.0
0.0
0.0
0.0
0.0
0.0
0.0
0.0
0.0
0.0
0.0
0.0
0.0
0.0
0.0
0.0
0.0
0.0
0.0
0.0
0.0
0.0
0.0
0.0
0.0
0.0
0.0
0.0
0.0
0.0
0.0
