0.002911729138362056
0.0029122334720262624
0.0029126681422039164
0.002913063862321666
0.002913433167624824
0.0029137830619693885
0.0029141178819979403
0.002914440518444769
0.0029147530165823713
0.0029150568885787102
0.002915353288353019
0.002915643127827617
0.0029159271482790705
0.00291620490407869
0.002916478064307058
0.0029167464003558305
0.002917010852650709
0.0029172715185518425
0.002917528803774727
0.0029177829846134978
0.0029180342551234336
0.002918282912041771
0.0029185292238671245
0.002918773368588361
0.00291901547001952
0.0029192556323278346
0.0029194938481277004
0.00291972994983442
0.0029199644280270814
0.002920197353385565
0.002920428798577412
0.0029206585644141712
0.0029208868699935726
0.00292111390356556
0.002921339717699235
0.0029215642947963295
0.0029217876075936537
0.0029220097660474886
0.0029222308847651397
0.002922451023276466
0.0029226701663526786
0.0029228880619010266
0.00292310498029356
0.002923321050742519
0.002923536325305588
0.002923750835169067
0.0029239646172056362
0.0029241776400972786
0.0029243898619778323
0.0029246013519502088
0.0029248122105110883
0.002925022457397162
0.0029252321079053347
0.002925441178559876
0.0029256496773726417
0.00292585755488901
0.002926064686260574
0.002926271268820465
0.002926477360227163
0.0029266829995772702
0.0029268881845597697
0.0029270929198413486
0.0029272972172615314
0.0029275010549138143
0.0029277044343894833
0.0029279073502552957
0.00292810981533111
0.002928311913228623
0.0029285136634970154
0.0029287150829312406
0.0029289161804820726
0.002929116961585787
0.002929317321636169
0.002929517362729173
0.002929717122766936
0.002929916564396285
0.002930115677880623
0.002930314517267935
0.0029305131060838496
0.002930711444074152
0.002930909553657014
0.00293110744905766
0.002931305119310847
0.0029315025540562444
0.002931699736271957
0.0029318966585118894
0.0029320933558198425
0.002932289814762951
0.002932486098500882
0.0029326820840510103
0.0029328779294884155
0.002933073599711598
0.0029332691268785837
0.0029334645055233005
0.0029336597347501144
0.0029338548342788024
0.002934049788563245
0.002934244572001548
0.0029344392038646435
0.002934633711806555
0.002934828103904826
0.0029350223882216794
0.0029352165568811302
0.002935410630271086
0.002935604550459247
0.0029357983459624946
0.0029359920350063963
0.0029361855811864475
0.002936379054731563
0.00293657245029636
0.0029367657576480186
0.0029369589671410213
0.002937152090654014
0.0029373451451191533
0.0029375381422373577
0.002937731090988484
0.002937923994954105
0.002938116853843054
0.0029383096630835057
0.0029385024086204534
0.002938695079958519
0.002938887688629484
0.0029390802637763148
0.0029392728150763135
0.0029394653442862836
0.002939657757974985
0.0029398501093635078
0.0029400424440093474
0.0029402347653523877
0.002940427071873879
0.002940619361223095
0.0029408116333604077
0.0029410039119681717
0.002941196199377408
0.0029413884891043114
0.0029415807743034513
0.0029417730414671565
0.0029419652940684323
0.002942157547305824
0.0029423497979615934
0.002942542052818735
0.002942734323621077
0.0029429266315618
0.002943118938376596
0.0029433112121733415
0.0029435034743570433
0.0029436957607618225
0.0029438880073671746
0.0029440802571605953
0.0029442725370173598
0.002944464864655368
0.002944657229347545
0.0029448496410120224
0.0029450420779432223
0.0029452345437158264
0.0029454270567105976
0.0029456196026866376
0.002945812198593484
0.002946004860740938
0.0029461975504240507
0.0029463902771382318
0.002946583063848989
0.0029467758942012257
0.0029469687895452984
0.002947161702750199
0.002947354676882422
0.0029475476559003315
0.002947740694147898
0.00294793378415886
0.002948126891857781
0.0029483200161848615
0.0029485131498704223
0.0029487063475408695
0.0029488995957521577
0.002949092944777317
0.002949286340706394
0.0029494798063385073
0.002949673346321708
0.0029498669563135806
0.0029500606441563324
0.0029502544004233744
0.002950448232544661
0.002950642138884011
0.0029508361123487376
0.002951030184722303
0.0029512243116772228
0.0029514185362473208
0.0029516128225438283
0.0029518071989275245
0.0029520016532879755
0.00295219617607938
0.0029523907632319655
0.0029525854472375753
0.002952780185521292
0.002952975028461208
0.0029531698999982884
0.002953364873322799
0.0029535598945180787
0.0029537549542961975
0.0029539501466760722
0.0029541454206623093
0.002954340775053097
0.0029545362348503503
0.0029547317733791185
0.0029549274057912352
0.0029551231546334203
0.0029553189925051447
0.002955514917662988
0.0029557109529876756
0.0029559070801559524
0.002956103286347584
0.002956299597796513
0.002956496041623743
0.002956692560994513
0.00295688918342432
0.0029570859220888162
0.0029572827030894385
0.002957479601013805
0.0029576766106352765
0.0029578737015299506
0.0029580709099266272
0.0029582682328573315
0.0029584656486019967
0.002958663188419295
0.002958860810498273
0.002959058482228984
0.002959256287045193
0.0029594542066020374
0.00295965217363896
0.0029598502208061563
0.002960048421607766
0.0029602467527897287
0.002960445152553723
0.002960643647687987
0.002960842275485195
0.002961041049134112
0.0029612399151082913
0.002961438870248874
0.002961637931209652
0.0029618371221150474
0.0029620364673173805
0.0029622358835370627
0.0029624354002727726
0.0029626350223035604
0.002962834764040445
0.0029630346405482644
0.0029632346094222994
0.0029634346847899713
0.002963634884297109
0.0029638351874497052
0.002964035623833543
0.002964236184623882
0.002964436840705109
0.0029646376198898977
0.0029648385158283046
0.0029650395152905425
0.002965240618031236
0.0029654418293946646
0.002965643162717499
0.0029658446477508153
0.0029660462555748876
0.0029662479196174126
0.0029664496529953396
0.002966651511587308
0.0029668535497353946
0.0029670557237041566
0.0029672579800778553
0.002967460325166531
0.0029676627844119614
0.0029678653757139245
0.002968068097419331
0.002968270949803313
0.002968473941694355
0.002968677021384421
0.0029688801912140426
0.0029690834838333345
0.0029692869005513694
0.002969490426336416
0.0029696940691135666
0.0029698978572084886
0.0029701017570832196
0.002970305767174603
0.0029705099309891014
0.002970714210260471
0.0029709185903060214
0.0029711230825566477
0.002971327698233456
0.0029715324589133416
0.002971737325749118
0.0029719422817293304
0.002972147361940806
0.002972352567325334
0.0029725578885273192
0.0029727633333272636
0.0029729689038735445
0.0029731745963957573
0.0029733803929065093
0.002973586303677937
0.002973792345898912
0.0029739985187170934
0.002974204812327878
0.0029744112040342497
0.00297461769416424
0.002974824292148775
0.0029750310022626444
0.0029752378267321406
0.0029754447663557135
0.002975651821757532
0.0029758589974998285
0.0029760663146957012
0.002976273754481409
0.00297648131090434
0.0029766889887657506
0.002976896769595033
0.002977104658909441
0.0029773126604262902
0.002977520775450473
0.002977729007146844
0.002977937363753111
0.0029781458640584886
0.0029783544794057706
0.002978563198345163
0.0029787720330664625
0.0029789809915740885
0.0029791900642741303
0.0029793992439682507
0.002979608530110494
0.002979817918667597
0.0029800274127961424
0.002980237020025708
0.0029804467425464496
0.002980656585762275
0.0029808665518533542
0.0029810766319996744
0.0029812868168951315
0.0029814971094477677
0.0029817075112559322
0.0029819180228189573
0.002982128642753018
0.0029823393658407406
0.0029825501905386682
0.002982761120635289
0.0029829721556665044
0.0029831832981325667
0.0029833945636346575
0.0029836059303345935
0.0029838173996561534
0.002984028967320276
0.002984240643673748
0.002984452434597071
0.0029846643300504285
0.0029848763174439453
0.0029850884166270496
0.002985300619443333
0.0029855129215378847
0.002985725324489318
0.0029859378292771263
0.0029861504360431186
0.0029863631446702082
0.002986575955335701
0.002986788867131834
0.0029870018795709057
0.002987214992037372
0.0029874282038439164
0.002987641514193946
0.0029878549222801215
0.0029880684271266222
0.002988282027164976
0.002988495719079151
0.0029887094935864443
0.002988923372421838
0.0029891373619180643
0.0029893514375244953
0.0029895656036943857
0.0029897798633964495
0.0029899942229224905
0.0029902086807782114
0.002990423231131905
0.0029906378717206024
0.002990852601458147
0.0029910674190203497
0.0029912823224599785
0.002991497307903543
0.0029917123703181777
0.0029919275107304585
0.002992142735998852
0.0029923581051993454
0.0029925735559731942
0.002992789084101718
0.0029930046925883973
0.0029932203832448282
0.002993436154923311
0.0029936520063255476
0.002993867928739658
0.002994083922519298
0.00299429998986201
0.002994516121844301
0.002994732302739884
0.0029949485633816975
0.0029951649145434326
0.002995381338030883
0.0029955978472182513
0.0029958144512181087
0.002996031149068179
0.0029962479282757775
0.0029964647778561726
0.0029966816933371374
0.002996898669313246
0.0029971156877013
0.0029973328089941595
0.0029975500143363757
0.00299776728076702
0.0029979846008400418
0.002998201965539433
0.0029984194154251296
0.0029986369443928415
0.0029988545254820377
0.0029990721460988355
0.0029992898115918367
0.00299950756255047
0.0029997254189041626
0.0029999433377027093
0.003000161304848903
0.003000379323009392
0.003000597379572278
0.0030008154925663874
0.0030010336775668674
0.0030012519080408334
0.0030014702211565345
0.0030016885919154205
0.003001906999604046
0.003002125438439314
0.0030023439202511684
0.0030025624621846767
0.003002781026706497
0.0030029996125323895
0.003003218283325093
0.0030034370293560595
0.003003655813937397
0.0030038746550807155
0.0030040935319467672
0.0030043124295370057
0.003004531331790383
0.0030047502168963143
0.00300496921241785
0.003005188294364784
0.0030054074152340658
0.003005626555320948
0.003005845712299316
0.003006064870753409
0.0030062840075077086
0.0030065031621963074
0.0030067223808290296
0.0030069416475875213
0.0030071610022293334
0.0030073804264920084
0.0030075998604981113
0.0030078192884253688
0.0030080387010818312
0.0030082581669744596
0.0030084776173204685
0.0030086970470186935
0.003008916537969159
0.003009136148747548
0.0030093557733960924
0.0030095754029538842
0.0030097950693851344
0.0030100147041709968
0.0030102343190983346
0.0030104539356933455
0.0030106735494875784
0.0030108931136848195
0.003011112750683031
0.0030113324546159363
0.003011552156606814
0.0030117718312170595
0.003011991484277174
0.0030122111310729254
0.0030124307641659414
0.003012650404816842
0.003012870056222338
0.003013089704156948
0.0030133093386523393
0.0030135289533513927
0.0030137485592869983
0.0030139681847477806
0.0030141878081348093
0.003014407387691249
0.0030146269440257598
0.003014846441801103
0.0030150658979546698
0.003015285425778077
0.0030155049794979936
0.0030157244789314405
0.0030159439112191493
0.003016163292983911
0.0030163826409716093
0.0030166019674308805
0.0030168213444359696
0.0030170406954992965
0.0030172600036197056
0.003017479224794733
0.003017698358018211
0.0030179175050582432
0.0030181366979170746
0.003018355831489424
0.003018574898812605
0.0030187938976501275
0.0030190127911668536
0.003019231695842499
0.003019450635088413
0.0030196695360937124
0.0030198883454588296
0.0030201070459760196
0.0030203256604390727
0.0030205442486766535
0.0030207628630269973
0.003020981458959378
0.0030211999586095915
0.003021418301213284
0.003021636644092797
0.00302185486995422
0.0030220730745590535
0.0030222912679786548
0.003022509363676672
0.0030227272681378706
0.003022945111160239
0.003023162813178778
0.003023380453388526
0.0030235980748898276
0.0030238156133432135
0.003024033134691932
0.0030242505157775552
0.003024467780423941
0.003024684955902151
0.0030249020142463982
0.003025119122286873
0.003025336142339823
0.0030255530181857357
0.0030257697655256045
0.003025986354500555
0.003026202930058941
0.0030264194737299878
0.003026635903128782
0.003026852190747677
0.003027068338068297
0.0030272844303887523
0.003027500425641939
0.0030277163320394595
0.003027932123311784
0.0030281477476047313
0.0030283633318553514
0.00302857880044056
0.0030287941263609647
0.0030290093342235135
0.0030292243851591143
0.003029439407792411
0.003029654337313888
0.0030298690916748423
0.003030083658187866
0.003030298041668172
0.003030512408777011
0.0030307267134228894
0.003030940827938058
0.0030311547518532367
0.003031368485672629
0.0030315821650546497
0.0030317957949919255
0.003032009253994652
0.0030322225029457994
0.003032435543921376
0.0030326485104980472
0.00303286141676606
0.0030330741505592207
0.0030332866607426937
0.003033498968656055
0.0030337112072868796
0.0030339233513004744
0.003034135302707785
0.00303434703815375
0.003034558567777344
0.0030347700193423923
0.003034981372168285
0.0030351924986676015
0.003035403399372909
0.003035614112207383
0.003035824722233926
0.0030360352314233803
0.003036245480685497
0.0030364554869424633
0.0030366653221165505
0.0030368749907731768
0.0030370845492997097
0.003037293853407217
0.003037502912836958
0.003037711813515836
0.003037920550455239
0.0030381291486740597
0.003038337498431991
0.0030385456622339887
0.0030387535567088656
0.0030389613163020373
0.0030391689243085052
0.0030393762996493
0.0030395834783386185
0.0030397903614056685
0.003039997052656027
0.0030402035786481984
0.0030404099932482506
0.003040616112179672
0.003040821940329254
0.0030410275398297837
0.0030412330123417335
0.003041438321388003
0.0030416433014720107
0.003041848034948597
0.0030420524900681522
0.003042256896335645
0.0030424610514931563
0.003042664884374586
0.0030428684225532266
0.003043071780575434
0.003043275027037583
0.003043477987931855
0.003043680663270185
0.0030438830372084415
0.003044085254336525
0.0030442872557680007
0.0030444889556003165
0.003044690339521209
0.0030448915520739552
0.003045092488087211
0.0030452931474970867
0.003045493488167429
0.0030456937287498885
0.003045893622618154
0.003046093216505094
0.0030462925183395192
0.003046491600516194
0.00304669043980992
0.0030468889474935916
0.0030470871342788324
0.0030472850442365036
0.0030474828099977228
0.0030476803092590495
0.0030478774306209075
0.0030480742854998603
0.003048271096936719
0.0030484676241982526
0.0030486637131866335
0.0030488593828334404
0.0030490549016701646
0.0030492501949345835
0.0030494451214889483
0.0030496395759061633
0.003049833856125088
0.0030500279168718656
0.003050221638247843
0.0030504149359232026
0.0030506079306364814
0.003050800689001457
0.003050993171124931
0.0030511852580610336
0.0030513769732700173
0.0030515684285669525
0.003051759597422291
0.0030519503859758727
0.0030521407793595162
0.0030523309048238584
0.0030525207498525602
0.003052710218960262
0.0030528992794047905
0.003053088029384669
0.003053276509431925
0.003053464607123519
0.0030536522894125512
0.003053839649835108
0.0030540267130907753
0.003054213413354306
0.00305439968548046
0.0030545856134621997
0.0030547712247553593
0.0030549564936087543
0.0030551413142588797
0.0030553256186388014
0.0030555095660960954
0.0030556931702860474
0.0030558763569007823
0.0030560591671161476
0.003056241585998289
0.003056423663912192
0.0030566053489766974
0.0030567866359254656
0.0030569674857433777
0.003057147989468832
0.003057328124739272
0.003057507854450197
0.00305768712537054
0.0030578660250618326
0.0030580445579041493
0.003058222699804929
0.0030584003669303704
0.003058577615175643
0.003058754493137352
0.003058930961058433
0.0030591069455803304
0.0030592824753715503
0.0030594576316909025
0.003059632422974539
0.0030598067223665372
0.0030599805336746816
0.0030601539683298468
0.00306032704617637
0.003060499641291023
0.003060671703401172
0.0030608433642704967
0.0030610146737028317
0.0030611855019729325
0.003061355780124404
0.0030615256444065696
0.0030616951423863407
0.0030618640773908898
0.003062032473528757
0.0030622004327175273
0.0030623679934984
0.003062535060571117
0.003062701607972499
0.0030628677033736704
0.003063033365934172
0.0030631985211113585
0.0030633631819984557
0.003063527397313581
0.003063691126724835
0.0030638543181310905
0.0030640170307265732
0.003064179305870987
0.003064341059453846
0.0030645022525941394
0.0030646629786768177
0.0030648232756255163
0.0030649830130897115
0.003065142216014233
0.003065300969338508
0.0030654593176831094
0.003065617057604438
0.0030657741990840356
0.003065930883616329
0.0030660871456001386
0.00306624278235106
0.0030663978143657205
0.003066552388042242
0.003066706518355244
0.003066860009978728
0.0030670128713791234
0.0030671652545320163
0.003067317165062694
0.003067468422107364
0.0030676190730422113
0.0030677692670847195
0.0030679190760964647
0.0030680683324519533
0.003068217049420333
0.00306836524841517
0.0030685128812975204
0.003068659864107778
0.00306880624118721
0.003068952150350672
0.003069097465778586
0.0030692421066950307
0.0030693861471142577
0.003069529717316179
0.0030696726420132133
0.003069814895719934
0.003069956583817435
0.0030700977350634324
0.0030702382256472013
0.003070378049792524
0.0030705173104987544
0.0030706559883256937
0.0030707939957860465
0.0030709313469201318
0.003071068111437711
0.003071204259372773
0.0030713397230122327
0.003071474551406779
0.0030716087685654534
0.003071742325815943
0.0030718751190033982
0.003072007133249274
0.0030721385111384513
0.0030722691981689087
0.003072399163352319
0.0030725284956113564
0.0030726572165965574
0.003072785211292145
0.0030729124896277655
0.0030730391017817172
0.0030731650672612674
0.0030732902867053524
0.0030734148362325693
0.003073538667012887
0.0030736618035025007
0.0030737841594334634
0.0030739058078158416
0.00307402673894956
0.003074146971608108
0.003074266455306597
0.0030743851814890796
0.003074503204728031
0.0030746204898743587
0.00307473705687364
0.0030748527923062734
0.0030749677206008802
0.003075081903455153
0.003075195324993718
0.0030753079257527472
0.003075419790897751
0.003075530917623555
0.0030756412178182925
0.0030757506914994
0.0030758594326775156
0.003075967432009841
0.0030760745379890034
0.0030761808370009915
0.0030762863902144477
0.003076391146641979
0.003076495068967192
0.0030765981590766987
0.0030767005493163597
0.003076802047160687
0.003076902632348286
0.0030770024050502474
0.0030771014095211054
0.0030771994775581537
0.003077296617701526
0.003077392946943339
0.0030774884348892416
0.0030775829614595397
0.0030776765577518184
0.003077769402436576
0.003077861329432533
0.003077952415473319
0.003078042608107404
0.0030781321435157105
0.003078220725646782
0.0030783083307660475
0.0030783950687945094
0.0030784808833732003
0.0030785657131967765
0.003078649567752455
0.0030787325148284865
0.0030788144969966405
0.0030788954712663024
0.0030789754712421823
0.0030790545194047583
0.0030791325579411317
0.003079209577889888
0.0030792856217336326
0.0030793606608229642
0.00307943466202156
0.0030795076387433256
0.003079579584149653
0.0030796504897079007
0.0030797203281643375
0.003079789155229745
0.003079856574283023
0.0030799228958620253
0.003079988163454403
0.0030800523526436875
0.003080115412390928
0.0030801773492296074
0.003080238241642812
0.0030802979788755046
0.003080356564411973
0.003080414020455031
0.0030804703160240273
0.003080525403064829
0.003080579299427837
0.003080632083868981
0.00308068368286472
0.003080734046739932
0.0030807831291901383
0.0030808309993579667
0.003080877617802493
0.00308092297690259
0.0030809671347485673
0.0030810100619401495
0.003081051695577716
0.0030810920377986155
0.0030811311584080865
0.0030811689829541864
0.003081205482392762
0.003081240774483097
0.0030812747744607214
0.003081307423824435
0.0030813387080953626
0.0030813686856951497
0.003081397277960697
0.0030814244378853536
0.0030814502081301536
0.0030814746085436307
0.003081497598608666
0.0030815191664327174
0.0030815393199225788
0.003081558034736978
0.003081575368470525
0.00308159132814103
0.003081605820978996
0.003081618850109728
0.003081630547943542
0.0030816407368170254
0.0030816493972515607
0.0030816565121205845
0.003081662067814171
0.0030816660576058084
0.0030816684643056405
0.0030816692725114483
0.0030816684701256833
0.0030816660413529756
0.0030816619729060676
0.003081656252846714
0.0030816488611959715
0.0030816397847479764
0.0030816290097805416
0.0030816165172290657
0.0030816022957980077
0.0030815861856189064
0.0030815680693542214
0.0030815481675775386
0.0030815264735663604
0.0030815029804927585
0.003081477653266044
0.0030814504804729474
0.003081421453005591
0.0030813905108659336
0.0030813576325683144
0.0030813228447918095
0.0030812861174313692
0.003081247293259904
0.003081206492355796
0.003081163714969305
0.0030811189395044034
0.0030810721389555717
0.0030810232986805478
0.0030809724214847993
0.0030809194622483612
0.0030808645133555256
0.003080807453687651
0.003080748262122936
0.0030806869094642904
0.003080623316119357
0.0030805575364307647
0.0030804895427994114
0.0030804193331505896
0.003080346863451497
0.00308027210090681
0.003080195055795882
0.0030801156665166765
0.003080034040837712
0.003079950140643497
0.0030798638882592916
0.003079775085648691
0.0030796840460471965
0.003079590723797307
0.003079494912972301
0.0030793965680101744
0.0030792956777632246
0.0030791922934782245
0.003079086305050695
0.0030789775795013233
0.003078866331016311
0.00307875243168598
0.003078635785617619
0.0030785163912097745
0.0030783943602871624
0.0030782695719133607
0.003078141830541006
0.0030780113298189177
0.003077877579040264
0.0030777408477602264
0.003077601160614738
0.0030774586778066376
0.003077313247150485
0.0030771646216897807
0.0030770129947204484
0.003076858246237623
0.003076700220426881
0.0030765389994280986
0.003076374803773445
0.0030762074455441364
0.003076036634127562
0.003075862744953761
0.0030756857833129712
0.003075505375864336
0.0030753214603670316
0.003075134336535743
0.00307494387773176
0.0030747497231268105
0.0030745521556908404
0.003074351242035159
0.0030741465805514865
0.0030739382437518204
0.003073726430483598
0.0030735111749391063
0.0030732920788702355
0.0030730692887210786
0.0030728427006550692
0.003072612286834238
0.0030723782210521308
0.0030721404375811203
0.003071898784339103
0.00307165293199749
0.003071403100526951
0.0030711493581418083
0.0030708913604045505
0.0030706291832697788
0.003070362895453963
0.003070092358875441
0.0030698174616949504
0.003069538301145592
0.003069254853890717
0.003068966744531141
0.003068673752631967
0.0030683763133061473
0.003068074219846022
0.0030677675579406523
0.003067456087348832
0.0030671397894840827
0.003066818606300467
0.0030664927570525184
0.003066162167515482
0.0030658264359854663
0.003065485976877644
0.0030651405225854043
0.0030647899128179406
0.0030644340600229137
0.0030640733054925215
0.003063707406356907
0.0030633357592064095
0.0030629590275087553
0.003062577051872634
0.003062189446444066
0.0030617962894149042
0.003061398121051791
0.0030609943486436743
0.0030605841901292286
0.0030601686697924687
0.0030597476576120055
0.003059320809557251
0.003058887909733934
0.0030584494331579713
0.0030580049642286145
0.0030575538036950473
0.00305709678345689
0.0030566338815827114
0.0030561640866808163
0.003055687850590583
0.0030552056326791787
0.003054716964720292
0.0030542210872984976
0.003053718318526385
0.0030532091977150816
0.003052692454553271
0.0030521687301633214
0.003051638436526471
0.003051101154309807
0.0030505562888972913
0.003050004489944498
0.0030494459016009966
0.003048879447867976
0.003048305539292889
0.0030477246684691155
0.0030471361493483117
0.0030465393160401246
0.0030459350434641403
0.003045323443848146
0.00304470347283384
0.0030440757052276717
0.0030434404375422187
0.0030427966728379468
0.003042144135501193
0.003041483682927596
0.003040815303140678
0.003040138296657381
0.0030394526571972834
0.003038758732947272
0.003038055774467173
0.003037343775416697
0.0030366229683972765
0.0030358933543630077
0.003035154171175037
0.0030344057722481096
0.0030336483204926904
0.003032881208491666
0.0030321037196033057
0.0030313164021184363
0.0030305194261641723
0.0030297122159378903
0.003028895165272754
0.003028068228967468
0.003027230918777719
0.0030263832814581256
0.003025525366145635
0.0030246565534775803
0.003023777115017398
0.0030228870627113393
0.0030219861940567246
0.003021074187627114
0.003020151240444837
0.003019217414644677
0.0030182718246860364
0.0030173147255496326
0.003016346142477945
0.00301536588389622
0.0030143738095145495
0.0030133700262858776
0.0030123543451241325
0.003011325999920994
0.0030102854971284384
0.0030092324768901243
0.003008166889900283
0.0030070884615540096
0.00300599691775036
0.0030048923714409404
0.003003773996932539
0.0030026419613399503
0.0030014963894919922
0.0030003369580836807
0.0029991638386424667
0.0029979762597084994
0.0029967748192841286
0.002995559176652396
0.0029943293245020494
0.0029930845869754956
0.0029918250533369052
0.0029905507912912116
0.0029892612171722346
0.002987956751364433
0.002986637265314568
0.0029853020081333603
0.0029839502856188025
0.0029825831343319176
0.0029812003922969313
0.0029798009611454314
0.002978385238359865
0.0029769536383058466
0.002975504937417703
0.002974038398682382
0.0029725552386178624
0.0029710557442072074
0.0029695369555655902
0.0029680001264625576
0.0029664466523706503
0.002964873702114844
0.0029632812108911096
0.0029616709986462885
0.002960043137055725
0.0029583946262984164
0.0029567263597112016
0.002955040361554159
0.002953334446264449
0.0029516073126994785
0.002949861477324373
0.00294809657536844
0.002946309090081042
0.0029445000907126198
0.0029426720702016153
0.0029408227367322386
0.002938950220799727
0.002937057352200758
0.0029351444101201616
0.0029332071215608995
0.002931246633486691
0.002929266242260958
0.0029272614293675936
0.0029252311410039437
0.0029231792113121823
0.0029211053068072153
0.0029190043912405207
0.002916877832427805
0.0029147293774643003
0.0029125553066148423
0.002910353838972839
0.0029081285930517725
0.002905879006746923
0.002903601147379597
0.002901296706949052
0.002898968191137605
0.002896612362472997
0.002894226578510997
0.002891814806281652
0.0028893763951362283
0.0028869080879887717
0.002884410921653108
0.0028818874846247827
0.0028793346484031084
0.0028767495099446556
0.0028741361870082234
0.002871492727312267
0.002868817764174891
0.002866111533303767
0.0028633756524634644
0.002860606974019648
0.002857803997591578
0.0028549712128182344
0.002852103832408184
0.0028492029858315435
0.002846268306656038
0.00284330108830294
0.0028402987786149644
0.0028372613937321573
0.0028341909793891994
0.0028310819203096016
0.0028279375459521233
0.0028247564056351863
0.002821538831610885
0.002818283212461428
0.0028149907445974027
0.0028116618415960637
0.002808290228891348
0.0028048803246824225
0.002801431498461225
0.0027979421518971124
0.0027944106163767146
0.002790838787566404
0.002787226541015645
0.002783566986605779
0.0027798656372848957
0.0027761243826151414
0.002772337781649812
0.0027685043139124487
0.0027646287247664048
0.0027607098179674014
0.0027567382087375623
0.0027527213043872572
0.0027486620786799747
0.002744551260286422
0.0027403897412652243
0.0027361829552284694
0.002731928271077547
0.002727616504165929
0.0027232545309467176
0.002718847694156643
0.002714383626022313
0.0027098620746071438
0.002705290080784401
0.002700667167214626
0.0026959821466686594
0.0026912418429242604
0.002686452518364614
0.002681600348405169
0.0026766843937738134
0.0026717136829741157
0.0026666878254123965
0.0026615951488432243
0.0026564401271559905
0.002651230522726454
0.0026459536354108675
0.002640606765581491
0.0026351996626152153
0.0026297315127137965
0.002624189945298622
0.0026185781661932973
0.002612906172915381
0.0026071608519330413
0.002601337823935866
0.002595447967153939
0.0025894900007036306
0.002583452070437487
0.002577336525846452
0.0025711535938234957
0.002564892010311362
0.0025585439475155148
0.0025521202533033546
0.0025456205124973316
0.0025390363632905137
0.00253236510579332
0.002525617877047217
0.0025187826345267187
0.0025118535226688506
0.0025048402825369642
0.0024977411428627897
0.0024905487042484096
0.0024832575378157975
0.0024758806476400164
0.002468405299483894
0.0024608294616872473
0.0024531569342325235
0.002445387006917225
0.002437515642996743
0.002429533759617527
0.002421455231039432
0.0024132658359933097
0.002404968439534587
0.0023965605116716576
0.002388042947703721
0.0023794109342609895
0.002370654510192087
0.0023617884106745726
0.0023527959717046625
0.002343683440066997
0.0023344449335380977
0.0023250813542136793
0.002315588502594855
0.002305957487259983
0.0022962008889942536
0.002286302521188138
0.002276267696746999
0.00226608801123468
0.002255764273131023
0.00224529356950747
0.002234672638415045
0.00222390198945592
0.0022129836021057498
0.0022019422645259174
0.002190768730927105
0.0021794615661034334
0.002168018104716794
0.002156434459946012
0.002144708828507704
0.0021328301231230205
0.002120806311778979
0.002108624219719486
0.0020962821279684974
0.00208377596648163
0.0020711058356086827
0.002058265452026366
0.002045240039928772
0.0020320384804485437
0.002018647282214419
0.0020050612960049916
0.001991277991465221
0.0019772950994285886
0.0019631010799885484
0.0019486791479607776
0.001934042627428303
0.0019191784142751473
0.001904072940649563
0.001888722949106679
0.0018731237134750765
0.001857259752720885
0.0018411131326741843
0.0018246994163840762
0.0018079981123187406
0.0017909894133025304
0.0017736678959875867
0.0017560326407051335
0.0017380627498558773
0.001719724499820753
0.0017010404181011642
0.0016819819406184077
0.0016625194383712975
0.0016426427356376445
0.0016223540535627145
0.0016016203860619025
0.0015803904392548715
0.0015586898697193838
0.0015364788685897142
0.0015137149458380411
0.001490372728274309
0.0014664532617281272
0.00144189748721641
0.001416636070979045
0.001390675300607645
0.0013639759116438317
0.0013364585415590732
0.001308052580408012
0.0012787459488582604
0.001248440753347587
0.0012170268563222325
0.001184447291822627
0.0011506206852495396
0.0011153823492924618
0.0010785548053432814
0.0010400423401349757
0.0009996242975970052
0.000956991380560185
0.0009118437092274803
0.0008638514657938087
0.0008124351107437052
0.0007568064628752129
0.0006960655282187601
0.0006287235101479631
0.0005522423933139692
0.00046206337041984353
0.0003478830117352317
0.00016548246548105886
0.0
0.0
0.0
0.0
0.0
0.0
0.0
0.0
0.0
0.0
0.0
0.0
0.0
0.0
0.0
0.0
0.0
0.0
0.0
0.0
0.0
0.0
0.0
0.0
0.0
0.0
0.0
0.0
0.0
0.0
0.0
0.0
0.0
0.0
0.0
0.0
0.0
0.0
0.0
0.0
0.0
0.0
0.0
0.0
0.0
0.0
0.0
0.0
0.0
0.0
0.0
0.0
0.0
0.0
0.0
0.0
0.0
0.0
0.0
0.0
0.0
0.0
0.0
0.0
0.0
0.0
0.0
0.0
0.0
0.0
0.0
0.0
0.0
0.0
0.0
0.0
0.0
0.0
0.0
0.0
0.0
0.0
0.0
0.0
0.0
0.0
0.0
0.0
0.0
0.0
0.0
0.0
0.0
0.0
0.0
0.0
0.0
0.0
0.0
0.0
0.0
0.0
0.0
0.0
0.0
0.0
0.0
0.0
0.0
0.0
0.0
0.0
0.0
0.0
0.0
0.0
0.0
0.0
0.0
0.0
0.0
0.0
0.0
0.0
0.0
0.0
0.0
0.0
0.0
0.0
0.0
0.0
0.0
0.0
0.0
0.0
0.0
0.0
0.0
0.0
0.0
0.0
0.0
0.0
0.0
0.0
0.0
0.0
0.0
0.0
0.0
0.0
0.0
0.0
0.0
0.0
0.0
0.0
0.0
0.0
0.0
0.0
0.0
0.0
0.0
0.0
0.0
0.0
0.0
0.0
0.0
0.0
0.0
0.0
0.0
0.0
0.0
0.0
0.0
0.0
0.0
0.0
0.0
0.0
0.0
0.0
0.0
0.0
0.0
0.0
0.0
0.0
0.0
0.0
0.0
0.0
0.0
0.0
0.0
0.0
0.0
0.0
0.0
0.0
0.0
0.0
0.0
0.0
0.0
0.0
0.0
0.0
0.0
0.0
0.0
0.0
0.0
0.0
0.0
0.0
0.0
0.0
0.0
0.0
0.0
0.0
0.0
0.0
0.0
0.0
0.0
0.0
0.0
0.0
0.0
0.0
0.0
0.0
0.0
0.0
0.0
0.0
0.0
0.0
0.0
0.0
0.0
0.0
0.0
0.0
0.0
0.0
0.0
0.0
0.0
0.0
0.0
0.0
0.0
0.0
0.0
0.0
0.0
0.0
0.0
0.0
0.0
0.0
0.0
0.0
0.0
0.0
0.0
0.0
0.0
0.0
0.0
0.0
0.0
0.0
0.0
0.0
0.0
0.0
0.0
0.0
0.0
0.0
0.0
0.0
0.0
0.0
0.0
0.0
0.0
0.0
0.0
0.0
0.0
0.0
0.0
0.0
0.0
0.0
0.0
0.0
0.0
0.0
0.0
0.0
0.0
0.0
0.0
0.0
0.0
0.0
0.0
0.0
0.0
0.0
0.0
0.0
0.0
0.0
0.0
0.0
0.0
0.0
0.0
0.0
0.0
0.0
0.0
0.0
0.0
0.0
0.0
0.0
0.0
0.0
0.0
0.0
0.0
0.0
0.0
0.0
0.0
0.0
0.0
0.0
0.0
0.0
0.0
0.0
0.0
0.0
0.0
0.0
0.0
0.0
0.0
0.0
0.0
0.0
0.0
0.0
0.0
0.0
0.0
0.0
0.0
0.0
0.0
0.0
0.0
0.0
0.0
0.0
0.0
0.0
0.0
0.0
0.0
0.0
0.0
0.0
0.0
0.0
0.0
0.0
0.0
0.0
0.0
0.0
0.0
0.0
0.0
0.0
0.0
0.0
0.0
0.0
0.0
0.0
0.0
0.0
0.0
0.0
0.0
0.0
0.0
0.0
0.0
0.0
0.0
0.0
0.0
0.0
0.0
0.0
0.0
0.0
0.0
0.0
0.0
0.0
0.0
0.0
0.0
0.0
0.0
0.0
0.0
0.0
0.0
0.0
0.0
0.0
0.0
0.0
0.0
0.0
0.0
0.0
0.0
0.0
0.0
0.0
0.0
0.0
0.0
0.0
0.0
0.0
0.0
0.0
0.0
0.0
0.0
0.0
0.0
0.0
0.0
0.0
0.0
0.0
0.0
0.0
0.0
0.0
0.0
0.0
0.0
0.0
0.0
0.0
0.0
0.0
0.0
0.0
0.0
0.0
0.0
0.0
0.0
0.0
0.0
0.0
0.0
0.0
0.0
0.0
0.0
0.0
0.0
0.0
0.0
0.0
0.0
0.0
0.0
0.0
0.0
0.0
0.0
0.0
0.0
0.0
0.0
0.0
0.0
0.0
0.0
0.0
0.0
0.0
0.0
0.0
0.0
0.0
0.0
0.0
0.0
0.0
0.0
0.0
0.0
0.0
0.0
0.0
0.0
0.0
0.0
0.0
0.0
0.0
0.0
0.0
0.0
0.0
0.0
0.0
0.0
0.0
0.0
0.0
0.0
0.0
0.0
0.0
0.0
0.0
0.0
0.0
0.0
0.0
0.0
0.0
0.0
0.0
0.0
0.0
0.0
0.0
0.0
0.0
0.0
0.0
0.0
0.0
0.0
0.0
0.0
0.0
0.0
0.0
0.0
0.0
0.0
0.0
0.0
0.0
0.0
0.0
0.0
0.0
0.0
0.0
0.0
0.0
0.0
0.0
0.0
0.0
0.0
0.0
0.0
0.0
0.0
0.0
0.0
0.0
0.0
0.0
0.0
0.0
0.0
0.0
0.0
0.0
0.0
0.0
0.0
0.0
0.0
0.0
0.0
0.0
0.0
0.0
0.0
0.0
0.0
0.0
0.0
0.0
0.0
0.0
0.0
0.0
0.0
0.0
0.0
0.0
0.0
0.0
0.0
0.0
0.0
0.0
0.0
0.0
0.0
0.0
0.0
0.0
0.0
0.0
0.0
0.0
0.0
0.0
0.0
0.0
0.0
0.0
0.0
0.0
0.0
0.0
0.0
0.0
0.0
0.0
0.0
0.0
0.0
0.0
0.0
0.0
0.0
0.0
0.0
0.0
0.0
0.0
0.0
0.0
0.0
0.0
0.0
0.0
0.0
0.0
0.0
0.0
0.0
0.0
0.0
0.0
0.0
0.0
0.0
0.0
0.0
0.0
0.0
0.0
0.0
0.0
0.0
0.0
0.0
0.0
0.0
0.0
0.0
0.0
0.0
0.0
0.0
0.0
0.0
0.0
0.0
0.0
0.0
0.0
0.0
0.0
0.0
0.0
0.0
0.0
0.0
0.0
0.0
0.0
0.0
0.0
0.0
0.0
0.0
0.0
0.0
0.0
0.0
0.0
0.0
0.0
0.0
0.0
0.0
0.0
0.0
0.0
0.0
0.0
0.0
0.0
0.0
0.0
0.0
0.0
0.0
0.0
0.0
0.0
0.0
0.0
0.0
0.0
0.0
0.0
0.0
0.0
0.0
0.0
0.0
0.0
0.0
0.0
0.0
0.0
0.0
0.0
0.0
0.0
0.0
0.0
0.0
0.0
0.0
0.0
0.0
0.0
0.0
0.0
0.0
0.0
0.0
0.0
0.0
0.0
0.0
0.0
0.0
0.0
0.0
0.0
0.0
0.0
0.0
0.0
0.0
0.0
0.0
0.0
0.0
0.0
0.0
0.0
0.0
0.0
0.0
0.0
0.0
0.0
0.0
0.0
0.0
0.0
0.0
0.0
0.0
0.0
0.0
0.0
0.0
0.0
0.0
0.0
0.0
0.0
0.0
0.0
0.0
0.0
0.0
0.0
0.0
0.0
0.0
0.0
0.0
0.0
0.0
0.0
0.0
0.0
0.0
0.0
0.0
0.0
0.0
0.0
0.0
0.0
0.0
0.0
0.0
0.0
0.0
0.0
0.0
0.0
0.0
0.0
0.0
0.0
0.0
0.0
0.0
0.0
0.0
0.0
0.0
0.0
0.0
0.0
0.0
0.0
0.0
0.0
0.0
0.0
0.0
0.0
0.0
0.0
0.0
0.0
0.0
0.0
0.0
0.0
0.0
0.0
0.0
0.0
0.0
0.0
0.0
0.0
0.0
0.0
0.0
0.0
0.0
0.0
0.0
0.0
0.0
0.0
0.0
0.0
0.0
0.0
0.0
0.0
0.0
0.0
0.0
0.0
0.0
0.0
0.0
0.0
0.0
0.0
0.0
0.0
0.0
0.0
0.0
0.0
0.0
0.0
0.0
0.0
0.0
0.0
0.0
0.0
0.0
0.0
0.0
0.0
0.0
0.0
0.0
0.0
0.0
0.0
0.0
0.0
0.0
0.0
0.0
0.0
0.0
0.0
0.0
0.0
0.0
0.0
0.0
0.0
0.0
0.0
0.0
0.0
0.0
0.0
0.0
0.0
0.0
0.0
0.0
0.0
0.0
0.0
0.0
0.0
0.0
0.0
0.0
0.0
0.0
0.0
0.0
0.0
0.0
0.0
0.0
0.0
0.0
0.0
0.0
0.0
0.0
0.0
0.0
0.0
0.0
0.0
0.0
0.0
0.0
0.0
0.0
0.0
0.0
0.0
0.0
0.0
0.0
0.0
0.0
0.0
0.0
0.0
0.0
0.0
0.0
0.0
0.0
0.0
0.0
0.0
0.0
0.0
0.0
0.0
0.0
0.0
0.0
0.0
0.0
0.0
0.0
0.0
0.0
0.0
0.0
0.0
0.0
0.0
0.0
0.0
0.0
0.0
0.0
0.0
0.0
0.0
0.0
0.0
0.0
0.0
0.0
0.0
0.0
0.0
0.0
0.0
0.0
0.0
0.0
0.0
0.0
0.0
0.0
0.0
0.0
0.0
0.0
0.0
0.0
0.0
0.0
0.0
0.0
0.0
0.0
0.0
0.0
0.0
0.0
0.0
0.0
0.0
0.0
0.0
0.0
0.0
0.0
0.0
0.0
0.0
0.0
0.0
0.0
0.0
0.0
0.0
0.0
0.0
0.0
0.0
0.0
0.0
0.0
0.0
0.0
0.0
0.0
0.0
0.0
0.0
0.0
0.0
0.0
0.0
0.0
0.0
0.0
0.0
0.0
0.0
0.0
0.0
0.0
0.0
0.0
0.0
0.0
0.0
0.0
0.0
0.0
0.0
0.0
0.0
0.0
0.0
0.0
0.0
0.0
0.0
0.0
0.0
0.0
0.0
0.0
0.0
0.0
0.0
0.0
0.0
0.0
0.0
0.0
0.0
0.0
0.0
0.0
0.0
0.0
0.0
0.0
0.0
0.0
0.0
0.0
0.0
0.0
0.0
0.0
0.0
0.0
0.0
0.0
0.0
0.0
0.0
0.0
0.0
0.0
0.0
0.0
0.0
0.0
0.0
0.0
0.0
0.0
0.0
0.0
0.0
0.0
0.0
0.0
0.0
0.0
0.0
0.0
0.0
0.0
0.0
0.0
0.0
0.0
0.0
0.0
0.0
0.0
0.0
0.0
0.0
0.0
0.0
0.0
0.0
0.0
0.0
0.0
0.0
0.0
0.0
0.0
0.0
0.0
0.0
0.0
0.0
0.0
0.0
0.0
0.0
0.0
0.0
0.0
0.0
0.0
0.0
0.0
0.0
0.0
0.0
0.0
0.0
0.0
0.0
0.0
0.0
0.0
0.0
0.0
0.0
0.0
0.0
0.0
0.0
0.0
0.0
0.0
0.0
0.0
0.0
0.0
0.0
0.0
0.0
0.0
0.0
0.0
0.0
0.0
0.0
0.0
0.0
0.0
0.0
0.0
0.0
0.0
0.0
0.0
0.0
0.0
0.0
0.0
0.0
0.0
0.0
0.0
0.0
0.0
0.0
0.0
0.0
0.0
0.0
0.0
0.0
0.0
0.0
0.0
0.0
0.0
0.0
0.0
0.0
0.0
0.0
0.0
0.0
0.0
0.0
0.0
0.0
0.0
0.0
0.0
0.0
0.0
0.0
0.0
0.0
0.0
0.0
0.0
0.0
0.0
0.0
0.0
0.0
0.0
0.0
0.0
0.0
0.0
0.0
0.0
0.0
0.0
0.0
0.0
0.0
0.0
0.0
0.0
0.0
0.0
0.0
0.0
0.0
0.0
0.0
0.0
0.0
0.0
0.0
0.0
0.0
0.0
0.0
0.0
0.0
0.0
0.0
0.0
0.0
0.0
0.0
0.0
0.0
0.0
0.0
0.0
0.0
0.0
0.0
0.0
0.0
0.0
0.0
0.0
0.0
0.0
0.0
0.0
0.0
0.0
0.0
0.0
0.0
0.0
0.0
0.0
0.0
0.0
0.0
0.0
0.0
0.0
0.0
0.0
0.0
0.0
0.0
0.0
0.0
0.0
0.0
0.0
0.0
0.0
0.0
0.0
0.0
0.0
0.0
0.0
0.0
0.0
0.0
0.0
0.0
0.0
0.0
0.0
0.0
0.0
0.0
0.0
0.0
0.0
0.0
0.0
0.0
0.0
0.0
0.0
0.0
0.0
0.0
0.0
0.0
0.0
0.0
0.0
0.0
0.0
0.0
0.0
0.0
0.0
0.0
0.0
0.0
0.0
0.0
0.0
0.0
0.0
0.0
0.0
0.0
0.0
0.0
0.0
0.0
0.0
0.0
0.0
0.0
0.0
0.0
0.0
0.0
0.0
0.0
0.0
0.0
0.0
0.0
0.0
0.0
0.0
0.0
0.0
0.0
0.0
0.0
0.0
0.0
0.0
0.0
0.0
0.0
0.0
0.0
0.0
0.0
0.0
0.0
0.0
0.0
0.0
0.0
0.0
0.0
0.0
0.0
0.0
0.0
0.0
0.0
0.0
0.0
0.0
0.0
0.0
0.0
0.0
0.0
0.0
0.0
0.0
0.0
0.0
0.0
0.0
0.0
0.0
0.0
0.0
0.0
0.0
0.0
0.0
0.0
0.0
0.0
0.0
0.0
0.0
0.0
0.0
0.0
0.0
0.0
0.0
0.0
0.0
0.0
0.0
0.0
0.0
0.0
0.0
0.0
0.0
0.0
0.0
0.0
0.0
0.0
0.0
0.0
0.0
0.0
0.0
0.0
0.0
0.0
0.0
0.0
0.0
0.0
0.0
0.0
0.0
0.0
0.0
0.0
0.0
0.0
0.0
0.0
0.0
0.0
0.0
0.0
0.0
0.0
0.0
0.0
0.0
0.0
0.0
0.0
0.0
0.0
0.0
0.0
0.0
0.0
0.0
0.0
0.0
0.0
0.0
0.0
0.0
0.0
0.0
0.0
0.0
0.0
0.0
0.0
0.0
0.0
0.0
0.0
0.0
0.0
0.0
0.0
0.0
0.0
0.0
0.0
0.0
0.0
0.0
0.0
0.0
0.0
0.0
0.0
0.0
0.0
0.0
0.0
0.0
0.0
0.0
0.0
0.0
0.0
0.0
0.0
0.0
0.0
0.0
0.0
0.0
0.0
0.0
0.0
0.0
0.0
0.0
0.0
0.0
0.0
0.0
0.0
0.0
0.0
0.0
0.0
0.0
0.0
0.0
0.0
0.0
0.0
0.0
0.0
0.0
0.0
0.0
0.0
0.0
0.0
0.0
0.0
0.0
0.0
0.0
0.0
0.0
0.0
0.0
0.0
0.0
0.0
0.0
0.0
0.0
0.0
0.0
0.0
0.0
0.0
0.0
0.0
0.0
0.0
0.0
0.0
0.0
0.0
0.0
0.0
0.0
0.0
0.0
0.0
0.0
0.0
0.0
0.0
0.0
0.0
0.0
0.0
0.0
0.0
0.0
0.0
0.0
0.0
0.0
0.0
0.0
0.0
0.0
0.0
0.0
0.0
0.0
0.0
0.0
0.0
0.0
0.0
0.0
0.0
0.0
0.0
0.0
0.0
0.0
0.0
0.0
0.0
0.0
0.0
0.0
0.0
0.0
0.0
0.0
0.0
0.0
0.0
0.0
0.0
0.0
0.0
0.0
0.0
0.0
0.0
0.0
0.0
0.0
0.0
0.0
0.0
0.0
0.0
0.0
0.0
0.0
0.0
0.0
0.0
0.0
0.0
0.0
0.0
0.0
0.0
0.0
0.0
0.0
0.0
0.0
0.0
0.0
0.0
0.0
0.0
0.0
0.0
0.0
0.0
0.0
0.0
0.0
0.0
0.0
0.0
0.0
0.0
0.0
0.0
0.0
0.0
0.0
0.0
0.0
0.0
0.0
0.0
0.0
0.0
0.0
0.0
0.0
0.0
0.0
0.0
0.0
0.0
0.0
0.0
0.0
0.0
0.0
0.0
0.0
0.0
0.0
0.0
0.0
0.0
0.0
0.0
0.0
0.0
0.0
0.0
0.0
0.0
0.0
0.0
0.0
0.0
0.0
0.0
0.0
0.0
0.0
0.0
0.0
0.0
0.0
0.0
0.0
0.0
0.0
0.0
0.0
0.0
0.0
0.0
0.0
0.0
0.0
0.0
0.0
0.0
0.0
0.0
0.0
0.0
0.0
0.0
0.0
0.0
0.0
0.0
0.0
0.0
0.0
0.0
0.0
0.0
0.0
0.0
0.0
0.0
0.0
0.0
0.0
0.0
0.0
0.0
0.0
0.0
0.0
0.0
0.0
0.0
0.0
0.0
0.0
0.0
0.0
0.0
0.0
0.0
0.0
0.0
0.0
0.0
0.0
0.0
0.0
0.0
0.0
0.0
0.0
0.0
0.0
0.0
0.0
0.0
0.0
0.0
0.0
0.0
0.0
0.0
0.0
0.0
0.0
0.0
0.0
0.0
0.0
0.0
0.0
0.0
0.0
0.0
0.0
0.0
0.0
0.0
0.0
0.0
0.0
0.0
0.0
0.0
0.0
0.0
0.0
0.0
0.0
0.0
0.0
0.0
0.0
0.0
0.0
0.0
0.0
0.0
0.0
0.0
0.0
0.0
0.0
0.0
0.0
0.0
0.0
0.0
0.0
0.0
0.0
0.0
0.0
0.0
0.0
0.0
0.0
0.0
0.0
0.0
0.0
0.0
0.0
0.0
0.0
0.0
0.0
0.0
0.0
0.0
0.0
0.0
0.0
0.0
0.0
0.0
0.0
0.0
0.0
0.0
0.0
0.0
0.0
0.0
0.0
0.0
0.0
0.0
0.0
0.0
0.0
0.0
0.0
0.0
0.0
0.0
0.0
0.0
0.0
0.0
0.0
0.0
0.0
0.0
0.0
0.0
0.0
0.0
0.0
0.0
0.0
0.0
0.0
0.0
0.0
0.0
0.0
0.0
0.0
0.0
0.0
0.0
0.0
0.0
0.0
0.0
0.0
0.0
0.0
0.0
0.0
0.0
0.0
0.0
0.0
0.0
0.0
0.0
0.0
0.0
0.0
0.0
0.0
0.0
0.0
0.0
0.0
0.0
0.0
0.0
0.0
0.0
0.0
0.0
0.0
0.0
0.0
0.0
0.0
0.0
0.0
0.0
0.0
0.0
0.0
0.0
0.0
0.0
0.0
0.0
0.0
0.0
0.0
0.0
0.0
0.0
0.0
0.0
0.0
0.0
0.0
0.0
0.0
0.0
0.0
0.0
0.0
0.0
0.0
0.0
0.0
0.0
0.0
0.0
0.0
0.0
0.0
0.0
0.0
0.0
0.0
0.0
0.0
0.0
0.0
0.0
0.0
0.0
0.0
0.0
0.0
0.0
0.0
0.0
0.0
0.0
0.0
0.0
0.0
0.0
0.0
0.0
0.0
0.0
0.0
0.0
0.0
0.0
0.0
0.0
0.0
0.0
0.0
0.0
0.0
0.0
0.0
0.0
0.0
0.0
0.0
0.0
0.0
0.0
0.0
0.0
0.0
0.0
0.0
0.0
0.0
0.0
0.0
0.0
0.0
0.0
0.0
0.0
0.0
0.0
0.0
0.0
0.0
0.0
0.0
0.0
0.0
0.0
0.0
0.0
0.0
0.0
0.0
0.0
0.0
0.0
0.0
0.0
0.0
0.0
0.0
0.0
0.0
0.0
0.0
0.0
0.0
0.0
0.0
0.0
0.0
0.0
0.0
0.0
0.0
0.0
0.0
0.0
0.0
0.0
0.0
0.0
0.0
0.0
0.0
0.0
0.0
0.0
0.0
0.0
0.0
0.0
0.0
0.0
0.0
0.0
0.0
0.0
0.0
0.0
0.0
0.0
0.0
0.0
0.0
0.0
0.0
0.0
0.0
0.0
0.0
0.0
0.0
0.0
0.0
0.0
0.0
0.0
0.0
0.0
0.0
0.0
0.0
0.0
0.0
0.0
0.0
0.0
0.0
0.0
0.0
0.0
0.0
0.0
0.0
0.0
0.0
0.0
0.0
0.0
0.0
0.0
0.0
0.0
0.0
0.0
0.0
0.0
0.0
0.0
0.0
0.0
0.0
0.0
0.0
0.0
0.0
0.0
0.0
0.0
0.0
0.0
0.0
0.0
0.0
0.0
0.0
0.0
0.0
0.0
0.0
0.0
0.0
0.0
0.0
0.0
0.0
0.0
0.0
0.0
0.0
0.0
0.0
0.0
0.0
0.0
0.0
0.0
0.0
0.0
0.0
0.0
0.0
0.0
0.0
0.0
0.0
0.0
0.0
0.0
0.0
0.0
0.0
0.0
0.0
0.0
0.0
0.0
0.0
0.0
0.0
0.0
0.0
0.0
0.0
0.0
0.0
0.0
0.0
0.0
0.0
0.0
0.0
0.0
0.0
0.0
0.0
0.0
0.0
0.0
0.0
0.0
0.0
0.0
0.0
0.0
0.0
0.0
0.0
0.0
0.0
0.0
0.0
0.0
0.0
0.0
0.0
0.0
0.0
0.0
0.0
0.0
0.0
0.0
0.0
0.0
0.0
0.0
0.0
0.0
0.0
0.0
0.0
0.0
0.0
0.0
0.0
0.0
0.0
0.0
0.0
0.0
0.0
0.0
0.0
0.0
0.0
0.0
0.0
0.0
0.0
0.0
0.0
0.0
0.0
0.0
0.0
0.0
0.0
0.0
0.0
0.0
0.0
0.0
0.0
0.0
0.0
0.0
0.0
0.0
0.0
0.0
0.0
0.0
0.0
0.0
0.0
0.0
0.0
0.0
0.0
0.0
0.0
0.0
0.0
0.0
0.0
0.0
0.0
0.0
0.0
0.0
0.0
0.0
0.0
0.0
0.0
0.0
0.0
0.0
0.0
0.0
0.0
0.0
0.0
0.0
0.0
0.0
0.0
0.0
0.0
0.0
0.0
0.0
0.0
0.0
0.0
0.0
0.0
0.0
0.0
0.0
0.0
0.0
0.0
0.0
0.0
0.0
0.0
0.0
0.0
0.0
0.0
0.0
0.0
0.0
0.0
0.0
0.0
0.0
0.0
0.0
0.0
0.0
0.0
0.0
0.0
0.0
0.0
0.0
0.0
0.0
0.0
0.0
0.0
0.0
0.0
0.0
0.0
0.0
0.0
0.0
0.0
0.0
0.0
0.0
0.0
0.0
0.0
0.0
0.0
0.0
0.0
0.0
0.0
0.0
0.0
0.0
0.0
0.0
0.0
0.0
0.0
0.0
0.0
0.0
0.0
0.0
0.0
0.0
0.0
0.0
0.0
0.0
0.0
0.0
0.0
0.0
0.0
0.0
0.0
0.0
0.0
0.0
0.0
0.0
0.0
0.0
0.0
0.0
0.0
0.0
0.0
0.0
0.0
0.0
0.0
0.0
