0.002958932190547216
0.0029594338600962377
0.002959866205130105
0.0029602597854969668
0.002960627076654924
0.002960975049006972
0.0029613080184103893
0.0029616288617133296
0.0029619396143480687
0.00296224178120052
0.002962536510633472
0.002962824710174608
0.0029631071175215593
0.0029633832901635794
0.002963654888201028
0.0029639216847252544
0.0029641846151359018
0.002964443776521372
0.0029646995725232665
0.002964952278064306
0.0029652020862765984
0.002965449292350841
0.0029656941633707887
0.002965936876414027
0.002966177554686652
0.002966416301853128
0.00296665311067967
0.002966887814690727
0.0029671209016735455
0.0029673524419689184
0.0029675825078889365
0.0029678109015149716
0.0029680378407240947
0.0029682635127092744
0.0029684879697827304
0.0029687111945104097
0.0029689331598551803
0.0029691539751706764
0.0029693737544233484
0.002969592556827603
0.002969810367290758
0.0029700269353077446
0.0029702425296622864
0.0029704572788194334
0.002970671234552799
0.0029708844278889474
0.002971096895504264
0.002971308606302769
0.002971519518710238
0.002971729701436793
0.0029719392543865954
0.0029721481971974268
0.002972356545094201
0.002972564314520779
0.002972771513461217
0.0029729780927926445
0.0029731839284765993
0.0029733892166420267
0.002973594014605935
0.0029737983612361145
0.002974002254251899
0.00297420569830702
0.002974408705181894
0.0029746112531248503
0.002974813343734465
0.0029750149716302387
0.0029752161495687126
0.0029754169606456752
0.002975617424297637
0.002975817557223663
0.0029760173683273375
0.002976216863020384
0.0029764159373798036
0.0029766146928613276
0.002976813167132973
0.0029770113230917538
0.0029772091510752155
0.0029774067047931784
0.0029776040076273814
0.0029778010593323498
0.0029779978821880557
0.002978194490333254
0.0029783908728803314
0.0029785870195429176
0.002978782913418037
0.0029789785471173768
0.002979173955463711
0.0029793691251196737
0.002979564118837282
0.00297975881444949
0.0029799533689991563
0.002980147747619558
0.0029803419822604905
0.0029805360674947886
0.002980730002436392
0.0029809238066836824
0.0029811174648149007
0.0029813109513781694
0.0029815042855207787
0.0029816974947160647
0.002981890586989847
0.002982083570352592
0.0029822764369829965
0.0029824692071340237
0.002982661823265351
0.002982854313706123
0.0029830466965621054
0.002983238935677228
0.0029834311008089726
0.0029836231866485915
0.0029838151830336853
0.0029840070803857097
0.002984198890504408
0.0029843906302079496
0.0029845823111176646
0.0029847739421521194
0.0029849655268679065
0.002985157064974954
0.002985348551932248
0.0029855399737810672
0.002985731320099045
0.0029859226023395925
0.002986113849445137
0.002986305071024654
0.002986496268821625
0.002986687350051434
0.0029868783675694637
0.0029870693666169193
0.002987260350608229
0.0029874513180330876
0.002987642266555546
0.0029878331961347934
0.00298802413028554
0.002988215071319816
0.0029884060127960636
0.002988596947914824
0.002988787863261215
0.0029889787622828477
0.0029891696600690553
0.0029893605534227264
0.002989551449076851
0.0029897423586893036
0.002989933303299597
0.002990124244911667
0.0029903151518581752
0.00299050604539157
0.002990696961088246
0.0029908878353825433
0.002991078710954273
0.002991269614483933
0.002991460563558223
0.002991651547522469
0.0029918425762196837
0.0029920336280963703
0.0029922247066978607
0.0029924158302682877
0.002992606984665217
0.0029927981867116774
0.002992989452593937
0.0029931807438830496
0.0029933720700017212
0.0029935634537443592
0.002993754878869894
0.002993946366568203
0.0029941378700477027
0.002994329432056639
0.0029945209969593272
0.0029947126186983942
0.0029949042898571115
0.0029950959766067986
0.0029952876773583366
0.0029954793852289495
0.002995671154632887
0.0029958629722203413
0.002996054887886256
0.0029962468481141225
0.0029964388755288167
0.0029966309747379172
0.00299682314142528
0.0029970153833688315
0.0029972076912062914
0.0029974000723059302
0.002997592525038415
0.002997785042358378
0.0029979776558037804
0.002998170321373652
0.0029983630817719885
0.0029985559013740413
0.0029987488083201745
0.002998941790585084
0.0029991348386887518
0.002999327948586798
0.0029995211525180162
0.0029997144082246525
0.002999907765694964
0.0030001011494436625
0.0030002946320971348
0.0030004881601441973
0.003000681724363724
0.003000875418047266
0.0030010691905826645
0.0030012630407702198
0.003001456993412456
0.0030016510220326332
0.003001845141658261
0.0030020393746537566
0.003002233693822764
0.0030024280974289626
0.003002622608166483
0.0030028172078465074
0.003003011883741352
0.003003206661873134
0.0030034015691416914
0.0030035965491482792
0.0030037916291854724
0.0030039868223168844
0.0030041820552172576
0.003004377401880901
0.003004572857113118
0.0030047683907216596
0.0030049640386413216
0.0030051597979182092
0.003005355646995517
0.0030055516168752397
0.003005747666069747
0.003005943762222557
0.0030061399880943413
0.003006336325477172
0.003006532707641207
0.003006729166967977
0.0030069257763631206
0.003007122512747912
0.0030073193148116334
0.0030075162091197016
0.0030077132326544746
0.0030079103984869348
0.0030081076535132516
0.0030083049945918874
0.0030085024382328286
0.003008700008354802
0.003008897729099863
0.003009095517857129
0.0030092934038764177
0.0030094913918886773
0.0030096894961766695
0.003009887731671049
0.0030100860563059438
0.003010284484082961
0.003010483032491899
0.0030106816811971845
0.003010880459529948
0.0030110793587267578
0.0030112783499032167
0.0030114774606310496
0.0030116766846020014
0.0030118760086861474
0.0030120754326301517
0.0030122749617235256
0.0030124746091807313
0.0030126744044915795
0.003012874318966188
0.0030130742865818213
0.0030132743203378537
0.003013474475633623
0.0030136748063384193
0.0030138752690717337
0.003014075810858771
0.0030142764379470733
0.003014477175552197
0.003014678041409236
0.003014879033867189
0.0030150801530879024
0.003015281407800979
0.003015482746836344
0.003015684172504518
0.0030158857171642592
0.003016087382101125
0.003016289152400682
0.003016491035908715
0.003016693060693228
0.00301689519349198
0.0030170974327439135
0.0030172998215643445
0.003017502322005747
0.003017704919501583
0.003017907625371046
0.003018110450724445
0.003018313416936295
0.003018516485486057
0.0030187196395000887
0.0030189229137446514
0.003019126309139824
0.003019329816400303
0.003019533443223824
0.0030197371917251234
0.003019941058153772
0.003020145024668533
0.0030203491014373896
0.0030205533054822164
0.0030207576359434665
0.003020962083090053
0.003021166624414402
0.0030213712602291886
0.0030215759998678234
0.0030217808475531613
0.0030219858054789397
0.003022190874421776
0.0030223960549851567
0.0030226013516755656
0.0030228067853993244
0.003023012337448192
0.0030232180019089954
0.0030234237835238998
0.003023629663976813
0.003023835648720295
0.003024041741423394
0.0030242479433637897
0.0030244542576638458
0.003024660692469503
0.0030248672663791046
0.0030250739509835463
0.0030252807349239546
0.0030254876302621588
0.003025694644912096
0.0030259017693531295
0.0030261089964385597
0.003026316325612047
0.003026523752863176
0.0030267312813038257
0.0030269389183788624
0.0030271466662396226
0.003027354530222587
0.003027562512470245
0.0030277706042289502
0.0030279787962644196
0.0030281870914407884
0.0030283954913250507
0.0030286039963949686
0.003028812605263346
0.003029021312747703
0.0030292301173025353
0.003029439022662379
0.0030296480283505734
0.0030298571368262304
0.0030300663635227584
0.0030302756867946552
0.0030304851080351068
0.0030306946229894573
0.0030309042418867178
0.0030311139705331276
0.0030313237989691467
0.0030315337142253884
0.0030317437363340067
0.003031953857285697
0.0030321640727503417
0.0030323743842732213
0.003032584792805702
0.0030327952984700586
0.0030330059011319573
0.003033216600950455
0.0030334273970065505
0.003033638288801631
0.0030338492757043018
0.0030340603570147093
0.0030342715319252055
0.003034482799617671
0.0030346941591065926
0.003034905608820664
0.003035117145439778
0.003035328759771252
0.0030355404733143237
0.003035752292316726
0.003035964192456995
0.003036176178123632
0.003036388252235714
0.0030366004210002477
0.003036812682917779
0.003037025032199319
0.0030372374665813633
0.0030374499849687205
0.0030376625860303475
0.0030378752678192774
0.003038088026481472
0.003038300857016356
0.0030385137604202026
0.0030387267434620205
0.003038939864578155
0.003039153062035317
0.0030393663316386032
0.003039579676339195
0.0030397930979085778
0.003040006595189856
0.00304022016687711
0.0030404338043314477
0.00304064750788144
0.0030408612796786684
0.003041075110873978
0.0030412889858881806
0.003041502935205414
0.0030417169694611852
0.003041931070633617
0.0030421452519339377
0.003042359522349302
0.003042573880903412
0.0030427883152141302
0.0030430028143924133
0.003043217373992091
0.0030434319886442573
0.0030436466404438613
0.0030438613892007403
0.0030440762162375293
0.0030442910988208102
0.0030445060295636777
0.003044720999527687
0.0030449360488026024
0.0030451511713276633
0.0030453663404172823
0.003045581543592516
0.0030457967861208576
0.003046012108115772
0.0030462275296625437
0.0030464430080102034
0.0030466585290489334
0.003046874095391794
0.003047089694543141
0.0030473053443053682
0.003047521060051992
0.0030477368155249914
0.0030479526474448903
0.0030481685310742995
0.0030483844459074693
0.0030486003862034796
0.003048816363633089
0.003049032395119046
0.003049248443534223
0.0030494645075883385
0.003049680650185179
0.003049896861675284
0.0030501131057680425
0.0030503294002395495
0.0030505457244664733
0.0030507620636007764
0.003050978401749357
0.0030511947173316734
0.003051411136387166
0.0030516276351733184
0.003051844166717187
0.003052060711521065
0.0030522772672653166
0.003052493818688423
0.003052710342868251
0.003052926878943672
0.003053143472346243
0.003053360107417179
0.00305357682361922
0.003053793603760588
0.003054010387563978
0.0030542271593730005
0.003054443910083308
0.0030546607073462803
0.0030548774830973925
0.0030550942321297104
0.0030553110359469
0.0030555279536406913
0.003055744878859283
0.0030559618027289066
0.0030561787566689685
0.003056395672198455
0.0030566125618251266
0.0030568294467819626
0.0030570463226303915
0.0030572631431339627
0.0030574800291287675
0.003057696974784352
0.00305791391205476
0.003058130815795077
0.003058347691741072
0.0030585645549521404
0.0030587813980557307
0.0030589982420138966
0.0030592150899499742
0.003059431927795517
0.0030596487456740107
0.003059865537280056
0.0030600823134754192
0.0030602991021519716
0.0030605158819620587
0.0030607326116552027
0.0030609493115438535
0.003061165946723657
0.0030613825338847945
0.003061599184809646
0.0030618158542776554
0.0030620324631260654
0.00306224899863945
0.0030624654772042218
0.0030626819154579428
0.0030628983253058783
0.003063114777826889
0.0030633311975145692
0.003063547567567015
0.0030637638445457447
0.0030639800274297664
0.003064196216585857
0.0030644124435430277
0.0030646286045863465
0.003064844692814397
0.0030650607059916884
0.0030652766077597063
0.0030654925129767556
0.003065708444694964
0.0030659243310574426
0.0030661401193696667
0.003066355792636677
0.0030665713733174175
0.0030667869203739964
0.0030670024853742036
0.003067218024365541
0.0030674334605435855
0.0030676487339728834
0.00306786399973124
0.0030680791421427906
0.0030682942555861365
0.0030685093499536902
0.0030687243398953485
0.0030689391300253825
0.003069153851400817
0.0030693684255960036
0.0030695829306317396
0.003069797408947942
0.0030700117970955563
0.0030702261600327662
0.003070440376346656
0.0030706544694878296
0.003070868466299762
0.0030710823392019514
0.0030712962525276653
0.003071510070571054
0.0030717237379104907
0.003071937269996786
0.0030721506373807225
0.0030723639828191198
0.0030725772880685715
0.0030727904719452847
0.0030730035073152705
0.0030732163956103003
0.0030734292208086027
0.0030736419414452857
0.0030738545655618838
0.003074067067252765
0.0030742793954279817
0.003074491675050491
0.0030747038316075457
0.003074915838481809
0.0030751277198759488
0.003075339437485496
0.0030755511178989538
0.003075762697266138
0.0030759740947933663
0.003076185297492848
0.003076396310310631
0.003076607297480285
0.0030768182135842543
0.0030770289329299398
0.0030772394550303644
0.003077449780366316
0.003077660042386685
0.0030778702459491806
0.003078080271473376
0.0030782900804468905
0.003078499674882879
0.0030787091861611414
0.0030789186281010286
0.0030791278903071566
0.0030793369224510684
0.003079545745506627
0.0030797544902392763
0.0030799631316727875
0.0030801715733973687
0.0030803797924240876
0.0030805877986880567
0.003080795717785162
0.0030810035293403035
0.0030812111078635743
0.0030814184538415657
0.0030816256045386927
0.0030818326435333417
0.0030820395727055323
0.003082246235639381
0.0030824526487394756
0.003082658881397463
0.00308286493949056
0.0030830708784247898
0.0030832765563542225
0.0030834819828310964
0.0030836872422650118
0.0030838923296984235
0.003084097269667427
0.003084301954328799
0.003084506445043452
0.00308471065988191
0.0030849147308876254
0.0030851186415853664
0.0030853223122991246
0.003085525778378732
0.0030857289425834113
0.0030859319068259755
0.0030861346971544335
0.003086337366390369
0.0030865397335592356
0.003086741803453058
0.003086943637031351
0.003087145334048082
0.003087346858646975
0.00308754804833428
0.0030877489839267603
0.0030879496342405303
0.0030881502244466475
0.003088350556008954
0.0030885505590703705
0.0030887502606604597
0.0030889497732989484
0.0030891491652771485
0.003089348264624383
0.0030895470713419772
0.0030897455698490196
0.0030899439019273
0.00309014200977761
0.0030903398091009044
0.0030905372858474715
0.0030907345817192213
0.0030909315935332684
0.003091128321210549
0.003091324723400438
0.003091521014403898
0.003091716952420357
0.0030919125832200105
0.0030921079145537506
0.003092303017334692
0.0030924978687404056
0.0030926923818047347
0.0030928865668006203
0.003093080466479991
0.0030932742113443717
0.003093467684666795
0.00309366077414315
0.0030938535909180043
0.003094046353679789
0.0030942388249219042
0.003094430850771152
0.0030946224519330266
0.003094813891435727
0.0030950050959983417
0.0030951959274080555
0.003095386282433518
0.0030955764527227556
0.003095766393875307
0.0030959559884886174
0.0030961451540235034
0.0030963340087483515
0.003096522617884837
0.0030967109421130394
0.0030968988650308645
0.0030970864095758053
0.00309727368508237
0.003097460665562484
0.0030976472591548215
0.003097833451320581
0.0030980193664578506
0.003098204992269767
0.003098390235355439
0.0030985750636724845
0.0030987595732146706
0.003098943803524147
0.003099127644688039
0.0030993110643730546
0.0030994941539759643
0.003099676937575986
0.003099859350801853
0.0031000413299956293
0.0031002229571707876
0.003100404259125333
0.0031005852106288055
0.0031007657078502685
0.0031009456788150262
0.0031011252850794264
0.0031013045399251636
0.0031014833707703254
0.003101661817789067
0.0031018398663600444
0.0031020175656153474
0.0031021948648604363
0.0031023717589474206
0.0031025482097524846
0.0031027243060969528
0.003102900026083055
0.003103075333502337
0.0031032501763882743
0.0031034246401330104
0.0031035987289442326
0.0031037724192915445
0.0031039456293996534
0.0031041184137524064
0.003104290819675181
0.0031044628069074043
0.0031046343053705173
0.0031048053430110497
0.00310497599897302
0.003105146281398743
0.0031053160666693015
0.0031054853584846164
0.003105654265351737
0.003105822806527691
0.0031059908593495792
0.0031061583748574696
0.0031063254812012447
0.0031064922269025373
0.0031066584856487
0.0031068241903230314
0.003106989473504484
0.0031071543812174435
0.003107318719118703
0.003107482513789325
0.003107645864333685
0.00310780880819121
0.0031079712526238014
0.0031081331723975913
0.0031082946332476468
0.003108455653774793
0.0031086161614514245
0.003108776169017267
0.003108935723736061
0.0031090947864125876
0.0031092533063750106
0.003109411341122641
0.0031095689307573202
0.0031097259935591983
0.003109882491761894
0.003110038516005575
0.0031101941030448788
0.0031103491262906777
0.0031105036125329815
0.003110657641736373
0.0031108112569974084
0.0031109642608813095
0.0031111166631001604
0.0031112686008469607
0.0031114201073874637
0.003111570986169996
0.0031117212570590078
0.0031118710619673826
0.003112020415271012
0.003112169127684525
0.0031123172064076287
0.0031124647991347355
0.0031126119117343165
0.003112758368994218
0.003112904216839041
0.003113049599638814
0.00311319459323949
0.003113339034194411
0.003113482933341494
0.0031136263048441954
0.0031137691053680166
0.0031139112543266483
0.0031140527940630674
0.003114193857694413
0.0031143343235112615
0.003114474113391536
0.0031146132989008954
0.0031147520058214103
0.003114890064727786
0.0031150274510273264
0.0031151642664340594
0.003115300538660217
0.0031154361480999412
0.003115571089168799
0.003115705461265031
0.0031158392455013814
0.0031159723574519516
0.0031161048106476677
0.0031162366722414406
0.00311636791331607
0.003116498468513698
0.0031166283850787234
0.0031167576861101266
0.0031168863246174607
0.0031170141972159155
0.0031171412833404548
0.0031172677294096086
0.003117393482940889
0.003117518514086969
0.0031176429083606657
0.003117766686515684
0.0031178897378234404
0.003118012071805911
0.003118133736691389
0.0031182547510877766
0.0031183750194771686
0.003118494614955439
0.0031186134905178487
0.0031187316682648983
0.003118849064991941
0.0031189657523483134
0.0031190817209604442
0.003119196988783409
0.0031193115073006148
0.0031194252682629556
0.00311953832392264
0.0031196506404659995
0.0031197622369099646
0.003119873003426092
0.0031199829594601076
0.0031200921689811165
0.003120200616749739
0.003120308245819995
0.003120415137512165
0.0031205212890309405
0.0031206266161023424
0.003120731118699053
0.0031208348864638353
0.0031209379103069182
0.0031210400455815323
0.003121141374654689
0.003121241955715595
0.003121341740204858
0.003121440697047171
0.0031215388232518535
0.0031216362445582227
0.0031217327775520448
0.003121828402951614
0.0031219232159552393
0.0031220172583313168
0.0031221103701381007
0.003122202557135709
0.0031222939320605585
0.003122384466286682
0.003122474045839091
0.003122562700216473
0.0031226505983961285
0.003122737582810923
0.003122823735185687
0.003122908998810802
0.0031229936058221
0.0031230772654584054
0.0031231599546318457
0.003123241776943547
0.003123322678882974
0.0031234026024553056
0.0031234815564880765
0.003123559604597915
0.003123636692414589
0.0031237127793226783
0.0031237878967178383
0.0031238620654693654
0.0031239352309951653
0.003124007384683028
0.0031240785660576077
0.003124148748058106
0.0031242178993772783
0.003124286032232124
0.0031243531399268143
0.003124419214211561
0.0031244842294008983
0.0031245482369386154
0.003124610841533156
0.0031246723567189927
0.0031247328234700294
0.0031247922185336906
0.0031248504941067262
0.0031249076562525633
0.0031249637768514596
0.003125018753342704
0.0031250725885679813
0.003125125302478132
0.003125176860982431
0.003125227223326324
0.00312527640690759
0.003125324482869884
0.0031253713834479523
0.0031254170630305453
0.0031254614703681376
0.0031255046698560416
0.0031255466314664966
0.0031255873478645683
0.0031256268704546587
0.003125665171824844
0.003125702195082234
0.0031257379417285497
0.00312577247247047
0.003125805720200591
0.0031258376597435435
0.0031258684054013097
0.003125897868502574
0.003125925997120783
0.0031259527779994947
0.003125978259673802
0.0031260023694733847
0.0031260250651296765
0.0031260463868071436
0.0031260663489430657
0.0031260849166548353
0.0031261020824195716
0.0031261178462255517
0.0031261321860516535
0.0031261451648886196
0.0031261567889938418
0.0031261669596685773
0.003126175684329286
0.003126183101746156
0.003126189025222176
0.0031261934372470708
0.0031261963233467503
0.0031261976713225993
0.0031261974698346827
0.003126195703499023
0.0031261923614997727
0.0031261874264822075
0.003126180885057723
0.003126172725099825
0.0031261629359985712
0.003126151494515066
0.0031261383897462553
0.0031261236104108475
0.0031261071339073773
0.0031260889510268965
0.003126068900489505
0.0031260468648559915
0.00312602306541686
0.003125997497959419
0.0031259701573146522
0.0031259410056084765
0.0031259100329263344
0.0031258772315906082
0.0031258425413044134
0.0031258059395779503
0.0031257674550063575
0.0031257270589292235
0.0031256845903803
0.0031256401715994077
0.003125593804966669
0.0031255454689360506
0.0031254951362494343
0.003125442793031784
0.0031253884439283444
0.0031253320417317086
0.0031252736818227094
0.0031252132423259913
0.0031251507024928358
0.003125086033661598
0.0031250191547393625
0.003124950122650403
0.0031248789091704826
0.0031248055141091615
0.003124729892957123
0.0031246520129216255
0.0031245718860614803
0.0031244894496233505
0.0031244048142437704
0.0031243179418343867
0.0031242287554422515
0.003124137053910697
0.0031240431551172736
0.0031239470155258442
0.003123848426021368
0.0031237473409818136
0.0031236437501954094
0.0031235377073580224
0.0031234291006668855
0.0031233177952093138
0.0031232040113883894
0.0031230876193199873
0.0031229685221860876
0.003122846719574708
0.0031227223265614065
0.0031225952208092577
0.003122465204377701
0.0031223324756849166
0.003122196537485151
0.0031220576640353217
0.0031219158815373577
0.0031217713535196014
0.0031216239264740195
0.0031214733512224617
0.003121319824543614
0.0031211632256579473
0.003121003398110809
0.0031208404262939513
0.0031206745340172613
0.0031205055322360065
0.0031203331286042972
0.0031201577034323143
0.003119979262910463
0.003119797431036896
0.0031196121457035403
0.0031194237103862685
0.0031192319982094813
0.0031190366469520648
0.0031188379423364655
0.003118635952115198
0.003118430273437797
0.003118220980221573
0.003118008273071686
0.003117792188374768
0.003117572327338388
0.003117348836504409
0.0031171216102312935
0.0031168906259939483
0.0031166560594926744
0.0031164178436450815
0.0031161758260379846
0.0031159296777638003
0.003115679619971795
0.00311542572170622
0.0031151676391650016
0.003114905449233899
0.0031146392214558088
0.0031143688185837825
0.0031140941296986576
0.0031138152527904004
0.003113532165323575
0.0031132444910323695
0.0031129520067929334
0.0031126551539253262
0.003112353726960008
0.003112047812222413
0.0031117371672608122
0.003111421775855881
0.0031111015830898718
0.003110776808342067
0.003110447378383038
0.0031101128963934455
0.00310977377346704
0.0031094297431986458
0.003109080647314534
0.003108726399485094
0.003108367340208024
0.003108003228470084
0.0031076334646879546
0.0031072587098023145
0.0031068788059367587
0.0031064933701343642
0.0031061024828675124
0.0031057066839087297
0.0031053053809647208
0.0031048977939695482
0.003104484946742215
0.0031040667113349848
0.0031036427520554437
0.0031032128479971236
0.003102777471554335
0.003102336210744049
0.0031018883722332444
0.003101434782573463
0.0031009754206648994
0.0031005092836449764
0.003100036820697618
0.0030995584882276676
0.003099073822465355
0.0030985820710736794
0.0030980835378265604
0.0030975787691784346
0.0030970665037222877
0.00309654738037906
0.003096021807098125
0.0030954893720708996
0.003094949490665133
0.003094402802071762
0.003093849451029265
0.003093288372403968
0.003092719973678463
0.0030921447433887137
0.0030915620028736106
0.003090971093460469
0.003090372882250882
0.0030897674811079328
0.00308915385701469
0.003088532585287528
0.00308790395705387
0.0030872669839902976
0.0030866213872038453
0.0030859680273271997
0.0030853068907517995
0.0030846372920226655
0.0030839592200645346
0.0030832730178073516
0.0030825779449045595
0.003081873995932704
0.0030811614016256032
0.003080440163614672
0.0030797095293131588
0.003078969848830037
0.0030782212839425447
0.0030774632351236353
0.0030766949766829746
0.0030759170628645023
0.0030751296697958063
0.003074332227604943
0.0030735251274779463
0.0030727083253654767
0.0030718813398106413
0.0030710442175490077
0.003070197008059693
0.0030693391006473302
0.0030684707642928124
0.0030675920115799155
0.0030667026433828003
0.003065802343186056
0.003064891312272682
0.0030639696108960513
0.0030630363618358073
0.0030620918104201514
0.003061135991001159
0.0030601687192425724
0.0030591898546810012
0.003058199511025656
0.003057197492830567
0.003056183045203024
0.00305515666862707
0.003054118008985179
0.0030530670185484
0.0030520034273648165
0.0030509269666255676
0.003049837744434832
0.003048734944469722
0.0030476187181533738
0.003046489214342174
0.0030453461080052206
0.0030441895709856174
0.003043018845103725
0.0030418345208787917
0.0030406362633713276
0.003039424066360675
0.0030381972646993287
0.0030369559473735217
0.003035700182168601
0.0030344293996245534
0.0030331440171983714
0.0030318439023445383
0.0030305283107260406
0.0030291965603130517
0.003027849687521659
0.0030264875248331145
0.0030251089988600536
0.0030237145006992727
0.0030223044333092175
0.0030208775926886394
0.003019433255292955
0.0030179726197840707
0.003016495969390004
0.0030150003771340353
0.0030134870949395168
0.003011957495365051
0.0030104087707364057
0.003008840878367182
0.003007255609545174
0.0030056530394943
0.003004030216509505
0.003002388021300423
0.0030007284477888687
0.002999049346045516
0.002997349436959947
0.0029956312067157985
0.002993894294820335
0.0029921352367102
0.002990355078471392
0.0029885562787160132
0.0029867365983802835
0.0029848941893000683
0.002983031842632335
0.0029811498410262332
0.0029792439703766765
0.00297731536047627
0.0029753672543337923
0.0029733952007541683
0.0029713981762872397
0.002969379955282054
0.002967340209000457
0.0029652739703147583
0.0029631825873396066
0.0029610697574108903
0.0029589318289616534
0.0029567670529475347
0.002954578989663653
0.002952367088423916
0.0029501274847018263
0.0029478618567287764
0.002945572660450001
0.0029432567128692684
0.002940911408125084
0.002938540656722648
0.002936143837533487
0.0029337177382082738
0.0029312633835833434
0.0029287833318036895
0.002926274492465613
0.0029237340169804738
0.0029211659509504446
0.0029185683881953225
0.002915939985345735
0.0029132809770512354
0.002910592955979761
0.00290787280639691
0.00290511907394063
0.0029023361822402565
0.0028995194320921
0.0028966699367814403
0.002893787339825753
0.002890872927861648
0.0028879241892843903
0.0028849411399474965
0.0028819257847191625
0.0028788726172225935
0.0028757849261713568
0.0028726612840804877
0.0028695020149617613
0.0028663055577992217
0.0028630730829662526
0.002859804992805257
0.0028564951361527246
0.002853147855565039
0.0028497625370868507
0.0028463376170088867
0.0028428714631214503
0.002839365908554165
0.0028358208606519553
0.0028322295725177905
0.002828597460474642
0.0028249263877709106
0.002821211034072265
0.0028174499005526993
0.002813647647365285
0.002809803093256098
0.002805907054279887
0.002801966815210545
0.0027979852871574387
0.002793953385960084
0.0027898720165383875
0.0027857464905929204
0.002781574239630376
0.0027773462660666205
0.0027730693221010246
0.002768748654792534
0.002764372147620138
0.002759939551267067
0.0027554577588442815
0.002750926344199374
0.0027463343551795503
0.0027416885075293887
0.002736994932682883
0.002732240092386946
0.0027274230670482633
0.0027225527171076537
0.0027176286921576564
0.002712639568112497
0.002707589744366043
0.002702486821441522
0.002697318399273335
0.0026920818318996666
0.002686786683256748
0.0026814321714143208
0.002676006199236769
0.002670511924235576
0.0026649591503071124
0.0026593350126362697
0.0026536352903536206
0.0026478706687031394
0.0026420399013680415
0.002636131402251955
0.0026301474788868384
0.002624098166029297
0.0026179724799090666
0.0026117628062329546
0.0026054797524421866
0.002599122936737726
0.0025926842370014628
0.002586161024872878
0.0025795642140147295
0.0025728820595251178
0.0025661088729394903
0.0025592542060148275
0.002552316357031806
0.0025452880839682015
0.0025381641769543846
0.0025309573761608346
0.00252365526697834
0.002516255906079536
0.0025087630385398725
0.0025011760371487952
0.002493491022166763
0.002485699131784914
0.0024778139778948213
0.0024698217425312605
0.002461725282931683
0.0024535221713695887
0.0024452133360912437
0.0024367941424673165
0.002428254940165746
0.002419610161756521
0.00241084359857067
0.0024019614385686855
0.0023929580319922597
0.002383834337395918
0.0023745863236160404
0.002365205451904804
0.002355704055403713
0.0023460664607387795
0.0023362979437589154
0.002326390431983995
0.00231634484870734
0.00230615844826986
0.002295828175045712
0.0022853546500350695
0.0022747248692034793
0.0022639465117305596
0.002253010531344981
0.0022419154782437486
0.0022306747325137304
0.0022193019417683503
0.002207795566902992
0.0021961449593491883
0.0021843582101216262
0.0021724226510042737
0.0021603368739812894
0.002148097189945656
0.0021357040170608406
0.0021231514996110177
0.0021104255349024053
0.0020975351485310405
0.0020844675568147944
0.0020712181384832636
0.0020577847857292035
0.002044165786459921
0.0020303503526818024
0.00201632266056513
0.0020020962168062423
0.0019876588701272556
0.0019729980340580035
0.001958111198759456
0.001942994482030324
0.001927633646732542
0.0019120121029901848
0.001896145777354799
0.0018800157795260165
0.0018636039924287034
0.0018469062447167939
0.0018299227674763478
0.0018126347140015558
0.0017950110254073388
0.0017770748898172488
0.001758800521876306
0.0017401612869345565
0.0017211494251952724
0.0017017691960684949
0.0016819914592738107
0.0016617699298258524
0.0016411319846565745
0.0016200429949404626
0.0015984662394916015
0.001576381787503644
0.001553795050841664
0.0015306554011867714
0.0015069035473683026
0.001482552189799468
0.0014575720672120958
0.001431897719888552
0.0014054736632754326
0.001378300679549878
0.0013503020060220182
0.001321392724149889
0.001291540630062288
0.0012606950502760152
0.001228735096744399
0.0011955365660021177
0.0011610588337846884
0.0011251619956355195
0.001087646690836071
0.0010483491421008646
0.0010071164255767938
0.0009636376837717432
0.0009175205180837398
0.0008684332935440511
0.0008158350934017288
0.0007589056390041652
0.0006965589617403488
0.0006272953066344798
0.0005483779071567024
0.00045459873920988147
0.00033389577022034027
0.0001233884340738833
0.0
0.0
0.0
0.0
0.0
0.0
0.0
0.0
0.0
0.0
0.0
0.0
0.0
0.0
0.0
0.0
0.0
0.0
0.0
0.0
0.0
0.0
0.0
0.0
0.0
0.0
0.0
0.0
0.0
0.0
0.0
0.0
0.0
0.0
0.0
0.0
0.0
0.0
0.0
0.0
0.0
0.0
0.0
0.0
0.0
0.0
0.0
0.0
0.0
0.0
0.0
0.0
0.0
0.0
0.0
0.0
0.0
0.0
0.0
0.0
0.0
0.0
0.0
0.0
0.0
0.0
0.0
0.0
0.0
0.0
0.0
0.0
0.0
0.0
0.0
0.0
0.0
0.0
0.0
0.0
0.0
0.0
0.0
0.0
0.0
0.0
0.0
0.0
0.0
0.0
0.0
0.0
0.0
0.0
0.0
0.0
0.0
0.0
0.0
0.0
0.0
0.0
0.0
0.0
0.0
0.0
0.0
0.0
0.0
0.0
0.0
0.0
0.0
0.0
0.0
0.0
0.0
0.0
0.0
0.0
0.0
0.0
0.0
0.0
0.0
0.0
0.0
0.0
0.0
0.0
0.0
0.0
0.0
0.0
0.0
0.0
0.0
0.0
0.0
0.0
0.0
0.0
0.0
0.0
0.0
0.0
0.0
0.0
0.0
0.0
0.0
0.0
0.0
0.0
0.0
0.0
0.0
0.0
0.0
0.0
0.0
0.0
0.0
0.0
0.0
0.0
0.0
0.0
0.0
0.0
0.0
0.0
0.0
0.0
0.0
0.0
0.0
0.0
0.0
0.0
0.0
0.0
0.0
0.0
0.0
0.0
0.0
0.0
0.0
0.0
0.0
0.0
0.0
0.0
0.0
0.0
0.0
0.0
0.0
0.0
0.0
0.0
0.0
0.0
0.0
0.0
0.0
0.0
0.0
0.0
0.0
0.0
0.0
0.0
0.0
0.0
0.0
0.0
0.0
0.0
0.0
0.0
0.0
0.0
0.0
0.0
0.0
0.0
0.0
0.0
0.0
0.0
0.0
0.0
0.0
0.0
0.0
0.0
0.0
0.0
0.0
0.0
0.0
0.0
0.0
0.0
0.0
0.0
0.0
0.0
0.0
0.0
0.0
0.0
0.0
0.0
0.0
0.0
0.0
0.0
0.0
0.0
0.0
0.0
0.0
0.0
0.0
0.0
0.0
0.0
0.0
0.0
0.0
0.0
0.0
0.0
0.0
0.0
0.0
0.0
0.0
0.0
0.0
0.0
0.0
0.0
0.0
0.0
0.0
0.0
0.0
0.0
0.0
0.0
0.0
0.0
0.0
0.0
0.0
0.0
0.0
0.0
0.0
0.0
0.0
0.0
0.0
0.0
0.0
0.0
0.0
0.0
0.0
0.0
0.0
0.0
0.0
0.0
0.0
0.0
0.0
0.0
0.0
0.0
0.0
0.0
0.0
0.0
0.0
0.0
0.0
0.0
0.0
0.0
0.0
0.0
0.0
0.0
0.0
0.0
0.0
0.0
0.0
0.0
0.0
0.0
0.0
0.0
0.0
0.0
0.0
0.0
0.0
0.0
0.0
0.0
0.0
0.0
0.0
0.0
0.0
0.0
0.0
0.0
0.0
0.0
0.0
0.0
0.0
0.0
0.0
0.0
0.0
0.0
0.0
0.0
0.0
0.0
0.0
0.0
0.0
0.0
0.0
0.0
0.0
0.0
0.0
0.0
0.0
0.0
0.0
0.0
0.0
0.0
0.0
0.0
0.0
0.0
0.0
0.0
0.0
0.0
0.0
0.0
0.0
0.0
0.0
0.0
0.0
0.0
0.0
0.0
0.0
0.0
0.0
0.0
0.0
0.0
0.0
0.0
0.0
0.0
0.0
0.0
0.0
0.0
0.0
0.0
0.0
0.0
0.0
0.0
0.0
0.0
0.0
0.0
0.0
0.0
0.0
0.0
0.0
0.0
0.0
0.0
0.0
0.0
0.0
0.0
0.0
0.0
0.0
0.0
0.0
0.0
0.0
0.0
0.0
0.0
0.0
0.0
0.0
0.0
0.0
0.0
0.0
0.0
0.0
0.0
0.0
0.0
0.0
0.0
0.0
0.0
0.0
0.0
0.0
0.0
0.0
0.0
0.0
0.0
0.0
0.0
0.0
0.0
0.0
0.0
0.0
0.0
0.0
0.0
0.0
0.0
0.0
0.0
0.0
0.0
0.0
0.0
0.0
0.0
0.0
0.0
0.0
0.0
0.0
0.0
0.0
0.0
0.0
0.0
0.0
0.0
0.0
0.0
0.0
0.0
0.0
0.0
0.0
0.0
0.0
0.0
0.0
0.0
0.0
0.0
0.0
0.0
0.0
0.0
0.0
0.0
0.0
0.0
0.0
0.0
0.0
0.0
0.0
0.0
0.0
0.0
0.0
0.0
0.0
0.0
0.0
0.0
0.0
0.0
0.0
0.0
0.0
0.0
0.0
0.0
0.0
0.0
0.0
0.0
0.0
0.0
0.0
0.0
0.0
0.0
0.0
0.0
0.0
0.0
0.0
0.0
0.0
0.0
0.0
0.0
0.0
0.0
0.0
0.0
0.0
0.0
0.0
0.0
0.0
0.0
0.0
0.0
0.0
0.0
0.0
0.0
0.0
0.0
0.0
0.0
0.0
0.0
0.0
0.0
0.0
0.0
0.0
0.0
0.0
0.0
0.0
0.0
0.0
0.0
0.0
0.0
0.0
0.0
0.0
0.0
0.0
0.0
0.0
0.0
0.0
0.0
0.0
0.0
0.0
0.0
0.0
0.0
0.0
0.0
0.0
0.0
0.0
0.0
0.0
0.0
0.0
0.0
0.0
0.0
0.0
0.0
0.0
0.0
0.0
0.0
0.0
0.0
0.0
0.0
0.0
0.0
0.0
0.0
0.0
0.0
0.0
0.0
0.0
0.0
0.0
0.0
0.0
0.0
0.0
0.0
0.0
0.0
0.0
0.0
0.0
0.0
0.0
0.0
0.0
0.0
0.0
0.0
0.0
0.0
0.0
0.0
0.0
0.0
0.0
0.0
0.0
0.0
0.0
0.0
0.0
0.0
0.0
0.0
0.0
0.0
0.0
0.0
0.0
0.0
0.0
0.0
0.0
0.0
0.0
0.0
0.0
0.0
0.0
0.0
0.0
0.0
0.0
0.0
0.0
0.0
0.0
0.0
0.0
0.0
0.0
0.0
0.0
0.0
0.0
0.0
0.0
0.0
0.0
0.0
0.0
0.0
0.0
0.0
0.0
0.0
0.0
0.0
0.0
0.0
0.0
0.0
0.0
0.0
0.0
0.0
0.0
0.0
0.0
0.0
0.0
0.0
0.0
0.0
0.0
0.0
0.0
0.0
0.0
0.0
0.0
0.0
0.0
0.0
0.0
0.0
0.0
0.0
0.0
0.0
0.0
0.0
0.0
0.0
0.0
0.0
0.0
0.0
0.0
0.0
0.0
0.0
0.0
0.0
0.0
0.0
0.0
0.0
0.0
0.0
0.0
0.0
0.0
0.0
0.0
0.0
0.0
0.0
0.0
0.0
0.0
0.0
0.0
0.0
0.0
0.0
0.0
0.0
0.0
0.0
0.0
0.0
0.0
0.0
0.0
0.0
0.0
0.0
0.0
0.0
0.0
0.0
0.0
0.0
0.0
0.0
0.0
0.0
0.0
0.0
0.0
0.0
0.0
0.0
0.0
0.0
0.0
0.0
0.0
0.0
0.0
0.0
0.0
0.0
0.0
0.0
0.0
0.0
0.0
0.0
0.0
0.0
0.0
0.0
0.0
0.0
0.0
0.0
0.0
0.0
0.0
0.0
0.0
0.0
0.0
0.0
0.0
0.0
0.0
0.0
0.0
0.0
0.0
0.0
0.0
0.0
0.0
0.0
0.0
0.0
0.0
0.0
0.0
0.0
0.0
0.0
0.0
0.0
0.0
0.0
0.0
0.0
0.0
0.0
0.0
0.0
0.0
0.0
0.0
0.0
0.0
0.0
0.0
0.0
0.0
0.0
0.0
0.0
0.0
0.0
0.0
0.0
0.0
0.0
0.0
0.0
0.0
0.0
0.0
0.0
0.0
0.0
0.0
0.0
0.0
0.0
0.0
0.0
0.0
0.0
0.0
0.0
0.0
0.0
0.0
0.0
0.0
0.0
0.0
0.0
0.0
0.0
0.0
0.0
0.0
0.0
0.0
0.0
0.0
0.0
0.0
0.0
0.0
0.0
0.0
0.0
0.0
0.0
0.0
0.0
0.0
0.0
0.0
0.0
0.0
0.0
0.0
0.0
0.0
0.0
0.0
0.0
0.0
0.0
0.0
0.0
0.0
0.0
0.0
0.0
0.0
0.0
0.0
0.0
0.0
0.0
0.0
0.0
0.0
0.0
0.0
0.0
0.0
0.0
0.0
0.0
0.0
0.0
0.0
0.0
0.0
0.0
0.0
0.0
0.0
0.0
0.0
0.0
0.0
0.0
0.0
0.0
0.0
0.0
0.0
0.0
0.0
0.0
0.0
0.0
0.0
0.0
0.0
0.0
0.0
0.0
0.0
0.0
0.0
0.0
0.0
0.0
0.0
0.0
0.0
0.0
0.0
0.0
0.0
0.0
0.0
0.0
0.0
0.0
0.0
0.0
0.0
0.0
0.0
0.0
0.0
0.0
0.0
0.0
0.0
0.0
0.0
0.0
0.0
0.0
0.0
0.0
0.0
0.0
0.0
0.0
0.0
0.0
0.0
0.0
0.0
0.0
0.0
0.0
0.0
0.0
0.0
0.0
0.0
0.0
0.0
0.0
0.0
0.0
0.0
0.0
0.0
0.0
0.0
0.0
0.0
0.0
0.0
0.0
0.0
0.0
0.0
0.0
0.0
0.0
0.0
0.0
0.0
0.0
0.0
0.0
0.0
0.0
0.0
0.0
0.0
0.0
0.0
0.0
0.0
0.0
0.0
0.0
0.0
0.0
0.0
0.0
0.0
0.0
0.0
0.0
0.0
0.0
0.0
0.0
0.0
0.0
0.0
0.0
0.0
0.0
0.0
0.0
0.0
0.0
0.0
0.0
0.0
0.0
0.0
0.0
0.0
0.0
0.0
0.0
0.0
0.0
0.0
0.0
0.0
0.0
0.0
0.0
0.0
0.0
0.0
0.0
0.0
0.0
0.0
0.0
0.0
0.0
0.0
0.0
0.0
0.0
0.0
0.0
0.0
0.0
0.0
0.0
0.0
0.0
0.0
0.0
0.0
0.0
0.0
0.0
0.0
0.0
0.0
0.0
0.0
0.0
0.0
0.0
0.0
0.0
0.0
0.0
0.0
0.0
0.0
0.0
0.0
0.0
0.0
0.0
0.0
0.0
0.0
0.0
0.0
0.0
0.0
0.0
0.0
0.0
0.0
0.0
0.0
0.0
0.0
0.0
0.0
0.0
0.0
0.0
0.0
0.0
0.0
0.0
0.0
0.0
0.0
0.0
0.0
0.0
0.0
0.0
0.0
0.0
0.0
0.0
0.0
0.0
0.0
0.0
0.0
0.0
0.0
0.0
0.0
0.0
0.0
0.0
0.0
0.0
0.0
0.0
0.0
0.0
0.0
0.0
0.0
0.0
0.0
0.0
0.0
0.0
0.0
0.0
0.0
0.0
0.0
0.0
0.0
0.0
0.0
0.0
0.0
0.0
0.0
0.0
0.0
0.0
0.0
0.0
0.0
0.0
0.0
0.0
0.0
0.0
0.0
0.0
0.0
0.0
0.0
0.0
0.0
0.0
0.0
0.0
0.0
0.0
0.0
0.0
0.0
0.0
0.0
0.0
0.0
0.0
0.0
0.0
0.0
0.0
0.0
0.0
0.0
0.0
0.0
0.0
0.0
0.0
0.0
0.0
0.0
0.0
0.0
0.0
0.0
0.0
0.0
0.0
0.0
0.0
0.0
0.0
0.0
0.0
0.0
0.0
0.0
0.0
0.0
0.0
0.0
0.0
0.0
0.0
0.0
0.0
0.0
0.0
0.0
0.0
0.0
0.0
0.0
0.0
0.0
0.0
0.0
0.0
0.0
0.0
0.0
0.0
0.0
0.0
0.0
0.0
0.0
0.0
0.0
0.0
0.0
0.0
0.0
0.0
0.0
0.0
0.0
0.0
0.0
0.0
0.0
0.0
0.0
0.0
0.0
0.0
0.0
0.0
0.0
0.0
0.0
0.0
0.0
0.0
0.0
0.0
0.0
0.0
0.0
0.0
0.0
0.0
0.0
0.0
0.0
0.0
0.0
0.0
0.0
0.0
0.0
0.0
0.0
0.0
0.0
0.0
0.0
0.0
0.0
0.0
0.0
0.0
0.0
0.0
0.0
0.0
0.0
0.0
0.0
0.0
0.0
0.0
0.0
0.0
0.0
0.0
0.0
0.0
0.0
0.0
0.0
0.0
0.0
0.0
0.0
0.0
0.0
0.0
0.0
0.0
0.0
0.0
0.0
0.0
0.0
0.0
0.0
0.0
0.0
0.0
0.0
0.0
0.0
0.0
0.0
0.0
0.0
0.0
0.0
0.0
0.0
0.0
0.0
0.0
0.0
0.0
0.0
0.0
0.0
0.0
0.0
0.0
0.0
0.0
0.0
0.0
0.0
0.0
0.0
0.0
0.0
0.0
0.0
0.0
0.0
0.0
0.0
0.0
0.0
0.0
0.0
0.0
0.0
0.0
0.0
0.0
0.0
0.0
0.0
0.0
0.0
0.0
0.0
0.0
0.0
0.0
0.0
0.0
0.0
0.0
0.0
0.0
0.0
0.0
0.0
0.0
0.0
0.0
0.0
0.0
0.0
0.0
0.0
0.0
0.0
0.0
0.0
0.0
0.0
0.0
0.0
0.0
0.0
0.0
0.0
0.0
0.0
0.0
0.0
0.0
0.0
0.0
0.0
0.0
0.0
0.0
0.0
0.0
0.0
0.0
0.0
0.0
0.0
0.0
0.0
0.0
0.0
0.0
0.0
0.0
0.0
0.0
0.0
0.0
0.0
0.0
0.0
0.0
0.0
0.0
0.0
0.0
0.0
0.0
0.0
0.0
0.0
0.0
0.0
0.0
0.0
0.0
0.0
0.0
0.0
0.0
0.0
0.0
0.0
0.0
0.0
0.0
0.0
0.0
0.0
0.0
0.0
0.0
0.0
0.0
0.0
0.0
0.0
0.0
0.0
0.0
0.0
0.0
0.0
0.0
0.0
0.0
0.0
0.0
0.0
0.0
0.0
0.0
0.0
0.0
0.0
0.0
0.0
0.0
0.0
0.0
0.0
0.0
0.0
0.0
0.0
0.0
0.0
0.0
0.0
0.0
0.0
0.0
0.0
0.0
0.0
0.0
0.0
0.0
0.0
0.0
0.0
0.0
0.0
0.0
0.0
0.0
0.0
0.0
0.0
0.0
0.0
0.0
0.0
0.0
0.0
0.0
0.0
0.0
0.0
0.0
0.0
0.0
0.0
0.0
0.0
0.0
0.0
0.0
0.0
0.0
0.0
0.0
0.0
0.0
0.0
0.0
0.0
0.0
0.0
0.0
0.0
0.0
0.0
0.0
0.0
0.0
0.0
0.0
0.0
0.0
0.0
0.0
0.0
0.0
0.0
0.0
0.0
0.0
0.0
0.0
0.0
0.0
0.0
0.0
0.0
0.0
0.0
0.0
0.0
0.0
0.0
0.0
0.0
0.0
0.0
0.0
0.0
0.0
0.0
0.0
0.0
0.0
0.0
0.0
0.0
0.0
0.0
0.0
0.0
0.0
0.0
0.0
0.0
0.0
0.0
0.0
0.0
0.0
0.0
0.0
0.0
0.0
0.0
0.0
0.0
0.0
0.0
0.0
0.0
0.0
0.0
0.0
0.0
0.0
0.0
0.0
0.0
0.0
0.0
0.0
0.0
0.0
0.0
0.0
0.0
0.0
0.0
0.0
0.0
0.0
0.0
0.0
0.0
0.0
0.0
0.0
0.0
0.0
0.0
0.0
0.0
0.0
0.0
0.0
0.0
0.0
0.0
0.0
0.0
0.0
0.0
0.0
0.0
0.0
0.0
0.0
0.0
0.0
0.0
0.0
0.0
0.0
0.0
0.0
0.0
0.0
0.0
0.0
0.0
0.0
0.0
0.0
0.0
0.0
0.0
0.0
0.0
0.0
0.0
0.0
0.0
0.0
0.0
0.0
0.0
0.0
0.0
0.0
0.0
0.0
0.0
0.0
0.0
0.0
0.0
0.0
0.0
0.0
0.0
0.0
0.0
0.0
0.0
0.0
0.0
0.0
0.0
0.0
0.0
0.0
0.0
0.0
0.0
0.0
0.0
0.0
0.0
0.0
0.0
0.0
0.0
0.0
0.0
0.0
0.0
0.0
0.0
0.0
0.0
0.0
0.0
0.0
0.0
0.0
0.0
0.0
0.0
0.0
0.0
0.0
0.0
0.0
0.0
0.0
0.0
0.0
0.0
0.0
0.0
0.0
0.0
0.0
0.0
0.0
0.0
0.0
0.0
0.0
0.0
0.0
0.0
0.0
0.0
0.0
0.0
0.0
0.0
0.0
0.0
0.0
0.0
0.0
0.0
0.0
0.0
0.0
0.0
0.0
0.0
0.0
0.0
0.0
0.0
0.0
0.0
0.0
0.0
0.0
0.0
0.0
0.0
0.0
0.0
0.0
0.0
0.0
0.0
0.0
0.0
0.0
0.0
0.0
0.0
0.0
0.0
0.0
0.0
0.0
0.0
0.0
0.0
0.0
0.0
0.0
0.0
0.0
0.0
0.0
0.0
0.0
0.0
0.0
0.0
0.0
0.0
0.0
0.0
0.0
0.0
0.0
0.0
0.0
0.0
0.0
0.0
0.0
0.0
0.0
0.0
0.0
0.0
0.0
0.0
0.0
0.0
0.0
0.0
0.0
0.0
0.0
0.0
0.0
0.0
0.0
0.0
0.0
0.0
0.0
0.0
0.0
0.0
0.0
0.0
0.0
0.0
0.0
0.0
0.0
0.0
0.0
0.0
0.0
0.0
0.0
0.0
0.0
0.0
0.0
0.0
0.0
0.0
0.0
0.0
0.0
0.0
0.0
0.0
0.0
0.0
0.0
0.0
0.0
0.0
0.0
0.0
0.0
0.0
0.0
0.0
0.0
0.0
0.0
0.0
0.0
0.0
0.0
0.0
0.0
0.0
0.0
0.0
0.0
0.0
0.0
0.0
0.0
0.0
0.0
0.0
0.0
0.0
0.0
0.0
0.0
0.0
0.0
0.0
0.0
0.0
0.0
0.0
0.0
0.0
0.0
0.0
0.0
0.0
0.0
0.0
0.0
0.0
0.0
0.0
0.0
0.0
0.0
0.0
0.0
0.0
0.0
0.0
0.0
0.0
0.0
0.0
0.0
0.0
0.0
0.0
0.0
0.0
0.0
0.0
0.0
0.0
0.0
0.0
0.0
0.0
0.0
0.0
0.0
0.0
0.0
0.0
0.0
0.0
0.0
0.0
0.0
0.0
0.0
0.0
0.0
0.0
0.0
0.0
0.0
0.0
0.0
0.0
0.0
0.0
0.0
0.0
0.0
0.0
0.0
0.0
0.0
0.0
0.0
0.0
0.0
0.0
0.0
0.0
0.0
0.0
0.0
0.0
0.0
0.0
0.0
0.0
0.0
0.0
0.0
0.0
0.0
0.0
0.0
0.0
0.0
0.0
0.0
0.0
0.0
0.0
0.0
0.0
0.0
0.0
0.0
0.0
0.0
0.0
0.0
0.0
0.0
0.0
0.0
0.0
0.0
0.0
0.0
0.0
0.0
0.0
0.0
0.0
0.0
0.0
0.0
0.0
0.0
0.0
0.0
0.0
0.0
0.0
0.0
0.0
0.0
0.0
0.0
0.0
0.0
0.0
0.0
0.0
0.0
0.0
0.0
0.0
0.0
0.0
0.0
0.0
0.0
0.0
0.0
0.0
0.0
0.0
0.0
0.0
0.0
0.0
0.0
0.0
0.0
0.0
0.0
0.0
0.0
0.0
0.0
0.0
0.0
0.0
0.0
0.0
0.0
0.0
0.0
0.0
0.0
0.0
0.0
0.0
0.0
0.0
0.0
0.0
0.0
0.0
0.0
0.0
0.0
0.0
0.0
0.0
0.0
0.0
0.0
0.0
0.0
0.0
0.0
0.0
0.0
0.0
0.0
0.0
0.0
0.0
0.0
0.0
0.0
0.0
0.0
0.0
0.0
0.0
0.0
0.0
0.0
0.0
0.0
0.0
0.0
0.0
0.0
0.0
0.0
0.0
0.0
0.0
0.0
0.0
0.0
0.0
0.0
0.0
0.0
0.0
0.0
0.0
0.0
0.0
0.0
0.0
0.0
0.0
0.0
0.0
0.0
0.0
0.0
0.0
0.0
0.0
0.0
0.0
0.0
0.0
0.0
0.0
0.0
0.0
0.0
0.0
0.0
0.0
0.0
0.0
0.0
0.0
0.0
0.0
0.0
0.0
0.0
0.0
0.0
0.0
0.0
0.0
0.0
0.0
0.0
0.0
0.0
0.0
0.0
0.0
0.0
0.0
0.0
0.0
0.0
0.0
0.0
0.0
0.0
0.0
0.0
0.0
0.0
0.0
0.0
0.0
0.0
0.0
0.0
0.0
0.0
0.0
0.0
0.0
0.0
0.0
0.0
0.0
0.0
0.0
0.0
0.0
0.0
0.0
0.0
0.0
0.0
0.0
0.0
0.0
0.0
0.0
0.0
0.0
0.0
0.0
0.0
0.0
0.0
0.0
0.0
0.0
0.0
0.0
0.0
0.0
0.0
0.0
0.0
0.0
0.0
0.0
0.0
0.0
0.0
0.0
0.0
0.0
0.0
0.0
0.0
0.0
0.0
0.0
0.0
0.0
0.0
0.0
0.0
0.0
0.0
0.0
0.0
0.0
0.0
0.0
0.0
0.0
0.0
0.0
0.0
0.0
0.0
0.0
0.0
0.0
0.0
0.0
0.0
0.0
0.0
0.0
0.0
0.0
0.0
0.0
0.0
0.0
0.0
0.0
0.0
0.0
0.0
0.0
0.0
0.0
0.0
0.0
0.0
0.0
0.0
0.0
0.0
0.0
0.0
0.0
0.0
0.0
0.0
0.0
0.0
0.0
0.0
0.0
0.0
0.0
0.0
0.0
0.0
0.0
0.0
0.0
0.0
0.0
0.0
0.0
0.0
0.0
0.0
0.0
0.0
0.0
0.0
0.0
0.0
0.0
0.0
0.0
0.0
0.0
0.0
0.0
0.0
0.0
0.0
0.0
0.0
0.0
0.0
0.0
0.0
0.0
0.0
0.0
0.0
0.0
0.0
0.0
0.0
0.0
0.0
0.0
0.0
0.0
0.0
0.0
0.0
0.0
0.0
0.0
0.0
0.0
0.0
0.0
0.0
0.0
0.0
0.0
0.0
0.0
0.0
0.0
0.0
0.0
0.0
0.0
0.0
0.0
0.0
0.0
0.0
0.0
0.0
0.0
0.0
0.0
0.0
0.0
0.0
0.0
0.0
0.0
0.0
0.0
0.0
0.0
0.0
0.0
0.0
0.0
0.0
0.0
0.0
0.0
