0.0013080154922122738
0.00130863337969423
0.0013091669933708355
0.001309653641462081
0.0013101084452254047
0.001310539855054259
0.0013109531057990719
0.0013113516879732343
0.0013117380717274293
0.001312114083574098
0.0013124811172653056
0.0013128402743697186
0.001313192450549704
0.001313537071400318
0.0013138761879717363
0.0013142095018158658
0.001314538167310107
0.0013148622946647182
0.0013151823783557307
0.0013154987535917582
0.0013158116542923853
0.0013161214432112515
0.0013164284491633778
0.0013167328891041665
0.001317034912990804
0.0013173346466303724
0.0013176320767396335
0.0013179269895878178
0.0013182199937438837
0.0013185111744906997
0.0013188006197878833
0.0013190880774140055
0.00131937381816894
0.0013196580750411693
0.001319940911636962
0.0013202223037134635
0.001320502214771632
0.0013207807803422874
0.001321058142168395
0.0013213343732166485
0.0013216094527201073
0.0013218830621814141
0.001322155538883424
0.0013224270435667424
0.0013226976403506695
0.0013229673672391596
0.0013232362694662258
0.0013235043065040327
0.001323771424402305
0.0013240377088510015
0.0013243032853154015
0.0013245681777585632
0.00132483240458313
0.0013250959857671381
0.0013253589305777457
0.0013256211757487876
0.0013258825626401986
0.001326143339139384
0.0013264035772719547
0.0013266633257680595
0.001326922581113723
0.0013271813485833436
0.0013274396425345383
0.0013276974346575973
0.0013279547262934988
0.0013282115098838506
0.0013284678009597372
0.0013287237047692926
0.0013289792456113352
0.0013292344443402346
0.001329489311901079
0.0013297438547960937
0.0013299979399113032
0.0013302516961613792
0.0013305051712511453
0.0013307583174170922
0.0013310111218612993
0.001331263652799091
0.0013315159397971038
0.001331767982246576
0.001332019808364371
0.0013322714360001803
0.0013325228509807382
0.0013327740398647134
0.0013330249806932776
0.001333275663650585
0.001333526133026453
0.0013337763714251925
0.0013340264590430285
0.0013342762388965038
0.0013345259121367518
0.0013347754338830938
0.0013350248449892663
0.0013352741383614905
0.0013355233127229139
0.001335772392887156
0.001336021358236843
0.0013362701767940187
0.0013365188729902702
0.0013367674820244251
0.001337016014124759
0.0013372644795176954
0.0013375128680483078
0.001337761205720554
0.0013380094182952737
0.0013382575421110518
0.0013385056003924302
0.0013387535463931849
0.001339001469973555
0.0013392493642579808
0.001339497216083701
0.0013397450130148312
0.001339992770213909
0.0013402405093576768
0.0013404882454462264
0.0013407359900126595
0.001340983747659543
0.0013412315180385357
0.0013414792952972008
0.0013417270613649075
0.0013419748027113558
0.0013422225341202052
0.001342470293070746
0.0013427180920531734
0.00134296593338085
0.0013432136967462822
0.0013434614505735906
0.001343709253543206
0.001343957110149307
0.0013442050184967105
0.0013444529756124035
0.0013447009814972245
0.0013449490667702137
0.001345197234542184
0.0013454454765433172
0.001345693784018384
0.0013459421395839149
0.0013461905477701638
0.0013464390282762239
0.0013466875770194256
0.0013469362028461428
0.001347184921039045
0.0013474337591410927
0.0013476826677594938
0.001347931605654883
0.0013481806005588137
0.0013484296989563437
0.001348678817974388
0.0013489280133380157
0.0013491773199813635
0.0013494267610245263
0.0013496763227148951
0.0013499260180736214
0.001350175819058864
0.001350425730435772
0.0013506757762289726
0.0013509259380925774
0.0013511762381964916
0.0013514266979209497
0.0013516772671182428
0.0013519279582637576
0.0013521788013901464
0.001352429775391272
0.0013526809082273364
0.0013529321386932488
0.001353183523009796
0.0013534349883095231
0.0013536866055232286
0.0013539383650965431
0.0013541902227372374
0.0013544421965522757
0.0013546942649543267
0.001354946492292556
0.0013551988611972537
0.0013554514375328046
0.0013557041511002704
0.0013559570318694128
0.0013562100861265562
0.0013564633084063868
0.0013567167091805014
0.0013569702763316439
0.001357224019793983
0.0013574779376246016
0.0013577320207417726
0.001357986311032221
0.001358240750643986
0.0013584953961953878
0.0013587502008682805
0.0013590052020738203
0.0013592603841662046
0.0013595157348357282
0.0013597712489414723
0.0013600269693758555
0.0013602828404448587
0.0013605389285637323
0.001360795133981124
0.0013610515531099745
0.0013613081152720372
0.0013615648084005503
0.0013618217564526254
0.0013620788926020713
0.0013623362155030135
0.0013625937583485969
0.0013628514862586002
0.0013631094194511378
0.0013633675879430977
0.0013636259558819368
0.0013638845211912704
0.0013641433143843714
0.001364402311562163
0.0013646614960489687
0.0013649209027628566
0.001365180567867074
0.0013654404165415184
0.0013657004854280446
0.0013659607922631137
0.0013662212395255517
0.0013664819261659644
0.0013667428455902064
0.0013670039577934265
0.0013672653110592624
0.00136752690178593
0.0013677887014861647
0.0013680507519237424
0.001368312997938145
0.0013685753964849433
0.001368838058584253
0.0013691009602260513
0.0013693640122975804
0.0013696272584396384
0.001369890796684567
0.0013701545965190299
0.0013704185760590876
0.001370682771206784
0.0013709472319325725
0.0013712119761949664
0.0013714769330667503
0.001371742098628606
0.00137200749537971
0.0013722731558355992
0.001372539112885183
0.0013728052557811254
0.0013730716241703437
0.0013733382247582428
0.0013736050771373078
0.0013738722018182801
0.0013741395424571193
0.0013744071182687691
0.0013746749532365433
0.0013749430203062623
0.0013752113594403589
0.0013754799592247515
0.0013757487810264672
0.0013760178624563758
0.0013762871953877853
0.0013765567624461478
0.0013768265636471555
0.001377096606512639
0.0013773669093164634
0.0013776375124282037
0.001377908377447527
0.0013781794152626546
0.0013784506437539371
0.0013787221383243027
0.0013789939725784533
0.0013792660881838158
0.0013795384136302427
0.0013798109577291484
0.001380083755096981
0.0013803568302726964
0.001380630181466785
0.0013809038130394276
0.0013811777377518576
0.0013814518823256604
0.0013817262502586142
0.0013820008860222042
0.0013822757918147853
0.0013825509477391658
0.001382826364870736
0.0013831020819882643
0.0013833780541994255
0.0013836542797974998
0.0013839308181465449
0.0013842076178957365
0.0013844846595601058
0.0013847619590373675
0.0013850395319788093
0.001385317408132368
0.0013855955352483887
0.0013858738906253056
0.0013861525223191084
0.0013864314320740892
0.0013867106075916137
0.0013869900599265384
0.001387269792501653
0.001387549800660394
0.001387830060366042
0.001388110586044408
0.0013883914015875593
0.0013886725063361604
0.0013889538874146388
0.0013892355143172567
0.001389517387912874
0.0013897995215097915
0.0013900819214027447
0.001390364591046542
0.0013906475320339137
0.001390930745725586
0.0013912142388502987
0.0013914980408226932
0.0013917821263568328
0.0013920664878038936
0.0013923511322441317
0.0013926360348519003
0.0013929212036628185
0.0013932066442626557
0.0013934923589382078
0.0013937783524902202
0.0013940646367658664
0.0013943512381827624
0.0013946381179092105
0.0013949252607035963
0.001395212683838202
0.0013955003988649199
0.0013957883931131998
0.0013960766571852416
0.001396365190836764
0.0013966539890124705
0.0013969430565523317
0.0013972324043192324
0.0013975220359454372
0.0013978119594481911
0.0013981021784096716
0.001398392681203685
0.0013986834555038434
0.0013989745058662106
0.0013992658350465681
0.0013995574442860709
0.0013998493322150839
0.0014001414920886686
0.001400433922324161
0.001400726628766328
0.0014010196113241173
0.0014013128740273581
0.0014016064391326418
0.0014019002768828545
0.001402194389813813
0.0014024887725303662
0.0014027834399958704
0.0014030784009498175
0.0014033736419901777
0.0014036691637664032
0.0014039649801879262
0.0014042610773681802
0.0014045574498148146
0.0014048541003148065
0.0014051510308260482
0.001405448242142727
0.0014057457347007299
0.0014060435092616798
0.0014063415652321336
0.0014066399024288013
0.0014069385207081222
0.0014072374197354877
0.0014075365990065991
0.001407836058003728
0.0014081357959726476
0.0014084358113268082
0.0014087361006734106
0.0014090366510211704
0.0014093374934348324
0.001409638637488805
0.0014099400492811683
0.0014102417356941152
0.00141054370153889
0.0014108459563299508
0.0014111484986210618
0.0014114513207028505
0.0014117544201603758
0.0014120577961042316
0.0014123614473065254
0.001412665371656821
0.0014129695643131726
0.0014132740187798643
0.00141357873713223
0.001413883729642369
0.0014141890808039735
0.0014144947030178914
0.0014148005909470453
0.001415106749502295
0.0014154131819163352
0.0014157198872257757
0.0014160268642519898
0.0014163341011777712
0.001416641599185599
0.0014169493621009807
0.0014172573778602822
0.0014175656246598817
0.0014178741470934019
0.0014181829612297007
0.0014184920418146491
0.0014188014085234437
0.0014191110752454898
0.0014194210413794462
0.0014197312898068068
0.0014200418055196327
0.0014203525828026357
0.0014206636145866786
0.0014209748755003714
0.0014212864530135482
0.001421598320956733
0.001421910447095214
0.001422222821410601
0.001422535431595499
0.0014228483366877725
0.001423161528624861
0.0014234749692957935
0.0014237886413073298
0.0014241025530163647
0.001424416763690454
0.0014247312881998117
0.0014250460745765432
0.0014253611084968324
0.0014256763945223276
0.0014259919151803848
0.0014263076972568897
0.0014266237640703575
0.001426940077948192
0.0014272566935382577
0.0014275735752602413
0.0014278906939101947
0.0014282080417966202
0.0014285256368016292
0.0014288435046050504
0.001429161591349735
0.001429479895748788
0.0014297985112123625
0.0014301174245988806
0.001430436583240059
0.0014307560141850902
0.0014310756878004544
0.0014313955828686323
0.0014317156764559367
0.0014320359373973142
0.0014323565531075893
0.0014326774894927218
0.0014329986778584762
0.0014333200900594181
0.0014336417232334166
0.0014339635556078695
0.0014342855537547428
0.0014346077765403876
0.001434930292426575
0.0014352530790044708
0.0014355761879559208
0.001435899561321825
0.0014362231512840705
0.0014365469352015056
0.0014368709001511778
0.0014371951479440525
0.0014375195809948435
0.0014378441976330423
0.0014381690968919211
0.0014384943205565908
0.0014388197728084208
0.0014391454409617963
0.0014394713776413458
0.0014397975102032011
0.0014401238245129332
0.0014404503532553284
0.0014407770904477798
0.0014411039670857943
0.0014414311662947616
0.0014417586804255419
0.0014420864077480042
0.0014424143110126195
0.0014427423994259187
0.0014430706967439243
0.001443399192605811
0.001443727919570853
0.0014440568833032025
0.001444386063089794
0.0014447154450094365
0.0014450450203088003
0.0014453748063144383
0.0014457048463728337
0.001446035108715862
0.0014463655314972306
0.0014466961464543345
0.0014470269010620432
0.0014473578214743506
0.0014476890792222427
0.0014480206065957183
0.0014483522833847867
0.0014486840907727149
0.0014490160541900162
0.0014493481945484072
0.0014496805365990287
0.001450013190541077
0.001450346041418667
0.0014506790640860018
0.0014510121923138229
0.0014513454252762846
0.0014516789184821249
0.0014520127217519786
0.0014523466757941968
0.001452680770822112
0.001453015004139788
0.0014533493200993648
0.0014536838972664336
0.0014540187724174285
0.0014543538354348411
0.0014546890052980896
0.0014550242561730583
0.0014553596233169387
0.0014556951994177804
0.0014560310659247075
0.0014563671555354062
0.001456703349154391
0.0014570395537395863
0.001457376012321852
0.0014577125449840309
0.0014580493000517127
0.0014583862939173927
0.0014587233940304863
0.0014590605703213644
0.001459397911464063
0.001459735293833639
0.0014600728410472266
0.00146041062088886
0.001460748534417004
0.001461086684666724
0.001461424881235863
0.0014617631616981618
0.001462101569097445
0.0014624400602398619
0.0014627788965268461
0.0014631178642807384
0.0014634568763300566
0.0014637959573846145
0.0014641350614424834
0.001464474416205752
0.0014648139938973554
0.0014651536658853153
0.0014654933898930675
0.00146583316872914
0.0014661731371379127
0.0014665132295951396
0.001466853460106292
0.0014671937879799004
0.0014675341318460431
0.0014678746927002434
0.0014682153522386427
0.0014685560683879084
0.0014688968804194703
0.0014692377274875053
0.0014695788143782094
0.0014699200393540617
0.0014702612724215927
0.0014706025106877014
0.0014709437538551339
0.0014712852596706805
0.001471626955897689
0.0014719686398901547
0.0014723103112142097
0.0014726519706258654
0.0014729938359700013
0.0014733359164740925
0.0014736780183154986
0.0014740200790460446
0.001474362102432335
0.0014747043035150983
0.0014750467056935579
0.0014753891298048723
0.0014757314938677185
0.001476073832204855
0.0014764163599252107
0.0014767590374342176
0.0014771017071017582
0.0014774443312098279
0.0014777869267345743
0.0014781297012611497
0.0014784726218777576
0.0014788154822309642
0.001479158283792247
0.0014795010881630936
0.0014798440345755888
0.0014801871274233614
0.0014805301077335643
0.001480873010513661
0.00148121599854209
0.0014815590291024944
0.0014819021939449144
0.0014822452577018638
0.001482588236286639
0.0014829312706982653
0.0014832743538301192
0.0014836175275155673
0.001483960611322074
0.0014843037088920722
0.0014846466829958244
0.0014849897553529945
0.001485332899763134
0.001485675982745912
0.0014860190637323663
0.0014863619794823228
0.0014867049021158331
0.0014870478758385755
0.0014873909915340475
0.001487733943376804
0.0014880767388523498
0.0014884194818674688
0.0014887623424191204
0.001489105260310386
0.001489447959813066
0.0014897905782357912
0.0014901330622911844
0.0014904757975160933
0.0014908184455301925
0.0014911608867691753
0.0014915031675081865
0.0014918454746557955
0.0014921878876482165
0.0014925301565385084
0.0014928722806917885
0.001493214233698982
0.0014935562601109897
0.0014938982606624203
0.0014942400906111486
0.001494581725157386
0.0014949234096326674
0.0014952649662675487
0.001495606394391613
0.0014959476225851124
0.0014962890238156353
0.0014966301776737022
0.0014969711641075515
0.001497311996214133
0.001497652797915152
0.00149799353025423
0.0014983340406117928
0.001498674353929912
0.0014990145595544851
0.0014993548646531514
0.0014996949500121638
0.0015000347329579915
0.0015003743346732083
0.0015007141307105097
0.0015010537637805436
0.0015013930687389034
0.0015017320021432684
0.0015020710249486592
0.0015024100086273725
0.0015027487078069855
0.0015030869387685213
0.0015034252187202256
0.0015037634700423381
0.0015041014839149527
0.0015044391120953725
0.001504776560262866
0.0015051139420578109
0.0015054511958225779
0.0015057881125518078
0.0015061247324998984
0.001506461252067768
0.0015067976242536388
0.0015071336842879563
0.00150746940447108
0.0015078050090830942
0.0015081404762587144
0.0015084756369033929
0.0015088104326174353
0.0015091450359579078
0.0015094795196197493
0.0015098136832265255
0.0015101474676535815
0.0015104810380904376
0.001510814438626866
0.0015111475518923612
0.0015114802603255287
0.0015118127137080768
0.001512144960056524
0.0015124769539290224
0.0015128085220427053
0.001513139725864148
0.0015134706493271039
0.0015138013167817336
0.001514131593690449
0.0015144615532247275
0.0015147911679854746
0.0015151205279097652
0.0015154495391346504
0.0015157781905404334
0.001516106411274302
0.0015164343647112478
0.0015167620107382383
0.0015170892803070123
0.0015174160760129795
0.001517742555707522
0.001518068727274138
0.0015183945457718528
0.0015187198570341177
0.0015190447617199178
0.0015193693482465096
0.0015196935916025147
0.0015200173076264068
0.0015203405467210515
0.0015206634574504983
0.0015209860554336267
0.0015213081054407686
0.0015216296127578386
0.0015219507820774575
0.0015222716497835466
0.0015225919813322264
0.0015229116816784275
0.0015232309977109934
0.00152355001805193
0.0015238684999639462
0.0015241863128783073
0.0015245037090944166
0.0015248207831989762
0.001525137262696257
0.0015254530881740516
0.0015257684492197567
0.0015260834168555274
0.0015263978112368924
0.0015267115807598706
0.001527024852069421
0.0015273376592928917
0.0015276498612279573
0.0015279614796136296
0.0015282726062241271
0.0015285831620744155
0.0015288930474033813
0.0015292023719620427
0.0015295112134792455
0.001529819410145008
0.0015301268856167474
0.001530433815914086
0.0015307402721227584
0.0015310460040990931
0.0015313509746729742
0.0015316554218266108
0.0015319594338696835
0.0015322626192190614
0.0015325649935826384
0.0015328668271726651
0.0015331681853731304
0.0015334686751869709
0.0015337683335977278
0.001534067440046293
0.0015343660238022285
0.0015346637036593347
0.0015349605246199418
0.0015352567635200408
0.0015355524141838766
0.0015358471230509359
0.001536140978020501
0.0015364342691017337
0.0015367269375433778
0.0015370186899031923
0.0015373096109306194
0.001537599940977182
0.0015378894816963614
0.0015381780458984145
0.0015384657338826898
0.0015387528166971398
0.0015390390446376196
0.0015393242563162466
0.0015396085932814969
0.0015398923113907608
0.001540175062191812
0.0015404567910654897
0.001540737704560982
0.001541017856874343
0.0015412970002068992
0.0015415751196245467
0.0015418524159656825
0.0015421288495606875
0.0015424042425762395
0.00154267861940742
0.0015429521168542327
0.001543224671109203
0.0015434961446797154
0.0015437666324015162
0.001544036178804804
0.001544304684200193
0.0015445720240592367
0.0015448383446554526
0.0015451036634455708
0.0015453678664399863
0.001545630887394805
0.0015458929023668938
0.0015461539518203656
0.0015464138009607309
0.0015466724660632037
0.0015469300442603094
0.0015471865733703882
0.0015474418476744741
0.00154769601773259
0.0015479489816022601
0.001548200822457049
0.001548451370124775
0.0015487007239509386
0.0015489488603604839
0.0015491958135206482
0.0015494414770548944
0.0015496858293841025
0.0015499289781710553
0.0015501708486084466
0.0015504114779150955
0.0015506506603506676
0.0015508885471548545
0.001551125125896336
0.00155136035898499
0.001551594119548315
0.0015518265804693174
0.001552057731991265
0.0015522873871873183
0.0015525155414203
0.001552742386517465
0.0015529678997696853
0.0015531917613762145
0.0015534141462459614
0.0015536351780637487
0.0015538547412738048
0.0015540726368293398
0.0015542889848282814
0.0015545040602291346
0.0015547174561404134
0.0015549291243167544
0.0015551392695006265
0.0015553479827426278
0.0015555549058389683
0.0015557601083451256
0.001555963787133105
0.0015561658634719907
0.0015563660787961723
0.0015565644920980553
0.0015567614785073091
0.0015569566833854482
0.0015571500467346127
0.0015573416171529844
0.001557531678954246
0.0015577198495821145
0.0015579060866913244
0.001558090618332159
0.001558273321584663
0.0015584540615293915
0.0015586328526234394
0.0015588098341651853
0.0015589848801064656
0.001559157893770246
0.0015593289416120312
0.0015594980662481269
0.0015596651404119622
0.0015598301398261954
0.001559993150557802
0.0015601541049535298
0.0015603129277837523
0.0015604696436994294
0.001560624233050686
0.0015607766720080803
0.0015609268968478432
0.0015610750231359555
0.0015612206962987002
0.0015613640955744884
0.0015615052906986344
0.0015616442271766606
0.0015617807931550753
0.0015619149911566264
0.0015620469866743788
0.0015621765343555418
0.00156230363659353
0.0015624283363723282
0.0015625506481222735
0.0015626703986356286
0.0015627875976882777
0.0015629024123727585
0.0015630146785213586
0.0015631242825794628
0.0015632312543683586
0.0015633356987984001
0.001563437429962386
0.0015635364254664216
0.0015636328062583645
0.0015637265040688553
0.0015638173766326336
0.0015639054211380342
0.0015639907851642623
0.0015640733031071375
0.0015641528923721311
0.0015642296586935662
0.001564303569107934
0.0015643744912475503
0.0015644423869190785
0.0015645073772751663
0.0015645693261000023
0.0015646281394725288
0.0015646838509743564
0.0015647364978520414
0.001564785982967986
0.0015648322461980961
0.0015648753305232475
0.0015649151785555866
0.0015649517675286675
0.001564985085957339
0.0015650150866462187
0.0015650417225432302
0.001565065019544595
0.0015650848881546852
0.0015651012815518378
0.0015651141567788317
0.001565123479892698
0.0015651292264497914
0.001565131354680916
0.0015651298286346949
0.0015651246111383734
0.0015651156643699566
0.0015651029536563944
0.001565086447774359
0.001565066093657992
0.0015650418596444625
0.001565013720968324
0.0015649816148352838
0.001564945512695182
0.0015649053022613877
0.0015648609011046232
0.0015648123617094758
0.001564759667048806
0.0015647027970587337
0.0015646416636313915
0.0015645762383006327
0.0015645064967023804
0.0015644323754163102
0.001564353804362305
0.001564270777564386
0.0015641832726615318
0.0015640911288008503
0.0015639943612870003
0.0015638929687260608
0.0015637868964575921
0.0015636760775660954
0.0015635604748082258
0.001563440090596878
0.0015633147896893557
0.0015631846114928633
0.0015630494672017215
0.0015629093047713476
0.00156276408182905
0.0015626136656477054
0.0015624580939406956
0.001562297258125825
0.001562131180472388
0.0015619597631250568
0.0015617829258423868
0.0015616006896606392
0.001561412903443182
0.0015612196141853022
0.0015610207375554245
0.0015608162859519204
0.0015606060157977756
0.0015603899551199366
0.0015601682474255143
0.0015599406270392483
0.001559706984116573
0.00155946728995496
0.0015592216626973037
0.0015589698456467567
0.0015587115202248553
0.0015584471876375523
0.0015581765388746104
0.0015578993439774244
0.001557615598089702
0.0015573255633249538
0.0015570289489712295
0.0015567252877767674
0.001556415160812798
0.0015560980516669072
0.001555773825982221
0.0015554425417501664
0.0015551045748776716
0.0015547595608255223
0.0015544069115195176
0.0015540472603157126
0.001553680406854672
0.0015533058258524318
0.0015529236010489043
0.0015525342516889144
0.0015521373281472627
0.0015517321385072498
0.0015513194492568548
0.0015508992418454483
0.0015504707762449292
0.0015500340337831057
0.0015495895502977235
0.0015491370535135622
0.00154867569331425
0.0015482061411579563
0.0015477285505206678
0.001547241963525683
0.0015467465508235284
0.0015462427835037337
0.001545730500119282
0.0015452087473416553
0.0015446781110668687
0.0015441387135234426
0.0015435897536408647
0.001543031563138138
0.0015424642935498915
0.0015418877029876907
0.0015413010024756444
0.0015407047153658386
0.0015400990000411531
0.0015394830303533907
0.0015388569854089633
0.001538221025122897
0.0015375748157276544
0.001536918086578265
0.001536251066628269
0.00153557369504285
0.0015348853316750684
0.0015341859054951743
0.0015334757349092902
0.0015327543215574587
0.0015320218662435647
0.001531278190535042
0.0015305230763941985
0.0015297561498752966
0.001528977928950311
0.0015281882281714763
0.0015273858092821582
0.0015265719301710602
0.0015257460036662272
0.0015249075844308419
0.0015240564575598275
0.001523193432767055
0.0015223179205277543
0.0015214284715277867
0.0015205266677622467
0.0015196121199324208
0.0015186838950334283
0.0015177419966550091
0.0015167875323884765
0.0015158194270012831
0.0015148361365378963
0.0015138396370060671
0.0015128295531055967
0.0015118045744509532
0.0015107648319355026
0.001509711459667822
0.0015086434469613057
0.001507559102964326
0.001506460420089534
0.0015053473304660725
0.0015042173911727732
0.0015030716777027307
0.0015019112831490245
0.0015007350660776325
0.0014995411856017185
0.0014983314383211956
0.001497106187951339
0.0014958625907725304
0.0014946019687344216
0.0014933253872857213
0.001492031563773151
0.001490718743700896
0.0014893889071683698
0.001488042279386097
0.0014866762472872837
0.0014852917821110835
0.001483890053091665
0.0014824693792512343
0.001481028146410711
0.0014795684417250145
0.001478090503749248
0.001476591784497695
0.0014750732151042384
0.0014735357219087188
0.001471977062040544
0.0014703970807988605
0.0014687969363443533
0.0014671767572858015
0.0014655343854545297
0.0014638702064625271
0.0014621851955794172
0.0014604774976002828
0.00145874706088885
0.0014569944159763346
0.0014552195303062607
0.0014534205538441673
0.0014516023800706507
0.00144976806624352
0.0014479161491300202
0.0014460462467577834
0.0014441588389635834
0.0014422538120672339
0.0014403299228017317
0.0014383880162812924
0.0014364279894120648
0.001434448679306659
0.0014324502086839456
0.0014304326685571956
0.001428394582727435
0.0014263365764303566
0.0014242586595737414
0.0014221603355746896
0.0014200408341147209
0.001417900188310779
0.0014157386358958442
0.0014135543617322755
0.0014113483951071072
0.0014091201864261235
0.0014068690008397897
0.001404594659812095
0.0014022968828803428
0.0013999758140649172
0.0013976296450297074
0.0013952594712114434
0.001392864407762073
0.0013904442706094142
0.0013879983637853247
0.0013855259525080187
0.0013830274739726183
0.0013805011633295167
0.0013779481949202335
0.0013753672102523886
0.0013727578284312252
0.0013701202201016358
0.0013674524547892303
0.0013647557561426212
0.0013620292391696822
0.0013592727568010406
0.0013564846593201222
0.0013536650077068744
0.0013508138021033657
0.0013479293013507782
0.0013450121560284682
0.001342062324121448
0.0013390782797803916
0.0013360582407432495
0.001333003492629097
0.0013299140091273837
0.0013267866838970119
0.0013236222846705029
0.0013204218863340914
0.001317182516675645
0.0013139022166403654
0.0013105834894271806
0.0013072267454889163
0.001303825875086862
0.0013003824552527351
0.0012968994736753054
0.0012933715265746931
0.001289796982063876
0.00128617969835659
0.0012825192867835567
0.0012788086273210003
0.0012750493612985222
0.0012712456629354562
0.0012673921939528497
0.001263485576182753
0.001259530594575322
0.0012555261406469265
0.0012514640557926278
0.0012473467129354824
0.0012431790471037832
0.0012389544404965572
0.001234668659200046
0.001230327283535254
0.0012259299854176361
0.0012214670106038277
0.0012169403450940227
0.0012123570098659935
0.0012077063244575969
0.0012029844115942362
0.0011981993370773607
0.0011933496873050159
0.0011884237824672174
0.0011834238765669844
0.001178357255902708
0.0011732139357815404
0.001167988667525806
0.001162688994961542
0.0011573125217795009
0.0011518486983708328
0.0011462996093396054
0.0011406706630921605
0.001134952905683834
0.0011291391855321614
0.0011232372169917811
0.0011172429540584452
0.0011111476453031126
0.0011049519876025757
0.0010986599897930308
0.0010922632393057959
0.0010857524226179944
0.0010791361503733584
0.0010724068128862053
0.0010655589331238972
0.0010585907810884566
0.0010515041012474048
0.0010442899238011635
0.001036940492350428
0.0010294641023596398
0.0010218450823740734
0.0010140831601420338
0.0010061739790997422
0.000998116611208971
0.0009899009100625615
0.000981523121142349
0.0009729852428536762
0.0009642667951601518
0.0009553711084190396
0.0009462894251166573
0.0009370176522848934
0.0009275439917556047
0.0009178662338976164
0.0009079795512941735
0.0008978576404929186
0.0008875057505879484
0.0008769136007662212
0.0008660671776257266
0.000854951288688401
0.0008435638315756965
0.0008318910147192066
0.0008198968956852944
0.0008075853710369078
0.0007949475545161008
0.0007819473825747574
0.0007685619990886337
0.0007547877849169947
0.000740599573601385
0.0007259362078898276
0.000710795023096608
0.00069515716622747
0.0006789505630662211
0.0006621342848704391
0.0006446855176154921
0.0006265389102505225
0.0006075901703514867
0.0005877925761719349
0.0005670818671960813
0.000545291382273287
0.0005222851311533955
0.0004979343275821191
0.0004720219387760953
0.00044420405536373336
0.00041413674687960423
0.0003813333342841149
0.00034490204469501886
0.0003035292038078959
0.0002549092373735277
0.0001936358856791126
9.802807141502414e-5
0.0
0.0
0.0
0.0
0.0
0.0
0.0
0.0
0.0
0.0
0.0
0.0
0.0
0.0
0.0
0.0
0.0
0.0
0.0
0.0
0.0
0.0
0.0
0.0
0.0
0.0
0.0
0.0
0.0
0.0
0.0
0.0
0.0
0.0
0.0
0.0
0.0
0.0
0.0
0.0
0.0
0.0
0.0
0.0
0.0
0.0
0.0
0.0
0.0
0.0
0.0
0.0
0.0
0.0
0.0
0.0
0.0
0.0
0.0
0.0
0.0
0.0
0.0
0.0
0.0
0.0
0.0
0.0
0.0
0.0
0.0
0.0
0.0
0.0
0.0
0.0
0.0
0.0
0.0
0.0
0.0
0.0
0.0
0.0
0.0
0.0
0.0
0.0
0.0
0.0
0.0
0.0
0.0
0.0
0.0
0.0
0.0
0.0
0.0
0.0
0.0
0.0
0.0
0.0
0.0
0.0
0.0
0.0
0.0
0.0
0.0
0.0
0.0
0.0
0.0
0.0
0.0
0.0
0.0
0.0
0.0
0.0
0.0
0.0
0.0
0.0
0.0
0.0
0.0
0.0
0.0
0.0
0.0
0.0
0.0
0.0
0.0
0.0
0.0
0.0
0.0
0.0
0.0
0.0
0.0
0.0
0.0
0.0
0.0
0.0
0.0
0.0
0.0
0.0
0.0
0.0
0.0
0.0
0.0
0.0
0.0
0.0
0.0
0.0
0.0
0.0
0.0
0.0
0.0
0.0
0.0
0.0
0.0
0.0
0.0
0.0
0.0
0.0
0.0
0.0
0.0
0.0
0.0
0.0
0.0
0.0
0.0
0.0
0.0
0.0
0.0
0.0
0.0
0.0
0.0
0.0
0.0
0.0
0.0
0.0
0.0
0.0
0.0
0.0
0.0
0.0
0.0
0.0
0.0
0.0
0.0
0.0
0.0
0.0
0.0
0.0
0.0
0.0
0.0
0.0
0.0
0.0
0.0
0.0
0.0
0.0
0.0
0.0
0.0
0.0
0.0
0.0
0.0
0.0
0.0
0.0
0.0
0.0
0.0
0.0
0.0
0.0
0.0
0.0
0.0
0.0
0.0
0.0
0.0
0.0
0.0
0.0
0.0
0.0
0.0
0.0
0.0
0.0
0.0
0.0
0.0
0.0
0.0
0.0
0.0
0.0
0.0
0.0
0.0
0.0
0.0
0.0
0.0
0.0
0.0
0.0
0.0
0.0
0.0
0.0
0.0
0.0
0.0
0.0
0.0
0.0
0.0
0.0
0.0
0.0
0.0
0.0
0.0
0.0
0.0
0.0
0.0
0.0
0.0
0.0
0.0
0.0
0.0
0.0
0.0
0.0
0.0
0.0
0.0
0.0
0.0
0.0
0.0
0.0
0.0
0.0
0.0
0.0
0.0
0.0
0.0
0.0
0.0
0.0
0.0
0.0
0.0
0.0
0.0
0.0
0.0
0.0
0.0
0.0
0.0
0.0
0.0
0.0
0.0
0.0
0.0
0.0
0.0
0.0
0.0
0.0
0.0
0.0
0.0
0.0
0.0
0.0
0.0
0.0
0.0
0.0
0.0
0.0
0.0
0.0
0.0
0.0
0.0
0.0
0.0
0.0
0.0
0.0
0.0
0.0
0.0
0.0
0.0
0.0
0.0
0.0
0.0
0.0
0.0
0.0
0.0
0.0
0.0
0.0
0.0
0.0
0.0
0.0
0.0
0.0
0.0
0.0
0.0
0.0
0.0
0.0
0.0
0.0
0.0
0.0
0.0
0.0
0.0
0.0
0.0
0.0
0.0
0.0
0.0
0.0
0.0
0.0
0.0
0.0
0.0
0.0
0.0
0.0
0.0
0.0
0.0
0.0
0.0
0.0
0.0
0.0
0.0
0.0
0.0
0.0
0.0
0.0
0.0
0.0
0.0
0.0
0.0
0.0
0.0
0.0
0.0
0.0
0.0
0.0
0.0
0.0
0.0
0.0
0.0
0.0
0.0
0.0
0.0
0.0
0.0
0.0
0.0
0.0
0.0
0.0
0.0
0.0
0.0
0.0
0.0
0.0
0.0
0.0
0.0
0.0
0.0
0.0
0.0
0.0
0.0
0.0
0.0
0.0
0.0
0.0
0.0
0.0
0.0
0.0
0.0
0.0
0.0
0.0
0.0
0.0
0.0
0.0
0.0
0.0
0.0
0.0
0.0
0.0
0.0
0.0
0.0
0.0
0.0
0.0
0.0
0.0
0.0
0.0
0.0
0.0
0.0
0.0
0.0
0.0
0.0
0.0
0.0
0.0
0.0
0.0
0.0
0.0
0.0
0.0
0.0
0.0
0.0
0.0
0.0
0.0
0.0
0.0
0.0
0.0
0.0
0.0
0.0
0.0
0.0
0.0
0.0
0.0
0.0
0.0
0.0
0.0
0.0
0.0
0.0
0.0
0.0
0.0
0.0
0.0
0.0
0.0
0.0
0.0
0.0
0.0
0.0
0.0
0.0
0.0
0.0
0.0
0.0
0.0
0.0
0.0
0.0
0.0
0.0
0.0
0.0
0.0
0.0
0.0
0.0
0.0
0.0
0.0
0.0
0.0
0.0
0.0
0.0
0.0
0.0
0.0
0.0
0.0
0.0
0.0
0.0
0.0
0.0
0.0
0.0
0.0
0.0
0.0
0.0
0.0
0.0
0.0
0.0
0.0
0.0
0.0
0.0
0.0
0.0
0.0
0.0
0.0
0.0
0.0
0.0
0.0
0.0
0.0
0.0
0.0
0.0
0.0
0.0
0.0
0.0
0.0
0.0
0.0
0.0
0.0
0.0
0.0
0.0
0.0
0.0
0.0
0.0
0.0
0.0
0.0
0.0
0.0
0.0
0.0
0.0
0.0
0.0
0.0
0.0
0.0
0.0
0.0
0.0
0.0
0.0
0.0
0.0
0.0
0.0
0.0
0.0
0.0
0.0
0.0
0.0
0.0
0.0
0.0
0.0
0.0
0.0
0.0
0.0
0.0
0.0
0.0
0.0
0.0
0.0
0.0
0.0
0.0
0.0
0.0
0.0
0.0
0.0
0.0
0.0
0.0
0.0
0.0
0.0
0.0
0.0
0.0
0.0
0.0
0.0
0.0
0.0
0.0
0.0
0.0
0.0
0.0
0.0
0.0
0.0
0.0
0.0
0.0
0.0
0.0
0.0
0.0
0.0
0.0
0.0
0.0
0.0
0.0
0.0
0.0
0.0
0.0
0.0
0.0
0.0
0.0
0.0
0.0
0.0
0.0
0.0
0.0
0.0
0.0
0.0
0.0
0.0
0.0
0.0
0.0
0.0
0.0
0.0
0.0
0.0
0.0
0.0
0.0
0.0
0.0
0.0
0.0
0.0
0.0
0.0
0.0
0.0
0.0
0.0
0.0
0.0
0.0
0.0
0.0
0.0
0.0
0.0
0.0
0.0
0.0
0.0
0.0
0.0
0.0
0.0
0.0
0.0
0.0
0.0
0.0
0.0
0.0
0.0
0.0
0.0
0.0
0.0
0.0
0.0
0.0
0.0
0.0
0.0
0.0
0.0
0.0
0.0
0.0
0.0
0.0
0.0
0.0
0.0
0.0
0.0
0.0
0.0
0.0
0.0
0.0
0.0
0.0
0.0
0.0
0.0
0.0
0.0
0.0
0.0
0.0
0.0
0.0
0.0
0.0
0.0
0.0
0.0
0.0
0.0
0.0
0.0
0.0
0.0
0.0
0.0
0.0
0.0
0.0
0.0
0.0
0.0
0.0
0.0
0.0
0.0
0.0
0.0
0.0
0.0
0.0
0.0
0.0
0.0
0.0
0.0
0.0
0.0
0.0
0.0
0.0
0.0
0.0
0.0
0.0
0.0
0.0
0.0
0.0
0.0
0.0
0.0
0.0
0.0
0.0
0.0
0.0
0.0
0.0
0.0
0.0
0.0
0.0
0.0
0.0
0.0
0.0
0.0
0.0
0.0
0.0
0.0
0.0
0.0
0.0
0.0
0.0
0.0
0.0
0.0
0.0
0.0
0.0
0.0
0.0
0.0
0.0
0.0
0.0
0.0
0.0
0.0
0.0
0.0
0.0
0.0
0.0
0.0
0.0
0.0
0.0
0.0
0.0
0.0
0.0
0.0
0.0
0.0
0.0
0.0
0.0
0.0
0.0
0.0
0.0
0.0
0.0
0.0
0.0
0.0
0.0
0.0
0.0
0.0
0.0
0.0
0.0
0.0
0.0
0.0
0.0
0.0
0.0
0.0
0.0
0.0
0.0
0.0
0.0
0.0
0.0
0.0
0.0
0.0
0.0
0.0
0.0
0.0
0.0
0.0
0.0
0.0
0.0
0.0
0.0
0.0
0.0
0.0
0.0
0.0
0.0
0.0
0.0
0.0
0.0
0.0
0.0
0.0
0.0
0.0
0.0
0.0
0.0
0.0
0.0
0.0
0.0
0.0
0.0
0.0
0.0
0.0
0.0
0.0
0.0
0.0
0.0
0.0
0.0
0.0
0.0
0.0
0.0
0.0
0.0
0.0
0.0
0.0
0.0
0.0
0.0
0.0
0.0
0.0
0.0
0.0
0.0
0.0
0.0
0.0
0.0
0.0
0.0
0.0
0.0
0.0
0.0
0.0
0.0
0.0
0.0
0.0
0.0
0.0
0.0
0.0
0.0
0.0
0.0
0.0
0.0
0.0
0.0
0.0
0.0
0.0
0.0
0.0
0.0
0.0
0.0
0.0
0.0
0.0
0.0
0.0
0.0
0.0
0.0
0.0
0.0
0.0
0.0
0.0
0.0
0.0
0.0
0.0
0.0
0.0
0.0
0.0
0.0
0.0
0.0
0.0
0.0
0.0
0.0
0.0
0.0
0.0
0.0
0.0
0.0
0.0
0.0
0.0
0.0
0.0
0.0
0.0
0.0
0.0
0.0
0.0
0.0
0.0
0.0
0.0
0.0
0.0
0.0
0.0
0.0
0.0
0.0
0.0
0.0
0.0
0.0
0.0
0.0
0.0
0.0
0.0
0.0
0.0
0.0
0.0
0.0
0.0
0.0
0.0
0.0
0.0
0.0
0.0
0.0
0.0
0.0
0.0
0.0
0.0
0.0
0.0
0.0
0.0
0.0
0.0
0.0
0.0
0.0
0.0
0.0
0.0
0.0
0.0
0.0
0.0
0.0
0.0
0.0
0.0
0.0
0.0
0.0
0.0
0.0
0.0
0.0
0.0
0.0
0.0
0.0
0.0
0.0
0.0
0.0
0.0
0.0
0.0
0.0
0.0
0.0
0.0
0.0
0.0
0.0
0.0
0.0
0.0
0.0
0.0
0.0
0.0
0.0
0.0
0.0
0.0
0.0
0.0
0.0
0.0
0.0
0.0
0.0
0.0
0.0
0.0
0.0
0.0
0.0
0.0
0.0
0.0
0.0
0.0
0.0
0.0
0.0
0.0
0.0
0.0
0.0
0.0
0.0
0.0
0.0
0.0
0.0
0.0
0.0
0.0
0.0
0.0
0.0
0.0
0.0
0.0
0.0
0.0
0.0
0.0
0.0
0.0
0.0
0.0
0.0
0.0
0.0
0.0
0.0
0.0
0.0
0.0
0.0
0.0
0.0
0.0
0.0
0.0
0.0
0.0
0.0
0.0
0.0
0.0
0.0
0.0
0.0
0.0
0.0
0.0
0.0
0.0
0.0
0.0
0.0
0.0
0.0
0.0
0.0
0.0
0.0
0.0
0.0
0.0
0.0
0.0
0.0
0.0
0.0
0.0
0.0
0.0
0.0
0.0
0.0
0.0
0.0
0.0
0.0
0.0
0.0
0.0
0.0
0.0
0.0
0.0
0.0
0.0
0.0
0.0
0.0
0.0
0.0
0.0
0.0
0.0
0.0
0.0
0.0
0.0
0.0
0.0
0.0
0.0
0.0
0.0
0.0
0.0
0.0
0.0
0.0
0.0
0.0
0.0
0.0
0.0
0.0
0.0
0.0
0.0
0.0
0.0
0.0
0.0
0.0
0.0
0.0
0.0
0.0
0.0
0.0
0.0
0.0
0.0
0.0
0.0
0.0
0.0
0.0
0.0
0.0
0.0
0.0
0.0
0.0
0.0
0.0
0.0
0.0
0.0
0.0
0.0
0.0
0.0
0.0
0.0
0.0
0.0
0.0
0.0
0.0
0.0
0.0
0.0
0.0
0.0
0.0
0.0
0.0
0.0
0.0
0.0
0.0
0.0
0.0
0.0
0.0
0.0
0.0
0.0
0.0
0.0
0.0
0.0
0.0
0.0
0.0
0.0
0.0
0.0
0.0
0.0
0.0
0.0
0.0
0.0
0.0
0.0
0.0
0.0
0.0
0.0
0.0
0.0
0.0
0.0
0.0
0.0
0.0
0.0
0.0
0.0
0.0
0.0
0.0
0.0
0.0
0.0
0.0
0.0
0.0
0.0
0.0
0.0
0.0
0.0
0.0
0.0
0.0
0.0
0.0
0.0
0.0
0.0
0.0
0.0
0.0
0.0
0.0
0.0
0.0
0.0
0.0
0.0
0.0
0.0
0.0
0.0
0.0
0.0
0.0
0.0
0.0
0.0
0.0
0.0
0.0
0.0
0.0
0.0
0.0
0.0
0.0
0.0
0.0
0.0
0.0
0.0
0.0
0.0
0.0
0.0
0.0
0.0
0.0
0.0
0.0
0.0
0.0
0.0
0.0
0.0
0.0
0.0
0.0
0.0
0.0
0.0
0.0
0.0
0.0
0.0
0.0
0.0
0.0
0.0
0.0
0.0
0.0
0.0
0.0
0.0
0.0
0.0
0.0
0.0
0.0
0.0
0.0
0.0
0.0
0.0
0.0
0.0
0.0
0.0
0.0
0.0
0.0
0.0
0.0
0.0
0.0
0.0
0.0
0.0
0.0
0.0
0.0
0.0
0.0
0.0
0.0
0.0
0.0
0.0
0.0
0.0
0.0
0.0
0.0
0.0
0.0
0.0
0.0
0.0
0.0
0.0
0.0
0.0
0.0
0.0
0.0
0.0
0.0
0.0
0.0
0.0
0.0
0.0
0.0
0.0
0.0
0.0
0.0
0.0
0.0
0.0
0.0
0.0
0.0
0.0
0.0
0.0
0.0
0.0
0.0
0.0
0.0
0.0
0.0
0.0
0.0
0.0
0.0
0.0
0.0
0.0
0.0
0.0
0.0
0.0
0.0
0.0
0.0
0.0
0.0
0.0
0.0
0.0
0.0
0.0
0.0
0.0
0.0
0.0
0.0
0.0
0.0
0.0
0.0
0.0
0.0
0.0
0.0
0.0
0.0
0.0
0.0
0.0
0.0
0.0
0.0
0.0
0.0
0.0
0.0
0.0
0.0
0.0
0.0
0.0
0.0
0.0
0.0
0.0
0.0
0.0
0.0
0.0
0.0
0.0
0.0
0.0
0.0
0.0
0.0
0.0
0.0
0.0
0.0
0.0
0.0
0.0
0.0
0.0
0.0
0.0
0.0
0.0
0.0
0.0
0.0
0.0
0.0
0.0
0.0
0.0
0.0
0.0
0.0
0.0
0.0
0.0
0.0
0.0
0.0
0.0
0.0
0.0
0.0
0.0
0.0
0.0
0.0
0.0
0.0
0.0
0.0
0.0
0.0
0.0
0.0
0.0
0.0
0.0
0.0
0.0
0.0
0.0
0.0
0.0
0.0
0.0
0.0
0.0
0.0
0.0
0.0
0.0
0.0
0.0
0.0
0.0
0.0
0.0
0.0
0.0
0.0
0.0
0.0
0.0
0.0
0.0
0.0
0.0
0.0
0.0
0.0
0.0
0.0
0.0
0.0
0.0
0.0
0.0
0.0
0.0
0.0
0.0
0.0
0.0
0.0
0.0
0.0
0.0
0.0
0.0
0.0
0.0
0.0
0.0
0.0
0.0
0.0
0.0
0.0
0.0
0.0
0.0
0.0
0.0
0.0
0.0
0.0
0.0
0.0
0.0
0.0
0.0
0.0
0.0
0.0
0.0
0.0
0.0
0.0
0.0
0.0
0.0
0.0
0.0
0.0
0.0
0.0
0.0
0.0
0.0
0.0
0.0
0.0
0.0
0.0
0.0
0.0
0.0
0.0
0.0
0.0
0.0
0.0
0.0
0.0
0.0
0.0
0.0
0.0
0.0
0.0
0.0
0.0
0.0
0.0
0.0
0.0
0.0
0.0
0.0
0.0
0.0
0.0
0.0
0.0
0.0
0.0
0.0
0.0
0.0
0.0
0.0
0.0
0.0
0.0
0.0
0.0
0.0
0.0
0.0
0.0
0.0
0.0
0.0
0.0
0.0
0.0
0.0
0.0
0.0
0.0
0.0
0.0
0.0
0.0
0.0
0.0
0.0
0.0
0.0
0.0
0.0
0.0
0.0
0.0
0.0
0.0
0.0
0.0
0.0
0.0
0.0
0.0
0.0
0.0
0.0
0.0
0.0
0.0
0.0
0.0
0.0
0.0
0.0
0.0
0.0
0.0
0.0
0.0
0.0
0.0
0.0
0.0
0.0
0.0
0.0
0.0
0.0
0.0
0.0
0.0
0.0
0.0
0.0
0.0
0.0
0.0
0.0
0.0
0.0
0.0
0.0
0.0
0.0
0.0
0.0
0.0
0.0
0.0
0.0
0.0
0.0
0.0
0.0
0.0
0.0
0.0
0.0
0.0
0.0
0.0
0.0
0.0
0.0
0.0
0.0
0.0
0.0
0.0
0.0
0.0
0.0
0.0
0.0
0.0
0.0
0.0
0.0
0.0
0.0
0.0
0.0
0.0
0.0
0.0
0.0
0.0
0.0
0.0
0.0
0.0
0.0
0.0
0.0
0.0
0.0
0.0
0.0
0.0
0.0
0.0
0.0
0.0
0.0
0.0
0.0
0.0
0.0
0.0
0.0
0.0
0.0
0.0
0.0
0.0
0.0
0.0
0.0
0.0
0.0
0.0
0.0
0.0
0.0
0.0
0.0
0.0
0.0
0.0
0.0
0.0
0.0
0.0
0.0
0.0
0.0
0.0
0.0
0.0
0.0
0.0
0.0
0.0
0.0
0.0
0.0
0.0
0.0
0.0
0.0
0.0
0.0
0.0
0.0
0.0
0.0
0.0
0.0
0.0
0.0
0.0
0.0
0.0
0.0
0.0
0.0
0.0
0.0
0.0
0.0
0.0
0.0
0.0
0.0
0.0
0.0
0.0
0.0
0.0
0.0
0.0
0.0
0.0
0.0
0.0
0.0
0.0
0.0
0.0
0.0
0.0
0.0
0.0
0.0
0.0
0.0
0.0
0.0
0.0
0.0
0.0
0.0
0.0
0.0
0.0
0.0
0.0
0.0
0.0
0.0
0.0
0.0
0.0
0.0
0.0
0.0
0.0
0.0
0.0
0.0
0.0
0.0
0.0
0.0
0.0
0.0
0.0
0.0
0.0
0.0
0.0
0.0
0.0
0.0
0.0
0.0
0.0
0.0
0.0
0.0
0.0
0.0
0.0
0.0
0.0
0.0
0.0
0.0
0.0
0.0
0.0
0.0
0.0
0.0
0.0
0.0
0.0
0.0
0.0
0.0
0.0
0.0
0.0
0.0
0.0
0.0
0.0
0.0
0.0
0.0
0.0
0.0
0.0
0.0
0.0
0.0
0.0
0.0
0.0
0.0
0.0
0.0
0.0
0.0
0.0
0.0
0.0
0.0
0.0
0.0
0.0
0.0
0.0
0.0
0.0
0.0
0.0
0.0
0.0
0.0
0.0
0.0
0.0
0.0
0.0
0.0
0.0
0.0
0.0
0.0
0.0
0.0
0.0
0.0
0.0
0.0
0.0
0.0
0.0
0.0
0.0
0.0
0.0
0.0
0.0
0.0
0.0
0.0
0.0
0.0
0.0
0.0
0.0
0.0
0.0
0.0
0.0
0.0
0.0
0.0
0.0
0.0
0.0
0.0
0.0
0.0
0.0
0.0
0.0
0.0
0.0
0.0
0.0
0.0
0.0
0.0
0.0
0.0
0.0
0.0
0.0
0.0
0.0
0.0
0.0
0.0
0.0
0.0
0.0
0.0
0.0
0.0
0.0
0.0
0.0
0.0
0.0
0.0
0.0
0.0
0.0
0.0
0.0
0.0
0.0
0.0
0.0
0.0
0.0
0.0
0.0
0.0
0.0
0.0
0.0
0.0
0.0
0.0
0.0
0.0
0.0
0.0
0.0
0.0
0.0
0.0
0.0
0.0
0.0
0.0
0.0
0.0
0.0
0.0
0.0
0.0
0.0
0.0
0.0
0.0
0.0
0.0
0.0
0.0
0.0
0.0
0.0
0.0
0.0
0.0
0.0
0.0
0.0
0.0
0.0
0.0
0.0
0.0
0.0
0.0
0.0
0.0
0.0
0.0
0.0
0.0
0.0
0.0
0.0
0.0
0.0
0.0
0.0
0.0
0.0
0.0
0.0
0.0
0.0
0.0
0.0
0.0
0.0
0.0
0.0
0.0
0.0
0.0
0.0
0.0
0.0
0.0
0.0
0.0
0.0
0.0
0.0
0.0
0.0
0.0
0.0
0.0
0.0
0.0
0.0
0.0
0.0
0.0
0.0
0.0
0.0
0.0
0.0
0.0
0.0
0.0
0.0
0.0
0.0
0.0
0.0
0.0
0.0
0.0
0.0
0.0
0.0
0.0
0.0
0.0
0.0
0.0
0.0
0.0
0.0
0.0
0.0
0.0
0.0
0.0
0.0
0.0
0.0
0.0
0.0
0.0
0.0
0.0
0.0
0.0
0.0
0.0
0.0
0.0
0.0
0.0
0.0
0.0
0.0
0.0
0.0
0.0
0.0
0.0
0.0
0.0
0.0
0.0
0.0
0.0
0.0
0.0
0.0
0.0
0.0
0.0
0.0
0.0
0.0
0.0
0.0
0.0
0.0
0.0
0.0
0.0
0.0
0.0
0.0
0.0
0.0
0.0
0.0
0.0
0.0
0.0
0.0
0.0
0.0
0.0
0.0
0.0
0.0
0.0
0.0
0.0
0.0
0.0
0.0
0.0
0.0
0.0
0.0
0.0
0.0
0.0
0.0
0.0
0.0
0.0
0.0
0.0
0.0
0.0
0.0
0.0
0.0
0.0
0.0
0.0
0.0
0.0
0.0
0.0
0.0
0.0
0.0
0.0
0.0
0.0
0.0
0.0
0.0
0.0
0.0
0.0
0.0
0.0
0.0
0.0
0.0
0.0
0.0
0.0
0.0
0.0
0.0
0.0
0.0
0.0
0.0
0.0
0.0
0.0
0.0
0.0
0.0
0.0
0.0
0.0
0.0
0.0
0.0
0.0
0.0
0.0
0.0
0.0
0.0
0.0
0.0
0.0
0.0
0.0
0.0
0.0
0.0
0.0
0.0
0.0
0.0
0.0
0.0
0.0
0.0
0.0
0.0
0.0
0.0
0.0
0.0
0.0
0.0
0.0
0.0
0.0
0.0
0.0
0.0
0.0
0.0
0.0
0.0
0.0
0.0
0.0
0.0
0.0
0.0
0.0
0.0
0.0
0.0
0.0
0.0
0.0
0.0
0.0
0.0
0.0
0.0
0.0
0.0
0.0
0.0
0.0
0.0
0.0
0.0
0.0
0.0
0.0
0.0
0.0
0.0
0.0
0.0
0.0
0.0
0.0
0.0
0.0
0.0
0.0
0.0
0.0
0.0
0.0
0.0
0.0
0.0
0.0
0.0
0.0
0.0
0.0
0.0
0.0
0.0
0.0
0.0
0.0
0.0
0.0
0.0
0.0
0.0
0.0
0.0
0.0
0.0
0.0
0.0
0.0
0.0
0.0
0.0
0.0
0.0
0.0
0.0
0.0
0.0
0.0
0.0
0.0
0.0
0.0
0.0
0.0
0.0
0.0
0.0
0.0
0.0
0.0
0.0
0.0
0.0
0.0
0.0
0.0
0.0
0.0
0.0
0.0
0.0
0.0
0.0
0.0
0.0
0.0
0.0
0.0
0.0
0.0
0.0
0.0
0.0
0.0
0.0
0.0
0.0
0.0
0.0
0.0
0.0
0.0
0.0
0.0
0.0
0.0
0.0
0.0
0.0
0.0
0.0
0.0
0.0
0.0
0.0
0.0
0.0
0.0
0.0
0.0
0.0
0.0
0.0
0.0
0.0
0.0
0.0
0.0
0.0
0.0
0.0
0.0
0.0
0.0
0.0
