0.0019514720437174918
0.0019520418827444841
0.0019525336442044682
0.0019529818416196608
0.001953400498759213
0.0019537974521513586
0.0019541775555250154
0.0019545440449228063
0.0019548992102439854
0.0019552447446495426
0.0019555819401519243
0.0019559118178734537
0.0019562352079922274
0.0019565515902333
0.001956862854096233
0.0019571687304566644
0.001957470283189365
0.0019577676169574318
0.0019580611886493293
0.0019583513085070746
0.00195863819353782
0.0019589221785547774
0.0019592035668527202
0.001959482558889393
0.0019597592935427675
0.001960033887444682
0.0019603063297590384
0.0019605764261810886
0.001960844735447446
0.001961111336649095
0.0019613763112654404
0.0019616394294189243
0.0019619009400627836
0.0019621610572856545
0.001962419840017115
0.0019626772667962872
0.0019629333049973187
0.0019631880793411615
0.001963441720107318
0.001963694294579674
0.0019639457843121898
0.001964195898792031
0.0019644449470631233
0.0019646930765565996
0.0019649403462945643
0.001965186791396424
0.0019654324535614805
0.001965677296135527
0.0019659212702521026
0.0019661644545969385
0.001966406964100155
0.0019666488209364504
0.0019668900421928276
0.0019671306463848975
0.0019673706422450275
0.001967609972321168
0.001967848492206116
0.0019680864284704696
0.001968323847079034
0.0019685607926980264
0.0019687972623167347
0.0019690332609497577
0.001969268801889602
0.001969503859521059
0.0019697384352857345
0.0019699725225160243
0.001970206135595588
0.0019704393706530916
0.001970672249983886
0.0019709047927306583
0.001971137008996735
0.0019713689048338964
0.0019716003591343377
0.001971831489512337
0.001972062339542166
0.0019722928658440528
0.0019725230569074895
0.00197275297497905
0.001972982647080526
0.0019732120727521687
0.001973441277768487
0.0019736702784533466
0.0019738990619848833
0.0019741276162186868
0.001974355921274437
0.0019745839683332034
0.0019748117977908173
0.0019750393939198326
0.0019752668297437588
0.001975493962593115
0.0019757209754838125
0.0019759478276533695
0.0019761745562962697
0.0019764011550054807
0.0019766276226661494
0.001976853981945852
0.0019770802143555034
0.0019773062906132564
0.0019775322329792736
0.0019777580734786923
0.0019779838214365026
0.001978209486170528
0.001978435058487056
0.001978660562028787
0.0019788859294201473
0.0019791111937100493
0.0019793363760211317
0.001979561433960275
0.0019797864491297727
0.001980011415300969
0.0019802363205464
0.0019804611536061245
0.0019806859282637777
0.0019809106642028674
0.0019811353750384996
0.0019813600712332963
0.001981584756963692
0.001981809431908857
0.0019820340907586173
0.0019822587171343343
0.0019824832987851825
0.00198270784912967
0.0019829324021449516
0.001983156969141959
0.001983381552204209
0.001983606042328449
0.0019838305015483985
0.0019840549830302226
0.001984279490828869
0.001984504023212034
0.001984728577472182
0.001984953153597475
0.001985177779295139
0.0019854024573532254
0.0019856271802571623
0.0019858519400595027
0.0019860767210099456
0.0019863015271986977
0.001986526376437649
0.001986751265012357
0.001986976200906661
0.0019872011979208694
0.0019874262809350574
0.001987651405238144
0.001987876533522648
0.0019881016908660626
0.001988326919282875
0.0019885521438257735
0.0019887774148724924
0.0019890027639766048
0.001989228211994326
0.001989453746450146
0.001989679379067908
0.0019899050844728707
0.0019901308669357963
0.0019903567481166983
0.001990582711400182
0.001990808776769518
0.0019910349634818737
0.0019912612262015243
0.001991487576158421
0.0019917140404237805
0.0019919405998931497
0.001992167279757672
0.001992394024728024
0.001992620885508512
0.001992847796301857
0.001993074821081372
0.0019933019511759395
0.001993529146588855
0.001993756417621047
0.0019939837485541292
0.0019942111995774983
0.0019944387549762376
0.001994666474078429
0.0019948942935290545
0.001995122240295893
0.001995350319985087
0.0019955785276103985
0.0019958068725477525
0.001996035343816751
0.0019962639503085435
0.001996492690216657
0.00199672155530176
0.0019969505832203435
0.0019971797218022876
0.001997409021975181
0.0019976384415142196
0.001997868014042225
0.0019980977254048372
0.001998327564460022
0.0019985575265241812
0.0019987876501363047
0.001999017885112914
0.0019992482911523088
0.001999478778446836
0.0019997094336799063
0.0019999401932102793
0.0020001710461438884
0.002000402103895094
0.002000633306284639
0.0020008646520359432
0.0020010961709179967
0.00200132783149967
0.0020015596518848434
0.0020017916589695687
0.002002023820453641
0.002002256134409713
0.0020024886281629927
0.002002721280161021
0.0020029540753536373
0.00200318704503031
0.0020034202215763698
0.0020036535377181133
0.0020038870262839297
0.002004120703110574
0.0020043544805828897
0.0020045884474561163
0.002004822597720146
0.0020050568953940656
0.002005291383723529
0.0020055260593838196
0.0020057608967331444
0.0020059959331473485
0.002006231119068144
0.0020064664158304726
0.0020067019229147733
0.0020069376186953383
0.0020071734232190806
0.0020074093755365605
0.0020076455634242363
0.0020078819594212265
0.0020081184900627752
0.002008355187448017
0.002008592096254058
0.0020088292324564206
0.002009066532423635
0.002009303992566581
0.0020095416329509457
0.0020097794825946237
0.0020100175708290054
0.002010255798412201
0.0020104942007579387
0.00201073278377913
0.0020109715649142723
0.002011210562410714
0.002011449725768152
0.002011689072087456
0.002011928622715945
0.0020121683533568936
0.0020124082996482735
0.002012648451273465
0.002012888773593864
0.0020131293001379273
0.0020133700235369168
0.0020136109281639
0.0020138520139399902
0.002014093287491772
0.0020143347650448474
0.0020145764825471937
0.0020148184055769356
0.0020150604544563393
0.0020153026450891293
0.0020155450447347486
0.0020157877189676803
0.0020160306155719925
0.0020162736706127353
0.0020165168918716706
0.002016760310148332
0.0020170039472263974
0.002017247801391011
0.0020174918753495374
0.0020177361802431043
0.0020179806517785772
0.00201822529298729
0.002018470143422023
0.002018715204927978
0.0020189604596573684
0.002019205917387845
0.002019451612554081
0.0020196975050219656
0.0020199435931630796
0.0020201899297429744
0.002020436468890739
0.0020206831931440217
0.0020209301165555046
0.002021177252947392
0.002021424628679589
0.002021672197113028
0.002021919937938763
0.002022167893823348
0.002022416066196901
0.00202266444400807
0.0020229130369671376
0.002023161847986773
0.0020234108728010296
0.0020236600899164133
0.0020239095120479322
0.0020241591603150947
0.002024409034000391
0.0020246591215305663
0.00202490939567591
0.002025159857101136
0.0020254105175208166
0.0020256613824102955
0.002025912454734592
0.002026163735778602
0.002026415226619548
0.002026666933107196
0.0020269188812228204
0.0020271710483796036
0.002027423427659448
0.0020276760252174704
0.0020279288188988116
0.0020281818157144808
0.002028435020496847
0.0020286884351488513
0.0020289420638151504
0.0020291959168663863
0.002029450017572401
0.002029704331362
0.0020299588445972933
0.002030213572461817
0.0020304685250584647
0.002030723691023787
0.002030979061901327
0.0020312346373483866
0.0020314904127617015
0.002031746392308202
0.002032002585491923
0.002032258995374458
0.002032515628915025
0.0020327724891422453
0.0020330295656254592
0.002033286847322727
0.0020335443381343694
0.002033802040364233
0.0020340599549754997
0.002034318080622467
0.0020345764112248864
0.0020348349452462477
0.0020350936877079565
0.002035352638394844
0.002035611800732997
0.002035871194247201
0.002036130792500567
0.0020363905975990183
0.0020366506046426355
0.002036910826711351
0.0020371712713906295
0.002037431926707242
0.0020376927879918144
0.0020379538715377885
0.0020382151658453374
0.002038476665928202
0.0020387383741068254
0.002039000291968004
0.0020392624200706315
0.002039524758656652
0.0020397873082807065
0.002040050068255856
0.0020403130383081476
0.0020405762181359014
0.0020408396072956574
0.002041103205199352
0.0020413670112468126
0.002041631024630125
0.0020418952438081834
0.002042159665463597
0.0020424242781750057
0.002042689109182198
0.002042954166757327
0.002043219420910516
0.0020434848775584577
0.0020437505407901826
0.0020440164188273015
0.002044282510245694
0.0020445488081544195
0.0020448153102438733
0.0020450820155853847
0.0020453489229538932
0.0020456160303494904
0.002045883333373757
0.0020461508261789404
0.0020464185104504856
0.002046686395092356
0.0020469545541384818
0.0020472229104698232
0.0020474914592571404
0.002047760204668497
0.0020480291493958735
0.0020482982924463935
0.002048567632639372
0.0020488371594861417
0.002049106873875012
0.002049376779007246
0.0020496468641636855
0.0020499171100971294
0.002050187555769929
0.0020504582151148875
0.0020507290658428093
0.00205100012507966
0.0020512714047978328
0.0020515429043005866
0.002051814608430799
0.0020520865038925282
0.0020523585855357386
0.002052630847030268
0.002052903266060764
0.0020531759190340676
0.002053448782851456
0.002053721829155187
0.0020539950490416604
0.002054268431614056
0.0020545420283569443
0.0020548158320721865
0.0020550898092977898
0.002055363944673776
0.00205563824537582
0.0020559127630437814
0.0020561875146074154
0.0020564624519238
0.0020567375608521385
0.002057012845235401
0.002057288289661164
0.0020575639173760394
0.002057839748578814
0.0020581157502398864
0.002058391969887723
0.0020586683763556225
0.002058944943993871
0.0020592216659589702
0.0020594985577122383
0.0020597756414954074
0.002060052870220566
0.002060330242666694
0.0020606078401033106
0.002060885650861897
0.0020611636289025316
0.002061441797637144
0.002061720131111101
0.002061998610727297
0.0020622772164382865
0.002062555920983277
0.0020628348873163323
0.0020631140855651244
0.002063393455796632
0.0020636729733983033
0.0020639526357997414
0.0020642324239076837
0.002064512308564336
0.0020647923408362986
0.002065072580073828
0.0020653530066475152
0.0020656336674090368
0.002065914520586917
0.002066195513679821
0.0020664766269147083
0.002066757848972546
0.002067039268130923
0.002067320798675586
0.002067602437634996
0.002067884277035221
0.002068166365429265
0.002068448603182552
0.0020687309792153338
0.0020690135378244622
0.0020692962082465775
0.0020695789868919305
0.0020698619019805585
0.0020701449482362767
0.002070428065799793
0.002070711413127961
0.0020709949834003295
0.0020712786883765044
0.0020715624957125802
0.0020718464133304922
0.002072130461632541
0.002072414631544489
0.0020726989511209875
0.002072983425124926
0.00207326803558419
0.0020735527702878025
0.002073837621557531
0.0020741226042620205
0.002074407755730492
0.002074693048434329
0.0020749784287983084
0.0020752639241412322
0.002075549489024231
0.0020758351459605993
0.0020761210429428847
0.002076407121289644
0.00207669327714959
0.002076979494229476
0.002077265794492541
0.0020775521972577413
0.0020778387223345895
0.002078125464588664
0.0020784123247788496
0.0020786992811765445
0.0020789862766694245
0.002079273310469839
0.002079560516446994
0.002079847937341419
0.0020801354359164265
0.002080423003649158
0.0020807106381503897
0.002080998291497991
0.0020812861172829693
0.0020815741470187276
0.0020818622858011174
0.002082150463894813
0.0020824386590715667
0.002082726901678477
0.0020830152712747966
0.002083303837708464
0.002083592543010303
0.0020838812848510946
0.0020841699833254583
0.0020844588470557805
0.002084747721500014
0.002085036733949227
0.002085325898400758
0.002085615100978827
0.002085904286417233
0.002086193559894095
0.002086482815645247
0.0020867721595709014
0.0020870616496896986
0.0020873512011233154
0.0020876409021607614
0.0020879305895650786
0.0020882202955354516
0.0020885100569389375
0.0020887998368425394
0.0020890898588841736
0.0020893799400353106
0.0020896700056923173
0.0020899600771050355
0.0020902501148955806
0.002090540313792816
0.0020908306499308016
0.0020911210133589342
0.0020914113678774018
0.002091701715927752
0.00209199217265917
0.002092282682102644
0.0020925732561324906
0.0020928638599994076
0.002093154424288626
0.002093445120618249
0.0020937358479084867
0.0020940265702798287
0.002094317321337209
0.0020946080491782543
0.002094898928443596
0.0020951898723106325
0.0020954807700602003
0.0020957716150647645
0.002096062409257062
0.00209635337437822
0.002096644448809635
0.002096935459907251
0.0020972264074102893
0.002097517292159812
0.002097808299595117
0.002098099437497678
0.0020983905409498777
0.0020986815569507453
0.002098972488795311
0.0020992635194731577
0.0020995546689357145
0.0020998457847709985
0.0021001367974099565
0.0021004277362440867
0.002100718784154929
0.0021010099074357243
0.0021013009722441922
0.0021015919467481936
0.002101882845448587
0.0021021738446897497
0.0021024649166380876
0.0021027558862308474
0.0021030467547938124
0.0021033375748344334
0.0021036284645253
0.0021039194275831513
0.0021042102445558973
0.002104500943548102
0.00210479165174342
0.0021050823454472254
0.002105373102810854
0.0021056637244614125
0.0021059542241342005
0.0021062447215068323
0.0021065352105881746
0.0021068257269174573
0.0021071161179935954
0.0021074064716462997
0.002107696671969642
0.0021079869068617915
0.0021082771541432095
0.002108567301077707
0.0021088573982430458
0.0021091473077396376
0.0021094371753499013
0.002109727038712818
0.0021100169746424372
0.0021103067249071458
0.0021105962962512078
0.002110885776649418
0.0021111753098873643
0.0021114648453187156
0.002111754150291899
0.0021120433411012485
0.0021123323731110635
0.0021126215717969642
0.002112910651825377
0.0021131995126599337
0.0021134881936512263
0.002113776854123414
0.0021140655699463827
0.0021143541205577068
0.0021146425058932846
0.002114930703950424
0.0021152189211469754
0.0021155070741431282
0.0021157950411933887
0.0021160828018626987
0.0021163705631412825
0.00211665817552247
0.002116945638932506
0.0021172328935373814
0.002117520253600448
0.0021178073656434866
0.002118094297275443
0.002118381059991695
0.002118667758434293
0.0021189543600819414
0.0021192407370793616
0.002119526909280961
0.0021198129490767356
0.0021200990358962593
0.0021203849268055337
0.002120670527628641
0.002120955956848653
0.0021212415327053103
0.002121526942070888
0.0021218120234920636
0.0021220967582030277
0.002122381534862713
0.002122666245789921
0.002122950685439208
0.0021232347000318163
0.0021235187245396887
0.002123802694080146
0.0021240864338041266
0.0021243698199358897
0.0021246530267425563
0.0021249361507373007
0.002125219138894724
0.0021255018164495778
0.0021257842178252465
0.0021260665082932276
0.0021263486490483894
0.0021266305023294246
0.0021269120456958086
0.0021271934677951814
0.0021274747508180434
0.0021277557536017824
0.002128036427792269
0.0021283169188559083
0.0021285972881654788
0.002128877368507942
0.002129157110945925
0.002129436654721748
0.0021297160373677164
0.002129995161146459
0.0021302739283692706
0.002130552465165148
0.0021308308126000365
0.0021311089331198536
0.0021313866786067054
0.002131664061461021
0.0021319411962636395
0.002132218104106012
0.0021324946730975933
0.0021327709653487285
0.0021330469586563244
0.002133322729205361
0.002133598199102412
0.00213387335999928
0.00213414815325788
0.0021344227166942447
0.002134697017365406
0.0021349709984664635
0.0021352445792258016
0.002135517892827407
0.0021357909466583067
0.0021360637040203803
0.0021363360367267813
0.0021366080300675486
0.002136879758961731
0.00213715119312754
0.002137422189551041
0.0021376927916034846
0.0021379631246470836
0.0021382332025924634
0.0021385028295075655
0.002138772010882966
0.002139040919178823
0.0021393095858421762
0.0021395778155437594
0.0021398455297704086
0.0021401129356155017
0.0021403801090710134
0.0021406468479749394
0.0021409130441288654
0.0021411789100788175
0.0021414445248482874
0.0021417096414806445
0.002141974232447523
0.002142238457758189
0.002142502378159639
0.0021427658440692954
0.002143028813628094
0.0021432913940809296
0.0021435536154067463
0.002143815360331587
0.0021440766485636116
0.0021443375581787264
0.0021445980244412413
0.002144857964838258
0.0021451174729009313
0.0021453766151196744
0.0021456352571138848
0.0021458933362122246
0.0021461510016055614
0.002146408314389217
0.00214666506583825
0.002146921242489276
0.002147177030430203
0.0021474325045617694
0.0021476873371990596
0.002147941543127664
0.0021481953510485673
0.0021484488174738844
0.0021487016134346744
0.0021489537715527625
0.002149205528807771
0.002149456911244436
0.0021497075996391585
0.002149957627377249
0.0021502072324463373
0.0021504564144095768
0.0021507048768542652
0.0021509526957474464
0.002151200117293816
0.0021514471316305705
0.0021516934858261247
0.0021519392413388663
0.0021521845647154195
0.002152429309816392
0.002152673323920477
0.002152916690579089
0.002153159640612668
0.0021534019646959755
0.0021536435279733905
0.002153884452420519
0.0021541249568065427
0.002154364747783065
0.0021546037811147165
0.0021548422339835306
0.002155080154637671
0.0021553173346698564
0.0021555537634610385
0.002155789614076302
0.0021560248548274123
0.0021562593366338018
0.002156493082468182
0.0021567262110986306
0.002156958670644475
0.0021571903459367504
0.002157421320229299
0.0021576516340394056
0.0021578812044773382
0.00215810991159244
0.00215833785098369
0.0021585650876984764
0.002158791526673409
0.0021590171135502044
0.002159242001982931
0.0021594662294817752
0.0021596895967664303
0.0021599121203685055
0.0021601338866695362
0.0021603549309167224
0.002160575078540457
0.0021607944622266447
0.002161012996693386
0.0021612307502913712
0.0021614475769737526
0.0021616635736656535
0.0021618787229194724
0.0021620930574871252
0.0021623064879849963
0.002162518998600245
0.0021627306861652074
0.002162941488655432
0.002163151441814661
0.0021633603636905083
0.002163568372012711
0.0021637754822437477
0.0021639816649340424
0.002164186812062444
0.0021643910787127805
0.0021645944600147114
0.0021647967949583384
0.002164998082809523
0.0021651984964573875
0.002165398019832127
0.0021655963734877005
0.0021657937159794724
0.0021659901610843668
0.002166185611204487
0.0021663799113593772
0.0021665731528665803
0.0021667655857829024
0.0021669568503142147
0.0021671469068774967
0.0021673359434888602
0.0021675240467607317
0.0021677108981206063
0.0021678965554268763
0.002168081208535575
0.002168264792841018
0.002168447077740331
0.0021686281210098572
0.0021688082703059746
0.0021689872066801928
0.0021691649119162867
0.0021693414104796095
0.0021695170014887355
0.002169691300326564
0.0021698642703960602
0.0021700361289862576
0.0021702067676697134
0.0021703760657064025
0.0021705440417934714
0.0021707108327774726
0.002170876326156742
0.0021710404360999478
0.0021712032314047443
0.0021713647591535563
0.00217152490423457
0.002171683649372894
0.0021718410840336753
0.002171997150076448
0.002172151781199343
0.002172305008077049
0.0021724568186828673
0.002172607196964412
0.0021727560871638726
0.0021729036118510034
0.0021730493661442068
0.002173193593136509
0.0021733363733784485
0.0021734776604630268
0.0021736173484720282
0.0021737554484912882
0.002173892140803475
0.0021740271810820463
0.0021741605801518164
0.0021742923925252788
0.002174422635742237
0.0021745511418728215
0.0021746779321333725
0.002174803199236312
0.00217492677698094
0.0021750485503806622
0.002175168551343002
0.002175286915035008
0.0021754034517658693
0.0021755181465892615
0.0021756311535717724
0.0021757424092892935
0.00217585175850582
0.002175959209586981
0.002176064960684732
0.0021761688260645245
0.002176270716727053
0.002176370788847864
0.0021764690167466547
0.0021765652445340632
0.0021766594369999888
0.0021767517859111515
0.0021768421262789027
0.002176930342647603
0.002177016504960831
0.002177100701405109
0.0021771828099694667
0.0021772627546257062
0.0021773406456283262
0.00217741642247142
0.002177490058559879
0.0021775615650184797
0.0021776309300751908
0.002177698093280156
0.0021777630852088015
0.002177825856272855
0.002177886356580211
0.002177944531034039
0.0021780003440917107
0.0021780538383003216
0.0021781049687474244
0.002178153660922776
0.0021781999574929257
0.0021782438086456893
0.0021782851818368007
0.002178324044510218
0.002178360405882528
0.0021783942209551302
0.0021784254446280626
0.002178454087406585
0.0021784801090901007
0.0021785033779043836
0.0021785237862909706
0.002178541503387089
0.0021785564905871697
0.0021785687183175687
0.0021785781696520077
0.002178584811261383
0.002178588613414371
0.002178589518465066
0.0021785875036554768
0.002178582564994423
0.002178574657665972
0.002178563666128755
0.0021785496582628705
0.002178532609357697
0.0021785124884605303
0.002178489260864256
0.0021784628971083363
0.0021784333787917953
0.002178400660854184
0.002178364787540821
0.00217832565467126
0.0021782832286613117
0.0021782374706592685
0.0021781883040233553
0.0021781357493392307
0.0021780797646691
0.002178020332927527
0.002177957401219044
0.0021778909241231743
0.002177820894600547
0.0021777472403268893
0.0021776700205711225
0.0021775891846349186
0.0021775046705499127
0.0021774163033710134
0.0021773242683746554
0.0021772285462326557
0.002177128951053015
0.0021770254208713495
0.00217691792936223
0.002176806518135199
0.0021766910572104865
0.002176571385832578
0.0021764477250526366
0.0021763199209412242
0.002176187852255921
0.002176051503275312
0.002175910989733864
0.002175766161173414
0.0021756167762129286
0.0021754630789451238
0.0021753046447269345
0.002175141582960325
0.0021749739098812838
0.0021748018066517385
0.002174625079163664
0.0021744434138649335
0.002174257083606649
0.002174065955760205
0.0021738697826235386
0.0021736686219343765
0.002173462738396215
0.002173251886605588
0.0021730356875089055
0.0021728145678837486
0.0021725885170046696
0.002172357092728226
0.002172120243430792
0.0021718782911346736
0.0021716310730496074
0.002171378112279905
0.002171119766506137
0.0021708561136518575
0.00217058661626073
0.002170311358239712
0.002170030593044221
0.002169744278290816
0.0021694518723969773
0.0021691536400567
0.002168849559227023
0.0021685393348148726
0.002168223162860155
0.0021679010521216025
0.00216757283066488
0.0021672380409004056
0.002166896972600019
0.0021665497100136614
0.0021661957721545023
0.002165835253440706
0.002165468239031344
0.0021650945295569025
0.0021647139609485963
0.0021643266587046657
0.0021639325814763093
0.002163531292683865
0.0021631226429311436
0.0021627069685203172
0.0021622839712112313
0.0021618537619865147
0.002161416143009271
0.002160971016735456
0.0021605182062566074
0.002160058011609726
0.002159590318785415
0.002159114446973122
0.002158631077071619
0.002158139843151287
0.002157640486960547
0.002157132874502207
0.0021566174841760664
0.0021560939603863815
0.0021555614302712213
0.002155020835411947
0.0021544719392069056
0.002153914177606404
0.0021533475852686134
0.0021527728631114194
0.002152189285395242
0.0021515958442104776
0.0021509938280816158
0.002150383019842165
0.0021497627243125556
0.0021491328771137464
0.00214849416240615
0.002147845966249796
0.0021471872588403338
0.0021465192467767093
0.0021458418889518725
0.002145153696297164
0.002144455320860548
0.002143747428206607
0.0021430293221440843
0.0021422998766647766
0.0021415599694394006
0.0021408100164271434
0.002140048228767322
0.0021392754582345093
0.0021384923403546994
0.0021376981435790297
0.0021368918545179
0.0021360745998132385
0.0021352465422293803
0.0021344060767052903
0.002133553802020989
0.0021326904409320053
0.0021318149627923017
0.0021309263719668193
0.002130025958902983
0.0021291138777757997
0.0021281885606793723
0.0021272506763783897
0.0021263007541754858
0.0021253373736440186
0.0021243603333144373
0.0021233705392425884
0.002122368040200664
0.0021213515971046505
0.0021203213672829594
0.0021192779299166096
0.0021182201460191947
0.0021171479930177104
0.002116061809509094
0.0021149615860916707
0.0021138461606351137
0.002112716054560754
0.002111571500502415
0.002110411567639554
0.0021092357218197434
0.0021080444210758473
0.0021068376869320623
0.0021056146887627842
0.0021043759686018956
0.0021031214488501553
0.0021018503742525774
0.002100562808743589
0.0020992588066266796
0.0020979374072223745
0.0020965990079025226
0.002095243611707822
0.0020938708938648895
0.002092480348616287
0.0020910720800475734
0.0020896462223731786
0.002088201526153475
0.002086738578217899
0.002085257141025486
0.0020837567874519127
0.002082237369904664
0.0020806988134733913
0.0020791410994968917
0.002077563031534296
0.002075965365644838
0.0020743475284962483
0.002072709421476055
0.002071050600327147
0.002069370602640545
0.0020676697028091276
0.0020659466940146677
0.0020642022286862893
0.002062435742821163
0.002060646924721119
0.002058835960402186
0.0020570015904767267
0.0020551447092600843
0.0020532647633995722
0.0020513617120714537
0.002049434479151853
0.002047483172270186
0.0020455078632166646
0.0020435074778287314
0.002041482571972568
0.0020394331141111947
0.0020373580638623117
0.0020352562819819387
0.0020331289328560567
0.002030975989447618
0.0020287954844962035
0.0020265880436329763
0.0020243544563003793
0.0020220927710151377
0.002019801760306606
0.0020174832982971323
0.0020151378053382026
0.002012760994492531
0.002010354314131283
0.0020079199793404364
0.002005454118647555
0.002002956006921789
0.0020004284994042487
0.0019978715555108114
0.001995280401735601
0.001992656388079541
0.001990002641319727
0.001987315660332266
0.0019845933274621756
0.0019818393152885925
0.0019790530674364264
0.0019762291112104266
0.001973369285960031
0.0019704773491645657
0.0019675491795646525
0.0019645820362963803
0.0019615801724506858
0.0019585437679191854
0.0019554663003185503
0.001952349512693275
0.0019491985998119773
0.0019460065164229948
0.0019427711634129345
0.0019394985189093536
0.00193618802646219
0.001932831997533256
0.001929432484756731
0.001925995074295064
0.0019225135732899596
0.0019189850068582824
0.001915415056173204
0.0019118027005487683
0.0019081414952553395
0.001904433668230971
0.0019006834011047731
0.0018968854136679422
0.0018930356068954123
0.0018891399906103919
0.0018851968993478807
0.0018812012947684146
0.001877154599368246
0.0018730605098668763
0.0018689143135518663
0.0018647110660878396
0.00186045738819278
0.001856149638415391
0.0018517854898200939
0.0018473651226377646
0.0018428909680574398
0.0018383584275924502
0.001833764338967683
0.001829115551306545
0.0018244039566806933
0.0018196311495604614
0.0018147962752181313
0.0018099008379935757
0.0018049489440324041
0.0017999480634459586
0.0017949016005206074
0.001789800004030629
0.0017846480993265674
0.0017794434891881786
0.0017741866635924484
0.00176887425467988
0.0017635081970818682
0.0017580891052012646
0.001752606360553076
0.0017470668324467249
0.001741469157856905
0.0017358103896557046
0.0017300874508244248
0.001724303945033438
0.0017184585834810156
0.0017125395412895235
0.0017065552900566762
0.0017005083174786795
0.0016943889881020067
0.0016881947054560424
0.0016819326543731216
0.001675600713395062
0.0016691826908709626
0.0016626896312655652
0.0016561260367529793
0.001649476161812954
0.0016427401257962544
0.0016359266552636957
0.001629030590886224
0.0016220361962497418
0.0016149537345056802
0.00160779097844351
0.0016005268596311325
0.0015931602809443682
0.0015857021792099297
0.0015781498038076895
0.0015704836214892916
0.0015627131073365178
0.0015548477304773265
0.0015468634852467994
0.0015387576867843737
0.0015305436913174326
0.00152221877167443
0.0015137619801652768
0.001505178904734922
0.001496481154522991
0.0014876449080606174
0.0014786640414865527
0.0014695527858185145
0.0014603075923540617
0.0014509051691258073
0.0014413483593050105
0.0014316516312072008
0.0014217911064554405
0.0014117548943317262
0.0014015580803854778
0.0013911955704911632
0.0013806434050397135
0.0013699022676379785
0.001358986059079859
0.0013478703752998402
0.0013365361626372617
0.0013249988220841963
0.0013132526939720452
0.0013012764087597664
0.0012890596487177737
0.0012766168491868232
0.0012639192988498458
0.0012509487105853722
0.0012377157249341885
0.0012242090693086296
0.0012104073410619432
0.0011962885415049745
0.0011818676877130162
0.0011671092613165176
0.0011519969759052602
0.0011365254975383356
0.0011206784032293748
0.0011044312919927096
0.001087749447361155
0.0010706423965194485
0.0010530589563095669
0.0010349818453907768
0.0010163805668565896
0.0009972289045938403
0.0009774843356700536
0.0009570878161915639
0.0009360334287068591
0.0009142371056972986
0.0008916603287197721
0.0008682279143956738
0.0008438722328242004
0.0008185017892685645
0.0007919939341128107
0.0007642687725195787
0.0007351416263459764
0.0007044566847380508
0.0006719744047352745
0.0006374230216500935
0.0006004380641514189
0.0005605271061356001
0.0005170166678217127
0.00046884450145175306
0.00041443061520425313
0.00035082413400015604
0.00027163199746514373
0.00015444545336632938
0.0
0.0
0.0
0.0
0.0
0.0
0.0
0.0
0.0
0.0
0.0
0.0
0.0
0.0
0.0
0.0
0.0
0.0
0.0
0.0
0.0
0.0
0.0
0.0
0.0
0.0
0.0
0.0
0.0
0.0
0.0
0.0
0.0
0.0
0.0
0.0
0.0
0.0
0.0
0.0
0.0
0.0
0.0
0.0
0.0
0.0
0.0
0.0
0.0
0.0
0.0
0.0
0.0
0.0
0.0
0.0
0.0
0.0
0.0
0.0
0.0
0.0
0.0
0.0
0.0
0.0
0.0
0.0
0.0
0.0
0.0
0.0
0.0
0.0
0.0
0.0
0.0
0.0
0.0
0.0
0.0
0.0
0.0
0.0
0.0
0.0
0.0
0.0
0.0
0.0
0.0
0.0
0.0
0.0
0.0
0.0
0.0
0.0
0.0
0.0
0.0
0.0
0.0
0.0
0.0
0.0
0.0
0.0
0.0
0.0
0.0
0.0
0.0
0.0
0.0
0.0
0.0
0.0
0.0
0.0
0.0
0.0
0.0
0.0
0.0
0.0
0.0
0.0
0.0
0.0
0.0
0.0
0.0
0.0
0.0
0.0
0.0
0.0
0.0
0.0
0.0
0.0
0.0
0.0
0.0
0.0
0.0
0.0
0.0
0.0
0.0
0.0
0.0
0.0
0.0
0.0
0.0
0.0
0.0
0.0
0.0
0.0
0.0
0.0
0.0
0.0
0.0
0.0
0.0
0.0
0.0
0.0
0.0
0.0
0.0
0.0
0.0
0.0
0.0
0.0
0.0
0.0
0.0
0.0
0.0
0.0
0.0
0.0
0.0
0.0
0.0
0.0
0.0
0.0
0.0
0.0
0.0
0.0
0.0
0.0
0.0
0.0
0.0
0.0
0.0
0.0
0.0
0.0
0.0
0.0
0.0
0.0
0.0
0.0
0.0
0.0
0.0
0.0
0.0
0.0
0.0
0.0
0.0
0.0
0.0
0.0
0.0
0.0
0.0
0.0
0.0
0.0
0.0
0.0
0.0
0.0
0.0
0.0
0.0
0.0
0.0
0.0
0.0
0.0
0.0
0.0
0.0
0.0
0.0
0.0
0.0
0.0
0.0
0.0
0.0
0.0
0.0
0.0
0.0
0.0
0.0
0.0
0.0
0.0
0.0
0.0
0.0
0.0
0.0
0.0
0.0
0.0
0.0
0.0
0.0
0.0
0.0
0.0
0.0
0.0
0.0
0.0
0.0
0.0
0.0
0.0
0.0
0.0
0.0
0.0
0.0
0.0
0.0
0.0
0.0
0.0
0.0
0.0
0.0
0.0
0.0
0.0
0.0
0.0
0.0
0.0
0.0
0.0
0.0
0.0
0.0
0.0
0.0
0.0
0.0
0.0
0.0
0.0
0.0
0.0
0.0
0.0
0.0
0.0
0.0
0.0
0.0
0.0
0.0
0.0
0.0
0.0
0.0
0.0
0.0
0.0
0.0
0.0
0.0
0.0
0.0
0.0
0.0
0.0
0.0
0.0
0.0
0.0
0.0
0.0
0.0
0.0
0.0
0.0
0.0
0.0
0.0
0.0
0.0
0.0
0.0
0.0
0.0
0.0
0.0
0.0
0.0
0.0
0.0
0.0
0.0
0.0
0.0
0.0
0.0
0.0
0.0
0.0
0.0
0.0
0.0
0.0
0.0
0.0
0.0
0.0
0.0
0.0
0.0
0.0
0.0
0.0
0.0
0.0
0.0
0.0
0.0
0.0
0.0
0.0
0.0
0.0
0.0
0.0
0.0
0.0
0.0
0.0
0.0
0.0
0.0
0.0
0.0
0.0
0.0
0.0
0.0
0.0
0.0
0.0
0.0
0.0
0.0
0.0
0.0
0.0
0.0
0.0
0.0
0.0
0.0
0.0
0.0
0.0
0.0
0.0
0.0
0.0
0.0
0.0
0.0
0.0
0.0
0.0
0.0
0.0
0.0
0.0
0.0
0.0
0.0
0.0
0.0
0.0
0.0
0.0
0.0
0.0
0.0
0.0
0.0
0.0
0.0
0.0
0.0
0.0
0.0
0.0
0.0
0.0
0.0
0.0
0.0
0.0
0.0
0.0
0.0
0.0
0.0
0.0
0.0
0.0
0.0
0.0
0.0
0.0
0.0
0.0
0.0
0.0
0.0
0.0
0.0
0.0
0.0
0.0
0.0
0.0
0.0
0.0
0.0
0.0
0.0
0.0
0.0
0.0
0.0
0.0
0.0
0.0
0.0
0.0
0.0
0.0
0.0
0.0
0.0
0.0
0.0
0.0
0.0
0.0
0.0
0.0
0.0
0.0
0.0
0.0
0.0
0.0
0.0
0.0
0.0
0.0
0.0
0.0
0.0
0.0
0.0
0.0
0.0
0.0
0.0
0.0
0.0
0.0
0.0
0.0
0.0
0.0
0.0
0.0
0.0
0.0
0.0
0.0
0.0
0.0
0.0
0.0
0.0
0.0
0.0
0.0
0.0
0.0
0.0
0.0
0.0
0.0
0.0
0.0
0.0
0.0
0.0
0.0
0.0
0.0
0.0
0.0
0.0
0.0
0.0
0.0
0.0
0.0
0.0
0.0
0.0
0.0
0.0
0.0
0.0
0.0
0.0
0.0
0.0
0.0
0.0
0.0
0.0
0.0
0.0
0.0
0.0
0.0
0.0
0.0
0.0
0.0
0.0
0.0
0.0
0.0
0.0
0.0
0.0
0.0
0.0
0.0
0.0
0.0
0.0
0.0
0.0
0.0
0.0
0.0
0.0
0.0
0.0
0.0
0.0
0.0
0.0
0.0
0.0
0.0
0.0
0.0
0.0
0.0
0.0
0.0
0.0
0.0
0.0
0.0
0.0
0.0
0.0
0.0
0.0
0.0
0.0
0.0
0.0
0.0
0.0
0.0
0.0
0.0
0.0
0.0
0.0
0.0
0.0
0.0
0.0
0.0
0.0
0.0
0.0
0.0
0.0
0.0
0.0
0.0
0.0
0.0
0.0
0.0
0.0
0.0
0.0
0.0
0.0
0.0
0.0
0.0
0.0
0.0
0.0
0.0
0.0
0.0
0.0
0.0
0.0
0.0
0.0
0.0
0.0
0.0
0.0
0.0
0.0
0.0
0.0
0.0
0.0
0.0
0.0
0.0
0.0
0.0
0.0
0.0
0.0
0.0
0.0
0.0
0.0
0.0
0.0
0.0
0.0
0.0
0.0
0.0
0.0
0.0
0.0
0.0
0.0
0.0
0.0
0.0
0.0
0.0
0.0
0.0
0.0
0.0
0.0
0.0
0.0
0.0
0.0
0.0
0.0
0.0
0.0
0.0
0.0
0.0
0.0
0.0
0.0
0.0
0.0
0.0
0.0
0.0
0.0
0.0
0.0
0.0
0.0
0.0
0.0
0.0
0.0
0.0
0.0
0.0
0.0
0.0
0.0
0.0
0.0
0.0
0.0
0.0
0.0
0.0
0.0
0.0
0.0
0.0
0.0
0.0
0.0
0.0
0.0
0.0
0.0
0.0
0.0
0.0
0.0
0.0
0.0
0.0
0.0
0.0
0.0
0.0
0.0
0.0
0.0
0.0
0.0
0.0
0.0
0.0
0.0
0.0
0.0
0.0
0.0
0.0
0.0
0.0
0.0
0.0
0.0
0.0
0.0
0.0
0.0
0.0
0.0
0.0
0.0
0.0
0.0
0.0
0.0
0.0
0.0
0.0
0.0
0.0
0.0
0.0
0.0
0.0
0.0
0.0
0.0
0.0
0.0
0.0
0.0
0.0
0.0
0.0
0.0
0.0
0.0
0.0
0.0
0.0
0.0
0.0
0.0
0.0
0.0
0.0
0.0
0.0
0.0
0.0
0.0
0.0
0.0
0.0
0.0
0.0
0.0
0.0
0.0
0.0
0.0
0.0
0.0
0.0
0.0
0.0
0.0
0.0
0.0
0.0
0.0
0.0
0.0
0.0
0.0
0.0
0.0
0.0
0.0
0.0
0.0
0.0
0.0
0.0
0.0
0.0
0.0
0.0
0.0
0.0
0.0
0.0
0.0
0.0
0.0
0.0
0.0
0.0
0.0
0.0
0.0
0.0
0.0
0.0
0.0
0.0
0.0
0.0
0.0
0.0
0.0
0.0
0.0
0.0
0.0
0.0
0.0
0.0
0.0
0.0
0.0
0.0
0.0
0.0
0.0
0.0
0.0
0.0
0.0
0.0
0.0
0.0
0.0
0.0
0.0
0.0
0.0
0.0
0.0
0.0
0.0
0.0
0.0
0.0
0.0
0.0
0.0
0.0
0.0
0.0
0.0
0.0
0.0
0.0
0.0
0.0
0.0
0.0
0.0
0.0
0.0
0.0
0.0
0.0
0.0
0.0
0.0
0.0
0.0
0.0
0.0
0.0
0.0
0.0
0.0
0.0
0.0
0.0
0.0
0.0
0.0
0.0
0.0
0.0
0.0
0.0
0.0
0.0
0.0
0.0
0.0
0.0
0.0
0.0
0.0
0.0
0.0
0.0
0.0
0.0
0.0
0.0
0.0
0.0
0.0
0.0
0.0
0.0
0.0
0.0
0.0
0.0
0.0
0.0
0.0
0.0
0.0
0.0
0.0
0.0
0.0
0.0
0.0
0.0
0.0
0.0
0.0
0.0
0.0
0.0
0.0
0.0
0.0
0.0
0.0
0.0
0.0
0.0
0.0
0.0
0.0
0.0
0.0
0.0
0.0
0.0
0.0
0.0
0.0
0.0
0.0
0.0
0.0
0.0
0.0
0.0
0.0
0.0
0.0
0.0
0.0
0.0
0.0
0.0
0.0
0.0
0.0
0.0
0.0
0.0
0.0
0.0
0.0
0.0
0.0
0.0
0.0
0.0
0.0
0.0
0.0
0.0
0.0
0.0
0.0
0.0
0.0
0.0
0.0
0.0
0.0
0.0
0.0
0.0
0.0
0.0
0.0
0.0
0.0
0.0
0.0
0.0
0.0
0.0
0.0
0.0
0.0
0.0
0.0
0.0
0.0
0.0
0.0
0.0
0.0
0.0
0.0
0.0
0.0
0.0
0.0
0.0
0.0
0.0
0.0
0.0
0.0
0.0
0.0
0.0
0.0
0.0
0.0
0.0
0.0
0.0
0.0
0.0
0.0
0.0
0.0
0.0
0.0
0.0
0.0
0.0
0.0
0.0
0.0
0.0
0.0
0.0
0.0
0.0
0.0
0.0
0.0
0.0
0.0
0.0
0.0
0.0
0.0
0.0
0.0
0.0
0.0
0.0
0.0
0.0
0.0
0.0
0.0
0.0
0.0
0.0
0.0
0.0
0.0
0.0
0.0
0.0
0.0
0.0
0.0
0.0
0.0
0.0
0.0
0.0
0.0
0.0
0.0
0.0
0.0
0.0
0.0
0.0
0.0
0.0
0.0
0.0
0.0
0.0
0.0
0.0
0.0
0.0
0.0
0.0
0.0
0.0
0.0
0.0
0.0
0.0
0.0
0.0
0.0
0.0
0.0
0.0
0.0
0.0
0.0
0.0
0.0
0.0
0.0
0.0
0.0
0.0
0.0
0.0
0.0
0.0
0.0
0.0
0.0
0.0
0.0
0.0
0.0
0.0
0.0
0.0
0.0
0.0
0.0
0.0
0.0
0.0
0.0
0.0
0.0
0.0
0.0
0.0
0.0
0.0
0.0
0.0
0.0
0.0
0.0
0.0
0.0
0.0
0.0
0.0
0.0
0.0
0.0
0.0
0.0
0.0
0.0
0.0
0.0
0.0
0.0
0.0
0.0
0.0
0.0
0.0
0.0
0.0
0.0
0.0
0.0
0.0
0.0
0.0
0.0
0.0
0.0
0.0
0.0
0.0
0.0
0.0
0.0
0.0
0.0
0.0
0.0
0.0
0.0
0.0
0.0
0.0
0.0
0.0
0.0
0.0
0.0
0.0
0.0
0.0
0.0
0.0
0.0
0.0
0.0
0.0
0.0
0.0
0.0
0.0
0.0
0.0
0.0
0.0
0.0
0.0
0.0
0.0
0.0
0.0
0.0
0.0
0.0
0.0
0.0
0.0
0.0
0.0
0.0
0.0
0.0
0.0
0.0
0.0
0.0
0.0
0.0
0.0
0.0
0.0
0.0
0.0
0.0
0.0
0.0
0.0
0.0
0.0
0.0
0.0
0.0
0.0
0.0
0.0
0.0
0.0
0.0
0.0
0.0
0.0
0.0
0.0
0.0
0.0
0.0
0.0
0.0
0.0
0.0
0.0
0.0
0.0
0.0
0.0
0.0
0.0
0.0
0.0
0.0
0.0
0.0
0.0
0.0
0.0
0.0
0.0
0.0
0.0
0.0
0.0
0.0
0.0
0.0
0.0
0.0
0.0
0.0
0.0
0.0
0.0
0.0
0.0
0.0
0.0
0.0
0.0
0.0
0.0
0.0
0.0
0.0
0.0
0.0
0.0
0.0
0.0
0.0
0.0
0.0
0.0
0.0
0.0
0.0
0.0
0.0
0.0
0.0
0.0
0.0
0.0
0.0
0.0
0.0
0.0
0.0
0.0
0.0
0.0
0.0
0.0
0.0
0.0
0.0
0.0
0.0
0.0
0.0
0.0
0.0
0.0
0.0
0.0
0.0
0.0
0.0
0.0
0.0
0.0
0.0
0.0
0.0
0.0
0.0
0.0
0.0
0.0
0.0
0.0
0.0
0.0
0.0
0.0
0.0
0.0
0.0
0.0
0.0
0.0
0.0
0.0
0.0
0.0
0.0
0.0
0.0
0.0
0.0
0.0
0.0
0.0
0.0
0.0
0.0
0.0
0.0
0.0
0.0
0.0
0.0
0.0
0.0
0.0
0.0
0.0
0.0
0.0
0.0
0.0
0.0
0.0
0.0
0.0
0.0
0.0
0.0
0.0
0.0
0.0
0.0
0.0
0.0
0.0
0.0
0.0
0.0
0.0
0.0
0.0
0.0
0.0
0.0
0.0
0.0
0.0
0.0
0.0
0.0
0.0
0.0
0.0
0.0
0.0
0.0
0.0
0.0
0.0
0.0
0.0
0.0
0.0
0.0
0.0
0.0
0.0
0.0
0.0
0.0
0.0
0.0
0.0
0.0
0.0
0.0
0.0
0.0
0.0
0.0
0.0
0.0
0.0
0.0
0.0
0.0
0.0
0.0
0.0
0.0
0.0
0.0
0.0
0.0
0.0
0.0
0.0
0.0
0.0
0.0
0.0
0.0
0.0
0.0
0.0
0.0
0.0
0.0
0.0
0.0
0.0
0.0
0.0
0.0
0.0
0.0
0.0
0.0
0.0
0.0
0.0
0.0
0.0
0.0
0.0
0.0
0.0
0.0
0.0
0.0
0.0
0.0
0.0
0.0
0.0
0.0
0.0
0.0
0.0
0.0
0.0
0.0
0.0
0.0
0.0
0.0
0.0
0.0
0.0
0.0
0.0
0.0
0.0
0.0
0.0
0.0
0.0
0.0
0.0
0.0
0.0
0.0
0.0
0.0
0.0
0.0
0.0
0.0
0.0
0.0
0.0
0.0
0.0
0.0
0.0
0.0
0.0
0.0
0.0
0.0
0.0
0.0
0.0
0.0
0.0
0.0
0.0
0.0
0.0
0.0
0.0
0.0
0.0
0.0
0.0
0.0
0.0
0.0
0.0
0.0
0.0
0.0
0.0
0.0
0.0
0.0
0.0
0.0
0.0
0.0
0.0
0.0
0.0
0.0
0.0
0.0
0.0
0.0
0.0
0.0
0.0
0.0
0.0
0.0
0.0
0.0
0.0
0.0
0.0
0.0
0.0
0.0
0.0
0.0
0.0
0.0
0.0
0.0
0.0
0.0
0.0
0.0
0.0
0.0
0.0
0.0
0.0
0.0
0.0
0.0
0.0
0.0
0.0
0.0
0.0
0.0
0.0
0.0
0.0
0.0
0.0
0.0
0.0
0.0
0.0
0.0
0.0
0.0
0.0
0.0
0.0
0.0
0.0
0.0
0.0
0.0
0.0
0.0
0.0
0.0
0.0
0.0
0.0
0.0
0.0
0.0
0.0
0.0
0.0
0.0
0.0
0.0
0.0
0.0
0.0
0.0
0.0
0.0
0.0
0.0
0.0
0.0
0.0
0.0
0.0
0.0
0.0
0.0
0.0
0.0
0.0
0.0
0.0
0.0
0.0
0.0
0.0
0.0
0.0
0.0
0.0
0.0
0.0
0.0
0.0
0.0
0.0
0.0
0.0
0.0
0.0
0.0
0.0
0.0
0.0
0.0
0.0
0.0
0.0
0.0
0.0
0.0
0.0
0.0
0.0
0.0
0.0
0.0
0.0
0.0
0.0
0.0
0.0
0.0
0.0
0.0
0.0
0.0
0.0
0.0
0.0
0.0
0.0
0.0
0.0
0.0
0.0
0.0
0.0
0.0
0.0
0.0
0.0
0.0
0.0
0.0
0.0
0.0
0.0
0.0
0.0
0.0
0.0
0.0
0.0
0.0
0.0
0.0
0.0
0.0
0.0
0.0
0.0
0.0
0.0
0.0
0.0
0.0
0.0
0.0
0.0
0.0
0.0
0.0
0.0
0.0
0.0
0.0
0.0
0.0
0.0
0.0
0.0
0.0
0.0
0.0
0.0
0.0
0.0
0.0
0.0
0.0
0.0
0.0
0.0
0.0
0.0
0.0
0.0
0.0
0.0
0.0
0.0
0.0
0.0
0.0
0.0
0.0
0.0
0.0
0.0
0.0
0.0
0.0
0.0
0.0
0.0
0.0
0.0
0.0
0.0
0.0
0.0
0.0
0.0
0.0
0.0
0.0
0.0
0.0
0.0
0.0
0.0
0.0
0.0
0.0
0.0
0.0
0.0
0.0
0.0
0.0
0.0
0.0
0.0
0.0
0.0
0.0
0.0
0.0
0.0
0.0
0.0
0.0
0.0
0.0
0.0
0.0
0.0
0.0
0.0
0.0
0.0
0.0
0.0
0.0
0.0
0.0
0.0
0.0
0.0
0.0
0.0
0.0
0.0
0.0
0.0
0.0
0.0
0.0
0.0
0.0
0.0
0.0
0.0
0.0
0.0
0.0
0.0
0.0
0.0
0.0
0.0
0.0
0.0
0.0
0.0
0.0
0.0
0.0
0.0
0.0
0.0
0.0
0.0
0.0
0.0
0.0
0.0
0.0
0.0
0.0
0.0
0.0
0.0
0.0
0.0
0.0
0.0
0.0
0.0
0.0
0.0
0.0
0.0
0.0
0.0
0.0
0.0
0.0
0.0
0.0
0.0
0.0
0.0
0.0
0.0
0.0
0.0
0.0
0.0
0.0
0.0
0.0
0.0
0.0
0.0
0.0
0.0
0.0
0.0
0.0
0.0
0.0
0.0
0.0
0.0
0.0
0.0
0.0
0.0
0.0
0.0
0.0
0.0
0.0
0.0
0.0
0.0
0.0
0.0
0.0
0.0
0.0
0.0
0.0
0.0
0.0
0.0
0.0
0.0
0.0
0.0
0.0
0.0
0.0
0.0
0.0
0.0
0.0
0.0
0.0
0.0
0.0
0.0
0.0
0.0
0.0
0.0
0.0
0.0
0.0
0.0
0.0
0.0
0.0
0.0
0.0
0.0
0.0
0.0
0.0
0.0
0.0
0.0
0.0
0.0
0.0
0.0
0.0
0.0
0.0
0.0
0.0
0.0
0.0
0.0
0.0
0.0
0.0
0.0
0.0
0.0
0.0
0.0
0.0
0.0
0.0
0.0
0.0
0.0
0.0
0.0
0.0
0.0
0.0
0.0
0.0
0.0
0.0
0.0
0.0
0.0
0.0
0.0
0.0
0.0
0.0
0.0
0.0
0.0
0.0
0.0
0.0
0.0
0.0
0.0
0.0
0.0
0.0
0.0
0.0
0.0
0.0
0.0
0.0
0.0
0.0
0.0
0.0
0.0
0.0
0.0
0.0
0.0
0.0
0.0
0.0
0.0
0.0
0.0
0.0
0.0
0.0
0.0
0.0
0.0
0.0
0.0
0.0
0.0
0.0
0.0
0.0
0.0
0.0
0.0
0.0
0.0
0.0
0.0
0.0
0.0
0.0
0.0
0.0
0.0
0.0
0.0
0.0
0.0
0.0
0.0
0.0
0.0
0.0
0.0
0.0
0.0
0.0
0.0
0.0
0.0
0.0
0.0
0.0
0.0
0.0
0.0
0.0
0.0
0.0
0.0
0.0
0.0
0.0
0.0
0.0
0.0
0.0
0.0
0.0
0.0
0.0
0.0
0.0
0.0
0.0
0.0
0.0
0.0
0.0
0.0
0.0
0.0
0.0
0.0
0.0
0.0
0.0
0.0
0.0
0.0
0.0
0.0
0.0
0.0
0.0
0.0
0.0
0.0
0.0
0.0
0.0
0.0
0.0
0.0
0.0
0.0
0.0
0.0
0.0
0.0
0.0
0.0
0.0
0.0
0.0
0.0
0.0
0.0
0.0
0.0
0.0
0.0
0.0
0.0
0.0
0.0
0.0
0.0
0.0
0.0
0.0
0.0
0.0
0.0
0.0
0.0
0.0
0.0
0.0
0.0
0.0
0.0
0.0
0.0
0.0
0.0
0.0
0.0
0.0
0.0
0.0
0.0
0.0
0.0
0.0
0.0
0.0
0.0
0.0
0.0
0.0
0.0
0.0
0.0
0.0
0.0
0.0
0.0
0.0
0.0
0.0
0.0
0.0
0.0
0.0
0.0
0.0
0.0
0.0
0.0
0.0
0.0
0.0
0.0
0.0
0.0
0.0
0.0
0.0
0.0
0.0
0.0
0.0
0.0
0.0
0.0
0.0
0.0
0.0
0.0
0.0
0.0
0.0
0.0
0.0
0.0
0.0
0.0
0.0
0.0
0.0
0.0
0.0
0.0
0.0
0.0
0.0
0.0
0.0
0.0
0.0
0.0
0.0
0.0
0.0
0.0
0.0
0.0
0.0
0.0
0.0
0.0
0.0
0.0
0.0
0.0
0.0
0.0
0.0
0.0
0.0
0.0
0.0
0.0
0.0
0.0
0.0
0.0
0.0
0.0
0.0
0.0
0.0
0.0
0.0
0.0
0.0
0.0
0.0
0.0
0.0
0.0
0.0
0.0
0.0
0.0
0.0
0.0
0.0
0.0
0.0
0.0
0.0
0.0
0.0
0.0
0.0
0.0
0.0
0.0
0.0
0.0
0.0
0.0
0.0
0.0
0.0
0.0
0.0
0.0
0.0
0.0
0.0
0.0
0.0
0.0
0.0
0.0
0.0
0.0
0.0
0.0
0.0
0.0
0.0
0.0
0.0
0.0
0.0
0.0
0.0
0.0
0.0
0.0
0.0
0.0
0.0
0.0
0.0
0.0
0.0
0.0
0.0
0.0
0.0
0.0
0.0
0.0
0.0
0.0
0.0
0.0
0.0
0.0
0.0
0.0
0.0
0.0
0.0
0.0
0.0
0.0
0.0
0.0
0.0
0.0
0.0
0.0
0.0
0.0
0.0
0.0
0.0
0.0
0.0
0.0
0.0
0.0
0.0
0.0
0.0
0.0
0.0
0.0
0.0
0.0
0.0
0.0
0.0
0.0
0.0
0.0
0.0
0.0
0.0
0.0
0.0
0.0
0.0
0.0
0.0
0.0
0.0
0.0
0.0
0.0
0.0
0.0
0.0
0.0
0.0
0.0
0.0
0.0
0.0
0.0
0.0
0.0
0.0
0.0
0.0
0.0
0.0
0.0
0.0
0.0
0.0
0.0
0.0
0.0
0.0
0.0
0.0
0.0
0.0
0.0
0.0
0.0
0.0
0.0
0.0
0.0
0.0
0.0
0.0
0.0
0.0
0.0
0.0
0.0
0.0
0.0
0.0
0.0
0.0
0.0
0.0
0.0
0.0
0.0
0.0
0.0
0.0
