0.00011896807223982861
0.00011953158152885539
0.00012001904265922323
0.00012046424271884081
0.0001208808096142469
0.0001212763592837903
0.00012165561043859621
0.00012202170950025746
0.00012237688302765596
0.00012272277724768697
0.0001230606480770547
0.0001233914880629197
0.000123716104276449
0.0001240339501050607
0.00012434690178711694
0.00012465467204572864
0.00012495831574700313
0.00012525792580326517
0.00012555395103975206
0.0001258466943490349
0.00012613636576672163
0.00012642329538365682
0.00012670778284630698
0.00012699002491620167
0.00012727015671194417
0.00012754829127017032
0.000127824412697711
0.00012809831871803007
0.00012837057096566604
0.00012864124595933445
0.00012891042288101743
0.00012917786441835727
0.00012944381966196715
0.00012970850314445324
0.0001299719720810678
0.00013023420189937104
0.00013049515650602104
0.00013075496022785016
0.00013101374349684122
0.00013127157283089575
0.0001315284273281791
0.00013178400776669047
0.00013203862729320974
0.00013229243469853102
0.00013254548871885027
0.0001327978237721539
0.00013304948111307808
0.00013330042174987996
0.00013355059401168743
0.00013380007699103185
0.00013404898725034024
0.00013429734639799006
0.0001345451708620553
0.00013479247857692153
0.00013503927745044168
0.00013528550726541608
0.00013553101804751445
0.00013577604162933767
0.000136020644974447
0.00013626487327132795
0.0001365087226369095
0.0001367521974360987
0.00013699531059858667
0.00013723803489519709
0.00013748037096399457
0.00013772231105265537
0.00013796386916045106
0.00013820514393381294
0.00013844615783954894
0.0001386869301335896
0.0001389274707498241
0.00013916778544150835
0.00013940774806136917
0.0001396474798503303
0.00013988702551088556
0.00014012633954381417
0.00014036540943513718
0.00014060429931010278
0.0001408430368288877
0.00014108162112778222
0.00014132007864274174
0.000141558426034283
0.00014179664963734942
0.0001420347364508759
0.00014227266536800406
0.00014251042675991377
0.0001427480623295921
0.0001429855552922897
0.00014322298151350145
0.00014346019167498468
0.00014369737651855703
0.00014393449325780422
0.00014417158055050888
0.00014440863151480776
0.00014464564478871742
0.00014488264372959555
0.00014511960828266776
0.00014535650825278637
0.00014559336671710567
0.00014583021705547104
0.00014606706890071553
0.0001463039318998807
0.00014654079627288274
0.00014677768672364646
0.00014701453231398597
0.00014725136755874466
0.00014748821450796717
0.0001477250283978819
0.0001479618949419026
0.00014819880752207925
0.00014843575349324497
0.00014867272088375772
0.00014890972410906578
0.0001491467838426514
0.00014938391440104122
0.0001496211268029475
0.00014985842543216194
0.00015009580995162795
0.00015033327474777713
0.00015057080247107228
0.00015080838009548218
0.0001510460217403115
0.00015128376333372215
0.00015152161687118377
0.00015175958459318564
0.00015199755093254737
0.00015223558150298947
0.00015247373266422804
0.00015271200876408272
0.0001529504080106103
0.00015318892756962225
0.00015342756746395257
0.00015366635719498748
0.00015390529981987243
0.00015414438743547584
0.00015438361165564442
0.00015462295576087697
0.0001548624241335564
0.000155102035794669
0.0001553417868495682
0.0001555816858750617
0.00015582174767527464
0.0001560619989200917
0.00015630239199657085
0.0001565428870886168
0.0001567835109848511
0.00015702430865228702
0.00015726520000918255
0.00015750623893998398
0.00015774745929725268
0.00015798888355191416
0.00015823049850225053
0.00015847231686074166
0.0001587143115486663
0.0001589564872654041
0.0001591988674016171
0.00015944143427643924
0.00015968420948725773
0.00015992721390082555
0.00016017039897672777
0.00016041377690652903
0.0001606573769570767
0.00016090117875089725
0.00016114520956906354
0.00016138941004004232
0.0001616338349024741
0.00016187841339408685
0.00016212321457902305
0.00016236822928360832
0.00016261341449041796
0.00016285879760504282
0.0001631043515575385
0.0001633501355775319
0.00016359613286244095
0.00016384240776324562
0.00016408889198826998
0.00016433561488972864
0.00016458258274700848
0.00016482979037389704
0.00016507724814175196
0.00016532494436659922
0.0001655728888975096
0.00016582107996859503
0.0001660695088432455
0.0001663182166583232
0.00016656714698934374
0.00016681635537596148
0.00016706579616090076
0.000167315506116002
0.00016756547008624594
0.0001678156761603284
0.00016806611943473923
0.00016831684210617278
0.00016856778972258125
0.0001688190275721703
0.00016907045793363562
0.0001693221755465328
0.00016957411118093444
0.00016982625308041788
0.0001700787231609685
0.00017033145596986445
0.00017058445034179244
0.0001708377390876343
0.0001710912880830249
0.0001713451173833019
0.00017159925672562522
0.0001718536710076495
0.00017210835832411043
0.00017236334895483863
0.00017261861954557332
0.00017287415382687745
0.000173129986399462
0.0001733861531496456
0.0001736425804683102
0.00017389930468373466
0.0001741563435112042
0.0001744136008141795
0.00017467117447921699
0.0001749290582072357
0.00017518721264593543
0.0001754456857183693
0.00017570447408184062
0.0001759635497535579
0.0001762229542657487
0.00017648263321066055
0.00017674254410141103
0.0001770027970747039
0.00017726336856767352
0.00017752417038591125
0.00017778524596258162
0.0001780466927353119
0.0001783084807020807
0.00017857052879870761
0.0001788328728212934
0.00017909556260280288
0.00017935861624208136
0.0001796219634959576
0.00017988560064381454
0.0001801495502405825
0.00018041384484649556
0.00018067851744661714
0.00018094345805105353
0.0001812087062914214
0.0001814742690413311
0.00018174016603058
0.00018200641793704006
0.00018227296878925203
0.00018253983794319983
0.00018280704956159352
0.0001830745768728779
0.00018334245998263637
0.00018361068774234673
0.00018387922178658486
0.00018414809989319587
0.00018441731417198512
0.0001846868474687604
0.00018495669999944232
0.00018522687949097658
0.00018549740444667915
0.0001857683155283599
0.0001860395745567961
0.00018631109247196011
0.00018658288730950563
0.00018685503476138196
0.0001871276089381555
0.0001874005516621134
0.0001876737914220351
0.00018794733722637952
0.00018822122401275154
0.00018849547665490064
0.0001887700936087037
0.00018904508113042257
0.0001893204524909535
0.00018959613246556715
0.00018987212474641939
0.00019014847427268
0.00019042518349556944
0.00019070223261548311
0.00019097963296157012
0.00019125742386025908
0.00019153556035859156
0.00019181404095334738
0.00019209292574536452
0.0001923721632131195
0.00019265173391327337
0.00019293165409650192
0.0001932119397904873
0.00019349262129379836
0.00019377364607777906
0.00019405499139827148
0.00019433670602992268
0.00019461879197902183
0.00019490123700295552
0.00019518405253837525
0.00019546724231907787
0.00019575080187359271
0.00019603470708433183
0.0001963189727783354
0.00019660362340529294
0.00019688865855340125
0.00019717406541490596
0.0001974598132650807
0.00019774590317940134
0.00019803234886789516
0.00019831915693720124
0.00019860633106819054
0.00019889387312834397
0.00019918178475321872
0.00019947007301444436
0.00019975876807923202
0.00020004784448630848
0.00020033729468836022
0.0002006271261256983
0.00020091731374284776
0.00020120786593209457
0.0002014987886012409
0.00020179008430262391
0.00020208175811079097
0.0002023738223538677
0.00020266630428003894
0.0002029591645174926
0.00020325238772271885
0.0002035459917475164
0.0002038399886267169
0.0002041343656473236
0.00020442911342030852
0.0002047242319050292
0.00020501971613549836
0.00020531557124912146
0.0002056118085311666
0.00020590843198500466
0.0002062054500510462
0.0002065028666363581
0.00020680067005811185
0.00020709884789365523
0.0002073974050210844
0.0002076963444771047
0.0002079956677472777
0.00020829537363385616
0.0002085954553624003
0.00020889591151797109
0.00020919674834622023
0.0002094979659551373
0.00020979956869134666
0.00021010157966380722
0.0002104039684760618
0.00021070673793148123
0.00021100988266693324
0.0002113134182863598
0.00021161735396539136
0.00021192167608823575
0.00021222639344058492
0.0002125315141396294
0.00021283702267264928
0.00021314291356281005
0.00021344918987257718
0.0002137558538114175
0.00021406290638783168
0.00021437034824037729
0.00021467818026212312
0.00021498640209018454
0.00021529501367842504
0.0002156040151099133
0.0002159134062257827
0.00021622318668220914
0.0002165333561188893
0.000216843913927883
0.0002171548586350066
0.00021746618714381947
0.00021777788591515723
0.0002180899872938708
0.00021840250140134723
0.00021871539322862042
0.0002190286700686146
0.0002193423370723686
0.00021965640428635685
0.0002199708703745281
0.00022028572736708474
0.0002206009730181347
0.00022091660655021612
0.00022123262682768603
0.0002215490317916723
0.00022186581653234984
0.0002221829744050367
0.00022250050768620044
0.00022281842712882605
0.0002231368210198327
0.00022345559824807563
0.00022377475336059167
0.0002240942915918915
0.0002244142164296617
0.0002247345269816708
0.0002250552221268012
0.00022537628954389361
0.0002256977305880311
0.0002260195493869748
0.00022634173340670672
0.0002266642598946244
0.00022698717557302037
0.0002273104973655017
0.00022763419893184097
0.0002279583008525677
0.00022828281789946618
0.0002286077495676324
0.000228933078017183
0.0002292587875892516
0.0002295848723487267
0.00022991132492539645
0.00023023811863633116
0.00023056534537735452
0.0002308929778390839
0.00023122098221803084
0.0002315493480103919
0.00023187806228391927
0.00023220718714801506
0.00023253671413491186
0.00023286660315689712
0.0002331968359748822
0.00023352742136376653
0.00023385842175671165
0.00023418984646445497
0.00023452164479887034
0.00023485380393692756
0.00023518632867346252
0.0002355192006134984
0.00023585244798231793
0.00023618609538650882
0.0002365201030472166
0.00023685452865866117
0.00023718933452075288
0.00023752448983694688
0.0002378599864198875
0.00023819584309783703
0.0002385320869763658
0.00023886866101592322
0.00023920556367673955
0.0002395428937167036
0.00023988063732545566
0.00024021873867431203
0.0002405572263368185
0.00024089606882852528
0.00024123524351255172
0.00024157472581078993
0.00024191448258905094
0.00024225471255425132
0.00024259537953182528
0.0002429364105339101
0.00024327777551573209
0.00024361947112717656
0.0002439614741843471
0.00024430374892241
0.00024464635767753706
0.00024498937308778737
0.000245332771169396
0.0002456766034072354
0.00024602079437019425
0.00024636530992607733
0.00024671012571714907
0.00024705522769636517
0.0002474007240001063
0.00024774651179178264
0.0002480925912660979
0.0002484390579842284
0.00024878593677521253
0.00024913315086851626
0.00024948068630380936
0.00024982860090434734
0.00025017682885414625
0.00025052534098273036
0.0002508741718495208
0.0002512233146546326
0.00025157269524636296
0.0002519225091176227
0.0002522727478772153
0.000252623302449446
0.0002529741325749795
0.00025332524753886564
0.0002536766725137735
0.00025402839600063045
0.00025438045245300726
0.0002547328475521443
0.0002550855585088323
0.0002554385701515502
0.0002557918726559454
0.00025614548413094307
0.00025649945061713604
0.00025685373744030227
0.0002572082779040337
0.00025756310554595613
0.00025791816344199235
0.00025827347908197336
0.00025862923597555466
0.00025898536117281137
0.0002593417250236742
0.00025969830667277755
0.00026005513265464435
0.00026041222261200295
0.00026076960488685523
0.0002611273974345011
0.00026148547607240567
0.0002618438130052076
0.0002622023362182481
0.00026256104419330133
0.0002629201036284884
0.00026327956758638284
0.00026363926372724314
0.0002639991808652539
0.00026435931535844154
0.0002647196064219825
0.00026508024565411896
0.00026544127192772415
0.00026580256598291314
0.0002661640396261389
0.00026652566408574894
0.0002668874763039297
0.0002672495755358619
0.00026761204892253543
0.0002679748230540811
0.0002683377683592271
0.00026870078337630054
0.000269064129649278
0.0002694276119566121
0.00026979138946589635
0.00027015547884178334
0.0002705197360913863
0.0002708841766409668
0.00027124884676881026
0.00027161361120127533
0.0002719786026920741
0.0002723438934966697
0.00027270937555914595
0.00027307515901124326
0.0002734410369593968
0.0002738070488371435
0.0002741732399765386
0.0002745395622120945
0.000274906297456542
0.0002752732133531739
0.00027564021425360104
0.0002760073253350441
0.00027637449561704363
0.00027674197033961855
0.00027710971818716007
0.0002774775982931361
0.0002778455636907312
0.0002782136159597003
0.00027858189957816773
0.000278950341983868
0.0002793189571017594
0.0002796876993340601
0.00028005647887392385
0.0002804255119062143
0.00028079466888500664
0.000281163902611427
0.00028153325382337485
0.00028190265501803704
0.0002822723265679528
0.00028264215659223223
0.0002830120022253703
0.0002833818652794484
0.0002837517403581295
0.000284121901736073
0.00028449226935765517
0.0002848626218840223
0.0002852329569294219
0.00028560327312042455
0.0002859738048534437
0.0002863445602835641
0.000286715327292641
0.00028708603609204085
0.0002874566888327905
0.0002878275164641652
0.00028819854204710315
0.00028856956959688184
0.0002889405081061376
0.00028931139235866904
0.0002896824531802883
0.00029005364560750075
0.0002904247965805397
0.0002907958627404851
0.0002911668603196075
0.00029153801171595935
0.00029190927862605655
0.00029228043532129194
0.00029265148105980375
0.0002930224797691587
0.0002933935796792099
0.0002937647830750756
0.0002941358070082366
0.00029450668943058347
0.0002948776206365483
0.0002952485325440398
0.0002956195210423565
0.00029599032911209976
0.0002963609710387114
0.0002967315960858758
0.0002971021939040828
0.0002974728066786233
0.0002978432363036569
0.0002982135919061365
0.00029858372224049375
0.0002989538631466938
0.00029932398349063013
0.0002996939360820094
0.0003000637814422531
0.00030043334063105826
0.00030080279576825725
0.00030117219077390676
0.0003015416203547048
0.0003019107517367091
0.00030227958923208725
0.00030264824134180584
0.00030301688717411225
0.000303385458103403
0.0003037536543699311
0.00030412161964998337
0.0003044892928129629
0.0003048570839931461
0.0003052246259316594
0.00030559178646850563
0.00030595861143802613
0.00030632529484262723
0.0003066919044643435
0.00030705818370898463
0.00030742412739298683
0.0003077897033269336
0.0003081551685132961
0.00030852041214763206
0.0003088852755008612
0.00030924972751369636
0.000309614025227187
0.00030997797460548254
0.0003103415699508936
0.00031070473074578173
0.00031106784898733854
0.00031143047230315505
0.0003117926811456694
0.00031215448429598426
0.00031251600813284063
0.0003128772062714862
0.0003132379114425487
0.00031359814734920445
0.00031395800789338785
0.0003143176991871983
0.00031467684133633123
0.00031503537881304964
0.00031539341035978567
0.0003157513226613773
0.0003161087526123256
0.0003164655548868258
0.00031682165295285954
0.00031717752368187513
0.0003175330257642173
0.0003178878954828339
0.0003182419348522215
0.00031859567866317435
0.00031894903906203693
0.00031930179129103565
0.00031965377421873034
0.00032000519441613277
0.00032035616221994716
0.00032070660901803113
0.0003210563106636911
0.00032140530219081906
0.00032175378020065943
0.00032210168828039084
0.00032244884906790564
0.0003227952265716584
0.0003231410448173185
0.00032348627335002686
0.0003238307303796862
0.0003241743485993104
0.0003245172970210416
0.000324859642169348
0.00032520117047314375
0.0003255418138703245
0.00032588173256436234
0.0003262209628724367
0.0003265593767717069
0.00032689684632309914
0.0003272335151459094
0.0003275694224492994
0.00032790451342525474
0.00032823860965090215
0.0003285718227448037
0.00032890416382592676
0.0003292356477984401
0.00032956613027365617
0.0003298956748840309
0.0003302242446038565
0.0003305519188163779
0.0003308785941018573
0.00033120424903748896
0.00033152880370087624
0.0003318524088125419
0.0003321750141535307
0.00033249654061449235
0.0003328168822177694
0.00033313618257470047
0.00033345443799197896
0.00033377159290850903
0.000334087486186563
0.00033440220426995027
0.00033471582085915926
0.0003350283127743215
0.0003353394772652974
0.0003356493509346508
0.00033595806368127577
0.0003362656172813915
0.000336571774749188
0.000336876529034087
0.0003371800610113525
0.0003374823908461136
0.0003377832838206377
0.00033808263812531395
0.00033838067243187586
0.00033867745347169743
0.0003389727407047682
0.00033926639977752544
0.00033955864965070037
0.0003398495631531771
0.00034013889905939933
0.00034042656315711497
0.0003407127132427722
0.0003409973972316307
0.0003412804364739217
0.00034156176903370867
0.00034184149265230275
0.0003421196205458964
0.0003423960105095741
0.00034267066509079645
0.0003429436479155136
0.0003432148716533617
0.0003434842322534629
0.0003437518075139924
0.0003440176457938162
0.00034428158902399244
0.0003445435541824858
0.0003448036725614981
0.00034506198386814166
0.0003453182575847412
0.0003455724268482666
0.0003458246867292202
0.0003460750887240378
0.0003463232894608601
0.0003465692832271399
0.00034681326880510975
0.00034705527508031413
0.00034729496454353207
0.0003475323470833933
0.000347767621453889
0.00034800078530824384
0.0003482315179188988
0.00034845983933728844
0.0003486859354732453
0.0003489097719098382
0.0003491310568757688
0.0003493498342433399
0.0003495662937049842
0.00034978032900158845
0.00034999170694284277
0.0003502004757827488
0.00035040681358600124
0.0003506105323685736
0.0003508114714852348
0.0003510096776944312
0.00035120530780111716
0.0003513981605619496
0.0003515880999168969
0.0003517751926465292
0.0003519595740622043
0.0003521409851941285
0.0003523193626954245
0.00035249480630954747
0.0003526673151004302
0.00035283670316574046
0.00035300293084691343
0.0003531660845395393
0.0003533261039284165
0.0003534828516034536
0.000353636308218268
0.0003537865136858773
0.00035393339481693063
0.0003540768410732038
0.0003542168660552036
0.00035435345346749355
0.0003544865127124021
0.00035461595314738553
0.00035474182149013286
0.0003548640588385815
0.00035498257142646224
0.00035509729002942194
0.0003552082487705002
0.0003553154175817638
0.00035541865456838054
0.00035551792403173927
0.0003556132182940349
0.00035570450120336357
0.00035579165227326507
0.00035587467593375455
0.0003559534884043489
0.00035602806546171763
0.00035609830650723393
0.0003561641875213904
0.00035622564898640915
0.00035628264465725144
0.0003563350942655668
0.0003563829399922771
0.0003564261463704084
0.000356464639495829
0.00035649836458459235
0.0003565272346620763
0.00035655120398385507
0.00035657021168457304
0.00035658419108204457
0.0003565930727415078
0.00035659679834245154
0.000356595296023845
0.00035658849874202757
0.0003565763427511938
0.0003565587458030936
0.0003565356287174764
0.00035650695256907037
0.00035647262730007244
0.0003564325528553464
0.00035638666439976
0.0003563349462524616
0.0003562772800512675
0.00035621349734445465
0.00035614362577352594
0.00035606760709368354
0.0003559852844600767
0.0003558965180589956
0.0003558013670654943
0.00035569970555340906
0.00035559134626852773
0.0003554762227832405
0.0003553543874990264
0.0003552257196788524
0.00035508985771854837
0.0003549469220666677
0.00035479692494030495
0.0003546396788712773
0.00035447489288953626
0.00035430268751791643
0.0003541229913520294
0.00035393546110518723
0.000353740080138261
0.00035353686787570815
0.0003533256884329301
0.0003531062387864734
0.0003528785252044163
0.00035264253918934
0.00035239805247018415
0.00035214484993830765
0.00035188296375929484
0.00035161228458740904
0.000351332508793626
0.00035104358145806024
0.0003507454701716056
0.00035043795863555857
0.00035012090598025413
0.000349794178121075
0.00034945773016781305
0.000349111099511323
0.00034875450360368463
0.00034838772715519367
0.0003480103963144277
0.000347622422164875
0.0003472238973711823
0.0003468146118548993
0.0003463938019553459
0.00034596199448141225
0.00034551895493628126
0.00034506428129778917
0.00034459752653259154
0.0003441191557458314
0.00034362891991553726
0.00034312580000332634
0.0003426101709152657
0.0003420822727425816
0.00034154146124915476
0.00034098689191436115
0.00034041934086556826
0.00033983862514564594
0.0003392436526423089
0.00033863439364764176
0.00033801138490007106
0.0003373743042043963
0.00033672159217406993
0.0003360539804066092
0.0003353717525008937
0.0003346739331389275
0.0003339597900681078
0.00033323004072561944
0.00033248459590985496
0.00033172147201427
0.00033094136043633325
0.00033014478204232417
0.00032933088885090495
0.00032849830009696484
0.00032764766073078
0.0003267794131781517
0.0003258916589072468
0.00032498442253496134
0.0003240581605928396
0.0003231122717605328
0.000322145296210238
0.00032115761204236896
0.00032014974150666877
0.00031911968529194025
0.0003180673820756859
0.00031699296945847296
0.0003158963085662621
0.00031477564179497024
0.0003136308514700084
0.00031246262966541064
0.000311268897732829
0.00031004969784709073
0.00030880472925411194
0.0003075337514514815
0.0003062350485003341
0.0003049086203628737
0.0003035545808294761
0.00030217094203928413
0.00030075760669815566
0.0002993139807428725
0.00029783974769539084
0.0002963329431962772
0.0002947935928086313
0.00029322142585651393
0.0002916143058612644
0.00028997179027312237
0.00028829341979404914
0.00028657823956746955
0.00028482455205259985
0.0002830317809419959
0.00028119957579544435
0.00027932557017699245
0.00027740838396688724
0.0002754476676211693
0.0002734419321215271
0.0002713894215246146
0.00026928888105556034
0.00026713967081605554
0.00026493850818001775
0.0002626844308847415
0.00026037589211215604
0.0002580109652713374
0.0002555879013875548
0.00025310346695192235
0.0002505564821925942
0.0002479434334767016
0.000245263093526941
0.00024251202218291952
0.00023968684984237916
0.0002367856166738491
0.00023380338018541382
0.0002307372230157153
0.00022758276902878663
0.00022433767093122382
0.00022099528378689866
0.00021754882440992365
0.00021399703860745385
0.00021033148966722383
0.00020654462596797664
0.00020262948263647244
0.000198580705380014
0.0001943858604728547
0.00019003014673745646
0.0001855112425264584
0.00018081160030952812
0.00017591285908813762
0.00017079810301077333
0.00016545243878635725
0.00015984722224326737
0.0001539450786444337
0.00014772333804521549
0.00014113264461351508
0.000134111037093516
0.00012658844327450056
0.00011847890913839538
0.00010964248737009287
9.98694070774172e-5
8.887338798224471e-5
7.611928175308447e-5
6.047808490342694e-5
3.8588590372449756e-5
0.0
0.0
0.0
0.0
0.0
0.0
0.0
0.0
0.0
0.0
0.0
0.0
0.0
0.0
0.0
0.0
0.0
0.0
0.0
0.0
0.0
0.0
0.0
0.0
0.0
0.0
0.0
0.0
0.0
0.0
0.0
0.0
0.0
0.0
0.0
0.0
0.0
0.0
0.0
0.0
0.0
0.0
0.0
0.0
0.0
0.0
0.0
0.0
0.0
0.0
0.0
0.0
0.0
0.0
0.0
0.0
0.0
0.0
0.0
0.0
0.0
0.0
0.0
0.0
0.0
0.0
0.0
0.0
0.0
0.0
0.0
0.0
0.0
0.0
0.0
0.0
0.0
0.0
0.0
0.0
0.0
0.0
0.0
0.0
0.0
0.0
0.0
0.0
0.0
0.0
0.0
0.0
0.0
0.0
0.0
0.0
0.0
0.0
0.0
0.0
0.0
0.0
0.0
0.0
0.0
0.0
0.0
0.0
0.0
0.0
0.0
0.0
0.0
0.0
0.0
0.0
0.0
0.0
0.0
0.0
0.0
0.0
0.0
0.0
0.0
0.0
0.0
0.0
0.0
0.0
0.0
0.0
0.0
0.0
0.0
0.0
0.0
0.0
0.0
0.0
0.0
0.0
0.0
0.0
0.0
0.0
0.0
0.0
0.0
0.0
0.0
0.0
0.0
0.0
0.0
0.0
0.0
0.0
0.0
0.0
0.0
0.0
0.0
0.0
0.0
0.0
0.0
0.0
0.0
0.0
0.0
0.0
0.0
0.0
0.0
0.0
0.0
0.0
0.0
0.0
0.0
0.0
0.0
0.0
0.0
0.0
0.0
0.0
0.0
0.0
0.0
0.0
0.0
0.0
0.0
0.0
0.0
0.0
0.0
0.0
0.0
0.0
0.0
0.0
0.0
0.0
0.0
0.0
0.0
0.0
0.0
0.0
0.0
0.0
0.0
0.0
0.0
0.0
0.0
0.0
0.0
0.0
0.0
0.0
0.0
0.0
0.0
0.0
0.0
0.0
0.0
0.0
0.0
0.0
0.0
0.0
0.0
0.0
0.0
0.0
0.0
0.0
0.0
0.0
0.0
0.0
0.0
0.0
0.0
0.0
0.0
0.0
0.0
0.0
0.0
0.0
0.0
0.0
0.0
0.0
0.0
0.0
0.0
0.0
0.0
0.0
0.0
0.0
0.0
0.0
0.0
0.0
0.0
0.0
0.0
0.0
0.0
0.0
0.0
0.0
0.0
0.0
0.0
0.0
0.0
0.0
0.0
0.0
0.0
0.0
0.0
0.0
0.0
0.0
0.0
0.0
0.0
0.0
0.0
0.0
0.0
0.0
0.0
0.0
0.0
0.0
0.0
0.0
0.0
0.0
0.0
0.0
0.0
0.0
0.0
0.0
0.0
0.0
0.0
0.0
0.0
0.0
0.0
0.0
0.0
0.0
0.0
0.0
0.0
0.0
0.0
0.0
0.0
0.0
0.0
0.0
0.0
0.0
0.0
0.0
0.0
0.0
0.0
0.0
0.0
0.0
0.0
0.0
0.0
0.0
0.0
0.0
0.0
0.0
0.0
0.0
0.0
0.0
0.0
0.0
0.0
0.0
0.0
0.0
0.0
0.0
0.0
0.0
0.0
0.0
0.0
0.0
0.0
0.0
0.0
0.0
0.0
0.0
0.0
0.0
0.0
0.0
0.0
0.0
0.0
0.0
0.0
0.0
0.0
0.0
0.0
0.0
0.0
0.0
0.0
0.0
0.0
0.0
0.0
0.0
0.0
0.0
0.0
0.0
0.0
0.0
0.0
0.0
0.0
0.0
0.0
0.0
0.0
0.0
0.0
0.0
0.0
0.0
0.0
0.0
0.0
0.0
0.0
0.0
0.0
0.0
0.0
0.0
0.0
0.0
0.0
0.0
0.0
0.0
0.0
0.0
0.0
0.0
0.0
0.0
0.0
0.0
0.0
0.0
0.0
0.0
0.0
0.0
0.0
0.0
0.0
0.0
0.0
0.0
0.0
0.0
0.0
0.0
0.0
0.0
0.0
0.0
0.0
0.0
0.0
0.0
0.0
0.0
0.0
0.0
0.0
0.0
0.0
0.0
0.0
0.0
0.0
0.0
0.0
0.0
0.0
0.0
0.0
0.0
0.0
0.0
0.0
0.0
0.0
0.0
0.0
0.0
0.0
0.0
0.0
0.0
0.0
0.0
0.0
0.0
0.0
0.0
0.0
0.0
0.0
0.0
0.0
0.0
0.0
0.0
0.0
0.0
0.0
0.0
0.0
0.0
0.0
0.0
0.0
0.0
0.0
0.0
0.0
0.0
0.0
0.0
0.0
0.0
0.0
0.0
0.0
0.0
0.0
0.0
0.0
0.0
0.0
0.0
0.0
0.0
0.0
0.0
0.0
0.0
0.0
0.0
0.0
0.0
0.0
0.0
0.0
0.0
0.0
0.0
0.0
0.0
0.0
0.0
0.0
0.0
0.0
0.0
0.0
0.0
0.0
0.0
0.0
0.0
0.0
0.0
0.0
0.0
0.0
0.0
0.0
0.0
0.0
0.0
0.0
0.0
0.0
0.0
0.0
0.0
0.0
0.0
0.0
0.0
0.0
0.0
0.0
0.0
0.0
0.0
0.0
0.0
0.0
0.0
0.0
0.0
0.0
0.0
0.0
0.0
0.0
0.0
0.0
0.0
0.0
0.0
0.0
0.0
0.0
0.0
0.0
0.0
0.0
0.0
0.0
0.0
0.0
0.0
0.0
0.0
0.0
0.0
0.0
0.0
0.0
0.0
0.0
0.0
0.0
0.0
0.0
0.0
0.0
0.0
0.0
0.0
0.0
0.0
0.0
0.0
0.0
0.0
0.0
0.0
0.0
0.0
0.0
0.0
0.0
0.0
0.0
0.0
0.0
0.0
0.0
0.0
0.0
0.0
0.0
0.0
0.0
0.0
0.0
0.0
0.0
0.0
0.0
0.0
0.0
0.0
0.0
0.0
0.0
0.0
0.0
0.0
0.0
0.0
0.0
0.0
0.0
0.0
0.0
0.0
0.0
0.0
0.0
0.0
0.0
0.0
0.0
0.0
0.0
0.0
0.0
0.0
0.0
0.0
0.0
0.0
0.0
0.0
0.0
0.0
0.0
0.0
0.0
0.0
0.0
0.0
0.0
0.0
0.0
0.0
0.0
0.0
0.0
0.0
0.0
0.0
0.0
0.0
0.0
0.0
0.0
0.0
0.0
0.0
0.0
0.0
0.0
0.0
0.0
0.0
0.0
0.0
0.0
0.0
0.0
0.0
0.0
0.0
0.0
0.0
0.0
0.0
0.0
0.0
0.0
0.0
0.0
0.0
0.0
0.0
0.0
0.0
0.0
0.0
0.0
0.0
0.0
0.0
0.0
0.0
0.0
0.0
0.0
0.0
0.0
0.0
0.0
0.0
0.0
0.0
0.0
0.0
0.0
0.0
0.0
0.0
0.0
0.0
0.0
0.0
0.0
0.0
0.0
0.0
0.0
0.0
0.0
0.0
0.0
0.0
0.0
0.0
0.0
0.0
0.0
0.0
0.0
0.0
0.0
0.0
0.0
0.0
0.0
0.0
0.0
0.0
0.0
0.0
0.0
0.0
0.0
0.0
0.0
0.0
0.0
0.0
0.0
0.0
0.0
0.0
0.0
0.0
0.0
0.0
0.0
0.0
0.0
0.0
0.0
0.0
0.0
0.0
0.0
0.0
0.0
0.0
0.0
0.0
0.0
0.0
0.0
0.0
0.0
0.0
0.0
0.0
0.0
0.0
0.0
0.0
0.0
0.0
0.0
0.0
0.0
0.0
0.0
0.0
0.0
0.0
0.0
0.0
0.0
0.0
0.0
0.0
0.0
0.0
0.0
0.0
0.0
0.0
0.0
0.0
0.0
0.0
0.0
0.0
0.0
0.0
0.0
0.0
0.0
0.0
0.0
0.0
0.0
0.0
0.0
0.0
0.0
0.0
0.0
0.0
0.0
0.0
0.0
0.0
0.0
0.0
0.0
0.0
0.0
0.0
0.0
0.0
0.0
0.0
0.0
0.0
0.0
0.0
0.0
0.0
0.0
0.0
0.0
0.0
0.0
0.0
0.0
0.0
0.0
0.0
0.0
0.0
0.0
0.0
0.0
0.0
0.0
0.0
0.0
0.0
0.0
0.0
0.0
0.0
0.0
0.0
0.0
0.0
0.0
0.0
0.0
0.0
0.0
0.0
0.0
0.0
0.0
0.0
0.0
0.0
0.0
0.0
0.0
0.0
0.0
0.0
0.0
0.0
0.0
0.0
0.0
0.0
0.0
0.0
0.0
0.0
0.0
0.0
0.0
0.0
0.0
0.0
0.0
0.0
0.0
0.0
0.0
0.0
0.0
0.0
0.0
0.0
0.0
0.0
0.0
0.0
0.0
0.0
0.0
0.0
0.0
0.0
0.0
0.0
0.0
0.0
0.0
0.0
0.0
0.0
0.0
0.0
0.0
0.0
0.0
0.0
0.0
0.0
0.0
0.0
0.0
0.0
0.0
0.0
0.0
0.0
0.0
0.0
0.0
0.0
0.0
0.0
0.0
0.0
0.0
0.0
0.0
0.0
0.0
0.0
0.0
0.0
0.0
0.0
0.0
0.0
0.0
0.0
0.0
0.0
0.0
0.0
0.0
0.0
0.0
0.0
0.0
0.0
0.0
0.0
0.0
0.0
0.0
0.0
0.0
0.0
0.0
0.0
0.0
0.0
0.0
0.0
0.0
0.0
0.0
0.0
0.0
0.0
0.0
0.0
0.0
0.0
0.0
0.0
0.0
0.0
0.0
0.0
0.0
0.0
0.0
0.0
0.0
0.0
0.0
0.0
0.0
0.0
0.0
0.0
0.0
0.0
0.0
0.0
0.0
0.0
0.0
0.0
0.0
0.0
0.0
0.0
0.0
0.0
0.0
0.0
0.0
0.0
0.0
0.0
0.0
0.0
0.0
0.0
0.0
0.0
0.0
0.0
0.0
0.0
0.0
0.0
0.0
0.0
0.0
0.0
0.0
0.0
0.0
0.0
0.0
0.0
0.0
0.0
0.0
0.0
0.0
0.0
0.0
0.0
0.0
0.0
0.0
0.0
0.0
0.0
0.0
0.0
0.0
0.0
0.0
0.0
0.0
0.0
0.0
0.0
0.0
0.0
0.0
0.0
0.0
0.0
0.0
0.0
0.0
0.0
0.0
0.0
0.0
0.0
0.0
0.0
0.0
0.0
0.0
0.0
0.0
0.0
0.0
0.0
0.0
0.0
0.0
0.0
0.0
0.0
0.0
0.0
0.0
0.0
0.0
0.0
0.0
0.0
0.0
0.0
0.0
0.0
0.0
0.0
0.0
0.0
0.0
0.0
0.0
0.0
0.0
0.0
0.0
0.0
0.0
0.0
0.0
0.0
0.0
0.0
0.0
0.0
0.0
0.0
0.0
0.0
0.0
0.0
0.0
0.0
0.0
0.0
0.0
0.0
0.0
0.0
0.0
0.0
0.0
0.0
0.0
0.0
0.0
0.0
0.0
0.0
0.0
0.0
0.0
0.0
0.0
0.0
0.0
0.0
0.0
0.0
0.0
0.0
0.0
0.0
0.0
0.0
0.0
0.0
0.0
0.0
0.0
0.0
0.0
0.0
0.0
0.0
0.0
0.0
0.0
0.0
0.0
0.0
0.0
0.0
0.0
0.0
0.0
0.0
0.0
0.0
0.0
0.0
0.0
0.0
0.0
0.0
0.0
0.0
0.0
0.0
0.0
0.0
0.0
0.0
0.0
0.0
0.0
0.0
0.0
0.0
0.0
0.0
0.0
0.0
0.0
0.0
0.0
0.0
0.0
0.0
0.0
0.0
0.0
0.0
0.0
0.0
0.0
0.0
0.0
0.0
0.0
0.0
0.0
0.0
0.0
0.0
0.0
0.0
0.0
0.0
0.0
0.0
0.0
0.0
0.0
0.0
0.0
0.0
0.0
0.0
0.0
0.0
0.0
0.0
0.0
0.0
0.0
0.0
0.0
0.0
0.0
0.0
0.0
0.0
0.0
0.0
0.0
0.0
0.0
0.0
0.0
0.0
0.0
0.0
0.0
0.0
0.0
0.0
0.0
0.0
0.0
0.0
0.0
0.0
0.0
0.0
0.0
0.0
0.0
0.0
0.0
0.0
0.0
0.0
0.0
0.0
0.0
0.0
0.0
0.0
0.0
0.0
0.0
0.0
0.0
0.0
0.0
0.0
0.0
0.0
0.0
0.0
0.0
0.0
0.0
0.0
0.0
0.0
0.0
0.0
0.0
0.0
0.0
0.0
0.0
0.0
0.0
0.0
0.0
0.0
0.0
0.0
0.0
0.0
0.0
0.0
0.0
0.0
0.0
0.0
0.0
0.0
0.0
0.0
0.0
0.0
0.0
0.0
0.0
0.0
0.0
0.0
0.0
0.0
0.0
0.0
0.0
0.0
0.0
0.0
0.0
0.0
0.0
0.0
0.0
0.0
0.0
0.0
0.0
0.0
0.0
0.0
0.0
0.0
0.0
0.0
0.0
0.0
0.0
0.0
0.0
0.0
0.0
0.0
0.0
0.0
0.0
0.0
0.0
0.0
0.0
0.0
0.0
0.0
0.0
0.0
0.0
0.0
0.0
0.0
0.0
0.0
0.0
0.0
0.0
0.0
0.0
0.0
0.0
0.0
0.0
0.0
0.0
0.0
0.0
0.0
0.0
0.0
0.0
0.0
0.0
0.0
0.0
0.0
0.0
0.0
0.0
0.0
0.0
0.0
0.0
0.0
0.0
0.0
0.0
0.0
0.0
0.0
0.0
0.0
0.0
0.0
0.0
0.0
0.0
0.0
0.0
0.0
0.0
0.0
0.0
0.0
0.0
0.0
0.0
0.0
0.0
0.0
0.0
0.0
0.0
0.0
0.0
0.0
0.0
0.0
0.0
0.0
0.0
0.0
0.0
0.0
0.0
0.0
0.0
0.0
0.0
0.0
0.0
0.0
0.0
0.0
0.0
0.0
0.0
0.0
0.0
0.0
0.0
0.0
0.0
0.0
0.0
0.0
0.0
0.0
0.0
0.0
0.0
0.0
0.0
0.0
0.0
0.0
0.0
0.0
0.0
0.0
0.0
0.0
0.0
0.0
0.0
0.0
0.0
0.0
0.0
0.0
0.0
0.0
0.0
0.0
0.0
0.0
0.0
0.0
0.0
0.0
0.0
0.0
0.0
0.0
0.0
0.0
0.0
0.0
0.0
0.0
0.0
0.0
0.0
0.0
0.0
0.0
0.0
0.0
0.0
0.0
0.0
0.0
0.0
0.0
0.0
0.0
0.0
0.0
0.0
0.0
0.0
0.0
0.0
0.0
0.0
0.0
0.0
0.0
0.0
0.0
0.0
0.0
0.0
0.0
0.0
0.0
0.0
0.0
0.0
0.0
0.0
0.0
0.0
0.0
0.0
0.0
0.0
0.0
0.0
0.0
0.0
0.0
0.0
0.0
0.0
0.0
0.0
0.0
0.0
0.0
0.0
0.0
0.0
0.0
0.0
0.0
0.0
0.0
0.0
0.0
0.0
0.0
0.0
0.0
0.0
0.0
0.0
0.0
0.0
0.0
0.0
0.0
0.0
0.0
0.0
0.0
0.0
0.0
0.0
0.0
0.0
0.0
0.0
0.0
0.0
0.0
0.0
0.0
0.0
0.0
0.0
0.0
0.0
0.0
0.0
0.0
0.0
0.0
0.0
0.0
0.0
0.0
0.0
0.0
0.0
0.0
0.0
0.0
0.0
0.0
0.0
0.0
0.0
0.0
0.0
0.0
0.0
0.0
0.0
0.0
0.0
0.0
0.0
0.0
0.0
0.0
0.0
0.0
0.0
0.0
0.0
0.0
0.0
0.0
0.0
0.0
0.0
0.0
0.0
0.0
0.0
0.0
0.0
0.0
0.0
0.0
0.0
0.0
0.0
0.0
0.0
0.0
0.0
0.0
0.0
0.0
0.0
0.0
0.0
0.0
0.0
0.0
0.0
0.0
0.0
0.0
0.0
0.0
0.0
0.0
0.0
0.0
0.0
0.0
0.0
0.0
0.0
0.0
0.0
0.0
0.0
0.0
0.0
0.0
0.0
0.0
0.0
0.0
0.0
0.0
0.0
0.0
0.0
0.0
0.0
0.0
0.0
0.0
0.0
0.0
0.0
0.0
0.0
0.0
0.0
0.0
0.0
0.0
0.0
0.0
0.0
0.0
0.0
0.0
0.0
0.0
0.0
0.0
0.0
0.0
0.0
0.0
0.0
0.0
0.0
0.0
0.0
0.0
0.0
0.0
0.0
0.0
0.0
0.0
0.0
0.0
0.0
0.0
0.0
0.0
0.0
0.0
0.0
0.0
0.0
0.0
0.0
0.0
0.0
0.0
0.0
0.0
0.0
0.0
0.0
0.0
0.0
0.0
0.0
0.0
0.0
0.0
0.0
0.0
0.0
0.0
0.0
0.0
0.0
0.0
0.0
0.0
0.0
0.0
0.0
0.0
0.0
0.0
0.0
0.0
0.0
0.0
0.0
0.0
0.0
0.0
0.0
0.0
0.0
0.0
0.0
0.0
0.0
0.0
0.0
0.0
0.0
0.0
0.0
0.0
0.0
0.0
0.0
0.0
0.0
0.0
0.0
0.0
0.0
0.0
0.0
0.0
0.0
0.0
0.0
0.0
0.0
0.0
0.0
0.0
0.0
0.0
0.0
0.0
0.0
0.0
0.0
0.0
0.0
0.0
0.0
0.0
0.0
0.0
0.0
0.0
0.0
0.0
0.0
0.0
0.0
0.0
0.0
0.0
0.0
0.0
0.0
0.0
0.0
0.0
0.0
0.0
0.0
0.0
0.0
0.0
0.0
0.0
0.0
0.0
0.0
0.0
0.0
0.0
0.0
0.0
0.0
0.0
0.0
0.0
0.0
0.0
0.0
0.0
0.0
0.0
0.0
0.0
0.0
0.0
0.0
0.0
0.0
0.0
0.0
0.0
0.0
0.0
0.0
0.0
0.0
0.0
0.0
0.0
0.0
0.0
0.0
0.0
0.0
0.0
0.0
0.0
0.0
0.0
0.0
0.0
0.0
0.0
0.0
0.0
0.0
0.0
0.0
0.0
0.0
0.0
0.0
0.0
0.0
0.0
0.0
0.0
0.0
0.0
0.0
0.0
0.0
0.0
0.0
0.0
0.0
0.0
0.0
0.0
0.0
0.0
0.0
0.0
0.0
0.0
0.0
0.0
0.0
0.0
0.0
0.0
0.0
0.0
0.0
0.0
0.0
0.0
0.0
0.0
0.0
0.0
0.0
0.0
0.0
0.0
0.0
0.0
0.0
0.0
0.0
0.0
0.0
0.0
0.0
0.0
0.0
0.0
0.0
0.0
0.0
0.0
0.0
0.0
0.0
0.0
0.0
0.0
0.0
0.0
0.0
0.0
0.0
0.0
0.0
0.0
0.0
0.0
0.0
0.0
0.0
0.0
0.0
0.0
0.0
0.0
0.0
0.0
0.0
0.0
0.0
0.0
0.0
0.0
0.0
0.0
0.0
0.0
0.0
0.0
0.0
0.0
0.0
0.0
0.0
0.0
0.0
0.0
0.0
0.0
0.0
0.0
0.0
0.0
0.0
0.0
0.0
0.0
0.0
0.0
0.0
0.0
0.0
0.0
0.0
0.0
0.0
0.0
0.0
0.0
0.0
0.0
0.0
0.0
0.0
0.0
0.0
0.0
0.0
0.0
0.0
0.0
0.0
0.0
0.0
0.0
0.0
0.0
0.0
0.0
0.0
0.0
0.0
0.0
0.0
0.0
0.0
0.0
0.0
0.0
0.0
0.0
0.0
0.0
0.0
0.0
0.0
0.0
0.0
0.0
0.0
0.0
0.0
0.0
0.0
0.0
0.0
0.0
0.0
0.0
0.0
0.0
0.0
0.0
0.0
0.0
0.0
0.0
0.0
0.0
0.0
0.0
0.0
0.0
0.0
0.0
0.0
0.0
0.0
0.0
0.0
0.0
0.0
0.0
0.0
0.0
0.0
0.0
0.0
0.0
0.0
0.0
0.0
0.0
0.0
0.0
0.0
0.0
0.0
0.0
0.0
0.0
0.0
0.0
0.0
0.0
0.0
0.0
0.0
0.0
0.0
0.0
0.0
0.0
0.0
0.0
0.0
0.0
0.0
0.0
0.0
0.0
0.0
0.0
0.0
0.0
0.0
0.0
0.0
0.0
0.0
0.0
0.0
0.0
0.0
0.0
0.0
0.0
0.0
0.0
0.0
0.0
0.0
0.0
0.0
0.0
0.0
0.0
0.0
0.0
0.0
0.0
0.0
0.0
0.0
0.0
0.0
0.0
0.0
0.0
0.0
0.0
0.0
0.0
0.0
0.0
0.0
0.0
0.0
0.0
0.0
0.0
0.0
0.0
0.0
0.0
0.0
0.0
0.0
0.0
0.0
0.0
0.0
0.0
0.0
0.0
0.0
0.0
0.0
0.0
0.0
0.0
0.0
0.0
0.0
0.0
0.0
0.0
0.0
0.0
0.0
0.0
0.0
0.0
0.0
0.0
0.0
0.0
0.0
0.0
0.0
0.0
0.0
0.0
0.0
0.0
0.0
0.0
0.0
0.0
0.0
0.0
0.0
0.0
0.0
0.0
0.0
0.0
0.0
0.0
0.0
0.0
0.0
0.0
0.0
0.0
0.0
0.0
0.0
0.0
0.0
0.0
0.0
0.0
0.0
0.0
0.0
0.0
0.0
0.0
0.0
0.0
0.0
0.0
0.0
0.0
0.0
0.0
0.0
0.0
0.0
0.0
0.0
0.0
0.0
0.0
0.0
0.0
0.0
0.0
0.0
0.0
0.0
0.0
0.0
0.0
0.0
0.0
0.0
0.0
0.0
0.0
0.0
0.0
0.0
0.0
0.0
0.0
0.0
0.0
0.0
0.0
0.0
0.0
0.0
0.0
0.0
0.0
0.0
0.0
0.0
0.0
0.0
0.0
0.0
0.0
0.0
0.0
0.0
0.0
0.0
0.0
0.0
0.0
0.0
0.0
0.0
0.0
0.0
0.0
0.0
0.0
0.0
0.0
0.0
0.0
0.0
0.0
0.0
0.0
0.0
0.0
0.0
0.0
0.0
0.0
0.0
0.0
0.0
0.0
0.0
0.0
0.0
0.0
0.0
0.0
0.0
0.0
0.0
0.0
0.0
0.0
0.0
0.0
0.0
0.0
0.0
0.0
0.0
0.0
0.0
0.0
0.0
0.0
0.0
0.0
0.0
0.0
0.0
0.0
0.0
0.0
0.0
0.0
0.0
0.0
0.0
0.0
0.0
0.0
0.0
0.0
0.0
0.0
0.0
0.0
0.0
0.0
0.0
0.0
0.0
0.0
0.0
0.0
0.0
0.0
0.0
0.0
0.0
0.0
0.0
0.0
0.0
0.0
0.0
0.0
0.0
0.0
0.0
0.0
0.0
0.0
0.0
0.0
0.0
0.0
0.0
0.0
0.0
0.0
0.0
0.0
0.0
0.0
0.0
0.0
0.0
0.0
0.0
0.0
0.0
0.0
0.0
0.0
0.0
0.0
0.0
0.0
0.0
0.0
0.0
0.0
0.0
0.0
0.0
0.0
0.0
0.0
0.0
0.0
0.0
0.0
0.0
0.0
0.0
0.0
0.0
0.0
0.0
0.0
0.0
0.0
0.0
0.0
0.0
0.0
0.0
0.0
0.0
0.0
0.0
0.0
0.0
0.0
0.0
0.0
0.0
0.0
0.0
0.0
0.0
0.0
0.0
0.0
0.0
0.0
0.0
0.0
0.0
0.0
0.0
0.0
0.0
0.0
0.0
0.0
0.0
0.0
0.0
0.0
0.0
0.0
0.0
0.0
0.0
0.0
0.0
0.0
0.0
0.0
0.0
0.0
0.0
0.0
0.0
0.0
0.0
0.0
0.0
0.0
0.0
0.0
0.0
0.0
0.0
0.0
0.0
0.0
0.0
0.0
0.0
0.0
0.0
0.0
0.0
0.0
0.0
0.0
0.0
0.0
0.0
0.0
0.0
0.0
0.0
0.0
0.0
0.0
0.0
0.0
0.0
0.0
0.0
0.0
0.0
0.0
0.0
0.0
0.0
0.0
0.0
0.0
0.0
0.0
0.0
0.0
0.0
0.0
0.0
0.0
0.0
0.0
0.0
0.0
0.0
0.0
0.0
0.0
0.0
0.0
0.0
0.0
0.0
0.0
0.0
0.0
0.0
0.0
0.0
0.0
0.0
0.0
0.0
0.0
0.0
0.0
0.0
0.0
0.0
0.0
0.0
0.0
0.0
0.0
0.0
0.0
0.0
0.0
0.0
0.0
0.0
0.0
0.0
0.0
0.0
0.0
0.0
0.0
0.0
0.0
0.0
0.0
0.0
0.0
0.0
0.0
0.0
0.0
0.0
0.0
0.0
0.0
0.0
0.0
0.0
0.0
0.0
0.0
0.0
0.0
0.0
0.0
0.0
0.0
0.0
0.0
0.0
0.0
0.0
0.0
0.0
0.0
0.0
0.0
0.0
0.0
0.0
0.0
0.0
0.0
0.0
0.0
0.0
0.0
0.0
0.0
0.0
0.0
0.0
0.0
0.0
0.0
0.0
0.0
0.0
0.0
0.0
0.0
0.0
0.0
0.0
0.0
0.0
0.0
0.0
0.0
0.0
0.0
0.0
0.0
0.0
0.0
0.0
0.0
0.0
0.0
0.0
0.0
0.0
0.0
0.0
0.0
0.0
0.0
0.0
0.0
0.0
0.0
0.0
0.0
0.0
0.0
0.0
0.0
0.0
0.0
0.0
0.0
0.0
0.0
0.0
0.0
0.0
0.0
0.0
0.0
0.0
0.0
0.0
0.0
0.0
0.0
0.0
0.0
0.0
0.0
0.0
0.0
0.0
0.0
0.0
0.0
0.0
0.0
0.0
0.0
0.0
0.0
0.0
0.0
0.0
0.0
0.0
0.0
0.0
0.0
0.0
0.0
0.0
0.0
0.0
0.0
0.0
0.0
0.0
0.0
0.0
0.0
0.0
0.0
0.0
0.0
0.0
0.0
0.0
0.0
0.0
0.0
0.0
0.0
0.0
0.0
0.0
0.0
0.0
0.0
0.0
0.0
0.0
0.0
0.0
0.0
0.0
0.0
0.0
0.0
0.0
0.0
0.0
0.0
0.0
0.0
0.0
0.0
0.0
0.0
0.0
0.0
0.0
0.0
0.0
0.0
0.0
0.0
0.0
0.0
0.0
0.0
0.0
0.0
0.0
0.0
0.0
0.0
0.0
0.0
0.0
0.0
0.0
0.0
0.0
