0.034916044086606805
0.03491631070054237
0.03491652673075504
0.03491671255765883
0.034916877988901515
0.03491702847228028
0.03491716733750187
0.03491729678372612
0.03491741835580137
0.034917533190203645
0.03491764215257587
0.03491774592411773
0.034917845054596004
0.03491793965925362
0.0349180305536236
0.03491811783966381
0.03491820199175451
0.034918283170417
0.03491836162238468
0.034918437533411825
0.0349185110516955
0.034918582343884556
0.03491865155339993
0.03491871878678749
0.03491878412917188
0.034918847656309135
0.034918909413127426
0.034918969408550236
0.03491902781671756
0.03491908468981223
0.034919140078400274
0.03491919397055639
0.03491924645627807
0.03491929760888621
0.03491934746523929
0.0349193960463954
0.034919443373220185
0.03491948949540283
0.03491953445912072
0.034919578295735075
0.03491962102090905
0.03491966260904134
0.03491970313765057
0.03491974264874884
0.034919781166382384
0.03491981870954346
0.0349198552973343
0.03491989093714209
0.03491992563641506
0.03491995942119357
0.03491999231970554
0.03492002434509205
0.03492005550947423
0.03492008582489563
0.03492011530196256
0.034920143943889544
0.03492017174656423
0.03492019874972888
0.03492022496960631
0.03492025041845141
0.0349202751027534
0.03492029903019794
0.03492032220914243
0.034920344644174935
0.03492036634324709
0.03492038731375571
0.03492040756509389
0.03492042711258062
0.03492044596343488
0.03492046412414937
0.034920481600197256
0.03492049839664897
0.0349205145105888
0.03492052995691011
0.0349205447430513
0.034920558870637254
0.034920572344257744
0.034920585172513154
0.03492059736076265
0.03492060891253161
0.0349206198325342
0.03492063012452685
0.03492063979088916
0.03492064883446259
0.03492065725827086
0.03492066506623803
0.034920672263821596
0.034920678854228546
0.03492068484289791
0.034920690229721815
0.034920695023121034
0.034920699224150475
0.0349207028357248
0.03492070585957534
0.034920708297694884
0.034920710091855316
0.03492071107398537
0.034920711475427045
0.03492071129885695
0.03492071054635884
0.03492070921952651
0.03492070731980615
0.03492070484875546
0.03492070180758374
0.03492069819897982
0.03492069402485278
0.034920689286669276
0.03492068398747343
0.034920678127517375
0.03492067170741611
0.034920664728644246
0.034920657192972306
0.03492064910143382
0.03492064045450673
0.0349206312525192
0.03492062149567342
0.0349206111844364
0.03492060031924786
0.034920588900849446
0.03492057693088869
0.034920564411171
0.0349205513421748
0.03492053772273391
0.03492052355247513
0.03492050883145808
0.03492049356790396
0.034920477759570384
0.034920461403496465
0.03492044449950586
0.03492042704781774
0.03492040904882516
0.03492039050276667
0.03492037140738883
0.03492035176216091
0.0349203315674856
0.03492031082401698
0.03492028953338596
0.034920267695566394
0.03492024530903235
0.03492022237424896
0.03492019889037067
0.03492017485578845
0.03492015026734064
0.03492012512948971
0.03492009944682408
0.03492007321718465
0.03492004643575818
0.03492001911163478
0.03491999123941254
0.034919962815045995
0.034919933835248225
0.034919904300826164
0.03491987420952393
0.034919843564290697
0.03491981236414251
0.03491978060536705
0.03491974828962377
0.034919715413432806
0.0349196819730056
0.034919647974184544
0.034919613414896127
0.034919578290288904
0.0349195426024406
0.03491950634655145
0.03491946953077417
0.03491943214644571
0.034919394203921594
0.03491935569229229
0.03491931661214171
0.03491927696989577
0.034919236547353086
0.03491919548338115
0.03491915384568968
0.03491911163626078
0.03491906884291466
0.0349190254762082
0.034918981530180804
0.03491893700258188
0.03491889189320182
0.03491884619900059
0.03491879992095257
0.03491875305612227
0.03491870560384409
0.034918657564731635
0.03491860892934593
0.0349185597074039
0.034918509886844626
0.03491845947544808
0.03491840846467766
0.034918356856244934
0.03491830465148638
0.0349182518504638
0.034918198443081035
0.03491814443969711
0.03491808982513573
0.034918034619521233
0.03491797880130986
0.03491792238459446
0.03491786537156811
0.03491780773351727
0.03491774948342223
0.034917690620297176
0.03491763113503571
0.03491757103408815
0.034917510311356835
0.03491744895798765
0.034917386980718286
0.03491732437888585
0.03491726114308027
0.03491719727734905
0.03491713278436484
0.03491706765394203
0.03491700187489548
0.03491693546421653
0.03491686841110421
0.03491680070904655
0.034916732381959296
0.03491666340276668
0.03491659377111126
0.03491652349592738
0.03491645256254268
0.034916380969804775
0.034916308723595614
0.03491623581049462
0.034916162243905736
0.0349160880348161
0.03491601315041936
0.0349159375952615
0.03491586139375515
0.03491578453195328
0.03491570697919642
0.034915628741638685
0.0349155498416036
0.0349154702670075
0.034915390000718825
0.034915309034576646
0.03491522738784961
0.03491514506010169
0.03491506204257099
0.034914978322850745
0.034914893887780594
0.03491480877015039
0.03491472295577128
0.034914636440515234
0.03491454921586445
0.03491446127258097
0.03491437262718067
0.03491428327132123
0.034914193194501
0.03491410240349046
0.03491401088241408
0.034913918632498625
0.03491382566471632
0.034913731963909546
0.0349136375304183
0.034913542368041665
0.034913446474654795
0.034913349845417795
0.034913252471409015
0.03491315433521522
0.03491305544774646
0.03491295583953376
0.03491285550281562
0.034912754408268944
0.03491265252484388
0.03491254987072288
0.03491244647039061
0.034912342318699115
0.034912237400299063
0.034912131703018004
0.03491202522460026
0.03491191817738393
0.03491181057712041
0.034911702210484556
0.03491159307410727
0.034911483147944705
0.034911372428268826
0.03491126092036803
0.03491114861752031
0.034911035500752294
0.03491092158514187
0.034910806868761225
0.03491069132390414
0.03491057496870629
0.034910457808716794
0.03491033983464424
0.034910221036985205
0.034910101399759544
0.03490998094226962
0.034909859671867355
0.03490973756503397
0.03490961461786467
0.03490949083311711
0.03490936620268122
0.034909240721611286
0.03490911438879303
0.03490898721208272
0.0349088591820922
0.03490873028472517
0.03490860051683509
0.03490846988100167
0.03490833838836966
0.03490820603584512
0.03490807281435656
0.03490793871791433
0.03490780374220576
0.03490766788306592
0.034907531136380614
0.03490739349559496
0.034907254942810155
0.03490711548660929
0.03490697512730491
0.03490683385796651
0.034906691687598475
0.0349065486090467
0.034906404616236696
0.03490625970464286
0.03490611386879301
0.034905967098949726
0.03490581937731133
0.03490567071990981
0.0349055211312192
0.034905370598819735
0.03490521911294881
0.034905066676516355
0.034904913290938755
0.03490475895287155
0.03490460366156612
0.03490444741114033
0.03490429019252169
0.034904131999417144
0.034903972823567775
0.03490381265897615
0.0349036515080721
0.03490348937389967
0.034903326250226414
0.03490316213171574
0.03490299701382142
0.03490283089345309
0.03490266377105926
0.034902495643730366
0.034902326503941594
0.034902156347854194
0.034901985169205674
0.03490181295081466
0.03490163970592437
0.034901465429115916
0.034901290119668464
0.03490111376466877
0.03490093635494829
0.03490075789441166
0.03490058102490456
0.03490040356691692
0.034900225054700626
0.0349000454874155
0.034899864859232445
0.034899683164766514
0.034899500399268014
0.034899316558182375
0.03489913163741123
0.034898945632420277
0.034898758505800855
0.034898570281750974
0.03489838096045754
0.03489819053780822
0.03489799900968796
0.03489780637213425
0.03489761262170012
0.03489741795727083
0.034897222221381224
0.03489702535061517
0.03489682733378953
0.03489662818842808
0.034896427905519015
0.034896226477276214
0.034896023892576886
0.034895820147495836
0.03489561524330402
0.03489540917597747
0.034895201941350026
0.034894993535507283
0.034894783955139466
0.03489457319887519
0.034894361266573255
0.03489414815220497
0.03489393384445003
0.03489371827805553
0.03489350150858489
0.03489328353497734
0.03489306434887607
0.03489284394299364
0.03489262231298711
0.034892399454660473
0.034892175372345076
0.034891950060193855
0.03489172350990105
0.034891495725438905
0.03489126671834381
0.034891036450737926
0.03489080490520149
0.03489057209514967
0.03489033800133033
0.03489010260650898
0.03488986590509808
0.03488962790428183
0.034889388610006546
0.03488914802132274
0.03488890613844831
0.03488866297675449
0.03488841846235454
0.034888172608867396
0.034887925435892385
0.03488767694602436
0.03488742714393027
0.034887175976878175
0.03488692344552943
0.03488666957494379
0.0348864143733076
0.034886157828684095
0.03488589988681003
0.03488563812487798
0.034885374089311603
0.03488510866983201
0.03488484185684191
0.03488457365893716
0.03488430404764703
0.03488403299673614
0.034883760532190264
0.03488348660055257
0.03488321122715578
0.034882934430646585
0.03488265621132318
0.034882376547725885
0.03488209541091019
0.03488181284231237
0.03488152883810964
0.034881243308812974
0.03488095625775353
0.03488066772535438
0.03488037768056607
0.03488008614359033
0.03487979312782935
0.03487949864951229
0.03487920273120446
0.03487890519318542
0.03487860605818332
0.034878305382431134
0.034878003185808776
0.03487769946593987
0.0348773942361629
0.034877087522799465
0.034876779264228934
0.03487646938780178
0.034876157907343795
0.03487584478160092
0.0348755301242297
0.0348752138923876
0.034874896101934665
0.03487457675968354
0.03487425575913879
0.03487393381847692
0.03487361190193264
0.03487328755269272
0.034872956216345945
0.03487262322547253
0.03487228858712889
0.03487195261356549
0.03487161784594378
0.034871281453210695
0.03487094339502642
0.034870603671089975
0.03487026234703789
0.03486991922343895
0.03486957429816936
0.0348692276694018
0.03486887936965285
0.03486852938369362
0.0348681776776798
0.03486782425527278
0.03486746907384803
0.0348671121188476
0.034866753406084035
0.034866392941388415
0.034866030726629645
0.03486566673503773
0.034865300910203095
0.03486493327987587
0.03486456390378875
0.0348641927390176
0.03486381983729445
0.03486344516237981
0.03486306851242544
0.03486268995161934
0.034862309608270886
0.03486192749716715
0.03486154352392356
0.03486115667290495
0.03486076794556212
0.0348603772028981
0.03485998456932447
0.03485959006678308
0.03485919376673622
0.03485879566270346
0.03485839556063888
0.03485799338921936
0.03485758933130719
0.03485718338986275
0.03485677556004587
0.034856365902712426
0.03485595419160686
0.03485554037006702
0.03485512456137781
0.034854706857549676
0.03485428728389837
0.034853865790830406
0.03485344225191128
0.03485301655245954
0.0348525887655887
0.034852159034266375
0.034851727471077905
0.034851293755005314
0.03485085810794047
0.0348504203294246
0.03484998038759227
0.034849538443377986
0.03484909347141749
0.034848646391681774
0.03484819736830868
0.03484774622658548
0.034847292864590436
0.03484683740378423
0.03484637969624474
0.03484591998748349
0.034845458218641455
0.03484499432210326
0.03484452834976158
0.034844059928026305
0.0348435893379422
0.03484311669128323
0.03484264194774815
0.034842165162133155
0.03484168600383747
0.034841204497837217
0.034840720816761116
0.03484023500943302
0.034839747063376066
0.03483925677494863
0.03483876422797183
0.03483826938883961
0.03483777230566271
0.03483727308889855
0.03483677143350577
0.03483626749917851
0.03483576133787766
0.034835252882865334
0.034834742213902696
0.03483422901130069
0.03483371341343925
0.03483319560826905
0.034832676371713465
0.034832155302253955
0.03483163160932083
0.03483110538739274
0.03483057693482108
0.0348300462439087
0.03482951330744183
0.03482897777166569
0.03482843960515488
0.03482789909988533
0.034827356345907896
0.03482681132758684
0.03482626369064977
0.03482571338352503
0.0348251606773168
0.03482460569469421
0.03482404837317348
0.03482348834953175
0.03482292567038834
0.03482236058149964
0.0348217931368814
0.03482122329675196
0.03482065070256144
0.034820075391854347
0.034819497611096255
0.034818917434602546
0.03481833475057243
0.03481774930641572
0.03481716107610992
0.03481657049172865
0.034815978372368744
0.034815389842005454
0.034814798920456066
0.03481420519267937
0.034813609049605565
0.034813010454950465
0.03481240915262469
0.03481180513708847
0.03481119831885477
0.03481058900549823
0.03480997699805225
0.034809362529421614
0.03480874519236158
0.03480812501290679
0.03480750221725327
0.03480687668742537
0.03480624870593163
0.03480561794648152
0.034804984314528345
0.034804347619559486
0.03480370841510287
0.03480306668117262
0.034802422206859876
0.03480177465604802
0.034801124124019416
0.03480047111810098
0.03479981537038092
0.03479915696776041
0.03479849514779252
0.03479783054351799
0.034797163375242114
0.034796493541220476
0.03479581994145869
0.034795137597830185
0.03479445248663096
0.034793764600164104
0.03479307397602841
0.034792380103999834
0.034791683166868786
0.034790983440111035
0.03479028096434885
0.034789575219063444
0.034788866549506574
0.03478815494519925
0.03478744053878074
0.03478672252884848
0.03478600178137744
0.03478527811152018
0.03478455147872069
0.034783821601109266
0.034783088538821574
0.03478235260714919
0.03478161473486947
0.034780876827950856
0.03478013531626238
0.03477939110718007
0.034778644135536003
0.03477788820645225
0.034777124130033074
0.03477635601835824
0.034775590620848784
0.03477482281820767
0.034774051250627415
0.034773276180564354
0.03477249815167323
0.03477171757317289
0.034770933239367
0.03477014529823483
0.03476935421335601
0.0347685603204152
0.03476776232419451
0.03476695956173108
0.034766153312567806
0.034765344058921836
0.03476453169038459
0.03476371571028994
0.03476289621072309
0.03476207356790758
0.03476124783879602
0.03476041844910477
0.03475958542623511
0.034758749168350436
0.03475790980246654
0.03475706688168067
0.03475622019084317
0.03475537021727333
0.03475451709115012
0.03475366037314299
0.034752799922768654
0.03475193601638802
0.034751068943094925
0.03475019828926934
0.0347493239086435
0.03474844588804624
0.03474756453233766
0.03474667823569364
0.03474578830346428
0.03474489464255332
0.03474399759410687
0.03474309693796474
0.034742192723018914
0.03474128467982084
0.03474037303619496
0.034739457804374416
0.03473853915386838
0.03473761660956944
0.034736690248052364
0.03473576024332469
0.034734826845463425
0.034733889584355256
0.03473294840382593
0.0347320034063109
0.034731055012829325
0.034730102910231105
0.03472914680940146
0.034728188602415326
0.03472722697041669
0.034726261670698255
0.034725292212841846
0.0347243185972698
0.03472334151133378
0.03472236091304794
0.03472137615092163
0.03472038707436216
0.03471939437486451
0.03471839832584054
0.03471739883566172
0.03471639493412886
0.03471538730372374
0.03471437634339105
0.034713361219326985
0.03471234220646443
0.034711329503954114
0.034710313333187144
0.03470929305560526
0.034708268405880253
0.03470723993071727
0.0347062077758858
0.03470517148951895
0.03470413092674735
0.03470308651549124
0.03470203816094615
0.03470098551126691
0.0346999288033109
0.03469886833970312
0.0346978037183251
0.03469673462798256
0.03469566159162953
0.03469458484613203
0.034693503741423076
0.03469241798332475
0.034691328413461446
0.034690226383526576
0.03468911922822969
0.034688007078652654
0.03468689131903188
0.03468577187210384
0.03468464769901073
0.034683518499885366
0.03468238570660685
0.03468124915078733
0.03468010774087536
0.034678961298257066
0.03467781124898079
0.03467666142753588
0.034675508689623394
0.034674351014191196
0.03467318973745082
0.03467202449474344
0.034670854078838506
0.03466967055116633
0.03466848045948807
0.034667283666225436
0.034666087824324114
0.03466488743852711
0.034663680694714004
0.034662469352365624
0.03466125254456867
0.03466003126960366
0.034658806169742824
0.034657576606031484
0.034656341402530245
0.03465510201301734
0.03465385864287568
0.034652610325924094
0.034651356759713973
0.03465009899056641
0.034648837042430644
0.03464756995587644
0.034646297839073414
0.03464502145580125
0.03464374064279721
0.034642454696851115
0.034641163857987545
0.03463986871246809
0.03463856875309491
0.03463726370538967
0.03463595397764712
0.034634639468970115
0.03463331807520578
0.03463199160088497
0.03463066055527429
0.03462932521466528
0.034627984530754316
0.034626638198505616
0.03462528745397884
0.03462393215450527
0.034622571736985956
0.03462120590233159
0.03461983567208676
0.034618460175732745
0.03461707987660862
0.034615695450702165
0.034614308830262966
0.03461291711772502
0.034611520363374476
0.03461011829519026
0.034608711423891325
0.03460729979855591
0.03460588271898298
0.03460446051710652
0.03460303288081021
0.03460160373155032
0.03460018081482055
0.03459875263174756
0.034597319320627574
0.03459588156400744
0.03459443820597282
0.034592989197443136
0.03459153560816338
0.03459007738461466
0.034588613197886475
0.03458714306301862
0.034585668958771895
0.034584189653809744
0.03458270420809244
0.034581212626992645
0.034579705246341345
0.034578192668724646
0.03457667281525393
0.03457514840746985
0.034573619706947764
0.03457208513353304
0.03457054384677552
0.034568998363937335
0.03456745460525151
0.034565905780524556
0.03456435096073652
0.03456279200858629
0.034561228380831574
0.03455965693753412
0.03455808030457825
0.03455648372012852
0.03455487863252865
0.0345532675686571
0.03455165573728921
0.03455003923561798
0.03454841592141154
0.03454678665254563
0.03454515246344442
0.03454351307755607
0.0345418670284517
0.034540215262151716
0.03453855851594712
0.034536895976987114
0.03453522702209893
0.034533552676368165
0.03453187299470546
0.03453018688038251
0.03452849467618913
0.03452679695212068
0.034525093329369136
0.034523383778259996
0.03452166831827094
0.034519947430025
0.03451821950272382
0.034516483848954616
0.03451474250241968
0.034512994506717014
0.034511240551590605
0.03450948233427256
0.03450771864974036
0.03450594695709683
0.0345041701988334
0.034502388059395254
0.03450059960350603
0.03449880651130255
0.03449700926296948
0.03449520685095565
0.03449339626295584
0.03449157958868163
0.03448975830988407
0.03448794182896757
0.03448612480231076
0.03448430281572761
0.034482475900133154
0.03448064131544191
0.034478799716752474
0.03447695339351121
0.034475102010512564
0.03447324177213488
0.03447137551623723
0.03446950350111815
0.03446761057637856
0.034465709784669035
0.034463803754803145
0.03446189290475364
0.034459972904599276
0.03445805052037914
0.034456129317840936
0.03445420213229033
0.03445226647231942
0.03445032403151609
0.034448373112558044
0.034446414178705496
0.034444448098143135
0.034442467846998344
0.034440471634701264
0.03443846718094205
0.034436464816427745
0.03443445543072231
0.03443243807542256
0.03443041347991187
0.03442838250905249
0.034426345958431984
0.034424301427552435
0.03442224961018932
0.034420192602639496
0.03441812764238378
0.03441605572630866
0.03441397726047091
0.034411892752015755
0.03440980034361469
0.034407701189383286
0.03440559775353394
0.034403486454929216
0.03440136818406698
0.034399241836679
0.03439710706002702
0.03439496425493411
0.03439281457708734
0.034390658746355225
0.034388494982808986
0.034386323891009964
0.034384146060563045
0.034381963749887175
0.034379775609016915
0.03437758039871211
0.034375382674760716
0.034373196370631076
0.034371002241481895
0.0343688013143182
0.034366593365173184
0.03436437796873078
0.034362155329311674
0.03435992634767381
0.03435768714950828
0.03435542406391035
0.03435315381475066
0.03435087636644621
0.034348594944891495
0.03434631429335076
0.03434402664077798
0.034341726724255964
0.03433941884072615
0.034337103484611754
0.034334780296711415
0.03433245019330432
0.0343301116645939
0.03432775416275895
0.034325377888325334
0.034322995145638045
0.03432061740959674
0.03431822501178534
0.03431582664434702
0.034313420485106494
0.03431100601228868
0.03430858356206088
0.03430615488454963
0.03430371903132482
0.03430127356001198
0.03429882282602526
0.0342963644591938
0.03429389696845582
0.034291420927248094
0.034288939136398223
0.03428644960232727
0.03428394902633772
0.034281442447711356
0.0342789245122243
0.03427639670024207
0.03427386007688779
0.0342713179835842
0.03426876813099169
0.03426620678296293
0.03426364423713706
0.034261093675510654
0.034258540768442425
0.034255978627640404
0.034253411185587855
0.03425083590485602
0.03424824886213181
0.03424564520824338
0.03424302313129056
0.03424039081924367
0.03423776175041952
0.034235121853659345
0.034232473581430535
0.03422981358244551
0.034227146244119565
0.03422447283987473
0.034221788486097623
0.03421909466068908
0.034216394372399525
0.0342136739967277
0.03421092878781619
0.0342081756023539
0.03420543320358623
0.03420267138448736
0.034199902773002555
0.034197126940389885
0.03419434318650097
0.03419154819291366
0.03418874494208264
0.03418593459671377
0.034183113782778884
0.034180283808292355
0.03417744584318565
0.03417459884644983
0.03417174209132325
0.03416887702473566
0.034166003813413254
0.034163119315209024
0.03416022213836061
0.034157316503622547
0.03415440083050237
0.0341514763896981
0.03414856795166481
0.03414566125471751
0.03414274424713915
0.0341398191940381
0.03413688562829117
0.03413391739151223
0.03413094194691143
0.03412796272250429
0.034124973353495014
0.03412197354928325
0.03411896659233246
0.034115950839750234
0.034112921795955375
0.034109885319919674
0.034106840504077
0.03410378469851752
0.034100709453614014
0.03409760905688898
0.03409449906377849
0.03409139050422425
0.034088273859928464
0.0340851442440165
0.03408200300843542
0.034078851038901355
0.03407569219902253
0.03407252387172374
0.03406934155414877
0.03406615159267951
0.03406295417434049
0.034059742764320056
0.03405652093306043
0.03405329217952427
0.03405005375071765
0.03404680109713938
0.03404353508350242
0.03404026108688467
0.03403699694823539
0.034033732073143044
0.034030466267330035
0.03402718805768865
0.03402386921817638
0.03402055191857048
0.034017226991966514
0.03401388847592393
0.03401053926505992
0.034007182641183284
0.03400381503248114
0.03400043487216051
0.03399704676935233
0.03399365077136398
0.03399024151426003
0.033986798594920174
0.03398333702624226
0.03397986275447832
0.03397640002372209
0.033972919073334
0.0339694252318439
0.0339659187289736
0.03396240080269052
0.03395887395824767
0.03395533481549449
0.03395178355338396
0.03394822173839393
0.03394465007925019
0.03394106529908978
0.0339374695780071
0.03393386413899094
0.033930246518134206
0.03392663273834416
0.03392301914330502
0.03391938993576664
0.03391574752454034
0.03391209040525662
0.033908422799401074
0.033904743000171
0.03390105397788059
0.03389735487405798
0.03389364267617236
0.033889919009322866
0.03388618437344662
0.033882438360193626
0.03387868009832954
0.03387488804959495
0.03387107030551915
0.03386723902832904
0.033863418718782776
0.0338595861735793
0.033855731563709274
0.033851864918295844
0.033847986513078146
0.033844096863344844
0.03384019352753284
0.03383627888106
0.03383235202577991
0.033828413243984466
0.033824461986665076
0.033820493232529884
0.033816527525956534
0.03381257032308244
0.033808603491669614
0.03380460297349036
0.03380059725461219
0.03379658205454439
0.033792552599658986
0.03378851139156855
0.03378445775956598
0.03378039215103969
0.03377631281684887
0.03377222053698257
0.03376811567566694
0.03376398015993438
0.03375980829663404
0.03375562459940594
0.03375144374534293
0.033747261497717264
0.033743051183121896
0.03373882856787204
0.03373459106828139
0.033730340484073085
0.03372607882552924
0.03372180293429446
0.03371750375230869
0.03371318951646279
0.03370886475115672
0.03370458804818999
0.03370028483823851
0.033695952315889545
0.033691598144137136
0.03368722985131958
0.03368285615800285
0.03367847161361107
0.0336740682360344
0.033669649553968915
0.033665221417399915
0.0336607785750931
0.033656318200467855
0.03365182030379463
0.033647294039279844
0.03364274826780799
0.03363820858563606
0.0336336703220628
0.033629099758254885
0.03362450989868619
0.033619908757279396
0.033615287406085936
0.03361064586761386
0.033605990627900185
0.03360133782814517
0.03359671304566089
0.033592058827304386
0.03358738143910674
0.03358269287016198
0.033577979273084244
0.033573246560815784
0.03356851241013296
0.03356376157791483
0.03355899081229047
0.033554208552736525
0.033549414092249916
0.03354459963604655
0.03353972972997275
0.03353484164148408
0.033529937233220446
0.03352504056267294
0.0335201378620859
0.03351519441811284
0.03351023116876881
0.033505251500499
0.03350026104742763
0.03349527469505114
0.03349027740197133
0.03348528864558449
0.03348026807887319
0.03347522979370059
0.03347017488453473
0.03346510696908468
0.033460015186948834
0.03345491176224123
0.03344979728974027
0.03344466328929072
0.03343951247775583
0.03343434484941405
0.033429124169904324
0.03342387403289288
0.033418608189002455
0.033413345435475854
0.03340807063077811
0.03340276412626173
0.03339743517156686
0.033392107695906524
0.03338677413419395
0.033381425940548166
0.03337607374555675
0.033370698155927095
0.03336530694078445
0.03335989980163605
0.03335447488210313
0.033349030322634435
0.03334356656865887
0.033338093289496475
0.033332594821891444
0.033327080223845645
0.03332154533544862
0.033315942426974894
0.033310309245598364
0.03330466417644084
0.033299041871506924
0.03329339178354132
0.03328772541354439
0.03328205744006393
0.03327636604588855
0.03327063871900448
0.0332649236373631
0.0332591926066765
0.03325343413054601
0.03324765830399575
0.033241872856742676
0.03323606235353639
0.033230225472068525
0.03322438320114057
0.033218526591804985
0.03321262764197813
0.03320665717614771
0.0332006724099562
0.03319466152868776
0.03318865398196992
0.03318267516682547
0.033176671840858714
0.0331706314955845
0.03316453099942488
0.033158469743526355
0.03315238428220113
0.03314627203467087
0.03314014437248071
0.033134003245697166
0.033127838672914446
0.03312165123176937
0.03311544644775857
0.03310921058635883
0.0331029466871456
0.03309661998804751
0.03309026397895761
0.03308388500378621
0.033077534175837565
0.03307119373904219
0.03306482394151813
0.03305836840303944
0.033051918019691914
0.03304547665284834
0.03303901334604506
0.03303252873622333
0.033026030682383856
0.03301950869926424
0.03301294336649845
0.033006358660275
0.03299975894829758
0.032993135265965284
0.032986441172164774
0.03297971810464344
0.03297299762357305
0.032966264624506095
0.032959543763239715
0.03295277251264727
0.03294593644229908
0.032939136575301654
0.03293232113619012
0.032925479842937005
0.032918615112150156
0.03291171111577082
0.03290478621952093
0.03289783804595898
0.03289086012461802
0.03288387004429197
0.0328768287491658
0.032869756644069575
0.03286265982693225
0.03285554081900472
0.032848439042870506
0.032841260876912824
0.03283408759253432
0.03282691113948232
0.03281971249889698
0.03281246921737683
0.032805202231726754
0.03279791111107522
0.03279059408506844
0.03278325472255989
0.03277588590372968
0.03276852908151565
0.03276109181145351
0.03275362475646867
0.03274613595572808
0.0327386126888235
0.0327310613801135
0.032723530375328366
0.0327159681077845
0.032708367509258235
0.03270073947864924
0.03269308518140899
0.03268540797820412
0.032677705716301214
0.03266997297923294
0.03266225917177757
0.0326545021250479
0.032646680511087614
0.03263882133787345
0.03263089665293639
0.032622959023988964
0.032615025509758894
0.03260709671419457
0.0325991193900905
0.03259111255379959
0.03258307833975145
0.032575018678295556
0.032566931403808126
0.032558854181382706
0.03255076065028508
0.032542619792753566
0.03253439869875284
0.0325261354894604
0.03251778139941719
0.032509419511411765
0.032501113167071445
0.03249279066295636
0.032484412000154145
0.032475999164490274
0.03246755971625828
0.03245911224808971
0.03245066945632311
0.03244218442418726
0.03243367735505868
0.03242507660629849
0.03241639546673638
0.03240763606920548
0.032398851162560666
0.032390159181530535
0.03238143236696669
0.03237266803104408
0.032363867044135367
0.03235503908236006
0.03234620933265409
0.03233735722215615
0.032328474805449675
0.032319552376568084
0.032310487078128045
0.032301335982466955
0.032292162655263176
0.03228299254930138
0.03227389150611484
0.03226476083223211
0.0322555725422124
0.03224635841890229
0.0322371432758594
0.032227894346302216
0.03221859967338832
0.03220925886582126
0.03219980902938549
0.03219023990189541
0.032180640642136694
0.032171071103291385
0.03216156104902429
0.03215200227594507
0.0321424285704085
0.032132831809186246
0.03212319672828101
0.032113509601338
0.03210377586494317
0.03209401297566914
0.032084074150290895
0.03207407280730128
0.03206404491633509
0.032054078809555686
0.03204413175107963
0.03203417221827735
0.03202420813073994
0.03201416823594981
0.03200405802162201
0.031993919305283516
0.031983751420251304
0.03197343716125737
0.03196301965243355
0.03195257153672019
0.03194215761814374
0.0319317642483656
0.031921429281228944
0.03191103992513918
0.03190056582658311
0.031890037157843075
0.031879476819682256
0.031868843745914026
0.031858101788872245
0.03184724642666038
0.03183635420749831
0.03182551703650718
0.031814717985813444
0.03180393184357516
0.03179308619824418
0.03178217598763297
0.0317712008610597
0.031760173346866864
0.03174903101576517
0.03173779925760757
0.031726481376015976
0.031715188137516316
0.03170393832431509
0.03169267547104977
0.03168141533296099
0.03167009940247054
0.03165870862226513
0.03164723634883757
0.03163565226448086
0.03162400543802045
0.031612234924583545
0.03160052521522609
0.03158880910893778
0.03157704675541312
0.031565330332077
0.0315535758591464
0.03154175048891388
0.03152977092354949
0.03151772279608956
0.03150562311070699
0.03149340270709226
0.03148122603202898
0.03146904694113586
0.03145680760238166
0.03144459080289673
0.03143234617178804
0.03142003741050646
0.0314075436273131
0.03139499746118881
0.03138239650282045
0.03136973210467595
0.0313570772037177
0.0313443749840266
0.03133166957481245
0.03131896301026612
0.031306179813029154
0.031293284779949825
0.03128029752551261
0.03126726426102372
0.031254087391380365
0.031240973528763403
0.031227822201672657
0.031214597120109426
0.031201374153705393
0.031188128778148468
0.03117476069272872
0.031161287964546428
0.03114776628067627
0.031134146803089742
0.03112054376577976
0.03110686173655638
0.031093143026283958
0.031079430126844738
0.031065610920937355
0.031051691444003427
0.031037779603791817
0.03102377362585688
0.031009642595770198
0.030995504089090214
0.030981328545237462
0.030967100926641535
0.03095278228774349
0.03093837430568034
0.03092399537578394
0.03090954680768474
0.030894973999624865
0.03088035258377772
0.030865681831610012
0.03085095028828336
0.030836088633072748
0.030821187335144128
0.0308062876954681
0.03079134153618769
0.03077631110711209
0.030761204091031023
0.030746025723729715
0.030730746650716744
0.03071536428054237
0.0306999162440854
0.030684503524189017
0.030669016177466563
0.03065348953683821
0.03063785944635332
0.030622145146433955
0.030606310380270535
0.030590373297871495
0.030574388003804454
0.030558421753903237
0.03054237720810051
0.03052628732825706
0.030510117603730284
0.030493827608412252
0.030477450274687956
0.03046094863962806
0.030444389088044053
0.030427837593935962
0.030411222008535826
0.03039452170700731
0.03037777846885568
0.030360904901640395
0.03034393652265721
0.030326843187336937
0.03030969561571051
0.03029253192504069
0.030275272586857027
0.030258023206553304
0.030240634378003325
0.030223146869686655
0.03020552802121315
0.030187810110554193
0.030170043179206157
0.03015222927375351
0.030134349835216453
0.03011646556049995
0.030098439382817227
0.03008025711874617
0.030061973781005107
0.030043575619844082
0.030025165118818146
0.030006682811160954
0.029988229555384223
0.02996963649305902
0.029950854664150036
0.029931967527096627
0.029912969694194786
0.02989392031392036
0.029874823818047846
0.029855787300024438
0.029836552957536847
0.029817155323313176
0.029797633543765762
0.02977800187310865
0.02975830143181501
0.029738590387371686
0.029718941246507393
0.0296990026122675
0.029678934414141288
0.02965875857554927
0.029638472907966017
0.02961809374904163
0.029597793581312825
0.029577431563024205
0.02955676701818959
0.029535999672021838
0.029515132581532478
0.029494167012352593
0.02947316006126261
0.029452191521383342
0.029431006342095178
0.02940964627899052
0.029388147122642823
0.02936654771899359
0.029344910595263993
0.029323258604165927
0.029301469263623252
0.02927947364542441
0.02925737452886437
0.02923515899020741
0.029212834855874625
0.029190414758353087
0.02916803776505206
0.029145441039923718
0.02912263745316709
0.02909974723599595
0.029076778352652564
0.029053678241859646
0.029030515070045077
0.02900728624343303
0.02898382703867337
0.028960221231633783
0.028936522079147563
0.02891271094691387
0.02888881789966191
0.028864859608490296
0.028840685883418128
0.02881635798209022
0.02879194875190472
0.02876738635848866
0.02874269429298228
0.028717976335372302
0.02869309177675835
0.028667997482531286
0.02864279209118301
0.02861747832262252
0.028592016701443776
0.028566475372692968
0.02854076095976521
0.028514938085943794
0.02848895838647883
0.028462779948119833
0.028436494379684506
0.0284101243861493
0.028383652100990593
0.028356986869107315
0.02833014477906359
0.028303112252241188
0.028275994112285256
0.028248792471971478
0.028221427451168627
0.02819391137298181
0.028166189352684917
0.02813826209882756
0.02811026346667395
0.028082218974540853
0.028053940190974073
0.028025503894673637
0.027996794841523717
0.027968015644517667
0.027939132375531382
0.02791011431660031
0.027880895182567686
0.027851439907180673
0.02782181870194117
0.027792104393977498
0.027762273050695303
0.027732251809195183
0.027701963576558818
0.02767149601397925
0.027640982819656316
0.027610281663840348
0.027579389501317466
0.02754827150934051
0.027516933117796374
0.02748557306304209
0.027453968904080733
0.027422179083478417
0.02739018562106558
0.027357973964556886
0.027325651689429152
0.02729316970740946
0.027260459747279035
0.027227562333874314
0.027194381279586257
0.027161099351892072
0.02712770157131125
0.027094069359170105
0.02706013591124262
0.027026000462101407
0.026991782037297914
0.026957383100020844
0.026922737349284895
0.026887788554082036
0.026852689183735665
0.026817446247043186
0.026781982358452642
0.02674628833453841
0.026710339694975604
0.026674212865649922
0.02663786366704438
0.0266012954595738
0.0265645411921918
0.026527572470470287
0.026490283409815563
0.026452801194616175
0.02641513704803257
0.026377330771739232
0.026339169252215206
0.026300689432747614
0.02626207877046663
0.02622331107574701
0.026184288015979912
0.02614486820376114
0.02610524186428769
0.026065478628150313
0.02602547991546792
0.025985156396792622
0.025944499341476576
0.02590371939939045
0.02586268857316566
0.025821379391653205
0.02577972751526376
0.02573784183314028
0.02569575838389937
0.025653410377598034
0.0256107049640482
0.02556774858993479
0.025524525752925815
0.025481129961992595
0.025437320156477074
0.025393244981271573
0.025348873694090307
0.025304307752548955
0.0252594056351725
0.025214165613427854
0.025168639219234755
0.02512283444248047
0.02507677349191889
0.025030356970072026
0.02498361123920983
0.024936556390153602
0.024889268988641213
0.024841596468595056
0.024793609040658544
0.024745278349181117
0.024696689437454695
0.024647714152793727
0.024598431869253635
0.024548762962090416
0.024498806809427814
0.024448510090685778
0.02439786243200166
0.024346832199092967
0.024295475608517067
0.024243769474652337
0.024191684379179467
0.02413924299207527
0.024086439780508
0.02403326055429225
0.02397969008939024
0.023925762720906577
0.023871443961856465
0.023816740839300066
0.023761640168306956
0.02370615939441976
0.023650248628246426
0.023593960937962316
0.023537256502142553
0.02348014435502305
0.02342258108016803
0.023364631331644084
0.023306270168444068
0.023247464295030704
0.02318817117073742
0.023128469966386633
0.023068352130033217
0.02300775130457019
0.022946677329485934
0.0228851483800654
0.02282319039611057
0.022760749489086216
0.02269780254059149
0.022634362376042105
0.02257048399574904
0.022506111872186915
0.022441192611536768
0.022375737851675036
0.02230981498099149
0.02224340706717818
0.0221764351365291
0.022108887985712162
0.022040834954345122
0.021972278580750404
0.021903146289694815
0.02183340806685878
0.02176309928175628
0.021692263476784945
0.02162087417948331
0.02154884551738847
0.02147617052723275
0.02140294152349825
0.021329151444525466
0.02125469379843936
0.021179535711365514
0.02110376080686589
0.021027414958332824
0.020950419473889755
0.020872678721799747
0.020794202319914606
0.0207151488831942
0.02063544981492233
0.020554969093683012
0.02047366620211553
0.020391745757143222
0.02030915331396407
0.0202257927087209
0.020141608894592825
0.020056746316845498
0.019971211240822774
0.019884927129930736
0.019797785925219295
0.019709851677885585
0.019621150603176978
0.01953170563676129
0.019441401615426433
0.019350205262545064
0.019258108709780095
0.019165220103704084
0.019071545896080185
0.01897686246771347
0.01888114007327488
0.018784561943081125
0.018687182811176047
0.018588720544216456
0.018489157462511202
0.01838861415088663
0.018287175153091882
0.01818461336522813
0.018080917166753807
0.017976104530787917
0.01787020870765138
0.017763249533921485
0.017655060099871007
0.017545608050351887
0.017434920304887185
0.017323110492941295
0.01720995829245705
0.017095498533104263
0.016979621485973765
0.01686236878475426
0.01674384967233217
0.01662382380273858
0.01650229342987672
0.016379201484802566
0.016254683765207875
0.016128517699093615
0.016000654601806313
0.015871179778551934
0.015739963444246
0.015607075905401788
0.015472169799153562
0.015335468941932844
0.015196885379134427
0.015056302994755195
0.014913670064594639
0.01476881445718291
0.01462193486075008
0.014472950402932939
0.014321862264912522
0.0141683628806417
0.014012472533590342
0.013854419274247803
0.01369375726694339
0.01353051896365557
0.01336426686511135
0.013195285781811424
0.013023643572847047
0.012848818579255473
0.012670594949410988
0.012488860130872267
0.012303714088244239
0.012115189253852474
0.011922556548831405
0.01172565159217121
0.011524306155962512
0.011318593172195706
0.011108486806396062
0.010892689945439623
0.010671351092482994
0.010444193499525361
0.01021105666919835
0.00997162713287542
0.009724454310230831
0.009469306278364224
0.009205841559723984
0.00893353781032549
0.008651432638946419
0.008357627842551165
0.008051236054062596
0.007731295038196561
0.007396224671392381
0.007043036544873038
0.006668917833152517
0.0062706119858027655
0.005844170357945641
0.005382856604674489
0.004875548545484026
0.004305717697553189
0.0036437410538394913
0.0028263875125016566
0.0016336940169914477
0.0
0.0
0.0
0.0
0.0
0.0
0.0
0.0
0.0
0.0
0.0
0.0
0.0
0.0
0.0
0.0
0.0
0.0
0.0
0.0
0.0
0.0
0.0
0.0
0.0
0.0
0.0
0.0
0.0
0.0
0.0
0.0
0.0
0.0
0.0
0.0
0.0
0.0
0.0
0.0
0.0
0.0
0.0
0.0
0.0
0.0
0.0
0.0
0.0
0.0
0.0
0.0
0.0
0.0
0.0
0.0
0.0
0.0
0.0
0.0
0.0
0.0
0.0
0.0
0.0
0.0
0.0
0.0
0.0
0.0
0.0
0.0
0.0
0.0
0.0
0.0
0.0
0.0
0.0
0.0
0.0
0.0
0.0
0.0
0.0
0.0
0.0
0.0
0.0
0.0
0.0
0.0
0.0
0.0
0.0
0.0
0.0
0.0
0.0
0.0
0.0
0.0
0.0
0.0
0.0
0.0
0.0
0.0
0.0
0.0
0.0
0.0
0.0
0.0
0.0
0.0
0.0
0.0
0.0
0.0
0.0
0.0
0.0
0.0
0.0
0.0
0.0
0.0
0.0
0.0
0.0
0.0
0.0
0.0
0.0
0.0
0.0
0.0
0.0
0.0
0.0
0.0
0.0
0.0
0.0
0.0
0.0
0.0
0.0
0.0
0.0
0.0
0.0
0.0
0.0
0.0
0.0
0.0
0.0
0.0
0.0
0.0
0.0
0.0
0.0
0.0
0.0
0.0
0.0
0.0
0.0
0.0
0.0
0.0
0.0
0.0
0.0
0.0
0.0
0.0
0.0
0.0
0.0
0.0
0.0
0.0
0.0
0.0
0.0
0.0
0.0
0.0
0.0
0.0
0.0
0.0
0.0
0.0
0.0
0.0
0.0
0.0
0.0
0.0
0.0
0.0
0.0
0.0
0.0
0.0
0.0
0.0
0.0
0.0
0.0
0.0
0.0
0.0
0.0
0.0
0.0
0.0
0.0
0.0
0.0
0.0
0.0
0.0
0.0
0.0
0.0
0.0
0.0
0.0
0.0
0.0
0.0
0.0
0.0
0.0
0.0
0.0
0.0
0.0
0.0
0.0
0.0
0.0
0.0
0.0
0.0
0.0
0.0
0.0
0.0
0.0
0.0
0.0
0.0
0.0
0.0
0.0
0.0
0.0
0.0
0.0
0.0
0.0
0.0
0.0
0.0
0.0
0.0
0.0
0.0
0.0
0.0
0.0
0.0
0.0
0.0
0.0
0.0
0.0
0.0
0.0
0.0
0.0
0.0
0.0
0.0
0.0
0.0
0.0
0.0
0.0
0.0
0.0
0.0
0.0
0.0
0.0
0.0
0.0
0.0
0.0
0.0
0.0
0.0
0.0
0.0
0.0
0.0
0.0
0.0
0.0
0.0
0.0
0.0
0.0
0.0
0.0
0.0
0.0
0.0
0.0
0.0
0.0
0.0
0.0
0.0
0.0
0.0
0.0
0.0
0.0
0.0
0.0
0.0
0.0
0.0
0.0
0.0
0.0
0.0
0.0
0.0
0.0
0.0
0.0
0.0
0.0
0.0
0.0
0.0
0.0
0.0
0.0
0.0
0.0
0.0
0.0
0.0
0.0
0.0
0.0
0.0
0.0
0.0
0.0
0.0
0.0
0.0
0.0
0.0
0.0
0.0
0.0
0.0
0.0
0.0
0.0
0.0
0.0
0.0
0.0
0.0
0.0
0.0
0.0
0.0
0.0
0.0
0.0
0.0
0.0
0.0
0.0
0.0
0.0
0.0
0.0
0.0
0.0
0.0
0.0
0.0
0.0
0.0
0.0
0.0
0.0
0.0
0.0
0.0
0.0
0.0
0.0
0.0
0.0
0.0
0.0
0.0
0.0
0.0
0.0
0.0
0.0
0.0
0.0
0.0
0.0
0.0
0.0
0.0
0.0
0.0
0.0
0.0
0.0
0.0
0.0
0.0
0.0
0.0
0.0
0.0
0.0
0.0
0.0
0.0
0.0
0.0
0.0
0.0
0.0
0.0
0.0
0.0
0.0
0.0
0.0
0.0
0.0
0.0
0.0
0.0
0.0
0.0
0.0
0.0
0.0
0.0
0.0
0.0
0.0
0.0
0.0
0.0
0.0
0.0
0.0
0.0
0.0
0.0
0.0
0.0
0.0
0.0
0.0
0.0
0.0
0.0
0.0
0.0
0.0
0.0
0.0
0.0
0.0
0.0
0.0
0.0
0.0
0.0
0.0
0.0
0.0
0.0
0.0
0.0
0.0
0.0
0.0
0.0
0.0
0.0
0.0
0.0
0.0
0.0
0.0
0.0
0.0
0.0
0.0
0.0
0.0
0.0
0.0
0.0
0.0
0.0
0.0
0.0
0.0
0.0
0.0
0.0
0.0
0.0
0.0
0.0
0.0
0.0
0.0
0.0
0.0
0.0
0.0
0.0
0.0
0.0
0.0
0.0
0.0
0.0
0.0
0.0
0.0
0.0
0.0
0.0
0.0
0.0
0.0
0.0
0.0
0.0
0.0
0.0
0.0
0.0
0.0
0.0
0.0
0.0
0.0
0.0
0.0
0.0
0.0
0.0
0.0
0.0
0.0
0.0
0.0
0.0
0.0
0.0
0.0
0.0
0.0
0.0
0.0
0.0
0.0
0.0
0.0
0.0
0.0
0.0
0.0
0.0
0.0
0.0
0.0
0.0
0.0
0.0
0.0
0.0
0.0
0.0
0.0
0.0
0.0
0.0
0.0
0.0
0.0
0.0
0.0
0.0
0.0
0.0
0.0
0.0
0.0
0.0
0.0
0.0
0.0
0.0
0.0
0.0
0.0
0.0
0.0
0.0
0.0
0.0
0.0
0.0
0.0
0.0
0.0
0.0
0.0
0.0
0.0
0.0
0.0
0.0
0.0
0.0
0.0
0.0
0.0
0.0
0.0
0.0
0.0
0.0
0.0
0.0
0.0
0.0
0.0
0.0
0.0
0.0
0.0
0.0
0.0
0.0
0.0
0.0
0.0
0.0
0.0
0.0
0.0
0.0
0.0
0.0
0.0
0.0
0.0
0.0
0.0
0.0
0.0
0.0
0.0
0.0
0.0
0.0
0.0
0.0
0.0
0.0
0.0
0.0
0.0
0.0
0.0
0.0
0.0
0.0
0.0
0.0
0.0
0.0
0.0
0.0
0.0
0.0
0.0
0.0
0.0
0.0
0.0
0.0
0.0
0.0
0.0
0.0
0.0
0.0
0.0
0.0
0.0
0.0
0.0
0.0
0.0
0.0
0.0
0.0
0.0
0.0
0.0
0.0
0.0
0.0
0.0
0.0
0.0
0.0
0.0
0.0
0.0
0.0
0.0
0.0
0.0
0.0
0.0
0.0
0.0
0.0
0.0
0.0
0.0
0.0
0.0
0.0
0.0
0.0
0.0
0.0
0.0
0.0
0.0
0.0
0.0
0.0
0.0
0.0
0.0
0.0
0.0
0.0
0.0
0.0
0.0
0.0
0.0
0.0
0.0
0.0
0.0
0.0
0.0
0.0
0.0
0.0
0.0
0.0
0.0
0.0
0.0
0.0
0.0
0.0
0.0
0.0
0.0
0.0
0.0
0.0
0.0
0.0
0.0
0.0
0.0
0.0
0.0
0.0
0.0
0.0
0.0
0.0
0.0
0.0
0.0
0.0
0.0
0.0
0.0
0.0
0.0
0.0
0.0
0.0
0.0
0.0
0.0
0.0
0.0
0.0
0.0
0.0
0.0
0.0
0.0
0.0
0.0
0.0
0.0
0.0
0.0
0.0
0.0
0.0
0.0
0.0
0.0
0.0
0.0
0.0
0.0
0.0
0.0
0.0
0.0
0.0
0.0
0.0
0.0
0.0
0.0
0.0
0.0
0.0
0.0
0.0
0.0
0.0
0.0
0.0
0.0
0.0
0.0
0.0
0.0
0.0
0.0
0.0
0.0
0.0
0.0
0.0
0.0
0.0
0.0
0.0
0.0
0.0
0.0
0.0
0.0
0.0
0.0
0.0
0.0
0.0
0.0
0.0
0.0
0.0
0.0
0.0
0.0
0.0
0.0
0.0
0.0
0.0
0.0
0.0
0.0
0.0
0.0
0.0
0.0
0.0
0.0
0.0
0.0
0.0
0.0
0.0
0.0
0.0
0.0
0.0
0.0
0.0
0.0
0.0
0.0
0.0
0.0
0.0
0.0
0.0
0.0
0.0
0.0
0.0
0.0
0.0
0.0
0.0
0.0
0.0
0.0
0.0
0.0
0.0
0.0
0.0
0.0
0.0
0.0
0.0
0.0
0.0
0.0
0.0
0.0
0.0
0.0
0.0
0.0
0.0
0.0
0.0
0.0
0.0
0.0
0.0
0.0
0.0
0.0
0.0
0.0
0.0
0.0
0.0
0.0
0.0
0.0
0.0
0.0
0.0
0.0
0.0
0.0
0.0
0.0
0.0
0.0
0.0
0.0
0.0
0.0
0.0
0.0
0.0
0.0
0.0
0.0
0.0
0.0
0.0
0.0
0.0
0.0
0.0
0.0
0.0
0.0
0.0
0.0
0.0
0.0
0.0
0.0
0.0
0.0
0.0
0.0
0.0
0.0
0.0
0.0
0.0
0.0
0.0
0.0
0.0
0.0
0.0
0.0
0.0
0.0
0.0
0.0
0.0
0.0
0.0
0.0
0.0
0.0
0.0
0.0
0.0
0.0
0.0
0.0
0.0
0.0
0.0
0.0
0.0
0.0
0.0
0.0
0.0
0.0
0.0
0.0
0.0
0.0
0.0
0.0
0.0
0.0
0.0
0.0
0.0
0.0
0.0
0.0
0.0
0.0
0.0
0.0
0.0
0.0
0.0
0.0
0.0
0.0
0.0
0.0
0.0
0.0
0.0
0.0
0.0
0.0
0.0
0.0
0.0
0.0
0.0
0.0
0.0
0.0
0.0
0.0
0.0
0.0
0.0
0.0
0.0
0.0
0.0
0.0
0.0
0.0
0.0
0.0
0.0
0.0
0.0
0.0
0.0
0.0
0.0
0.0
0.0
0.0
0.0
0.0
0.0
0.0
0.0
0.0
0.0
0.0
0.0
0.0
0.0
0.0
0.0
0.0
0.0
0.0
0.0
0.0
0.0
0.0
0.0
0.0
0.0
0.0
0.0
0.0
0.0
0.0
0.0
0.0
0.0
0.0
0.0
0.0
0.0
0.0
0.0
0.0
0.0
0.0
0.0
0.0
0.0
0.0
0.0
0.0
0.0
0.0
0.0
0.0
0.0
0.0
0.0
0.0
0.0
0.0
0.0
0.0
0.0
0.0
0.0
0.0
0.0
0.0
0.0
0.0
0.0
0.0
0.0
0.0
0.0
0.0
0.0
0.0
0.0
0.0
0.0
0.0
0.0
0.0
0.0
0.0
0.0
0.0
0.0
0.0
0.0
0.0
0.0
0.0
0.0
0.0
0.0
0.0
0.0
0.0
0.0
0.0
0.0
0.0
0.0
0.0
0.0
0.0
0.0
0.0
0.0
0.0
0.0
0.0
0.0
0.0
0.0
0.0
0.0
0.0
0.0
0.0
0.0
0.0
0.0
0.0
0.0
0.0
0.0
0.0
0.0
0.0
0.0
0.0
0.0
0.0
0.0
0.0
0.0
0.0
0.0
0.0
0.0
0.0
0.0
0.0
0.0
0.0
0.0
0.0
0.0
0.0
0.0
0.0
0.0
0.0
0.0
0.0
0.0
0.0
0.0
0.0
0.0
0.0
0.0
0.0
0.0
0.0
0.0
0.0
0.0
0.0
0.0
0.0
0.0
0.0
0.0
0.0
0.0
0.0
0.0
0.0
0.0
0.0
0.0
0.0
0.0
0.0
0.0
0.0
0.0
0.0
0.0
0.0
0.0
0.0
0.0
0.0
0.0
0.0
0.0
0.0
0.0
0.0
0.0
0.0
0.0
0.0
0.0
0.0
0.0
0.0
0.0
0.0
0.0
0.0
0.0
0.0
0.0
0.0
0.0
0.0
0.0
0.0
0.0
0.0
0.0
0.0
0.0
0.0
0.0
0.0
0.0
0.0
0.0
0.0
0.0
0.0
0.0
0.0
0.0
0.0
0.0
0.0
0.0
0.0
0.0
0.0
0.0
0.0
0.0
0.0
0.0
0.0
0.0
0.0
0.0
0.0
0.0
0.0
0.0
0.0
0.0
0.0
0.0
0.0
0.0
0.0
0.0
0.0
0.0
0.0
0.0
0.0
0.0
0.0
0.0
0.0
0.0
0.0
0.0
0.0
0.0
0.0
0.0
0.0
0.0
0.0
0.0
0.0
0.0
0.0
0.0
0.0
0.0
0.0
0.0
0.0
0.0
0.0
0.0
0.0
0.0
0.0
0.0
0.0
0.0
0.0
0.0
0.0
0.0
0.0
0.0
0.0
0.0
0.0
0.0
0.0
0.0
0.0
0.0
0.0
0.0
0.0
0.0
0.0
0.0
0.0
0.0
0.0
0.0
0.0
0.0
0.0
0.0
0.0
0.0
0.0
0.0
0.0
0.0
0.0
0.0
0.0
0.0
0.0
0.0
0.0
0.0
0.0
0.0
0.0
0.0
0.0
0.0
0.0
0.0
0.0
0.0
0.0
0.0
0.0
0.0
0.0
0.0
0.0
0.0
0.0
0.0
0.0
0.0
0.0
0.0
0.0
0.0
0.0
0.0
0.0
0.0
0.0
0.0
0.0
0.0
0.0
0.0
0.0
0.0
0.0
0.0
0.0
0.0
0.0
0.0
0.0
0.0
0.0
0.0
0.0
0.0
0.0
0.0
0.0
0.0
0.0
0.0
0.0
0.0
0.0
0.0
0.0
0.0
0.0
0.0
0.0
0.0
0.0
0.0
0.0
0.0
0.0
0.0
0.0
0.0
0.0
0.0
0.0
0.0
0.0
0.0
0.0
0.0
0.0
0.0
0.0
0.0
0.0
0.0
0.0
0.0
0.0
0.0
0.0
0.0
0.0
0.0
0.0
0.0
0.0
0.0
0.0
0.0
0.0
0.0
0.0
0.0
0.0
0.0
0.0
0.0
0.0
0.0
0.0
0.0
0.0
0.0
0.0
0.0
0.0
0.0
0.0
0.0
0.0
0.0
0.0
0.0
0.0
0.0
0.0
0.0
0.0
0.0
0.0
0.0
0.0
0.0
0.0
0.0
0.0
0.0
0.0
0.0
0.0
0.0
0.0
0.0
0.0
0.0
0.0
0.0
0.0
0.0
0.0
0.0
0.0
0.0
0.0
0.0
0.0
0.0
0.0
0.0
0.0
0.0
0.0
0.0
0.0
0.0
0.0
0.0
0.0
0.0
0.0
0.0
0.0
0.0
0.0
0.0
0.0
0.0
0.0
0.0
0.0
0.0
0.0
0.0
0.0
0.0
0.0
0.0
0.0
0.0
0.0
0.0
0.0
0.0
0.0
0.0
0.0
0.0
0.0
0.0
0.0
0.0
0.0
0.0
0.0
0.0
0.0
0.0
0.0
0.0
0.0
0.0
0.0
0.0
0.0
0.0
0.0
0.0
0.0
0.0
0.0
0.0
0.0
0.0
0.0
0.0
0.0
0.0
0.0
0.0
0.0
0.0
0.0
0.0
0.0
0.0
0.0
0.0
0.0
0.0
0.0
0.0
0.0
0.0
0.0
0.0
0.0
0.0
0.0
0.0
0.0
0.0
0.0
0.0
0.0
0.0
0.0
0.0
0.0
0.0
0.0
0.0
0.0
0.0
0.0
0.0
0.0
0.0
0.0
0.0
0.0
0.0
0.0
0.0
0.0
0.0
0.0
0.0
0.0
0.0
0.0
0.0
0.0
0.0
0.0
0.0
0.0
0.0
0.0
0.0
0.0
0.0
0.0
0.0
0.0
0.0
0.0
0.0
0.0
0.0
0.0
0.0
0.0
0.0
0.0
0.0
0.0
0.0
0.0
0.0
0.0
0.0
0.0
0.0
0.0
0.0
0.0
0.0
0.0
0.0
0.0
0.0
0.0
0.0
0.0
0.0
0.0
0.0
0.0
0.0
0.0
0.0
0.0
0.0
0.0
0.0
0.0
0.0
0.0
0.0
0.0
0.0
0.0
0.0
0.0
0.0
0.0
0.0
0.0
0.0
0.0
0.0
0.0
0.0
0.0
0.0
0.0
0.0
0.0
0.0
0.0
0.0
0.0
0.0
0.0
0.0
0.0
0.0
0.0
0.0
0.0
0.0
0.0
0.0
0.0
0.0
0.0
0.0
0.0
0.0
0.0
0.0
0.0
0.0
0.0
0.0
0.0
0.0
0.0
0.0
0.0
0.0
0.0
0.0
0.0
0.0
0.0
0.0
0.0
0.0
0.0
0.0
0.0
0.0
0.0
0.0
0.0
0.0
0.0
0.0
0.0
0.0
0.0
0.0
0.0
0.0
0.0
0.0
0.0
0.0
0.0
0.0
0.0
0.0
0.0
0.0
0.0
0.0
0.0
0.0
0.0
0.0
0.0
0.0
0.0
0.0
0.0
0.0
0.0
0.0
0.0
0.0
0.0
0.0
0.0
0.0
0.0
0.0
0.0
0.0
0.0
0.0
0.0
0.0
0.0
0.0
0.0
0.0
0.0
0.0
0.0
0.0
0.0
0.0
0.0
0.0
0.0
0.0
0.0
0.0
0.0
0.0
0.0
0.0
0.0
0.0
0.0
0.0
0.0
0.0
0.0
0.0
0.0
0.0
0.0
0.0
0.0
0.0
0.0
0.0
0.0
0.0
0.0
0.0
0.0
0.0
0.0
0.0
0.0
0.0
0.0
0.0
0.0
0.0
0.0
0.0
0.0
0.0
0.0
0.0
0.0
0.0
0.0
0.0
0.0
0.0
0.0
0.0
0.0
0.0
0.0
0.0
0.0
0.0
0.0
0.0
0.0
0.0
0.0
0.0
0.0
0.0
0.0
0.0
0.0
0.0
0.0
0.0
0.0
0.0
0.0
0.0
0.0
0.0
0.0
0.0
0.0
0.0
0.0
0.0
0.0
0.0
0.0
0.0
0.0
0.0
0.0
0.0
0.0
0.0
0.0
0.0
0.0
0.0
0.0
0.0
0.0
0.0
0.0
0.0
0.0
0.0
0.0
0.0
0.0
0.0
0.0
0.0
0.0
0.0
0.0
0.0
0.0
0.0
0.0
0.0
0.0
0.0
0.0
0.0
0.0
0.0
0.0
0.0
0.0
0.0
0.0
0.0
0.0
0.0
0.0
0.0
0.0
0.0
0.0
0.0
0.0
0.0
0.0
0.0
0.0
0.0
0.0
0.0
0.0
0.0
0.0
0.0
0.0
0.0
0.0
0.0
0.0
0.0
0.0
0.0
0.0
0.0
0.0
0.0
0.0
0.0
