0.564710972617729
0.5647087498561436
0.564706460569571
0.5647040820561207
0.5647016459129066
0.564699168891673
0.5646966601524113
0.5646941252275282
0.5646915677167618
0.5646889901175716
0.5646863942865533
0.564683781608012
0.5646811530964667
0.5646785202032687
0.5646758737947973
0.5646732208929709
0.5646705567516832
0.5646678838828997
0.5646652013721194
0.5646625090727675
0.5646598073589114
0.5646570951875314
0.5646543714156039
0.5646516355922905
0.5646488876992982
0.5646461278323635
0.5646433573345776
0.5646405795620717
0.5646377900739616
0.5646349889558833
0.5646321762135452
0.5646293552262983
0.564626524341502
0.5646236820307972
0.5646208283058902
0.5646179640573117
0.5646150903504098
0.5646122064782546
0.5646093115531551
0.5646064053112397
0.5646034884543466
0.5646005649691707
0.5645976319249042
0.564594688053105
0.5645917330336837
0.5645887667973013
0.5645857891729895
0.5645828009379952
0.564579803066996
0.564576794979561
0.5645737755726542
0.5645707448331504
0.5645677028031526
0.5645646494997881
0.564561585059296
0.5645585104824793
0.5645554279671601
0.5645523349330819
0.5645492307504543
0.5645461150259075
0.5645429879763385
0.5645398497222682
0.5645367002697516
0.5645335401466316
0.5645303695377052
0.5645271887421416
0.5645239977762326
0.5645207955099315
0.5645175817771332
0.564514356443232
0.5645111194911298
0.5645078709576145
0.5645046126926473
0.5645013432163496
0.5644980620316753
0.564494769871117
0.5644914670381762
0.5644881527703588
0.5644848267800443
0.5644814891679287
0.5644781396498381
0.5644747780665231
0.5644714046850616
0.5644680197737965
0.5644646237281303
0.5644612167918909
0.5644577984697042
0.5644543690959563
0.5644509276593537
0.5644474764153745
0.56444401269204
0.5644405371634399
0.56443704932029
0.5644335493115443
0.5644300372091282
0.5644265127072694
0.5644229761263326
0.5644194280119412
0.5644158680860101
0.5644122959014867
0.5644087113563905
0.5644051143443976
0.5644015050538815
0.5643978831478155
0.5643942497574796
0.5643906044165772
0.5643869468347661
0.5643832777553502
0.5643795959005584
0.5643759013990158
0.5643721944795059
0.5643684753680696
0.564364743878918
0.5643609997198162
0.5643572426898198
0.5643534726342276
0.5643496895035074
0.5643458933181863
0.5643420841846469
0.5643382624054558
0.5643344282229086
0.564330581443733
0.5643267215109591
0.5643228482426247
0.5643189616119664
0.5643150635372943
0.5643111529965428
0.5643072290882211
0.5643032917487782
0.5642993410157479
0.5642953769459037
0.5642913995500651
0.5642874083432375
0.5642834032729478
0.564279384471405
0.5642753520838872
0.5642713064023466
0.5642672473673654
0.5642631746672196
0.5642590883748092
0.5642549883507422
0.5642508743444591
0.5642467458933795
0.5642426038115275
0.5642384488013428
0.5642342804230086
0.5642300979060233
0.5642259026518444
0.5642216937453104
0.5642174705987797
0.5642132328098871
0.564208980598073
0.5642047137293444
0.5642004326776112
0.5641961373570914
0.5641918273428691
0.5641875029401715
0.5641831637563004
0.5641788094019035
0.5641744407334495
0.564170057529781
0.5641656592541191
0.5641612462606773
0.5641568180432496
0.5641523756699663
0.5641479181425058
0.5641434467467713
0.5641389602227165
0.5641344587251502
0.5641299430407783
0.5641254083857621
0.564120857961042
0.5641162922310313
0.56411171149427
0.5641071145330777
0.5641025025977221
0.5640978751276445
0.5640932319855184
0.5640885732488627
0.5640838987022126
0.5640792085458708
0.5640745025746121
0.5640697808056611
0.5640650433875937
0.5640602895083576
0.5640555202227915
0.564050734448864
0.5640459330389508
0.5640411152667469
0.5640362813996116
0.5640314316487698
0.5640265660942747
0.5640216838960167
0.5640167860923341
0.5640118713905653
0.5640069416832231
0.5640019951034155
0.5639970329896837
0.5639920555710282
0.5639870604219793
0.5639820487989813
0.5639770207033673
0.5639719754564851
0.5639669137089903
0.5639618350369894
0.5639567388124714
0.5639516257064161
0.563946495738604
0.5639413482610881
0.5639361837122224
0.5639310023964836
0.5639258035864168
0.5639205865128468
0.5639153526379322
0.5639101011958138
0.5639048317881024
0.5638995463606289
0.5638942428856403
0.5638889214532433
0.5638835828438395
0.5638782260369224
0.5638728510613261
0.5638674584630976
0.563862047343116
0.5638566188001299
0.5638511737062402
0.5638457097312445
0.5638402273257427
0.5638347283265003
0.5638292117971512
0.5638236756417122
0.5638181204392998
0.5638125478740874
0.5638069571630515
0.5638013472060084
0.5637957175633965
0.5637900696920436
0.5637844036431294
0.5637787189006946
0.5637730147217661
0.5637672903397953
0.5637615480882086
0.5637557870831794
0.5637500071399097
0.5637442077888565
0.5637383885308075
0.5637325505514817
0.5637266933915925
0.5637208164736417
0.56371492034256
0.5637090040709003
0.5637030678533902
0.5636971124962517
0.5636911371223415
0.5636851418596917
0.5636791270477044
0.5636730926430196
0.5636670384330649
0.5636609639587008
0.5636548682514987
0.5636487521112435
0.5636426175099297
0.5636364640227802
0.5636302899132892
0.5636240934278461
0.5636178758148256
0.5636116386561689
0.5636053817150478
0.5635991041534364
0.5635928053499436
0.563586485282842
0.5635801432313753
0.5635737787707725
0.563567394159149
0.5635609892757946
0.563554563034503
0.5635481153236724
0.5635416465524876
0.5635351564155407
0.5635286439311517
0.5635221100875726
0.5635155548704056
0.5635089768060141
0.5635023770441322
0.5634957559943322
0.5634891132238536
0.5634824482978514
0.5634757604325735
0.5634690508171096
0.5634623199483406
0.5634555666109342
0.5634487906960117
0.5634419924469642
0.5634351715264804
0.5634283277774788
0.5634214612457168
0.5634145724577024
0.5634076609995472
0.5634007262150088
0.5633937680462192
0.5633867867399247
0.5633797829896726
0.5633727567183325
0.5633657075357604
0.5633586352213812
0.563351539633714
0.5633444206601983
0.5633372781927426
0.5633301119914992
0.5633229212352895
0.5633157064834972
0.563308467856969
0.5633012051025501
0.5632939187830529
0.5632866086272742
0.5632792744228635
0.5632719160396753
0.5632645332906526
0.563257125790921
0.563249692763963
0.5632422351309768
0.5632347532152473
0.5632272464946043
0.563219714587892
0.5632121577461886
0.5632045761403364
0.5631969697032809
0.5631893384954602
0.5631816823199748
0.5631740008223517
0.5631662938125622
0.5631585609939528
0.5631508021842708
0.5631430176084519
0.5631352075160053
0.5631273717059433
0.5631195100232692
0.5631116223522896
0.5631037086474203
0.563095769020195
0.5630878034326269
0.5630798116359242
0.563071793549751
0.563063748979731
0.5630556772254962
0.5630475790142485
0.5630394541925742
0.5630313028259137
0.5630231244144401
0.5630149186316936
0.5630066857612173
0.5629984244744428
0.5629901352773549
0.5629818186790931
0.5629734747441857
0.5629651033048834
0.5629567042149999
0.5629482773599436
0.5629398226343189
0.5629313399394611
0.5629228291846362
0.562914290267134
0.5629057231041986
0.5628971276110216
0.562888503705972
0.5628798513075429
0.5628711703408305
0.5628624607550299
0.562853722594124
0.5628449561129
0.5628361602976794
0.5628273347607381
0.5628184803911074
0.5628095968901311
0.5628006840160616
0.5627917413839998
0.562782768929461
0.5627737667968918
0.5627647349331976
0.5627556732609463
0.5627465817131273
0.562737460249364
0.5627283089123419
0.5627191277970279
0.5627099167412386
0.5627006753459077
0.5626914009204603
0.5626820959849114
0.562672760596118
0.5626633944984345
0.5626539974843525
0.5626445694732729
0.5626351103910721
0.5626256205086674
0.5626160996776328
0.5626065476636504
0.5625969647342717
0.5625873514685786
0.5625777063732205
0.5625680288251721
0.5625583194947725
0.5625485776689861
0.5625388027603145
0.5625289946532577
0.5625191537590901
0.5625092804312066
0.5624993747337974
0.5624894367771764
0.5624794672783039
0.5624694633134495
0.5624594255680565
0.5624493549511369
0.5624392516690165
0.5624291160079454
0.5624189459319466
0.5624087415744053
0.5623985040519773
0.5623882338025533
0.5623779304407563
0.5623675918927944
0.5623572180304658
0.56234681010285
0.5623363682836366
0.5623258922959458
0.5623153825841771
0.5623048381317953
0.5622942580208385
0.5622836433728045
0.5622729922132432
0.5622623056125964
0.5622515844007833
0.5622408287099562
0.5622300378076741
0.562219210682099
0.5622083490312224
0.56219745279193
0.5621865186313804
0.5621755468113899
0.5621645389883148
0.5621534940839011
0.5621424129741004
0.5621312962641037
0.5621201446480992
0.5621089590784231
0.5620977328654566
0.5620864670015199
0.5620751637232869
0.5620638238782814
0.5620524474579907
0.5620410350722786
0.5620295877898609
0.5620181033976767
0.5620065792969464
0.5619950161158451
0.5619834133346897
0.5619717790976808
0.5619601072336495
0.5619483984211654
0.5619366529994883
0.561924867142829
0.5619130441850446
0.561901183952931
0.5618892844928424
0.5618773480448348
0.5618653723206343
0.5618533576576125
0.5618413013832512
0.5618292024525877
0.5618170653192781
0.5618048886210174
0.5617926724374267
0.5617804192143265
0.5617681219039368
0.5617557805636036
0.5617433988239016
0.5617309779394788
0.5617185174429645
0.5617060162416116
0.5616934745642215
0.5616808909958437
0.5616682651322086
0.5616555976196135
0.5616428887838774
0.5616301387906104
0.5616173467967894
0.561604510928445
0.5615916322534031
0.5615787129781059
0.5615657516957275
0.561552750304132
0.5615397076256153
0.5615266167285949
0.5615134799954223
0.5615003019864476
0.5614870832985762
0.5614738227682567
0.5614605193605993
0.5614471719284996
0.5614337758174823
0.561420335414569
0.561406851561223
0.5613933267829004
0.5613797609478227
0.561366147540114
0.5613524842621052
0.5613387774274129
0.5613250272378726
0.5613112336222011
0.5612973987196391
0.5612835149638485
0.5612695805767134
0.5612555998477564
0.5612415759647764
0.5612275098551066
0.5612133999187701
0.5611992420310062
0.5611850324836732
0.5611707738434331
0.5611564709659645
0.5611421276687774
0.561127733380201
0.5611132955677409
0.5610988076769351
0.5610842687604751
0.5610696842588734
0.5610550336316722
0.5610403342582448
0.5610255915176446
0.5610107997772675
0.560995955806911
0.5609810636935624
0.5609661186892971
0.5609511289284549
0.5609360925695953
0.5609210074971044
0.5609058754699511
0.5608906844865256
0.5608754437902718
0.5608601570920497
0.5608448231454475
0.5608294438117765
0.5608140085251233
0.5607985182180141
0.5607829785316337
0.5607673911390872
0.5607517557180669
0.5607360658352127
0.5607203242666834
0.5607045300565063
0.5606886848365893
0.5606727922026157
0.5606568425341698
0.56064084103278
0.5606247894371624
0.5606086857032343
0.5605925324512464
0.5605763196783641
0.5605600518767576
0.5605437350461814
0.5605273668779047
0.5605109482895102
0.5604944676978278
0.5604779282058143
0.5604613393001594
0.5604447008089034
0.5604280125553387
0.5604112635745826
0.5603944530158097
0.5603775900983735
0.5603606776995758
0.5603437154091789
0.5603266922919238
0.560309606849687
0.5602924676263702
0.5602752784992844
0.5602580375850785
0.560240733744511
0.5602233685506907
0.5602059496828847
0.5601884788652777
0.5601709549598299
0.5601533670361718
0.560135716434581
0.5601180133753287
0.560100257583746
0.5600824456740828
0.5600645700524798
0.5600466300516137
0.5600286389272228
0.5600105941634137
0.5599924840622212
0.5599743138240325
0.5599560782167035
0.5599377893570453
0.5599194461895939
0.559901040931788
0.5598825735345542
0.5598640413647311
0.5598454538863141
0.5598268051286519
0.5598081022623262
0.5597893329537581
0.5597704981304517
0.5597516047547405
0.5597326493068314
0.5597136404425224
0.5596945683528327
0.5596754302557729
0.5596562205366641
0.5596369559339958
0.5596176358707943
0.5595982541443062
0.5595788007423989
0.559559278631659
0.5595397030983307
0.5595200660854425
0.5595003703657984
0.5594805932553951
0.5594607537805263
0.5594408585771388
0.5594209046730519
0.5594008810856731
0.5593807840458277
0.5593606261219118
0.5593404071276039
0.5593201282500144
0.5592997745908497
0.55927935160205
0.5592588674565526
0.559238323388973
0.5592177042555105
0.559197020251946
0.5591762711221863
0.5591554608138731
0.5591345660830337
0.5591136122092902
0.5590925938959185
0.5590715100189574
0.5590503524801087
0.5590291231316435
0.5590078311549678
0.5589864744337314
0.5589650466394843
0.5589435348243391
0.5589219768457765
0.5589003593502065
0.5588786796938291
0.5588569157076609
0.5588350842433051
0.5588131842488386
0.5587912267597551
0.5587691819073153
0.5587470573151609
0.5587248685670771
0.5587026273818019
0.5586802994447257
0.5586578890990845
0.5586354096154998
0.5586128705645775
0.5585902577896885
0.5585675632033239
0.5585447902278782
0.558521952539508
0.5584990470641873
0.5584760598809707
0.5584529936539191
0.5584298590643083
0.5584066577358725
0.5583833736102798
0.5583600075481713
0.5583365707851571
0.5583130669399664
0.5582894835323464
0.5582658146563272
0.5582420739866261
0.5582182652217431
0.5581943761431867
0.558170402921068
0.5581463533356389
0.5581222354653379
0.5580980378777838
0.5580737565595335
0.5580493940269919
0.5580249596308562
0.5580004177997847
0.5579757950743218
0.5579510889559023
0.557926308906289
0.5579014489159849
0.5578765104048485
0.5578514859923291
0.5578263820407863
0.5578011989193515
0.5577759413678459
0.5577505963504134
0.5577251660726203
0.5576996553468583
0.5576740710985508
0.5576484004717054
0.5576226420114183
0.5575967985778346
0.5575708817408054
0.5575448829736573
0.557518794447857
0.557492611541318
0.5574663542281482
0.5574400179089395
0.5574135897671365
0.5573870676394999
0.5573604701476622
0.5573337963145544
0.5573070284795021
0.5572801626298356
0.5572532176022955
0.557226200846548
0.557199090899748
0.5571718792124757
0.5571445855955808
0.5571172206850916
0.5570897621198172
0.5570622002903881
0.5570345515395171
0.5570068272744373
0.5569790101156361
0.5569510928786604
0.5569230904996112
0.5568950069810416
0.5568668300946684
0.5568385559383185
0.5568101962138031
0.5567817483505954
0.5567532028784112
0.5567245662404543
0.5566958466959204
0.5566670333703564
0.5566381179081389
0.5566091144954305
0.5565800295577376
0.5565508455687903
0.5565215546441089
0.5564921795505914
0.5564627270160407
0.5564331695315221
0.5564034971252881
0.5563737467894143
0.5563439164548862
0.5563139784703773
0.5562839249249326
0.5562537939619921
0.5562235811185414
0.5561932573807477
0.5561628181043269
0.5561323011665152
0.5561017001246247
0.5560709858986362
0.5560401581959152
0.5560092526434459
0.5559782594819452
0.5559471466852025
0.5559159405683273
0.5558846714087684
0.5558533177906526
0.5558218310250844
0.5557902423021859
0.555758571434882
0.555726806172204
0.555694915101659
0.555662924425597
0.5556308509960722
0.555598678067555
0.5555663749345928
0.5555339796559261
0.5555014975852933
0.5554689035201043
0.5554361895913488
0.5554033831426965
0.5553704848031836
0.5553374695598033
0.5553043401853113
0.5552711166144447
0.5552377946771225
0.5552043561116448
0.5551708071548506
0.5551371630929027
0.5551034107600835
0.5550695430233626
0.5550355705082374
0.555001493379582
0.5549672626445571
0.5549329168738264
0.5548984692532674
0.5548639269379337
0.5548292650808074
0.5547944763265987
0.554759589907186
0.5547246021203681
0.5546894982801683
0.5546542708653547
0.5546189462303581
0.5545835019305122
0.5545479499417044
0.5545122720237615
0.5544764897841327
0.554440592110811
0.5544045803097951
0.5543684473647738
0.5543322064658568
0.5542958588779021
0.5542593865632943
0.5542227981012372
0.5541860854640585
0.5541492754574416
0.5541123341486727
0.5540752717446006
0.5540380918298112
0.5540008121181991
0.5539634026451612
0.5539258621472128
0.553888218346705
0.5538504698455274
0.553812582248594
0.5537745559691096
0.5537364421982172
0.5536982090711049
0.5536598322958437
0.5536213286279298
0.5535827380776457
0.5535440292665527
0.5535051490361659
0.5534661670377755
0.5534270899287939
0.5533878772862083
0.553348507681367
0.553309045180829
0.5532694708399226
0.5532297456921152
0.5531898812111378
0.5531499251460419
0.5531098635214099
0.5530696159063632
0.5530292495934545
0.5529887944858879
0.5529482222118941
0.5529075065851013
0.5528666835428141
0.5528257560464405
0.5527846698415021
0.5527434466678071
0.552702112694589
0.5526606609005746
0.5526190541977567
0.552577316510832
0.5525354664522586
0.5524934834835823
0.5524513518132852
0.5524090973557747
0.5523667214527849
0.5523241964211957
0.5522815339651342
0.5522387482527388
0.552195826938884
0.5521527692681049
0.5521095757137026
0.5520662583554128
0.5520227766594179
0.5519791271561426
0.5519353477364364
0.551891413829231
0.5518473339185159
0.5518031360488324
0.5517588132720761
0.5517143017416309
0.5516696753644654
0.5516249261551609
0.5515800306417635
0.551534957760459
0.551489773712766
0.5514444720185376
0.5513989767799942
0.5513533405894497
0.5513076007690358
0.5512617147071991
0.5512156304028998
0.5511694322825724
0.5511231211071954
0.5510766273891137
0.5510299677522229
0.5509832001926698
0.5509363161692479
0.5508892195732453
0.5508419822594113
0.5507946406729126
0.550747144599736
0.55069946255383
0.5506516604677326
0.5506037487759423
0.5505556189220244
0.5505073347086162
0.5504589457109067
0.5504104171618653
0.5503616863258874
0.550312810559428
0.5502638320143545
0.5502146632044276
0.5501653259262413
0.5501158686835863
0.5500662785356359
0.5500164939454621
0.5499665630923699
0.5499165502951862
0.549866349708394
0.5498159799523631
0.5497654682629308
0.549714828231199
0.5496640001406611
0.5496130012480689
0.5495618836166061
0.5495105783366481
0.5494591104685718
0.5494074900823974
0.5493557297607726
0.5493037833840423
0.5492516755445411
0.5491994346903583
0.549147008529816
0.5490944191736271
0.5490416455607965
0.5489886836124174
0.5489355323147745
0.5488822203436431
0.5488287655302541
0.5487751237258561
0.5487213099141703
0.5486673387233524
0.5486132044902411
0.5485588859457861
0.5485044014333945
0.5484497712456502
0.5483949533065328
0.5483399486932344
0.5482847831423
0.5482294510495301
0.5481739417619901
0.5481182604050044
0.5480624295262163
0.548006405470443
0.5479502082946934
0.5478938424675387
0.5478373067095451
0.5477806066320777
0.5477237165542502
0.547666660852687
0.5476094139437194
0.5475520055520117
0.5474944203574889
0.547436649435616
0.5473787167254308
0.5473205909864499
0.5472622935738323
0.5472038162343011
0.5471451876733082
0.5470863581597563
0.5470273473166604
0.5469682138670131
0.546908897122763
0.5468493842592934
0.5467896835786473
0.5467298382104846
0.5466698001743252
0.5466095103097655
0.5465490994552393
0.5464885091688634
0.5464277027457667
0.5463666943509127
0.5463055529806001
0.5462442294708054
0.5461826426753763
0.5461209196800252
0.5460589445150507
0.5459967349482798
0.5459343168562591
0.5458717728008734
0.5458090465284986
0.5457460457663004
0.5456828948388064
0.5456195778007082
0.545556013550908
0.5454922281436851
0.5454283195292889
0.5453642245776612
0.5452998456811882
0.545235313317399
0.5451706338395438
0.5451057106754539
0.5450405603661854
0.544975265863059
0.5449097995162263
0.5448440520469366
0.5447781319811378
0.5447120708637739
0.5446457480730336
0.5445792001738872
0.5445125015548727
0.5444456399071088
0.5443785033946268
0.5443111807275534
0.5442436895948455
0.5441759567918705
0.5441080545218334
0.5440399928074944
0.5439717459055354
0.5439032325423091
0.5438345259042926
0.5437656545370566
0.5436965358193631
0.5436272018748555
0.543557681353175
0.5434879486712704
0.5434179862205641
0.5433478296011796
0.5432774829526543
0.5432068745663547
0.5431359794768349
0.5430648869760161
0.5429935584701332
0.5429220251299165
0.5428502783538552
0.5427783060892012
0.5427060883559286
0.5426336848844269
0.5425610885863954
0.542488193016153
0.542415128555413
0.5423418538823261
0.5422683399024206
0.5421945795821133
0.5421206536707239
0.5420465218255929
0.5419720737344941
0.5418974534750116
0.541822638877642
0.5417475649165826
0.5416722462603631
0.5415967836011893
0.5415210981216252
0.5414450702049048
0.5413688801996216
0.5412925111170692
0.5412159145092355
0.5411390675997786
0.5410620644668893
0.5409848414308547
0.5409072888615988
0.5408295611160119
0.5407516631517297
0.5406734360329396
0.5405949668939292
0.5405163410853092
0.5404374916834362
0.5403583080465268
0.5402788445775643
0.540199202933483
0.5401192173086266
0.5400389866509316
0.5399585806589204
0.5398779382159307
0.539796959650829
0.5397157857224196
0.5396344383501843
0.5395527717978128
0.5394708569712552
0.5393887740363877
0.5393064356664603
0.5392237622716899
0.5391408858876273
0.5390578304309726
0.5389744649038393
0.5388908609552705
0.5388070772571083
0.5387230004765837
0.5386386139521984
0.5385540272763524
0.5384692511590049
0.5383842223670506
0.5382989425893757
0.5382134618854313
0.5381276984649955
0.538041662871693
0.5379553941341313
0.5378689028836907
0.537782109970286
0.537695068417104
0.5376078074300897
0.5375202678578113
0.5374323587317552
0.5373441711073931
0.537255734711403
0.5371669967335927
0.5370780114802454
0.536988788799871
0.5368992872120576
0.5368095246162101
0.5367195160490257
0.5366292073144585
0.5365386381912813
0.5364478210888002
0.5363567463313442
0.5362653928866633
0.5361737827317644
0.5360819357499059
0.5359897822700217
0.5358973572303581
0.535804676042801
0.5357117329594195
0.5356185312460227
0.5355251111941599
0.5354314411862938
0.535337462192851
0.5352432320486704
0.535148729561236
0.5350539615870562
0.5349589153409986
0.5348635758583975
0.5347679707624875
0.5346720397464734
0.5345757485936179
0.5344791672280024
0.5343822890965919
0.534285140482121
0.5341876710708221
0.5340899416758315
0.533991936449075
0.5338936663946208
0.533795089552549
0.5336962252547522
0.5335970903703414
0.5334976485683887
0.5333979433492275
0.5332979811063674
0.5331977114573985
0.5330970959262075
0.5329962382401737
0.5328951286794817
0.5327937241574487
0.532692061260457
0.5325901615035121
0.532487949799121
0.5323853832534218
0.5322825617542122
0.5321795184988422
0.5320760810905623
0.5319723262683117
0.5318683436966196
0.5317639007886094
0.531659081122791
0.5315540145355083
0.5314487218897797
0.531343021937581
0.5312369870821306
0.5311307581336127
0.5310242094481918
0.5309172735072074
0.530810118127585
0.5307027331711061
0.5305949193863835
0.5304867445824029
0.5303783759846608
0.5302697114655456
0.5301606403833644
0.5300513600405955
0.5299419111713422
0.5298320306866419
0.529721800066224
0.5296114191474761
0.5295006539457022
0.5293894471431662
0.5292780251706182
0.5291663850868429
0.5290542098173946
0.5289415937613233
0.5288287948219326
0.5287156391855634
0.5286020497972777
0.5284882278183242
0.5283741570767754
0.5282596530376316
0.5281448189748794
0.5280297909794284
0.5279144218577825
0.5277985804950139
0.5276824882702694
0.5275661504549279
0.527449407343898
0.5273323365982581
0.5272151163096935
0.5270975656585462
0.5269795636051516
0.5268613058478571
0.5267427197687186
0.5266237635950503
0.5265044638881442
0.5263849063881932
0.5262648617259718
0.5261443593862798
0.5260236357804199
0.5259025027027135
0.525781024006352
0.525659200959187
0.5255371085298886
0.5254146530184225
0.5252918504562026
0.5251687756706991
0.5250452338238859
0.5249214043277356
0.5247972324916951
0.5246727456250605
0.5245479569206513
0.5244228825215582
0.5242975272358018
0.5241716820868163
0.5240455295610679
0.5239190628735442
0.5237922405524326
0.5236650197543066
0.5235373537195136
0.5234093577399396
0.5232808353634081
0.5231519993019094
0.5230229348951635
0.5228934755719064
0.522763578500268
0.5226334243494184
0.5225029605920999
0.5223719251851312
0.5222406214199523
0.5221091268089046
0.5219771568699662
0.5218448283083691
0.5217122749799853
0.5215794219580491
0.5214460035721535
0.5213122537369387
0.5211783533783234
0.5210439460677033
0.5209089936830891
0.5207736615979685
0.5206380711431958
0.5205019104863725
0.520365419258176
0.5202287834775589
0.520091628072977
0.5199539252536395
0.5198159703057379
0.519677798250848
0.5195391046575196
0.5194000129726549
0.5192607750004248
0.5191211270300808
0.5189809515342141
0.5188405264778441
0.5186998513007826
0.5185586327002275
0.5184169768499929
0.5182751434078668
0.5181326503839976
0.5179896057664751
0.5178463152755778
0.5177027589154257
0.5175586738831607
0.5174141278977347
0.5172693789721273
0.5171242203724263
0.5169785148566756
0.5168325024628012
0.516686202312534
0.5165395429302237
0.5163924260041413
0.5162451025876005
0.5160973358738067
0.5159490238318343
0.5158004083055857
0.5156514725506647
0.515501908942288
0.5153518110286485
0.5152014949250908
0.5150507254778783
0.5148994743638811
0.514747830446904
0.5145958382157447
0.5144434966393674
0.5142906123344017
0.5141374891784297
0.5139839353592837
0.5138300610871195
0.5136757790964938
0.5135211443333799
0.5133661030600285
0.513210513578978
0.5130546637969658
0.5128981523246443
0.5127412328710684
0.5125838849548721
0.5124261609655228
0.5122679800737996
0.5121092801025089
0.5119503360029369
0.5117909121715373
0.5116311211789322
0.5114708649564955
0.5113103155221834
0.5111493735761201
0.51098801887386
0.510826303857869
0.510664072150816
0.5105014827463323
0.5103383668111683
0.5101746968562915
0.5100106142966738
0.5098460811241717
0.5096811235053627
0.5095156577263862
0.5093498991042277
0.5091836699190532
0.509017005132011
0.508849934416016
0.5086825938376766
0.5085148550444927
0.5083465877798568
0.5081779767231974
0.508008917830583
0.5078393964023108
0.5076692442121196
0.5074986913996481
0.5073276512250521
0.5071560185027828
0.506984059182396
0.5068117428363164
0.5066389487442747
0.5064657276667934
0.5062921518778524
0.5061182093641073
0.5059437084446392
0.5057689101466478
0.5055937054718129
0.5054179976951219
0.5052417849318309
0.5050649975558746
0.5048877296183762
0.5047097903560903
0.5045315715745518
0.504352996291017
0.5041738745415137
0.5039942728107992
0.5038143721055587
0.5036341958506428
0.503453335798249
0.5032722011422397
0.5030906850322084
0.5029086130505451
0.5027260065912864
0.5025428531621076
0.5023591688197216
0.5021747871773037
0.5019900975628657
0.5018051307246258
0.5016196477809326
0.5014335635024524
0.5012472547873528
0.5010605980078777
0.5008733125073134
0.5006856420967766
0.5004976822515992
0.5003091756268139
0.5001198293534787
0.4999299915928819
0.4997397863198812
0.4995489958280862
0.4993577102205577
0.4991661872257852
0.4989741914147723
0.4987815045451216
0.4985886002249994
0.49839540315454334
0.4982016540598381
0.4980073059240945
0.497812695731199
0.4976174061436686
0.4974211540276512
0.4972245222715311
0.4970277271185884
0.4968303954658412
0.4966323683566395
0.4964340087669252
0.49623541829797924
0.49603629000973326
0.4958366532810462
0.4956367248113714
0.4954362205605684
0.49523497015412793
0.49503304385452357
0.49483080904497506
0.49462807762253
0.49442469606621003
0.4942210198704245
0.49401694281676417
0.493812258936651
0.49360724186223237
0.4934018962103938
0.49319598543066967
0.4929893871581651
0.49278237857185664
0.49257464541436047
0.49236633645537586
0.49215754362013675
0.4919483924323709
0.4917387927001162
0.4915285732251592
0.49131807421534496
0.491107179422515
0.49089574196309377
0.4906837259946753
0.4904712759792063
0.49025813727235845
0.4900442296356025
0.48982996036524734
0.48961527291551676
0.48940004323581215
0.4891842817558714
0.48896825089884016
0.488751758767961
0.48853474799690827
0.4883171763910114
0.48809916456973224
0.487880419856294
0.4876609546636103
0.48744112704803844
0.487220801912104
0.48699984851834444
0.48677850991566696
0.48655698923400903
0.4863348051512324
0.4861119822202351
0.48588874612219446
0.48566519405219455
0.4854406789629479
0.4852154661922096
0.48499000387062524
0.4847640922596182
0.4845374407115859
0.48431037685527584
0.48408325020705656
0.483855388134823
0.48362671064099094
0.48339777287975183
0.4831684873595967
0.48293811844060586
0.4827071229742908
0.48247598649776174
0.48224442580024307
0.48201193744728404
0.4817791328098704
0.48154635162936754
0.48131266755469176
0.4810781343655846
0.48084326420800105
0.48060810436214707
0.48037199516769236
0.48013518241721886
0.4798981216651258
0.47966082957456735
0.4794227997302193
0.47918409162957143
0.4789453175052212
0.47870593522581056
0.4784656068981321
0.47822453009323435
0.4779834121958689
0.47774164368304983
0.47749893895699425
0.477255986180546
0.4770129363492459
0.4767691379384037
0.47652445972120133
0.4762796528706584
0.47603427396189213
0.47578799716698006
0.47554100985382686
0.4752938300555158
0.47504625685446117
0.47479793667143405
0.4745490254204436
0.47429983704482864
0.47405021354187044
0.47379980220875695
0.4735486512342754
0.47329701015379744
0.47304489452480936
0.47279202635481016
0.4725389901074189
0.4722853922066906
0.47203117018469243
0.47177640049259023
0.47152130624901784
0.471265342773452
0.4710086248304645
0.4707514475357598
0.4704937829442398
0.47023594398496193
0.46997714934772866
0.46971813595321127
0.4694584440464065
0.4691984136212258
0.4689371991553375
0.46867570810163
0.46841349226808765
0.4681510322758054
0.4678879196833084
0.4676243801669434
0.4673602681903402
0.46709584383094666
0.46683049087380174
0.4665644205087871
0.46629784933306295
0.4660307667821834
0.46576344343217835
0.4654952496013906
0.4652267736519444
0.4649578100983511
0.46468824942273507
0.4644176667689016
0.46414672600907075
0.4638750278976948
0.46360311143750205
0.4633305395887658
0.4630576714138259
0.4627842465488214
0.46251015285469893
0.4622351572831619
0.4619597065800652
0.4616836863331622
0.46140707028881134
0.4611300882156923
0.4608527813058452
0.4605749303434712
0.4602962450590106
0.4600168097961897
0.4597367999983182
0.45945621190072905
0.4591751915813
0.4588938491994297
0.4586120504244757
0.45832958947012553
0.4580463892391913
0.4577624747731854
0.4574779570463415
0.457192805348101
0.4569074206417605
0.45662171953205954
0.45633540573130926
0.4560482693765441
0.45576046414032795
0.45547203907855693
0.4551829193567695
0.4548933708630035
0.45460360011605133
0.45431339572711893
0.4540224586210282
0.4537306804962808
0.453438254956187
0.45314529595104713
0.45285176490698464
0.4525577651547116
0.4522635890122753
0.4519688800228338
0.4516732881034352
0.45137662606488416
0.4510797528066714
0.4507825124212561
0.4504843884905108
0.45018599373656004
0.4498874067766647
0.44958816160979753
0.44928738002743934
0.44898625522736735
0.44868506173132083
0.44838341445453
0.4480809040665235
0.4477780770249044
0.4474748755216398
0.44717047275213107
0.44686521796553613
0.44655985875458143
0.44625440747485606
0.4459482143584345
0.44564117581409235
0.4453337703549146
0.4450255409011262
0.44471653665675276
0.4444071275704366
0.44409753859190776
0.44378755201700626
0.44347666253210144
0.44316493352773917
0.4428525949429997
0.44253994184060813
0.44222677160825863
0.441912961081581
0.44159887245595514
0.441284288846041
0.4409684257825342
0.4406518845110868
0.44033545923969586
0.4400185658957966
0.43970078061098866
0.4393824178843923
0.43906373244970853
0.43874410362368754
0.4384238499757339
0.4381032132714906
0.4377822856465413
0.4374608592099263
0.437138670169971
0.43681536871505094
0.43649183826350024
0.4361680385481814
0.4358434904434511
0.4355184260968836
0.43519307055312334
0.4348667012749813
0.4345395053023524
0.4342121761530173
0.4338844678536297
0.4335561458861226
0.4332272255874675
0.43289745399359425
0.43256708031125135
0.43223644095227315
0.43190518471517064
0.43157347330443163
0.43124132595756415
0.43090811480697466
0.43057426830605033
0.4302402953323126
0.42990589073790436
0.4295706426982129
0.4292349959152433
0.4288986111527951
0.42856168497847175
0.42822409294518343
0.42788619811766276
0.4275478389536735
0.42720905443674173
0.42686896419061066
0.4265284401879519
0.42618784491348677
0.4258468535047366
0.4255048433523131
0.4251623562521608
0.4248192525706098
0.4244759840481726
0.42413161663462984
0.4237867678798082
0.42344198082319273
0.4230965170443713
0.42274965635710066
0.4224024958509071
0.42205542829620035
0.42170781138295077
0.4213592800301784
0.4210096627992476
0.42066006424767377
0.4203103203399854
0.41995956565501597
0.41960805392785505
0.4192563549468168
0.41890427402662644
0.4185512999397503
0.41819746704000144
0.41784346371480224
0.41748978395409325
0.4171344130580095
0.4167783080805731
0.41642198576651474
0.41606593771167255
0.4157091382911557
0.41535069505772754
0.41499195842574493
0.414633482054406
0.4142745023631575
0.4139143480556682
0.4135535448644688
0.4131925887862152
0.4128312311912765
0.4124690891377845
0.4121063034429881
0.4117435214423948
0.4113797218225218
0.41101555262751654
0.4106503658194281
0.41028549042131207
0.40991986809865044
0.409553390678456
0.40918614481967136
0.4088187766486404
0.4084510445649566
0.40808310523995617
0.40771354706854274
0.4073438179711959
0.40697385924492435
0.4066037033532362
0.4062326458980834
0.40586062121490923
0.4054884248184689
0.40511589708072526
0.40474301543204777
0.40436927784128773
0.40399478319165827
0.4036199857025569
0.4032450495770575
0.40286930465608545
0.40249295705551147
0.4021159577652808
0.4017388439089482
0.40136095437139807
0.40098282307973226
0.4006035512258213
0.4002241930766706
0.3998444041182022
0.3994642187993898
0.3990831608875537
0.398701623136478
0.39831973217556355
0.3979373246605937
0.39755442854108564
0.3971709847129829
0.39678700704520975
0.396402442741052
0.39601759618301874
0.39563215881770186
0.3952462099859447
0.3948596677501234
0.3944728257485863
0.39408530127818586
0.39369748970100404
0.3933089582570835
0.392920041087164
0.3925304835763796
0.3921406636594471
0.391750413925504
0.39135950288930316
0.3909678814415641
0.3905759870579515
0.39018387232928625
0.3897908325450557
0.3893973409583905
0.38900341100514546
0.38860931040891195
0.3882145195760573
0.3878191005396076
0.38742319710493633
0.38702714284560896
0.3866306211120394
0.38623324123378033
0.38583531290450446
0.3854371802856135
0.3850388888176462
0.38463967403236227
0.3842398359782106
0.3838397452730817
0.38343952881276255
0.38303856606471276
0.38263689247845845
0.38223477417569096
0.3818324450343177
0.3814299219948901
0.3810265332945905
0.38062242768859383
0.3802181192843971
0.3798139009081109
0.37940871699949436
0.37900267836988893
0.37859639144530716
0.3781903073603113
0.37778344872213226
0.37737576454347016
0.37696745458297043
0.3765594496670118
0.37615092958436785
0.37574154396347337
0.37533137591499666
0.3749215029447254
0.37451111951244026
0.3741000877842025
0.3736882106495766
0.373276438972061
0.3728640637229538
0.37245142586807084
0.3720380943028861
0.37162441059332496
0.3712100300767318
0.3707956863690489
0.37038088215073506
0.3699654269689365
0.36954910883598563
0.3691329041722076
0.3687166997541726
0.3682996370231435
0.3678815732095213
0.36746330534716004
0.36704554416125024
0.36662692230400196
0.36620715367633705
0.3657870517951493
0.3653677342039739
0.364947269984266
0.36452587931630037
0.36410431244021646
0.36368303355458864
0.3632608555329004
0.3628381179563549
0.3624151967935163
0.3619917805198095
0.3615679097377555
0.361143706811016
0.36071950957844234
0.3602941432680338
0.35986828898961615
0.3594428227130676
0.35901705016571006
0.3585900468219951
0.3581628115372606
0.35773574178261813
0.3573081197578785
0.3568795737443481
0.356450905216457
0.35602234302374797
0.3555931501999028
0.3551628854762328
0.35473281727583844
0.35430271838671296
0.35387155707315426
0.3534402602557523
0.3530087467799174
0.35257660406333946
0.352144117244601
0.35171170041410865
0.3512786312216398
0.3508445080161636
0.3504108620494236
0.34997713560808036
0.34954262938249686
0.3491069028046204
0.3486714441611023
0.34823651084875407
0.3478004034585082
0.3473636946204605
0.3469269420701286
0.3464893492167038
0.34605226834190433
0.3456148200359738
0.3451764269408033
0.3447371597702263
0.34429825064840136
0.3438603257594194
0.343420171560485
0.34297962718144437
0.3425395053624783
0.3420988322095026
0.34165839528210684
0.34121726344946923
0.340775183431114
0.3403325264269823
0.33989062345064824
0.33944901754767876
0.3390054032404314
0.3385614364341449
0.33811818075396666
0.3376744255014814
0.33722997655067866
0.33678575126240856
0.33634026933679534
0.33589444863067197
0.33544974854619963
0.3350041269434157
0.3345572636742553
0.33411061982453555
0.3336640362454133
0.33321670464464054
0.33276959931298006
0.33232212250507864
0.3318731544306371
0.3314249791637742
0.3309769420769405
0.33052762623982457
0.3300782150171531
0.3296286990883355
0.3291787194500016
0.32872842635500876
0.328278499570629
0.3278274314961565
0.32737580374517977
0.32692503269155193
0.32647329203126724
0.32602109984466154
0.32556927958163157
0.32511648167973867
0.3246634069547422
0.32421093701842607
0.3237574529580399
0.32330349629191296
0.3228499763911424
0.3223955496245532
0.3219409489454025
0.32148670304005844
0.3210315486418271
0.3205761047711353
0.32012074369775295
0.31966474073881057
0.31920865354215583
0.3187527664011484
0.31829599753649557
0.31783877412196315
0.31738194155909016
0.3169245234232595
0.31646688234138604
0.3160093812613368
0.3155506605234969
0.315092205034974
0.31463412487394493
0.3141748865701932
0.3137158064493863
0.3132566160983697
0.31279641924096996
0.31233693277191943
0.3118772291609018
0.3114162851995155
0.31095575843441114
0.31049504181588167
0.3100338101957727
0.3095729044282561
0.30911130165319145
0.30864914698706064
0.3081874465987283
0.3077251707955382
0.3072627857464359
0.3068004346445429
0.3063368764413201
0.30587402989825263
0.3054113128808173
0.3049473701747323
0.3044836589295064
0.304019526722911
0.30355531760141535
0.3030912860471467
0.30262668106052426
0.30216151324353374
0.301696757340456
0.3012312089766566
0.3007660373699794
0.3003010097180924
0.29983430674249095
0.29936840490064714
0.2989019268513821
0.29843576596068744
0.29796981173121
0.2975023289025004
0.29703517467284446
0.2965680982909435
0.2961006338018489
0.2956336510613087
0.2951655278624985
0.2946972138575678
0.2942292166756129
0.2937609277185442
0.2932929733155944
0.29282429533605187
0.2923547286085704
0.29188568684244703
0.2914163472857606
0.29094760925442387
0.2904782946815302
0.2900077733537503
0.28953780435725557
0.2890674447366039
0.2885979988639448
0.2881277464382883
0.2876567363810734
0.2871857476999716
0.28671458287692436
0.2862440779348387
0.28577307364616633
0.28530160404426436
0.28482973507256976
0.28435786753521264
0.2838860580358626
0.28341450822637165
0.28294225292875824
0.2824696758736411
0.28199719268678347
0.2815242201630169
0.2810522569781709
0.2805789730749669
0.2801061269126878
0.27963267708901635
0.27915918194691897
0.2786861734840828
0.27821236763518004
0.2777384564462019
0.2772649541007392
0.2767905636170083
0.2763168073455972
0.27584250338928873
0.2753677687438828
0.27489346577990836
0.27441885441930314
0.2739443353127512
0.27346942085597226
0.2729940541044797
0.27251880788178373
0.27204359914923953
0.2715687306656184
0.27109302419115955
0.2706175177399849
0.2701411841518616
0.26966524296734545
0.26918982221341275
0.2687139949562694
0.26823793214137015
0.26776091682026815
0.2672844157946403
0.26680779050561976
0.26633176158174426
0.26585528088707727
0.2653781983272495
0.26490103675725163
0.2644235766303984
0.26394677347866163
0.26347012404795644
0.26299254239178677
0.26251508694156733
0.26203689691573456
0.26155957236898547
0.26108182530598706
0.26060481571184463
0.2601264835338722
0.25964827257172235
0.2591698028518486
0.25869167509255386
0.2582139273988372
0.25773569797553475
0.25725740258943725
0.2567782983157209
0.2562995861134324
0.25582095142099
0.2553422076417856
0.254863738498455
0.2543842696812279
0.25390554463191967
0.25342577181253767
0.25294739197272836
0.2524674758020545
0.2519890354992895
0.25150892450099854
0.251029746315042
0.2505497276794261
0.25007028609141313
0.24959050295629814
0.2491107069654638
0.2486310880865045
0.248150772347122
0.2476713561451821
0.24719051309908716
0.24671119486991896
0.24623039601775776
0.24575085834657068
0.24527000638270172
0.24478994248044283
0.24430898076795388
0.24382864042034383
0.24334814545610578
0.2428674783465974
0.2423869092490996
0.24190594164119408
0.24142509560264744
0.2409441486994984
0.2404635190692237
0.23998238244756914
0.23950163245874947
0.23901994061743745
0.23853911743881473
0.23805747907889546
0.23757680549296617
0.2370952037019814
0.23661412289553144
0.23613207069613265
0.23565085606462063
0.2351691509529176
0.23468794854080707
0.23420622586763018
0.23372451340191203
0.23324225836440296
0.23276065463642526
0.23227857626342038
0.23179723168716213
0.23131502889960473
0.23083328715394416
0.23035048371589426
0.2298687972871402
0.22938644682725665
0.2289048893605256
0.22842257278335024
0.22794014618243055
0.2274575720228898
0.226974735054803
0.22649289283002144
0.22601040671994846
0.22552835652228306
0.2250456444307515
0.22456254857129282
0.22407987907531657
0.2235969266607423
0.22311490392968436
0.22263212841184588
0.22214939570011086
0.22166600802640618
0.22118306612469668
0.2206997381750188
0.22021734780988098
0.21973442024060844
0.2192517087251011
0.21876798963737876
0.218284997604857
0.21780108544317078
0.21731837501736112
0.21683517869779156
0.2163523436255025
0.21586834728129375
0.21538527387717807
0.21490121492815253
0.21441781113253772
0.21393424580260267
0.21345100374067164
0.21296717729244702
0.2124833795697669
0.2119996832676376
0.2115156175963647
0.21103178445478513
0.21054850722972573
0.21006431022639038
0.209580135758818
0.20909631535529555
0.2086120940520234
0.20812827409767792
0.20764424790032443
0.20716029751331072
0.20667538473293381
0.20619136923265644
0.2057068227592556
0.20522297797445055
0.20473825994030792
0.20425383649573653
0.20376968023351183
0.20328425214047768
0.20280002081396803
0.20231536139375145
0.20183088446463407
0.20134648074499165
0.20086156366422953
0.20037639663788073
0.1998914413081357
0.19940590641101785
0.19892149282982113
0.19843655305564792
0.1979516599960612
0.19746675869726552
0.19698076610539456
0.19649578643054316
0.19600999820356027
0.19552460936302038
0.19503980843707275
0.19455440812275904
0.19406890609731148
0.19358319939124616
0.19309690989222902
0.1926111702782152
0.1921255056654463
0.19163971287197723
0.1911543273440475
0.1906679898088166
0.19018218373572732
0.18969565652855733
0.1892090722852357
0.18872323552746598
0.18823651479263162
0.18775070393704305
0.18726420887678796
0.18677749565470006
0.1862907102363581
0.18580377436915457
0.18531711451818017
0.18482989324098117
0.18434339163436747
0.18385630919833462
0.18336920749148902
0.18288223391824712
0.1823944409396949
0.18190688963445215
0.18141938381061862
0.1809317905773157
0.18044388356023489
0.17995639543928568
0.17946879017729134
0.17898025753609992
0.17849231104779453
0.1780037235703206
0.17751540830449708
0.17702721846861788
0.17653824255041434
0.17604998489434265
0.17556109486770313
0.1750722675401669
0.174583318466785
0.17409394900864084
0.1736049200362771
0.17311473666566674
0.172625548807479
0.17213677840084923
0.1716460545586934
0.17115662125762632
0.17066697792273292
0.17017604984821974
0.1696861843602519
0.1691954129632582
0.16870471088367955
0.16821447031789746
0.1677237362722486
0.16723259958294145
0.1667415851644884
0.16625045275281586
0.1657584871933088
0.1652665708078958
0.16477542328151104
0.16428304308772365
0.16379120603845934
0.16329980960963023
0.16280638850591186
0.16231401318574798
0.1618216470324532
0.16132788159760078
0.16083478009025398
0.1603418657095606
0.15984856048947305
0.15935493873272472
0.158861307931173
0.15836733111986187
0.1578728969625733
0.15737823208671337
0.1568838337322537
0.1563888794777902
0.15589386449868986
0.15539958064937612
0.1549041697922228
0.15440813409149048
0.15391263279133674
0.15341657055504235
0.1529201638097068
0.15242411485611657
0.15192692173059816
0.15143068070849194
0.1509344304716052
0.1504365297492416
0.14993883839674743
0.1494417886593221
0.1489432626311005
0.14844481254071676
0.14794658254046805
0.14744797601419113
0.14694940602781636
0.14644997202679183
0.1459509882644191
0.14545125246913643
0.14495086830223392
0.14445039530283135
0.14395053340321456
0.14344934622434702
0.14294839572086374
0.14244777661567457
0.14194616165568813
0.14144412477418897
0.14094215638505056
0.1404397523095283
0.13993659637190425
0.13943406983701961
0.13893054245967873
0.13842706092998422
0.13792369124747916
0.13741951434847288
0.13691487582407028
0.13641056124591244
0.13590523193793322
0.1353990129382515
0.134893437436879
0.13438822365704886
0.13388132136290118
0.13337413583971736
0.1328680599107557
0.13236114841157404
0.1318524832001442
0.13134394574217018
0.13083581663287663
0.13032726894247926
0.12981719339785378
0.1293069599337079
0.12879767209159496
0.1282881289450049
0.1277768042992001
0.1272650564377528
0.12675363625700026
0.12624211242141378
0.1257290114465868
0.12521585936925445
0.12470277609864577
0.12418878152064053
0.12367459614102852
0.12316032426016724
0.12264594934910848
0.12212983294957441
0.12161371799377349
0.12109747059285621
0.12058054226168492
0.12006276691670957
0.11954461808180544
0.11902632045458236
0.11850759139458196
0.11798817820900603
0.11746886295038023
0.11694815112393238
0.11642749410639194
0.11590589954439291
0.11538383777291371
0.11486086609187571
0.11433769464580774
0.1138143447171185
0.11328967233791457
0.11276452678871852
0.11223898426662444
0.1117140526966852
0.11118735111095926
0.11065981372528419
0.11013147791258958
0.10960275651564823
0.10907410076538737
0.1085436105614931
0.10801304499994009
0.10748148985026511
0.10695000840840707
0.10641764677336733
0.10588406449110617
0.1053497439580471
0.1048152343460816
0.10428043062140675
0.10374430014518042
0.10320626889618267
0.10266771652419003
0.1021293506999788
0.10159024112572583
0.10105021237888899
0.10050880461132947
0.09996631961098185
0.09942328193344639
0.09887980417475425
0.09833568485100225
0.09779027379780181
0.09724342329760055
0.09669458672817854
0.0961460995737168
0.09559715543623075
0.09504718292858645
0.09449528793237207
0.09394178454784144
0.09338817606030565
0.09283355825129798
0.09227790510401214
0.09172165300943637
0.09116268775774293
0.09060296770428673
0.09004225353306174
0.08948024325527541
0.08891809875722088
0.08835372915582472
0.08778706650887079
0.08721942720093805
0.08665109644611832
0.08608203194607397
0.08551137163746685
0.08493854307307955
0.0843634054029688
0.08378773578658293
0.0832109555558689
0.08263262004766225
0.08205119592933231
0.08146825321657816
0.08088438236660203
0.08029970038733733
0.07971270308310557
0.07912314893388514
0.07853123400685509
0.07793763736407089
0.0773429897572233
0.07674649600058511
0.07614787640311985
0.07554651293401202
0.07494254841085338
0.07433654510321155
0.07372907994590906
0.07311871702716102
0.07250653396221124
0.07189111123935367
0.0712731928154613
0.07065285314977704
0.07003014126244804
0.06940510111482821
0.06877669198223149
0.06814470699713741
0.06750977939694014
0.06687218980864816
0.0662315890120764
0.0655882137229
0.06494154412575186
0.0642903976913266
0.06363516086195853
0.062976503564131
0.062314606141760646
0.061648644666061854
0.06097908730887917
0.06030516103197666
0.0596261744986311
0.058942654921832004
0.05825484316372683
0.057561914858160916
0.056863772414545016
0.05616055589690488
0.05545191402312846
0.0547374885976638
0.054017138155102694
0.05329047711182935
0.05255713948938256
0.05181711586926523
0.0510702351414633
0.05031613524650941
0.04955441736206674
0.04878452874491079
0.0480060812897261
0.04721866675614531
0.046421755772453
0.045615106803607815
0.04479818170188311
0.04397003009069717
0.04313002410305145
0.042277583326715856
0.041412096035274466
0.04053266100065592
0.03963832077872455
0.03872813702248082
0.03780103416240025
0.03685547987257542
0.03589023085432775
0.03490375829568125
0.0338941218761086
0.0328591559139218
0.03179620284766685
0.03070214628902293
0.029573394362519587
0.028405960933239504
0.027194769398924682
0.02593464379342442
0.02461799808550999
0.023234678740553356
0.02177192582354689
0.020212460565866747
0.018531608832039914
0.016692247731569368
0.014634262163369202
0.012247825000445783
0.009285823249328813
0.0047745112183010755
0.0
0.0
0.0
0.0
0.0
0.0
0.0
0.0
0.0
0.0
0.0
0.0
0.0
0.0
0.0
0.0
0.0
0.0
0.0
0.0
0.0
0.0
0.0
0.0
0.0
0.0
0.0
0.0
0.0
0.0
0.0
0.0
0.0
0.0
0.0
0.0
0.0
0.0
0.0
0.0
0.0
0.0
0.0
0.0
0.0
0.0
0.0
0.0
0.0
0.0
0.0
0.0
0.0
0.0
0.0
0.0
0.0
0.0
0.0
0.0
0.0
0.0
0.0
0.0
0.0
0.0
0.0
0.0
0.0
0.0
0.0
0.0
0.0
0.0
0.0
0.0
0.0
0.0
0.0
0.0
0.0
0.0
0.0
0.0
0.0
0.0
0.0
0.0
0.0
0.0
0.0
0.0
0.0
0.0
0.0
0.0
0.0
0.0
0.0
0.0
0.0
0.0
0.0
0.0
0.0
0.0
0.0
0.0
0.0
0.0
0.0
0.0
0.0
0.0
0.0
0.0
0.0
0.0
0.0
0.0
0.0
0.0
0.0
0.0
0.0
0.0
0.0
0.0
0.0
0.0
0.0
0.0
0.0
0.0
0.0
0.0
0.0
0.0
0.0
0.0
0.0
0.0
0.0
0.0
0.0
0.0
0.0
0.0
0.0
0.0
0.0
0.0
0.0
0.0
0.0
0.0
0.0
0.0
0.0
0.0
0.0
0.0
0.0
0.0
0.0
0.0
0.0
0.0
0.0
0.0
0.0
0.0
0.0
0.0
0.0
0.0
0.0
0.0
0.0
0.0
0.0
0.0
0.0
0.0
0.0
0.0
0.0
0.0
0.0
0.0
0.0
0.0
0.0
0.0
0.0
0.0
0.0
0.0
0.0
0.0
0.0
0.0
0.0
0.0
0.0
0.0
0.0
0.0
0.0
0.0
0.0
0.0
0.0
0.0
0.0
0.0
0.0
0.0
0.0
0.0
0.0
0.0
0.0
0.0
0.0
0.0
0.0
0.0
0.0
0.0
0.0
0.0
0.0
0.0
0.0
0.0
0.0
0.0
0.0
0.0
0.0
0.0
0.0
0.0
0.0
0.0
0.0
0.0
0.0
0.0
0.0
0.0
0.0
0.0
0.0
0.0
0.0
0.0
0.0
0.0
0.0
0.0
0.0
0.0
0.0
0.0
0.0
0.0
0.0
0.0
0.0
0.0
0.0
0.0
0.0
0.0
0.0
0.0
0.0
0.0
0.0
0.0
0.0
0.0
0.0
0.0
0.0
0.0
0.0
0.0
0.0
0.0
0.0
0.0
0.0
0.0
0.0
0.0
0.0
0.0
0.0
0.0
0.0
0.0
0.0
0.0
0.0
0.0
0.0
0.0
0.0
0.0
0.0
0.0
0.0
0.0
0.0
0.0
0.0
0.0
0.0
0.0
0.0
0.0
0.0
0.0
0.0
0.0
0.0
0.0
0.0
0.0
0.0
0.0
0.0
0.0
0.0
0.0
0.0
0.0
0.0
0.0
0.0
0.0
0.0
0.0
0.0
0.0
0.0
0.0
0.0
0.0
0.0
0.0
0.0
0.0
0.0
0.0
0.0
0.0
0.0
0.0
0.0
0.0
0.0
0.0
0.0
0.0
0.0
0.0
0.0
0.0
0.0
0.0
0.0
0.0
0.0
0.0
0.0
0.0
0.0
0.0
0.0
0.0
0.0
0.0
0.0
0.0
0.0
0.0
0.0
0.0
0.0
0.0
0.0
0.0
0.0
0.0
0.0
0.0
0.0
0.0
0.0
0.0
0.0
0.0
0.0
0.0
0.0
0.0
0.0
0.0
0.0
0.0
0.0
0.0
0.0
0.0
0.0
0.0
0.0
0.0
0.0
0.0
0.0
0.0
0.0
0.0
0.0
0.0
0.0
0.0
0.0
0.0
0.0
0.0
0.0
0.0
0.0
0.0
0.0
0.0
0.0
0.0
0.0
0.0
0.0
0.0
0.0
0.0
0.0
0.0
0.0
0.0
0.0
0.0
0.0
0.0
0.0
0.0
0.0
0.0
0.0
0.0
0.0
0.0
0.0
0.0
0.0
0.0
0.0
0.0
0.0
0.0
0.0
0.0
0.0
0.0
0.0
0.0
0.0
0.0
0.0
0.0
0.0
0.0
0.0
0.0
0.0
0.0
0.0
0.0
0.0
0.0
0.0
0.0
0.0
0.0
0.0
0.0
0.0
0.0
0.0
0.0
0.0
0.0
0.0
0.0
0.0
0.0
0.0
0.0
0.0
0.0
0.0
0.0
0.0
0.0
0.0
0.0
0.0
0.0
0.0
0.0
0.0
0.0
0.0
0.0
0.0
0.0
0.0
0.0
0.0
0.0
0.0
0.0
0.0
0.0
0.0
0.0
0.0
0.0
0.0
0.0
0.0
0.0
0.0
0.0
0.0
0.0
0.0
0.0
0.0
0.0
0.0
0.0
0.0
0.0
0.0
0.0
0.0
0.0
0.0
0.0
0.0
0.0
0.0
0.0
0.0
0.0
0.0
0.0
0.0
0.0
0.0
0.0
0.0
0.0
0.0
0.0
0.0
0.0
0.0
0.0
0.0
0.0
0.0
0.0
0.0
0.0
0.0
0.0
0.0
0.0
0.0
0.0
0.0
0.0
0.0
0.0
0.0
0.0
0.0
0.0
0.0
0.0
0.0
0.0
0.0
0.0
0.0
0.0
0.0
0.0
0.0
0.0
0.0
0.0
0.0
0.0
0.0
0.0
0.0
0.0
0.0
0.0
0.0
0.0
0.0
0.0
0.0
0.0
0.0
0.0
0.0
0.0
0.0
0.0
0.0
0.0
0.0
0.0
0.0
0.0
0.0
0.0
0.0
0.0
0.0
0.0
0.0
0.0
0.0
0.0
0.0
0.0
0.0
0.0
0.0
0.0
0.0
0.0
0.0
0.0
0.0
0.0
0.0
0.0
0.0
0.0
0.0
0.0
0.0
0.0
0.0
0.0
0.0
0.0
0.0
0.0
0.0
0.0
0.0
0.0
0.0
0.0
0.0
0.0
0.0
0.0
0.0
0.0
0.0
0.0
0.0
0.0
0.0
0.0
0.0
0.0
0.0
0.0
0.0
0.0
0.0
0.0
0.0
0.0
0.0
0.0
0.0
0.0
0.0
0.0
0.0
0.0
0.0
0.0
0.0
0.0
0.0
0.0
0.0
0.0
0.0
0.0
0.0
0.0
0.0
0.0
0.0
0.0
0.0
0.0
0.0
0.0
0.0
0.0
0.0
0.0
0.0
0.0
0.0
0.0
0.0
0.0
0.0
0.0
0.0
0.0
0.0
0.0
0.0
0.0
0.0
0.0
0.0
0.0
0.0
0.0
0.0
0.0
0.0
0.0
0.0
0.0
0.0
0.0
0.0
0.0
0.0
0.0
0.0
0.0
0.0
0.0
0.0
0.0
0.0
0.0
0.0
0.0
0.0
0.0
0.0
0.0
0.0
0.0
0.0
0.0
0.0
0.0
0.0
0.0
0.0
0.0
0.0
0.0
0.0
0.0
0.0
0.0
0.0
0.0
0.0
0.0
0.0
0.0
0.0
0.0
0.0
0.0
0.0
0.0
0.0
0.0
0.0
0.0
0.0
0.0
0.0
0.0
0.0
0.0
0.0
0.0
0.0
0.0
0.0
0.0
0.0
0.0
0.0
0.0
0.0
0.0
0.0
0.0
0.0
0.0
0.0
0.0
0.0
0.0
0.0
0.0
0.0
0.0
0.0
0.0
0.0
0.0
0.0
0.0
0.0
0.0
0.0
0.0
0.0
0.0
0.0
0.0
0.0
0.0
0.0
0.0
0.0
0.0
0.0
0.0
0.0
0.0
0.0
0.0
0.0
0.0
0.0
0.0
0.0
0.0
0.0
0.0
0.0
0.0
0.0
0.0
0.0
0.0
0.0
0.0
0.0
0.0
0.0
0.0
0.0
0.0
0.0
0.0
0.0
0.0
0.0
0.0
0.0
0.0
0.0
0.0
0.0
0.0
0.0
0.0
0.0
0.0
0.0
0.0
0.0
0.0
0.0
0.0
0.0
0.0
0.0
0.0
0.0
0.0
0.0
0.0
0.0
0.0
0.0
0.0
0.0
0.0
0.0
0.0
0.0
0.0
0.0
0.0
0.0
0.0
0.0
0.0
0.0
0.0
0.0
0.0
0.0
0.0
0.0
0.0
0.0
0.0
0.0
0.0
0.0
0.0
0.0
0.0
0.0
0.0
0.0
0.0
0.0
0.0
0.0
0.0
0.0
0.0
0.0
0.0
0.0
0.0
0.0
0.0
0.0
0.0
0.0
0.0
0.0
0.0
0.0
0.0
0.0
0.0
0.0
0.0
0.0
0.0
0.0
0.0
0.0
0.0
0.0
0.0
0.0
0.0
0.0
0.0
0.0
0.0
0.0
0.0
0.0
0.0
0.0
0.0
0.0
0.0
0.0
0.0
0.0
0.0
0.0
0.0
0.0
0.0
0.0
0.0
0.0
0.0
0.0
0.0
0.0
0.0
0.0
0.0
0.0
0.0
0.0
0.0
0.0
0.0
0.0
0.0
0.0
0.0
0.0
0.0
0.0
0.0
0.0
0.0
0.0
0.0
0.0
0.0
0.0
0.0
0.0
0.0
0.0
0.0
0.0
0.0
0.0
0.0
0.0
0.0
0.0
0.0
0.0
0.0
0.0
0.0
0.0
0.0
0.0
0.0
0.0
0.0
0.0
0.0
0.0
0.0
0.0
0.0
0.0
0.0
0.0
0.0
0.0
0.0
0.0
0.0
0.0
0.0
0.0
0.0
0.0
0.0
0.0
0.0
0.0
0.0
0.0
0.0
0.0
0.0
0.0
0.0
0.0
0.0
0.0
0.0
0.0
0.0
0.0
0.0
0.0
0.0
0.0
0.0
0.0
0.0
0.0
0.0
0.0
0.0
0.0
0.0
0.0
0.0
0.0
0.0
0.0
0.0
0.0
0.0
0.0
0.0
0.0
0.0
0.0
0.0
0.0
0.0
0.0
0.0
0.0
0.0
0.0
0.0
0.0
0.0
0.0
0.0
0.0
0.0
0.0
0.0
0.0
0.0
0.0
0.0
0.0
0.0
0.0
0.0
0.0
0.0
0.0
0.0
0.0
0.0
0.0
0.0
0.0
0.0
0.0
0.0
0.0
0.0
0.0
0.0
0.0
0.0
0.0
0.0
0.0
0.0
0.0
0.0
0.0
0.0
0.0
0.0
0.0
0.0
0.0
0.0
0.0
0.0
0.0
0.0
0.0
0.0
0.0
0.0
0.0
0.0
0.0
0.0
0.0
0.0
0.0
0.0
0.0
0.0
0.0
0.0
0.0
0.0
0.0
0.0
0.0
0.0
0.0
0.0
0.0
0.0
0.0
0.0
0.0
0.0
0.0
0.0
0.0
0.0
0.0
0.0
0.0
0.0
0.0
0.0
0.0
0.0
0.0
0.0
0.0
0.0
0.0
0.0
0.0
0.0
0.0
0.0
0.0
0.0
0.0
0.0
0.0
0.0
0.0
0.0
0.0
0.0
0.0
0.0
0.0
0.0
0.0
0.0
0.0
0.0
0.0
0.0
0.0
0.0
0.0
0.0
0.0
0.0
0.0
0.0
0.0
0.0
0.0
0.0
0.0
0.0
0.0
0.0
0.0
0.0
0.0
0.0
0.0
0.0
0.0
0.0
0.0
0.0
0.0
0.0
0.0
0.0
0.0
0.0
0.0
0.0
0.0
0.0
0.0
0.0
0.0
0.0
0.0
0.0
0.0
0.0
0.0
0.0
0.0
0.0
0.0
0.0
0.0
0.0
0.0
0.0
0.0
0.0
0.0
0.0
0.0
0.0
0.0
0.0
0.0
0.0
0.0
0.0
0.0
0.0
0.0
0.0
0.0
0.0
0.0
0.0
0.0
0.0
0.0
0.0
0.0
0.0
0.0
0.0
0.0
0.0
0.0
0.0
0.0
0.0
0.0
0.0
0.0
0.0
0.0
0.0
0.0
0.0
0.0
0.0
0.0
0.0
0.0
0.0
0.0
0.0
0.0
0.0
0.0
0.0
0.0
0.0
0.0
0.0
0.0
0.0
0.0
0.0
0.0
0.0
0.0
0.0
0.0
0.0
0.0
0.0
0.0
0.0
0.0
0.0
0.0
0.0
0.0
0.0
0.0
0.0
0.0
0.0
0.0
0.0
0.0
0.0
0.0
0.0
0.0
0.0
0.0
0.0
0.0
0.0
0.0
0.0
0.0
0.0
0.0
0.0
0.0
0.0
0.0
0.0
0.0
0.0
0.0
0.0
0.0
0.0
0.0
0.0
0.0
0.0
0.0
0.0
0.0
0.0
0.0
0.0
0.0
0.0
0.0
0.0
0.0
0.0
0.0
0.0
0.0
0.0
0.0
0.0
0.0
0.0
0.0
0.0
0.0
0.0
0.0
0.0
0.0
0.0
0.0
0.0
0.0
0.0
0.0
0.0
0.0
0.0
0.0
0.0
0.0
0.0
0.0
0.0
0.0
0.0
0.0
0.0
0.0
0.0
0.0
0.0
0.0
0.0
0.0
0.0
0.0
0.0
0.0
0.0
0.0
0.0
0.0
0.0
0.0
0.0
0.0
0.0
0.0
0.0
0.0
0.0
0.0
0.0
0.0
0.0
0.0
0.0
0.0
0.0
0.0
0.0
0.0
0.0
0.0
0.0
0.0
