0.0008166646313803541
0.0008174111879805389
0.0008180521065078661
0.0008186358438179835
0.0008191814493064509
0.0008196991771260342
0.0008201952614903079
0.0008206738463696803
0.0008211378619837914
0.0008215894695556672
0.0008220303279749759
0.0008224617597084447
0.0008228848275401391
0.0008233003994604581
0.0008237079378955996
0.0008241093836239375
0.0008245045386136243
0.0008248945048683802
0.0008252794418100336
0.000825659874322415
0.0008260363648503088
0.0008264092686446248
0.0008267788153541936
0.0008271451970848097
0.0008275085899243324
0.0008278691560627796
0.00082822704340544
0.0008285823910042325
0.0008289353278092136
0.0008292853824194923
0.0008296333039110265
0.0008299791911855887
0.0008303231270360353
0.000830664939442306
0.0008310048171149111
0.0008313429860599416
0.0008316795591692495
0.0008320145203129354
0.0008323478504752355
0.000832679656828652
0.0008330100871118324
0.00083333923390422
0.0008336671448633941
0.0008339938832058478
0.0008343193455413671
0.0008346434864867876
0.0008349665882698726
0.0008352886854674519
0.0008356098118511748
0.0008359300012309755
0.0008362492865501426
0.0008365675527409641
0.0008368848608839497
0.0008372013468534525
0.0008375170573156026
0.0008378320263598446
0.0008381462720048306
0.0008384598016658186
0.0008387726160232028
0.0008390846658251057
0.0008393960143037086
0.0008397065637684274
0.0008400165144775388
0.0008403259037834772
0.0008406347633483169
0.00084094311013757
0.0008412509548107558
0.0008415583126355923
0.0008418652050849239
0.0008421716522538737
0.000842477587299434
0.0008427829985306915
0.0008430879935075022
0.0008433926005716404
0.0008436968318910422
0.0008440007096133751
0.0008443042470229763
0.0008446074444587297
0.0008449102310619502
0.0008452126144098471
0.0008455146322254394
0.0008458162840511533
0.0008461176622483446
0.0008464187665863914
0.0008467196221261865
0.0008470202348356022
0.0008473206141597537
0.0008476207804942575
0.000847920731212665
0.0008482204699245254
0.000848519984361021
0.0008488192328665032
0.0008491182733387811
0.0008494171439043754
0.000849715875871348
0.000850014428590869
0.0008503128472559969
0.0008506110318806508
0.0008509090405127266
0.0008512069369886927
0.0008515047233495735
0.0008518024112283548
0.0008520999918072587
0.0008523974374673368
0.0008526947340826207
0.00085299192637227
0.0008532890393519613
0.0008535860874179603
0.0008538830853946398
0.0008541800318996867
0.0008544769291166698
0.000854773756561904
0.0008550704853939466
0.0008553671257725871
0.0008556637378820497
0.0008559603383725738
0.0008562569137916988
0.0008565533747447191
0.0008568498256113045
0.0008571462743225683
0.0008574427277599588
0.0008577391847832545
0.0008580356463643253
0.0008583321160048805
0.0008586286110046497
0.0008589251407082639
0.0008592217024124145
0.0008595182845359215
0.0008598148652039588
0.0008601114449910251
0.0008604080503258905
0.0008607046980637303
0.0008610014126252981
0.0008612981847030256
0.0008615949978496841
0.0008618918032202182
0.000862188647720522
0.0008624855975170291
0.0008627825245269983
0.0008630795120556945
0.0008633765490590193
0.0008636737128606691
0.000863970978905424
0.0008642683255358099
0.0008645657489215516
0.0008648632681026109
0.0008651608853062252
0.0008654586039559392
0.000865756444966406
0.0008660543929505904
0.0008663524265851717
0.0008666505773922609
0.0008669488622334138
0.0008672472511343616
0.0008675457454624454
0.0008678443316184955
0.0008681429847918504
0.0008684418231907478
0.0008687407895640848
0.000869039841915292
0.0008693389697938659
0.0008696381872247749
0.0008699375313132224
0.0008702370168700228
0.0008705367013178193
0.0008708364772162605
0.0008711364297921442
0.0008714365316818015
0.0008717367919321281
0.0008720372154716452
0.0008723377915156553
0.000872638533196481
0.0008729394346406699
0.0008732404980107387
0.0008735417324588536
0.000873843127827026
0.0008741446989190091
0.0008744464418678263
0.0008747483513677028
0.0008750504798111987
0.000875352726879626
0.000875655222731423
0.0008759578251378991
0.0008762606449430172
0.0008765635662811504
0.0008768666696411561
0.0008771698983173974
0.0008774732689329504
0.0008777768875883854
0.0008780806576896545
0.0008783846531985993
0.0008786888228052735
0.0008789931853517078
0.000879297775865435
0.0008796025654105754
0.0008799075568890421
0.0008802127591492775
0.000880518154942474
0.0008808237557385894
0.0008811295737082639
0.0008814355976844659
0.0008817418476869443
0.0008820483291104831
0.0008823549957412925
0.00088266186981534
0.0008829690016127412
0.0008832763324580557
0.0008835838401735702
0.0008838916264724915
0.0008841996599728411
0.0008845078311614962
0.0008848163048374021
0.0008851249492843084
0.0008854337371728474
0.0008857428008486603
0.0008860520690256294
0.0008863614676887221
0.000886671133682073
0.0008869810825563732
0.0008872912249115257
0.0008876015783651935
0.0008879121879734806
0.000888223075313327
0.0008885341802164006
0.0008888455082482461
0.0008891570719423533
0.000889468903561899
0.0008897809884916676
0.0008900932852074375
0.000890405821302214
0.0008907186243961102
0.0008910317045283689
0.0008913449991064028
0.0008916585356648284
0.0008919723253992032
0.0008922863897650264
0.000892600685164998
0.0008929152415883447
0.0008932300367750506
0.0008935450655991014
0.0008938603930814312
0.0008941759609145204
0.0008944917654682683
0.0008948077805610296
0.0008951240194933962
0.0008954405636428957
0.0008957574620789192
0.0008960745302329051
0.0008963917644976782
0.0008967092215887044
0.000897027006358932
0.0008973451098673118
0.0008976634388542
0.0008979819845477225
0.000898300785845679
0.000898619875037864
0.0008989392482452972
0.0008992589113576528
0.0008995788310332853
0.0008998989844445958
0.0009002194099464297
0.0009005401142365447
0.0009008610974818427
0.0009011823344852597
0.0009015038403511997
0.000901825662728635
0.00090214773336429
0.00090247006347716
0.0009027926660090797
0.0009031155484846042
0.0009034386837188062
0.0009037620915873651
0.00090408578722801
0.0009044098177437305
0.0009047340464468585
0.0009050585267903596
0.0009053833169260484
0.0009057083643366187
0.000906033697173627
0.0009063593084361912
0.000906685173630903
0.000907011301376745
0.0009073376976954403
0.0009076643919761069
0.0009079913851334401
0.0009083186697567811
0.0009086462010765128
0.0009089739775062096
0.0009093020159793789
0.0009096303238868938
0.0009099589051281375
0.0009102877615107569
0.00091061689399219
0.0009109463320757462
0.000911276094018734
0.0009116061429574515
0.0009119364705478065
0.0009122670857343476
0.0009125979566547187
0.0009129290973473901
0.0009132605128094676
0.0009135922051703413
0.0009139241807512641
0.0009142564547166938
0.0009145890275795398
0.0009149218774441339
0.0009152549987731756
0.0009155884135770402
0.0009159221278575999
0.0009162561131681406
0.0009165903708651987
0.0009169248974472491
0.0009172596832613596
0.0009175947507928483
0.000917930101352653
0.0009182657423966961
0.0009186016853480424
0.0009189379223267217
0.0009192744291970724
0.0009196112121405344
0.0009199482749649915
0.0009202856181061065
0.0009206232407813062
0.0009209611438424554
0.0009212993207203486
0.0009216377760024463
0.0009219765141131869
0.0009223155350159359
0.0009226548359768376
0.0009229944081732394
0.0009233342625930882
0.0009236744042605995
0.0009240148441999059
0.0009243555778388793
0.0009246965896720348
0.0009250378886860617
0.0009253794776853203
0.0009257213434216789
0.0009260634813405087
0.0009264058956670309
0.0009267485880857673
0.0009270915591882769
0.0009274348093802203
0.0009277783395346322
0.0009281221484329058
0.0009284662359191858
0.0009288106019507489
0.0009291552460525805
0.0009295001677849374
0.000929845366907709
0.0009301908431457807
0.0009305365959503838
0.000930882625301612
0.0009312289299006755
0.000931575504169033
0.0009319223321266822
0.0009322694292741322
0.0009326167948677051
0.0009329644430893433
0.0009333123786679449
0.0009336605891737966
0.0009340090719743002
0.0009343578260531748
0.000934706851506173
0.0009350561455091948
0.0009354057049461027
0.0009357555210309893
0.0009361056033988455
0.0009364559858971031
0.0009368066493381998
0.0009371575753366606
0.0009375087560046311
0.0009378601976180236
0.0009382119044317469
0.0009385638754270764
0.0009389161095059287
0.0009392686062250775
0.0009396213639128064
0.0009399743798838449
0.0009403276436199217
0.0009406811504124965
0.0009410349011879921
0.0009413888897391616
0.0009417431288932622
0.0009420976479919458
0.0009424524603947807
0.0009428075629436998
0.0009431629337820772
0.0009435185586798713
0.0009438744364258152
0.0009442305655398125
0.0009445869454237876
0.0009449435734747114
0.0009453004468299582
0.0009456575616310337
0.0009460149033524529
0.0009463724594679074
0.0009467303438610075
0.000947088469600258
0.0009474468312710107
0.0009478054201575025
0.0009481642406419543
0.0009485233207239971
0.000948882658301549
0.0009492422199493449
0.0009496020169175147
0.0009499620476803642
0.0009503222526828605
0.0009506827778563527
0.0009510435366195796
0.0009514045233146401
0.0009517657350464255
0.0009521271660394336
0.0009524888029714414
0.0009528506493604741
0.000953212769875
0.0009535751039716885
0.0009539376317894011
0.000954300439690024
0.0009546634665142435
0.000955026706852628
0.0009553902034254116
0.0009557539233507081
0.0009561178454468984
0.000956481955956243
0.0009568462459765915
0.000957210771763289
0.0009575755770504747
0.0009579406086714578
0.0009583058362472754
0.0009586712595364198
0.0009590368663576146
0.0009594026399513691
0.0009597686221998578
0.0009601347723124804
0.0009605011640954514
0.0009608678546842623
0.0009612347572828025
0.0009616018493531616
0.0009619691222846114
0.0009623365643329795
0.0009627041627318244
0.0009630718888423255
0.0009634397710256585
0.0009638079219895414
0.0009641763490568473
0.0009645449798724978
0.0009649137800723744
0.000965282742634668
0.0009656518495529896
0.0009660210983487183
0.000966390543460711
0.0009667601642171106
0.0009671299350765689
0.0009674999454290474
0.0009678701707879215
0.000968240544267819
0.0009686110445025322
0.0009689817083166711
0.0009693525869586946
0.0009697235855749676
0.0009700947182170066
0.0009704660190280115
0.0009708374977479093
0.0009712091255732427
0.0009715809337313765
0.0009719529475467964
0.0009723250797766059
0.0009726973046069349
0.0009730696627142095
0.0009734421876843862
0.0009738147258570676
0.0009741875977346743
0.0009745606260116424
0.0009749337614492441
0.000975306970979237
0.0009756802680785311
0.0009760537393658964
0.000976427301180253
0.0009768010375307363
0.0009771749166037258
0.0009775489342734307
0.0009779230233722086
0.0009782971578209234
0.0009786714268653328
0.000979045910720944
0.0009794204881499401
0.0009797951445741709
0.0009801699150421533
0.0009805447602194677
0.0009809196057833994
0.0009812947109357289
0.0009816699554470207
0.0009820452511891476
0.0009824205858540648
0.0009827959762265899
0.0009831713648346878
0.000983546988253868
0.0009839227822866386
0.0009842986297832553
0.0009846745015719438
0.0009850503634984222
0.0009854262185488777
0.0009858022292498162
0.000986178429385698
0.0009865547076716198
0.0009869310060745845
0.0009873072864921702
0.0009876835213066784
0.000988059857827767
0.000988436386108937
0.0009888130002785795
0.0009891896237292767
0.0009895661848481063
0.0009899427584510933
0.0009903194113320272
0.0009906961346761792
0.0009910729794055351
0.0009914498204345419
0.0009918266089159833
0.0009922034000635776
0.0009925802114245847
0.0009929570345256066
0.0009933339698010681
0.0009937108781980831
0.000994087754344025
0.0009944647051192634
0.0009948415730837272
0.0009952184268204663
0.0009955953453202964
0.0009959722539126695
0.0009963491659337942
0.0009967260696065554
0.0009971028672897838
0.0009974796452597381
0.0009978564400935429
0.0009982332280593692
0.0009986100627239014
0.000998986792090322
0.0009993634193330094
0.0009997399709603437
0.0010001164955143493
0.0010004931672398945
0.0010008697594236027
0.001001246213028183
0.0010016225925353621
0.0010019988800679567
0.0010023752529108793
0.0010027515655805393
0.001003127746636463
0.0010035037785910044
0.001003879655814563
0.0010042556413197813
0.0010046315320413942
0.0010050073162725034
0.0010053829262795938
0.001005758336457933
0.0010061338677189858
0.001006509238365978
0.001006884510500902
0.0010072595979339668
0.0010076344373937517
0.0010080094221354956
0.0010083842158285898
0.0010087588336736804
0.0010091332605959447
0.0010095074586985208
0.0010098817794187349
0.0010102559002971802
0.0010106297884281148
0.001011003452696158
0.0010113769100367673
0.0010117504543162125
0.001012123792228463
0.001012496850898098
0.0010128696387183664
0.001013242259925565
0.0010136149160113205
0.0010139873637669905
0.0010143595207147591
0.001014731272350084
0.0010151029495628996
0.001015474610694983
0.0010158460401821603
0.0010162171530387
0.0010165878722797682
0.001016958405223443
0.0010173288758906828
0.0010176991058746697
0.001018068979314375
0.0010184384960486806
0.0010188077772958894
0.0010191769872151567
0.001019545943116877
0.0010199144563129176
0.0010202827249209778
0.0010206506979526873
0.0010210185208447604
0.0010213860619422144
0.0010217531936371244
0.001022120015549848
0.0010224865174878444
0.0010228528233393805
0.0010232187714102599
0.0010235843934477814
0.0010239496276982381
0.0010243145302473887
0.0010246791883073347
0.0010250434591201514
0.0010254073900379562
0.0010257708975532046
0.00102613403864369
0.0010264968258283309
0.001026859325289737
0.0010272214689435214
0.0010275831131737639
0.0010279443489373764
0.0010283052347353913
0.00102866578850642
0.0010290258729308915
0.0010293854741250997
0.0010297446559994982
0.0010301035074854015
0.0010304620045265768
0.0010308199427130711
0.0010311773216235803
0.001031534288050988
0.0010318909318439923
0.0010322470845872183
0.001032602664734049
0.001032957702852525
0.0010333123261104906
0.0010336665882588346
0.0010340202527367444
0.0010343732810212107
0.0010347258442046123
0.0010350780402619247
0.00103542966913101
0.0010357806628067104
0.00103613107609638
0.0010364810150237456
0.0010368304950361255
0.0010371793330669781
0.001037527504807612
0.0010378751443072573
0.0010382222838862792
0.0010385687874788158
0.0010389146049201042
0.0010392598584881168
0.0010396046047856
0.0010399486935897724
0.0010402920627668251
0.001040634749140873
0.0010409769573661949
0.0010413184520051844
0.001041659222325002
0.0010419992633674572
0.0010423387505668665
0.0010426775636542573
0.0010430155916956246
0.001043352832018201
0.0010436894585009492
0.001044025452283291
0.001044360603722905
0.001044694942620032
0.0010450285572897952
0.0010453615589850807
0.0010456937304178517
0.0010460250636470283
0.0010463556126693377
0.0010466855882133317
0.0010470147145022915
0.0010473428796302373
0.0010476701246980877
0.0010479967996499555
0.0010483226450288213
0.0010486474759075694
0.0010489713223270367
0.0010492945476002077
0.0010496169188878308
0.001049938297605885
0.001050258598265254
0.001050578182646025
0.0010508969002302447
0.0010512146451542059
0.0010515312370071171
0.0010518470385625289
0.0010521619437693084
0.0010524758798337547
0.0010527885972025962
0.0010531004566739595
0.0010534113795790294
0.0010537213359873324
0.0010540300660418843
0.001054337807541085
0.0010546445376180282
0.0010549503034636806
0.001055254835594877
0.0010555583052295622
0.001055860599144142
0.0010561618911443728
0.0010564619405478448
0.0010567608965233025
0.0010570586650878416
0.001057355355202913
0.0010576507981101921
0.0010579451273272388
0.0010582381776534679
0.0010585300835168434
0.0010588207033452046
0.0010591102404233059
0.0010593984102411878
0.0010596853084107727
0.0010599708820496607
0.0010602553483831474
0.0010605383915516086
0.0010608200741022524
0.0010611004134755866
0.0010613796078576669
0.001061657327038268
0.001061933602776722
0.0010622084985624405
0.001062482196463855
0.0010627543659914387
0.0010630249784392381
0.001063294168026989
0.0010635621008552223
0.0010638284516804287
0.0010640932029537837
0.0010643564898752927
0.0010646184527156322
0.0010648787857864997
0.0010651374523537713
0.001065394594533769
0.0010656503219494563
0.0010659043831782184
0.0010661567143222554
0.001066407462721153
0.001066656701655485
0.0010669042555908547
0.0010671500114746834
0.0010673941385751973
0.001067636658053796
0.0010678774107907988
0.0010681162852023433
0.0010683535007229286
0.001068589003876702
0.0010688226696897347
0.0010690543370796524
0.0010692843724784977
0.0010695125696326808
0.0010697388566443076
0.0010699631135810575
0.0010701856353732137
0.0010704062368171432
0.0010706248823855017
0.0010708414873823666
0.0010710562537300976
0.0010712690680208573
0.0010714798169976308
0.0010716884635600793
0.0010718951572160913
0.0010720997522691603
0.0010723021966624377
0.0010725025102080387
0.0010727007552349917
0.001072896807095511
0.001073090596413744
0.0010732822551655851
0.0010734717212322943
0.0010736588843962111
0.001073843670201821
0.001074026332447288
0.0010742066717000184
0.0010743845985405178
0.0010745600865105195
0.0010747333422433925
0.0010749041759812003
0.0010750724962313744
0.0010752383223144601
0.0010754017955330805
0.0010755626457254306
0.001075720859028166
0.0010758765324071938
0.001076029720572154
0.001076180270800231
0.0010763280800624366
0.001076473317924511
0.0010766159373627566
0.0010767557994177579
0.0010768928394764277
0.0010770271950133487
0.0010771587923364204
0.0010772875173790438
0.0010774133373102873
0.001077536369443794
0.0010776565314050812
0.001077773694953236
0.001077887823603422
0.0010779990664117277
0.0010781072979207703
0.0010782123967802192
0.001078314436223922
0.001078413449872817
0.00107850931509455
0.0010786019498946482
0.0010786914105520191
0.0010787777012704934
0.0010788607088001773
0.0010789404061840287
0.0010790168303522994
0.001079089934281504
0.0010791596055772948
0.0010792258498652039
0.0010792886772224546
0.0010793480129107284
0.0010794037940419492
0.0010794560018856111
0.0010795046652906958
0.0010795497093908939
0.0010795910771433167
0.0010796287383862673
0.001079662693796186
0.0010796928930641486
0.0010797193295418708
0.0010797419193480688
0.0010797606177950822
0.0010797754832843046
0.0010797863967538111
0.0010797933155733282
0.0010797962022439946
0.0010797950145336435
0.0010797897165592465
0.0010797802644090194
0.0010797666172224507
0.0010797487309425085
0.0010797265781584003
0.0010797000992144412
0.0010796692561937347
0.0010796340047654522
0.001079594323549147
0.0010795501385803656
0.0010795014051861527
0.0010794480943053342
0.0010793901776955143
0.0010793275902417302
0.0010792601078737352
0.001079187880597362
0.00107911085719889
0.0010790289621915802
0.0010789421300417374
0.0010788503749069457
0.0010787536295158201
0.0010786517954108315
0.001078544812256995
0.0010784327186680572
0.0010783156612792233
0.0010781947140582535
0.0010780701035926867
0.001077941917688161
0.0010778100153662053
0.0010776743028740438
0.0010775348738515308
0.0010773916974304966
0.0010772446019058203
0.0010770935691437335
0.0010769387230852574
0.0010767799885438296
0.0010766171331603723
0.0010764501966390556
0.0010762792523451152
0.0010761041949472188
0.001075924862574289
0.001075741363375519
0.0010755537135159155
0.0010753616345906475
0.0010751651200704955
0.001074964322615598
0.0010747591860224678
0.0010745494615561877
0.001074335167818135
0.001074116426268164
0.0010738930407991492
0.0010736649236405297
0.0010734321576827805
0.0010731947222431852
0.0010729523593983354
0.0010727050155524918
0.001072452850941072
0.0010721957662461843
0.0010719335073698366
0.0010716661040156025
0.0010713937339837624
0.001071116123016807
0.0010708330625010935
0.0010705447619641963
0.0010702511765384522
0.001069952072290563
0.0010696473741470098
0.0010693371868069118
0.0010690212783018664
0.0010686995730105808
0.001068372126913427
0.001068039017687264
0.0010676999651624808
0.0010673548371552951
0.0010670038300318956
0.001066646690128533
0.0010662832891972249
0.0010659136322776987
0.0010655378824517222
0.0010651556514640933
0.001064766890478704
0.0010643717327357965
0.0010639701233952734
0.0010635617460966202
0.0010631465933369723
0.0010627249248101457
0.0010622961464344467
0.0010618602893671173
0.001061417477803041
0.0010609676715385371
0.0010605104968590795
0.0010600460005844071
0.00105957435424209
0.0010590951293516736
0.0010586082186743702
0.0010581138292764082
0.0010576119996183195
0.001057101971645341
0.0010565839498977911
0.0010560582770957267
0.0010555245611489823
0.0010549823735594645
0.0010544319878709352
0.0010538735272172177
0.001053306247608481
0.0010527301276557117
0.0010521456464202274
0.001051552550783431
0.001050950143709047
0.0010503386383125817
0.001049718479328008
0.001049088885746404
0.001048449553178267
0.0010478009428109203
0.0010471430210986555
0.0010464748828836717
0.0010457966882993712
0.0010451091989846565
0.0010444114441642378
0.001043702938933343
0.001042984263093896
0.0010422556233906052
0.0010415160994178877
0.0010407655165386707
0.0010400047771226405
0.0010392329710010807
0.0010384493570359031
0.0010376545094843558
0.0010368488999141041
0.0010360315376637935
0.001035201941348261
0.0010343609824665769
0.0010335082719397388
0.001032642742186023
0.0010317646663770728
0.0010308749730143548
0.001029972522682349
0.0010290565657996502
0.0010281278525686673
0.0010271865023773275
0.0010262314865409317
0.0010252626518072582
0.0010242806146518887
0.0010232849827751269
0.0010222746722116682
0.0010212500951117048
0.001020211661939583
0.0010191583197997726
0.0010180896258277857
0.0010170062890089164
0.0010159082536908232
0.0010147940836303865
0.001013664015826657
0.0010125182454041703
0.0010113566275311789
0.001010178201344897
0.0010089832794450827
0.0010077720294274842
0.001006543289421939
0.0010052970343083013
0.0010040334809491036
0.001002752733310811
0.0010014534656346769
0.001000135862303846
0.000998799832961121
0.0009974451975289403
0.000996071352831626
0.0009946779574091244
0.0009932657806125584
0.000991833072314093
0.0009903799250372703
0.000988906302437761
0.000987412503306223
0.0009858974116162009
0.0009843603451423807
0.0009828020790378913
0.0009812218495471147
0.0009796192474402076
0.0009779932824625262
0.0009763451991230113
0.0009746734247241286
0.0009729771151061262
0.0009712568055207056
0.0009695127200470585
0.0009677436768955039
0.0009659481885729249
0.0009641278153056884
0.0009622816448729232
0.0009604079937034397
0.0009585069368239445
0.0009565797982704886
0.0009546247303025894
0.0009526397934234191
0.0009506270071044933
0.0009485857178411426
0.0009465137533493091
0.0009444109200498106
0.0009422787199262267
0.0009401158433900952
0.0009379193305446624
0.0009356908810069613
0.0009334311945861574
0.0009311369811321556
0.0009288076391421006
0.000926445191074429
0.0009240486886737182
0.0009216139957561618
0.0009191427694781261
0.0009166365794860323
0.0009140919385477182
0.0009115072348168885
0.0009088848317325013
0.000906224157421089
0.00090352004252157
0.0009007740678964641
0.0008979882365395359
0.0008951594139246916
0.0008922846618116435
0.000889366730571236
0.0008864053009317044
0.0008833937985136228
0.0008803342254518912
0.0008772291542294856
0.0008740752580980292
0.0008708683980374893
0.0008676112852246187
0.0008643039790148401
0.0008609410405037224
0.0008575222708356224
0.0008540504860168319
0.000850522567374448
0.0008469330559891079
0.0008432847487463362
0.0008395787068192352
0.0008358087148395376
0.0008319731406535234
0.00082807562782023
0.0008241114705125251
0.0008200770310385908
0.0008159732208972318
0.0008118013153874424
0.0008075546445075069
0.0008032303101297995
0.0007988327967475844
0.0007943555475238503
0.0007897961650075747
0.0007851535896551659
0.0007804296826448469
0.000775615772535558
0.0007707101090702138
0.0007657158296907495
0.0007606253565145769
0.0007554365816105449
0.0007501463742295718
0.0007447574216312003
0.0007392577459323023
0.0007336482283328777
0.0007279281307736472
0.0007220909876331724
0.0007161329901580711
0.0007100480783688562
0.0007038401306820642
0.0006974930782854404
0.0006910094716307675
0.0006843849043723515
0.0006776124542061275
0.000670683346173116
0.0006635961419459217
0.0006563489844677608
0.0006489201757934078
0.0006413141752930251
0.0006335212658605795
0.0006255331754033436
0.0006173351644150932
0.0006089262490365637
0.0006002988613428936
0.000591422446761993
0.0005822987679430608
0.0005729184381630843
0.0005632612026706151
0.0005533023828775302
0.0005430387729883408
0.0005324480579089419
0.0005214938332557119
0.0005101607020560777
0.0004984313059886508
0.00048626369716568994
0.0004736097957726088
0.0004604479041584257
0.0004467309761783805
0.0004323817348745864
0.00041734196088633795
0.00040155090248914996
0.000384893680582039
0.0003672303001142757
0.00034843429598613177
0.000328318228242977
0.00030657368554267437
0.0002828339983961334
0.0002565814019541847
0.00022689689084955008
0.00019214551869094248
0.00014888890028877126
8.504744151997103e-5
0.0
0.0
0.0
0.0
0.0
0.0
0.0
0.0
0.0
0.0
0.0
0.0
0.0
0.0
0.0
0.0
0.0
0.0
0.0
0.0
0.0
0.0
0.0
0.0
0.0
0.0
0.0
0.0
0.0
0.0
0.0
0.0
0.0
0.0
0.0
0.0
0.0
0.0
0.0
0.0
0.0
0.0
0.0
0.0
0.0
0.0
0.0
0.0
0.0
0.0
0.0
0.0
0.0
0.0
0.0
0.0
0.0
0.0
0.0
0.0
0.0
0.0
0.0
0.0
0.0
0.0
0.0
0.0
0.0
0.0
0.0
0.0
0.0
0.0
0.0
0.0
0.0
0.0
0.0
0.0
0.0
0.0
0.0
0.0
0.0
0.0
0.0
0.0
0.0
0.0
0.0
0.0
0.0
0.0
0.0
0.0
0.0
0.0
0.0
0.0
0.0
0.0
0.0
0.0
0.0
0.0
0.0
0.0
0.0
0.0
0.0
0.0
0.0
0.0
0.0
0.0
0.0
0.0
0.0
0.0
0.0
0.0
0.0
0.0
0.0
0.0
0.0
0.0
0.0
0.0
0.0
0.0
0.0
0.0
0.0
0.0
0.0
0.0
0.0
0.0
0.0
0.0
0.0
0.0
0.0
0.0
0.0
0.0
0.0
0.0
0.0
0.0
0.0
0.0
0.0
0.0
0.0
0.0
0.0
0.0
0.0
0.0
0.0
0.0
0.0
0.0
0.0
0.0
0.0
0.0
0.0
0.0
0.0
0.0
0.0
0.0
0.0
0.0
0.0
0.0
0.0
0.0
0.0
0.0
0.0
0.0
0.0
0.0
0.0
0.0
0.0
0.0
0.0
0.0
0.0
0.0
0.0
0.0
0.0
0.0
0.0
0.0
0.0
0.0
0.0
0.0
0.0
0.0
0.0
0.0
0.0
0.0
0.0
0.0
0.0
0.0
0.0
0.0
0.0
0.0
0.0
0.0
0.0
0.0
0.0
0.0
0.0
0.0
0.0
0.0
0.0
0.0
0.0
0.0
0.0
0.0
0.0
0.0
0.0
0.0
0.0
0.0
0.0
0.0
0.0
0.0
0.0
0.0
0.0
0.0
0.0
0.0
0.0
0.0
0.0
0.0
0.0
0.0
0.0
0.0
0.0
0.0
0.0
0.0
0.0
0.0
0.0
0.0
0.0
0.0
0.0
0.0
0.0
0.0
0.0
0.0
0.0
0.0
0.0
0.0
0.0
0.0
0.0
0.0
0.0
0.0
0.0
0.0
0.0
0.0
0.0
0.0
0.0
0.0
0.0
0.0
0.0
0.0
0.0
0.0
0.0
0.0
0.0
0.0
0.0
0.0
0.0
0.0
0.0
0.0
0.0
0.0
0.0
0.0
0.0
0.0
0.0
0.0
0.0
0.0
0.0
0.0
0.0
0.0
0.0
0.0
0.0
0.0
0.0
0.0
0.0
0.0
0.0
0.0
0.0
0.0
0.0
0.0
0.0
0.0
0.0
0.0
0.0
0.0
0.0
0.0
0.0
0.0
0.0
0.0
0.0
0.0
0.0
0.0
0.0
0.0
0.0
0.0
0.0
0.0
0.0
0.0
0.0
0.0
0.0
0.0
0.0
0.0
0.0
0.0
0.0
0.0
0.0
0.0
0.0
0.0
0.0
0.0
0.0
0.0
0.0
0.0
0.0
0.0
0.0
0.0
0.0
0.0
0.0
0.0
0.0
0.0
0.0
0.0
0.0
0.0
0.0
0.0
0.0
0.0
0.0
0.0
0.0
0.0
0.0
0.0
0.0
0.0
0.0
0.0
0.0
0.0
0.0
0.0
0.0
0.0
0.0
0.0
0.0
0.0
0.0
0.0
0.0
0.0
0.0
0.0
0.0
0.0
0.0
0.0
0.0
0.0
0.0
0.0
0.0
0.0
0.0
0.0
0.0
0.0
0.0
0.0
0.0
0.0
0.0
0.0
0.0
0.0
0.0
0.0
0.0
0.0
0.0
0.0
0.0
0.0
0.0
0.0
0.0
0.0
0.0
0.0
0.0
0.0
0.0
0.0
0.0
0.0
0.0
0.0
0.0
0.0
0.0
0.0
0.0
0.0
0.0
0.0
0.0
0.0
0.0
0.0
0.0
0.0
0.0
0.0
0.0
0.0
0.0
0.0
0.0
0.0
0.0
0.0
0.0
0.0
0.0
0.0
0.0
0.0
0.0
0.0
0.0
0.0
0.0
0.0
0.0
0.0
0.0
0.0
0.0
0.0
0.0
0.0
0.0
0.0
0.0
0.0
0.0
0.0
0.0
0.0
0.0
0.0
0.0
0.0
0.0
0.0
0.0
0.0
0.0
0.0
0.0
0.0
0.0
0.0
0.0
0.0
0.0
0.0
0.0
0.0
0.0
0.0
0.0
0.0
0.0
0.0
0.0
0.0
0.0
0.0
0.0
0.0
0.0
0.0
0.0
0.0
0.0
0.0
0.0
0.0
0.0
0.0
0.0
0.0
0.0
0.0
0.0
0.0
0.0
0.0
0.0
0.0
0.0
0.0
0.0
0.0
0.0
0.0
0.0
0.0
0.0
0.0
0.0
0.0
0.0
0.0
0.0
0.0
0.0
0.0
0.0
0.0
0.0
0.0
0.0
0.0
0.0
0.0
0.0
0.0
0.0
0.0
0.0
0.0
0.0
0.0
0.0
0.0
0.0
0.0
0.0
0.0
0.0
0.0
0.0
0.0
0.0
0.0
0.0
0.0
0.0
0.0
0.0
0.0
0.0
0.0
0.0
0.0
0.0
0.0
0.0
0.0
0.0
0.0
0.0
0.0
0.0
0.0
0.0
0.0
0.0
0.0
0.0
0.0
0.0
0.0
0.0
0.0
0.0
0.0
0.0
0.0
0.0
0.0
0.0
0.0
0.0
0.0
0.0
0.0
0.0
0.0
0.0
0.0
0.0
0.0
0.0
0.0
0.0
0.0
0.0
0.0
0.0
0.0
0.0
0.0
0.0
0.0
0.0
0.0
0.0
0.0
0.0
0.0
0.0
0.0
0.0
0.0
0.0
0.0
0.0
0.0
0.0
0.0
0.0
0.0
0.0
0.0
0.0
0.0
0.0
0.0
0.0
0.0
0.0
0.0
0.0
0.0
0.0
0.0
0.0
0.0
0.0
0.0
0.0
0.0
0.0
0.0
0.0
0.0
0.0
0.0
0.0
0.0
0.0
0.0
0.0
0.0
0.0
0.0
0.0
0.0
0.0
0.0
0.0
0.0
0.0
0.0
0.0
0.0
0.0
0.0
0.0
0.0
0.0
0.0
0.0
0.0
0.0
0.0
0.0
0.0
0.0
0.0
0.0
0.0
0.0
0.0
0.0
0.0
0.0
0.0
0.0
0.0
0.0
0.0
0.0
0.0
0.0
0.0
0.0
0.0
0.0
0.0
0.0
0.0
0.0
0.0
0.0
0.0
0.0
0.0
0.0
0.0
0.0
0.0
0.0
0.0
0.0
0.0
0.0
0.0
0.0
0.0
0.0
0.0
0.0
0.0
0.0
0.0
0.0
0.0
0.0
0.0
0.0
0.0
0.0
0.0
0.0
0.0
0.0
0.0
0.0
0.0
0.0
0.0
0.0
0.0
0.0
0.0
0.0
0.0
0.0
0.0
0.0
0.0
0.0
0.0
0.0
0.0
0.0
0.0
0.0
0.0
0.0
0.0
0.0
0.0
0.0
0.0
0.0
0.0
0.0
0.0
0.0
0.0
0.0
0.0
0.0
0.0
0.0
0.0
0.0
0.0
0.0
0.0
0.0
0.0
0.0
0.0
0.0
0.0
0.0
0.0
0.0
0.0
0.0
0.0
0.0
0.0
0.0
0.0
0.0
0.0
0.0
0.0
0.0
0.0
0.0
0.0
0.0
0.0
0.0
0.0
0.0
0.0
0.0
0.0
0.0
0.0
0.0
0.0
0.0
0.0
0.0
0.0
0.0
0.0
0.0
0.0
0.0
0.0
0.0
0.0
0.0
0.0
0.0
0.0
0.0
0.0
0.0
0.0
0.0
0.0
0.0
0.0
0.0
0.0
0.0
0.0
0.0
0.0
0.0
0.0
0.0
0.0
0.0
0.0
0.0
0.0
0.0
0.0
0.0
0.0
0.0
0.0
0.0
0.0
0.0
0.0
0.0
0.0
0.0
0.0
0.0
0.0
0.0
0.0
0.0
0.0
0.0
0.0
0.0
0.0
0.0
0.0
0.0
0.0
0.0
0.0
0.0
0.0
0.0
0.0
0.0
0.0
0.0
0.0
0.0
0.0
0.0
0.0
0.0
0.0
0.0
0.0
0.0
0.0
0.0
0.0
0.0
0.0
0.0
0.0
0.0
0.0
0.0
0.0
0.0
0.0
0.0
0.0
0.0
0.0
0.0
0.0
0.0
0.0
0.0
0.0
0.0
0.0
0.0
0.0
0.0
0.0
0.0
0.0
0.0
0.0
0.0
0.0
0.0
0.0
0.0
0.0
0.0
0.0
0.0
0.0
0.0
0.0
0.0
0.0
0.0
0.0
0.0
0.0
0.0
0.0
0.0
0.0
0.0
0.0
0.0
0.0
0.0
0.0
0.0
0.0
0.0
0.0
0.0
0.0
0.0
0.0
0.0
0.0
0.0
0.0
0.0
0.0
0.0
0.0
0.0
0.0
0.0
0.0
0.0
0.0
0.0
0.0
0.0
0.0
0.0
0.0
0.0
0.0
0.0
0.0
0.0
0.0
0.0
0.0
0.0
0.0
0.0
0.0
0.0
0.0
0.0
0.0
0.0
0.0
0.0
0.0
0.0
0.0
0.0
0.0
0.0
0.0
0.0
0.0
0.0
0.0
0.0
0.0
0.0
0.0
0.0
0.0
0.0
0.0
0.0
0.0
0.0
0.0
0.0
0.0
0.0
0.0
0.0
0.0
0.0
0.0
0.0
0.0
0.0
0.0
0.0
0.0
0.0
0.0
0.0
0.0
0.0
0.0
0.0
0.0
0.0
0.0
0.0
0.0
0.0
0.0
0.0
0.0
0.0
0.0
0.0
0.0
0.0
0.0
0.0
0.0
0.0
0.0
0.0
0.0
0.0
0.0
0.0
0.0
0.0
0.0
0.0
0.0
0.0
0.0
0.0
0.0
0.0
0.0
0.0
0.0
0.0
0.0
0.0
0.0
0.0
0.0
0.0
0.0
0.0
0.0
0.0
0.0
0.0
0.0
0.0
0.0
0.0
0.0
0.0
0.0
0.0
0.0
0.0
0.0
0.0
0.0
0.0
0.0
0.0
0.0
0.0
0.0
0.0
0.0
0.0
0.0
0.0
0.0
0.0
0.0
0.0
0.0
0.0
0.0
0.0
0.0
0.0
0.0
0.0
0.0
0.0
0.0
0.0
0.0
0.0
0.0
0.0
0.0
0.0
0.0
0.0
0.0
0.0
0.0
0.0
0.0
0.0
0.0
0.0
0.0
0.0
0.0
0.0
0.0
0.0
0.0
0.0
0.0
0.0
0.0
0.0
0.0
0.0
0.0
0.0
0.0
0.0
0.0
0.0
0.0
0.0
0.0
0.0
0.0
0.0
0.0
0.0
0.0
0.0
0.0
0.0
0.0
0.0
0.0
0.0
0.0
0.0
0.0
0.0
0.0
0.0
0.0
0.0
0.0
0.0
0.0
0.0
0.0
0.0
0.0
0.0
0.0
0.0
0.0
0.0
0.0
0.0
0.0
0.0
0.0
0.0
0.0
0.0
0.0
0.0
0.0
0.0
0.0
0.0
0.0
0.0
0.0
0.0
0.0
0.0
0.0
0.0
0.0
0.0
0.0
0.0
0.0
0.0
0.0
0.0
0.0
0.0
0.0
0.0
0.0
0.0
0.0
0.0
0.0
0.0
0.0
0.0
0.0
0.0
0.0
0.0
0.0
0.0
0.0
0.0
0.0
0.0
0.0
0.0
0.0
0.0
0.0
0.0
0.0
0.0
0.0
0.0
0.0
0.0
0.0
0.0
0.0
0.0
0.0
0.0
0.0
0.0
0.0
0.0
0.0
0.0
0.0
0.0
0.0
0.0
0.0
0.0
0.0
0.0
0.0
0.0
0.0
0.0
0.0
0.0
0.0
0.0
0.0
0.0
0.0
0.0
0.0
0.0
0.0
0.0
0.0
0.0
0.0
0.0
0.0
0.0
0.0
0.0
0.0
0.0
0.0
0.0
0.0
0.0
0.0
0.0
0.0
0.0
0.0
0.0
0.0
0.0
0.0
0.0
0.0
0.0
0.0
0.0
0.0
0.0
0.0
0.0
0.0
0.0
0.0
0.0
0.0
0.0
0.0
0.0
0.0
0.0
0.0
0.0
0.0
0.0
0.0
0.0
0.0
0.0
0.0
0.0
0.0
0.0
0.0
0.0
0.0
0.0
0.0
0.0
0.0
0.0
0.0
0.0
0.0
0.0
0.0
0.0
0.0
0.0
0.0
0.0
0.0
0.0
0.0
0.0
0.0
0.0
0.0
0.0
0.0
0.0
0.0
0.0
0.0
0.0
0.0
0.0
0.0
0.0
0.0
0.0
0.0
0.0
0.0
0.0
0.0
0.0
0.0
0.0
0.0
0.0
0.0
0.0
0.0
0.0
0.0
0.0
0.0
0.0
0.0
0.0
0.0
0.0
0.0
0.0
0.0
0.0
0.0
0.0
0.0
0.0
0.0
0.0
0.0
0.0
0.0
0.0
0.0
0.0
0.0
0.0
0.0
0.0
0.0
0.0
0.0
0.0
0.0
0.0
0.0
0.0
0.0
0.0
0.0
0.0
0.0
0.0
0.0
0.0
0.0
0.0
0.0
0.0
0.0
0.0
0.0
0.0
0.0
0.0
0.0
0.0
0.0
0.0
0.0
0.0
0.0
0.0
0.0
0.0
0.0
0.0
0.0
0.0
0.0
0.0
0.0
0.0
0.0
0.0
0.0
0.0
0.0
0.0
0.0
0.0
0.0
0.0
0.0
0.0
0.0
0.0
0.0
0.0
0.0
0.0
0.0
0.0
0.0
0.0
0.0
0.0
0.0
0.0
0.0
0.0
0.0
0.0
0.0
0.0
0.0
0.0
0.0
0.0
0.0
0.0
0.0
0.0
0.0
0.0
0.0
0.0
0.0
0.0
0.0
0.0
0.0
0.0
0.0
0.0
0.0
0.0
0.0
0.0
0.0
0.0
0.0
0.0
0.0
0.0
0.0
0.0
0.0
0.0
0.0
0.0
0.0
0.0
0.0
0.0
0.0
0.0
0.0
0.0
0.0
0.0
0.0
0.0
0.0
0.0
0.0
0.0
0.0
0.0
0.0
0.0
0.0
0.0
0.0
0.0
0.0
0.0
0.0
0.0
0.0
0.0
0.0
0.0
0.0
0.0
0.0
0.0
0.0
0.0
0.0
0.0
0.0
0.0
0.0
0.0
0.0
0.0
0.0
0.0
0.0
0.0
0.0
0.0
0.0
0.0
0.0
0.0
0.0
0.0
0.0
0.0
0.0
0.0
0.0
0.0
0.0
0.0
0.0
0.0
0.0
0.0
0.0
0.0
0.0
0.0
0.0
0.0
0.0
0.0
0.0
0.0
0.0
0.0
0.0
0.0
0.0
0.0
0.0
0.0
0.0
0.0
0.0
0.0
0.0
0.0
0.0
0.0
0.0
0.0
0.0
0.0
0.0
0.0
0.0
0.0
0.0
0.0
0.0
0.0
0.0
0.0
0.0
0.0
0.0
0.0
0.0
0.0
0.0
0.0
0.0
0.0
0.0
0.0
0.0
0.0
0.0
0.0
0.0
0.0
0.0
0.0
0.0
0.0
0.0
0.0
0.0
0.0
0.0
0.0
0.0
0.0
0.0
0.0
0.0
0.0
0.0
0.0
0.0
0.0
0.0
0.0
0.0
0.0
0.0
0.0
0.0
0.0
0.0
0.0
0.0
0.0
0.0
0.0
0.0
0.0
0.0
0.0
0.0
0.0
0.0
0.0
0.0
0.0
0.0
0.0
0.0
0.0
0.0
0.0
0.0
0.0
0.0
0.0
0.0
0.0
0.0
0.0
0.0
0.0
0.0
0.0
0.0
0.0
0.0
0.0
0.0
0.0
0.0
0.0
0.0
0.0
0.0
0.0
0.0
0.0
0.0
0.0
0.0
0.0
0.0
0.0
0.0
0.0
0.0
0.0
0.0
0.0
0.0
0.0
0.0
0.0
0.0
0.0
0.0
0.0
0.0
0.0
0.0
0.0
0.0
0.0
0.0
0.0
0.0
0.0
0.0
0.0
0.0
0.0
0.0
0.0
0.0
0.0
0.0
0.0
0.0
0.0
0.0
0.0
0.0
0.0
0.0
0.0
0.0
0.0
0.0
0.0
0.0
0.0
0.0
0.0
0.0
0.0
0.0
0.0
0.0
0.0
0.0
0.0
0.0
0.0
0.0
0.0
0.0
0.0
0.0
0.0
0.0
0.0
0.0
0.0
0.0
0.0
0.0
0.0
0.0
0.0
0.0
0.0
0.0
0.0
0.0
0.0
0.0
0.0
0.0
0.0
0.0
0.0
0.0
0.0
0.0
0.0
0.0
0.0
0.0
0.0
0.0
0.0
0.0
0.0
0.0
0.0
0.0
0.0
0.0
0.0
0.0
0.0
0.0
0.0
0.0
0.0
0.0
0.0
0.0
0.0
0.0
0.0
0.0
0.0
0.0
0.0
0.0
0.0
0.0
0.0
0.0
0.0
0.0
0.0
0.0
0.0
0.0
0.0
0.0
0.0
0.0
0.0
0.0
0.0
0.0
0.0
0.0
0.0
0.0
0.0
0.0
0.0
0.0
0.0
0.0
0.0
0.0
0.0
0.0
0.0
0.0
0.0
0.0
0.0
0.0
0.0
0.0
0.0
0.0
0.0
0.0
0.0
0.0
0.0
0.0
0.0
0.0
0.0
0.0
0.0
0.0
0.0
0.0
0.0
0.0
0.0
0.0
0.0
0.0
0.0
0.0
0.0
0.0
0.0
0.0
0.0
0.0
0.0
0.0
0.0
0.0
0.0
0.0
0.0
0.0
0.0
0.0
0.0
0.0
0.0
0.0
0.0
0.0
0.0
0.0
0.0
0.0
0.0
0.0
0.0
0.0
0.0
0.0
0.0
0.0
0.0
0.0
0.0
0.0
0.0
0.0
0.0
0.0
0.0
0.0
0.0
0.0
0.0
0.0
0.0
0.0
0.0
0.0
0.0
0.0
0.0
0.0
0.0
0.0
0.0
0.0
0.0
0.0
0.0
0.0
0.0
0.0
0.0
0.0
0.0
0.0
0.0
0.0
0.0
0.0
0.0
0.0
0.0
0.0
0.0
0.0
0.0
0.0
0.0
0.0
0.0
0.0
0.0
0.0
0.0
0.0
0.0
0.0
0.0
0.0
0.0
0.0
0.0
0.0
0.0
0.0
0.0
0.0
0.0
0.0
0.0
0.0
0.0
0.0
0.0
0.0
0.0
0.0
0.0
0.0
0.0
0.0
0.0
0.0
0.0
0.0
0.0
0.0
0.0
0.0
0.0
0.0
0.0
0.0
0.0
0.0
0.0
0.0
0.0
0.0
0.0
0.0
0.0
0.0
0.0
0.0
0.0
0.0
0.0
0.0
0.0
0.0
0.0
0.0
0.0
0.0
0.0
0.0
0.0
0.0
0.0
0.0
0.0
0.0
0.0
0.0
0.0
0.0
0.0
0.0
0.0
0.0
0.0
0.0
0.0
0.0
0.0
0.0
0.0
0.0
0.0
0.0
0.0
0.0
0.0
0.0
0.0
0.0
0.0
0.0
0.0
0.0
0.0
0.0
0.0
0.0
0.0
0.0
0.0
0.0
0.0
0.0
0.0
0.0
0.0
0.0
0.0
0.0
0.0
0.0
0.0
0.0
0.0
0.0
0.0
0.0
0.0
0.0
0.0
0.0
0.0
0.0
0.0
0.0
0.0
0.0
0.0
0.0
0.0
0.0
0.0
0.0
0.0
0.0
0.0
0.0
0.0
0.0
0.0
0.0
0.0
0.0
0.0
0.0
0.0
0.0
0.0
0.0
0.0
0.0
0.0
0.0
0.0
0.0
0.0
0.0
0.0
0.0
0.0
0.0
0.0
0.0
0.0
0.0
0.0
0.0
0.0
0.0
0.0
0.0
0.0
0.0
0.0
0.0
0.0
0.0
0.0
0.0
0.0
0.0
0.0
0.0
0.0
0.0
0.0
0.0
0.0
0.0
0.0
0.0
0.0
0.0
0.0
0.0
0.0
0.0
0.0
0.0
0.0
0.0
0.0
0.0
0.0
0.0
0.0
0.0
0.0
0.0
0.0
0.0
0.0
0.0
0.0
0.0
0.0
0.0
0.0
0.0
0.0
0.0
0.0
0.0
0.0
0.0
0.0
0.0
0.0
0.0
0.0
0.0
0.0
0.0
0.0
0.0
0.0
0.0
0.0
0.0
0.0
0.0
0.0
0.0
0.0
0.0
0.0
0.0
0.0
0.0
0.0
0.0
0.0
0.0
0.0
0.0
0.0
0.0
0.0
0.0
0.0
0.0
0.0
0.0
0.0
0.0
0.0
0.0
0.0
0.0
0.0
0.0
0.0
0.0
0.0
0.0
0.0
0.0
0.0
0.0
0.0
0.0
0.0
0.0
0.0
0.0
0.0
0.0
0.0
0.0
0.0
0.0
0.0
0.0
0.0
0.0
0.0
0.0
0.0
0.0
0.0
0.0
0.0
0.0
0.0
0.0
0.0
0.0
0.0
0.0
0.0
0.0
0.0
0.0
0.0
0.0
0.0
0.0
0.0
0.0
0.0
0.0
0.0
0.0
0.0
0.0
0.0
0.0
0.0
0.0
0.0
0.0
0.0
0.0
0.0
0.0
0.0
0.0
0.0
0.0
0.0
0.0
0.0
0.0
0.0
0.0
0.0
0.0
0.0
0.0
0.0
0.0
0.0
0.0
0.0
0.0
0.0
0.0
0.0
0.0
0.0
0.0
0.0
0.0
0.0
0.0
0.0
0.0
0.0
0.0
0.0
0.0
0.0
0.0
0.0
0.0
0.0
0.0
0.0
0.0
0.0
0.0
0.0
0.0
0.0
0.0
0.0
0.0
0.0
0.0
0.0
0.0
0.0
0.0
0.0
0.0
0.0
0.0
0.0
0.0
0.0
0.0
0.0
0.0
0.0
0.0
0.0
0.0
0.0
0.0
0.0
0.0
0.0
0.0
0.0
0.0
0.0
0.0
0.0
0.0
0.0
0.0
0.0
0.0
0.0
0.0
0.0
0.0
0.0
0.0
0.0
0.0
0.0
0.0
0.0
0.0
0.0
0.0
0.0
0.0
0.0
0.0
0.0
0.0
0.0
0.0
0.0
0.0
0.0
0.0
0.0
0.0
0.0
0.0
0.0
0.0
0.0
0.0
0.0
0.0
0.0
0.0
0.0
0.0
0.0
0.0
0.0
0.0
0.0
0.0
0.0
0.0
0.0
0.0
0.0
0.0
0.0
0.0
0.0
0.0
0.0
0.0
0.0
0.0
0.0
0.0
0.0
0.0
0.0
0.0
0.0
0.0
0.0
0.0
0.0
0.0
0.0
0.0
0.0
0.0
0.0
0.0
0.0
0.0
0.0
0.0
0.0
0.0
0.0
0.0
0.0
0.0
0.0
0.0
0.0
0.0
0.0
0.0
0.0
0.0
0.0
0.0
0.0
0.0
0.0
0.0
0.0
0.0
0.0
0.0
0.0
0.0
0.0
0.0
0.0
0.0
0.0
0.0
0.0
0.0
0.0
0.0
0.0
0.0
0.0
0.0
0.0
0.0
0.0
0.0
0.0
0.0
0.0
0.0
0.0
0.0
0.0
0.0
0.0
0.0
0.0
0.0
0.0
0.0
0.0
0.0
0.0
0.0
0.0
0.0
0.0
0.0
0.0
0.0
0.0
0.0
0.0
0.0
0.0
0.0
0.0
0.0
0.0
0.0
0.0
0.0
0.0
0.0
0.0
0.0
0.0
0.0
0.0
0.0
0.0
0.0
0.0
0.0
0.0
0.0
0.0
0.0
0.0
0.0
0.0
0.0
0.0
0.0
0.0
0.0
0.0
0.0
0.0
0.0
0.0
0.0
0.0
0.0
0.0
0.0
0.0
0.0
0.0
0.0
0.0
0.0
0.0
0.0
0.0
0.0
0.0
0.0
0.0
0.0
0.0
0.0
0.0
0.0
0.0
0.0
0.0
0.0
0.0
0.0
0.0
0.0
0.0
0.0
0.0
0.0
0.0
0.0
0.0
0.0
0.0
0.0
0.0
0.0
0.0
0.0
0.0
0.0
0.0
0.0
0.0
0.0
0.0
0.0
0.0
0.0
0.0
0.0
0.0
0.0
0.0
0.0
0.0
0.0
0.0
0.0
0.0
0.0
0.0
0.0
0.0
0.0
0.0
0.0
0.0
0.0
0.0
0.0
0.0
0.0
0.0
0.0
0.0
0.0
0.0
0.0
0.0
0.0
0.0
0.0
0.0
0.0
0.0
0.0
0.0
0.0
0.0
0.0
0.0
0.0
0.0
0.0
0.0
0.0
0.0
0.0
0.0
0.0
0.0
0.0
0.0
0.0
0.0
0.0
0.0
0.0
0.0
0.0
0.0
0.0
0.0
0.0
0.0
0.0
0.0
0.0
0.0
