0.1037382193849929
0.10373821936015899
0.10373816776817377
0.10373807936191862
0.10373796612885304
0.10373783461093575
0.10373768873392344
0.10373753106722573
0.10373736340461381
0.1037371870646392
0.10373700305216173
0.10373681214880187
0.10373661498171728
0.10373641206637291
0.10373620454965128
0.10373599226340767
0.10373577592221091
0.10373555549692594
0.10373533135175296
0.10373510360044425
0.10373487224948989
0.10373463736064281
0.1037343990363034
0.10373415738059243
0.10373391248966463
0.10373366445215004
0.1037334133510664
0.10373315926159431
0.10373290225305881
0.10373264284913628
0.10373238067947821
0.10373211579469929
0.10373184825002953
0.10373157830397439
0.10373130593941857
0.10373103108622397
0.10373075374577048
0.10373047402052925
0.10373019202022041
0.10372990774708725
0.10372962115638035
0.10372933223846513
0.10372904101661809
0.1037287474964592
0.10372845183463694
0.10372815414583587
0.10372785423763166
0.10372755212794091
0.10372724783338608
0.10372694136853738
0.10372663274676512
0.10372632212761515
0.103726009505215
0.10372569479215704
0.10372537798037884
0.1037250590713956
0.10372473808125085
0.10372441503763927
0.1037240899735102
0.10372376297672764
0.10372343401910723
0.10372310324241914
0.10372277047106405
0.1037224356918966
0.10372209889546599
0.10372176008668012
0.10372141927673201
0.10372107647128087
0.10372073166814913
0.10372038486545995
0.10372003616116897
0.10371968559488802
0.1037193330672225
0.1037189785640337
0.10371862208859745
0.10371826363167011
0.10371790319333014
0.10371754078876
0.10371717652063164
0.10371681051090577
0.1037164426819921
0.10371607299599427
0.10371570135627874
0.1037153277759588
0.10371495223645681
0.10371457474189934
0.10371419529181249
0.10371381387119567
0.10371343049365869
0.10371304516514579
0.10371265791247865
0.10371226880241476
0.10371187777301107
0.10371148478457821
0.10371108980393799
0.10371069289287523
0.10371029400007209
0.1037098932688996
0.1037094906338406
0.10370908601732229
0.10370867942283911
0.10370827084061561
0.1037078602888267
0.10370744781288624
0.10370703344134628
0.10370661712041018
0.10370619882135645
0.10370577852908092
0.10370535622715595
0.10370493192229806
0.1037045056147686
0.10370407733877124
0.1037036471423681
0.10370321501826907
0.10370278088450104
0.10370234471984602
0.10370190654707939
0.10370146650407565
0.10370102444266668
0.10370058035380349
0.10370013422961806
0.10369968607417081
0.10369923588848382
0.10369878366973785
0.10369832939361238
0.10369787304712685
0.10369741463561444
0.10369695417862823
0.10369649171283137
0.10369602724092862
0.10369556072456042
0.10369509213899833
0.10369462144636211
0.10369414866155147
0.103693673811709
0.10369319697774018
0.10369271808779068
0.10369223703550706
0.10369175402940743
0.10369126893777605
0.10369078177977961
0.10369029242844768
0.10368980092195258
0.1036893072952926
0.10368881155642538
0.10368831367218465
0.10368781363795765
0.10368731144715977
0.10368680706315217
0.10368630051030948
0.10368579182430751
0.10368528095083852
0.10368476785912574
0.10368425259895846
0.10368373516729798
0.10368321558734821
0.10368269390300415
0.10368216990675283
0.10368164369520125
0.1036811153414764
0.1036805848649586
0.1036800522417912
0.10367951740567542
0.10367898032833986
0.10367844088398065
0.10367789926938989
0.10367735534204667
0.10367680914807002
0.1036762606682634
0.10367570989051837
0.1036751568316302
0.10367460146477121
0.10367404379905489
0.10367348382591514
0.10367292152514801
0.10367235691246132
0.1036717899569227
0.10367122066222634
0.10367064903508555
0.10367007497206512
0.10366949866001764
0.10366891984754038
0.10366833880233628
0.10366775615943687
0.10366717230291041
0.10366658606799918
0.10366599756187231
0.10366540683586266
0.10366481367353378
0.10366421818040454
0.10366362020789699
0.10366301985203621
0.10366241707203344
0.10366181179356355
0.1036612040686433
0.1036605938885879
0.10365998122960449
0.10365936612124996
0.10365874853603561
0.10365812844427656
0.10365750586343492
0.1036568807475517
0.1036562530796231
0.1036556229491149
0.10365499030624008
0.10365435504142205
0.10365371726970134
0.10365307703324117
0.10365243411492142
0.10365178857227296
0.10365114063020228
0.1036504899376609
0.1036498367653488
0.10364918116893415
0.10364852286327059
0.10364786199454243
0.10364719871748124
0.10364653273432942
0.10364586400323575
0.10364519271010914
0.10364451881241585
0.1036438422063534
0.10364316283698896
0.10364248082845844
0.1036417961630883
0.10364110880738414
0.10364041868310665
0.10363972581477025
0.10363903028813758
0.10363833203608369
0.1036376309897071
0.10363692711815291
0.10363622055482975
0.10363551123335835
0.10363479912063887
0.10363408415930472
0.10363336644096043
0.10363264589025273
0.10363192255076943
0.10363119642773795
0.10363046736345312
0.10362973548399405
0.10362900079105515
0.1036282633395044
0.10362752309284749
0.10362677985282225
0.10362603349265884
0.10362528443790502
0.10362453269504811
0.10362377812775425
0.10362302047677784
0.10362225975053305
0.10362149616274867
0.10362072972845503
0.10361996034746641
0.10361918793320272
0.10361841248537344
0.10361763397998089
0.10361685248902358
0.10361606806068359
0.10361528059328576
0.10361449006118331
0.10361369645453228
0.10361289982671783
0.10361210013387984
0.10361129724612751
0.1036104913229146
0.10360968232802877
0.10360887022015763
0.10360805497086796
0.10360723663962124
0.10360641516767051
0.10360559001183528
0.10360475994164194
0.10360392688391983
0.1036030906947711
0.10360225121458586
0.10360140856899894
0.10360056267748037
0.10359971354554995
0.10359886122752385
0.1035980056918986
0.10359714691343526
0.10359628480443862
0.10359541935103903
0.1035945505614856
0.10359367854450294
0.10359280329572627
0.10359192476097066
0.10359104291066405
0.10359015772587668
0.1035892691909685
0.10358837729151041
0.10358748193626299
0.10358658306276422
0.10358568075881612
0.10358477503600541
0.10358386585858563
0.10358295330334083
0.10358203732143723
0.10358111788828539
0.10358019498690992
0.10357926859091555
0.10357833864415283
0.10357740513194025
0.10357646810355393
0.10357552756326872
0.10357458343720784
0.10357363569567088
0.10357268440713215
0.1035717295563305
0.10357077114182456
0.10356980918013574
0.1035688435977357
0.10356787437694576
0.10356690148274429
0.10356592486878231
0.1035649445444453
0.10356396056736336
0.10356297290736952
0.10356198154081006
0.10356098686727977
0.10355998959487762
0.10355898922739251
0.10355798549571425
0.10355697800689029
0.10355596673465951
0.10355495166580739
0.10355393279517004
0.10355290981452983
0.10355188064746818
0.10355084715131536
0.10354980946094663
0.10354876784978953
0.10354772235135179
0.103546673442535
0.1035456219445345
0.10354456652481721
0.10354350718355039
0.10354244389378191
0.10354137663611254
0.10354030539436437
0.10353923015307999
0.10353815089797597
0.10353706761486814
0.10353598028949135
0.10353488890711712
0.10353379345430798
0.103532693917429
0.10353159028214531
0.10353048253413256
0.10352937066044952
0.10352825464852525
0.10352713448382653
0.10352601016904289
0.10352488174116405
0.10352374913500967
0.10352261233756804
0.10352147128652979
0.10352032594968996
0.1035191763537778
0.1035180224903209
0.10351686423428727
0.10351570096091241
0.10351453337940161
0.10351336148382441
0.10351218528756403
0.10351100474211293
0.10350981971767975
0.10350863026112704
0.1035074364151932
0.103506238190157
0.10350503554806138
0.10350382845729494
0.1035026169040397
0.1035014008746922
0.10350018035602175
0.10349895533531296
0.10349772580264877
0.10349649177737573
0.10349525325921599
0.10349401022797501
0.10349276268855032
0.10349151057895968
0.10349025378086665
0.1034889922223361
0.10348772589366859
0.10348645485245495
0.10348517913035615
0.10348389871295396
0.10348261358673538
0.10348132373893676
0.10348002915695932
0.10347872983133256
0.1034774257572331
0.10347611696921728
0.10347480349550231
0.10347348489711068
0.10347216147539431
0.10347083322790329
0.10346950016688233
0.10346816225700368
0.10346681937365708
0.10346547150317184
0.10346411875052819
0.10346276105845784
0.10346139840743959
0.10346002923599198
0.10345865364223243
0.10345727301548031
0.10345588735648824
0.10345449665826592
0.10345310092251703
0.1034517001777701
0.10345029439050019
0.10344888328726405
0.10344746708052296
0.10344604582836321
0.10344461917381738
0.10344318732820863
0.10344175029106846
0.10344030787019198
0.10343886017183061
0.10343740725797325
0.10343594916816191
0.10343448591187585
0.10343301724105897
0.10343154295330208
0.10343006323673397
0.10342857819101846
0.1034270878004214
0.10342559208654829
0.10342409109654142
0.10342258463630874
0.10342107285070039
0.10341955541239932
0.10341803205883383
0.10341650311665321
0.10341496865483922
0.10341342868554272
0.10341188323469347
0.10341033233701052
0.10340877609125469
0.10340721435356995
0.1034056466190294
0.10340407282415597
0.10340249360634172
0.10340090891281872
0.10339931856546757
0.1033977226179582
0.10339612105774619
0.10339451362344636
0.10339290038230253
0.1033912814172364
0.10338965630688518
0.10338802512705093
0.10338638814379168
0.10338474542979581
0.10338309679674222
0.10338144198387675
0.10337978138559194
0.10337811488226217
0.10337644227830604
0.1033747635513928
0.10337307879806623
0.10337138784745675
0.10336969055227564
0.10336798728281027
0.1033662781333285
0.10336456288657789
0.1033628413581779
0.10336111423215044
0.1033593799961702
0.10335763943422258
0.10335589314376935
0.1033541408699479
0.10335238250653132
0.1033506176212453
0.10334884657393353
0.10334707326270166
0.10334529405088796
0.10334350836529589
0.10334171650264663
0.10333991855531863
0.10333811406450616
0.10333630260641935
0.10333448473462499
0.10333266048937173
0.10333082967102954
0.10332899243335865
0.10332714911343503
0.10332529841011809
0.10332344086489438
0.10332157687974998
0.10331970648645945
0.10331782957737906
0.10331594640835788
0.10331405575420538
0.10331215789146954
0.10331025337628584
0.10330834232746695
0.10330642488429227
0.10330450100412565
0.10330256982167049
0.10330063112415562
0.10329868543354298
0.10329673301450429
0.10329477403387102
0.10329280861641257
0.10329083595060903
0.10328885551843583
0.103286867829453
0.10328487325822996
0.10328287214480308
0.1032808633041478
0.10327884326960354
0.10327681586849771
0.10327478077306684
0.10327273861524881
0.10327068962582676
0.10326863348012985
0.1032665700340139
0.10326449929394606
0.10326242066515842
0.10326033487642333
0.1032582419123057
0.10325614113720914
0.1032540333905352
0.1032519182557338
0.10324979523848712
0.10324766471287297
0.10324552656746852
0.10324338082210717
0.10324122798952154
0.10323906753908478
0.10323689922578545
0.10323472486452247
0.10323254381790001
0.1032303554767616
0.10322815978928049
0.10322595655476476
0.103223745445411
0.10322152691702623
0.1032192987348084
0.10321706048308894
0.10321481359706691
0.10321255840105363
0.10321029789781709
0.10320802954037073
0.1032057535551641
0.1032034700001855
0.10320117886792694
0.10319887850680222
0.10319657009956004
0.10319425366273577
0.10319192882281775
0.1031895956091476
0.10318725280415403
0.10318490210137189
0.10318254307339637
0.10318017620754505
0.10317780185998282
0.10317541748834975
0.10317302516373016
0.10317062473637398
0.10316821625928801
0.10316579993881264
0.10316337343322357
0.10316093876224171
0.10315849610522977
0.10315604534677354
0.10315358632808305
0.103151117060233
0.10314863939688097
0.10314615377274677
0.10314366010019511
0.10314115762186049
0.10313864490942574
0.10313612353898668
0.10313359400947068
0.10313105705621099
0.10312851038094865
0.10312595349454166
0.1031233878006329
0.10312081384399367
0.10311823210807361
0.10311563877746867
0.10311303235760631
0.10311041687165319
0.10310779307856477
0.10310516094601523
0.10310251954206306
0.10309986761177575
0.10309720640152452
0.10309453720070248
0.10309185852324922
0.10308917068342777
0.10308647252950676
0.10308376495203893
0.1030810488368238
0.10307832337821063
0.10307558859122139
0.1030728434732197
0.10307008914942609
0.10306732532736419
0.10306455231142722
0.10306176963655346
0.10305897662795124
0.10305617498371145
0.1030533637419656
0.10305054331527805
0.10304771318060878
0.10304487317650463
0.10304202269390605
0.10303916217495517
0.10303629270281797
0.10303341378769368
0.10303052492632116
0.10302762553433875
0.10302471662135859
0.10302179824535092
0.10301886979962452
0.10301593047004357
0.10301298036312909
0.10301002106270639
0.1030070550409135
0.10300408384793477
0.10300110128146134
0.10299810866293818
0.10299510658323457
0.10299209472693528
0.10298907191710908
0.10298603758474337
0.10298299367032433
0.10297994041819747
0.10297687628363085
0.10297380028926774
0.10297071407728924
0.10296761816888812
0.1029645119839873
0.10296139450571253
0.10295826545860229
0.10295512639099055
0.1029519774364085
0.10294881728258003
0.10294564553396066
0.10294246330473386
0.10293926593515101
0.10293605519631319
0.10293283246227719
0.10292959901659063
0.102926355342717
0.10292310101142783
0.10291983393732275
0.10291655626571006
0.10291326797498211
0.10290996903122861
0.10290665759981076
0.10290333472333384
0.10290000138153148
0.10289666115415576
0.10289330977077611
0.10288994604994456
0.10288657199368977
0.10288318717472188
0.10287979060520984
0.10287638098666622
0.10287295771783028
0.10286951948003459
0.10286607174503516
0.10286261030705081
0.10285913953662465
0.10285565738586828
0.10285216447303261
0.1028486569240504
0.10284513732233624
0.10284160756701957
0.10283806720357756
0.10283451213388638
0.10283094469865259
0.10282736632582314
0.10282377782820556
0.10282017503148486
0.10281655941310347
0.10281293204114941
0.10280929483198391
0.10280564349681913
0.10280197904181902
0.10279830216070836
0.1027946156255264
0.10279091505987015
0.10278720117392429
0.10278347415538072
0.10277973695622239
0.10277598657495474
0.10277222307568457
0.1027684457018257
0.10276465758289695
0.10276085618873763
0.10275703530995349
0.10275320024077587
0.10274935360349689
0.10274549356218568
0.10274162110529611
0.10273773464177681
0.10273383614480425
0.10272992368180887
0.10272599922003009
0.10272206077670507
0.1027181100361335
0.10271414401562533
0.10271016638012499
0.1027061764497984
0.10270217455015118
0.10269815735022329
0.10269412848762484
0.10269008684661501
0.10268603199942704
0.10268196076062958
0.1026778777119701
0.10267378216567857
0.10266967296505293
0.10266554708423406
0.10266140921436794
0.10265727004477426
0.10265311719092732
0.10264894746563202
0.10264476558630174
0.10264057164617037
0.10263636322934849
0.10263213775444482
0.10262789983802066
0.10262364982403545
0.10261938514690855
0.10261510358463595
0.10261080903688358
0.10260650231064479
0.10260218060293086
0.10259784227664645
0.1025934805339031
0.10258910657247244
0.10258471702320562
0.10258031111937162
0.10257589137745848
0.10257145952111577
0.1025670111814529
0.10256254687615399
0.10255807123934298
0.10255358828018225
0.10254908664826022
0.10254456993747423
0.10254003912387032
0.10253549629254465
0.10253093505177162
0.10252635767290037
0.1025217591390108
0.10251714142894819
0.10251250585911181
0.10250786209460054
0.1025032053743042
0.10249853474905907
0.1024938463481114
0.10248914289297244
0.10248442515117331
0.10247969212504791
0.10247494176836139
0.10247017652287027
0.10246539752891688
0.10246060098818321
0.1024557878009714
0.10245096014905533
0.1024461194694114
0.10244125836302616
0.10243638124288254
0.10243149013552794
0.10242658517616267
0.10242165982591005
0.10241671869500708
0.10241176372943327
0.10240679371526992
0.10240180363872395
0.10239678996372716
0.10239176142375649
0.10238671611556054
0.10238165229567517
0.10237657306448518
0.1023714811444808
0.10236636973838788
0.10236123933891063
0.10235609399583406
0.1023509352025593
0.10234575691171961
0.10234056131678419
0.10233535104042676
0.10233012642693524
0.10232488142379881
0.10231961808381439
0.10231434076900424
0.10230906042664877
0.10230376046541913
0.10229844303355588
0.1022931128106355
0.10228776484653233
0.10228239542067898
0.10227700927910921
0.10227160958988757
0.10226619139747185
0.10226075217255072
0.10225529688971485
0.10224981758273857
0.10224431506904239
0.10223879219750656
0.10223325505597937
0.10222770093792657
0.10222212586856258
0.10221653891607493
0.10221093816428067
0.10220532163761871
0.10219968210488646
0.10219402214871877
0.10218834445992336
0.10218265035943154
0.1021769339120118
0.10217119589985067
0.10216543029058799
0.10215964742024942
0.10215384866150845
0.10214803764332213
0.1021422086660022
0.1021363613774055
0.10213049334875891
0.1021246069605856
0.10211870338607575
0.10211277972262962
0.10210683682321679
0.10210087393146998
0.10209489458029261
0.1020888941450588
0.10208287419556052
0.10207683453470792
0.10207077828724438
0.10206470106197488
0.10205860445937774
0.10205248897187558
0.1020463561177922
0.10204020343719054
0.10203401616453184
0.10202781108527058
0.10202158747634246
0.10201534300027322
0.10200907647768188
0.10200279241064439
0.10199648924557381
0.10199016384621135
0.10198381901453109
0.10197745716678344
0.10197107660443774
0.10196467683377697
0.10195826885646278
0.10195184466988769
0.10194539881047525
0.10193892870231136
0.10193244059744284
0.10192593459783564
0.10191940461817467
0.10191285168156353
0.10190626783708807
0.10189966387977215
0.10189303420878752
0.10188638224730856
0.10187972115557678
0.10187304165536124
0.10186633609596851
0.10185960710930597
0.1018528607583762
0.10184608858614837
0.10183929208294501
0.10183247789856371
0.10182564524494468
0.10181877510836036
0.10181187557746987
0.10180495909655628
0.10179803128232605
0.10179107762455261
0.10178410611012619
0.10177711589028542
0.10177010081742077
0.10176306090163335
0.10175600211076263
0.10174892300341898
0.10174181983723841
0.10173469311716374
0.10172754889540332
0.10172038131300237
0.10171318649425484
0.10170597120494813
0.1016987356275579
0.10169147538605115
0.10168419013122106
0.10167687921976494
0.10166953762587845
0.10166217042168389
0.10165478031035663
0.10164737035689572
0.10163993567053649
0.10163247492406866
0.10162499675590736
0.10161750710116156
0.10161000093787442
0.10160247045001723
0.10159492026116275
0.10158734391851201
0.10157974190036181
0.10157211803790221
0.10156445382135078
0.1015567634111114
0.10154905193785735
0.10154132927880805
0.10153357304649896
0.10152579021555987
0.10151798467625292
0.10151015703142892
0.10150230216322524
0.10149442229717075
0.1014865216621574
0.1014785944291659
0.1014706271807313
0.10146262960939934
0.10145461172127762
0.10144657704117784
0.10143851037675303
0.10143043002484173
0.10142232698559835
0.10141419460776896
0.10140603843263415
0.10139786158636017
0.10138965458731869
0.1013814186543016
0.10137316201244996
0.10136488239427335
0.10135657153785761
0.10134823391678147
0.10133987691936538
0.1013314913946919
0.10132307483895245
0.10131462400459883
0.10130614788964994
0.10129763896023927
0.10128910084075829
0.10128054449189643
0.1012719833524993
0.10126339348724171
0.10125477898788307
0.1012461436960442
0.10123747787024505
0.1012287659410651
0.10122003025874209
0.10121127270277086
0.10120248040231944
0.10119366149348827
0.10118482261520885
0.10117595436306785
0.10116705315656815
0.10115812987752032
0.10114918183549489
0.10114019944915843
0.10113118723058542
0.10112213658899212
0.10111305513348802
0.10110394197371889
0.10109481603466093
0.10108566065991521
0.101076477417374
0.10106726639328496
0.1010580316884176
0.10104877115523461
0.10103947640645847
0.10103015296201698
0.10102080614756224
0.10101142813105377
0.10100201675627413
0.10099257996137238
0.10098311885370018
0.10097362280046154
0.10096409551829441
0.10095452443020923
0.10094492563989621
0.10093530486324379
0.10092567143223458
0.10091601550008747
0.10090632651441304
0.10089659342763733
0.10088682320344715
0.10087703315779518
0.10086720914687416
0.10085735447959687
0.10084747034791225
0.10083755727651758
0.10082761275665368
0.10081763695553277
0.10080763856877212
0.1007976051310666
0.10078753932774621
0.10077741892187668
0.10076726959232199
0.10075709127041585
0.1007468931479313
0.10073666026864198
0.1007263965948144
0.10071610949224323
0.10070578702435637
0.1006954391651398
0.10068505811760141
0.10067464087550293
0.10066419287500786
0.1006537170759205
0.10064320910409169
0.1006326624579553
0.10062208856509489
0.10061148431122979
0.10060083135074264
0.10059016753457711
0.10057947462709756
0.10056874615394376
0.10055796943477052
0.10054716535116656
0.10053633224701501
0.10052546109156253
0.10051455417459952
0.10050362338800815
0.10049266211736498
0.10048165805167782
0.10047062241255726
0.10045956116950702
0.10044846087104661
0.10043730000533925
0.10042610485287667
0.10041488102021956
0.10040363120612457
0.10039234339935864
0.10038102711398257
0.10036967673768651
0.10035829035876541
0.10034687594840437
0.10033543386232335
0.100323945053658
0.10031241959462593
0.10030086894397061
0.10028928316640127
0.10027765363868674
0.10026599117393926
0.10025433000159842
0.1002426035194959
0.10023083368896467
0.10021903125102853
0.10020719983850783
0.10019532306306408
0.10018341422702119
0.10017147713743486
0.10015949602790528
0.10014747430518248
0.10013542576139144
0.10012334343896248
0.10011121294757527
0.10009902845218482
0.10008680465120656
0.10007453790092767
0.10006224460422702
0.10004992711267961
0.1000375648022358
0.10002515836808393
0.10001272488040357
0.10000026499195915
0.0999877625537182
0.0999752144821158
0.09996263905631772
0.09995001466512826
0.09993734691627129
0.0999246658707648
0.09991199147401454
0.09989923585738845
0.09988641747213821
0.09987357103452012
0.09986068606970325
0.09984776044377204
0.0998347934170881
0.09982179837189797
0.09980875334548112
0.09979566893597368
0.0997825511714831
0.09976939265733245
0.09975616015528882
0.09974288271545988
0.09972958015946295
0.09971624667146406
0.0997028717325257
0.09968945493903124
0.09967599832491897
0.09966250601525174
0.09964897489222184
0.09963540666157814
0.09962178226293135
0.09960812520395092
0.0995944724373435
0.09958078578963349
0.09956702968237699
0.09955323903852473
0.09953939442956851
0.09952548744553819
0.09951154518394457
0.09949757014132819
0.09948355373427219
0.09946948403755865
0.09945538180598824
0.0994412430013483
0.09942702911326412
0.09941275480531114
0.09939845030209636
0.0993841167653262
0.09936973813829542
0.09935531713053306
0.09934085485577124
0.09932633225644967
0.0993117778739987
0.09929719524261264
0.0992825837157165
0.09926793379829138
0.09925325153613282
0.09923852908730019
0.09922374869943595
0.09920891907057611
0.0991940471057639
0.09917911894513155
0.09916413058523964
0.09914910469384183
0.09913405255292201
0.09911894047493656
0.09910377551873215
0.09908854561214883
0.09907326910105108
0.09905793105691449
0.09904257216579475
0.09902718617559594
0.09901172772819566
0.09899621168850663
0.09898066316186452
0.0989651135521478
0.0989495055483321
0.09893386302696529
0.09891818716754852
0.09890245872038499
0.09888666682979626
0.09887084134502885
0.09885497885584382
0.09883902654185676
0.09882302671243999
0.09880699813933094
0.09879092129494538
0.09877477473996207
0.09875856239888661
0.09874230191388389
0.09872597373261997
0.09870960404404037
0.09869321725805713
0.09867677132561556
0.09866027103001593
0.09864374360052855
0.09862718426322374
0.09861057878727918
0.09859391970183193
0.09857723007921802
0.09856048597275362
0.09854368841394014
0.09852683960905041
0.09850995125142241
0.0984929920145715
0.0984759594708796
0.09845889779974892
0.09844177963005189
0.09842456125442274
0.09840727739417601
0.09838995330008514
0.09837260530899586
0.0983552059685854
0.09833778407558345
0.0983202987779773
0.09830276526645179
0.09828516668567464
0.09826755607442111
0.09824989442078884
0.09823218158383375
0.09821441875792586
0.09819659422859477
0.09817873587536165
0.09816080430712537
0.09814280318439238
0.09812473671536735
0.0981066108585677
0.09808839204582398
0.09807010919190011
0.09805179301219627
0.09803347290261763
0.0980151037162531
0.09799666846488475
0.09797815650181667
0.09795961062193925
0.09794101832689954
0.09792239551621476
0.0979037218045585
0.09788498989684229
0.09786620101205924
0.0978473710699557
0.09782847054177103
0.0978094780481858
0.09779043137604689
0.0977712994156754
0.09775208539728865
0.09773283241095335
0.09771356996580528
0.09769426686751274
0.09767487994802326
0.09765538839583228
0.09763590792009087
0.09761637327153017
0.09759678241517974
0.09757715780830561
0.09755748222920184
0.09753771333814956
0.09751789200656324
0.09749802971653247
0.09747810580289003
0.0974580669392438
0.09743793940954859
0.09741779455104349
0.09739757438717393
0.09737732134474779
0.09735701785676637
0.09733661674567567
0.09731618290937566
0.09729571321176284
0.09727519918236315
0.09725461701821528
0.09723395886673912
0.09721326016287174
0.09719251211794318
0.09717167408224792
0.09715078649112589
0.0971298502291848
0.09710879234461897
0.09708766245216031
0.09706649102395913
0.0970452930546971
0.09702396785522338
0.09700262529866999
0.09698125455138232
0.09695981030575873
0.09693827729279608
0.09691671079167412
0.09689510093630133
0.09687340192502178
0.0968516438832716
0.09682985338073576
0.09680802089599162
0.09678604590604069
0.09676399683161761
0.09674189410217372
0.09671969283065791
0.09669744045588811
0.09667518853084191
0.09665285674526643
0.09663043442981124
0.09660795749736735
0.09658543964540023
0.09656286434014996
0.09654021022749028
0.09651754708044577
0.09649483830623623
0.09647198222809088
0.09644905410197517
0.09642601383289486
0.09640288930900598
0.09637971351558434
0.09635653648151701
0.09633328897981508
0.09630994848475224
0.09628654636476139
0.09626309349701684
0.09623959813021028
0.09621606356463039
0.09619247177767754
0.096168813499656
0.09614502299078687
0.09612114168845902
0.09609710996079308
0.09607302512173564
0.09604894899883842
0.09602481704464726
0.09600061002477782
0.0959763280759609
0.09595197074969841
0.0959275894804041
0.09590318272661168
0.09587868761132155
0.09585412805172375
0.0958294385211911
0.09580460785447933
0.09577968036263221
0.09575468318980594
0.0957297209691696
0.0957046734284251
0.09567954485663706
0.09565435594049898
0.09562912985516439
0.09560382748184561
0.09557847523467465
0.09555307328571501
0.09552755203810698
0.09550184229932883
0.09547606322176135
0.09545021729907642
0.09542435722045549
0.09539844401563904
0.09537247514199661
0.09534641977752731
0.0953203118614751
0.09529414650237172
0.0952679154367552
0.09524159382311663
0.09521517596997293
0.09518857483349241
0.09516190040216146
0.09513515243054994
0.09510844450298718
0.09508165307134035
0.09505478571895219
0.09502785940144974
0.09500087427293911
0.09497380758884867
0.09494662239680583
0.09491937388741063
0.09489199186536215
0.09486447555730287
0.09483685827655919
0.09480925900310497
0.09478166396342239
0.09475398070390179
0.09472622426542271
0.09469839295524972
0.09467044878466002
0.09464240854329463
0.09461430280990805
0.09458605770114556
0.09455767086482411
0.09452918704555667
0.09450071866696444
0.09447224992878181
0.09444376587847884
0.09441513050201118
0.09438640679877933
0.09435759971468449
0.09432869242638267
0.09429966131517711
0.09427051080302201
0.09424123109811794
0.0942118708562082
0.09418254832546309
0.09415323305183702
0.09412383467581457
0.09409431375533601
0.09406470108784497
0.09403499481992403
0.09400514587806107
0.09397516395068206
0.09394505654898853
0.09391485715338393
0.09388468113256283
0.09385447896039714
0.09382424286884429
0.09379393054602629
0.09376349848850178
0.09373294976055918
0.09370226036842495
0.0936714282339814
0.09364046318676643
0.09360939403033522
0.09357841590960377
0.09354732776453521
0.09351620762167404
0.09348504487051573
0.09345379300380523
0.09342237779977433
0.09339077497285607
0.0933590911888385
0.09332726782023765
0.09329537231678682
0.09326350045446452
0.09323156777653825
0.0931995615902234
0.09316751835173365
0.0931353855920609
0.0931030640094511
0.09307057377956088
0.09303800644933745
0.09300528567674961
0.0929725756536359
0.09293980072089927
0.09290695649957482
0.0928740911077885
0.09284116076165932
0.09280806588306757
0.09277480604296431
0.09274143238527588
0.09270792557554665
0.09267437370558479
0.09264074804337531
0.0926070945008506
0.09257336566467181
0.09253960133875962
0.09250564242149055
0.09247159443591368
0.09243742283276594
0.0924030762951562
0.09236868641759881
0.09233425880535003
0.0922997447777953
0.09226514784863493
0.09223048168338553
0.0921956707058087
0.0921608133962742
0.09212579909120204
0.09209062634221778
0.09205542650509561
0.09202012520298207
0.09198471180845082
0.09194927968868963
0.0919136721823699
0.09187801972829052
0.09184227742355097
0.09180646427224574
0.09177046549644707
0.09173434909010854
0.09169815857331581
0.09166189025319912
0.0916254597777269
0.09158899800395708
0.09155248867540591
0.09151592929732232
0.09147919237748421
0.09144228144453884
0.09140529225831337
0.0913682015329349
0.09133090652413017
0.09129365196631715
0.09125637371431827
0.09121901544591264
0.09118145795150716
0.09114378104523237
0.09110597870155412
0.09106801872397316
0.09102991681949892
0.09099184486453177
0.09095374433698138
0.09091553949770813
0.09087717854385426
0.09083868495522272
0.09080008337762552
0.09076127949188492
0.09072235111151992
0.09068344480382025
0.09064452133976958
0.0906054225054512
0.09056622737076764
0.09052692368647258
0.0904874963203235
0.0904478285631336
0.0904080708481817
0.09036832624921343
0.09032849009439692
0.0902886067124995
0.09024853506882077
0.09020840172446631
0.0901680623218717
0.09012752951302659
0.09008693941053876
0.09004631391712731
0.09000561913368438
0.08996486423267677
0.08992395587085047
0.08988291561649264
0.08984165346944571
0.08980021914430368
0.08975878205863075
0.08971731213527198
0.08967581379817914
0.08963414262303454
0.08959227475342689
0.08955031118648675
0.08950810748761931
0.08946584417346615
0.08942354428212305
0.08938135652381239
0.08933886903474807
0.08929619331915392
0.08925339789831113
0.08921048302901925
0.08916738994457125
0.08912431033772308
0.08908133763585264
0.08903801518309919
0.08899449137828679
0.08895087219216927
0.08890716118253164
0.0888632726359628
0.08881948012831155
0.08877559130665837
0.08873141848507955
0.08868706740951757
0.08864259670739695
0.08859803606573183
0.08855347006773048
0.08850891460316265
0.0884640068250407
0.08841897686291965
0.0883738115765011
0.08832849620934008
0.08828315336044193
0.08823788106647328
0.08819237434310033
0.08814654529704272
0.08810065967505817
0.08805466910348943
0.08800860169875717
0.08796243354699604
0.08791628696719568
0.08786983880188927
0.08782317320378057
0.08777641704947649
0.08772961952558164
0.08768270268024891
0.0876357676394158
0.08758864965330773
0.08754125890750404
0.08749376633752501
0.08744617518374087
0.08739845360095269
0.08735073723751488
0.08730296831449944
0.08725480419085685
0.0872064954358693
0.08715817184767453
0.08710972219298452
0.08706112213955348
0.08701253730195406
0.08696372297534664
0.08691467902711791
0.08686551000501877
0.08681623712260056
0.0867668900419064
0.08671754009597547
0.08666788607618334
0.08661809148306013
0.08656818430772839
0.08651809232308244
0.08646792544789145
0.0864176934947074
0.0863673597310575
0.08631683865703779
0.0862660742845462
0.0862151019085412
0.08616413779967103
0.08611319873220452
0.08606198886486179
0.08601064701679995
0.08595903964826117
0.08590728809055666
0.08585548811801677
0.0858037307337062
0.08575174476969766
0.0856996095442218
0.08564702875481625
0.08559449229691968
0.0855420274108222
0.08548939643339934
0.08543654052981646
0.08538338501792356
0.08533010768933387
0.08527686109412785
0.08522354079921976
0.08516998974158924
0.0851161770386218
0.08506220799005723
0.08500820817296072
0.08495410316806355
0.08489991274467462
0.0848454085172318
0.08479062858766263
0.08473602338016233
0.08468119378635632
0.0846262580602671
0.08457100013213201
0.08451547481476905
0.08446016114350116
0.0844046940991333
0.08434890569075064
0.08429289682715112
0.08423668243540883
0.0841806015638024
0.0841243868180202
0.08406783836191883
0.08401107837288806
0.08395416206894941
0.08389729068038168
0.08384026733828419
0.08378306471816216
0.08372550049243033
0.08366785434362621
0.08361015080321264
0.08355237506773523
0.08349447183304226
0.08343616385444239
0.08337767837677303
0.08331920374040351
0.08326066146808325
0.08320200863599604
0.08314292792782517
0.083083607598518
0.08302438282219002
0.08296510078379409
0.08290563462843484
0.08284574351781734
0.0827856105690914
0.08272569243736971
0.08266557093475471
0.08260527966410468
0.08254449973825773
0.08248368773274635
0.08242292706803081
0.08236207187096138
0.08230080097541227
0.08223919699154025
0.08217770378022868
0.08211614897608903
0.08205430502744632
0.08199219461568778
0.08192983439215978
0.08186758485410481
0.08180516886169197
0.0817424025823951
0.08167945762365006
0.08161636503570836
0.08155330886519613
0.08148990002546184
0.08142633837481969
0.08136244389700988
0.08129868746289852
0.08123469722030084
0.08117040820535208
0.08110600240125555
0.08104132091596715
0.08097671292285535
0.08091173937944486
0.08084666669000212
0.08078122000397046
0.08071588071172206
0.08065027212160335
0.08058447387439985
0.0805183986594823
0.08045224172949834
0.08038592816327289
0.08031940340735573
0.08025270461561372
0.08018577139508427
0.0801187279845704
0.08005139359398883
0.07998401186820638
0.07991642616180501
0.07984862628640584
0.07978049737520575
0.07971238784364092
0.07964416228489656
0.07957554636285134
0.07950665623651468
0.07943776993251177
0.07936887981521216
0.07929949850239236
0.07922981808029933
0.07916016957669306
0.07909051062121557
0.07902042663206293
0.07894991577124309
0.07887951833664024
0.07880900740681997
0.07873821572876498
0.07866691411504494
0.07859577384832203
0.07852442033483581
0.07845285571559152
0.07838087246462849
0.07830889113414012
0.07823669406696825
0.07816432163156647
0.07809162204833242
0.07801880561618267
0.07794579219347433
0.07787257923939882
0.07779911263496078
0.07772548239900141
0.07765159666568378
0.07757760954562215
0.07750332422509355
0.07742887794931703
0.07735413438811937
0.07727935069089491
0.07720422266615662
0.07712894968313556
0.07705340211412073
0.07697771010856003
0.07690173204300017
0.07682562713477324
0.07674924060283547
0.07667264122945686
0.07659580706816324
0.07651874120409069
0.07644163997331442
0.07636413585071343
0.076286371180883
0.07620839971226438
0.07613056777499808
0.07605209495496128
0.07597337065978317
0.07589469620559762
0.07581591675493057
0.0757364418114015
0.0756568068383632
0.0755774081394239
0.07549758709430922
0.07541724804832968
0.07533665118758505
0.07525643462889277
0.07517561371281424
0.07509427629748278
0.07501294342625527
0.07493170121921743
0.07484996263107438
0.0747675346032238
0.07468543354857293
0.07460319078247105
0.07452028649332657
0.07443705321803906
0.0743541653787788
0.07427071431618817
0.07418669086689277
0.07410283223073719
0.07401903277035238
0.07393420682442978
0.07384931993915844
0.07376488542231983
0.07367957522474866
0.07359373755314476
0.0735082932235288
0.07342260646288512
0.07333603057132454
0.07324966837771733
0.07316318397793507
0.07307599077096262
0.07298867900892467
0.07290146603859135
0.07281356893973254
0.07272527649331047
0.07263728746915547
0.0725488495982162
0.07245975388795525
0.07237068974264532
0.07228148407777124
0.07219177663992499
0.07210184849429398
0.072011736327299
0.0719212511626699
0.07183047826672978
0.07173968502595215
0.07164828139563979
0.07155660390910994
0.0714650214180598
0.07137273865342088
0.07128042477530264
0.07118788032360955
0.07109468512195437
0.07100153037022633
0.07090817836232254
0.07081420513240184
0.07072003966896494
0.07062575079320624
0.07053102400997407
0.07043601094338839
0.07034071727195502
0.07024512251586176
0.07014924666917138
0.07005295412626053
0.06995656175540405
0.06985976827960406
0.06976241173463772
0.0696651458439884
0.06956762151116229
0.06946926232818226
0.069370969413682
0.06927255968116895
0.0691733004534288
0.0690741435944724
0.06897460925562465
0.06887457738295795
0.06877435374313676
0.06867381768549646
0.06857310222575409
0.06847168928280845
0.06837011793430742
0.06826845993476985
0.06816603567665747
0.06806350576211027
0.0679608128310978
0.06785739998100904
0.06775375457127941
0.06765003662786988
0.06754567266666497
0.0674410975533456
0.06733618367633028
0.06723077824361355
0.06712535573279409
0.06701928825154681
0.06691284243011413
0.06680638356236542
0.06669912286553069
0.06659181817927001
0.0664841743167991
0.06637597849548713
0.06626736573156337
0.06615852288252937
0.06604940982177705
0.06593974423795586
0.06582975908111906
0.06571933045551921
0.06560861765032387
0.06549745688160069
0.06538605675783275
0.06527411862311897
0.06516151389882487
0.06504917637228397
0.0649360167117256
0.06482255886774484
0.06470895677194646
0.06459407872743508
0.06447986058378438
0.06436496283651776
0.06424903892836507
0.06413368958885265
0.06401693377710457
0.063900068666544
0.06378372457176121
0.06366561549790453
0.06354767265740764
0.06342945620240294
0.06331022636289917
0.06319142146881004
0.0630717061271324
0.06295116701793223
0.06283096423321478
0.06270981794447368
0.06258832927639406
0.062466723721036406
0.06234396110082344
0.06222124286180984
0.062098080029150085
0.06197409893609761
0.06185035914505395
0.061725329220722575
0.061600166060124216
0.061474839297678184
0.06134847275020968
0.061222321006684906
0.061095000600556844
0.06096729927215469
0.0608396318497625
0.06071093249312906
0.06058199128849793
0.06045264846814234
0.06032221824533697
0.060191968024800556
0.06006093454006272
0.0599293618068623
0.05979752281365776
0.05966461173043514
0.05953153423378967
0.05939820045345507
0.059263800842964155
0.05912903352609004
0.05899380939552425
0.05885785060536231
0.05872195334475119
0.058584790233482675
0.05844715962583253
0.05830923339937844
0.058170384008125936
0.05803179391065026
0.057891651493416046
0.05775134256957282
0.05761038130204136
0.05746887287193403
0.05732706527646189
0.05718407095348998
0.0570409591848595
0.05689670837456367
0.056752454965383024
0.05660718715645941
0.05646156883499783
0.05631505571789458
0.056167902252915
0.05602036273249426
0.05587184895472022
0.05572311031859901
0.05557313955904189
0.05542297273800136
0.05527202381275359
0.055120296187005584
0.05496823859214154
0.05481476864157915
0.05466131682073295
0.054506717024777676
0.0543516790064392
0.054195965890979296
0.054039187786302845
0.053882069281267535
0.05372377822579062
0.053565304990533726
0.053405764341926065
0.053245412503130814
0.05308437222642658
0.05292260127095235
0.05276005959457208
0.05259671919684084
0.05243253662531112
0.052267549594375955
0.052101924085526684
0.051935323871486
0.051768129146786496
0.05159974270437457
0.051430550565656576
0.051260704038759264
0.05108971299867157
0.050918676638785514
0.050745675845654176
0.05057277896374229
0.050397898960246594
0.05022317064211048
0.050046820275699185
0.04987000199112738
0.04969192027088998
0.04951281583091507
0.04933317695669877
0.04915228674696285
0.04897069729463709
0.04878765674007182
0.04860389261232359
0.04841898315469754
0.04823326399673458
0.04804655377175402
0.04785852399700184
0.04766962428657649
0.047479235587268694
0.04728834665187759
0.04709600355073152
0.04690287333663922
0.04670828605856469
0.04651252101796427
0.04631575313788141
0.04611778443892697
0.0459188644963027
0.04571826783336995
0.04551692668447385
0.04531364003248997
0.04510990206320207
0.044904348236287514
0.044697948432078215
0.044489794702190597
0.044280515907226606
0.04406968961566116
0.043857844762784245
0.043644351448055174
0.043429703871845984
0.04321332874712526
0.04299556177154089
0.04277642093779253
0.04255573517252828
0.0423336245810905
0.04210992439542865
0.0418845734361577
0.04165745480813201
0.04142908328049818
0.04119865758220475
0.04096698829306655
0.040733376785613624
0.040497959288048155
0.040260831626524524
0.04002178225263861
0.0397810013339516
0.03953842939062424
0.03929402139405009
0.03904733223433007
0.03879898229025199
0.03854821345308577
0.03829567354614055
0.03804109577775631
0.03778435455417395
0.037525274161980426
0.037263929084539675
0.03700024046225925
0.03673431684174456
0.03646632282367952
0.03619555428894939
0.035922440483116644
0.035646350345078744
0.03536785150836744
0.03508672674699944
0.03480313361845118
0.03451651530536979
0.03422692337797905
0.03393418570436259
0.03363845712568838
0.03333984320874537
0.03303811970415154
0.032733105966209194
0.03242428087765423
0.032112024753452366
0.031796114084800015
0.03147681185351666
0.03115379800044468
0.03082680974985089
0.03049525708545872
0.03015956519745712
0.02981964525421927
0.02947561829691299
0.029127204888507625
0.028773975955462883
0.028415548211806276
0.028051963995952636
0.027683210710859687
0.027309136396854828
0.026929493363419748
0.02654368519060007
0.026151321604804528
0.02575220485239015
0.025346316330464438
0.024933356837975557
0.02451293247015142
0.02408428124754998
0.023646899754100476
0.023200473027348886
0.022744526838217274
0.022278651492729173
0.021802220077432898
0.021314015590785183
0.020813619704463007
0.0203002623307072
0.019773146936741006
0.019231138383275233
0.018673145586715633
0.018096761006808897
0.0175005121770376
0.016882330101311117
0.016239738115165412
0.015569668740532554
0.014868633190309488
0.014131063185371554
0.013351100555830829
0.012521164573451779
0.011630540218756867
0.010663850488224816
0.009598504303848154
0.008397298088710127
0.006991311485250505
0.005216816695214226
0.002345581247713835
0.0
0.0
0.0
0.0
0.0
0.0
0.0
0.0
0.0
0.0
0.0
0.0
0.0
0.0
0.0
0.0
0.0
0.0
0.0
0.0
0.0
0.0
0.0
0.0
0.0
0.0
0.0
0.0
0.0
0.0
0.0
0.0
0.0
0.0
0.0
0.0
0.0
0.0
0.0
0.0
0.0
0.0
0.0
0.0
0.0
0.0
0.0
0.0
0.0
0.0
0.0
0.0
0.0
0.0
0.0
0.0
0.0
0.0
0.0
0.0
0.0
0.0
0.0
0.0
0.0
0.0
0.0
0.0
0.0
0.0
0.0
0.0
0.0
0.0
0.0
0.0
0.0
0.0
0.0
0.0
0.0
0.0
0.0
0.0
0.0
0.0
0.0
0.0
0.0
0.0
0.0
0.0
0.0
0.0
0.0
0.0
0.0
0.0
0.0
0.0
0.0
0.0
0.0
0.0
0.0
0.0
0.0
0.0
0.0
0.0
0.0
0.0
0.0
0.0
0.0
0.0
0.0
0.0
0.0
0.0
0.0
0.0
0.0
0.0
0.0
0.0
0.0
0.0
0.0
0.0
0.0
0.0
0.0
0.0
0.0
0.0
0.0
0.0
0.0
0.0
0.0
0.0
0.0
0.0
0.0
0.0
0.0
0.0
0.0
0.0
0.0
0.0
0.0
0.0
0.0
0.0
0.0
0.0
0.0
0.0
0.0
0.0
0.0
0.0
0.0
0.0
0.0
0.0
0.0
0.0
0.0
0.0
0.0
0.0
0.0
0.0
0.0
0.0
0.0
0.0
0.0
0.0
0.0
0.0
0.0
0.0
0.0
0.0
0.0
0.0
0.0
0.0
0.0
0.0
0.0
0.0
0.0
0.0
0.0
0.0
0.0
0.0
0.0
0.0
0.0
0.0
0.0
0.0
0.0
0.0
0.0
0.0
0.0
0.0
0.0
0.0
0.0
0.0
0.0
0.0
0.0
0.0
0.0
0.0
0.0
0.0
0.0
0.0
0.0
0.0
0.0
0.0
0.0
0.0
0.0
0.0
0.0
0.0
0.0
0.0
0.0
0.0
0.0
0.0
0.0
0.0
0.0
0.0
0.0
0.0
0.0
0.0
0.0
0.0
0.0
0.0
0.0
0.0
0.0
0.0
0.0
0.0
0.0
0.0
0.0
0.0
0.0
0.0
0.0
0.0
0.0
0.0
0.0
0.0
0.0
0.0
0.0
0.0
0.0
0.0
0.0
0.0
0.0
0.0
0.0
0.0
0.0
0.0
0.0
0.0
0.0
0.0
0.0
0.0
0.0
0.0
0.0
0.0
0.0
0.0
0.0
0.0
0.0
0.0
0.0
0.0
0.0
0.0
0.0
0.0
0.0
0.0
0.0
0.0
0.0
0.0
0.0
0.0
0.0
0.0
0.0
0.0
0.0
0.0
0.0
0.0
0.0
0.0
0.0
0.0
0.0
0.0
0.0
0.0
0.0
0.0
0.0
0.0
0.0
0.0
0.0
0.0
0.0
0.0
0.0
0.0
0.0
0.0
0.0
0.0
0.0
0.0
0.0
0.0
0.0
0.0
0.0
0.0
0.0
0.0
0.0
0.0
0.0
0.0
0.0
0.0
0.0
0.0
0.0
0.0
0.0
0.0
0.0
0.0
0.0
0.0
0.0
0.0
0.0
0.0
0.0
0.0
0.0
0.0
0.0
0.0
0.0
0.0
0.0
0.0
0.0
0.0
0.0
0.0
0.0
0.0
0.0
0.0
0.0
0.0
0.0
0.0
0.0
0.0
0.0
0.0
0.0
0.0
0.0
0.0
0.0
0.0
0.0
0.0
0.0
0.0
0.0
0.0
0.0
0.0
0.0
0.0
0.0
0.0
0.0
0.0
0.0
0.0
0.0
0.0
0.0
0.0
0.0
0.0
0.0
0.0
0.0
0.0
0.0
0.0
0.0
0.0
0.0
0.0
0.0
0.0
0.0
0.0
0.0
0.0
0.0
0.0
0.0
0.0
0.0
0.0
0.0
0.0
0.0
0.0
0.0
0.0
0.0
0.0
0.0
0.0
0.0
0.0
0.0
0.0
0.0
0.0
0.0
0.0
0.0
0.0
0.0
0.0
0.0
0.0
0.0
0.0
0.0
0.0
0.0
0.0
0.0
0.0
0.0
0.0
0.0
0.0
0.0
0.0
0.0
0.0
0.0
0.0
0.0
0.0
0.0
0.0
0.0
0.0
0.0
0.0
0.0
0.0
0.0
0.0
0.0
0.0
0.0
0.0
0.0
0.0
0.0
0.0
0.0
0.0
0.0
0.0
0.0
0.0
0.0
0.0
0.0
0.0
0.0
0.0
0.0
0.0
0.0
0.0
0.0
0.0
0.0
0.0
0.0
0.0
0.0
0.0
0.0
0.0
0.0
0.0
0.0
0.0
0.0
0.0
0.0
0.0
0.0
0.0
0.0
0.0
0.0
0.0
0.0
0.0
0.0
0.0
0.0
0.0
0.0
0.0
0.0
0.0
0.0
0.0
0.0
0.0
0.0
0.0
0.0
0.0
0.0
0.0
0.0
0.0
0.0
0.0
0.0
0.0
0.0
0.0
0.0
0.0
0.0
0.0
0.0
0.0
0.0
0.0
0.0
0.0
0.0
0.0
0.0
0.0
0.0
0.0
0.0
0.0
0.0
0.0
0.0
0.0
0.0
0.0
0.0
0.0
0.0
0.0
0.0
0.0
0.0
0.0
0.0
0.0
0.0
0.0
0.0
0.0
0.0
0.0
0.0
0.0
0.0
0.0
0.0
0.0
0.0
0.0
0.0
0.0
0.0
0.0
0.0
0.0
0.0
0.0
0.0
0.0
0.0
0.0
0.0
0.0
0.0
0.0
0.0
0.0
0.0
0.0
0.0
0.0
0.0
0.0
0.0
0.0
0.0
0.0
0.0
0.0
0.0
0.0
0.0
0.0
0.0
0.0
0.0
0.0
0.0
0.0
0.0
0.0
0.0
0.0
0.0
0.0
0.0
0.0
0.0
0.0
0.0
0.0
0.0
0.0
0.0
0.0
0.0
0.0
0.0
0.0
0.0
0.0
0.0
0.0
0.0
0.0
0.0
0.0
0.0
0.0
0.0
0.0
0.0
0.0
0.0
0.0
0.0
0.0
0.0
0.0
0.0
0.0
0.0
0.0
0.0
0.0
0.0
0.0
0.0
0.0
0.0
0.0
0.0
0.0
0.0
0.0
0.0
0.0
0.0
0.0
0.0
0.0
0.0
0.0
0.0
0.0
0.0
0.0
0.0
0.0
0.0
0.0
0.0
0.0
0.0
0.0
0.0
0.0
0.0
0.0
0.0
0.0
0.0
0.0
0.0
0.0
0.0
0.0
0.0
0.0
0.0
0.0
0.0
0.0
0.0
0.0
0.0
0.0
0.0
0.0
0.0
0.0
0.0
0.0
0.0
0.0
0.0
0.0
0.0
0.0
0.0
0.0
0.0
0.0
0.0
0.0
0.0
0.0
0.0
0.0
0.0
0.0
0.0
0.0
0.0
0.0
0.0
0.0
0.0
0.0
0.0
0.0
0.0
0.0
0.0
0.0
0.0
0.0
0.0
0.0
0.0
0.0
0.0
0.0
0.0
0.0
0.0
0.0
0.0
0.0
0.0
0.0
0.0
0.0
0.0
0.0
0.0
0.0
0.0
0.0
0.0
0.0
0.0
0.0
0.0
0.0
0.0
0.0
0.0
0.0
0.0
0.0
0.0
0.0
0.0
0.0
0.0
0.0
0.0
0.0
0.0
0.0
0.0
0.0
0.0
0.0
0.0
0.0
0.0
0.0
0.0
0.0
0.0
0.0
0.0
0.0
0.0
0.0
0.0
0.0
0.0
0.0
0.0
0.0
0.0
0.0
0.0
0.0
0.0
0.0
0.0
0.0
0.0
0.0
0.0
0.0
0.0
0.0
0.0
0.0
0.0
0.0
0.0
0.0
0.0
0.0
0.0
0.0
0.0
0.0
0.0
0.0
0.0
0.0
0.0
0.0
0.0
0.0
0.0
0.0
0.0
0.0
0.0
0.0
0.0
0.0
0.0
0.0
0.0
0.0
0.0
0.0
0.0
0.0
0.0
0.0
0.0
0.0
0.0
0.0
0.0
0.0
0.0
0.0
0.0
0.0
0.0
0.0
0.0
0.0
0.0
0.0
0.0
0.0
0.0
0.0
0.0
0.0
0.0
0.0
0.0
0.0
0.0
0.0
0.0
0.0
0.0
0.0
0.0
0.0
0.0
0.0
0.0
0.0
0.0
0.0
0.0
0.0
0.0
0.0
0.0
0.0
0.0
0.0
0.0
0.0
0.0
0.0
0.0
0.0
0.0
0.0
0.0
0.0
0.0
0.0
0.0
0.0
0.0
0.0
0.0
0.0
0.0
0.0
0.0
0.0
0.0
0.0
0.0
0.0
0.0
0.0
0.0
0.0
0.0
0.0
0.0
0.0
0.0
0.0
0.0
0.0
0.0
0.0
0.0
0.0
0.0
0.0
0.0
0.0
0.0
0.0
0.0
0.0
0.0
0.0
0.0
0.0
0.0
0.0
0.0
0.0
0.0
0.0
0.0
0.0
0.0
0.0
0.0
0.0
0.0
0.0
0.0
0.0
0.0
0.0
0.0
0.0
0.0
0.0
0.0
0.0
0.0
0.0
0.0
0.0
0.0
0.0
0.0
0.0
0.0
0.0
0.0
0.0
0.0
0.0
0.0
0.0
0.0
0.0
0.0
0.0
0.0
0.0
0.0
0.0
0.0
0.0
0.0
0.0
0.0
0.0
0.0
0.0
0.0
0.0
0.0
0.0
0.0
0.0
0.0
0.0
0.0
0.0
0.0
0.0
0.0
0.0
0.0
0.0
0.0
0.0
0.0
0.0
0.0
0.0
0.0
0.0
0.0
0.0
0.0
0.0
0.0
0.0
0.0
0.0
0.0
0.0
0.0
0.0
0.0
0.0
0.0
0.0
0.0
0.0
0.0
0.0
0.0
0.0
0.0
0.0
0.0
0.0
0.0
0.0
0.0
0.0
0.0
0.0
0.0
0.0
0.0
0.0
0.0
0.0
0.0
0.0
0.0
0.0
0.0
0.0
0.0
0.0
0.0
0.0
0.0
0.0
0.0
0.0
0.0
0.0
0.0
0.0
0.0
0.0
0.0
0.0
0.0
0.0
0.0
0.0
0.0
0.0
0.0
0.0
0.0
0.0
0.0
0.0
0.0
0.0
0.0
0.0
0.0
0.0
0.0
0.0
0.0
0.0
0.0
0.0
0.0
0.0
0.0
0.0
0.0
0.0
0.0
0.0
0.0
0.0
0.0
0.0
0.0
0.0
0.0
0.0
0.0
0.0
0.0
0.0
0.0
0.0
0.0
0.0
0.0
0.0
0.0
0.0
0.0
0.0
0.0
0.0
0.0
0.0
0.0
0.0
0.0
0.0
0.0
0.0
0.0
0.0
0.0
0.0
0.0
0.0
0.0
0.0
0.0
0.0
0.0
0.0
0.0
0.0
0.0
0.0
0.0
0.0
0.0
0.0
0.0
0.0
0.0
0.0
0.0
0.0
0.0
0.0
0.0
0.0
0.0
0.0
0.0
0.0
0.0
0.0
0.0
0.0
0.0
0.0
0.0
0.0
0.0
0.0
0.0
0.0
0.0
0.0
0.0
0.0
0.0
0.0
0.0
0.0
0.0
0.0
0.0
0.0
0.0
0.0
0.0
0.0
0.0
0.0
0.0
0.0
0.0
0.0
0.0
0.0
0.0
0.0
0.0
0.0
0.0
0.0
0.0
0.0
0.0
0.0
0.0
0.0
0.0
0.0
0.0
0.0
0.0
0.0
0.0
0.0
0.0
0.0
0.0
0.0
0.0
0.0
0.0
0.0
0.0
0.0
0.0
0.0
0.0
0.0
0.0
0.0
0.0
0.0
0.0
0.0
0.0
0.0
0.0
0.0
0.0
0.0
0.0
0.0
0.0
0.0
0.0
0.0
0.0
0.0
0.0
0.0
0.0
0.0
0.0
0.0
0.0
0.0
0.0
0.0
0.0
0.0
0.0
0.0
0.0
0.0
0.0
0.0
0.0
0.0
0.0
0.0
0.0
0.0
0.0
0.0
0.0
0.0
0.0
0.0
0.0
0.0
0.0
0.0
0.0
0.0
0.0
0.0
0.0
0.0
0.0
0.0
0.0
0.0
0.0
0.0
0.0
0.0
0.0
0.0
0.0
0.0
0.0
0.0
0.0
0.0
0.0
0.0
0.0
0.0
0.0
0.0
0.0
0.0
0.0
0.0
0.0
0.0
0.0
0.0
0.0
0.0
0.0
0.0
0.0
0.0
0.0
0.0
0.0
0.0
0.0
0.0
0.0
0.0
0.0
0.0
0.0
0.0
0.0
0.0
0.0
0.0
0.0
0.0
0.0
0.0
0.0
0.0
0.0
0.0
0.0
0.0
0.0
0.0
0.0
0.0
0.0
0.0
0.0
0.0
0.0
0.0
0.0
0.0
0.0
0.0
0.0
0.0
0.0
0.0
0.0
0.0
0.0
0.0
0.0
0.0
0.0
0.0
0.0
0.0
0.0
0.0
0.0
0.0
0.0
0.0
0.0
0.0
0.0
0.0
0.0
0.0
0.0
0.0
0.0
0.0
0.0
0.0
0.0
0.0
0.0
0.0
0.0
0.0
0.0
0.0
0.0
0.0
0.0
0.0
0.0
0.0
0.0
0.0
0.0
0.0
0.0
0.0
0.0
0.0
0.0
0.0
0.0
0.0
0.0
0.0
0.0
0.0
0.0
0.0
0.0
0.0
0.0
0.0
0.0
0.0
0.0
0.0
0.0
0.0
0.0
0.0
0.0
0.0
0.0
0.0
0.0
0.0
0.0
0.0
0.0
0.0
0.0
0.0
0.0
0.0
0.0
0.0
0.0
0.0
0.0
0.0
0.0
0.0
0.0
0.0
0.0
0.0
0.0
0.0
0.0
0.0
0.0
0.0
0.0
0.0
0.0
0.0
0.0
0.0
0.0
0.0
0.0
0.0
0.0
0.0
0.0
0.0
0.0
0.0
0.0
0.0
0.0
0.0
0.0
0.0
0.0
0.0
0.0
0.0
0.0
0.0
0.0
0.0
0.0
0.0
0.0
0.0
0.0
0.0
0.0
0.0
0.0
0.0
0.0
0.0
0.0
0.0
0.0
0.0
0.0
0.0
0.0
0.0
0.0
0.0
0.0
0.0
0.0
0.0
0.0
0.0
0.0
0.0
0.0
0.0
0.0
0.0
0.0
0.0
0.0
0.0
0.0
0.0
0.0
0.0
0.0
0.0
0.0
0.0
0.0
0.0
0.0
0.0
0.0
0.0
0.0
0.0
0.0
0.0
0.0
0.0
0.0
0.0
0.0
0.0
0.0
0.0
0.0
0.0
0.0
0.0
0.0
0.0
0.0
0.0
0.0
0.0
0.0
0.0
0.0
0.0
0.0
0.0
0.0
0.0
0.0
0.0
0.0
0.0
0.0
0.0
0.0
0.0
0.0
0.0
0.0
0.0
0.0
0.0
0.0
0.0
0.0
0.0
0.0
0.0
0.0
0.0
0.0
0.0
0.0
0.0
0.0
0.0
0.0
0.0
0.0
0.0
0.0
0.0
0.0
0.0
0.0
0.0
0.0
0.0
0.0
0.0
0.0
0.0
0.0
0.0
0.0
0.0
0.0
0.0
0.0
0.0
0.0
0.0
0.0
0.0
0.0
0.0
0.0
0.0
0.0
0.0
0.0
0.0
0.0
0.0
0.0
0.0
0.0
0.0
0.0
0.0
0.0
0.0
0.0
0.0
0.0
0.0
0.0
0.0
0.0
0.0
0.0
0.0
0.0
0.0
0.0
0.0
0.0
0.0
0.0
0.0
0.0
0.0
0.0
0.0
0.0
0.0
0.0
0.0
0.0
0.0
0.0
0.0
0.0
0.0
0.0
0.0
0.0
0.0
0.0
0.0
0.0
0.0
0.0
0.0
0.0
0.0
0.0
0.0
0.0
0.0
0.0
0.0
0.0
0.0
0.0
0.0
0.0
0.0
0.0
0.0
0.0
0.0
0.0
0.0
0.0
0.0
0.0
0.0
0.0
0.0
0.0
0.0
0.0
0.0
0.0
0.0
0.0
0.0
0.0
0.0
0.0
0.0
0.0
0.0
0.0
0.0
0.0
0.0
0.0
0.0
0.0
0.0
0.0
0.0
0.0
0.0
0.0
0.0
0.0
0.0
0.0
0.0
0.0
0.0
0.0
0.0
0.0
0.0
0.0
0.0
0.0
0.0
0.0
0.0
0.0
0.0
0.0
0.0
0.0
0.0
0.0
0.0
0.0
0.0
0.0
0.0
0.0
0.0
0.0
0.0
0.0
0.0
0.0
0.0
0.0
0.0
0.0
0.0
0.0
0.0
0.0
0.0
0.0
0.0
0.0
0.0
0.0
0.0
0.0
0.0
0.0
0.0
0.0
0.0
0.0
0.0
0.0
