0.28991707622857354
0.289916160965081
0.2899152119942843
0.2899142166112969
0.2899131894836254
0.289912138785
0.28991106931704413
0.28990998414155056
0.2899088853485309
0.2899077744640257
0.28990665263557575
0.289905520715789
0.2899043793861946
0.28990322921332157
0.28990207448056315
0.2899009122817102
0.28989974511644057
0.28989857154389087
0.28989739251867097
0.2898962077572285
0.2898950165910547
0.2898938187794851
0.2898926143638586
0.28989140343702313
0.2898901860863175
0.2898889623924826
0.28988773243604143
0.289886496283717
0.289885253996141
0.2898840078014549
0.28988275561594995
0.2898814974779841
0.28988023346022185
0.2898789645878566
0.28987769057635443
0.28987641092834066
0.2898751255100583
0.28987383466404104
0.28987253875929914
0.2898712376720232
0.2898699310807567
0.2898686188420167
0.2898673009708697
0.28986597740780257
0.2898646487724931
0.2898633154817546
0.2898619765851881
0.28986063209704716
0.2898592820284834
0.2898579263841965
0.2898565651661487
0.28985519901718976
0.2898538278445348
0.2898524512075101
0.28985106902395247
0.28984968125721366
0.2898482879359445
0.2898468891384476
0.2898454849677836
0.28984407576067983
0.28984266135167874
0.28984124230614977
0.28983981782799606
0.2898383878305602
0.28983695224578215
0.28983551106865313
0.2898340643216382
0.2898326120041779
0.28983115408356785
0.28982969052969365
0.28982822173222533
0.28982674783027895
0.2898252683808234
0.28982378330522646
0.2898222925992671
0.2898207962072769
0.28981929411363955
0.28981778636599714
0.28981627337355825
0.28981475502959847
0.2898132312728528
0.28981170223605274
0.28981016750347594
0.2898086271169943
0.289807080988098
0.28980552912287477
0.2898039715087371
0.28980240807411844
0.2898008388653728
0.2897992638971867
0.28979768326914834
0.28979609724204086
0.28979450555138425
0.28979290802659163
0.28979130452585516
0.28978969529301674
0.2897880801124537
0.2897864595563052
0.28978483334881083
0.28978320116936535
0.289781563026883
0.2897799188769954
0.289778268787927
0.28977661293625456
0.2897749514292137
0.28977328404420655
0.2897716106611913
0.2897699312157846
0.28976824563891285
0.28976655395381595
0.2897648561591517
0.289763152387591
0.2897614428254253
0.28975972743798856
0.2897580058956798
0.2897562781122582
0.2897545441759792
0.2897528046281989
0.2897510588782529
0.2897493068886628
0.28974754862693836
0.28974578410773005
0.28974401333359706
0.28974223629198337
0.2897404528862427
0.2897386630648916
0.28973686684845384
0.2897350643128085
0.2897332555999479
0.2897314407182081
0.28972961951596227
0.2897277918958708
0.28972595771022774
0.2897241170175605
0.2897222699233896
0.2897204167409269
0.2897185571888962
0.28971669085463003
0.2897148185469118
0.2897129397529754
0.28971105454684243
0.2897091624378704
0.2897072635758808
0.2897053580972762
0.28970344603222287
0.2897015272544496
0.28969960174741977
0.2896976694869941
0.2896957303337854
0.2896937843833139
0.2896918317736501
0.289689872297345
0.2896879058382886
0.2896859325891751
0.2896839525394761
0.2896819657788938
0.289679972475414
0.2896779718375512
0.28967596423735886
0.28967394995501367
0.28967192906446076
0.2896699014748098
0.28966786693451757
0.2896658253379314
0.2896637762671585
0.28966172045319105
0.28965965731892596
0.2896575870422709
0.2896555095529385
0.28965342480779716
0.289651332873021
0.2896492336495813
0.2896471271737316
0.2896450134167577
0.2896428923051239
0.2896407639008818
0.28963862809017327
0.2896364848899002
0.28963433432814084
0.2896321760191461
0.2896300106684722
0.2896278373343198
0.28962565702532
0.28962346929875066
0.28962127505184865
0.28961907326958003
0.2896168643567383
0.28961464824268085
0.2896124241374335
0.2896101926842886
0.28960795332946554
0.28960570643626504
0.28960345185498687
0.28960118931136747
0.2895989190039005
0.28959664090257303
0.2895943549230125
0.28959206117917974
0.2895897595719183
0.2895874499945089
0.2895851325158113
0.28958280696859556
0.2895804732938759
0.28957813182808534
0.2895757823893956
0.2895734245750888
0.2895710588165687
0.28956868527323454
0.2895663031440584
0.2895639126475423
0.28956151461992036
0.2895591077654241
0.28955669309011606
0.2895542708018415
0.28955183985023775
0.289549400779057
0.2895469541620965
0.2895444989043427
0.28954203485694696
0.2895395627095747
0.2895370823088364
0.2895345932767876
0.28953209541648905
0.2895295891891732
0.28952707453370874
0.2895245513310998
0.2895220192987972
0.2895194785317902
0.2895169293488296
0.28951437150777903
0.28951180476091426
0.28950922900054143
0.28950664471955456
0.289504051678267
0.2895014497606316
0.2894988387624364
0.2894962190230443
0.28949359027185545
0.289490952672567
0.28948830624850946
0.2894856504298
0.2894829856810664
0.28948031201277624
0.2894776296285567
0.2894749383992999
0.28947223760907553
0.2894695268039238
0.2894668075348659
0.28946407982528766
0.2894613431802969
0.28945859666972973
0.28945584033138105
0.28945307494509664
0.2894503005691941
0.2894475168451635
0.289444723464878
0.2894419204329254
0.28943910766816794
0.2894362854360933
0.28943345391526937
0.2894306127433175
0.2894277618330351
0.28942490115433306
0.2894220309048183
0.28941915093040893
0.28941626076964755
0.2894133610025425
0.2894104515035627
0.28940753212919
0.2894046027825884
0.28940166368262654
0.289398714622439
0.2893957551759008
0.2893927843039057
0.28938980405834536
0.2893868139284079
0.2893838133487172
0.2893808027738644
0.2893777819204596
0.28937475081490915
0.2893717096563248
0.28936865833726566
0.2893655967728821
0.28936252465610945
0.28935944194355456
0.28935634867056886
0.2893532452296623
0.28935013161002693
0.2893470076238044
0.2893438731710725
0.2893407281891641
0.2893375726281659
0.2893344064429199
0.2893312293153339
0.2893280410302522
0.2893248419055103
0.2893216319879259
0.2893184111565535
0.2893151796889687
0.2893119374175033
0.28930868426062
0.289305420163878
0.2893021450385684
0.289298858692958
0.28929556108161913
0.2892922523846683
0.2892889326228283
0.28928560154117894
0.28928225904111154
0.2892789053701336
0.28927554048006016
0.28927216437147724
0.2892687771080603
0.2892653784354836
0.28926196829811424
0.2892585465791306
0.2892551131218051
0.28925166796550733
0.289248211318805
0.28924474308150055
0.2892412631764584
0.28923777178835
0.28923426928202245
0.28923075724555547
0.28922723474453216
0.2892237004128049
0.2892201541643286
0.28921659595891896
0.2892130257846095
0.289209443635504
0.2892058489846571
0.2892022428720648
0.2891986248570756
0.2891949945288446
0.2891913520103616
0.2891876971377378
0.28918402980498625
0.28918035015999505
0.2891766582096368
0.28917295386611624
0.2891692370680943
0.2891655077654971
0.28916176591072756
0.2891580114592517
0.2891542443693493
0.28915046459776145
0.2891466720996761
0.28914286683478313
0.2891390487621388
0.28913521783835966
0.28913137402016414
0.2891275172688674
0.28912364754630776
0.2891197648097637
0.2891158690749415
0.28911196047625004
0.28910803879407004
0.2891041039897285
0.289100155854095
0.2890961942824894
0.28909221937322804
0.28908823110393383
0.2890842293565999
0.2890802136655889
0.2890761845021182
0.28907214185228414
0.28906808576868026
0.2890640160904444
0.28905993237636524
0.289055834794927
0.28905172350091335
0.2890475985362111
0.28904345977659823
0.289039307119907
0.2890351405252629
0.28903095995254846
0.2890267653620258
0.2890225567170148
0.2890183339906747
0.2890140972560015
0.28900984651804423
0.28900558171410645
0.28900130286750636
0.2889970097719644
0.28899270202727884
0.28898837939570654
0.2889840418515483
0.2889796895993993
0.28897532275464355
0.28897094127472833
0.288966545120207
0.2889621342528701
0.28895770863746745
0.28895326824869944
0.2889488130767762
0.2889443432463538
0.288939858860085
0.2889353584264732
0.2889308429805657
0.2889263125217385
0.2889217670987175
0.2889172065976489
0.288912630600707
0.28890803906861345
0.28890343236588445
0.2888988103027258
0.28889417282108915
0.28888951543046737
0.288884838161158
0.2888801452474703
0.28887543669886684
0.2888707124976344
0.28886597265630176
0.2888612172792231
0.2888564462590931
0.28885165867503776
0.28884685525538706
0.2888420362034883
0.2888372003149179
0.2888323483149968
0.288827480208957
0.28882259535309646
0.2888176941147471
0.2888127767107171
0.2888078432797587
0.28880289386201924
0.2887979276252984
0.2887929438930603
0.28878794330925617
0.2887829262177839
0.2887778925706315
0.288772842449154
0.2887677760189989
0.2887626926316898
0.2887575927828393
0.288752475374973
0.2887473395300102
0.28874218635892984
0.2887370161014406
0.28873182880536924
0.28872662456479814
0.28872140350213715
0.28871616595623933
0.2887109114498017
0.2887056382914447
0.28870034627649716
0.28869503585324086
0.28868970770141167
0.28868436207402925
0.2886789991581208
0.28867361891795096
0.2886682204823303
0.28866280408319417
0.2886573700066252
0.288651916846342
0.2886464448649665
0.28864095496254977
0.2886354473886391
0.28862992151845995
0.2886243764865412
0.28861881362184244
0.28861323261042926
0.2886076328483406
0.2886020141435492
0.28859637682769634
0.288590720336422
0.2885850441849791
0.2885793496185257
0.28857363695818106
0.2885679054853985
0.2885621545913422
0.28855638656737936
0.2885505963693099
0.2885447866241387
0.2885389582407832
0.2885331114178119
0.28852724585375616
0.288521360112302
0.2885154554017607
0.2885095320431313
0.2885035889131039
0.2884976257497662
0.2884916435488167
0.28848564262418774
0.2884796214539648
0.28847357863237627
0.2884675160132332
0.2884614337370662
0.2884553311298847
0.288449208727862
0.2884430676603122
0.2884369035981204
0.28843071835599754
0.288424513279771
0.288418288481468
0.28841204360779926
0.28840577951671637
0.2883994921409628
0.2883931824097951
0.28838685217931764
0.28838050185030045
0.28837413189270683
0.28836774217042715
0.2883613298163024
0.288354894131367
0.28834843685879963
0.28834195888390407
0.2883354607662089
0.28832894292296846
0.28832240267137643
0.2883158383028079
0.2883092515152058
0.2883026435550841
0.2882960155565415
0.28828936572414415
0.28828269121167277
0.2882759939930021
0.28826927299552035
0.28826253031395654
0.288255766716375
0.28824898113501873
0.28824217310306616
0.28823534264882616
0.28822848781784355
0.28822161101966604
0.2882147122111283
0.28820778930464874
0.2882008450725763
0.2881938781478677
0.28818688691110544
0.28817987260179256
0.28817283485856154
0.2881657737545389
0.2881586909839942
0.2881515848071507
0.288144454423228
0.2881373010340793
0.2881301233166938
0.2881229232563966
0.28811570068748166
0.28810845495708076
0.2881011849937294
0.2880938925915096
0.28808657846186014
0.28807924142566427
0.28807188196468525
0.28806449987125704
0.28805709017039427
0.28804965582562914
0.2880421981503078
0.28803471734133823
0.28802721337983556
0.28801968086303054
0.28801212367194295
0.2880045418684926
0.28799693618107913
0.2879893069726373
0.2879816480774835
0.2879739650403926
0.2879662564687714
0.28795852396217125
0.28795076868951425
0.2879429823530327
0.28793517172415956
0.2879273363210633
0.2879194763216174
0.28791159240295955
0.2879036769342415
0.2878957365125033
0.2878877717257995
0.28787978220491584
0.2878717674374527
0.2878637209464917
0.28785564878310205
0.2878475523687863
0.28783943142040497
0.2878312834783569
0.28782310390094035
0.28781489782518094
0.2878066668814306
0.2877984134664661
0.28779013010667764
0.28778181522132057
0.287773473383619
0.28776510636790475
0.28775671575059064
0.2877482898285493
0.2877398239183675
0.28773133024976344
0.28772281129291954
0.28771426694443264
0.28770569418601855
0.28769708895274243
0.2876884552941098
0.2876797974003625
0.28767111045480487
0.2876623954808158
0.2876536487532957
0.2876448731654921
0.2876360715888681
0.2876272414166649
0.2876183827067499
0.2876094922184336
0.2876005736035834
0.28759162591812715
0.2875826503611455
0.2875736453571612
0.28756460859604055
0.28755554219821694
0.2875464456193662
0.287537321004108
0.2875281666668413
0.2875189820888521
0.2875097653075206
0.28750051775970314
0.28749124294244033
0.28748193844644593
0.2874726025527095
0.2874632343086345
0.287453836983403
0.28744441076597754
0.28743495370299943
0.2874254631708631
0.2874159395186945
0.28740638786659933
0.28739680901068226
0.2873871998079242
0.2873775555016177
0.28736788036901545
0.2873581763265898
0.2873484423557752
0.2873386746591508
0.2873288714048332
0.2873190388657461
0.28730917783617954
0.28729928332854676
0.287289352195053
0.28727938974293404
0.2872693976570024
0.2872593740704664
0.28724931570367174
0.2872392216768145
0.2872290969877576
0.28721894206878185
0.28720875269423585
0.2871985275923542
0.28718827036243166
0.28717797986533883
0.28716765353157825
0.28715729027011666
0.2871468942138395
0.28713646692086897
0.2871260070125927
0.28711550779366923
0.28710497616059677
0.28709441204996305
0.28708381535347227
0.2870731801838535
0.2870625098943237
0.28705180763389054
0.28704107503049436
0.2870303049547391
0.2870194968645514
0.28700865719331325
0.28699778457343206
0.2869868758321877
0.2869759268064063
0.2869649439965072
0.2869539312992713
0.28694289066472384
0.28693181034272036
0.28692069414888466
0.2869095461056332
0.286898365212827
0.2868871390724142
0.2868758759609704
0.2868645819552321
0.2868532556043497
0.28684188379825437
0.28683047403139933
0.28681903086692456
0.2868075569076343
0.286796038811495
0.28678448130990425
0.28677288781748744
0.2867612644621584
0.28674959753790497
0.28673789026702423
0.2867261448670807
0.2867143701958175
0.2867025522745094
0.2866906933771863
0.286678794105122
0.28666686388672635
0.2866548931392525
0.28664288207271016
0.2866308282737466
0.2866187417331368
0.28660661443930485
0.2865944282946841
0.28658219842686494
0.2865699337144084
0.2865576277944791
0.2865452837993757
0.2865328966696873
0.2865204727082051
0.286508005755354
0.28649550208355756
0.28648295537545837
0.2864703709990376
0.28645773945301184
0.2864450724151552
0.286432365550673
0.28641961908726704
0.2864068222474614
0.28639398974289326
0.28638111802262173
0.28636820572162175
0.2863552427025091
0.28634224355326043
0.28632920608525
0.28631612661589406
0.2863029955173917
0.28628982772238737
0.28627662727440883
0.2862633836459981
0.2862500876619004
0.28623675436964746
0.2862233840632742
0.2862099690423848
0.28619650108060596
0.28618299489354804
0.2861694515779125
0.286155862955034
0.28614222195041583
0.2861285409874681
0.28611482263696353
0.2861010579686136
0.28608724180384904
0.28607337872408073
0.28605947819848976
0.2860455295222179
0.28603153025471373
0.2860174883932523
0.286003409418323
0.285989279447303
0.285975100129536
0.2859608790290395
0.28594662554101985
0.2859323140367369
0.28591795594057257
0.28590355435818815
0.2858891159139717
0.28587462029260646
0.28586007724686574
0.2858454875181334
0.2858308567858453
0.28581617087962347
0.28580145450697664
0.28578669496127246
0.2857718926423738
0.2857570352827706
0.2857421315067546
0.2857271837446431
0.2857121888361897
0.2856971402987437
0.2856820458654044
0.2856669091487752
0.2856517181157594
0.2856364756132914
0.2856211885190435
0.28560586141501687
0.28559047105962165
0.28557503164498227
0.28555954918098225
0.2855440240942926
0.2855284356882669
0.28551279855214406
0.2854971188443184
0.28548139272102946
0.2854656043145651
0.28544974437783505
0.2854338389352693
0.28541788163496185
0.2854018640871369
0.28538579871995684
0.285369694383499
0.28535352958022075
0.28533730586874806
0.28532103605161124
0.28530472484970604
0.28528835175560174
0.28527191891154163
0.2852554407562493
0.2852389183821401
0.2852223326457594
0.28520569003782315
0.2851890043488741
0.2851722772955311
0.2851554825908906
0.28513863361685604
0.2851217451977735
0.2851048016440192
0.2850877911693509
0.2850707288047272
0.28505362458443884
0.2850364628084866
0.28501923546553487
0.2850019583084232
0.28498463190201484
0.28496724054281664
0.2849497858709167
0.2849322871228976
0.2849147357414623
0.28489711916559
0.28487944710236474
0.28486172953093264
0.2848439630495102
0.2848261247826252
0.28480822704366227
0.2847902800683039
0.28477228218744205
0.28475421463682804
0.28473609175430087
0.284717911143926
0.28469967705317967
0.28468137887562184
0.2846630463845586
0.28464465824693413
0.28462621326940774
0.2846077045259734
0.2845891387937131
0.2845705197614235
0.28455183827353964
0.2845330970124194
0.284514293582383
0.28449543913141256
0.2844765190759507
0.28445753836351734
0.2844384963681854
0.28441940293479084
0.28440024344692094
0.2843810206304424
0.2843617391130753
0.28434240367830405
0.28432300662433474
0.28430350400563403
0.2842839460806891
0.2842643305663802
0.28424465009187844
0.2842249009362935
0.28420509728625754
0.28418523424191255
0.28416530191790945
0.28414530129481835
0.2841252463964417
0.2841051332680089
0.28408494527248646
0.284064699294694
0.2840444028529385
0.2840240386794692
0.28400359863583496
0.28398310247108666
0.28396255050318236
0.28394192350501346
0.2839212247058927
0.2839004638266859
0.2838796457466194
0.28385874728639016
0.28383777921735
0.28381676239423653
0.2837956831463991
0.2837745247224726
0.28375330236608404
0.2837320259142732
0.2837106686919366
0.2836892353967572
0.28366774719060184
0.2836462020158669
0.28362457111283174
0.2836028652186518
0.28358110538227044
0.28355928291610905
0.2835373936889015
0.2835154498631858
0.2834934477686239
0.28347136805598394
0.28344921075542245
0.2834269946472628
0.28340471509659987
0.28338235601351686
0.2833599233727845
0.2833374362201933
0.28331487611124057
0.28329223084341815
0.28326952170969827
0.2832467492819162
0.2832238997842545
0.2832009721103154
0.2831779657118892
0.28315486504560083
0.2831316843320157
0.28310843207188274
0.28308511789613944
0.28306172642686467
0.2830382530945228
0.283014714922972
0.28299110799836913
0.2829674259193968
0.2829436675917235
0.28291984759821165
0.2828959455778704
0.28287196304126466
0.2828479123970558
0.28282378164658484
0.2827995689038449
0.28277528081790504
0.2827509391027077
0.28272650441098796
0.2827019870677752
0.2826773986468849
0.2826527410462358
0.28262799813894085
0.28260317693189585
0.28257829074763813
0.28255332122322174
0.28252826152369626
0.28250312886724466
0.28247793280080363
0.2824526444246609
0.2824272770169499
0.2824018655791797
0.28237638196505926
0.2823508065011353
0.2823251566071771
0.2822994421189813
0.28227363321681553
0.28224773373054873
0.2822217695263778
0.28219573347178606
0.2821695995862498
0.2821433818815893
0.2821171036174033
0.2820907360415456
0.2820642712795283
0.2820377020400974
0.2820110544188806
0.28198430401950814
0.28195746223588986
0.2819305635250643
0.2819035852778925
0.2818765041084559
0.2818493456435561
0.281822121994652
0.28179480310705696
0.28176737804115565
0.28173989094490637
0.28171231952015113
0.28168463928793686
0.28165687565165504
0.2816290495115884
0.28160113126069014
0.28157310962576254
0.28154501886564837
0.2815168505110785
0.28148857439249036
0.2814602047232675
0.28143176915210627
0.281403242636965
0.2813746077842725
0.28134589595392534
0.28131711698677564
0.28128825217086995
0.28125930177929
0.2812302773150419
0.2812011720284727
0.28117195956612
0.28114265727715987
0.2811132819020374
0.2810838088239438
0.2810542312514233
0.28102457414494064
0.28099484099531086
0.2809649983858482
0.28093505802864516
0.2809049844189487
0.2808748250404625
0.2808445669639464
0.28081422659135863
0.28078380255483393
0.28075327347229573
0.2807226369098848
0.2806919060817421
0.2806610984857972
0.2806301843857832
0.28059917419608693
0.28056807167124187
0.2805368784670988
0.2805055866767641
0.28047419512806654
0.28044272790470387
0.2804111507473439
0.2803794721101667
0.28034768942114024
0.2803158225072251
0.2802838550639384
0.28025178119284605
0.28021962739027084
0.2801873798973069
0.28015506225524056
0.2801226339335435
0.2800901262727967
0.2800575147861465
0.2800247900342327
0.2799919692345748
0.2799590628371372
0.27992605582842467
0.2798929277881805
0.27985971462018355
0.27982640655088536
0.27979294328574505
0.27975937122023314
0.27972571758241677
0.2796919555449238
0.2796580574244897
0.27962407255108035
0.279589996887946
0.27955580203474195
0.27952149348877137
0.27948710460323756
0.27945262032649754
0.27941800193785316
0.279383284740587
0.2793484875234226
0.27931356798018936
0.27927851925319896
0.2792433846554051
0.27920816061541825
0.2791727980923055
0.2791373326749251
0.2791017947235078
0.2790661531880138
0.2790304012878525
0.27899456197899886
0.2789586363878556
0.2789225647201161
0.27888637854681436
0.27885011384816233
0.27881373950947647
0.2787772284672675
0.2787406233730976
0.2787039446388168
0.2786670542575096
0.27863004175490225
0.27859294421830827
0.2785557395184986
0.27851839151792074
0.27848094338744
0.27844340712941773
0.2784057331833234
0.2783679322691402
0.27833004777056797
0.2782920578247297
0.2782539171935623
0.2782156633681577
0.2781773222237599
0.2781388471771743
0.27810023831630465
0.278061547217634
0.27802274612656125
0.27798380739807205
0.2779447881207581
0.2779056873444513
0.27786645390274706
0.27782707814838087
0.277787617461119
0.2777480237798167
0.27770829876038794
0.27766846534693806
0.2776285643299608
0.2775884875072371
0.27754822173430355
0.2775078642464846
0.27746737181463654
0.2774267526153138
0.27738600433238936
0.27734516943873355
0.27730418001416185
0.27726306787523053
0.2772218519940021
0.2771805108809102
0.2771390346428307
0.2770974186820103
0.2770557176407445
0.27701385516483484
0.27697188189882455
0.2769298021196615
0.2768875986343512
0.27684528830351424
0.2768028646751385
0.2767603448703991
0.27671764791008374
0.276674842869803
0.27663193966179783
0.27658891591557533
0.27654572784299863
0.27650243260597507
0.276458975991764
0.2764153182924394
0.27637153783815865
0.2763276558448724
0.27628364538192085
0.27623946902756547
0.2761951919606653
0.2761508015213172
0.2761062331319501
0.2760615270653351
0.27601672792809845
0.2759717956767708
0.2759266877957089
0.2758814835176824
0.2758361734713314
0.27579068800816203
0.27574510375800276
0.2756994326824235
0.2756536318865994
0.27560765570541584
0.2755615663088055
0.2755153819418763
0.275469017552727
0.2754225004575461
0.27537585581760715
0.2753290284689833
0.27528200211414544
0.27523485985056967
0.27518763710989985
0.2751402282191506
0.2750926553563646
0.2750449773480539
0.2749971739675739
0.2749491800363489
0.274901054973641
0.27485284717507125
0.2748044589580178
0.27475589856680466
0.2747072392008983
0.27465852399225954
0.274609620794761
0.2745605754240429
0.2745114399589806
0.27446214187290946
0.27441264717991193
0.2743630494621983
0.274313338033396
0.27426334689387366
0.2742131914424437
0.27416294824871057
0.2741125561152085
0.27406194789115723
0.2740112225536411
0.27396037696114905
0.27390935462405613
0.27385815135278263
0.27380685919149267
0.2737554162812241
0.2737037937667769
0.2736520493402641
0.27360021069294
0.27354824281696416
0.27349607544292753
0.2734438151743037
0.2733913870626549
0.2733387943827675
0.2732860440899582
0.27323317282246395
0.2731800748393944
0.27312673887107836
0.2730733087701358
0.2730197031171609
0.27296593925318946
0.27291198734735056
0.27285791294625916
0.2728036951488343
0.2727492797425897
0.27269477135745
0.27264008688256813
0.2725852771307692
0.27253027710365085
0.27247519121259267
0.2724199490008418
0.27236455004801774
0.2723089981320665
0.27225325909021814
0.2721974116892949
0.27214133087277864
0.2720850219490813
0.27202854290934236
0.27197192199131126
0.27191511431758464
0.27185811064846843
0.2718010008241613
0.27174370958899036
0.2716862642953558
0.2716286697673577
0.27157093005182453
0.271513012179289
0.27145492275705213
0.27139674614974774
0.27133841254225727
0.27127988894745986
0.2712211914157603
0.2711623744679592
0.27110337499039927
0.27104407446126805
0.2709846055791361
0.27092498112689106
0.270865146330429
0.27080514149807344
0.27074503338406347
0.2706847405657115
0.270624216731454
0.27056354448251435
0.27050276841537574
0.2704418031884059
0.27038066461368165
0.27031942742369847
0.27025803594618997
0.2701963947794722
0.2701345983756905
0.27007267918333777
0.2700105595852808
0.26994808983883517
0.26988547808424185
0.26982274415755036
0.26975978153568425
0.2696966362009965
0.2696333583669083
0.2695698909215217
0.269506209368441
0.26944240153483395
0.2693784609435454
0.2693143376515775
0.2692500083141857
0.269185558120756
0.2691209599335423
0.26905608825502486
0.2689910706270989
0.2689258869314706
0.26886039532947376
0.2687946856855983
0.26872884844749023
0.2686628709693108
0.26859658005044273
0.2685301573675901
0.26846362624236325
0.26839690047476855
0.26832992242749626
0.26826285351981577
0.2681956604946314
0.2681281967323559
0.2680605559726925
0.267992787411189
0.2679248597347563
0.2678565960547471
0.2677881060057225
0.2677194709528337
0.2676505736164379
0.26758147205372185
0.26751225720600863
0.26744288188581034
0.26737323316395945
0.26730342200785956
0.26723349492814935
0.267163400928089
0.2670930694613725
0.26702262031905705
0.2669520123877671
0.26688110135495985
0.2668099755409998
0.2667385865623564
0.2666669863172298
0.26659513723769307
0.26652315967054385
0.2664510356392002
0.26637864350701385
0.2663060683838791
0.2662333441116326
0.266160493168104
0.26608741562370275
0.2660141678330032
0.2659407534209267
0.2658670936329168
0.26579319050809364
0.2657189761109038
0.26564454813790417
0.26556990118206864
0.2654950814745815
0.265420117328185
0.26534492619270217
0.26526949668788713
0.26519393359718463
0.2651182690815022
0.2650423419900979
0.26496622466533976
0.26488991360443126
0.2648133401315198
0.26473650401874566
0.2646593756533633
0.2645821009193927
0.26450456454681137
0.264426833582556
0.2643489543735874
0.2642708887880718
0.26419256433168
0.26411410102768945
0.264035499060338
0.26395664480547637
0.2638775052032186
0.26379819418669814
0.2637186661956279
0.2636387878213354
0.2635586953942914
0.2634784420873734
0.2633979845806217
0.26331728956096284
0.263236428506776
0.2631553758230245
0.26307410367231165
0.2629926252875967
0.26291093565303214
0.2628290214823182
0.26274681912507386
0.2626644770561279
0.26258181355253307
0.2624989030817414
0.26241578092503265
0.2623325197168149
0.2622490325615163
0.262165239491859
0.2620812708684369
0.2619971708812476
0.2619128069529519
0.2618281464217085
0.2617433395236666
0.26165837691601523
0.26157304544427584
0.2614874411036212
0.2614017042093408
0.2613157105375593
0.26122942756126816
0.2611429498056698
0.2610562971010397
0.2609694188648482
0.2608822583542952
0.26079496539878205
0.2607075018549165
0.26061978613890513
0.26053164653649963
0.26044334001643044
0.26035482646294905
0.26026602052758363
0.26017696938407014
0.26008772063021174
0.2599982787197126
0.25990857519194027
0.259818759904124
0.2597287668585081
0.2596384554287649
0.2595477888751971
0.2594569042213105
0.25936580846507223
0.2592743859321075
0.25918269981902414
0.25909082433707514
0.258998770076769
0.2589065141184392
0.2588141019162666
0.2587214435961011
0.2586285195805992
0.2585352517578766
0.25844172943029736
0.2583479617359812
0.2582538681471293
0.25815950740570637
0.25806497060857025
0.25797037669252876
0.25787546942859607
0.2577803753681427
0.25768504078833265
0.25758945617699114
0.25749345875012686
0.25739719165452496
0.25730069765262353
0.257203924028173
0.25710690713315054
0.25700978337045777
0.25691250651486225
0.25681492105590026
0.2567171017999702
0.25661903055701485
0.25652064570717126
0.2564218703714188
0.25632287715670066
0.25622360449109544
0.2561241717772425
0.2560245183438229
0.25592468426244885
0.2558246303498179
0.255724325985209
0.25562371620287644
0.255522758645153
0.2554215228313645
0.2553199793519063
0.2552182329238437
0.25511619422441756
0.255014105979195
0.25491172269538304
0.25480909948599634
0.2547061304631303
0.2546030072083024
0.254499480337773
0.2543955900121382
0.25429148692690656
0.25418723748349376
0.25408273857342556
0.25397795785902455
0.2538729706238658
0.2537677308931997
0.2536622418750803
0.2535563935716563
0.2534502340586912
0.2533438538936198
0.25323717757038106
0.25313019074012527
0.2530231858796105
0.25291581769422333
0.2528081417903877
0.25270021473831517
0.2525922128491396
0.2524837189465745
0.2523748188923104
0.2522657253810136
0.2521565279176423
0.25204697458554665
0.25193712116732475
0.2518270962234531
0.25171698477409016
0.2516064604485156
0.2514954156400677
0.251384212641594
0.2512728391818753
0.2511609632662456
0.2510489772828928
0.2509369001420589
0.2508245907053988
0.2507117985554749
0.25059875097948064
0.25048542342306124
0.25037179458103126
0.2502576935157373
0.25014350473517666
0.2500292608350888
0.24991469235683805
0.249799712075357
0.2496845524000267
0.2495690998804157
0.2494531952399102
0.24933690782314796
0.2492205067339797
0.24910410774578118
0.24898718154265148
0.24887000346365828
0.2487526819223888
0.24863508447635776
0.24851687158583588
0.2483983819963774
0.24827977647902227
0.2481610332229506
0.2480419050534484
0.24792252371496756
0.24780302953212996
0.24768309107997682
0.24756262480579075
0.24744192000974716
0.24732109384241976
0.24719999794890624
0.24707862196988487
0.24695705206747814
0.24683532210295395
0.24671298083330687
0.24659022983547896
0.2464672758952534
0.24634422549963575
0.24622085334264424
0.24609723419131901
0.24597336335687334
0.24584928482308196
0.24572458487754917
0.24559957963403173
0.24547437998099067
0.24534915560264667
0.24522347081298151
0.24509754661094701
0.24497138456193102
0.24484491919658383
0.24471785057218112
0.24459060506580554
0.24446330385221107
0.24433562044133766
0.24420759585652327
0.24407936846087902
0.24395092522344775
0.24382189739472923
0.24369263705922162
0.24356316839984918
0.24343347295373868
0.24330338328782447
0.24317304215563537
0.24304249147415885
0.24291164113999988
0.242780335991127
0.24264864148976065
0.24251682621866175
0.24238475812767257
0.24225231854922621
0.24211969845288484
0.2419868688733277
0.2418534835244839
0.24171965275040877
0.24158572906845946
0.2414516371168092
0.24131724220689224
0.24118251099662585
0.2410475411447384
0.24091206938784718
0.24077619973061565
0.2406401607560348
0.24050400345993728
0.2403675837570647
0.2402307961499093
0.24009357398901102
0.2399559734819613
0.23981814651405836
0.23968003693437956
0.2395416671168924
0.23940316908341655
0.2392643953289967
0.2391249049921969
0.23898508423952747
0.23884523929154197
0.23870515807946327
0.23856465132430316
0.23842393018294875
0.2382829424725125
0.23814139300179785
0.23799948001706603
0.23785745761458701
0.23771526400411994
0.23757280777580542
0.23742986385037185
0.237286496387063
0.23714286554144048
0.2369990362165121
0.2368548699976749
0.23671043640005626
0.23656584919938903
0.23642083858429525
0.23627521024361894
0.2361293759206837
0.23598347415226073
0.2358373184233003
0.23569073536727386
0.23554386753725964
0.2353964786092894
0.23524884132539364
0.23510096349541665
0.23495291060229892
0.23480461372504177
0.23465597823844603
0.23450653676171726
0.23435702486954416
0.23420750617636557
0.2340576352130354
0.23390736037931564
0.23375669868260818
0.23360558752180074
0.2334543635388695
0.2333028727865768
0.23315105299816294
0.23299891725236377
0.23284646977368192
0.23269350843791994
0.2325403670492145
0.23238707177396528
0.23223338345703384
0.23207924340594366
0.23192496221515158
0.23177023203204208
0.23161534245045223
0.23145998772275722
0.23130424180379147
0.2311485105821555
0.230992415810629
0.23083570930241581
0.23067874129539065
0.23052151248495215
0.2303642004602119
0.2302065373152636
0.23004827808771836
0.2298897356617032
0.229730975016584
0.22957202249044495
0.2294127195705193
0.22925312942285872
0.22909291767283727
0.22893258997650623
0.2287719618789309
0.22861111450683555
0.22845001576619153
0.2282883423342269
0.2281262790644422
0.22796409116785132
0.22780163091889769
0.22763898328910226
0.22747581562089647
0.2273121118228519
0.22714830499261782
0.22698438826179862
0.2268200819256942
0.226655408153155
0.22648999406189124
0.2263248086156187
0.22615919006664464
0.2259932996211135
0.225826870377889
0.22566009186581001
0.22549322533920416
0.22532613306662677
0.22515841760231897
0.22499045797400205
0.22482229723881525
0.22465386862257158
0.22448489885949172
0.22431563335431295
0.22414628432950348
0.2239765416998526
0.22380635025301948
0.22363577838650434
0.22346512320549522
0.22329414526519104
0.22312278897566865
0.22295089010978072
0.22277888886452896
0.2226065823493262
0.22243408449292087
0.22226100350696767
0.22208760649261383
0.22191415426962832
0.22174022135449908
0.2215660207094964
0.22139132284310845
0.2212165651989243
0.22104133500921924
0.2208658154329697
0.2206900068984524
0.22051392118032317
0.22033749046570408
0.2201605784730796
0.21998347315597772
0.21980616376681086
0.21962854139640997
0.21945033173305564
0.21927189291234495
0.21909320788986197
0.2189144047482869
0.2187350550426907
0.21855527855552012
0.21837523675729367
0.21819519136784102
0.2180147536291926
0.21783362263222175
0.21765221980295282
0.2174708313398717
0.2172892861914083
0.21710691667444032
0.21692415708543372
0.21674143823335335
0.21655867343883287
0.21637517175143575
0.21619106014754347
0.21600701862319874
0.2158228921636792
0.21563823698255724
0.2154529108971346
0.21526753537000387
0.21508202242895338
0.21489617655061896
0.21470974873005697
0.2145229991773098
0.21433612916642758
0.214149049184039
0.21396141899233248
0.21377340204698403
0.21358523058627732
0.21339687973439508
0.2132079852378529
0.21301877887037782
0.21282920902398064
0.212639557662874
0.21244951163668063
0.21225908967449145
0.21206820895970513
0.211877286168555
0.211686010877219
0.21149433383777932
0.21130223271121448
0.21110996138481877
0.21091742926131285
0.21072447633846897
0.21053116459870994
0.21033758324908244
0.21014376995471815
0.20994954502005117
0.20975509462406633
0.20956021503550887
0.2093650661388156
0.20916958250241877
0.20897397832807887
0.20877777458376526
0.20858132179778366
0.20838471443564865
0.208187881199598
0.20799033586634344
0.2077925942618101
0.20759482510276128
0.207396723466471
0.20719791076663963
0.20699884452005177
0.20679987171065334
0.20660055310454378
0.20640046143475796
0.20620020011642207
0.20599994857427148
0.20579946837573188
0.20559800901210382
0.20539654903301527
0.20519500111303973
0.20499311481087554
0.20479056861027053
0.20458793605917822
0.20438500964843367
0.20418177795634185
0.20397820937465422
0.20377439566535385
0.20357000446171516
0.20336547677478012
0.20316094763442982
0.20295567151316996
0.20275007343018217
0.2025444840617535
0.20233855159507652
0.2021319532202188
0.20192549982990846
0.20171848628434372
0.2015109830732048
0.20130346271913244
0.20109591617018188
0.20088735169118732
0.20067856110822518
0.2004701275643986
0.2002611386271155
0.20005130917408318
0.1998414872830179
0.19963176995867524
0.19942133251986324
0.1992105107630166
0.1989994969394284
0.19878831797872262
0.19857663211279208
0.1983648505691204
0.19815259493656234
0.19793993276183172
0.19772717591309208
0.19751398471418935
0.1973008297248362
0.1970869319187562
0.19687262738641104
0.19665851421486924
0.19644412096430564
0.19622889636385332
0.19601347511021308
0.19579821720858465
0.19558225069739066
0.19536605905007579
0.19514961655644297
0.19493280897410145
0.1947157109029768
0.19449823642996555
0.1942808358160183
0.19406265452242671
0.193844087159358
0.19362576700403203
0.19340706507625957
0.19318752146060242
0.19296795197463026
0.19274855422121487
0.19252812500898586
0.19230776626609417
0.19208719373650399
0.19186599971191495
0.19164464119705596
0.19142311461968814
0.19120147712178123
0.19097895492458286
0.1907563429400693
0.19053389044664526
0.19031054449589216
0.19008705401153217
0.18986357387246325
0.18963949100773037
0.18941487849116995
0.18919051114216318
0.18896567415604526
0.18874023211115626
0.18851476448440532
0.18828902724033558
0.18806295322174296
0.18783642915422974
0.18760988065670117
0.18738286654351094
0.1871552298203694
0.186928124219729
0.18670020036452442
0.18647184204506095
0.18624336049901907
0.18601456756326115
0.18578554714966286
0.18555624967671966
0.18532669668259555
0.1850963391777985
0.1848661948453966
0.184635954272106
0.18440489479640007
0.18417378197420498
0.18394220866278782
0.18371044843326967
0.18347859306729702
0.18324642962944535
0.18301371906841238
0.18278030430524403
0.18254757687446507
0.18231422933844305
0.18208015019891102
0.18184642385444238
0.18161152009524548
0.18137673968923937
0.18114262279960835
0.18090690438129992
0.18067114999583928
0.1804354810634005
0.1801990155245915
0.17996296249001692
0.17972643023797877
0.17948888231327287
0.17925165789767677
0.17901420617408395
0.17877629009866822
0.17853827891629334
0.17829959606003207
0.1780606197071304
0.17782165742921152
0.17758247337841693
0.17734292633426074
0.1771026235011375
0.17686246764767816
0.17662191756214407
0.1763811438213573
0.17614045193021594
0.1758984715721513
0.17565672129391105
0.17541510137018704
0.17517267368490985
0.17493027278130424
0.17468738863999866
0.17444376663670108
0.17420064813605798
0.1739570366832065
0.17371289254221473
0.17346869875633628
0.17322378428597576
0.17297894558203655
0.17273417385824733
0.17248838206122824
0.17224250117613624
0.1719965778053562
0.17174995776612564
0.17150373908118477
0.1712567851009263
0.17100919430402026
0.17076174384520704
0.1705138017435341
0.170266070495814
0.17001754823981685
0.1697686744538722
0.16951958566517197
0.16927054505772807
0.16902102011071365
0.1687710204299326
0.16852105460514222
0.16827013361319815
0.1680197610116828
0.1677686116886486
0.16751739450042416
0.16726583368849554
0.16701359630343424
0.16676159643816404
0.1665091364665194
0.16625634587326676
0.16600310850228367
0.16574968323998912
0.1654960600064639
0.16524223637111024
0.16498798709581816
0.16473315788353898
0.16447847704495716
0.1642231189103645
0.16396791879994208
0.1637121430852197
0.16345595721964995
0.16319982506433509
0.16294285195814992
0.16268631902814462
0.1624289867372794
0.16217137799573783
0.16191355453962997
0.16165536251817778
0.16139711572604148
0.16113838181839946
0.16087931593328947
0.16061996757063904
0.16036041268512685
0.1601005955151561
0.1598405536528573
0.1595799037604215
0.1593189182460917
0.15905788122343084
0.1587962959172233
0.15853523050486482
0.1582727430175781
0.15801083448318828
0.15774767928784134
0.1574851935403416
0.15722189229363057
0.15695853389773187
0.15669457126784547
0.15643023519557264
0.1561659593754352
0.15590137159514034
0.15563648508235353
0.15537095178993512
0.15510526474954286
0.15483918015061326
0.15457315044967007
0.15430671499904863
0.1540398312345192
0.1537726668580364
0.15350480560225896
0.15323733112670823
0.15296912169270327
0.1527010849663035
0.15243215517017752
0.15216297947109006
0.15189369312216577
0.15162402404250527
0.15135445535774517
0.15108379794093926
0.15081364906591072
0.15054203592899007
0.15027131877808872
0.14999952323594645
0.14972802612068237
0.14945565120140705
0.1491831541777497
0.148910154398468
0.1486372306165913
0.1483636035984976
0.1480901562759377
0.1478158350458039
0.14754146942763455
0.1472667206328203
0.14699177675122738
0.14671650394965768
0.14644081960100072
0.1461649187603548
0.1458881824380559
0.14561195268740015
0.1453344970820213
0.14505769433091525
0.1447798388344309
0.14450190623094453
0.14422354002561003
0.14394468079208975
0.1436658663093211
0.14338641440459182
0.1431072281928583
0.14282677486492412
0.1425469471688117
0.1422657023326499
0.1419850462099576
0.14170356248389565
0.1414222502323838
0.14113994988696382
0.14085774696324563
0.14057466662892715
0.1402918693059949
0.14000860000640128
0.13972503258048907
0.13944095130396308
0.13915634777831706
0.13887132495123672
0.1385863094870893
0.13830090920534494
0.1380152609914841
0.13772890296360932
0.13744221980407242
0.1371551208481562
0.13686800100341198
0.13658043289739927
0.13629282530114958
0.13600403146263443
0.1357155250608048
0.13542588741100536
0.13513692407505823
0.134846895156264
0.13455721888388233
0.13426617472513458
0.13397521481531063
0.13368375764301982
0.13339213517603074
0.13310034026792514
0.13280789269849208
0.1325150707832158
0.13222149227696875
0.13192803826864774
0.13163391898704505
0.1313400249030736
0.1310450014788083
0.13075016727355337
0.13045387573327305
0.13015849062080478
0.12986147373924237
0.1295658037563291
0.12926789448925377
0.1289711771698969
0.12867224539021674
0.12837447217107464
0.12807506015946232
0.1277766277588632
0.12747668086983674
0.12717685335219667
0.1268763203810744
0.12657507125293013
0.1262743205263283
0.12597238077071568
0.1256706099622803
0.12536783108263072
0.12506481221363172
0.12476155154266692
0.12445751839742024
0.12415378030737656
0.12384870443905632
0.123543718231681
0.12323787870280047
0.12293189718209413
0.12262547134913122
0.12231875714732982
0.122011345539903
0.12170350377463747
0.121394764680279
0.12108634905681734
0.1207768640743508
0.12046764510742192
0.12015716085173914
0.11984674212779704
0.11953512375309516
0.11922393283911993
0.11891159448294533
0.11859939243223529
0.11828638248212943
0.11797270317591567
0.11765850936978517
0.1173438697194765
0.11702895292915164
0.11671346762640261
0.1163976462582506
0.11608100369599021
0.11576362519774451
0.11544612711105107
0.11512780248684291
0.11480939452412132
0.11449025426031086
0.11417053144504327
0.1138504631673319
0.11352947882561455
0.11320819885182985
0.11288618342183683
0.11256428095991874
0.11224097139921795
0.11191798350973317
0.11159320399503168
0.11126864471771737
0.11094360893043127
0.1106173961111849
0.11029186579353814
0.10996449865830239
0.10963690956032435
0.10930897151197326
0.10897957641871987
0.10865069654683243
0.10832087559815758
0.10799003073046169
0.10765944294905629
0.1073269867129122
0.10699486303838283
0.10666161064793535
0.10632770388317934
0.1059941055243621
0.10565853270650949
0.10532330449603336
0.10498705271785372
0.10464972189454488
0.10431226960620348
0.10397400893326633
0.1036350631485317
0.10329551010772703
0.10295477544214583
0.10261420827585209
0.1022721431664988
0.10192979044775613
0.1015868608426274
0.101242156841976
0.10089820142994216
0.10055262169179469
0.10020660086897323
0.09985991659299792
0.09951187566127578
0.09916378006362127
0.09881433865349971
0.09846430170042562
0.09811356872375186
0.09776231886782295
0.09741010626580635
0.09705652472990706
0.09670295332212317
0.09634787307978858
0.09599186033176951
0.09563588809332471
0.09527848884209064
0.09492027086359321
0.09456153305115762
0.09420125488820032
0.09384034703754623
0.09347872899897373
0.09311559574104324
0.09275246277404582
0.09238821146796539
0.09202264625081219
0.09165626561434413
0.09128858060277525
0.09092031407588362
0.09055032588560417
0.09018071645548856
0.08980963502955493
0.08943651892736466
0.08906444233429553
0.08868955663013789
0.08831311437177296
0.08793767502032583
0.08755933518289932
0.08718055784621041
0.08680157097819928
0.08642033354749118
0.08603843574569078
0.08565518293624703
0.08527013020694284
0.08488473150738307
0.08449827225515934
0.08411001392792418
0.08372110666059746
0.08333141293969829
0.08293882422619663
0.0825458385883598
0.08215205819913318
0.08175530159281302
0.08135883756986856
0.08096126892000767
0.08056084901919337
0.08016045004677129
0.07975821952981783
0.07935360995514407
0.07894833822977304
0.0785415918767299
0.07813321866849154
0.07772346802171866
0.07731257397719761
0.07689995918700633
0.0764849363697248
0.07606902552603956
0.07565134376317775
0.07523142466146047
0.0748104773786374
0.07438824900112095
0.07396379525417354
0.0735377057176809
0.07310941391663106
0.07267964340174098
0.0722480304356785
0.07181375857277049
0.0713783400911357
0.07094158066851611
0.07050185856958154
0.07006011565615886
0.06961729079154136
0.06917121697620002
0.06872289113157785
0.06827316934596059
0.06782091388757942
0.0673663217023844
0.0669095417880496
0.06645091465378011
0.06598907525593097
0.06552490921790652
0.06505835311738022
0.06458910225184669
0.06411719157492449
0.06364299528725707
0.06316613240314277
0.062686278409035
0.06220361525917732
0.06171794118158196
0.06122917769079083
0.060737761780445675
0.060242598339668614
0.05974452622145945
0.05924357074736122
0.05873903972341493
0.058231041293924465
0.05771977975551005
0.05720418636607102
0.0566849873347734
0.05616261374227156
0.05563595672561047
0.055104683975329624
0.0545700909190928
0.05403145041815129
0.05348799439828223
0.0529394134257738
0.052386661998413006
0.05182914870541914
0.051266555288609864
0.05069852260060696
0.0501254582313212
0.0495470892089678
0.04896292957354436
0.04837262636558245
0.04777637681987602
0.047173572125554904
0.04656409807606233
0.045947923800484965
0.04532481227713908
0.044693997871820795
0.04405548809741116
0.043409116927294135
0.042754105195673645
0.042090191421139414
0.04141693426465555
0.040733757687092455
0.04004053528869272
0.03933654807559325
0.038621280203437976
0.03789399335105693
0.03715415433526035
0.036401093779668756
0.03563369859974234
0.034851370650782726
0.034052839081744266
0.033236921233517173
0.032402459825427075
0.03154796787429979
0.03067173566250447
0.029771758629567206
0.02884568202021764
0.027890705991305397
0.026903791649132938
0.025881764749292227
0.024820532389619433
0.023714723517699626
0.02255815911881944
0.021342346601558922
0.02005634243174549
0.01868534845359851
0.01720888693503698
0.015596173469085345
0.013799489614721562
0.011735284742628636
0.009227785501196302
0.005720255201648161
0.0
0.0
0.0
0.0
0.0
0.0
0.0
0.0
0.0
0.0
0.0
0.0
0.0
0.0
0.0
0.0
0.0
0.0
0.0
0.0
0.0
0.0
0.0
0.0
0.0
0.0
0.0
0.0
0.0
0.0
0.0
0.0
0.0
0.0
0.0
0.0
0.0
0.0
0.0
0.0
0.0
0.0
0.0
0.0
0.0
0.0
0.0
0.0
0.0
0.0
0.0
0.0
0.0
0.0
0.0
0.0
0.0
0.0
0.0
0.0
0.0
0.0
0.0
0.0
0.0
0.0
0.0
0.0
0.0
0.0
0.0
0.0
0.0
0.0
0.0
0.0
0.0
0.0
0.0
0.0
0.0
0.0
0.0
0.0
0.0
0.0
0.0
0.0
0.0
0.0
0.0
0.0
0.0
0.0
0.0
0.0
0.0
0.0
0.0
0.0
0.0
0.0
0.0
0.0
0.0
0.0
0.0
0.0
0.0
0.0
0.0
0.0
0.0
0.0
0.0
0.0
0.0
0.0
0.0
0.0
0.0
0.0
0.0
0.0
0.0
0.0
0.0
0.0
0.0
0.0
0.0
0.0
0.0
0.0
0.0
0.0
0.0
0.0
0.0
0.0
0.0
0.0
0.0
0.0
0.0
0.0
0.0
0.0
0.0
0.0
0.0
0.0
0.0
0.0
0.0
0.0
0.0
0.0
0.0
0.0
0.0
0.0
0.0
0.0
0.0
0.0
0.0
0.0
0.0
0.0
0.0
0.0
0.0
0.0
0.0
0.0
0.0
0.0
0.0
0.0
0.0
0.0
0.0
0.0
0.0
0.0
0.0
0.0
0.0
0.0
0.0
0.0
0.0
0.0
0.0
0.0
0.0
0.0
0.0
0.0
0.0
0.0
0.0
0.0
0.0
0.0
0.0
0.0
0.0
0.0
0.0
0.0
0.0
0.0
0.0
0.0
0.0
0.0
0.0
0.0
0.0
0.0
0.0
0.0
0.0
0.0
0.0
0.0
0.0
0.0
0.0
0.0
0.0
0.0
0.0
0.0
0.0
0.0
0.0
0.0
0.0
0.0
0.0
0.0
0.0
0.0
0.0
0.0
0.0
0.0
0.0
0.0
0.0
0.0
0.0
0.0
0.0
0.0
0.0
0.0
0.0
0.0
0.0
0.0
0.0
0.0
0.0
0.0
0.0
0.0
0.0
0.0
0.0
0.0
0.0
0.0
0.0
0.0
0.0
0.0
0.0
0.0
0.0
0.0
0.0
0.0
0.0
0.0
0.0
0.0
0.0
0.0
0.0
0.0
0.0
0.0
0.0
0.0
0.0
0.0
0.0
0.0
0.0
0.0
0.0
0.0
0.0
0.0
0.0
0.0
0.0
0.0
0.0
0.0
0.0
0.0
0.0
0.0
0.0
0.0
0.0
0.0
0.0
0.0
0.0
0.0
0.0
0.0
0.0
0.0
0.0
0.0
0.0
0.0
0.0
0.0
0.0
0.0
0.0
0.0
0.0
0.0
0.0
0.0
0.0
0.0
0.0
0.0
0.0
0.0
0.0
0.0
0.0
0.0
0.0
0.0
0.0
0.0
0.0
0.0
0.0
0.0
0.0
0.0
0.0
0.0
0.0
0.0
0.0
0.0
0.0
0.0
0.0
0.0
0.0
0.0
0.0
0.0
0.0
0.0
0.0
0.0
0.0
0.0
0.0
0.0
0.0
0.0
0.0
0.0
0.0
0.0
0.0
0.0
0.0
0.0
0.0
0.0
0.0
0.0
0.0
0.0
0.0
0.0
0.0
0.0
0.0
0.0
0.0
0.0
0.0
0.0
0.0
0.0
0.0
0.0
0.0
0.0
0.0
0.0
0.0
0.0
0.0
0.0
0.0
0.0
0.0
0.0
0.0
0.0
0.0
0.0
0.0
0.0
0.0
0.0
0.0
0.0
0.0
0.0
0.0
0.0
0.0
0.0
0.0
0.0
0.0
0.0
0.0
0.0
0.0
0.0
0.0
0.0
0.0
0.0
0.0
0.0
0.0
0.0
0.0
0.0
0.0
0.0
0.0
0.0
0.0
0.0
0.0
0.0
0.0
0.0
0.0
0.0
0.0
0.0
0.0
0.0
0.0
0.0
0.0
0.0
0.0
0.0
0.0
0.0
0.0
0.0
0.0
0.0
0.0
0.0
0.0
0.0
0.0
0.0
0.0
0.0
0.0
0.0
0.0
0.0
0.0
0.0
0.0
0.0
0.0
0.0
0.0
0.0
0.0
0.0
0.0
0.0
0.0
0.0
0.0
0.0
0.0
0.0
0.0
0.0
0.0
0.0
0.0
0.0
0.0
0.0
0.0
0.0
0.0
0.0
0.0
0.0
0.0
0.0
0.0
0.0
0.0
0.0
0.0
0.0
0.0
0.0
0.0
0.0
0.0
0.0
0.0
0.0
0.0
0.0
0.0
0.0
0.0
0.0
0.0
0.0
0.0
0.0
0.0
0.0
0.0
0.0
0.0
0.0
0.0
0.0
0.0
0.0
0.0
0.0
0.0
0.0
0.0
0.0
0.0
0.0
0.0
0.0
0.0
0.0
0.0
0.0
0.0
0.0
0.0
0.0
0.0
0.0
0.0
0.0
0.0
0.0
0.0
0.0
0.0
0.0
0.0
0.0
0.0
0.0
0.0
0.0
0.0
0.0
0.0
0.0
0.0
0.0
0.0
0.0
0.0
0.0
0.0
0.0
0.0
0.0
0.0
0.0
0.0
0.0
0.0
0.0
0.0
0.0
0.0
0.0
0.0
0.0
0.0
0.0
0.0
0.0
0.0
0.0
0.0
0.0
0.0
0.0
0.0
0.0
0.0
0.0
0.0
0.0
0.0
0.0
0.0
0.0
0.0
0.0
0.0
0.0
0.0
0.0
0.0
0.0
0.0
0.0
0.0
0.0
0.0
0.0
0.0
0.0
0.0
0.0
0.0
0.0
0.0
0.0
0.0
0.0
0.0
0.0
0.0
0.0
0.0
0.0
0.0
0.0
0.0
0.0
0.0
0.0
0.0
0.0
0.0
0.0
0.0
0.0
0.0
0.0
0.0
0.0
0.0
0.0
0.0
0.0
0.0
0.0
0.0
0.0
0.0
0.0
0.0
0.0
0.0
0.0
0.0
0.0
0.0
0.0
0.0
0.0
0.0
0.0
0.0
0.0
0.0
0.0
0.0
0.0
0.0
0.0
0.0
0.0
0.0
0.0
0.0
0.0
0.0
0.0
0.0
0.0
0.0
0.0
0.0
0.0
0.0
0.0
0.0
0.0
0.0
0.0
0.0
0.0
0.0
0.0
0.0
0.0
0.0
0.0
0.0
0.0
0.0
0.0
0.0
0.0
0.0
0.0
0.0
0.0
0.0
0.0
0.0
0.0
0.0
0.0
0.0
0.0
0.0
0.0
0.0
0.0
0.0
0.0
0.0
0.0
0.0
0.0
0.0
0.0
0.0
0.0
0.0
0.0
0.0
0.0
0.0
0.0
0.0
0.0
0.0
0.0
0.0
0.0
0.0
0.0
0.0
0.0
0.0
0.0
0.0
0.0
0.0
0.0
0.0
0.0
0.0
0.0
0.0
0.0
0.0
0.0
0.0
0.0
0.0
0.0
0.0
0.0
0.0
0.0
0.0
0.0
0.0
0.0
0.0
0.0
0.0
0.0
0.0
0.0
0.0
0.0
0.0
0.0
0.0
0.0
0.0
0.0
0.0
0.0
0.0
0.0
0.0
0.0
0.0
0.0
0.0
0.0
0.0
0.0
0.0
0.0
0.0
0.0
0.0
0.0
0.0
0.0
0.0
0.0
0.0
0.0
0.0
0.0
0.0
0.0
0.0
0.0
0.0
0.0
0.0
0.0
0.0
0.0
0.0
0.0
0.0
0.0
0.0
0.0
0.0
0.0
0.0
0.0
0.0
0.0
0.0
0.0
0.0
0.0
0.0
0.0
0.0
0.0
0.0
0.0
0.0
0.0
0.0
0.0
0.0
0.0
0.0
0.0
0.0
0.0
0.0
0.0
0.0
0.0
0.0
0.0
0.0
0.0
0.0
0.0
0.0
0.0
0.0
0.0
0.0
0.0
0.0
0.0
0.0
0.0
0.0
0.0
0.0
0.0
0.0
0.0
0.0
0.0
0.0
0.0
0.0
0.0
0.0
0.0
0.0
0.0
0.0
0.0
0.0
0.0
0.0
0.0
0.0
0.0
0.0
0.0
0.0
0.0
0.0
0.0
0.0
0.0
0.0
0.0
0.0
0.0
0.0
0.0
0.0
0.0
0.0
0.0
0.0
0.0
0.0
0.0
0.0
0.0
0.0
0.0
0.0
0.0
0.0
0.0
0.0
0.0
0.0
0.0
0.0
0.0
0.0
0.0
0.0
0.0
0.0
0.0
0.0
0.0
0.0
0.0
0.0
0.0
0.0
0.0
0.0
0.0
0.0
0.0
0.0
0.0
0.0
0.0
0.0
0.0
0.0
0.0
0.0
0.0
0.0
0.0
0.0
0.0
0.0
0.0
0.0
0.0
0.0
0.0
0.0
0.0
0.0
0.0
0.0
0.0
0.0
0.0
0.0
0.0
0.0
0.0
0.0
0.0
0.0
0.0
0.0
0.0
0.0
0.0
0.0
0.0
0.0
0.0
0.0
0.0
0.0
0.0
0.0
0.0
0.0
0.0
0.0
0.0
0.0
0.0
0.0
0.0
0.0
0.0
0.0
0.0
0.0
0.0
0.0
0.0
0.0
0.0
0.0
0.0
0.0
0.0
0.0
0.0
0.0
0.0
0.0
0.0
0.0
0.0
0.0
0.0
0.0
0.0
0.0
0.0
0.0
0.0
0.0
0.0
0.0
0.0
0.0
0.0
0.0
0.0
0.0
0.0
0.0
0.0
0.0
0.0
0.0
0.0
0.0
0.0
0.0
0.0
0.0
0.0
0.0
0.0
0.0
0.0
0.0
0.0
0.0
0.0
0.0
0.0
0.0
0.0
0.0
0.0
0.0
0.0
0.0
0.0
0.0
0.0
0.0
0.0
0.0
0.0
0.0
0.0
0.0
0.0
0.0
0.0
0.0
0.0
0.0
0.0
0.0
0.0
0.0
0.0
0.0
0.0
0.0
0.0
0.0
0.0
0.0
0.0
0.0
0.0
0.0
0.0
0.0
0.0
0.0
0.0
0.0
0.0
0.0
0.0
0.0
0.0
0.0
0.0
0.0
0.0
0.0
0.0
0.0
0.0
0.0
0.0
0.0
0.0
0.0
0.0
0.0
0.0
0.0
0.0
0.0
0.0
0.0
0.0
0.0
0.0
0.0
0.0
0.0
0.0
0.0
0.0
0.0
0.0
0.0
0.0
0.0
0.0
0.0
0.0
0.0
0.0
0.0
0.0
0.0
0.0
0.0
0.0
0.0
0.0
0.0
0.0
0.0
0.0
0.0
0.0
0.0
0.0
0.0
0.0
0.0
0.0
0.0
0.0
0.0
0.0
0.0
0.0
0.0
0.0
0.0
0.0
0.0
0.0
0.0
0.0
0.0
0.0
0.0
0.0
0.0
0.0
0.0
0.0
0.0
0.0
0.0
0.0
0.0
0.0
0.0
0.0
0.0
0.0
0.0
0.0
0.0
0.0
0.0
0.0
0.0
0.0
0.0
0.0
0.0
0.0
0.0
0.0
0.0
0.0
0.0
0.0
0.0
0.0
0.0
0.0
0.0
0.0
0.0
0.0
0.0
0.0
0.0
0.0
0.0
0.0
0.0
0.0
0.0
0.0
0.0
0.0
0.0
0.0
0.0
0.0
0.0
0.0
0.0
0.0
0.0
0.0
0.0
0.0
0.0
0.0
0.0
0.0
0.0
0.0
0.0
0.0
0.0
0.0
0.0
0.0
0.0
0.0
0.0
0.0
0.0
0.0
0.0
0.0
0.0
0.0
0.0
0.0
0.0
0.0
0.0
0.0
0.0
0.0
0.0
0.0
0.0
0.0
0.0
0.0
0.0
0.0
0.0
0.0
0.0
0.0
0.0
0.0
0.0
0.0
0.0
0.0
0.0
0.0
0.0
0.0
0.0
0.0
0.0
0.0
0.0
0.0
0.0
0.0
0.0
0.0
0.0
0.0
0.0
0.0
0.0
0.0
0.0
0.0
0.0
0.0
0.0
0.0
0.0
0.0
0.0
0.0
0.0
0.0
0.0
0.0
0.0
0.0
0.0
0.0
0.0
0.0
0.0
0.0
0.0
0.0
0.0
0.0
0.0
0.0
0.0
0.0
0.0
0.0
0.0
0.0
0.0
0.0
0.0
0.0
0.0
0.0
0.0
0.0
0.0
0.0
0.0
0.0
0.0
0.0
0.0
0.0
0.0
0.0
0.0
0.0
0.0
0.0
0.0
0.0
0.0
0.0
0.0
0.0
0.0
0.0
0.0
0.0
0.0
0.0
0.0
0.0
0.0
0.0
0.0
0.0
0.0
0.0
0.0
0.0
0.0
0.0
0.0
0.0
0.0
0.0
0.0
0.0
0.0
0.0
0.0
0.0
0.0
0.0
0.0
0.0
0.0
0.0
0.0
0.0
0.0
0.0
0.0
0.0
0.0
0.0
0.0
0.0
0.0
0.0
0.0
0.0
0.0
0.0
0.0
0.0
0.0
0.0
0.0
0.0
0.0
0.0
0.0
0.0
0.0
0.0
0.0
0.0
0.0
0.0
0.0
0.0
0.0
0.0
0.0
0.0
0.0
0.0
0.0
0.0
0.0
0.0
0.0
0.0
0.0
0.0
0.0
0.0
0.0
0.0
0.0
0.0
0.0
0.0
0.0
0.0
0.0
0.0
0.0
0.0
0.0
0.0
0.0
0.0
0.0
0.0
0.0
0.0
0.0
0.0
0.0
0.0
0.0
0.0
0.0
0.0
0.0
0.0
0.0
0.0
0.0
0.0
0.0
0.0
0.0
0.0
0.0
0.0
0.0
0.0
0.0
0.0
0.0
0.0
0.0
0.0
0.0
0.0
0.0
0.0
0.0
0.0
0.0
0.0
0.0
0.0
0.0
0.0
0.0
0.0
0.0
0.0
0.0
0.0
0.0
0.0
0.0
0.0
0.0
0.0
0.0
0.0
0.0
0.0
0.0
0.0
0.0
0.0
0.0
0.0
0.0
0.0
0.0
0.0
0.0
0.0
0.0
0.0
0.0
0.0
0.0
0.0
0.0
0.0
0.0
0.0
0.0
0.0
0.0
0.0
0.0
0.0
0.0
0.0
0.0
0.0
0.0
0.0
0.0
0.0
0.0
0.0
0.0
0.0
0.0
0.0
0.0
0.0
0.0
0.0
0.0
0.0
0.0
0.0
0.0
0.0
0.0
0.0
0.0
0.0
0.0
0.0
0.0
0.0
0.0
0.0
0.0
0.0
0.0
0.0
0.0
0.0
0.0
0.0
0.0
0.0
0.0
0.0
0.0
0.0
0.0
0.0
0.0
0.0
0.0
0.0
0.0
0.0
0.0
0.0
0.0
0.0
