0.40928850980079234
0.40928683856348985
0.40928514637210894
0.4092833984147393
0.40928161203791985
0.40927979701717015
0.4092779590299832
0.4092761016446201
0.4092742272654415
0.4092723376410831
0.409270434075973
0.40926851751172433
0.4092665886991527
0.4092646482670033
0.4092627031337905
0.40926074812531144
0.40925878724338993
0.4092568178800541
0.4092548414917106
0.4092528574710979
0.4092508645924872
0.4092488623678694
0.40924685079215917
0.40924482995296996
0.4092427999341265
0.40924076081332694
0.4092387126722917
0.4092366555737111
0.4092345895737622
0.4092325183286485
0.4092304383252618
0.4092283495938387
0.4092262522236205
0.4092241478830593
0.4092220360661289
0.40921991591992324
0.4092177871991679
0.40921565044866837
0.4092135062558647
0.4092113543929639
0.40920919430828767
0.4092070257474755
0.4092048487197547
0.40920266311207826
0.4092004699326286
0.40919826985221114
0.40919606128703184
0.4091938442490519
0.40919161874559007
0.40918938477379874
0.4091871423267769
0.4091848924527239
0.4091826349868874
0.4091803691935091
0.4091780949289594
0.40917581212517323
0.40917352082187664
0.40917122114027926
0.40916891324265686
0.40916659767469327
0.4091642741565173
0.4091619436088351
0.40915960471638113
0.40915725733132613
0.40915490133688676
0.40915253672009944
0.4091501635132145
0.4091477817108005
0.4091453912549041
0.4091429920920654
0.40914058485667937
0.4091381697716049
0.40913574610624154
0.40913331372819955
0.40913087262723946
0.40912842270904537
0.4091259639450911
0.40912349641045664
0.4091210207714894
0.40911853677804316
0.409116044360112
0.40911354376870523
0.40911103432094226
0.40910851608299603
0.4091059889079445
0.409103452803703
0.4091009077477133
0.40909835362117347
0.40909579049804873
0.40909321840052415
0.40909063748935415
0.4090880481881478
0.40908545006285457
0.4090828428333291
0.4090802262668443
0.40907760075999333
0.40907496595956827
0.40907232279730216
0.4090696708213692
0.4090670095075658
0.4090643388694693
0.4090616588338274
0.40905896951094206
0.4090562711874868
0.4090535640368145
0.40905084769493877
0.40904812196536877
0.40904538674250907
0.4090426419132444
0.4090398875147717
0.40903712354449256
0.40903435021774714
0.40903156783685685
0.40902877634432794
0.40902597520301787
0.40902316427224367
0.4090203436952579
0.40901751435189165
0.40901467528051344
0.40901182641988576
0.4090089677169484
0.409006099195311
0.4090032208589028
0.4090003326870818
0.4089974345226172
0.40899452628180377
0.4089916079979728
0.4089886797943198
0.4089857419012634
0.40898279433195467
0.408979836839846
0.4089768692667676
0.40897389137295653
0.4089709032535954
0.408967905080017
0.408964897360382
0.4089618796378328
0.4089588512428135
0.40895581348771504
0.408952765540212
0.40894970752041193
0.4089466386326501
0.40894355912045177
0.40894046920534277
0.4089373689361978
0.40893425810868284
0.40893113669631326
0.40892800466027607
0.4089248617750339
0.40892170819584356
0.4089185441467417
0.40891536929185324
0.40891218344352165
0.408908986914389
0.4089057796877008
0.40890256190901403
0.40889933385050237
0.40889609423075657
0.40889284365297957
0.4088895825711346
0.4088863111050227
0.40888302910758034
0.4088797361718931
0.40887643212742864
0.4088731163122651
0.40886978990534684
0.40886645196428895
0.408863102777627
0.408859742232248
0.4088563702590338
0.40885298696563943
0.408849592192498
0.4088461859986962
0.4088427683386458
0.4088393390941022
0.40883589836605383
0.40883244597110047
0.4088289819372717
0.40882550631062214
0.4088220184685235
0.4088185195518828
0.4088150080395517
0.40881148556201313
0.40880795079873666
0.4088044050828248
0.40880084749337925
0.40879727868502214
0.40879369849577407
0.4087901056535965
0.40878650124303034
0.4087828843702845
0.40877925562301165
0.40877561476015956
0.4087719613397089
0.4087682956831262
0.4087646177425597
0.4087609273828292
0.40875722478877863
0.4087535098011531
0.40874978224862263
0.40874604224323124
0.40874228951601227
0.4087385239727863
0.40873474615731603
0.40873095577700397
0.40872715218313727
0.4087233360726936
0.4087195077035308
0.40871566578457574
0.40871181066947476
0.4087079437076316
0.4087040628103837
0.40870016960106553
0.4086962644153246
0.40869234556056483
0.4086884139142991
0.4086844704021416
0.4086805132599395
0.40867654224907135
0.40867255848209494
0.4086685617126316
0.40866455133267904
0.4086605270261416
0.40865648953725864
0.4086524387684789
0.40864837452909436
0.4086442963651059
0.40864020443070903
0.408636099240286
0.40863198040485355
0.40862784752663206
0.40862370043347485
0.4086195399200953
0.4086153656014018
0.40861117729176977
0.4086069746637656
0.4086027582647898
0.40859852766040217
0.4085942831151864
0.4085900246677328
0.4085857514022106
0.4085814640675005
0.40857716268150157
0.4085728475727896
0.40856851853458337
0.4085641744164442
0.40855981448978734
0.408555441250508
0.4085510547363169
0.4085466541514613
0.40854223800250944
0.4085378063519607
0.40853336045497507
0.4085289004062879
0.40852442563060054
0.40851993563386413
0.40851543042482436
0.40851090987443667
0.40850637441069354
0.40850182432169796
0.4084972590262819
0.40849267838563585
0.40848808235274414
0.4084834712463633
0.40847884481996855
0.40847420233380394
0.40846954472100994
0.4084648717811502
0.40846018328497985
0.4084554790783121
0.4084507595139215
0.4084460242606869
0.40844127294025867
0.408436504561966
0.40843172144496154
0.4084269227704494
0.4084221076324374
0.40841727676180417
0.4084124297049286
0.4084075665058195
0.40840268748525344
0.4083977924721177
0.40839288133160007
0.4083879535725279
0.40838300912680225
0.40837804805261574
0.4083730709808497
0.4083680778953847
0.408363068496219
0.4083580426244556
0.40835300018080883
0.408347941086679
0.40834286527119334
0.40833777222587514
0.4083326616074473
0.40832753392698556
0.4083223892609882
0.4083172274170703
0.40831204884150524
0.408306853266949
0.40830164056415097
0.4082964106473164
0.40829116337553395
0.40828589844331686
0.4082806157795201
0.40827531567422565
0.4082699981620777
0.40826466283624874
0.4082593095403774
0.4082539386724091
0.4082485501566279
0.40824314399543593
0.40823772029221955
0.40823227864097716
0.408226818954313
0.4082213410468322
0.40821584466924193
0.40821032988620465
0.4082047970331444
0.408199245951186
0.40819367651840904
0.40818808878852714
0.4081824829240963
0.4081768618199346
0.40817122411593937
0.4081655678034567
0.40815989274636655
0.40815419888196636
0.408148486192709
0.40814275485518947
0.4081370051923066
0.40813123785373057
0.4081254520054237
0.40811964679625445
0.4081138224245288
0.4081079782951413
0.40810211369693355
0.4080962297423152
0.40809032644393534
0.4080844036630378
0.4080784613032026
0.4080724992860332
0.4080665175370873
0.40806051598659077
0.40805449456982656
0.4080484532193363
0.40804239186519414
0.40803631044467464
0.4080302088940532
0.4080240871457073
0.4080179451321931
0.4080117827933684
0.40800560006975556
0.4079993968951031
0.40799317329621876
0.4079869294895074
0.40798066512580133
0.40797438014504595
0.40796807421496073
0.40796174717016553
0.40795539916929413
0.4079490301784626
0.4079426400825624
0.407936228532359
0.4079297958198908
0.4079233419247417
0.4079168669326251
0.4079103705884967
0.4079038521897743
0.4078973120072867
0.40789075029010535
0.40788416710686065
0.4078775622610717
0.4078709355915079
0.4078642870347687
0.40785761652866936
0.40785092401142536
0.4078442094264288
0.40783747273282206
0.40783071404886895
0.40782393338431056
0.4078171306409628
0.4078103058578274
0.4078034587076504
0.4077965885537372
0.40778969501928064
0.4077827780653649
0.40777583802026984
0.4077688750699205
0.4077618891483621
0.4077548801945967
0.40774784814929754
0.4077407929584071
0.4077337145835619
0.4077266130110396
0.4077194884414032
0.4077123410400612
0.4077051684318293
0.40769797226819077
0.40769075255028764
0.40768350935772757
0.4076762425109625
0.4076689513461771
0.40766163580284404
0.40765429646369533
0.40764693302792704
0.407639545405374
0.40763212729558607
0.40762467842456784
0.4076172050175744
0.40760970709165245
0.4076021846203744
0.40759463762563314
0.4075870662756991
0.40757947040161535
0.4075718485393251
0.407564201850472
0.4075565306606284
0.4075488330543231
0.4075411101885967
0.4075333620737641
0.40752558768743746
0.40751778761639634
0.4075099622077051
0.40750211168372136
0.40749423611061464
0.4074863341661878
0.40747840477625924
0.4074704489676913
0.40746246728969787
0.40745445966752236
0.4074464262329647
0.40743836725146326
0.40743028169349566
0.40742217034940514
0.40741403147565886
0.40740586367793646
0.40739766872582117
0.40738944700265495
0.4073811985865521
0.40737292362914135
0.4073646223267938
0.4073562952202106
0.4073479415525823
0.40733955863716137
0.4073311461511489
0.4073227045473936
0.407314235039322
0.40730573816145266
0.40729721421309273
0.40728866313942114
0.40728008355792034
0.40727147583912776
0.4072628404399778
0.40725417512811274
0.40724548032331703
0.4072367574580228
0.40722800693058847
0.40721922775042024
0.4072104185450366
0.4072015814279744
0.4071927159244206
0.4071838210891631
0.40717489658551204
0.4071659429427696
0.40715695926685264
0.4071479447903158
0.4071389014927919
0.40712982988616814
0.4071207288317297
0.40711159736497043
0.4071024391262312
0.4070932461086323
0.4070840224858802
0.40707476948060417
0.4070654876226592
0.40705617644501263
0.4070468336695356
0.4070374612167855
0.40702805654074126
0.40701862051142135
0.4070091531112756
0.40699965592285314
0.4069901294464216
0.40698057126875126
0.406970979160883
0.4069613560678039
0.4069517022146737
0.4069420165304775
0.4069322998722828
0.40692255403441085
0.40691277214857147
0.40690295709790614
0.40689311102040876
0.4068832340959418
0.40687332576574003
0.40686338739326067
0.4068534125281541
0.4068434026476746
0.40683336069876025
0.4068232873192107
0.4068131832568469
0.4068030482977156
0.4067928778963966
0.4067826709468176
0.40677243021686105
0.4067621571128817
0.40675185252429996
0.40674151711424744
0.40673114663125876
0.4067207383689422
0.4067102950224009
0.40669981856995985
0.40668931081213516
0.40667876936366826
0.40666819157990536
0.4066575782774437
0.4066469277596712
0.4066362433486379
0.4066255262635853
0.4066147748143022
0.4066039882640057
0.4065931666599782
0.40658230690831954
0.4065714128286373
0.4065604843551518
0.4065495181834866
0.4065385187074236
0.4065274837636454
0.4065164107900719
0.4065053017525304
0.4064941560808273
0.40648297389347454
0.4064717578760418
0.4064605052757116
0.40644921482652707
0.406437887423518
0.4064265211365633
0.4064151199546577
0.40640368361737017
0.4063922110935081
0.4063807006890037
0.4063691546210101
0.406357575904518
0.4063459629882909
0.4063343157200121
0.4063226335765814
0.40631090592592295
0.4062991396555942
0.4062873369562405
0.4062754981420207
0.40626362318528925
0.4062517035387583
0.40623974534681306
0.4062277487102401
0.4062157152614093
0.40620364564098765
0.40619152955887156
0.40617937578974744
0.40616718213268166
0.4061549511205717
0.40614268460456904
0.4061303694626568
0.4061180164078189
0.4061056246806713
0.40609319456466286
0.40608072713250637
0.4060682103204011
0.4060556545634963
0.40604306079337643
0.4060304284289431
0.4060177566623007
0.4060050352556172
0.4059922737792871
0.40597947448285965
0.40596663692028123
0.4059537572061252
0.4059408280064348
0.4059278574438841
0.40591484809804707
0.4059018037590794
0.4058887126169804
0.4058755721772723
0.40586238967056193
0.4058491679026475
0.40583590936681624
0.4058225965690217
0.4058092223521786
0.4057958048147041
0.40578234786122686
0.40576885132985857
0.4057553104557878
0.40574171882159127
0.4057280828258676
0.40571440908953343
0.40570069000740605
0.4056869271979422
0.40567311478194873
0.40565925733115415
0.40564535938117824
0.40563141681802584
0.4056174297365482
0.4056033930230542
0.40558931244646507
0.4055751865182866
0.4055610171928577
0.40554680196427745
0.4055325371512986
0.4055182255589194
0.40550386674384786
0.4054894642235928
0.4054750153404514
0.40546051927792387
0.40544597294154316
0.40543137860221656
0.4054167417791771
0.40540205849801714
0.40538732602858124
0.4053725430658678
0.40535771477173366
0.40534284144610944
0.40532792000976064
0.40531294632599835
0.4052979209484883
0.40528285195834984
0.4052677388246512
0.40525257456226876
0.4052373554679979
0.40522208829412865
0.4052067760677498
0.40519141718329854
0.40517600565202117
0.4051605385868865
0.4051450258874493
0.4051294688094664
0.40511385948621625
0.4050981929555343
0.405082477592634
0.4050667160573169
0.4050509054077254
0.40503504047279226
0.4050191198687442
0.4050031514807661
0.40498713599254693
0.40497106674288513
0.40495494172877705
0.40493876662982986
0.40492254272001615
0.40490626411890845
0.40488992788762995
0.4048735405441994
0.4048571045472304
0.40484061772562163
0.4048240695299015
0.40480747083229124
0.4047908215359945
0.40477412147218145
0.4047573613659804
0.4047405465048534
0.4047236818536636
0.4047067678432624
0.40468979466628585
0.40467276217475856
0.40465568050905526
0.40463854751702666
0.4046213582010581
0.4046041060048796
0.4045868027785934
0.40456945570894814
0.40455206446887576
0.40453461142143826
0.40451710112562034
0.40449954201303967
0.40448193176307584
0.40446425085129023
0.4044465123173817
0.404428725733455
0.4044108888172086
0.40439298092503934
0.4043750138630102
0.4043569948177969
0.4043389278905867
0.40432079207632504
0.40430259482917175
0.40428434152769316
0.40426604182254844
0.4042476741371121
0.4042292435485833
0.40421075355060704
0.40419221808994843
0.4041736151635063
0.4041549483548233
0.40413621861320115
0.40411744078214323
0.40409859978049006
0.4040796959424785
0.4040607254725714
0.40404170409770257
0.4040226193180685
0.4040034455414167
0.40398420359686094
0.40396490760379977
0.40394554740787086
0.4039261279347526
0.4039066412303855
0.40388709721568333
0.40386748620331536
0.4038478180634268
0.4038280828612902
0.40380828904344546
0.40378842166793
0.4037684991057996
0.40374851407988405
0.4037284669092065
0.40370834063100625
0.40368815890030263
0.40366791613554814
0.4036476101918709
0.4036272251316067
0.4036067838977653
0.40358628305131544
0.403565716803997
0.40354507002081713
0.4035243661846771
0.40350360409217056
0.4034827744820746
0.40346186317561605
0.40344089384301246
0.4034198669483012
0.4033987703844182
0.4033775912182488
0.4033563525942233
0.40333505623949917
0.40331368929539035
0.4032922406424422
0.40327072981764917
0.40324916086563156
0.40322751974789156
0.40320579833380815
0.40318400967288476
0.40316216281942446
0.40314024095251627
0.4031182402389001
0.4030961732502909
0.4030740486031083
0.40305184448335823
0.40302956348749935
0.40300721594002425
0.4029848158765608
0.4029623253082278
0.40293976219178823
0.40291713141148827
0.40289444337892677
0.4028716661745152
0.4028488157659726
0.4028258967219177
0.4028029175327466
0.4027798522444829
0.40275673647096527
0.40273355274444694
0.4027103025140751
0.4026869665145427
0.4026635582953941
0.40264008167656085
0.4026165316981071
0.4025928981825084
0.4025691932775958
0.4025454226600583
0.402521567436095
0.40249763207922745
0.4024736273854849
0.40244956056042214
0.4024253951674276
0.4024011535583814
0.4023768450556763
0.4023524703320714
0.40232799689737386
0.40230344766011344
0.402278832291969
0.40225414476142624
0.40222936016205224
0.40220446744478494
0.4021795045985851
0.4021544610731534
0.4021293230902866
0.40210411072002405
0.4020788379056354
0.40205347091457294
0.4020280121974997
0.40200248184761367
0.40197688727593456
0.4019511960762677
0.4019254108156288
0.4018995551774312
0.4018736308801456
0.40184760789041873
0.4018214963967989
0.40179531803946295
0.401769067166652
0.40174270918355437
0.4017162667616926
0.40168976316896954
0.4016631737855426
0.401636480120643
0.4016097057652884
0.4015828664687446
0.40155593759854863
0.40152890658904083
0.4015017981616555
0.4014746189602214
0.401447340269523
0.40141996302130456
0.4013925173912451
0.40136498996080544
0.4013373610342024
0.4013096416791696
0.4012818510718877
0.40125398450515415
0.4012260061037563
0.40119793623569455
0.4011697913961012
0.40114156749061125
0.4011132350976306
0.4010848190271032
0.401056318789177
0.4010277354893793
0.40099904928997804
0.4009703080875377
0.4009414803301075
0.4009125642447889
0.40088354919297003
0.4008544455913931
0.400825259224339
0.4007959757447665
0.4007665993608405
0.40073712632025477
0.4007075741035033
0.4006779198574906
0.4006481713418046
0.40061832757979815
0.4005884040042436
0.4005583775475986
0.40052825198983666
0.40049803524867167
0.4004677348246881
0.40043733876072524
0.4004067829495472
0.40037614130772065
0.4003454102624254
0.400314578270767
0.40028363950873863
0.4002526162061982
0.4002215006916248
0.40019027748507974
0.40015894681186953
0.4001275317197858
0.40009602625352786
0.4000644005237145
0.4000326764595083
0.40000087416982344
0.39996896660207015
0.39993694101130595
0.3999048283462834
0.3998726291094894
0.3998403131826797
0.39980788563167413
0.3997753694501669
0.3997427657789479
0.399710037089965
0.3996772002547489
0.3996442833999257
0.39961126854933565
0.3995781311794974
0.39954489693135303
0.3995115788593671
0.3994781351972027
0.3994445733083231
0.39941092639197256
0.39937719135640976
0.3993433292721577
0.3993093540475125
0.39927529505179815
0.3992411330634528
0.3992068683788885
0.3991725180433785
0.39913807742178004
0.39910351623322166
0.399068834532523
0.39903406172192935
0.3989991905318521
0.39896419486014933
0.39892908500801116
0.3988938907899628
0.3988585833447865
0.3988231435825114
0.3987876048339379
0.3987519680000191
0.3987162115294447
0.39868033369728706
0.39864433634650187
0.3986081956691185
0.39857193074590713
0.39853555488278225
0.39849908315038657
0.39846249150207846
0.39842577273164315
0.39838895176459155
0.3983520158345692
0.398314957329235
0.3982777805254923
0.3982405082489367
0.3982031086468558
0.3981655840922164
0.3981279540800596
0.3980902101478346
0.3980523390127377
0.39801434899032523
0.39797627203484054
0.39793805384983233
0.3978997076514729
0.3978612513519229
0.39782268792710707
0.3977839921626845
0.39774517502524653
0.3977062573580329
0.39766721045247505
0.39762803066452673
0.3975887422873891
0.39754935589546253
0.39750981815168596
0.39747016141024527
0.39743043400211875
0.3973905940733219
0.3973506116868917
0.39731051408336093
0.39727031664789414
0.3972299727744978
0.39718948846018964
0.39714890414657344
0.3971082086924091
0.3970673614990998
0.39702638446477956
0.39698531395806336
0.3969441050562352
0.3969027454634494
0.3968612291742646
0.39681959292930136
0.3967777973123327
0.39673586013728174
0.39669383524806046
0.39665167156889086
0.3966093453690244
0.3965668996066565
0.39652435321941626
0.3964816594376887
0.3964388096147344
0.396395866891118
0.3963527907306711
0.39630954591316925
0.3962661720848144
0.39622270190607917
0.3961790891341212
0.39613531617040193
0.39609143654249024
0.3960474370300556
0.3960032705175388
0.39595895922106633
0.395914557220814
0.3958700156240966
0.39582530438703617
0.39578046669396705
0.3957355296759303
0.39569045844157935
0.3956452535017746
0.3955999343003675
0.3955544903083474
0.3955088803923956
0.3954631316531793
0.3954172702383055
0.3953712577261916
0.39532508352396534
0.3952787866132918
0.395232372456422
0.39518578890110706
0.395139054303418
0.3950921206402893
0.3950450548863205
0.39499782900305064
0.3949504653010997
0.3949029702826767
0.3948553125909004
0.39480749576687
0.3947595386258781
0.39471145997802964
0.3946632166818558
0.3946148250039906
0.39456629081723255
0.3945176167191656
0.3944687903818774
0.39441980962451867
0.3943707113365203
0.39432144314112005
0.39427201824443037
0.39422244618688695
0.3941727456707388
0.3941228880258032
0.39407285701513184
0.3940227078094887
0.39397241441559827
0.3939220101461229
0.3938714349733856
0.3938207377913563
0.3937698804264555
0.39371884817481667
0.3936676679420438
0.39361635637439985
0.3935648897006498
0.3935132360968206
0.39346145156156964
0.39340952087146897
0.3933573544166962
0.3933050030067513
0.39325252865731863
0.39319988853066784
0.3931470418857345
0.39309406161109595
0.39304094168595016
0.3929876378545038
0.3929341583383113
0.3928805542735577
0.39282680344509846
0.3927728455183771
0.3927187355365012
0.3926645027989247
0.3926100813876104
0.39255547291373016
0.39250073695125487
0.3924458636664024
0.39239076499538456
0.39233551059088684
0.39228014796855504
0.3922246249080875
0.39216892986508795
0.3921131007485999
0.3920571393287644
0.39200095248389955
0.3919445893986293
0.3918881061309356
0.39183145425184546
0.3917745916325803
0.39171758692936737
0.39166045008009354
0.391602991859768
0.3915453485887512
0.3914875791863403
0.3914296419891696
0.39137148360579294
0.3913131715680421
0.3912547245875377
0.39119606551664343
0.3911372110698234
0.3910782288143512
0.39101908473028807
0.3909597084123184
0.3909001696159343
0.39084050460098374
0.39078063362270044
0.3907205463884757
0.39066033185585886
0.3905999535993612
0.39053936363485736
0.39047864731070736
0.3904178061881926
0.39035676114349516
0.39029549719612944
0.39023410364576544
0.3901725107553205
0.39011071707209155
0.3900487403184176
0.38998664015922224
0.3899242884123824
0.3898616535335659
0.38979887785219247
0.38973589237474826
0.38967271239534435
0.389609334335132
0.38954582439509255
0.38948207728939255
0.38941814207953945
0.3893540482963474
0.3892897628985351
0.3892252898179084
0.3891606023723432
0.38909578399159767
0.3890307041717134
0.38896545804368093
0.38890005320770565
0.38883445900201324
0.3887686978492089
0.3887027647846976
0.38863669001873297
0.3885703424261346
0.3885038283837681
0.388437137987814
0.38837025813454346
0.38830313735854016
0.3882358530853555
0.3881683309115439
0.3881004994164439
0.38803247801722257
0.38796430200076104
0.3878959295524837
0.38782730256795106
0.3877585223281015
0.38768956919037617
0.38762035442568854
0.38755093944133157
0.38748138322879394
0.3874116147187059
0.3873415695178038
0.38727138387076976
0.38720104206578665
0.38713043432708405
0.3870596710838508
0.38698877648263863
0.3869176749121166
0.3868462909127338
0.38677472891355064
0.3867030293527251
0.3866310538363057
0.3865588448088342
0.38648644763330137
0.3864137734998826
0.38634079205882893
0.38626763437283007
0.386194355452709
0.3861207913463848
0.386046976509232
0.38597302217659685
0.38589888095994607
0.38582444798985904
0.3857498016226503
0.38567503206897813
0.38559999407717094
0.3855246941894576
0.3854492448338337
0.38537369479295047
0.3852978555518209
0.38522178864964646
0.38514558742315436
0.3850691379947541
0.38499238770562255
0.3849154817079379
0.384838403452025
0.38476090614743386
0.38468315545343695
0.3846052728848516
0.3845271636045075
0.3844487235753652
0.38437012419600924
0.38429134844995066
0.3842123115701315
0.384132987751591
0.3840535227766393
0.38397383401640134
0.3838938676645107
0.3838137080777805
0.38373340415976775
0.3836529016676448
0.38357208502775186
0.383491128977167
0.38340991744802
0.3833284555577443
0.3832467541238401
0.383164869927635
0.3830826483224311
0.38300006213752963
0.3829173338493521
0.3828343382045914
0.3827511356143647
0.38266764960462646
0.3825839788656907
0.38250007630045557
0.3824158643036638
0.3823315057448085
0.3822468828474207
0.382162075833753
0.38207697533240625
0.3819917301983255
0.38190624819228536
0.3818205287011857
0.3817345776130469
0.3816483428375522
0.3815619442914293
0.38147518968991123
0.38138809622184405
0.3813007526891867
0.38121320341667053
0.38112539161570685
0.38103728220223443
0.38094901285308497
0.3808604316317544
0.3807716166697021
0.380682585619457
0.38059335483285756
0.38050383351048334
0.38041404104485127
0.38032411722359777
0.38023395590300535
0.38014350394564606
0.38005278883227195
0.37996189607200237
0.37987073557994006
0.3797791191806666
0.37968725433110406
0.3795951773749218
0.37950279012248933
0.37941013441186805
0.3793173085094614
0.3792241904983041
0.37913072704680467
0.3790370755612711
0.3789432339531415
0.3788491004387316
0.3787546997080063
0.3786601511419234
0.3785653705714151
0.37847022010992865
0.37837483718557297
0.3782792710566924
0.3781833996373894
0.3780870079293524
0.37799043181140474
0.37789365751266935
0.3777965371431601
0.3776991238002201
0.3776015170293272
0.37750364661985397
0.37740542038008246
0.37730700106292064
0.37720838369740983
0.37710949107861735
0.37701029237019984
0.3769109141004954
0.3768113145053584
0.3767113004538626
0.37661106912165554
0.3765105884602686
0.3764096636682679
0.37630840995532955
0.37620696580340673
0.37610529975182544
0.37600317431933294
0.37590082947663056
0.37579831537877023
0.3756955158115128
0.37559233944028153
0.37548902605169215
0.3753855280726919
0.3752816205567941
0.37517744795357033
0.37507307857181094
0.37496846390921534
0.37486336706120477
0.3747579372541426
0.3746522951295533
0.3745462654656243
0.37443991731412735
0.37433337055902294
0.3742266014380105
0.374119419711739
0.3740119960126518
0.37390439891548927
0.37379654952016367
0.373688342829045
0.37357994146680173
0.3734712985616905
0.37336222955386406
0.37325284360333033
0.37314308838996246
0.3730330261485328
0.37292256912325544
0.3728118900028074
0.37270100546875545
0.3725897194931078
0.3724781608320523
0.3723663815692772
0.3722544080933279
0.37214206848764
0.37202947573088885
0.37191664239842076
0.3718034749849856
0.37168994986441345
0.37157600100973986
0.37146172456621585
0.37134705969022436
0.37123213644677616
0.37111701451205586
0.371001552295955
0.37088573026573574
0.37076969692123296
0.3706535020657694
0.3705369131252437
0.3704200415442832
0.3703029249613946
0.3701854528066661
0.37006759417015417
0.3699492924435847
0.3698307137023994
0.36971174163124076
0.3695924885001235
0.3694730232446712
0.36935326359112386
0.36923310928913816
0.36911274830926366
0.36899218132300426
0.36887126177130236
0.36874997713796764
0.3686284473056478
0.3685065912585337
0.3683841461153124
0.3682613741787794
0.368138366107185
0.3680150633030834
0.3678913871754258
0.3677674672151346
0.3676432642275581
0.3675187416013712
0.36739392835793
0.36726887572658157
0.36714348809694997
0.36701765457422686
0.36689155308689286
0.3667649711736464
0.36663801651830175
0.36651073633331843
0.3663832598251514
0.3662554520335124
0.3661271993692345
0.3659986883130961
0.3658700379741311
0.3657410248465734
0.36561156971444425
0.365481851235228
0.36535186586037777
0.36522131680842695
0.36509035253619204
0.3649592128423168
0.3648277113181138
0.36469577777865336
0.36456355683134156
0.36443112766873975
0.364298402490092
0.3641652583886043
0.3640318762981298
0.3638982054466906
0.3637641133390096
0.3636294095820708
0.3634944845209658
0.3633592611334245
0.363223603829612
0.3630876099895619
0.36295136003968936
0.3628148601305497
0.36267796484895964
0.36254085247098444
0.36240343497316596
0.36226552992667516
0.36212710758792677
0.3619883835559742
0.36184936146469937
0.3617098739269209
0.3615700245261355
0.36142993936686907
0.36128960590984643
0.36114890518797516
0.3610079585887864
0.3608666193441802
0.3607248782317648
0.36058263732075607
0.36044004832740156
0.36029713426309784
0.36015375708826647
0.36001001363263935
0.35986604320907617
0.35972190472269594
0.35957730473355876
0.3594324121006212
0.35928714114072813
0.35914150482913604
0.3589952824882698
0.35884872608790225
0.3587018391156801
0.3585545693210276
0.3584069334831149
0.35825909446721477
0.3581110362006321
0.3579625011409345
0.35781359649022565
0.3576643237320544
0.3575146477703386
0.35736442359356363
0.357213883104956
0.35706297103792967
0.3569117781457155
0.35676024845659704
0.3566084560152162
0.3564563074664888
0.3563037791777203
0.35615083884974247
0.3559974206679544
0.3558436185620422
0.3556893807598864
0.35553482634789674
0.35537982188167344
0.35522475317172963
0.3550692299593079
0.35491332654632674
0.3547569620938487
0.3546004023097097
0.35444324414376877
0.3542855900523491
0.3541276007982623
0.3539693926036453
0.3538108186940692
0.3536518127164768
0.3534925057706623
0.3533328721529528
0.35317284559659873
0.353012311334039
0.3528513702986343
0.35269007041861206
0.35252833583444704
0.352366148819583
0.3522039450815567
0.3520412395476299
0.3518780408925715
0.3517144776527108
0.35155084043870394
0.3513865017459591
0.35122154708954967
0.35105631843193946
0.35089097643237
0.350725125073082
0.35055878307595034
0.3503921889943666
0.35022548884327953
0.35005819759240564
0.3498901507938594
0.3497218963364498
0.3495534284405955
0.34938423298863974
0.34921481994061027
0.3490452784614719
0.3488754009174914
0.34870482429047556
0.3485339024749317
0.3483626106707518
0.34819091319220324
0.34801849965975795
0.3478459205481053
0.34767327275235177
0.3475001470369685
0.34732641847765766
0.34715247995509324
0.34697813707132974
0.3468031589569188
0.34662761252950625
0.3464518662826635
0.3462761382195481
0.3460996303644644
0.34592275691171376
0.34574571923543523
0.3455683063626739
0.3453900121213152
0.3452113123093622
0.34503241626361497
0.34485334716725147
0.34467365481045703
0.3444936587365054
0.3443135173462096
0.3441327624798651
0.3439512531470391
0.34376938425513703
0.34358734478807795
0.34340488507343053
0.34322199188767344
0.3430388707817552
0.34285557112425263
0.34267138552055604
0.34248663810194974
0.342301557809486
0.3421163408558235
0.34193058532948206
0.34174452654813164
0.34155817288987406
0.3413715404721335
0.34118402576773005
0.340996046087776
0.3408077681422781
0.34061936768352175
0.3404303806134681
0.3402411149584945
0.34005153550318346
0.33986152744217907
0.33967063398670855
0.33947943836113975
0.33928807654084175
0.33909629137609987
0.3389040658397489
0.33871156704681493
0.3385187711787764
0.33832511629291456
0.33813101147192265
0.3379366210482723
0.3377420320973946
0.33754689333466814
0.3373514141327148
0.3371556476017291
0.3369593890343575
0.3367623624884771
0.33656491381770853
0.3363673422182723
0.336169434283697
0.335970998875447
0.335772281363236
0.33557317460407465
0.33537329542285776
0.33517287763252057
0.3349723400195575
0.33477159111327837
0.334570382038194
0.33436867601941545
0.33416656021644914
0.3339638132320763
0.33376054023752355
0.33355703581440094
0.3333533639651568
0.3331493357837478
0.33294469275590555
0.332739448153929
0.3325337653709744
0.33232777076731385
0.33212135368442997
0.3319145897542904
0.3317076095792151
0.3315002029828406
0.3312918616598567
0.331083069748163
0.33087424770959994
0.3306651111779985
0.33045534907216206
0.3302452215494393
0.33003480834102494
0.32982361967675655
0.3296118986139154
0.32940005745944495
0.32918797734042354
0.3289754621203156
0.3287623288671423
0.3285485904860943
0.3283344980170683
0.32812018381871755
0.32790534431038454
0.3276901081588221
0.32747468627864784
0.3272586842627471
0.32704181640566743
0.32682473114062527
0.3266075311103187
0.3263898910481198
0.3261717083063046
0.32595314201433273
0.3257338975344447
0.3255143235889927
0.3252943713671156
0.3250741010849931
0.3248535794580352
0.3246325896469001
0.3244105526192882
0.3241883672089295
0.32396612120363144
0.3237433965793233
0.32352014244052063
0.3232964402527373
0.3230720851065697
0.32284751178798254
0.32262253607915153
0.32239716525748224
0.32217144487354604
0.3219453034680533
0.3217183298940909
0.3214911212397803
0.3212637177177063
0.3210358654363248
0.32080743153605823
0.3205786448067446
0.32034927503722005
0.3201197071285904
0.3198895690779325
0.3196589471629095
0.3194282134144754
0.31919698224897153
0.3189649477957325
0.318732613982076
0.31849997740656366
0.3182671144015806
0.31803375334574596
0.3177996275842532
0.3175651708345636
0.31733044194483373
0.3170953620740357
0.31685980079878123
0.31662388246598233
0.31638717641341924
0.3161503136383589
0.3159129889664814
0.3156753507497484
0.31543737886802314
0.31519871734576377
0.3149595146992061
0.3147201004214083
0.3144802766978317
0.314240219811575
0.31399956002709034
0.31375817925206007
0.31351655707667947
0.3132747990163348
0.31303250366636526
0.312789862435896
0.3125461631425068
0.31230270906534063
0.31205866078746675
0.3118142621244814
0.31156927514806854
0.31132374993633827
0.31107804451695054
0.3108320214344679
0.3105852169235334
0.3103382227944172
0.3100908412229831
0.3098430554914949
0.30959453752944216
0.30934570143931905
0.3090968952160895
0.30884736825013764
0.308597196158565
0.30834660974925815
0.3080960126817135
0.30784496554450463
0.3075932686227935
0.30734089284467053
0.30708845097597665
0.3068357173359292
0.30658256804195366
0.3063285973613797
0.3060743004440609
0.3058199962523089
0.3055650587924345
0.30530961389686706
0.3050535902991055
0.3047975441273689
0.3045409475283239
0.3042837784612363
0.3040263047599613
0.3037685160607889
0.3035103300603664
0.3032513703245113
0.30299219103965175
0.30273281744512764
0.30247305444681066
0.3022124367618869
0.30195150635235224
0.30169035801379585
0.30142905406919324
0.30116696679429406
0.3009042947078195
0.300641395053468
0.30037848485707574
0.3001149927782534
0.2998505864831973
0.2995859078221114
0.29932125157693856
0.29905633490449285
0.2987903583343975
0.29852392442005965
0.29825753346043615
0.29799107744198605
0.2977236584428734
0.2974554994908332
0.2971873794422968
0.2969191942167789
0.29665030205523824
0.296380619998662
0.29611074559248846
0.2958407834060064
0.2955704013661338
0.295299305973234
0.29502767526694423
0.29475598512692913
0.2944840581252828
0.2942114037404066
0.29393818878468453
0.2936648430161225
0.2933913265130135
0.29311704472746364
0.2928423535789736
0.29256722228518217
0.29229201741629
0.2920163336476959
0.2917401214822023
0.2914633443977876
0.2911865114092219
0.2909093059651817
0.29063151612538135
0.29035320057671016
0.29007468109359147
0.28979590958072166
0.289516512782765
0.28923668724606716
0.2889565466543071
0.28867616883681496
0.2883952479390943
0.28811395688012054
0.28783221044505547
0.28755018001329796
0.2872677120002205
0.2869849430369219
0.28670158400719103
0.2864179638634753
0.28613405071539727
0.285849810891784
0.28556482724984356
0.28527960672918373
0.2849941962807079
0.2847084747659632
0.2844218956602648
0.2841350493998272
0.2838481269174669
0.2835609805214462
0.28327286684967523
0.28298447035340407
0.282696037497597
0.2824074954722473
0.28211776074386513
0.28182782596585343
0.2815378192004673
0.281247634093652
0.2809565680072296
0.2806651427701269
0.2803735514955082
0.28008179485060813
0.27978939135330194
0.27949652783019363
0.2792033092923906
0.2789099027359018
0.2786162236012172
0.2783218237747269
0.2780271804572061
0.27773231922653746
0.27743704227240873
0.2771411789748207
0.2768453924610591
0.2765487697415029
0.2762517617717591
0.27595477525688983
0.2756576515896038
0.27535927682132494
0.2750607501237685
0.2747626037772135
0.27446380588417574
0.2741640129625433
0.2738641839314884
0.2735645930351218
0.2732641274037658
0.2729631340009436
0.2726619120025231
0.2723606192830339
0.272058671935439
0.2717565594761217
0.2714539953444859
0.2711509080083276
0.27084761824695386
0.2705440041242673
0.27024042189023245
0.269935772495861
0.2696308111798557
0.2693261151684637
0.26902106135489323
0.26871500055797365
0.2684086962833071
0.2681027034378914
0.26779581465488533
0.26748869404098075
0.26718129637520993
0.26687345189485856
0.26656529628367603
0.2662567396711985
0.2659483162413839
0.2656388533528131
0.2653290561867936
0.26501958302322715
0.2647096205009039
0.2643987387249876
0.26408774880785135
0.2637770782226147
0.2634652019467131
0.26315336374244563
0.2628413395375525
0.26252857452650297
0.2622156400569508
0.26190256534578904
0.261589391351743
0.2612751507196957
0.2609608235223851
0.26064676543914134
0.2603316779546748
0.26001639561054957
0.25970116490032513
0.2593853432913917
0.25906877353604196
0.25875260173515785
0.2584359919691294
0.25811851167339905
0.2578011332687175
0.25748354066233
0.25716542567458517
0.256846885869875
0.25652846237176047
0.2562092893248817
0.255889513073588
0.2555705791089894
0.25525047645216137
0.2549299604619688
0.25460939538838834
0.25428843750553554
0.25396726342895987
0.2536458548099359
0.2533241885440722
0.2530014384249254
0.25267913142283327
0.2523568898297919
0.25203342586297556
0.2517101134578478
0.2513863580651903
0.25106216224994987
0.2507382088165458
0.2504138487734022
0.25008867628139575
0.24976298657998905
0.24943800998754567
0.2491123950551936
0.24878607671421343
0.24845996311268453
0.24813267367412256
0.24780560354378153
0.2474792804193284
0.2471512713031977
0.24682306008633817
0.2464950682918537
0.24616631527174568
0.2458379575897387
0.24550923569817204
0.24517927417000948
0.24484960422988158
0.24452000969952667
0.24418982305316744
0.24385948316566722
0.2435285836042242
0.24319717031303772
0.2428659555274485
0.24253474809528916
0.2422028000487758
0.2418702194345843
0.24153788646178156
0.24120498327608
0.24087219198531748
0.24053934251324574
0.2402049873965042
0.23987112249375214
0.23953738824255036
0.23920286877587832
0.238868411478215
0.23853331592714042
0.23819755763066303
0.23786243227362538
0.23752687168085612
0.23719065406801873
0.23685440705737912
0.2365174979398365
0.2361807353130084
0.23584412530544466
0.23550636817291984
0.2351685619706895
0.23483083168722294
0.23449233022426205
0.23415433243429265
0.2338157253348178
0.23347626340479755
0.23313707404824163
0.2327975074850608
0.23245805371400038
0.23211803690813174
0.23177745636848546
0.23143676686834558
0.23109633629183923
0.23075521517655667
0.23041383646861266
0.2300724491226044
0.22973005333906307
0.22938839947675885
0.22904595932316263
0.22870345681112553
0.22836074680965734
0.228017201126518
0.2276740994352361
0.2273306777136985
0.22698670219771835
0.22664253392133266
0.22629804028498654
0.22595351219267126
0.2256089533277781
0.2252637371742225
0.22491822156683902
0.22457275537197463
0.22422670936777184
0.22388098696630224
0.22353455295270855
0.22318787384029543
0.2228412823995695
0.22249386663113715
0.22214705377048768
0.22179938476262676
0.2214515172408398
0.2211034989450051
0.22075512613036
0.2204069163547295
0.22005816082568375
0.2197091218787116
0.2193598759794617
0.219010450004561
0.218660976181884
0.21831122012096535
0.2179609513065718
0.21761036072114195
0.2172598146446265
0.21690887145972682
0.21655843732990968
0.21620671909093045
0.21585544133900378
0.21550322515963016
0.21515158951990204
0.21479945556130883
0.21444710939501294
0.2140942670904749
0.21374114563979085
0.21338807467522725
0.21303506804857247
0.21268155664665592
0.212327619999397
0.21197344657652897
0.21161903502631507
0.2112648726053134
0.21091026880437325
0.21055543469960533
0.21020018687643732
0.20984447638283626
0.2094891615481596
0.20913334642524298
0.2087777217206442
0.20842119675374782
0.2080645675887623
0.20770790287875796
0.20735106540241535
0.20699433258356686
0.20663665776758883
0.2062794691145232
0.20592098653780577
0.20556339695891157
0.20520508469124762
0.20484692037450472
0.20448820710962753
0.20412918549605907
0.20376999608603394
0.2034108683781405
0.20305120414973388
0.2026918549185103
0.20233161902449107
0.20197154042839716
0.20161109172225986
0.20125070330407258
0.20088993300034236
0.20052903081723986
0.20016785793811898
0.19980602426313734
0.19944488228328178
0.1990825241755744
0.19872109219183612
0.19835859705857925
0.19799615921003338
0.19763340262552762
0.19727026097786843
0.1969073018029194
0.19654387710875507
0.19618086624187964
0.195816584784235
0.1954532017277939
0.19508834396483632
0.19472431968151468
0.19435964241370737
0.1939951805607064
0.19362995901203012
0.19326475540519167
0.1928990709479613
0.19253350675755712
0.19216807037978284
0.1918020131218885
0.19143598024091024
0.19106909400405828
0.19070228827825614
0.19033541003976098
0.18996855804233784
0.18960141689046875
0.18923375767026432
0.18886586139211142
0.1884976645591225
0.18812975904406734
0.18776144303400646
0.18739342003059764
0.18702406602934804
0.1866553694062902
0.18628548108341478
0.1859166751678982
0.1855468537621856
0.18517764841737674
0.1848070152533651
0.18443674059174556
0.18406605841559703
0.18369551275157814
0.1833249337284772
0.1829538852841848
0.18258253455031404
0.1822105949986771
0.18183898348892008
0.18146689995485757
0.18109529663578905
0.18072266752124963
0.1803503952320894
0.17997677377363835
0.17960430543527847
0.17923038568884395
0.17885805765691637
0.17848360860165394
0.17811052283068646
0.17773538264840796
0.17736164779010072
0.17698641815851304
0.17661250017861468
0.17623708141557828
0.17586214257446242
0.17548643864271762
0.1751105225984556
0.1747349765565827
0.1743588573751214
0.17398269195544042
0.1736060562153755
0.17322905695940574
0.17285234173217023
0.17247478498956073
0.17209804351391142
0.17171988778443315
0.1713422516944464
0.1709637394808904
0.17058557292332868
0.17020691334514193
0.1698284938795778
0.169449302327763
0.16907013372234797
0.16869008802939112
0.168310795121348
0.16793049379224848
0.16755087970972174
0.1671700629473686
0.1667896444038633
0.1664081182331975
0.16602744868266275
0.16564571188777535
0.16526454522567477
0.16488259444265824
0.16450039750124085
0.164117760449737
0.1637350766462817
0.16335229826514944
0.16296931501796266
0.16258617207971052
0.16220242487199962
0.16181827484376693
0.1614341440367514
0.16104963626800103
0.16066520221363967
0.16028044974572653
0.15989522583331364
0.159510006834022
0.15912406358497747
0.158738188571761
0.15835184042748118
0.15796598733243916
0.1575789076981491
0.1571924533793596
0.1568044801683549
0.15641702042744826
0.15602935908701954
0.15564097616338923
0.1552534536318898
0.1548644646103935
0.15447554903669944
0.15408649780681816
0.15369646556376365
0.15330708386943412
0.15291730733215386
0.15252667577585968
0.1521366602178864
0.1517451458765376
0.15135422158177592
0.15096252645474237
0.15057056685779907
0.15017919402030167
0.14978629244404487
0.1493940342352933
0.14900106642586508
0.14860748970212995
0.14821395364719317
0.14782018573103575
0.14742594283282376
0.14703154097443186
0.14663642367359322
0.14624168609512428
0.145845924628448
0.14545019070420026
0.1450543781417521
0.1446571754908924
0.14426100631379535
0.14386371717629606
0.14346641083372758
0.14306871773264684
0.14267026085839954
0.14227209012155834
0.1418729573116252
0.14147376566841308
0.14107417388660673
0.14067470943011712
0.14027444895229443
0.1398735386210895
0.1394730083308096
0.13907127457496887
0.13866937193579362
0.13826757761530625
0.13786524221640964
0.1374624141313104
0.13705942397852525
0.13665574646343476
0.13625144792174107
0.13584725863358169
0.13544200383154303
0.13503723069422033
0.13463206744987846
0.13422583144741676
0.13381958259345317
0.13341234359106868
0.13300512543315518
0.13259696809787544
0.13218936985767904
0.13178121836736262
0.13137160759805747
0.13096326800827374
0.13055301256888086
0.13014188748695546
0.12973208681341436
0.12932015689429624
0.12890855004516977
0.12849711461806507
0.12808434902431717
0.12767153726025143
0.12725771063797017
0.12684322704020962
0.12642876046675192
0.12601391950654836
0.12559837475261343
0.12518246244933634
0.12476662748194044
0.12434885344088814
0.12393114688908692
0.12351350031138626
0.12309377050882048
0.12267500511485839
0.12225589791548137
0.12183496726492593
0.12141478576937136
0.12099337442050004
0.12057079332386088
0.12014834643745066
0.11972502206980706
0.11930136582097853
0.11887709661863341
0.11845249292180157
0.11802739210904123
0.11760064103905285
0.1171740155041569
0.11674674411729434
0.11631808507103651
0.11588964432424513
0.11546082979491863
0.11503084070353957
0.11460058036149358
0.11416900121991405
0.11373711876415127
0.11330473578543686
0.11287070020581151
0.11243686272389082
0.11200289344181699
0.11156717138058748
0.11113093666451809
0.11069474680273207
0.11025668247774002
0.1098180026043845
0.1093790744269681
0.10893913556223596
0.10849853991264292
0.10805699110636618
0.10761532716250236
0.10717212288814815
0.10672805560963029
0.10628338279194711
0.1058377760330402
0.10539115917556104
0.10494421382907636
0.104496411914174
0.10404738591647622
0.10359770688643588
0.10314700860746324
0.1026951740231858
0.1022430500554095
0.10178908738696917
0.10133460562625494
0.10087975043615183
0.10042329405168915
0.09996600916465982
0.09950845947182793
0.09904862401782688
0.0985877883790441
0.09812719339694016
0.09766509781019236
0.09720046910619796
0.09673644678281193
0.09627178765342362
0.0958051859776459
0.09533600109162646
0.09486771852879738
0.0943984826784729
0.09392648958257353
0.0934531624088237
0.09298034678572586
0.09250629472602723
0.09202921712569949
0.09155168689757619
0.09107369631635344
0.09059376562307299
0.0901118073569671
0.08962964628207355
0.08914591276207426
0.08866017208653229
0.08817358126128505
0.08768620330992909
0.08719620473973472
0.08670503445503992
0.08621277491326924
0.08571882445833774
0.08522281647924962
0.08472580606812906
0.08422735389772143
0.08372737029060764
0.08322516762554849
0.0827215581542163
0.08221637698759504
0.0817095452019028
0.08120060427135796
0.08068956830142758
0.08017711728467161
0.07966327648703672
0.07914704530171553
0.07862873404059359
0.07810878422707981
0.07758723819592937
0.07706311601444692
0.07653658450321436
0.07600796368448641
0.07547813714706407
0.07494489875099754
0.0744099534104094
0.07387256337171759
0.07333365273887396
0.07279164754674
0.07224669360014102
0.07169958518295823
0.07115067184736064
0.07059870285627885
0.0700431215309391
0.06948476980730646
0.06892448642896362
0.06836165878194163
0.06779570478526269
0.06722597817830644
0.0666532947671934
0.06607768487313269
0.0654989866741477
0.06491688362255958
0.06433086467350446
0.06374071347623156
0.06314784455624267
0.06255142269242343
0.061951053838570386
0.06134625580740342
0.060737648511238924
0.060124877297507436
0.059507787150011995
0.05888607825126988
0.058259492641719444
0.05762831905063648
0.05699207194794155
0.056350825100482685
0.05570438591887886
0.05505219517447674
0.054394614880710436
0.05373131896664481
0.05306214468263662
0.052386287369453444
0.051703421579303264
0.051013890884319193
0.05031763579545393
0.049613628924165924
0.04890169235452016
0.04818166528740338
0.04745339011056091
0.04671625001081403
0.04596979361083861
0.04521370614321595
0.044447662824432986
0.04367023546046886
0.04288129487401273
0.042080240254541414
0.04126683720327986
0.04043989018529631
0.039598133193829314
0.038740935229179575
0.037867863237319395
0.03697781588631213
0.03606934048607211
0.03514064583569114
0.03419033060048089
0.03321635337331016
0.03221658615808922
0.03118816122350983
0.03012844967342768
0.029033986695926346
0.027900635688706998
0.026723570255405747
0.02549731737201785
0.02421448164158465
0.022865415926516603
0.0214375190444419
0.01991356519186294
0.018268880318468034
0.016466802664943565
0.014448759561041821
0.012106776179427481
0.009199754131424502
0.0047897934731809
0.0
0.0
0.0
0.0
0.0
0.0
0.0
0.0
0.0
0.0
0.0
0.0
0.0
0.0
0.0
0.0
0.0
0.0
0.0
0.0
0.0
0.0
0.0
0.0
0.0
0.0
0.0
0.0
0.0
0.0
0.0
0.0
0.0
0.0
0.0
0.0
0.0
0.0
0.0
0.0
0.0
0.0
0.0
0.0
0.0
0.0
0.0
0.0
0.0
0.0
0.0
0.0
0.0
0.0
0.0
0.0
0.0
0.0
0.0
0.0
0.0
0.0
0.0
0.0
0.0
0.0
0.0
0.0
0.0
0.0
0.0
0.0
0.0
0.0
0.0
0.0
0.0
0.0
0.0
0.0
0.0
0.0
0.0
0.0
0.0
0.0
0.0
0.0
0.0
0.0
0.0
0.0
0.0
0.0
0.0
0.0
0.0
0.0
0.0
0.0
0.0
0.0
0.0
0.0
0.0
0.0
0.0
0.0
0.0
0.0
0.0
0.0
0.0
0.0
0.0
0.0
0.0
0.0
0.0
0.0
0.0
0.0
0.0
0.0
0.0
0.0
0.0
0.0
0.0
0.0
0.0
0.0
0.0
0.0
0.0
0.0
0.0
0.0
0.0
0.0
0.0
0.0
0.0
0.0
0.0
0.0
0.0
0.0
0.0
0.0
0.0
0.0
0.0
0.0
0.0
0.0
0.0
0.0
0.0
0.0
0.0
0.0
0.0
0.0
0.0
0.0
0.0
0.0
0.0
0.0
0.0
0.0
0.0
0.0
0.0
0.0
0.0
0.0
0.0
0.0
0.0
0.0
0.0
0.0
0.0
0.0
0.0
0.0
0.0
0.0
0.0
0.0
0.0
0.0
0.0
0.0
0.0
0.0
0.0
0.0
0.0
0.0
0.0
0.0
0.0
0.0
0.0
0.0
0.0
0.0
0.0
0.0
0.0
0.0
0.0
0.0
0.0
0.0
0.0
0.0
0.0
0.0
0.0
0.0
0.0
0.0
0.0
0.0
0.0
0.0
0.0
0.0
0.0
0.0
0.0
0.0
0.0
0.0
0.0
0.0
0.0
0.0
0.0
0.0
0.0
0.0
0.0
0.0
0.0
0.0
0.0
0.0
0.0
0.0
0.0
0.0
0.0
0.0
0.0
0.0
0.0
0.0
0.0
0.0
0.0
0.0
0.0
0.0
0.0
0.0
0.0
0.0
0.0
0.0
0.0
0.0
0.0
0.0
0.0
0.0
0.0
0.0
0.0
0.0
0.0
0.0
0.0
0.0
0.0
0.0
0.0
0.0
0.0
0.0
0.0
0.0
0.0
0.0
0.0
0.0
0.0
0.0
0.0
0.0
0.0
0.0
0.0
0.0
0.0
0.0
0.0
0.0
0.0
0.0
0.0
0.0
0.0
0.0
0.0
0.0
0.0
0.0
0.0
0.0
0.0
0.0
0.0
0.0
0.0
0.0
0.0
0.0
0.0
0.0
0.0
0.0
0.0
0.0
0.0
0.0
0.0
0.0
0.0
0.0
0.0
0.0
0.0
0.0
0.0
0.0
0.0
0.0
0.0
0.0
0.0
0.0
0.0
0.0
0.0
0.0
0.0
0.0
0.0
0.0
0.0
0.0
0.0
0.0
0.0
0.0
0.0
0.0
0.0
0.0
0.0
0.0
0.0
0.0
0.0
0.0
0.0
0.0
0.0
0.0
0.0
0.0
0.0
0.0
0.0
0.0
0.0
0.0
0.0
0.0
0.0
0.0
0.0
0.0
0.0
0.0
0.0
0.0
0.0
0.0
0.0
0.0
0.0
0.0
0.0
0.0
0.0
0.0
0.0
0.0
0.0
0.0
0.0
0.0
0.0
0.0
0.0
0.0
0.0
0.0
0.0
0.0
0.0
0.0
0.0
0.0
0.0
0.0
0.0
0.0
0.0
0.0
0.0
0.0
0.0
0.0
0.0
0.0
0.0
0.0
0.0
0.0
0.0
0.0
0.0
0.0
0.0
0.0
0.0
0.0
0.0
0.0
0.0
0.0
0.0
0.0
0.0
0.0
0.0
0.0
0.0
0.0
0.0
0.0
0.0
0.0
0.0
0.0
0.0
0.0
0.0
0.0
0.0
0.0
0.0
0.0
0.0
0.0
0.0
0.0
0.0
0.0
0.0
0.0
0.0
0.0
0.0
0.0
0.0
0.0
0.0
0.0
0.0
0.0
0.0
0.0
0.0
0.0
0.0
0.0
0.0
0.0
0.0
0.0
0.0
0.0
0.0
0.0
0.0
0.0
0.0
0.0
0.0
0.0
0.0
0.0
0.0
0.0
0.0
0.0
0.0
0.0
0.0
0.0
0.0
0.0
0.0
0.0
0.0
0.0
0.0
0.0
0.0
0.0
0.0
0.0
0.0
0.0
0.0
0.0
0.0
0.0
0.0
0.0
0.0
0.0
0.0
0.0
0.0
0.0
0.0
0.0
0.0
0.0
0.0
0.0
0.0
0.0
0.0
0.0
0.0
0.0
0.0
0.0
0.0
0.0
0.0
0.0
0.0
0.0
0.0
0.0
0.0
0.0
0.0
0.0
0.0
0.0
0.0
0.0
0.0
0.0
0.0
0.0
0.0
0.0
0.0
0.0
0.0
0.0
0.0
0.0
0.0
0.0
0.0
0.0
0.0
0.0
0.0
0.0
0.0
0.0
0.0
0.0
0.0
0.0
0.0
0.0
0.0
0.0
0.0
0.0
0.0
0.0
0.0
0.0
0.0
0.0
0.0
0.0
0.0
0.0
0.0
0.0
0.0
0.0
0.0
0.0
0.0
0.0
0.0
0.0
0.0
0.0
0.0
0.0
0.0
0.0
0.0
0.0
0.0
0.0
0.0
0.0
0.0
0.0
0.0
0.0
0.0
0.0
0.0
0.0
0.0
0.0
0.0
0.0
0.0
0.0
0.0
0.0
0.0
0.0
0.0
0.0
0.0
0.0
0.0
0.0
0.0
0.0
0.0
0.0
0.0
0.0
0.0
0.0
0.0
0.0
0.0
0.0
0.0
0.0
0.0
0.0
0.0
0.0
0.0
0.0
0.0
0.0
0.0
0.0
0.0
0.0
0.0
0.0
0.0
0.0
0.0
0.0
0.0
0.0
0.0
0.0
0.0
0.0
0.0
0.0
0.0
0.0
0.0
0.0
0.0
0.0
0.0
0.0
0.0
0.0
0.0
0.0
0.0
0.0
0.0
0.0
0.0
0.0
0.0
0.0
0.0
0.0
0.0
0.0
0.0
0.0
0.0
0.0
0.0
0.0
0.0
0.0
0.0
0.0
0.0
0.0
0.0
0.0
0.0
0.0
0.0
0.0
0.0
0.0
0.0
0.0
0.0
0.0
0.0
0.0
0.0
0.0
0.0
0.0
0.0
0.0
0.0
0.0
0.0
0.0
0.0
0.0
0.0
0.0
0.0
0.0
0.0
0.0
0.0
0.0
0.0
0.0
0.0
0.0
0.0
0.0
0.0
0.0
0.0
0.0
0.0
0.0
0.0
0.0
0.0
0.0
0.0
0.0
0.0
0.0
0.0
0.0
0.0
0.0
0.0
0.0
0.0
0.0
0.0
0.0
0.0
0.0
0.0
0.0
0.0
0.0
0.0
0.0
0.0
0.0
0.0
0.0
0.0
0.0
0.0
0.0
0.0
0.0
0.0
0.0
0.0
0.0
0.0
0.0
0.0
0.0
0.0
0.0
0.0
0.0
0.0
0.0
0.0
0.0
0.0
0.0
0.0
0.0
0.0
0.0
0.0
0.0
0.0
0.0
0.0
0.0
0.0
0.0
0.0
0.0
0.0
0.0
0.0
0.0
0.0
0.0
0.0
0.0
0.0
0.0
0.0
0.0
0.0
0.0
0.0
0.0
0.0
0.0
0.0
0.0
0.0
0.0
0.0
0.0
0.0
0.0
0.0
0.0
0.0
0.0
0.0
0.0
0.0
0.0
0.0
0.0
0.0
0.0
0.0
0.0
0.0
0.0
0.0
0.0
0.0
0.0
0.0
0.0
0.0
0.0
0.0
0.0
0.0
0.0
0.0
0.0
0.0
0.0
0.0
0.0
0.0
0.0
0.0
0.0
0.0
0.0
0.0
0.0
0.0
0.0
0.0
0.0
0.0
0.0
0.0
0.0
0.0
0.0
0.0
0.0
0.0
0.0
0.0
0.0
0.0
0.0
0.0
0.0
0.0
0.0
0.0
0.0
0.0
0.0
0.0
0.0
0.0
0.0
0.0
0.0
0.0
0.0
0.0
0.0
0.0
0.0
0.0
0.0
0.0
0.0
0.0
0.0
0.0
0.0
0.0
0.0
0.0
0.0
0.0
0.0
0.0
0.0
0.0
0.0
0.0
0.0
0.0
0.0
0.0
0.0
0.0
0.0
0.0
0.0
0.0
0.0
0.0
0.0
0.0
0.0
0.0
0.0
0.0
0.0
0.0
0.0
0.0
0.0
0.0
0.0
0.0
0.0
0.0
0.0
0.0
0.0
0.0
0.0
0.0
0.0
0.0
0.0
0.0
0.0
0.0
0.0
0.0
0.0
0.0
0.0
0.0
0.0
0.0
0.0
0.0
0.0
0.0
0.0
0.0
0.0
0.0
0.0
0.0
0.0
0.0
0.0
0.0
0.0
0.0
0.0
0.0
0.0
0.0
0.0
0.0
0.0
0.0
0.0
0.0
0.0
0.0
0.0
0.0
0.0
0.0
0.0
0.0
0.0
0.0
0.0
0.0
0.0
0.0
0.0
0.0
0.0
0.0
0.0
0.0
0.0
0.0
0.0
0.0
0.0
0.0
0.0
0.0
0.0
0.0
0.0
0.0
0.0
0.0
0.0
0.0
0.0
0.0
0.0
0.0
0.0
0.0
0.0
0.0
0.0
0.0
0.0
0.0
0.0
0.0
0.0
0.0
0.0
0.0
0.0
0.0
0.0
0.0
0.0
0.0
0.0
0.0
0.0
0.0
0.0
0.0
0.0
0.0
0.0
0.0
0.0
0.0
0.0
0.0
0.0
0.0
0.0
0.0
0.0
0.0
0.0
0.0
0.0
0.0
0.0
0.0
0.0
0.0
0.0
0.0
0.0
0.0
0.0
0.0
0.0
0.0
0.0
0.0
0.0
0.0
0.0
0.0
0.0
0.0
0.0
0.0
0.0
0.0
0.0
0.0
0.0
0.0
0.0
0.0
0.0
0.0
0.0
0.0
0.0
0.0
0.0
0.0
0.0
0.0
0.0
0.0
0.0
0.0
0.0
0.0
0.0
0.0
0.0
0.0
0.0
0.0
0.0
0.0
0.0
0.0
0.0
0.0
0.0
0.0
0.0
0.0
0.0
0.0
0.0
0.0
0.0
0.0
0.0
0.0
0.0
0.0
0.0
0.0
0.0
0.0
0.0
0.0
0.0
0.0
0.0
0.0
0.0
0.0
0.0
0.0
0.0
0.0
0.0
0.0
0.0
0.0
0.0
0.0
0.0
0.0
0.0
0.0
0.0
0.0
0.0
0.0
0.0
0.0
0.0
0.0
0.0
0.0
0.0
0.0
0.0
0.0
0.0
0.0
0.0
0.0
0.0
0.0
0.0
0.0
0.0
0.0
0.0
0.0
0.0
0.0
0.0
0.0
0.0
0.0
0.0
0.0
0.0
0.0
0.0
0.0
0.0
0.0
0.0
0.0
0.0
0.0
0.0
0.0
0.0
0.0
0.0
0.0
0.0
0.0
0.0
0.0
0.0
0.0
0.0
0.0
0.0
0.0
0.0
0.0
0.0
0.0
0.0
0.0
0.0
0.0
0.0
0.0
0.0
0.0
0.0
0.0
0.0
0.0
0.0
0.0
0.0
0.0
0.0
0.0
0.0
0.0
0.0
0.0
0.0
0.0
0.0
0.0
0.0
0.0
0.0
0.0
0.0
0.0
0.0
0.0
0.0
0.0
0.0
0.0
0.0
0.0
0.0
0.0
0.0
0.0
0.0
0.0
0.0
0.0
0.0
0.0
0.0
0.0
0.0
0.0
0.0
0.0
0.0
0.0
0.0
0.0
0.0
0.0
0.0
0.0
0.0
0.0
0.0
0.0
0.0
0.0
0.0
0.0
0.0
0.0
0.0
0.0
0.0
0.0
0.0
0.0
0.0
0.0
0.0
0.0
0.0
0.0
0.0
0.0
0.0
0.0
0.0
0.0
0.0
0.0
0.0
0.0
0.0
0.0
0.0
0.0
0.0
0.0
0.0
0.0
0.0
0.0
0.0
0.0
0.0
0.0
0.0
0.0
0.0
0.0
0.0
0.0
0.0
0.0
0.0
0.0
0.0
0.0
0.0
0.0
0.0
0.0
0.0
0.0
0.0
0.0
0.0
0.0
0.0
0.0
0.0
0.0
0.0
0.0
0.0
0.0
0.0
0.0
0.0
0.0
0.0
0.0
0.0
0.0
0.0
0.0
0.0
0.0
0.0
0.0
0.0
0.0
0.0
0.0
0.0
0.0
0.0
0.0
0.0
0.0
0.0
0.0
0.0
0.0
0.0
0.0
0.0
0.0
0.0
0.0
0.0
0.0
0.0
0.0
0.0
0.0
0.0
0.0
0.0
0.0
0.0
0.0
0.0
0.0
0.0
0.0
0.0
0.0
0.0
0.0
0.0
0.0
0.0
0.0
0.0
0.0
0.0
0.0
0.0
0.0
0.0
0.0
0.0
0.0
0.0
0.0
0.0
0.0
0.0
0.0
0.0
0.0
0.0
0.0
0.0
0.0
0.0
0.0
0.0
0.0
0.0
0.0
0.0
0.0
0.0
0.0
0.0
0.0
0.0
0.0
0.0
0.0
0.0
0.0
0.0
0.0
0.0
0.0
0.0
0.0
0.0
0.0
0.0
0.0
0.0
0.0
0.0
0.0
0.0
0.0
0.0
0.0
0.0
0.0
0.0
0.0
0.0
0.0
0.0
0.0
0.0
0.0
0.0
0.0
0.0
0.0
0.0
0.0
0.0
0.0
0.0
0.0
0.0
0.0
0.0
0.0
0.0
0.0
0.0
0.0
0.0
0.0
0.0
0.0
0.0
0.0
0.0
0.0
0.0
0.0
0.0
0.0
0.0
0.0
0.0
0.0
0.0
0.0
0.0
0.0
0.0
0.0
0.0
0.0
0.0
0.0
0.0
0.0
0.0
0.0
0.0
0.0
0.0
0.0
0.0
0.0
0.0
