0.9075812105366506
0.9075625726916418
0.9075440764934576
0.9075252275390419
0.9075061330206
0.9074868549000816
0.907467428273517
0.9074478744797221
0.9074282074619648
0.9074084372712761
0.9073885712628976
0.9073686143542119
0.9073485704466208
0.9073284428835642
0.907308300416067
0.9072880867318676
0.9072678412280071
0.9072475351495175
0.9072271821026849
0.907206774554893
0.9071862988810582
0.907165749263172
0.9071451249581304
0.907124426240184
0.9071036533987088
0.9070828067088478
0.907061886530665
0.9070408930691328
0.907019826498959
0.9069987236447428
0.9069775482505801
0.9069563003376254
0.9069349805476727
0.9069136055563183
0.9068921699205081
0.9068706647417921
0.9068490873430118
0.9068274430686241
0.9068057376781045
0.9067839686780007
0.9067621303319484
0.9067402199446951
0.9067182375017641
0.9066961817638512
0.9066740628005764
0.9066518872457909
0.9066296390247883
0.9066073181926637
0.9065849247626994
0.9065624586507155
0.9065399197366723
0.9065173184949636
0.9064946531952663
0.90647191639555
0.9064491066215035
0.9064262231646399
0.9064032664014305
0.9063802375224318
0.9063571381319337
0.9063339736625203
0.906310741282123
0.9062874501616309
0.9062640871254665
0.9062406506942301
0.9062171397050727
0.9061935540356281
0.906169894016011
0.9061461596015101
0.9061223502263658
0.9060984653728617
0.9060745113664033
0.9060504904236922
0.906026395283831
0.9060022246508118
0.9059779784462372
0.9059536557588554
0.9059292563336108
0.9059047809442365
0.9058802362216994
0.9058556224881812
0.9058309377445393
0.9058061830434434
0.9057813516508101
0.9057564442571512
0.905731459446168
0.9057063973355464
0.9056812577424826
0.9056560395355066
0.9056307434882477
0.9056053698624102
0.9055799202851568
0.9055543989695336
0.9055288016728384
0.9055031256792447
0.9054773687471535
0.9054515348303196
0.9054256205019076
0.9053996349706501
0.9053735738328461
0.9053474319861466
0.9053212096193776
0.9052949060694129
0.9052685224751226
0.9052420617015927
0.9052155254970886
0.9051889103436919
0.905162214372327
0.9051354366083336
0.9051085760059225
0.9050816329908601
0.9050546076018663
0.9050275020055158
0.9050003192129719
0.9049730587165029
0.9049457153300375
0.9049182877468179
0.9048907774316004
0.9048631930239938
0.904835525206072
0.9048077734491288
0.9047799373056155
0.9047520170751027
0.9047240128654234
0.904695924545503
0.9046677506575692
0.9046394904615946
0.9046111443557551
0.9045827136097417
0.9045542005307963
0.9045256053143935
0.9044969256385242
0.9044681600430428
0.9044393062809912
0.9044103653534016
0.9043813389962598
0.9043522322002562
0.9043230406140386
0.904293757840363
0.904264396645141
0.9042349490534829
0.9042054163029287
0.904175790791442
0.9041460749577042
0.904116271023002
0.9040863795379711
0.9040563986168643
0.9040263280892978
0.9039961676664606
0.9039659152637891
0.9039355724638013
0.9039051415071849
0.903874619249104
0.9038440039755086
0.9038132987802633
0.9037825035890615
0.9037516198853813
0.9037206503640047
0.9036895828210654
0.9036584231379043
0.9036271757541016
0.9035958419006569
0.9035644202522317
0.9035329070007209
0.9035013006066925
0.9034695949546923
0.903437801374145
0.90340591087296
0.9033739263065438
0.90334184669179
0.9033096714674794
0.9032774017591647
0.903245036143248
0.9032125752807619
0.9031800188387968
0.9031473657915258
0.9031146172014753
0.9030817714245017
0.9030488288299745
0.9030157899580519
0.9029826489964287
0.9029494168890742
0.9029160792930836
0.9028826517936016
0.9028491219877222
0.9028155026285712
0.902781785050625
0.902747975559665
0.9027140723641087
0.902680063551931
0.9026459598267744
0.9026117528399489
0.9025774482605623
0.9025430439179416
0.902508535748499
0.9024739269033382
0.9024392170407828
0.9024044050005028
0.9023694926398094
0.9023344785701203
0.9022993612926211
0.9022641419790887
0.9022288182139276
0.9021933892307475
0.9021578602626638
0.9021222286724752
0.9020864884836233
0.9020506463671621
0.9020147048593979
0.9019786519610279
0.9019424911203097
0.901906235111536
0.9018698644727194
0.9018333945436647
0.9017968285792617
0.9017601508512504
0.9017233696986318
0.901686493895121
0.901649507064241
0.9016124071107524
0.9015752045579586
0.9015378972268828
0.9015004795703834
0.9014629487745518
0.9014253119127229
0.9013875682027657
0.9013497159971172
0.9013117512016631
0.9012736753885547
0.9012354934759599
0.901197201976423
0.9011587973283457
0.901120278072898
0.9010816517281064
0.9010429148499212
0.9010040658539886
0.9009651018452102
0.9009260280385835
0.9008868405466516
0.9008475419604237
0.9008081327749633
0.9007686046588965
0.9007289646854137
0.9006892131598782
0.9006493532562295
0.9006093832005446
0.9005692925171228
0.9005290746426547
0.9004887527488149
0.9004483273070601
0.9004077911119125
0.9003671305663051
0.9003263464093456
0.9002854503448843
0.9002444433864832
0.9002033203901088
0.9001620769691713
0.90012071336151
0.9000792285406713
0.9000376265906505
0.8999959103048599
0.8999540745077367
0.8999121180856651
0.8998700407677639
0.8998278456301647
0.8997855305720781
0.8997430889932291
0.8997005295886056
0.8996578506842817
0.8996150503473858
0.8995721273341589
0.899529085025947
0.899485920563271
0.8994426317804503
0.8993992123060194
0.8993556798471765
0.8993120271080444
0.8992682460162863
0.8992243433880518
0.8991803152677175
0.8991361622293313
0.8990918873544941
0.8990474892584276
0.8990029668887228
0.8989583159676416
0.8989135360575446
0.8988686278650346
0.8988235972753155
0.8987784443121035
0.8987331664343393
0.8986877623812725
0.8986422314318286
0.8985965730554688
0.8985507867937901
0.8985048682443015
0.8984588145029507
0.8984126303651595
0.8983663167050444
0.8983198719767285
0.8982733003798756
0.8982265996928533
0.8981797689396226
0.8981328075368157
0.8980857144060472
0.8980384869998296
0.8979911248760793
0.8979436308294484
0.897896005361704
0.8978482450232731
0.8978003486129279
0.8977523198878895
0.8977041583652171
0.8976558642611248
0.8976074386931083
0.8975588782301708
0.8975101822939175
0.8974613494336331
0.8974123776325064
0.8973632676736861
0.8973140227481122
0.8972646416441893
0.8972151234819429
0.8971654677860045
0.8971156741947351
0.8970657432947542
0.8970156754605807
0.8969654691577409
0.8969151233889409
0.8968646378104156
0.8968140124797185
0.8967632485454378
0.8967123451139676
0.8966613006605587
0.896610112837492
0.8965587815228052
0.8965073086900126
0.8964556921248092
0.8964039303456534
0.8963520260335112
0.8962999795217776
0.896247789809536
0.8961954562714236
0.8961429784426713
0.8960903558946302
0.8960375882390615
0.8959846751385918
0.895931616230449
0.8958784111316321
0.8958250595236518
0.8957715610805894
0.8957179154436783
0.8956641222570562
0.89561018122974
0.8955560920760727
0.89550185445713
0.8954474688456533
0.8953929373692106
0.8953382572156289
0.8952834281013867
0.8952284473714355
0.8951733138315633
0.895118029110045
0.8950625931592257
0.8950070056737789
0.8949512663242233
0.894895375004088
0.8948393317858714
0.8947831376631099
0.8947267906728349
0.8946702849778138
0.8946136231871921
0.8945568077179654
0.8944998394192153
0.8944427168464477
0.8943854388638673
0.8943280051838746
0.8942704155306654
0.8942126696312359
0.8941547672611446
0.8940967083332634
0.8940384941301743
0.893980124997172
0.893921600352475
0.8938629207952685
0.8938040837771576
0.8937450840976354
0.893685918805302
0.8936265878511357
0.8935670943335716
0.8935074401247901
0.8934476249369457
0.8933876485259729
0.8933275106605146
0.8932672111604797
0.8932067499792996
0.8931461272807858
0.8930853450565436
0.8930244049941197
0.8929632871363503
0.8929020058534769
0.892840561443975
0.8927789548719114
0.8927171848968428
0.8926552461695827
0.8925931384754547
0.8925308670567592
0.8924684296507833
0.892405825792037
0.8923430338151244
0.8922800397844467
0.8922168774774882
0.8921535473399418
0.8920900494485045
0.8920263842894849
0.8919625535840259
0.8918985562074411
0.8918343801376312
0.8917700354716418
0.8917055252517999
0.8916408336837984
0.8915759708171123
0.8915109370509804
0.8914457241252657
0.8913803372866974
0.8913147797614409
0.8912490537205856
0.8911831600309085
0.8911170879493058
0.8910508288336472
0.8909843916047001
0.8909177811754551
0.8908509972410976
0.8907840412262448
0.8907169156616597
0.890649612296704
0.8905821380368382
0.8905144787120309
0.8904466230899128
0.8903785862323235
0.8903103716612347
0.8902419803599504
0.8901734139188048
0.8901046742928563
0.8900357662835361
0.8899666839548235
0.8898974054422361
0.8898279284579806
0.8897582645485811
0.8896884203575762
0.889618396963789
0.8895481971756287
0.8894778208810693
0.8894072570533065
0.8893365090974037
0.8892655811233697
0.8891944551642211
0.8891231350488285
0.8890516328942892
0.8889799523156511
0.8889080855542446
0.8888360217530094
0.8887637785717184
0.8886913526506895
0.8886187367264958
0.8885459281696931
0.88847293167737
0.8883997403396445
0.8883263482975886
0.8882527720501266
0.8881790161222732
0.8881050716242911
0.8880309311039406
0.887956624479247
0.8878820871810205
0.887807353481922
0.8877324322227674
0.8876573294498922
0.8875820418147777
0.887506551285907
0.8874308737784077
0.8873549887513569
0.8872789039657222
0.8872026197357581
0.8871261492015118
0.8870494967643041
0.8869726434028048
0.8868955716257984
0.886818305518878
0.8867408472856454
0.8866631887105089
0.8865853370989344
0.8865073072091656
0.8864290444721518
0.8863505724202567
0.886271908563436
0.8861930547342323
0.8861140068674966
0.886034776233384
0.885955311845138
0.8858756259509987
0.885795742449584
0.8857156668215642
0.8856354054095845
0.8855549569044427
0.8854742856570748
0.8853933833730485
0.8853122724623003
0.8852309644934717
0.8851494669148795
0.8850677853617518
0.8849858866644208
0.8849037499375219
0.8848213969373946
0.8847388437065422
0.8846561048480535
0.8845731635417572
0.8844900057122824
0.8844066304582097
0.8843230249396586
0.8842392157042518
0.8841552127445076
0.8840710032402068
0.8839865818784672
0.8839019494888387
0.8838170823604585
0.8837320108198522
0.8836467348017074
0.8835612289973904
0.8834755281299952
0.8833896157876131
0.88330347251259
0.8832171140901135
0.8831305365632529
0.8830437413364345
0.8829567497131702
0.8828695407990645
0.8827821052711952
0.8826944462032241
0.8826065498691333
0.882518451234098
0.882430148735412
0.882341634876128
0.8822528970724864
0.8821638971207859
0.8820746873310081
0.8819852790342233
0.8818956562153268
0.881805821233528
0.8817157221495049
0.881625397432044
0.8815348636378065
0.8814441236486935
0.8813531777196532
0.8812619609317235
0.881170520870664
0.8810788588176076
0.880986990430702
0.8808949214270158
0.8808025708285298
0.8807100060889738
0.8806172109524822
0.8805242052037593
0.8804310033862748
0.88033750636403
0.880243796060536
0.8801498672166124
0.8800557224816756
0.879961370466767
0.8798667204675216
0.8797718519972758
0.8796767725895225
0.8795814783562796
0.8794859637099842
0.8793901520856023
0.8792941161815196
0.8791978734311963
0.8791014209632576
0.8790047301142213
0.8789077464567501
0.8788105315384297
0.8787131052176853
0.8786154963420407
0.8785176170704297
0.8784194494223235
0.8783210480400127
0.8782224343930706
0.8781236275593298
0.8780245324835101
0.8779251049979173
0.8778254376509902
0.8777255599863489
0.8776254713005912
0.877525136809969
0.8774245096147761
0.8773236377338318
0.8772225706791221
0.8771212527735539
0.8770196965586493
0.8769178592875632
0.8768157753084381
0.8767134785826126
0.8766109393797501
0.8765081589934587
0.8764051004833213
0.8763018068360252
0.8761982677151768
0.8760944984354436
0.8759904810834049
0.8758861891060554
0.8757816560727221
0.8756768699259082
0.8755718539734721
0.8754665894293404
0.8753610709623045
0.8752552767058502
0.8751492238414936
0.8750429530502327
0.874936435011027
0.8748296504404623
0.8747225917147514
0.8746152968558691
0.8745077686136311
0.8743999853389244
0.8742919178262986
0.8741835707780355
0.8740750030981123
0.8739662109461258
0.8738571440114146
0.8737477775802055
0.8736381608669054
0.8735283162116936
0.87341823267926
0.8733078680061166
0.8731972022586558
0.8730863069382255
0.8729751915931141
0.8728638006595322
0.8727520994786145
0.8726401484798326
0.8725279672190265
0.8724155353734229
0.8723028168525795
0.8721898025789121
0.8720765492093483
0.8719630621940926
0.8718492949949406
0.8717352341677103
0.8716209205967046
0.8715063737973506
0.8713915470263873
0.871276416377495
0.8711610285155027
0.8710454013945691
0.8709295203751862
0.8708133120694774
0.8706968535743875
0.8705801448658671
0.8704631854070001
0.8703459109827065
0.8702283593659748
0.8701105659428389
0.8699925257295387
0.8698741767543584
0.8697555216313174
0.869636631707233
0.8695174926417384
0.8693980703772061
0.8692783201766737
0.8691583217879297
0.8690380851190715
0.8689175825084307
0.8687967292798662
0.868675606580733
0.868554261319198
0.8684326741703041
0.8683107111530219
0.8681884631061775
0.8680659966618448
0.8679432967088033
0.8678202220492548
0.8676968547239813
0.8675732447837774
0.867449420975006
0.8673252401076468
0.8672007541230832
0.8670760005823822
0.8669510460742691
0.8668257440025928
0.866700129903513
0.8665742283963613
0.8664481350945911
0.8663217010302919
0.8661949514562396
0.8660678936648798
0.8659406290520903
0.8658130561007212
0.8656851779154817
0.8655569696859728
0.865428538457725
0.865299804082544
0.865170690330658
0.8650412400301316
0.8649115499072356
0.8647815515243984
0.8646512787254884
0.864520678994272
0.8643898196471893
0.8642586366209988
0.8641271967442586
0.8639954344210942
0.8638634068584997
0.8637310152594739
0.8635983828890821
0.8634654594728177
0.86333225842034
0.8631986695159505
0.8630648411608042
0.8629307370606952
0.8627963437853127
0.8626615568153394
0.8625265287347363
0.862391237528521
0.8622556457828402
0.8621196546996946
0.8619834198550967
0.8618469300724756
0.8617101290231545
0.8615729247189721
0.8614354733888386
0.8612977787546476
0.8611597623292316
0.861021340533176
0.8608826655641519
0.8607437493946604
0.8606045089393823
0.8604648727672438
0.8603249690076276
0.8601848246831879
0.8600443493846983
0.8599034913777981
0.8597623547347947
0.8596209804110695
0.8594792603899053
0.8593371709054692
0.8591947940919511
0.8590521862877899
0.8589092077411505
0.8587658762187491
0.8586222530110759
0.8584784261937897
0.858334161581698
0.8581895754504036
0.858044699981954
0.8578996025554574
0.8577540799668764
0.8576082384609903
0.8574621078025071
0.8573157348407549
0.8571689507626822
0.857021853237617
0.8568744652673157
0.856726802848463
0.8565787446027882
0.8564303775252676
0.8562817266872043
0.856132761555675
0.8559834187652524
0.8558337760676575
0.8556838701207313
0.8555335827135448
0.8553829431013952
0.8552320201175723
0.8550808598699281
0.8549292348643507
0.8547772868958582
0.8546250745538408
0.8544726028168612
0.8543196695145986
0.8541664189527055
0.8540129123525854
0.8538591129052013
0.8537048665406965
0.8535502150139174
0.8533953051301636
0.8532400539127064
0.8530843738681383
0.8529283933174991
0.8527721995484119
0.8526155850282593
0.8524585661251427
0.8523012677814348
0.8521437364169483
0.8519857769704982
0.8518274181769356
0.8516687913606755
0.851509907851832
0.851350584624348
0.8511908852858395
0.8510309431137214
0.8508707182753916
0.8507100055484391
0.8505489456368373
0.850387681085741
0.8502260629208193
0.8500639799921429
0.849901576725971
0.8497389494667298
0.8495759498535311
0.8494125030731048
0.8492487597318322
0.8490847789524354
0.8489203756224507
0.8487555514545555
0.8485904891162661
0.8484251087413972
0.8482592931500665
0.8480930943884408
0.8479266415790784
0.8477599096726376
0.8475926851995169
0.8474250961516788
0.8472572440290987
0.8470890983082467
0.8469204848707681
0.8467515503437968
0.8465822897678541
0.846412716034087
0.8462427105796165
0.8460723909303299
0.845901733252137
0.8457307349848172
0.8455593355886893
0.8453875965285379
0.8452155529129147
0.8450431212410834
0.8448703274445925
0.844697150593152
0.8445236944354666
0.8443498259078945
0.8441755917150066
0.8440009872754476
0.8438261038772753
0.8436508069526697
0.8434751173343308
0.8432990856444359
0.8431227565677981
0.8429460647968613
0.8427687817257906
0.8425911927504102
0.8424132781423845
0.8422349721927159
0.8420562424966277
0.8418772185970019
0.8416978572059002
0.8415180702884397
0.8413378755723238
0.8411573942349835
0.8409765903004841
0.8407952899676987
0.8406136160418877
0.8404316923315658
0.8402493650989298
0.8400665629074255
0.8398834636289938
0.8397000710467684
0.8395162148105871
0.8393319251634237
0.8391473586383058
0.8389625019348814
0.8387771396047632
0.838591368633686
0.8384053324989593
0.8382189431583982
0.8380320702956952
0.8378448677865873
0.8376573994381078
0.8374694314594875
0.8372810067661207
0.8370923132059808
0.8369033349925532
0.836713851353627
0.8365239431102985
0.8363337777848276
0.8361432460973529
0.8359522334465391
0.8357608790657102
0.8355692344608573
0.8353771323348326
0.8351845744647215
0.8349917252918075
0.8347985453874665
0.8346048869843772
0.8344108130690415
0.8342164895037161
0.8340217579815457
0.833826514701014
0.8336309446405341
0.8334350537928453
0.8332387249132096
0.8330419499543598
0.8328448173727346
0.8326472125736405
0.8324491506850977
0.8322507057350349
0.8320519610220143
0.8318527867029475
0.8316531455767806
0.8314531890724316
0.8312528241835365
0.8310520135904034
0.8308507885683076
0.8306492737949616
0.8304472982676496
0.8302448762840318
0.830042114513988
0.8298390017878516
0.8296354346215763
0.8294314515133335
0.8292272180498078
0.8290224727533778
0.8288172751682544
0.828611721422216
0.8284058285477646
0.8281994632411204
0.8279926854323947
0.8277856073138583
0.8275780773517843
0.8273700773874909
0.8271617379962066
0.826953116484685
0.8267439431950574
0.8265343263564624
0.8263244284041182
0.8261141450977448
0.8259033508616165
0.8256921907496546
0.8254807468475646
0.8252687753345354
0.8250563094128816
0.8248435626005234
0.8246304774987151
0.8244168429979492
0.8242027751921155
0.8239884652121312
0.8237736798512582
0.8235583567067276
0.8233426130359812
0.8231265305763316
0.8229098706183585
0.8226927272766313
0.8224753804711642
0.8222575571947562
0.8220391472169885
0.8218203726990051
0.8216013322766919
0.8213817874085392
0.8211617230336774
0.8209414450039312
0.8207207296959776
0.8204994065578689
0.8202776799549056
0.820055717890477
0.8198332854041568
0.8196102944589786
0.8193870191395288
0.8191633932138823
0.8189391787743397
0.8187144903968514
0.8184896047271933
0.8182642716407276
0.8180383456696637
0.8178120485978185
0.817585461253272
0.8173583680066757
0.8171307769561774
0.8169028768038173
0.8166746157065248
0.8164457886195303
0.8162165331819217
0.8159869816287012
0.815756942948115
0.8155263658902983
0.8152954466078236
0.8150642134411487
0.8148324080535774
0.8146001251325009
0.8143673208306553
0.8141341364480077
0.8139004224086915
0.8136662853323139
0.8134317825792025
0.8131967533856006
0.8129612415922565
0.8127253345590639
0.8124890959661174
0.8122523269238584
0.8120151089171082
0.8117774721917212
0.8115394308466073
0.8113009260311329
0.811061947040047
0.8108226720391943
0.8105828518932341
0.810342552618599
0.8101018314597974
0.8098607723741357
0.8096192380826928
0.8093771558538777
0.8091347354714583
0.8088918910787245
0.8086486176742603
0.8084048086609164
0.8081607011528615
0.8079161126568295
0.8076709742139605
0.8074254169054693
0.8071795234794524
0.8069331795472431
0.8066862345748799
0.806438957868269
0.8061912779695087
0.8059429139372283
0.8056939896690772
0.8054447875708219
0.8051951082798803
0.804944766202459
0.8046940887619004
0.8044430496556085
0.8041914413124507
0.8039393028266881
0.8036868728932629
0.8034340533656801
0.8031805622721029
0.802926660043543
0.802672485302445
0.8024177305507226
0.802162417436338
0.8019068183752571
0.8016508842840034
0.8013942070229452
0.8011370817421561
0.8008797352448777
0.8006218705020705
0.8003634019448272
0.8001046219125076
0.7998455396281224
0.7995857257414587
0.7993254097520545
0.7990648518110333
0.798803829774213
0.7985421514629771
0.798280144292179
0.798017823183963
0.7977545437708271
0.7974907431740617
0.7972267013331341
0.79696220384252
0.7966970144405735
0.7964314440974323
0.7961655791785218
0.7958990703565029
0.7956319956524073
0.7953646630746714
0.7950969195440869
0.7948284482918232
0.7945595812535001
0.794290479405259
0.7940207741858475
0.7937504169936309
0.7934798004232871
0.7932087339116536
0.7929370452639756
0.7926649404878462
0.7923925817965096
0.792119640633499
0.7918460521683761
0.7915722167203133
0.7912978446815236
0.7910229152491046
0.7907474719019769
0.7904717539723555
0.7901953703092102
0.7899182452378763
0.7896408320039143
0.7893628232520382
0.7890842935899838
0.7888052290415035
0.7885259229349857
0.7882459152999207
0.7879654216885073
0.787684573091708
0.7874032267020719
0.7871214299243814
0.7868390393652883
0.7865564193582234
0.7862729926268329
0.7859891645318154
0.7857049631362877
0.7854202849443127
0.7851350456367172
0.7848493928247237
0.7845634933450084
0.7842767606320658
0.7839896524230012
0.783702061113192
0.7834140052553439
0.7831253040584842
0.7828362519293104
0.7825467429942966
0.7822562850071592
0.7819653602568032
0.7816741290208536
0.7813824140017883
0.7810899693885957
0.7807972285184326
0.780504108898934
0.7802102545415046
0.7799159265905394
0.7796213592924807
0.7793262423554017
0.779030307271704
0.7787341039281617
0.7784376040401796
0.7781403500128051
0.7778426004040528
0.7775446625577085
0.7772461879930327
0.7769468599020144
0.776647161997474
0.7763472774551553
0.7760466063792117
0.7757453285082768
0.7754437708670587
0.7751415271108626
0.77483836593082
0.7745348438459693
0.7742311898726413
0.7739267262013871
0.7736215980046263
0.7733163029281002
0.7730106172273706
0.7727041037681377
0.7723970671537881
0.7720899125450885
0.7717819916984786
0.7714733722330612
0.7711645169777827
0.7708553753880314
0.7705454248648766
0.7702349179633827
0.7699242609155844
0.769612973416407
0.7693008436190333
0.7689884636952264
0.7686757672931992
0.76836199559493
0.7680475714976928
0.767732999320569
0.7674178970912817
0.7671018476896532
0.7667855788528232
0.7664689951866698
0.7661517829844698
0.7658337902549934
0.7655156076957236
0.7651968945270632
0.7648774214834367
0.7645575379778833
0.7642373567137284
0.7639167063700644
0.7635951854903505
0.7632735048029992
0.7629512043905148
0.7626283066522269
0.7623048564353642
0.7619810799855308
0.7616565847968941
0.7613310634964949
0.7610053774471995
0.7606790376785993
0.7603523670613552
0.7600249909522409
0.7596972923812152
0.7593690589697855
0.759039996818219
0.7587106927057282
0.7583807482481016
0.758050507982552
0.757719461353789
0.7573881123267231
0.7570562498941787
0.7567238733751259
0.7563910072771354
0.7560574547591815
0.7557236734548763
0.7553889520889682
0.7550535417633856
0.7547176089731769
0.754381314755732
0.7540444695217519
0.753706896535677
0.7533691221776291
0.753030468577935
0.7526913332666958
0.7523517571608457
0.7520118977029607
0.7516713121189385
0.7513299814931872
0.7509884781042164
0.7506464904391386
0.7503038106240684
0.7499605547894076
0.7496170522458412
0.7492729909716652
0.7489277407582036
0.7485821026714935
0.7482361388801888
0.7478894525404167
0.7475421438353143
0.7471945768459353
0.7468463126239199
0.7464971890753691
0.7461478591079108
0.7457981628277854
0.7454477907089093
0.7450967035354146
0.7447454358939796
0.7443937367874758
0.7440411306256715
0.7436880984821662
0.74333482057534
0.7429808268764752
0.7426255839138364
0.7422701758148454
0.7419144188314583
0.7415578260045538
0.7412005518711067
0.7408430282211149
0.740485025186981
0.7401260462554936
0.7397667883801898
0.7394072460635078
0.7390469931416
0.7386860484136595
0.7383248915515344
0.7379633717641209
0.7376007915645104
0.7372378699303919
0.7368744990901585
0.7365101884958796
0.7361451357767909
0.7357798383538853
0.7354141659891942
0.7350473502605213
0.7346801087155963
0.7343126552150746
0.7339446513731173
0.7335757634480587
0.7332066846842811
0.7328373499323267
0.7324670049793661
0.7320961671829175
0.73172505614488
0.731353476901429
0.7309807638136652
0.7306074860730147
0.7302339219064579
0.7298594946871987
0.7294843691583979
0.7291089083442893
0.7287331296527654
0.7283563568156088
0.7279791911765826
0.7276017819515082
0.7272238412522734
0.7268451084505381
0.7264660834258763
0.7260866559586041
0.7257062533711003
0.7253252629051942
0.724943707824881
0.7245615923102088
0.7241785278567445
0.7237950815824209
0.723411365159683
0.7230267205633549
0.7226415993606197
0.7222561825269475
0.7218703839592067
0.7214836842661252
0.7210965810470064
0.7207091343884955
0.7203210777883011
0.7199322578050791
0.7195428099998588
0.7191527348884478
0.7187616570556229
0.7183701651504376
0.7179784428199426
0.7175860310559948
0.7171928595824737
0.7167993954490752
0.7164056556086658
0.7160110401910295
0.7156159445009953
0.7152205917476299
0.71482462149622
0.7144278359534613
0.714030264971391
0.7136320900617861
0.71323306822895
0.7128335560124361
0.7124338087383107
0.71203349900902
0.7116323278901173
0.7112308495766974
0.7108290766793343
0.7104266742809732
0.7100237185227027
0.7096204361250685
0.7092165180628666
0.7088111648191768
0.708405251839522
0.7079990441700074
0.7075923029285263
0.7071847518191975
0.7067768846111416
0.7063685732411485
0.7059596109284324
0.7055501675694195
0.7051406323419052
0.7047304823958254
0.7043192793286537
0.7039075355603656
0.703494958502822
0.7030816415376819
0.7026676678257028
0.7022535394914554
0.7018388388722566
0.701423227953041
0.7010072238536128
0.7005912943022115
0.7001747549125462
0.6997572844745517
0.6993392993005257
0.6989208419523197
0.698501220325822
0.6980807923090404
0.6976602783633795
0.6972391508701088
0.6968171341807756
0.6963946929551665
0.6959721749103147
0.6955491862631487
0.6951253640483602
0.6947011685431383
0.6942764089671798
0.6938506846648207
0.693423817268404
0.6929967982250055
0.6925693071491714
0.6921409491854373
0.6917121177567515
0.6912830752300573
0.6908536747797465
0.6904234961705265
0.6899930014329693
0.6895618866477421
0.6891297153052429
0.6886965918323705
0.6882631682746778
0.6878293039640906
0.6873945619939476
0.6869592905204606
0.6865238756022067
0.6860880991127825
0.6856514773969737
0.6852145494433577
0.6847768010011417
0.6843382928635668
0.6838989008120772
0.6834590827383396
0.6830188651304037
0.6825777984365741
0.6821361714512776
0.6816944094048785
0.68125226001449
0.6808092218571957
0.6803657332558953
0.6799215121725427
0.6794766949747393
0.6790308340005697
0.6785846580326952
0.6781379937101482
0.6776907319031827
0.6772428331119557
0.6767946235158615
0.6763462056477965
0.6758968074044447
0.6754467043311314
0.674996010964528
0.6745448700506248
0.6740927566604602
0.6736402123513441
0.6731871318924268
0.6727336093386306
0.6722794865748359
0.6718250157949612
0.6713699099277328
0.6709141223664237
0.6704577444602879
0.6700005992190639
0.6695430095111352
0.6690846597707888
0.6686258290172106
0.6681661381712825
0.66770666807259
0.6672462834230931
0.6667852032713877
0.6663234220182213
0.6658616321645371
0.6653986865469814
0.6649349662589404
0.6644707100890865
0.6640063082418258
0.6635413248064279
0.6630754375479063
0.6626092079796024
0.6621426433664284
0.6616753699631228
0.6612071472494948
0.6607385517231377
0.66026933839775
0.6597993821025094
0.6593286449794294
0.6588582623706695
0.6583870619377489
0.6579148166163447
0.6574420335554018
0.6569695289927409
0.6564957986029499
0.6560207881921742
0.6555455251948628
0.6550705438689766
0.6545945826937902
0.6541175917333248
0.6536403593441928
0.6531633276448038
0.6526850987584881
0.6522055077821053
0.6517258965066175
0.6512462866992748
0.6507651901542181
0.6502837301275931
0.6498023972223816
0.649320625358137
0.6488373237424889
0.6483536803297527
0.6478697889228014
0.6473853788304188
0.6468994454385284
0.646413400103031
0.6459276229514894
0.6454409996629719
0.6449531409247165
0.6444652743000775
0.6439770404322328
0.6434877174860283
0.6429973222049451
0.6425067862533319
0.6420167223831191
0.641524995012716
0.6410326967266475
0.6405404866956752
0.6400479495047574
0.639553718868851
0.6390588893958786
0.638563966488986
0.6380690213328152
0.6375727316034179
0.637076151227102
0.6365796937757001
0.6360822759222169
0.635583536514186
0.6350843159259112
0.63458514937599
0.6340851728842012
0.6335844371763608
0.6330835863254167
0.6325829091072288
0.6320804840985987
0.6315772996544196
0.6310736607825738
0.6305701185714514
0.6300653785708928
0.6295603734587357
0.6290552118394764
0.6285498686574424
0.6280429064186872
0.6275352619311219
0.6270272992675402
0.6265192037521191
0.6260101812924944
0.6255009878876171
0.6249915503318831
0.6244815329290407
0.6239699132614072
0.623457905530834
0.6229457138884998
0.6224331146338133
0.6219198976985013
0.6214064942378431
0.6208928523957458
0.6203776241975695
0.6198615532543092
0.6193452834047688
0.618829156691725
0.6183120584999737
0.617794604846934
0.6172769435911676
0.6167584745454153
0.6162384417592109
0.6157181732343276
0.6151980632449066
0.6146775291438579
0.6141561414416375
0.6136344723024402
0.6131121839217886
0.6125887117946198
0.6120645696777196
0.6115405254279167
0.6110163647296777
0.6104914758661912
0.6099658079030829
0.6094395576923748
0.6089125841532671
0.6083848559900213
0.6078568904309934
0.6073289204662248
0.6068006040745396
0.606271076201958
0.6057407106950211
0.6052100718894254
0.6046791390069107
0.6041474149823505
0.6036153597951417
0.6030832108725414
0.6025504444123082
0.6020161991530107
0.6014814418111015
0.6009469750172233
0.6004121584100331
0.5998762834515786
0.5993398798515722
0.598803480449032
0.598265927838852
0.5977274892949077
0.5971891155027882
0.5966506938963447
0.5961115630402157
0.5955715668365856
0.5950307278586714
0.5944896368667947
0.5939484388168141
0.5934063339696763
0.5928637312459732
0.5923211967437902
0.5917778652489983
0.5912331204918805
0.5906883791429286
0.5901437320164478
0.589598330278649
0.589052208640662
0.5885057194997331
0.5879584645777638
0.5874108318028309
0.5868625995059249
0.5863139179149875
0.5857653017815677
0.5852160779663573
0.5846653271120179
0.584114439468082
0.5835636883955401
0.5830122993867345
0.5824602147520009
0.5819078189114975
0.5813545244182301
0.5808009218373994
0.5802467192922411
0.5796921805336442
0.5791375541254025
0.5785824780988473
0.5780258484043277
0.5774690633407245
0.5769122688728858
0.5763551506523478
0.5757973072872091
0.5752387782081962
0.5746795867771591
0.574120346264888
0.5735604116684521
0.5730000167037316
0.5724395106680403
0.5718784102754412
0.5713161175860322
0.570753628205471
0.5701910900511703
0.5696282307197013
0.5690646833793492
0.5685000976003233
0.5679353321806748
0.5673704545688221
0.5668050386348354
0.5662390176441597
0.5656727366293485
0.5651054423455513
0.5645381671782199
0.563970205014866
0.5634019760393654
0.5628334681199133
0.5622642089570526
0.5616941881708911
0.561124019479457
0.5605533106116022
0.5599826029213526
0.5594112622094394
0.5588389480132023
0.5582662214337559
0.5576936862020881
0.5571204305691649
0.5565471728316509
0.5559721233854169
0.5553977897203144
0.5548226070704374
0.5542472015072523
0.5536712254600722
0.5530945059911773
0.5525176511698072
0.5519405372570033
0.5513623891628552
0.5507845009562259
0.5502060332390651
0.5496270649443791
0.5490469897333475
0.548466889087734
0.547887513094746
0.5473066507962553
0.5467248401496521
0.5461428351462311
0.5455614788910296
0.5449794310207539
0.5443962124466113
0.5438122103583175
0.5432286685169768
0.5426451822819832
0.542060773485122
0.5414751138263021
0.5408894999228543
0.5403044426640675
0.5397184503204636
0.5391314201498424
0.5385439787490148
0.5379570710130098
0.5373696292232117
0.536780883797975
0.5361921453599934
0.535603452346818
0.5350145180549263
0.5344240444028024
0.5338335645538378
0.5332433419044177
0.5326529479572012
0.532060993372533
0.5314687418658859
0.5308767216091086
0.5302848652153613
0.52969177914363
0.5290978220577461
0.528504065755097
0.5279107206295911
0.5273165451014836
0.5267209365543131
0.5261253716527259
0.5255302573945716
0.5249349509495245
0.5243380388460932
0.5237407583107202
0.5231439004948398
0.5225473473914092
0.5219493077303141
0.5213504125419479
0.520751827207854
0.5201536433460211
0.5195544283626252
0.5189543362427147
0.5183539574666178
0.517754019513573
0.51715369697874
0.5165525025643622
0.515950448033673
0.5153488824133479
0.5147473382530805
0.5141447472330515
0.5135414059632026
0.5129383460830028
0.5123354933704924
0.5117314235930485
0.5111269838453406
0.5105221755641767
0.5099176754064498
0.5093127495198404
0.5087070936098598
0.5081008676920673
0.5074949051688993
0.5068888314573787
0.5062818562025682
0.5056743734570112
0.5050669305848007
0.5044595958150799
0.5038512602496495
0.5032426014685206
0.502633820549669
0.502025121157429
0.5014157690168535
0.5008059002017784
0.5001958024734727
0.4995857143983073
0.49897520828418807
0.49836410608899306
0.49775273948262183
0.4971414481113872
0.49652977328676806
0.4959176957570519
0.49530507699512105
0.49469247620531215
0.49407951616456847
0.4934665365922539
0.49285256509513
0.492238638227214
0.4916244653736322
0.49101066599982857
0.4903956266935059
0.4897802876944731
0.4891651354496266
0.4885504794782399
0.48793425863061896
0.48731757858372554
0.4867012037133376
0.4860853861656113
0.4854683590331622
0.48485045909082003
0.48423303990405253
0.4836161994636052
0.4829981262951531
0.48237922972203956
0.4817608528725236
0.48114249600713616
0.4805234603411647
0.47990397833239795
0.4792847122011635
0.47866495788483604
0.47804492182364333
0.47742472930591967
0.4768046768378719
0.47618335999107414
0.4755622318160198
0.47494154560878055
0.47432067603153444
0.4736981289692621
0.473075938460235
0.47245457193840656
0.47183253427750643
0.47120926903525506
0.47058617179695045
0.4699640133117334
0.4693408192940315
0.4687169664889504
0.4680930299164639
0.46746956402750184
0.46684540755127857
0.46622114303784185
0.46559670298497813
0.46497168824733176
0.46434652403315857
0.46372162384284443
0.4630969832131204
0.46247063452080317
0.46184451281232697
0.4612192223952952
0.46059359226699426
0.45996671584318166
0.4593397511162818
0.45871375715765855
0.45808668810109104
0.45745966383883674
0.4568324753824721
0.45620487846914576
0.455577295108071
0.454949470653868
0.4543221726696924
0.4536934135738263
0.4530647448071093
0.45243689073904736
0.45180853260127707
0.4511793071092606
0.45054994691694256
0.4499216550386566
0.4492919626298739
0.4486624622225808
0.4480330751765382
0.44740292055074893
0.44677284418950053
0.4461429818791494
0.4455133644084063
0.44488234086005346
0.44425154820352575
0.4436216155526916
0.44299051952200585
0.44235938902687727
0.4417286429884027
0.44109761740487236
0.44046547672597436
0.4398344819232451
0.43920333777559745
0.4385708572437102
0.43793914134977174
0.43730751249301
0.43667523491485116
0.4360428350604828
0.43541110107116576
0.43477818008786795
0.4341449405815066
0.4335136737413102
0.43288051713899384
0.43224729327272543
0.4316143540401331
0.4309811262832046
0.4303480611055989
0.4297150044499835
0.42908197719746216
0.428447323546211
0.42781399277267346
0.4271814934182811
0.4265468750365002
0.42591318239663006
0.42527931080608333
0.42464462458845575
0.42401137897448055
0.4233776407311464
0.42274260970595406
0.42210777858431264
0.42147402535818473
0.4208398975305665
0.42020531750920254
0.41957071147926733
0.41893520237631415
0.4183004584265009
0.4176669831781623
0.4170317548348753
0.4163960562523436
0.4157612054709164
0.4151259532664215
0.41449135838766576
0.41385686228133917
0.4132207134435257
0.4125850386473113
0.41195047489946585
0.4113153046081293
0.4106799913862788
0.41004456479240103
0.40940832480186906
0.4087730184974591
0.4081386038724944
0.40750263008076437
0.40686651131799195
0.40623115692102674
0.4055950447019986
0.4049601868867889
0.40432505862373985
0.40368803844329865
0.4030524312459702
0.40241721467653846
0.40178155175355446
0.4011461824488461
0.4005099385016235
0.3998734906400075
0.3992382484917893
0.3986029870568226
0.39796689523365564
0.39733100141292965
0.3966948586820901
0.39605926081601833
0.3954243089645135
0.3947880131277202
0.3941519743310324
0.39351653188578783
0.39288036593701836
0.39224522068071227
0.3916099255512866
0.39097342179756683
0.3903377238038667
0.3897021915107605
0.3890667490473434
0.38843148706860264
0.38779529881309177
0.38715949488883167
0.3865246899155923
0.3858889232158324
0.3852535984254649
0.3846183370965687
0.3839821474770751
0.383347382698355
0.38271206705774163
0.382076831782165
0.38144193102097107
0.3808059817061063
0.3801712147792827
0.37953671319496224
0.37890122373189306
0.37826637744787506
0.37763103715232993
0.37699630032784526
0.3763621507984094
0.3757269409118198
0.37509229271475414
0.3744576356859534
0.3738228445461528
0.37318899842185055
0.37255426882827747
0.37191985064715466
0.3712858055413335
0.37065116707275286
0.3700177537180297
0.3693834863873883
0.3687493598020671
0.3681154202218559
0.3674813690135919
0.36684822592061306
0.3662145435504758
0.36558082844518064
0.36494727092734547
0.3643137973514397
0.3636810049602041
0.3630479451443534
0.3624147314844853
0.36178139824399236
0.36114851610093934
0.36051582697702456
0.35988377769674323
0.35925092060673114
0.3586182933453688
0.3579856620768879
0.35735358964570163
0.3567219753493452
0.35608989975993055
0.3554577131390791
0.3548256346698814
0.3541937652301236
0.3535630946307763
0.3529315214015182
0.35230018738446384
0.35166855030316696
0.3510372307800617
0.35040683478092427
0.34977605266128986
0.34914569501686604
0.3485147171190987
0.34788398452957753
0.3472538508930241
0.3466239683897259
0.3459944273158565
0.3453640946596655
0.3447341049143222
0.34410443607823216
0.3434752759923828
0.3428463599681171
0.34221696363281034
0.34158813477923294
0.3409585112132712
0.3403299800430057
0.33970170531849464
0.3390733517466734
0.33844534010266913
0.33781668247117463
0.33718879218636877
0.3365611106263049
0.3359333836281381
0.335306450159089
0.33467866308189836
0.33405163955848155
0.3334244273887482
0.3327979997104868
0.33217119287734126
0.33154505940235574
0.3309185786738351
0.3302919654485175
0.3296666557598536
0.32904020105099435
0.32841550283822946
0.32778981381582295
0.32716454886076085
0.3265393970522102
0.32591416745217855
0.3252895894001657
0.32466507812025563
0.3240414394247316
0.32341655185506046
0.32279336765686806
0.32216859760345834
0.3215453821714432
0.32092206233502957
0.32029913070739674
0.3196760450052056
0.31905287592664716
0.3184302178346455
0.3178074394192272
0.3171863236917913
0.3165638725045317
0.3159427914063582
0.31532011159036805
0.31469876701907784
0.3140773006875009
0.31345692077319626
0.3128362181036612
0.31221548134242705
0.311594758154829
0.31097408802523324
0.3103545469008381
0.30973479158916345
0.30911614977029767
0.3084958452493824
0.3078771144145163
0.30725712099994434
0.30663927715904143
0.30602061506328265
0.3054032251018044
0.30478424553553335
0.3041663089698675
0.303548256195761
0.30293112186115106
0.30231435637036075
0.301697569049769
0.3010806336879887
0.3004635393622421
0.29984728821202083
0.299231109844366
0.29861604861987096
0.2980002223131189
0.2973851332611107
0.2967689449117229
0.29615453957185894
0.2955391543031552
0.2949259718036266
0.2943109496757636
0.293697657238261
0.29308272422451276
0.2924697441945136
0.2918556861212381
0.2912437162119958
0.29063026892160976
0.29001812450709574
0.2894050500397586
0.28879297166477746
0.2881809274665197
0.28756983808039704
0.2869580894730555
0.286347131941024
0.28573549768362516
0.2851253648336126
0.2845142127431782
0.2839050962157089
0.28329433603143006
0.282685032659478
0.28207478577788403
0.28146600889953327
0.2808565541182451
0.28024859610308417
0.27963959260704374
0.279031622260987
0.278422781466003
0.2778156263200804
0.2772075847108732
0.27660115342007396
0.27599359822488073
0.2753871040559919
0.27477966605994497
0.2741740075998493
0.2735674354031974
0.2729623703535185
0.2723564520595371
0.27175119469884695
0.2711455589510195
0.27054073938866746
0.269936150473047
0.26933218251657803
0.26872828026473256
0.26812416086469754
0.2675203223868949
0.2669166524671967
0.266313621313827
0.2657109048096145
0.2651087213911089
0.2645061592331881
0.2639042483751795
0.2633019081951834
0.26270036000672214
0.26209885339471983
0.26149858879795124
0.26089733874729515
0.2602971970734583
0.2596960772433819
0.25909590337211985
0.2584960124575561
0.25789639799709035
0.2572977543208777
0.2566983877795787
0.2560995516311835
0.2555008219237564
0.25490208131898884
0.2543040415942292
0.2537067508248677
0.2531087487762979
0.25251193538141126
0.2519142941864096
0.25131752568991644
0.2507206065373288
0.25012412649961663
0.24952859501066332
0.24893233507308385
0.24833714140836405
0.24774167265108915
0.2471463776905388
0.24655124188377803
0.24595697051281806
0.24536234479023397
0.2447683253844519
0.24417437074856152
0.24358097943967952
0.24298727921759875
0.24239404223786185
0.2418015686235725
0.24120815017061578
0.24061617211331904
0.24002386582376053
0.23943215499955858
0.2388403057474147
0.2382486165495193
0.23765769650455731
0.23706622829167565
0.2364755276650035
0.23588476947965661
0.23529519601312404
0.23470477125383302
0.23411478870635158
0.23352570912489254
0.2329356070168462
0.2323465231895832
0.2317574890119515
0.23116927268652332
0.23058084029553524
0.22999263727276556
0.22940496580013134
0.22881635660848573
0.2282291025116743
0.22764120463423435
0.2270545027336412
0.22646839980433686
0.22588121094339716
0.22529514702244993
0.22470822086287554
0.2241221046608777
0.22353597573497247
0.22295060748367482
0.22236586689884155
0.2217801176091731
0.22119602806268043
0.22061083347031848
0.2200254534382362
0.21944196145745704
0.21885690349590411
0.21827319145846097
0.21769007525389342
0.21710652004183
0.21652358167284494
0.21593968849543438
0.21535648119715725
0.21477359615032235
0.21419102799224815
0.21360898938260353
0.21302667079682447
0.21244542806253763
0.2118629329080234
0.21128089415126894
0.210699878860173
0.21011732681920398
0.20953661855784578
0.2089562820010357
0.2083748850417885
0.20779507048135934
0.20721422624610364
0.20663334234979117
0.2060533580850528
0.20547274703644516
0.20489320301283265
0.2043135712644044
0.2037342265140421
0.20315556198937362
0.20257546930494721
0.2019964234190236
0.20141768558497353
0.20083794802162508
0.2002596930756119
0.19968165908125912
0.19910312771850747
0.19852556447361724
0.19794696663759362
0.19736893825986832
0.1967915243537671
0.19621288353049648
0.1956355624778121
0.19505890262369016
0.19448124400361258
0.1939042669901085
0.19332762824975244
0.19275008150534728
0.1921733349024717
0.191596437408549
0.19101962936994957
0.19044361179216426
0.18986700751114402
0.18929115606056826
0.18871507290957293
0.18813854155283832
0.18756255228325797
0.18698670135460185
0.18641045398413972
0.18583504429481199
0.18525978223082368
0.18468418026099373
0.1841089642148825
0.1835335595515473
0.18295803394092164
0.18238332367277477
0.1818077126238183
0.181232542395022
0.18065818559331376
0.18008319986219018
0.179508444322052
0.1789344599602566
0.17835908433774736
0.17778408663453016
0.1772103893390125
0.17663583627615526
0.17606045162968723
0.17548681885098263
0.1749131008797827
0.17433884936956956
0.17376390581090856
0.17318998989142112
0.17261626520071593
0.1720419773438166
0.17146718603281588
0.17089353728260387
0.17032032885560966
0.16974584699506612
0.16917157917512188
0.16859811472514388
0.16802430973941673
0.16744980004027907
0.16687611632537133
0.1663025633958146
0.16572837667409532
0.165154527700042
0.1645813929585509
0.16400718658629176
0.16343323517730995
0.16285963212593393
0.16228566288730317
0.16171151294687325
0.16113770053394008
0.16056400906803578
0.1599903545664515
0.15941635951131708
0.15884242452517103
0.15826851951399942
0.15769473769288997
0.15712057439511865
0.15654608081934773
0.15597197624769193
0.15539826470788612
0.15482389418509795
0.15424956981756932
0.15367550120142656
0.15310146566909213
0.15252700612352144
0.15195237763900718
0.15137761072819003
0.1508033095954945
0.1502282349641181
0.1496536582338175
0.14907859253087227
0.14850418383683722
0.1479293389139879
0.14735390231224402
0.14677844513559288
0.14620370283691933
0.14562864998873531
0.1450523555362852
0.14447597849882965
0.14390041169533235
0.14332520617693037
0.14274937162571044
0.1421728150398075
0.1415963380153384
0.14101993221838433
0.14044352384938855
0.13986701100876378
0.13928988698349182
0.13871165274129957
0.13813450956731774
0.13755749475011655
0.1369802419306111
0.13640180785001438
0.13582365945163588
0.13524553712894483
0.13466737413123517
0.13408865208683673
0.1335091902441501
0.13293001309985297
0.13235036664207883
0.13177069634102948
0.13119100032609363
0.13061011677909146
0.13002960391179347
0.12944888549028513
0.12886858155609413
0.12828767774971456
0.1277049267757724
0.1271224229545944
0.1265406607407529
0.12595845338925085
0.1253749732639446
0.12479090137707033
0.12420740942825624
0.12362386766079982
0.12303959873957991
0.12245411442938843
0.12186852868413425
0.12128347054442852
0.1206979702358065
0.12011124278650691
0.119523760453108
0.11893600594580561
0.11834832056372258
0.1177600640777433
0.1171713779012608
0.11658173909289753
0.11599184586635163
0.11540168476108818
0.11481079857959886
0.11421960777386682
0.11362741061273103
0.11303443396766359
0.11244106549587524
0.11184827410874025
0.11125377936030562
0.11065777029192864
0.11006148413085425
0.1094649612015396
0.10886852655054277
0.10827206209813518
0.10767320229285376
0.10707305708748799
0.10647261040771833
0.10587204036223068
0.10527126074651184
0.10466934687970544
0.104065567753843
0.10346135109254143
0.1028562722517727
0.10225008987194927
0.1016437076364541
0.10103620811806338
0.1004280518567636
0.09981846750773969
0.09920751687554005
0.09859519214173686
0.09798265322811352
0.09736965267776222
0.09675567202919051
0.09613981183505686
0.09552198091453962
0.09490298265435153
0.09428332502555663
0.09366262494280268
0.09304089556831176
0.09241810494345214
0.09179337183091014
0.09116681874523894
0.09053910603986802
0.089910202595029
0.08927988164580893
0.08864784752160082
0.08801473687932937
0.08738011186893231
0.08674296911411454
0.08610419156524783
0.08546412709857627
0.08482209535496552
0.08417838264012571
0.08353285306160751
0.08288508543817412
0.08223552786650432
0.08158347006414761
0.08093021011331279
0.0802749592994135
0.07961712196599204
0.07895655995840989
0.07829391039988091
0.07762907815861922
0.07696065763822243
0.07629109234433505
0.07561850472457932
0.07494323338156864
0.0742653917629083
0.073584841344563
0.07290128925720608
0.07221426472058291
0.07152328416181601
0.07082961745901335
0.07013304849264891
0.06943315134501142
0.06873005611625888
0.06802314541821311
0.0673115919318413
0.06659613505929202
0.06587687896659138
0.06515350764914861
0.06442580961266658
0.06369384100508338
0.0629569374019104
0.06221515163265779
0.061468193354826464
0.06071582705638864
0.05995800306347172
0.05919475994137766
0.05842529798571773
0.05764953126295957
0.05686743153221634
0.05607868724268908
0.05528296456354047
0.05447984578752362
0.05366895867308538
0.05284996880323609
0.05202238264442574
0.05118586852376422
0.050340098159289456
0.04948446541762779
0.048618551199787044
0.047741816591028136
0.04685327450061155
0.04595223856131219
0.04503826062978179
0.04411025309825059
0.04316736976344665
0.04220869811087852
0.04123305916559015
0.04023926959888743
0.03922609721253441
0.03819214249170259
0.03713564802267061
0.03605449083040229
0.034946117870248185
0.03380775953980219
0.03263630360973992
0.03142789461564222
0.03017814414444901
0.028881739367241737
0.027532252222712435
0.02612219251127926
0.024640730247285438
0.023074079671076577
0.02140322434305037
0.019600834280614553
0.017626242244064207
0.015413304060117827
0.012839131957491277
0.009619915208466296
0.004545564812069724
0.0
0.0
0.0
0.0
0.0
0.0
0.0
0.0
0.0
0.0
0.0
0.0
0.0
0.0
0.0
0.0
0.0
0.0
0.0
0.0
0.0
0.0
0.0
0.0
0.0
0.0
0.0
0.0
0.0
0.0
0.0
0.0
0.0
0.0
0.0
0.0
0.0
0.0
0.0
0.0
0.0
0.0
0.0
0.0
0.0
0.0
0.0
0.0
0.0
0.0
0.0
0.0
0.0
0.0
0.0
0.0
0.0
0.0
0.0
0.0
0.0
0.0
0.0
0.0
0.0
0.0
0.0
0.0
0.0
0.0
0.0
0.0
0.0
0.0
0.0
0.0
0.0
0.0
0.0
0.0
0.0
0.0
0.0
0.0
0.0
0.0
0.0
0.0
0.0
0.0
0.0
0.0
0.0
0.0
0.0
0.0
0.0
0.0
0.0
0.0
0.0
0.0
0.0
0.0
0.0
0.0
0.0
0.0
0.0
0.0
0.0
0.0
0.0
0.0
0.0
0.0
0.0
0.0
0.0
0.0
0.0
0.0
0.0
0.0
0.0
0.0
0.0
0.0
0.0
0.0
0.0
0.0
0.0
0.0
0.0
0.0
0.0
0.0
0.0
0.0
0.0
0.0
0.0
0.0
0.0
0.0
0.0
0.0
0.0
0.0
0.0
0.0
0.0
0.0
0.0
0.0
0.0
0.0
0.0
0.0
0.0
0.0
0.0
0.0
0.0
0.0
0.0
0.0
0.0
0.0
0.0
0.0
0.0
0.0
0.0
0.0
0.0
0.0
0.0
0.0
0.0
0.0
0.0
0.0
0.0
0.0
0.0
0.0
0.0
0.0
0.0
0.0
0.0
0.0
0.0
0.0
0.0
0.0
0.0
0.0
0.0
0.0
0.0
0.0
0.0
0.0
0.0
0.0
0.0
0.0
0.0
0.0
0.0
0.0
0.0
0.0
0.0
0.0
0.0
0.0
0.0
0.0
0.0
0.0
0.0
0.0
0.0
0.0
0.0
0.0
0.0
0.0
0.0
0.0
0.0
0.0
0.0
0.0
0.0
0.0
0.0
0.0
0.0
0.0
0.0
0.0
0.0
0.0
0.0
0.0
0.0
0.0
0.0
0.0
0.0
0.0
0.0
0.0
0.0
0.0
0.0
0.0
0.0
0.0
0.0
0.0
0.0
0.0
0.0
0.0
0.0
0.0
0.0
0.0
0.0
0.0
0.0
0.0
0.0
0.0
0.0
0.0
0.0
0.0
0.0
0.0
0.0
0.0
0.0
0.0
0.0
0.0
0.0
0.0
0.0
0.0
0.0
0.0
0.0
0.0
0.0
0.0
0.0
0.0
0.0
0.0
0.0
0.0
0.0
0.0
0.0
0.0
0.0
0.0
0.0
0.0
0.0
0.0
0.0
0.0
0.0
0.0
0.0
0.0
0.0
0.0
0.0
0.0
0.0
0.0
0.0
0.0
0.0
0.0
0.0
0.0
0.0
0.0
0.0
0.0
0.0
0.0
0.0
0.0
0.0
0.0
0.0
0.0
0.0
0.0
0.0
0.0
0.0
0.0
0.0
0.0
0.0
0.0
0.0
0.0
0.0
0.0
0.0
0.0
0.0
0.0
0.0
0.0
0.0
0.0
0.0
0.0
0.0
0.0
0.0
0.0
0.0
0.0
0.0
0.0
0.0
0.0
0.0
0.0
0.0
0.0
0.0
0.0
0.0
0.0
0.0
0.0
0.0
0.0
0.0
0.0
0.0
0.0
0.0
0.0
0.0
0.0
0.0
0.0
0.0
0.0
0.0
0.0
0.0
0.0
0.0
0.0
0.0
0.0
0.0
0.0
0.0
0.0
0.0
0.0
0.0
0.0
0.0
0.0
0.0
0.0
0.0
0.0
0.0
0.0
0.0
0.0
0.0
0.0
0.0
0.0
0.0
0.0
0.0
0.0
0.0
0.0
0.0
0.0
0.0
0.0
0.0
0.0
0.0
0.0
0.0
0.0
0.0
0.0
0.0
0.0
0.0
0.0
0.0
0.0
0.0
0.0
0.0
0.0
0.0
0.0
0.0
0.0
0.0
0.0
0.0
0.0
0.0
0.0
0.0
0.0
0.0
0.0
0.0
0.0
0.0
0.0
0.0
0.0
0.0
0.0
0.0
0.0
0.0
0.0
0.0
0.0
0.0
0.0
0.0
0.0
0.0
0.0
0.0
0.0
0.0
0.0
0.0
0.0
0.0
0.0
0.0
0.0
0.0
0.0
0.0
0.0
0.0
0.0
0.0
0.0
0.0
0.0
0.0
0.0
0.0
0.0
0.0
0.0
0.0
0.0
0.0
0.0
0.0
0.0
0.0
0.0
0.0
0.0
0.0
0.0
0.0
0.0
0.0
0.0
0.0
0.0
0.0
0.0
0.0
0.0
0.0
0.0
0.0
0.0
0.0
0.0
0.0
0.0
0.0
0.0
0.0
0.0
0.0
0.0
0.0
0.0
0.0
0.0
0.0
0.0
0.0
0.0
0.0
0.0
0.0
0.0
0.0
0.0
0.0
0.0
0.0
0.0
0.0
0.0
0.0
0.0
0.0
0.0
0.0
0.0
0.0
0.0
0.0
0.0
0.0
0.0
0.0
0.0
0.0
0.0
0.0
0.0
0.0
0.0
0.0
0.0
0.0
0.0
0.0
0.0
0.0
0.0
0.0
0.0
0.0
0.0
0.0
0.0
0.0
0.0
0.0
0.0
0.0
0.0
0.0
0.0
0.0
0.0
0.0
0.0
0.0
0.0
0.0
0.0
0.0
0.0
0.0
0.0
0.0
0.0
0.0
0.0
0.0
0.0
0.0
0.0
0.0
0.0
0.0
0.0
0.0
0.0
0.0
0.0
0.0
0.0
0.0
0.0
0.0
0.0
0.0
0.0
0.0
0.0
0.0
0.0
0.0
0.0
0.0
0.0
0.0
0.0
0.0
0.0
0.0
0.0
0.0
0.0
0.0
0.0
0.0
0.0
0.0
0.0
0.0
0.0
0.0
0.0
0.0
0.0
0.0
0.0
0.0
0.0
0.0
0.0
0.0
0.0
0.0
0.0
0.0
0.0
0.0
0.0
0.0
0.0
0.0
0.0
0.0
0.0
0.0
0.0
0.0
0.0
0.0
0.0
0.0
0.0
0.0
0.0
0.0
0.0
0.0
0.0
0.0
0.0
0.0
0.0
0.0
0.0
0.0
0.0
0.0
0.0
0.0
0.0
0.0
0.0
0.0
0.0
0.0
0.0
0.0
0.0
0.0
0.0
0.0
0.0
0.0
0.0
0.0
0.0
0.0
0.0
0.0
0.0
0.0
0.0
0.0
0.0
0.0
0.0
0.0
0.0
0.0
0.0
0.0
0.0
0.0
0.0
0.0
0.0
0.0
0.0
0.0
0.0
0.0
0.0
0.0
0.0
0.0
0.0
0.0
0.0
0.0
0.0
0.0
0.0
0.0
0.0
0.0
0.0
0.0
0.0
0.0
0.0
0.0
0.0
0.0
0.0
0.0
0.0
0.0
0.0
0.0
0.0
0.0
0.0
0.0
0.0
0.0
0.0
0.0
0.0
0.0
0.0
0.0
0.0
0.0
0.0
0.0
0.0
0.0
0.0
0.0
0.0
0.0
0.0
0.0
0.0
0.0
0.0
0.0
0.0
0.0
0.0
0.0
0.0
0.0
0.0
0.0
0.0
0.0
0.0
0.0
0.0
0.0
0.0
0.0
0.0
0.0
0.0
0.0
0.0
0.0
0.0
0.0
0.0
0.0
0.0
0.0
0.0
0.0
0.0
0.0
0.0
0.0
0.0
0.0
0.0
0.0
0.0
0.0
0.0
0.0
0.0
0.0
0.0
0.0
0.0
0.0
0.0
0.0
0.0
0.0
0.0
0.0
0.0
0.0
0.0
0.0
0.0
0.0
0.0
0.0
0.0
0.0
0.0
0.0
0.0
0.0
0.0
0.0
0.0
0.0
0.0
0.0
0.0
0.0
0.0
0.0
0.0
0.0
0.0
0.0
0.0
0.0
0.0
0.0
0.0
0.0
0.0
0.0
0.0
0.0
0.0
0.0
0.0
0.0
0.0
0.0
0.0
0.0
0.0
0.0
0.0
0.0
0.0
0.0
0.0
0.0
0.0
0.0
0.0
0.0
0.0
0.0
0.0
0.0
0.0
0.0
0.0
0.0
0.0
0.0
0.0
0.0
0.0
0.0
0.0
0.0
0.0
0.0
0.0
0.0
0.0
0.0
0.0
0.0
0.0
0.0
0.0
0.0
0.0
0.0
0.0
0.0
0.0
0.0
0.0
0.0
0.0
0.0
0.0
0.0
0.0
0.0
0.0
0.0
0.0
0.0
0.0
0.0
0.0
0.0
0.0
0.0
0.0
0.0
0.0
0.0
0.0
0.0
0.0
0.0
0.0
0.0
0.0
0.0
0.0
0.0
0.0
0.0
0.0
0.0
0.0
0.0
0.0
0.0
0.0
0.0
0.0
0.0
0.0
0.0
0.0
0.0
0.0
0.0
0.0
0.0
0.0
0.0
0.0
0.0
0.0
0.0
0.0
0.0
0.0
0.0
0.0
0.0
0.0
0.0
0.0
0.0
0.0
0.0
0.0
0.0
0.0
0.0
0.0
0.0
0.0
0.0
0.0
0.0
0.0
0.0
0.0
0.0
0.0
0.0
0.0
0.0
0.0
0.0
0.0
0.0
0.0
0.0
0.0
0.0
0.0
0.0
0.0
0.0
0.0
0.0
0.0
0.0
0.0
0.0
0.0
0.0
0.0
0.0
0.0
0.0
0.0
0.0
0.0
0.0
0.0
0.0
0.0
0.0
0.0
0.0
0.0
0.0
0.0
0.0
0.0
0.0
0.0
0.0
0.0
0.0
0.0
0.0
0.0
0.0
0.0
0.0
0.0
0.0
0.0
0.0
0.0
0.0
0.0
0.0
0.0
0.0
0.0
0.0
0.0
0.0
0.0
0.0
0.0
0.0
0.0
0.0
0.0
0.0
0.0
0.0
0.0
0.0
0.0
0.0
0.0
0.0
0.0
0.0
0.0
0.0
0.0
0.0
0.0
0.0
0.0
0.0
0.0
0.0
0.0
0.0
0.0
0.0
0.0
0.0
0.0
0.0
0.0
0.0
0.0
0.0
0.0
0.0
0.0
0.0
0.0
0.0
0.0
0.0
0.0
0.0
0.0
0.0
0.0
0.0
0.0
0.0
0.0
0.0
0.0
0.0
0.0
0.0
0.0
0.0
0.0
0.0
0.0
0.0
0.0
0.0
0.0
0.0
0.0
0.0
0.0
0.0
0.0
0.0
0.0
0.0
0.0
0.0
0.0
0.0
0.0
0.0
0.0
0.0
0.0
0.0
0.0
0.0
0.0
0.0
0.0
0.0
0.0
0.0
0.0
0.0
0.0
0.0
0.0
0.0
0.0
0.0
0.0
0.0
0.0
0.0
0.0
0.0
0.0
0.0
0.0
0.0
0.0
0.0
0.0
0.0
0.0
0.0
0.0
0.0
0.0
0.0
0.0
0.0
0.0
0.0
0.0
0.0
0.0
0.0
0.0
0.0
0.0
0.0
0.0
0.0
0.0
0.0
0.0
0.0
0.0
0.0
0.0
0.0
0.0
0.0
0.0
0.0
0.0
0.0
0.0
0.0
0.0
0.0
0.0
0.0
0.0
0.0
0.0
0.0
0.0
0.0
0.0
0.0
0.0
0.0
0.0
0.0
0.0
0.0
0.0
0.0
0.0
0.0
0.0
0.0
0.0
0.0
0.0
0.0
0.0
0.0
0.0
0.0
0.0
0.0
0.0
0.0
0.0
0.0
0.0
0.0
0.0
0.0
0.0
0.0
0.0
0.0
0.0
0.0
0.0
0.0
0.0
0.0
0.0
0.0
0.0
0.0
0.0
0.0
0.0
0.0
0.0
0.0
0.0
0.0
0.0
0.0
0.0
0.0
0.0
0.0
0.0
0.0
0.0
0.0
0.0
0.0
0.0
0.0
0.0
0.0
0.0
0.0
0.0
0.0
0.0
0.0
0.0
0.0
0.0
0.0
0.0
0.0
0.0
0.0
0.0
0.0
0.0
0.0
0.0
0.0
0.0
0.0
0.0
0.0
0.0
0.0
0.0
0.0
0.0
0.0
0.0
0.0
0.0
0.0
0.0
0.0
0.0
0.0
0.0
0.0
0.0
0.0
0.0
0.0
0.0
0.0
0.0
0.0
0.0
0.0
0.0
0.0
0.0
0.0
0.0
0.0
0.0
0.0
0.0
0.0
0.0
0.0
0.0
0.0
0.0
0.0
0.0
0.0
0.0
0.0
0.0
0.0
0.0
0.0
0.0
0.0
0.0
0.0
0.0
0.0
0.0
0.0
0.0
0.0
0.0
0.0
0.0
0.0
0.0
0.0
0.0
0.0
0.0
0.0
0.0
0.0
0.0
0.0
0.0
0.0
0.0
0.0
0.0
0.0
0.0
0.0
0.0
0.0
0.0
0.0
0.0
0.0
0.0
0.0
0.0
0.0
0.0
0.0
0.0
0.0
0.0
0.0
0.0
0.0
0.0
0.0
0.0
0.0
0.0
0.0
0.0
0.0
0.0
0.0
0.0
0.0
0.0
0.0
0.0
0.0
0.0
0.0
0.0
0.0
0.0
0.0
0.0
0.0
0.0
0.0
0.0
0.0
0.0
0.0
