0.0002465669875938437
0.00024662548420931353
0.0002466807830351903
0.0002467339886637661
0.00024678444318906596
0.0002468338980684261
0.00024688219316417506
0.0002469287623953218
0.000246973941159834
0.00024701847202040415
0.0002470623285413849
0.00024710521428902046
0.00024714707283739234
0.00024718821495128986
0.0002472287398189326
0.00024726872338849226
0.00024730807526663777
0.0002473472024737514
0.0002473860420766735
0.0002474243380158784
0.00024746153263380163
0.0002474985660942208
0.00024753549328834665
0.00024757224854662837
0.00024760858045457565
0.00024764478582186666
0.0002476807755131426
0.00024771645750841953
0.00024775164090094266
0.00024778664698207935
0.0002478215091512065
0.00024785625681004645
0.0002478908042523669
0.00024792511115180924
0.00024795933808240855
0.0002479935160046969
0.00024802755347941074
0.000248061399825545
0.00024809518098227207
0.0002481288549449855
0.00024816236333417954
0.0002481954938075792
0.00024822861041459454
0.0002482617178854205
0.0002482948198311606
0.00024832782971437496
0.00024836074708606764
0.0002483935816992833
0.000248426344272941
0.00024845907745774267
0.00024849163392118745
0.00024852418392170325
0.0002485567398689757
0.0002485892932657154
0.0002486217120005054
0.0002486539654953363
0.00024868619841558086
0.00024871842428860174
0.0002487506471811772
0.0002487827775180619
0.0002488148542739494
0.00024884688772469957
0.00024887890012632646
0.00024891094369592173
0.00024894293334460363
0.0002489749637904388
0.0002490070288111714
0.0002490391158757769
0.00024907117791404614
0.0002491030447434938
0.00024913486772036727
0.00024916666331009575
0.00024919845125281475
0.0002492302362306659
0.0002492619835670608
0.00024929375679754855
0.00024932554626159895
0.00024935735282511756
0.000249389180990634
0.00024942099602584723
0.0002494528485652697
0.00024948472283356634
0.0002495165998837512
0.0002495484309115674
0.0002495801912165767
0.00024961198907383965
0.0002496438285242955
0.0002496757107718466
0.00024970763038186834
0.0002497395410603315
0.00024977145417315176
0.0002498033332465184
0.00024983519388878557
0.0002498671033542986
0.00024989900377474645
0.0002499309434876377
0.00024996291795110164
0.00024999492706962703
0.0002500269710843141
0.0002500589727982166
0.00025009099641228093
0.000250123060635122
0.0002501551563094376
0.0002501872854599851
0.0002502194664249532
0.0002502516495380952
0.0002502838575518101
0.0002503160903401716
0.00025034835800876804
0.0002503806730549859
0.0002504129745543798
0.0002504452940546238
0.00025047761854641264
0.00025050994621755873
0.0002505422922715745
0.00025057468530298026
0.00025060707085220883
0.0002506395078533008
0.0002506720071389327
0.00025070456899847586
0.0002507371886303955
0.0002507698519147092
0.00025080248770209
0.00025083514850819113
0.00025086784535803455
0.00025090058031134723
0.00025093335096426346
0.000250966149766933
0.0002509989824925037
0.0002510318737786016
0.0002510648111584964
0.0002510977937846363
0.0002511308297816176
0.0002511638858053266
0.00025119696165779444
0.0002512300813695766
0.0002512632428353706
0.0002512964473548054
0.0002513296928248279
0.0002513629249214681
0.0002513961683612753
0.00025142946658272044
0.0002514628238972004
0.00025149624004291093
0.00025152971155206213
0.00025156322596907505
0.0002515967525511687
0.0002516303234831298
0.00025166394946794855
0.0002516976486371894
0.00025173142846191253
0.0002517652700190902
0.0002517991401695032
0.0002518330610590256
0.00025186703744222827
0.0002519010491436042
0.0002519350911455691
0.00025196917938770093
0.00025200330518059986
0.0002520374607634607
0.0002520716611539905
0.0002521059385971968
0.0002521402904432864
0.0002521746956158351
0.0002522091426385908
0.00025224358589369427
0.0002522781023362653
0.00025231266749426096
0.00025234727054471227
0.00025238193429530685
0.00025241668691894934
0.00025245150696377435
0.0002524863479842747
0.00025252127634791695
0.00025255626350415044
0.0002525913074120415
0.00025262642177396644
0.0002526616105715273
0.0002526968292608668
0.00025273208021555065
0.0002527673631611905
0.0002528026909104318
0.00025283808390437246
0.0002528735374085571
0.0002529090445174903
0.00025294466019749195
0.0002529802909559192
0.00025301600595214584
0.000253051788233017
0.00025308764443282805
0.00025312357349066306
0.0002531595571303109
0.0002531955703348616
0.000253231622826212
0.00025326774378499887
0.00025330394298269076
0.00025334019719824613
0.00025337650441736387
0.0002534128735016894
0.00025344930905537005
0.00025348581087099905
0.0002535223590246575
0.000253558927007642
0.0002535955968637774
0.0002536323310046728
0.0002536691297696935
0.00025370602151054446
0.00025374297884367294
0.00025378002178442696
0.0002538171169756832
0.00025385427683574094
0.00025389152930872403
0.0002539288351992487
0.00025396619755704505
0.0002540036522636095
0.0002540411604607499
0.00025407869744908826
0.00025411633958199314
0.0002541540343640019
0.0002541917759597274
0.00025422962073281944
0.00025426754723350257
0.00025430549735153623
0.00025434353238731005
0.0002543816634440166
0.00025441982292147085
0.00025445804920833776
0.0002544963870705846
0.00025453478927319444
0.0002545732232682664
0.000254611737678886
0.00025465040121302156
0.0002546890570081642
0.000254727783135611
0.00025476660339776873
0.00025480551493957875
0.0002548445026229342
0.00025488356722436846
0.00025492273039353784
0.00025496199756288603
0.00025500131577410346
0.000255040689493321
0.0002550801195119926
0.00025511963024754864
0.00025515920189326765
0.0002551988323511157
0.00025523856289473925
0.0002552784081135056
0.00025531832810030407
0.00025535831512975586
0.0002553983913345244
0.00025543854620999664
0.0002554787558635507
0.0002555190462294324
0.0002555593875943755
0.0002555998000810626
0.00025564032116136114
0.0002556809409856341
0.00025572161598875717
0.00025576237220327735
0.0002558031975935877
0.0002558440871189063
0.00025588509274748875
0.0002559262046079848
0.0002559673972642935
0.0002560086427897408
0.00025604995076171757
0.00025609137221225024
0.0002561328750608378
0.0002561744664454017
0.00025621613667516806
0.00025625790518760366
0.00025629975312795804
0.0002563416691977003
0.0002563836659906574
0.00025642577508072753
0.0002564679898642584
0.0002565102442576924
0.0002565525848920841
0.00025659505989888656
0.00025663759614373907
0.000256680207412657
0.0002567229130609144
0.0002567657401329678
0.00025680866368745875
0.00025685166434248044
0.0002568947492588054
0.00025693791754094854
0.0002569811884619892
0.00025702453715889377
0.00025706791801197686
0.00025711137480189175
0.0002571549288838022
0.00025719862186153296
0.0002572424099281522
0.0002572862662380641
0.0002573302097958128
0.0002573742484401617
0.0002574183686933406
0.0002574626164482994
0.0002575069444593832
0.0002575513422839254
0.00025759582182350405
0.0002576404048935064
0.00025768512286215243
0.00025772995065312176
0.00025777488111834143
0.0002578199106901056
0.00025786501648285346
0.00025791021372842263
0.00025795551482944495
0.0002580009042196961
0.0002580463759478967
0.00025809192543305707
0.000258137561659538
0.0002581832919040505
0.000258229128676892
0.0002582750884500393
0.0002583211609863071
0.00025836731985079777
0.0002584135663803619
0.0002584599245743627
0.0002585063938795629
0.0002585529335936804
0.0002585995454240703
0.0002586462806748958
0.00025869316542014107
0.0002587401399971034
0.00025878719281160475
0.00025883432404154717
0.00025888154493003656
0.0002589288801221444
0.00025897633771682695
0.00025902390429594
0.0002590715680257085
0.00025911933653315804
0.0002591672137012734
0.00025921519509941566
0.00025926329978604297
0.00025931149267583646
0.00025935976206005955
0.0002594081411557354
0.0002594566315547531
0.00025950522579795384
0.0002595539376864086
0.00025960276669217237
0.00025965171266712454
0.0002597007725754012
0.000259749932307719
0.0002597991869075877
0.0002598485673964287
0.0002598980637971701
0.0002599476552412806
0.00025999735108468187
0.00026004716308661237
0.00026009708033608933
0.0002601470951645089
0.00026019722349042933
0.00026024747623459713
0.00026029783689459685
0.0002603483067037873
0.0002603988860434603
0.00026044956602837234
0.0002605003532986131
0.00026055125533279986
0.0002606022690537009
0.00026065342736260235
0.00026070473042191306
0.00026075613452227213
0.0002608076158445138
0.00026085918079880237
0.0002609108464679408
0.0002609626395303023
0.00026101457375652347
0.0002610666095518219
0.00026111875892687817
0.0002611710656332901
0.0002612234959970227
0.00026127603298465343
0.0002613286929893504
0.0002613814697301477
0.0002614343503469946
0.0002614873337973649
0.000261540426555107
0.00026159363335987953
0.00026164695986799627
0.00026170040716951107
0.00026175399702212847
0.0002618077628214446
0.00026186165245023523
0.00026191563988291905
0.0002619697417039376
0.000262023968852579
0.0002620783126807731
0.00026213277755613156
0.0002621873569320742
0.00026224205108404285
0.0002622968699716176
0.0002623517861618986
0.0002624068576759083
0.00026246206931537775
0.0002625173861576017
0.00026257282997476706
0.00026262842318301824
0.0002626841575468953
0.00026274000698160515
0.0002627959705639943
0.00026285204288378924
0.00026290822231268823
0.00026296450106083044
0.00026302096576259965
0.00026307754936273
0.00026313426770888354
0.0002631911378796539
0.000263248146430413
0.00026330526316436663
0.0002633624739544377
0.00026341977318806623
0.0002634772317601777
0.0002635349028536716
0.0002635927346944305
0.0002636506696714432
0.000263708713263363
0.0002637668813121652
0.0002638251763607009
0.00026388359794797496
0.00026394212204797646
0.0002640009012900772
0.0002640597916526721
0.0002641188021185295
0.0002641779361508469
0.00026423719241670677
0.00026429656721001335
0.00026435604800256307
0.00026441565179193926
0.0002644754310427597
0.0002645353655498406
0.00026459543743969613
0.0002646556689752811
0.00026471605609351364
0.0002647765622768518
0.0002648371760726961
0.00026489794040736244
0.00026495888108940915
0.00026501995797051614
0.0002650811855723698
0.00026514256289547194
0.00026520408264123636
0.0002652656477387706
0.0002653274439278844
0.0002653893530886297
0.0002654514107736194
0.00026551363530248563
0.00026557599126264574
0.00026563844627499293
0.0002657010549588868
0.00026576385712684847
0.0002658268263837224
0.0002658899331291429
0.0002659531603372497
0.00026601648223076806
0.00026607990295085906
0.00026614351423748066
0.00026620738393820487
0.0002662713904573862
0.0002663355216285334
0.00026639977529709227
0.00026646413469022545
0.0002665287378585506
0.00026659350372534624
0.00026665837746190436
0.00026672333505306945
0.000266788433201734
0.0002668536684761601
0.00026691918317419105
0.00026698488368837
0.00026705073861735853
0.00026711672865820357
0.00026718281547894943
0.00026724902615166964
0.0002673154122578605
0.00026738196822277216
0.00026744870244047454
0.0002675156062174828
0.00026758262328396647
0.00026764980929254055
0.00026771723550416185
0.0002677847911522436
0.0002678524470813262
0.00026792018409140184
0.00026798811735649923
0.0002680563994618817
0.00026812482106496554
0.0002681933505031041
0.00026826199048380223
0.00026833066041762147
0.00026839963719384934
0.00026846873561330893
0.00026853798330536195
0.0002686074031884747
0.0002686769236715208
0.000268746733328939
0.0002688167140060487
0.00026888680037524186
0.00026895698156146285
0.00026902728427943997
0.00026909789191529416
0.00026916876648466526
0.00026923978898875936
0.00026931091765285353
0.00026938211550119306
0.0002694534789277035
0.0002695251333510491
0.00026959701839400615
0.0002696690487272618
0.00026974119279778234
0.0002698134966914771
0.0002698860074881124
0.0002699586054352338
0.000270031376056779
0.0002701042664880102
0.0002701774869018749
0.0002702509059096437
0.00027032448615878566
0.00027039811934890373
0.0002704718338342366
0.00027054598125519664
0.0002706202762276237
0.0002706946920903701
0.0002707691568105149
0.0002708438073026241
0.00027091870859597805
0.00027099389685695244
0.0002710692463299657
0.000271144688782202
0.00027122037528454446
0.00027129623700933883
0.0002713721757910083
0.00027144819658870775
0.00027152450904817366
0.00027160113811238644
0.00027167795227666904
0.0002717548643052205
0.0002718319077427049
0.00027190922601442785
0.0002719867789390266
0.0002720644343640442
0.00027214219487071403
0.0002722201681560959
0.00027229846999588295
0.0002723769624307732
0.00027245556298430946
0.0002725342482409731
0.00027261325512559654
0.00027269234412731995
0.00027277161525524627
0.00027285107812447044
0.00027293095079806664
0.00027301097604694554
0.00027309110748588997
0.000273171262134208
0.0002732517712755994
0.00027333249313548795
0.00027341342766303944
0.00027349445702099233
0.00027357561111331834
0.0002736571832262192
0.0002737389262131204
0.000273820718029048
0.0002739026867985175
0.0002739848903949637
0.00027406738513206493
0.00027415003987215183
0.00027423286393248785
0.0002743159456327046
0.0002743991592861893
0.00027448256920289987
0.00027456624183342325
0.0002746502084329007
0.0002747343582691532
0.0002748185410128035
0.00027490288970974494
0.0002749876004465518
0.00027507259601316966
0.0002751576831825574
0.0002752428807797582
0.00027532835386712227
0.0002754140845203004
0.000275499896390448
0.00027558586559544055
0.00027567221700637134
0.0002757588382975049
0.00027584563254077837
0.0002759325275808364
0.00027601976055909337
0.000276107122523834
0.00027619465911593463
0.0002762823958817324
0.0002763705257465483
0.0002764587434151992
0.0002765470171727581
0.000276635663026597
0.00027672468520453856
0.0002768137775920851
0.0002769028746768293
0.00027699215828479314
0.00027708195155693105
0.000277171962382749
0.00027726198992945487
0.00027735238672121925
0.00027744314450223607
0.00027753395481850557
0.000277624810687396
0.0002777161781219112
0.0002778077560955648
0.0002778994801333779
0.00027799126500111426
0.00027808334084813833
0.00027817563948312344
0.00027826819479840497
0.00027836115378036705
0.00027845435261261226
0.000278547554937716
0.0002786408997011379
0.000278734698907402
0.0002788287371876603
0.0002789228393391371
0.0002790170848924962
0.0002791117631709575
0.0002792067244147755
0.00027930163380767044
0.0002793968720760804
0.0002794924497753733
0.00027958825416505304
0.0002796842278839565
0.00027978054250503453
0.00027987712895493645
0.00027997379765150337
0.0002800706595035746
0.0002801678479663161
0.00028026529312416077
0.00028036288163196246
0.00028046076341756984
0.00028055893038686264
0.00028065726109245155
0.000280755891963894
0.00028085484923748
0.00028095390765868505
0.00028105297661102225
0.0002811524428389424
0.0002812524116601979
0.0002813524874361576
0.00028145267063465443
0.00028155321315745624
0.00028165411738300327
0.0002817550690537508
0.0002818562144276541
0.00028195784871128555
0.0002820597673658174
0.0002821618625068973
0.00028226418756056745
0.00028236676104706926
0.00028246951183798734
0.0002825725160178865
0.0002826759190706493
0.00028277939265415294
0.0002828829595967507
0.0002829869737102667
0.0002830913175811044
0.00028319598406397834
0.0002833008458411126
0.0002834059281909783
0.0002835110508514772
0.000283616561184375
0.00028372257324644416
0.00028382862620444254
0.00028393475726439584
0.0002840414365646425
0.00028414852307101333
0.00028425558865990963
0.0002843626364732079
0.0002844703663223047
0.0002845783277238993
0.0002846863065302983
0.0002847948571326695
0.0002849036654575457
0.0002850125768811559
0.00028512160197310634
0.00028523114567739115
0.00028534097058149487
0.0002854509332256537
0.00028556132507087976
0.0002856718476250704
0.0002857824911953344
0.00028589381964670495
0.0002860053249213186
0.00028611694129485846
0.0002862287780479004
0.00028634091508352133
0.0002864532864114006
0.0002865659439131296
0.00028667909381929
0.0002867923038412612
0.0002869057057884704
0.0002870199959842029
0.00028713429864461325
0.00028724848721808503
0.0002873631587307746
0.0002874783099650886
0.0002875934093057789
0.0002877086479146541
0.00028782474584052254
0.0002879410001867377
0.0002880571611324196
0.00028817380489654554
0.00028829073417690603
0.0002884076733666577
0.00028852532611916605
0.0002886432624116817
0.0002887612544913984
0.0002888796062227297
0.00028899816801311715
0.0002891172255094691
0.000289236502242695
0.0002893562958295317
0.00028947604631620363
0.00028959590513747666
0.0002897164881432601
0.00028983728292485724
0.00028995820858613604
0.0002900795791151088
0.0002902011218948965
0.0002903227755439848
0.00029044534109964795
0.000290567844944929
0.0002906901823851025
0.00029081355946175433
0.000290937210933196
0.00029106066285177786
0.0002911843898942492
0.000291308999826539
0.0002914336201350672
0.00029155800590308073
0.0002916835469536206
0.00029180927066595923
0.0002919348819342486
0.00029206098497089783
0.00029218759686898676
0.0002923140617512355
0.0002924410807408201
0.00029256855331117427
0.0002926961522986667
0.00029282440249579777
0.00029295284747753034
0.000293081185710518
0.00029321004438904877
0.000293339192491112
0.0002934687681548282
0.00029359874803795873
0.00029372884385703475
0.0002938593495928632
0.00029399012075184873
0.00029412155091524257
0.00029425297246329153
0.00029438457165260196
0.00029451667104113
0.00029464898886211226
0.0002947817791030612
0.00029491500924619
0.0002950482441787751
0.00029518191088461675
0.0002953163140710745
0.00029545050213165846
0.00029558478503744715
0.0002957201329410154
0.0002958554921223413
0.0002959906227661784
0.00029612695429845294
0.00029626349837830906
0.0002963998289969845
0.0002965369953519861
0.00029667450437003085
0.0002968119177460481
0.0002969499576368862
0.00029708832428866134
0.0002972267005586923
0.0002973657308785416
0.00029750518194319385
0.0002976447360314082
0.0002977847917270255
0.00029792527304698253
0.0002980659517590995
0.00029820702376433445
0.0002983483605307068
0.0002984899704072573
0.0002986320453010106
0.00029877443058777466
0.00029891707608636973
0.0002990600667466381
0.0002992034243911702
0.000299347293879259
0.000299491640505183
0.00029963623831398914
0.0002997807873781611
0.0002999257381309619
0.00030007135758781424
0.0003002172783924708
0.0003003635148012752
0.00030050999233750136
0.00030065672630781554
0.0003008041578155038
0.00030095180480249145
0.00030109951979840255
0.0003012480925088793
0.00030139701616049185
0.0003015457540606156
0.0003016950202678686
0.0003018450035063563
0.0003019950006256308
0.000302145409332842
0.00030229649763735387
0.0003024476062017419
0.000302599002593869
0.000302751038562216
0.00030290324837212244
0.00030305583145557284
0.00030320902832762044
0.00030336238042502324
0.000303516091150293
0.0003036702904278757
0.000303824718753534
0.00030397958316545496
0.0003041348365069839
0.00030429037839355887
0.0003044463679754296
0.0003046026868073381
0.0003047593342110609
0.00030491643962806574
0.000305073913556565
0.0003052317705217488
0.0003053900184347571
0.00030554852696539737
0.0003057073958178618
0.00030586668911158487
0.0003060263430482615
0.00030618655269862825
0.00030634715544332575
0.0003065078641848792
0.00030666914125373313
0.00030683084689232603
0.000306992490994444
0.00030715490449198307
0.00030731784538795076
0.0003074808657031003
0.0003076446854799221
0.0003078086513439927
0.00030797241007091993
0.0003081374501425836
0.0003083028478327129
0.0003084676647319916
0.0003086337459293421
0.00030880041935354253
0.00030896648451668533
0.0003091336991776827
0.00030930142486937595
0.0003094687379233803
0.00030963721600476527
0.00030980622656424825
0.0003099747606325135
0.0003101441539414593
0.0003103141030180332
0.00031048407193363676
0.0003106548309571781
0.000310826046256424
0.0003109971703823277
0.00031116902828219416
0.0003113412760806052
0.00031151376768666583
0.0003116868732608397
0.0003118601292896744
0.0003120338899847898
0.00031220821379998354
0.0003123827268704717
0.00031255785950302586
0.0003127332206039777
0.00031290887653495284
0.0003130853754071606
0.00031326206575126
0.0003134388651079144
0.00031361659685869004
0.0003137943232814956
0.00031397243553216755
0.00031415142963792266
0.0003143304505666877
0.00031450984900623536
0.0003146899871741844
0.0003148702716519877
0.00031505109424056685
0.000315232489965311
0.0003154139116110772
0.00031559593947489567
0.0003157784804068766
0.0003159611749837548
0.00031614464285835767
0.00031632835536690837
0.00031651224404135453
0.000316697043972039
0.000316881856943828
0.000317067125844094
0.0003172533986337607
0.00031743914840792856
0.0003176256373087758
0.00031781356885221535
0.0003180008222435018
0.00031818839750512545
0.0003183773156145597
0.0003185659806148703
0.00031875488680353743
0.00031894497343789056
0.00031913508262399636
0.0003193254195141838
0.0003195164964481552
0.0003197078438405707
0.0003198997632344916
0.00032009218298874586
0.0003202846014628683
0.00032047766260243684
0.00032067145219423564
0.00032086547200304845
0.0003210599433301555
0.00032125469200431424
0.00032145010129674484
0.0003216460576156412
0.0003218419816391609
0.0003220388114664124
0.00032223606568668824
0.00032243326419053014
0.000322631415136637
0.00032283001601045254
0.0003230287148362845
0.0003232283187801319
0.0003234279634781042
0.00032362784613582584
0.00032382883676846487
0.00032402991140671376
0.00032423134533345586
0.0003244334730184905
0.00032463564246864706
0.0003248388065820856
0.0003250423325135228
0.0003252456355756535
0.00032545022993350477
0.0003256549760444908
0.0003258599035161435
0.0003260658549802975
0.0003262718368231541
0.00032647817724374247
0.00032668541045086926
0.00032689270058577306
0.00032710053814071757
0.0003273090828188963
0.00032751779284817794
0.00032772713505385323
0.0003279367968356956
0.00032814680536888326
0.00032835772040768244
0.0003285685773445428
0.00032878001391257555
0.00032899245879572034
0.0003292046498271637
0.0003294176222517039
0.00032963128401510423
0.00032984481950356715
0.0003300594340253841
0.00033027452156728077
0.00033048943034916586
0.00033070537267080935
0.0003309216434200723
0.00033113807007234937
0.0003313555641752724
0.0003315728857201555
0.00033179077972623014
0.00033200985535490325
0.0003322286498626058
0.0003324480089479684
0.0003326683274112716
0.0003328886408360755
0.000333109691243535
0.0003333312608157726
0.00033355285749520563
0.0003337753574367141
0.0003339981891844056
0.00033422133514517
0.00033444538598026115
0.00033466929957638855
0.0003348941866831568
0.0003351195997026905
0.00033534490971949305
0.0003355711676746212
0.00033579795103714117
0.00033602490828793383
0.0003362527562598999
0.0003364809124332564
0.00033670936577191106
0.000336938562173945
0.0003371679682962232
0.00033739800940862295
0.0003376285540667412
0.00033785919559953335
0.0003380909718408016
0.00033832279633962207
0.00033855505457746493
0.0003387882905465228
0.00033902176395013075
0.0003392554608339008
0.00033948990011718847
0.0003397249847555955
0.00033996028980279075
0.0003401960644814919
0.00034043250363577615
0.0003406694642585813
0.0003409065740444905
0.0003411444071731722
0.00034138294678206767
0.0003416215596211099
0.00034186096722346575
0.0003421008657127552
0.0003423409456429572
0.0003425818322010366
0.0003428230755476661
0.00034306479263991927
0.00034330721925709235
0.0003435494882857974
0.0003437928396028458
0.00034403694479396565
0.00034428084278292296
0.00034452582129021985
0.000344771220241313
0.00034501670803347063
0.000345263142327807
0.00034550970983973373
0.000345756951460894
0.00034600487880015956
0.00034625242020516213
0.00034650159905554674
0.00034675099875529776
0.00034699989329521017
0.0003472509599337327
0.0003475017216273039
0.00034775227848524284
0.0003480049008241435
0.0003482567846682002
0.00034850905258846217
0.0003487631081176383
0.0003490161169819641
0.0003492703408268048
0.0003495257719527969
0.0003497801821915595
0.0003500364052298072
0.00035029307516052575
0.00035054920779343385
0.00035080677807052126
0.0003510646641418747
0.0003513226332431893
0.00035158167111540707
0.00035184084093729676
0.0003521006304831424
0.00035236091783880807
0.0003526213244045525
0.0003528829850774691
0.00035314472347422595
0.00035340689306816495
0.0003536701372346956
0.00035393335873218893
0.00035419714362904973
0.00035446174782582945
0.0003547264567541041
0.0003549918419074181
0.0003552576012938479
0.0003555240135885179
0.0003557911252198547
0.00035605828255864534
0.000356326313918033
0.0003565948797372945
0.0003568635472509682
0.0003571332722126129
0.00035740330567773866
0.00035767349739142506
0.0003579448594057921
0.0003582159899914384
0.0003584880324409
0.0003587609611995432
0.0003590335697176832
0.0003593071455983714
0.00035958156254211005
0.0003598560283194216
0.0003601311937758702
0.0003604066916056144
0.00036068290740639576
0.00036095952235310684
0.000361235904133823
0.0003615142544131254
0.00036179253441145134
0.00036207081967677186
0.00036235038683043183
0.00036263012830551553
0.00036291007857722825
0.00036319078157564676
0.00036347207706626406
0.00036375381423374095
0.00036403586220034386
0.0003643184546621792
0.0003646021286205373
0.0003648857794657574
0.00036516995288562136
0.00036545507099256083
0.00036574035936404
0.0003660262530324529
0.00036631265381409096
0.0003665994581337904
0.00036688707058776685
0.00036717476584500336
0.00036746318271200807
0.00036775241070780105
0.00036804168190083245
0.00036833165344921326
0.0003686221134850613
0.00036891319014815873
0.00036920494189705345
0.00036949669374984205
0.0003697895155976671
0.00037008274631495546
0.0003703757680571122
0.00037067020916811363
0.0003709648492884086
0.0003712596793579115
0.00037155574197074464
0.0003718517461282155
0.0003721485002174097
0.0003724459280531936
0.00037274266177634473
0.0003730417403678268
0.00037334028817276636
0.0003736387134373429
0.00037393954549614944
0.0003742393917953532
0.00037453989023608153
0.0003748420316949665
0.00037514302628426235
0.0003754455050866081
0.00037574873882420957
0.00037605086753367403
0.0003763556091410013
0.00037666020081963627
0.0003769642274959064
0.000377270295861456
0.000377576094796113
0.0003778820806719245
0.0003781892709123447
0.0003784962050364774
0.00037880444888919117
0.00037911279255141607
0.0003794212291818076
0.0003797313608452129
0.00038004114583858526
0.00038035140407187494
0.00038066284542595557
0.00038097406351259174
0.00038128616453907366
0.000381598533360218
0.00038191132359881595
0.00038222535539246153
0.00038253894459684695
0.00038285336423654425
0.00038316890634103806
0.0003834837375404195
0.0003837999701290287
0.000384116748333868
0.0003844332403717469
0.0003847510978313667
0.0003850687754553841
0.00038538737800127454
0.00038570681066027847
0.00038602589464981036
0.00038634614669560686
0.0003866668297247434
0.0003869875144999245
0.00038730949021364546
0.0003876309408932407
0.0003879534742935702
0.00038827705459622877
0.00038859955802885343
0.0003889237833516846
0.00038924881090144373
0.0003895731914198597
0.00038989887474708804
0.0003902250438041427
0.000390551364600374
0.00039087813476639747
0.0003912051505341194
0.00039153369747716875
0.00039186194020733725
0.00039219055079649045
0.00039252034502196986
0.0003928499185880974
0.00039317995907138764
0.0003935109799702399
0.00039384211458882545
0.0003941740280501142
0.00039450629558545377
0.0003948389687039113
0.00039517258803740073
0.0003955061507151248
0.0003958402393014578
0.00039617500149233097
0.000396509973051966
0.0003968456776146262
0.0003971814248645267
0.0003975180663480206
0.00039785550101256343
0.00039819270775377563
0.0003985306378828292
0.0003988692845636725
0.0003992079786151662
0.0003995474244608986
0.00039988713079953573
0.0004002273540615974
0.0004005683450367127
0.00040090897409735384
0.0004012509722365729
0.000401593532777355
0.00040193569173382736
0.00040227881072172993
0.0004026225841597787
0.0004029662891253376
0.0004033102412352887
0.0004036550196257895
0.0004040009807826183
0.0004043463946130649
0.0004046926568164767
0.0004050395567466357
0.0004053863271838551
0.0004057339885536962
0.0004060819342155099
0.00040643000364088734
0.00040677911223356165
0.0004071281591098799
0.0004074776839614577
0.0004078281978419579
0.0004081783819229326
0.0004085297486610656
0.00040888121168516456
0.00040923278429258415
0.0004095853928989809
0.00040993751846877646
0.0004102905077079054
0.0004106446849184054
0.0004109981613684379
0.0004113528111942824
0.0004117078071957781
0.0004120626041255177
0.0004124184912396648
0.00041277410943320455
0.0004131306166108118
0.00041348792011912085
0.0004138442009130688
0.00041420244360077055
0.0004145608805017583
0.0004149185020979424
0.0004152781105998495
0.00041563727810084347
0.0004159963575206655
0.0004163570689742795
0.0004167165319270482
0.0004170776291047218
0.00041743929990677094
0.0004177996856584454
0.0004181623487044605
0.000418524653866156
0.00041888649541205593
0.00041925041166832207
0.000419613206477743
0.0004199767678368525
0.0004203414402360085
0.00042070482806106345
0.0004210704998209165
0.00042143596375584255
0.0004218008428814418
0.00042216737519081997
0.0004225333428695659
0.0004228997071457378
0.00042326672970139886
0.00042363316445706605
0.0004240015491628463
0.00042436955691273757
0.00042473729001514814
0.00042510669830134743
0.00042547543981439603
0.0004258443922539303
0.00042621434473822463
0.0004265838426307667
0.00042695412114579116
0.000427324372370708
0.00042769476761375365
0.0004280665540467979
0.00042843755100073364
0.00042880918576630343
0.000429181781590651
0.0004295536103058536
0.00042992623279477414
0.00043029908422571015
0.0004306720974242061
0.00043104582311515185
0.00043141916471373484
0.0004317934452954584
0.0004321679628107873
0.00043254191589768993
0.0004329171354000418
0.0004332919852144936
0.0004336667377908822
0.0004340432009409937
0.00043441801782223273
0.000434794333211558
0.00043517132157532977
0.00043554693670557805
0.0004359241108490133
0.0004363013977175744
0.00043667815938480627
0.00043705600751240797
0.00043743330986540063
0.0004378113240505192
0.0004381894565802797
0.0004385667579782876
0.00043894562651725105
0.0004393243757488495
0.000439702846229315
0.00044008236801011067
0.0004404614807838819
0.00044084085602031525
0.0004412204568711713
0.00044159966802424365
0.00044198008170978376
0.00044236004446770305
0.0004427399830907315
0.0004431207646365497
0.0004435009721968731
0.00044388140349618164
0.00044426240854079295
0.0004446431334879509
0.00044502441108799413
0.0004454055324652516
0.00044578677784037104
0.00044616845220550453
0.00044654970591618734
0.00044693132756639563
0.0004473130061785738
0.0004476946517637963
0.0004480767828951624
0.0004484577464201173
0.00044883996508251567
0.0004492226438857579
0.00044960381960533594
0.00044998615936576335
0.00045036897526346773
0.0004507504784649742
0.00045113327085812065
0.00045151579326716484
0.00045189750137852815
0.00045228041859516276
0.000452662166668448
0.00045304467182461297
0.00045342773988274297
0.0004538094562549829
0.0004541918020498959
0.0004545747029995907
0.00045495640060549443
0.0004553384178269134
0.00045572081640126843
0.0004561027567403468
0.00045648467500725447
0.0004568665502348117
0.0004572487933011266
0.00045763081346355503
0.0004580123517282486
0.0004583939887145811
0.00045877559840533404
0.0004591567832807822
0.0004595378739373828
0.0004599190513310836
0.00046030015413032457
0.00046068101981361196
0.000461062140383227
0.00046144279963770263
0.0004618234200018819
0.00046220401468735514
0.00046258395544438157
0.0004629641481496676
0.00046334416233946834
0.0004637231474731297
0.0004641029009192449
0.0004644823257007147
0.0004648609143093861
0.00046523989943738367
0.00046561830535589904
0.0004659965312381058
0.0004663745293729236
0.00046675169017417465
0.00046712963335055483
0.0004675067847127234
0.0004678829473519025
0.0004682602892298412
0.00046863618990862895
0.00046901182754509617
0.00046938806654360754
0.0004697625943536675
0.00047013772868444826
0.00047051261760815914
0.0004708853164701778
0.0004712603732647074
0.00047163324113605134
0.000472005558735227
0.0004723792075329761
0.0004727507195056111
0.0004731222112336682
0.00047349416575732446
0.0004738642805356221
0.000474234783300461
0.00047460471850536496
0.00047497314755788703
0.00047534266953051845
0.0004757107004040999
0.0004760780183001522
0.00047644555444187325
0.0004768119017895777
0.0004771782506159556
0.00047754359692470674
0.00047790819209894133
0.0004782731594164397
0.00047863617221681096
0.00047899911174658125
0.0004793624436900238
0.0004797234703762112
0.00048008469341166536
0.0004804455894416497
0.00048080474237647186
0.0004811641807590747
0.00048152240819267347
0.0004818795977120044
0.000482236844321647
0.0004825920628312012
0.00048294758152548847
0.00048330261383737434
0.0004836555471625713
0.00048400883017140847
0.0004843611006995475
0.0004847117425009609
0.0004850625134374766
0.00048541159148253444
0.00048576001696752776
0.0004861081276032399
0.0004864539830736297
0.00048680021586687734
0.0004871450839872159
0.00048748810295212535
0.0004878314199715841
0.0004881728442621117
0.0004885134205012535
0.000488853733655488
0.0004891917164982178
0.0004895294093274219
0.0004898660872537536
0.0004902005881622187
0.0004905353532122099
0.0004908683408422274
0.0004911996913444382
0.0004915308837240588
0.0004918601817978354
0.0004921883138554068
0.0004925156242678579
0.0004928410906297062
0.0004931658102787893
0.0004934886880305047
0.0004938101348353845
0.0004941313260867274
0.0004944501819616115
0.0004947678626006412
0.0004950846255518591
0.0004953991879452811
0.0004957128347569449
0.0004960249422103765
0.0004963352164604487
0.0004966445799615118
0.0004969516324323868
0.0004972574774841072
0.0004975622927606114
0.0004978644526236853
0.0004981656489834236
0.0004984654100706874
0.0004987623617000395
0.0004990587582211117
0.0004993530354903252
0.0004996449700564433
0.0004999361149891253
0.000500224585943987
0.0005005117247614973
0.0005007974225643021
0.0005010803225707003
0.0005013617548418028
0.0005016414213724332
0.0005019185517733864
0.0005021941516386521
0.0005024675872143006
0.0005027388152050288
0.0005030080664139477
0.0005032745914874817
0.0005035399756900595
0.0005038027882803707
0.0005040629062906661
0.000504321534852123
0.0005045775807802361
0.0005048309781199278
0.0005050825033289102
0.0005053314434294553
0.0005055779541780128
0.0005058220769503238
0.0005060635992986534
0.0005063030072614398
0.0005065395181302999
0.0005067734912750566
0.0005070052948229501
0.0005072338943610315
0.0005074599983763512
0.0005076836571079416
0.0005079040113490198
0.0005081219811092432
0.000508337210786526
0.0005085491916397646
0.0005087587591298697
0.0005089649078072009
0.0005091681799916655
0.0005093688997908326
0.0005095658664939804
0.0005097601025570343
0.0005099514824025755
0.0005101389992271156
0.0005103238835341144
0.0005105054407402835
0.0005106831017946611
0.0005108580906104095
0.0005110292740468314
0.0005111968906790826
0.0005113616839866427
0.0005115221772055876
0.0005116791657872936
0.0005118332587695759
0.0005119828097986242
0.0005121287595619722
0.0005122715519411843
0.0005124098455742045
0.000512544377137513
0.0005126752455510557
0.0005128017714140396
0.0005129243206558122
0.0005130428348548193
0.000513157347086813
0.0005132675228982082
0.0005133734068802683
0.0005134750351998796
0.0005135722381892204
0.0005136649985149157
0.0005137533239440212
0.0005138370760289294
0.0005139162014812448
0.0005139906682651383
0.0005140603832169075
0.0005141252768123225
0.0005141852977363838
0.0005142404338036654
0.0005142905675616378
0.0005143356759062174
0.0005143757083714862
0.000514410537244576
0.0005144402137614039
0.0005144644848602217
0.0005144833144713834
0.0005144966644657704
0.0005145044489704999
0.0005145065927086511
0.0005145030212303417
0.000514493653866793
0.0005144784546937291
0.0005144572413421891
0.0005144300199818123
0.0005143967716525275
0.0005143572073175931
0.0005143114117870758
0.0005142593405175498
0.0005142006695355705
0.0005141355132865149
0.0005140637859542863
0.0005139853118966476
0.000513899925316794
0.0005138074174264027
0.0005137081177004712
0.0005136017400643316
0.0005134877672785868
0.0005133670180185474
0.0005132385703194407
0.0005131023598546441
0.0005129593300830875
0.0005128078300605026
0.0005126485178707904
0.0005124820829881379
0.0005123067667399589
0.0005121234544085647
0.0005119324264312298
0.0005117321956337945
0.0005115239032021517
0.0005113073352733437
0.000511081202277227
0.0005108469155328663
0.0005106036296948481
0.0005103505411290416
0.000510089031369024
0.0005098177431566495
0.0005095365448295026
0.0005092462560447293
0.0005089456943264232
0.0005086353998061345
0.0005083152150497483
0.0005079842917785828
0.0005076435481907409
0.0005072920635786986
0.0005069295327163666
0.0005065572609771138
0.0005061729302680523
0.000505777350592888
0.0005053718891258152
0.0005049534014041945
0.000504523482867268
0.0005040827302365006
0.0005036282161803595
0.0005031624437330911
0.0005026851211526724
0.0005021934499529174
0.0005016902761147397
0.0005011742406895707
0.000500643841059791
0.0005001019908885534
0.0004995455653735452
0.0004989744973483802
0.0004983916844190226
0.0004977921251999557
0.0004971787335916241
0.0004965530537507747
0.0004959089267204295
0.0004952510940475409
0.0004945795420895152
0.0004938891862017432
0.0004931848441511227
0.0004924651654071896
0.0004917266250420542
0.0004909735746220162
0.0004902025815538047
0.0004894128442105369
0.0004886080024818658
0.000487783908400829
0.00048694137231816335
0.0004860820617610651
0.0004852015346751723
0.00048430358623151776
0.00048338697816340497
0.00048244705343269213
0.0004814903631959677
0.00048051334379334716
0.0004795125262146229
0.00047849366833118334
0.0004774516981207167
0.0004763857946654313
0.0004753012115019225
0.0004741914865450642
0.0004730576720333798
0.00047190389089504586
0.0004707228829398917
0.0004695174589910682
0.00046828967135026774
0.0004670328465767505
0.00046575156670851576
0.00046444519552596805
0.00046310866131083736
0.0004617486790001786
0.0004603589283247211
0.0004589380420404105
0.0004574935162540006
0.00045601434636482666
0.0004545037230701666
0.0004529674839645061
0.0004513943352372704
0.0004497899560588853
0.00044815661367050814
0.00044648436251946706
0.0004447788913454973
0.0004430410553294744
0.0004412632274627378
0.0004394506306578532
0.00043760184025649814
0.000435710464790245
0.00043378181749307074
0.0004318130803018356
0.00042980073043988825
0.00042774829148528836
0.0004256499294980809
0.0004235072116557624
0.0004213213787954219
0.0004190846378042886
0.00041680373376118694
0.000414474381960962
0.00041208755639864596
0.00040965465450795355
0.0004071667651061311
0.00040461889542146336
0.0004020216273034499
0.0003993625205162042
0.000396641011068522
0.00039386555040876693
0.00039101965642209636
0.0003881074888343854
0.0003851343881625992
0.00038208074450956313
0.00037895897882021383
0.0003757721068037711
0.0003724928638033365
0.0003691423591966178
0.0003657161187581128
0.0003621845469732084
0.00035857768123225236
0.00035488249169622166
0.0003510688004144587
0.00034717240998733133
0.00034317818455685615
0.00033905125131525885
0.00033483037417278953
0.0003304903665524251
0.00032600300705233544
0.0003214174631233614
0.00031667962076156264
0.00031177584594642205
0.0003067513744776479
0.00030154802109043084
0.0002961597641732307
0.0002906223465630597
0.0002848723399132542
0.0002789014667810399
0.0002727430171985852
0.0002663261916432957
0.00025963709301061555
0.0002527012523839146
0.00024543751916738014
0.00023782815822812232
0.00022988040165763536
0.00022149943800685304
0.00021265216749353485
0.0002033056085991066
0.00019333414296140772
0.00018265716260050123
0.0001711564970050433
0.00015861180950743818
0.0001447847222433576
0.0001292595625125148
0.00011128148447167723
8.941534358975883e-5
5.94969315990906e-5
0.0
0.0
0.0
0.0
0.0
0.0
0.0
0.0
0.0
0.0
0.0
0.0
0.0
0.0
0.0
0.0
0.0
0.0
0.0
0.0
0.0
0.0
0.0
0.0
0.0
0.0
0.0
0.0
0.0
0.0
0.0
0.0
0.0
0.0
0.0
0.0
0.0
0.0
0.0
0.0
0.0
0.0
0.0
0.0
0.0
0.0
0.0
0.0
0.0
0.0
0.0
0.0
0.0
0.0
0.0
0.0
0.0
0.0
0.0
0.0
0.0
0.0
0.0
0.0
0.0
0.0
0.0
0.0
0.0
0.0
0.0
0.0
0.0
0.0
0.0
0.0
0.0
0.0
0.0
0.0
0.0
0.0
0.0
0.0
0.0
0.0
0.0
0.0
0.0
0.0
0.0
0.0
0.0
0.0
0.0
0.0
0.0
0.0
0.0
0.0
0.0
0.0
0.0
0.0
0.0
0.0
0.0
0.0
0.0
0.0
0.0
0.0
0.0
0.0
0.0
0.0
0.0
0.0
0.0
0.0
0.0
0.0
0.0
0.0
0.0
0.0
0.0
0.0
0.0
0.0
0.0
0.0
0.0
0.0
0.0
0.0
0.0
0.0
0.0
0.0
0.0
0.0
0.0
0.0
0.0
0.0
0.0
0.0
0.0
0.0
0.0
0.0
0.0
0.0
0.0
0.0
0.0
0.0
0.0
0.0
0.0
0.0
0.0
0.0
0.0
0.0
0.0
0.0
0.0
0.0
0.0
0.0
0.0
0.0
0.0
0.0
0.0
0.0
0.0
0.0
0.0
0.0
0.0
0.0
0.0
0.0
0.0
0.0
0.0
0.0
0.0
0.0
0.0
0.0
0.0
0.0
0.0
0.0
0.0
0.0
0.0
0.0
0.0
0.0
0.0
0.0
0.0
0.0
0.0
0.0
0.0
0.0
0.0
0.0
0.0
0.0
0.0
0.0
0.0
0.0
0.0
0.0
0.0
0.0
0.0
0.0
0.0
0.0
0.0
0.0
0.0
0.0
0.0
0.0
0.0
0.0
0.0
0.0
0.0
0.0
0.0
0.0
0.0
0.0
0.0
0.0
0.0
0.0
0.0
0.0
0.0
0.0
0.0
0.0
0.0
0.0
0.0
0.0
0.0
0.0
0.0
0.0
0.0
0.0
0.0
0.0
0.0
0.0
0.0
0.0
0.0
0.0
0.0
0.0
0.0
0.0
0.0
0.0
0.0
0.0
0.0
0.0
0.0
0.0
0.0
0.0
0.0
0.0
0.0
0.0
0.0
0.0
0.0
0.0
0.0
0.0
0.0
0.0
0.0
0.0
0.0
0.0
0.0
0.0
0.0
0.0
0.0
0.0
0.0
0.0
0.0
0.0
0.0
0.0
0.0
0.0
0.0
0.0
0.0
0.0
0.0
0.0
0.0
0.0
0.0
0.0
0.0
0.0
0.0
0.0
0.0
0.0
0.0
0.0
0.0
0.0
0.0
0.0
0.0
0.0
0.0
0.0
0.0
0.0
0.0
0.0
0.0
0.0
0.0
0.0
0.0
0.0
0.0
0.0
0.0
0.0
0.0
0.0
0.0
0.0
0.0
0.0
0.0
0.0
0.0
0.0
0.0
0.0
0.0
0.0
0.0
0.0
0.0
0.0
0.0
0.0
0.0
0.0
0.0
0.0
0.0
0.0
0.0
0.0
0.0
0.0
0.0
0.0
0.0
0.0
0.0
0.0
0.0
0.0
0.0
0.0
0.0
0.0
0.0
0.0
0.0
0.0
0.0
0.0
0.0
0.0
0.0
0.0
0.0
0.0
0.0
0.0
0.0
0.0
0.0
0.0
0.0
0.0
0.0
0.0
0.0
0.0
0.0
0.0
0.0
0.0
0.0
0.0
0.0
0.0
0.0
0.0
0.0
0.0
0.0
0.0
0.0
0.0
0.0
0.0
0.0
0.0
0.0
0.0
0.0
0.0
0.0
0.0
0.0
0.0
0.0
0.0
0.0
0.0
0.0
0.0
0.0
0.0
0.0
0.0
0.0
0.0
0.0
0.0
0.0
0.0
0.0
0.0
0.0
0.0
0.0
0.0
0.0
0.0
0.0
0.0
0.0
0.0
0.0
0.0
0.0
0.0
0.0
0.0
0.0
0.0
0.0
0.0
0.0
0.0
0.0
0.0
0.0
0.0
0.0
0.0
0.0
0.0
0.0
0.0
0.0
0.0
0.0
0.0
0.0
0.0
0.0
0.0
0.0
0.0
0.0
0.0
0.0
0.0
0.0
0.0
0.0
0.0
0.0
0.0
0.0
0.0
0.0
0.0
0.0
0.0
0.0
0.0
0.0
0.0
0.0
0.0
0.0
0.0
0.0
0.0
0.0
0.0
0.0
0.0
0.0
0.0
0.0
0.0
0.0
0.0
0.0
0.0
0.0
0.0
0.0
0.0
0.0
0.0
0.0
0.0
0.0
0.0
0.0
0.0
0.0
0.0
0.0
0.0
0.0
0.0
0.0
0.0
0.0
0.0
0.0
0.0
0.0
0.0
0.0
0.0
0.0
0.0
0.0
0.0
0.0
0.0
0.0
0.0
0.0
0.0
0.0
0.0
0.0
0.0
0.0
0.0
0.0
0.0
0.0
0.0
0.0
0.0
0.0
0.0
0.0
0.0
0.0
0.0
0.0
0.0
0.0
0.0
0.0
0.0
0.0
0.0
0.0
0.0
0.0
0.0
0.0
0.0
0.0
0.0
0.0
0.0
0.0
0.0
0.0
0.0
0.0
0.0
0.0
0.0
0.0
0.0
0.0
0.0
0.0
0.0
0.0
0.0
0.0
0.0
0.0
0.0
0.0
0.0
0.0
0.0
0.0
0.0
0.0
0.0
0.0
0.0
0.0
0.0
0.0
0.0
0.0
0.0
0.0
0.0
0.0
0.0
0.0
0.0
0.0
0.0
0.0
0.0
0.0
0.0
0.0
0.0
0.0
0.0
0.0
0.0
0.0
0.0
0.0
0.0
0.0
0.0
0.0
0.0
0.0
0.0
0.0
0.0
0.0
0.0
0.0
0.0
0.0
0.0
0.0
0.0
0.0
0.0
0.0
0.0
0.0
0.0
0.0
0.0
0.0
0.0
0.0
0.0
0.0
0.0
0.0
0.0
0.0
0.0
0.0
0.0
0.0
0.0
0.0
0.0
0.0
0.0
0.0
0.0
0.0
0.0
0.0
0.0
0.0
0.0
0.0
0.0
0.0
0.0
0.0
0.0
0.0
0.0
0.0
0.0
0.0
0.0
0.0
0.0
0.0
0.0
0.0
0.0
0.0
0.0
0.0
0.0
0.0
0.0
0.0
0.0
0.0
0.0
0.0
0.0
0.0
0.0
0.0
0.0
0.0
0.0
0.0
0.0
0.0
0.0
0.0
0.0
0.0
0.0
0.0
0.0
0.0
0.0
0.0
0.0
0.0
0.0
0.0
0.0
0.0
0.0
0.0
0.0
0.0
0.0
0.0
0.0
0.0
0.0
0.0
0.0
0.0
0.0
0.0
0.0
0.0
0.0
0.0
0.0
0.0
0.0
0.0
0.0
0.0
0.0
0.0
0.0
0.0
0.0
0.0
0.0
0.0
0.0
0.0
0.0
0.0
0.0
0.0
0.0
0.0
0.0
0.0
0.0
0.0
0.0
0.0
0.0
0.0
0.0
0.0
0.0
0.0
0.0
0.0
0.0
0.0
0.0
0.0
0.0
0.0
0.0
0.0
0.0
0.0
0.0
0.0
0.0
0.0
0.0
0.0
0.0
0.0
0.0
0.0
0.0
0.0
0.0
0.0
0.0
0.0
0.0
0.0
0.0
0.0
0.0
0.0
0.0
0.0
0.0
0.0
0.0
0.0
0.0
0.0
0.0
0.0
0.0
0.0
0.0
0.0
0.0
0.0
0.0
0.0
0.0
0.0
0.0
0.0
0.0
0.0
0.0
0.0
0.0
0.0
0.0
0.0
0.0
0.0
0.0
0.0
0.0
0.0
0.0
0.0
0.0
0.0
0.0
0.0
0.0
0.0
0.0
0.0
0.0
0.0
0.0
0.0
0.0
0.0
0.0
0.0
0.0
0.0
0.0
0.0
0.0
0.0
0.0
0.0
0.0
0.0
0.0
0.0
0.0
0.0
0.0
0.0
0.0
0.0
0.0
0.0
0.0
0.0
0.0
0.0
0.0
0.0
0.0
0.0
0.0
0.0
0.0
0.0
0.0
0.0
0.0
0.0
0.0
0.0
0.0
0.0
0.0
0.0
0.0
0.0
0.0
0.0
0.0
0.0
0.0
0.0
0.0
0.0
0.0
0.0
0.0
0.0
0.0
0.0
0.0
0.0
0.0
0.0
0.0
0.0
0.0
0.0
0.0
0.0
0.0
0.0
0.0
0.0
0.0
0.0
0.0
0.0
0.0
0.0
0.0
0.0
0.0
0.0
0.0
0.0
0.0
0.0
0.0
0.0
0.0
0.0
0.0
0.0
0.0
0.0
0.0
0.0
0.0
0.0
0.0
0.0
0.0
0.0
0.0
0.0
0.0
0.0
0.0
0.0
0.0
0.0
0.0
0.0
0.0
0.0
0.0
0.0
0.0
0.0
0.0
0.0
0.0
0.0
0.0
0.0
0.0
0.0
0.0
0.0
0.0
0.0
0.0
0.0
0.0
0.0
0.0
0.0
0.0
0.0
0.0
0.0
0.0
0.0
0.0
0.0
0.0
0.0
0.0
0.0
0.0
0.0
0.0
0.0
0.0
0.0
0.0
0.0
0.0
0.0
0.0
0.0
0.0
0.0
0.0
0.0
0.0
0.0
0.0
0.0
0.0
0.0
0.0
0.0
0.0
0.0
0.0
0.0
0.0
0.0
0.0
0.0
0.0
0.0
0.0
0.0
0.0
0.0
0.0
0.0
0.0
0.0
0.0
0.0
0.0
0.0
0.0
0.0
0.0
0.0
0.0
0.0
0.0
0.0
0.0
0.0
0.0
0.0
0.0
0.0
0.0
0.0
0.0
0.0
0.0
0.0
0.0
0.0
0.0
0.0
0.0
0.0
0.0
0.0
0.0
0.0
0.0
0.0
0.0
0.0
0.0
0.0
0.0
0.0
0.0
0.0
0.0
0.0
0.0
0.0
0.0
0.0
0.0
0.0
0.0
0.0
0.0
0.0
0.0
0.0
0.0
0.0
0.0
0.0
0.0
0.0
0.0
0.0
0.0
0.0
0.0
0.0
0.0
0.0
0.0
0.0
0.0
0.0
0.0
0.0
0.0
0.0
0.0
0.0
0.0
0.0
0.0
0.0
0.0
0.0
0.0
0.0
0.0
0.0
0.0
0.0
0.0
0.0
0.0
0.0
0.0
0.0
0.0
0.0
0.0
0.0
0.0
0.0
0.0
0.0
0.0
0.0
0.0
0.0
0.0
0.0
0.0
0.0
0.0
0.0
0.0
0.0
0.0
0.0
0.0
0.0
0.0
0.0
0.0
0.0
0.0
0.0
0.0
0.0
0.0
0.0
0.0
0.0
0.0
0.0
0.0
0.0
0.0
0.0
0.0
0.0
0.0
0.0
0.0
0.0
0.0
0.0
0.0
0.0
0.0
0.0
0.0
0.0
0.0
0.0
0.0
0.0
0.0
0.0
0.0
0.0
0.0
0.0
0.0
0.0
0.0
0.0
0.0
0.0
0.0
0.0
0.0
0.0
0.0
0.0
0.0
0.0
0.0
0.0
0.0
0.0
0.0
0.0
0.0
0.0
0.0
0.0
0.0
0.0
0.0
0.0
0.0
0.0
0.0
0.0
0.0
0.0
0.0
0.0
0.0
0.0
0.0
0.0
0.0
0.0
0.0
0.0
0.0
0.0
0.0
0.0
0.0
0.0
0.0
0.0
0.0
0.0
0.0
0.0
0.0
0.0
0.0
0.0
0.0
0.0
0.0
0.0
0.0
0.0
0.0
0.0
0.0
0.0
0.0
0.0
0.0
0.0
0.0
0.0
0.0
0.0
0.0
0.0
0.0
0.0
0.0
0.0
0.0
0.0
0.0
0.0
0.0
0.0
0.0
0.0
0.0
0.0
0.0
0.0
0.0
0.0
0.0
0.0
0.0
0.0
0.0
0.0
0.0
0.0
0.0
0.0
0.0
0.0
0.0
0.0
0.0
0.0
0.0
0.0
0.0
0.0
0.0
0.0
0.0
0.0
0.0
0.0
0.0
0.0
0.0
0.0
0.0
0.0
0.0
0.0
0.0
0.0
0.0
0.0
0.0
0.0
0.0
0.0
0.0
0.0
0.0
0.0
0.0
0.0
0.0
0.0
0.0
0.0
0.0
0.0
0.0
0.0
0.0
0.0
0.0
0.0
0.0
0.0
0.0
0.0
0.0
0.0
0.0
0.0
0.0
0.0
0.0
0.0
0.0
0.0
0.0
0.0
0.0
0.0
0.0
0.0
0.0
0.0
0.0
0.0
0.0
0.0
0.0
0.0
0.0
0.0
0.0
0.0
0.0
0.0
0.0
0.0
0.0
0.0
0.0
0.0
0.0
0.0
0.0
0.0
0.0
0.0
0.0
0.0
0.0
0.0
0.0
0.0
0.0
0.0
0.0
0.0
0.0
0.0
0.0
0.0
0.0
0.0
0.0
0.0
0.0
0.0
0.0
0.0
0.0
0.0
0.0
0.0
0.0
0.0
0.0
0.0
0.0
0.0
0.0
0.0
0.0
0.0
0.0
0.0
0.0
0.0
0.0
0.0
0.0
0.0
0.0
0.0
0.0
0.0
0.0
0.0
0.0
0.0
0.0
0.0
0.0
0.0
0.0
0.0
0.0
0.0
0.0
0.0
0.0
0.0
0.0
0.0
0.0
0.0
0.0
0.0
0.0
0.0
0.0
0.0
0.0
0.0
0.0
0.0
0.0
0.0
0.0
0.0
0.0
0.0
0.0
0.0
0.0
0.0
0.0
0.0
0.0
0.0
0.0
0.0
0.0
0.0
0.0
0.0
0.0
0.0
0.0
0.0
0.0
0.0
0.0
0.0
0.0
0.0
0.0
0.0
0.0
0.0
0.0
0.0
0.0
0.0
0.0
0.0
0.0
0.0
0.0
0.0
0.0
0.0
0.0
0.0
0.0
0.0
0.0
0.0
0.0
0.0
0.0
0.0
0.0
0.0
0.0
0.0
0.0
0.0
0.0
0.0
0.0
0.0
0.0
0.0
0.0
0.0
0.0
0.0
0.0
0.0
0.0
0.0
0.0
0.0
0.0
0.0
0.0
0.0
0.0
0.0
0.0
0.0
0.0
0.0
0.0
0.0
0.0
0.0
0.0
0.0
0.0
0.0
0.0
0.0
0.0
0.0
0.0
0.0
0.0
0.0
0.0
0.0
0.0
0.0
0.0
0.0
0.0
0.0
0.0
0.0
0.0
0.0
0.0
0.0
0.0
0.0
0.0
0.0
0.0
0.0
0.0
0.0
0.0
0.0
0.0
0.0
0.0
0.0
0.0
0.0
0.0
0.0
0.0
0.0
0.0
0.0
0.0
0.0
0.0
0.0
0.0
0.0
0.0
0.0
0.0
0.0
0.0
0.0
0.0
0.0
0.0
0.0
0.0
0.0
0.0
0.0
0.0
0.0
0.0
0.0
0.0
0.0
0.0
0.0
0.0
0.0
0.0
0.0
0.0
0.0
0.0
0.0
0.0
0.0
0.0
0.0
0.0
0.0
0.0
0.0
0.0
0.0
0.0
0.0
0.0
0.0
0.0
0.0
0.0
0.0
0.0
0.0
0.0
0.0
0.0
0.0
0.0
0.0
0.0
0.0
0.0
0.0
0.0
0.0
0.0
0.0
0.0
0.0
0.0
0.0
0.0
0.0
0.0
0.0
0.0
0.0
0.0
0.0
0.0
0.0
0.0
0.0
0.0
0.0
0.0
0.0
0.0
0.0
0.0
0.0
0.0
0.0
0.0
0.0
0.0
0.0
0.0
0.0
0.0
0.0
0.0
0.0
0.0
0.0
0.0
0.0
0.0
0.0
0.0
0.0
0.0
0.0
0.0
0.0
0.0
0.0
0.0
0.0
0.0
0.0
0.0
0.0
0.0
0.0
0.0
0.0
0.0
0.0
0.0
0.0
0.0
0.0
0.0
0.0
0.0
0.0
0.0
0.0
0.0
0.0
0.0
0.0
0.0
0.0
0.0
0.0
0.0
0.0
0.0
0.0
0.0
0.0
0.0
0.0
0.0
0.0
0.0
0.0
0.0
0.0
0.0
0.0
0.0
0.0
0.0
0.0
0.0
0.0
0.0
0.0
0.0
0.0
0.0
0.0
0.0
0.0
0.0
0.0
0.0
0.0
0.0
0.0
0.0
0.0
0.0
0.0
0.0
0.0
0.0
0.0
0.0
0.0
0.0
0.0
0.0
0.0
0.0
0.0
0.0
0.0
0.0
0.0
0.0
0.0
0.0
0.0
0.0
0.0
0.0
0.0
0.0
0.0
0.0
0.0
0.0
0.0
0.0
0.0
0.0
0.0
0.0
0.0
0.0
0.0
0.0
0.0
0.0
0.0
0.0
0.0
0.0
0.0
0.0
0.0
0.0
0.0
0.0
0.0
0.0
0.0
0.0
0.0
0.0
0.0
0.0
0.0
0.0
0.0
0.0
0.0
0.0
0.0
0.0
0.0
0.0
0.0
0.0
0.0
0.0
0.0
0.0
0.0
0.0
0.0
0.0
0.0
0.0
0.0
0.0
0.0
0.0
0.0
0.0
0.0
0.0
0.0
0.0
0.0
0.0
0.0
0.0
0.0
0.0
0.0
0.0
0.0
0.0
0.0
0.0
0.0
0.0
0.0
0.0
0.0
0.0
0.0
0.0
0.0
0.0
0.0
0.0
0.0
0.0
0.0
0.0
0.0
0.0
0.0
0.0
0.0
0.0
0.0
0.0
0.0
0.0
0.0
0.0
0.0
0.0
0.0
0.0
0.0
0.0
0.0
0.0
0.0
0.0
0.0
0.0
0.0
0.0
0.0
0.0
0.0
0.0
0.0
0.0
0.0
0.0
0.0
0.0
0.0
0.0
0.0
0.0
0.0
0.0
0.0
0.0
0.0
0.0
0.0
0.0
0.0
0.0
0.0
0.0
0.0
0.0
0.0
0.0
0.0
0.0
0.0
0.0
0.0
0.0
0.0
0.0
0.0
0.0
0.0
0.0
0.0
0.0
0.0
0.0
0.0
0.0
0.0
0.0
0.0
0.0
0.0
0.0
0.0
0.0
0.0
0.0
0.0
0.0
0.0
0.0
0.0
0.0
0.0
0.0
0.0
0.0
0.0
0.0
0.0
0.0
0.0
0.0
0.0
0.0
0.0
0.0
0.0
0.0
0.0
0.0
0.0
0.0
0.0
0.0
0.0
0.0
0.0
0.0
0.0
0.0
0.0
0.0
0.0
0.0
0.0
0.0
0.0
0.0
0.0
0.0
0.0
0.0
0.0
0.0
0.0
0.0
0.0
0.0
0.0
0.0
0.0
0.0
0.0
0.0
0.0
0.0
0.0
0.0
0.0
0.0
0.0
0.0
0.0
0.0
0.0
0.0
0.0
0.0
0.0
0.0
0.0
0.0
0.0
0.0
0.0
0.0
0.0
0.0
0.0
0.0
0.0
0.0
0.0
0.0
0.0
0.0
0.0
0.0
0.0
0.0
0.0
0.0
0.0
0.0
0.0
0.0
0.0
0.0
0.0
0.0
0.0
0.0
0.0
0.0
0.0
0.0
0.0
0.0
0.0
0.0
0.0
0.0
0.0
0.0
0.0
0.0
0.0
0.0
0.0
0.0
0.0
0.0
0.0
0.0
0.0
0.0
0.0
0.0
0.0
0.0
0.0
0.0
0.0
