1.7111033594103644e-6
1.7310361311775662e-6
1.7498815889411564e-6
1.7680158302264033e-6
1.7852142581877081e-6
1.8020736135827461e-6
1.818539164662249e-6
1.834417731809553e-6
1.849823483500957e-6
1.86500951172474e-6
1.8799667320488268e-6
1.8945939616195606e-6
1.9088718540894846e-6
1.9229063253399497e-6
1.936731149648321e-6
1.950372184797602e-6
1.9637985417850296e-6
1.9771490537749213e-6
1.9904022279667337e-6
2.0034706570317753e-6
2.016163977428665e-6
2.0288029846612996e-6
2.0414064037321606e-6
2.053951812470574e-6
2.0663533768305007e-6
2.078712389704018e-6
2.0909984125711244e-6
2.1031800141652076e-6
2.115191992989422e-6
2.127144017164667e-6
2.139047479850941e-6
2.1509124118468113e-6
2.1627095377744806e-6
2.174425073168965e-6
2.1861138420334537e-6
2.1977864134402192e-6
2.209411553264264e-6
2.2209719411182998e-6
2.2325105840437997e-6
2.24401312890782e-6
2.2554596259397337e-6
2.2667775222855497e-6
2.2780911703555173e-6
2.2894021853355888e-6
2.300711799941397e-6
2.3119904449981433e-6
2.3232379613504184e-6
2.3344576758620713e-6
2.345653246295205e-6
2.3568392438357663e-6
2.3679653141161153e-6
2.3790896364212565e-6
2.3902164512062877e-6
2.4013428539984355e-6
2.412423686310582e-6
2.4234484877214364e-6
2.4344667014491875e-6
2.44548295003016e-6
2.4564986230120875e-6
2.467483095066481e-6
2.478449685936723e-6
2.489401905790447e-6
2.5003473611407716e-6
2.51130390549515e-6
2.5222424433708226e-6
2.533195361471413e-6
2.544160533287535e-6
2.555133674387502e-6
2.5660986868864394e-6
2.5769973631933983e-6
2.587881461318353e-6
2.598756609785979e-6
2.609629558832274e-6
2.6205019089577138e-6
2.631361796828145e-6
2.6422309550891532e-6
2.653106079257264e-6
2.6639874655376482e-6
2.67487665432923e-6
2.6857617625349138e-6
2.6966601134545433e-6
2.7075663105055754e-6
2.718473870035917e-6
2.7293660909923335e-6
2.7402345173083918e-6
2.7511161988601458e-6
2.762012519647729e-6
2.7729238929424423e-6
2.7838484596712093e-6
2.7947703753993567e-6
2.8056935293624698e-6
2.8166054355291514e-6
2.8275114345393247e-6
2.8384345472501715e-6
2.849354964516623e-6
2.860289233590429e-6
2.871235800110054e-6
2.882194632135513e-6
2.8931658130559233e-6
2.9041229111777283e-6
2.915087906803107e-6
2.9260672062507964e-6
2.937057674586267e-6
2.948060005800775e-6
2.959080480531366e-6
2.9701020907562313e-6
2.9811326279717107e-6
2.99217204929612e-6
3.0032238159569516e-6
3.014292209463513e-6
3.025356361829911e-6
3.0364270782753006e-6
3.0474999021160455e-6
3.0585742114714505e-6
3.0696552143586507e-6
3.080752706757531e-6
3.091848031400026e-6
3.102961379038775e-6
3.114096462808448e-6
3.1252533832729627e-6
3.1364304974024386e-6
3.147622967887509e-6
3.1588064139851955e-6
3.1699988303512374e-6
3.1812039954908263e-6
3.1924226156594877e-6
3.2036538676365575e-6
3.2148951645388923e-6
3.226148485005233e-6
3.237422274603299e-6
3.2487122616548744e-6
3.2600181562927337e-6
3.2713427447517637e-6
3.2826745973397885e-6
3.294013646123966e-6
3.305368129368506e-6
3.316737326020733e-6
3.328121682589137e-6
3.3395204786494446e-6
3.350915087978029e-6
3.3623139838521465e-6
3.373732061563681e-6
3.3851708006809253e-6
3.396630113032687e-6
3.4081088105279874e-6
3.4196026230097143e-6
3.431101007038397e-6
3.4426150010002714e-6
3.454148276659753e-6
3.465707054641925e-6
3.4772938995025135e-6
3.488902322612303e-6
3.5005209571253815e-6
3.5121574004185987e-6
3.5238132847347057e-6
3.535481689349789e-6
3.5471608931961017e-6
3.5588563651864535e-6
3.5705651248287183e-6
3.582284509541388e-6
3.5940196724733466e-6
3.6057816793250806e-6
3.6175696226335116e-6
3.629376271925112e-6
3.641197689475353e-6
3.6530182199881996e-6
3.664864273863497e-6
3.6767274534163263e-6
3.688604044988384e-6
3.7005018774266995e-6
3.712430622420663e-6
3.7243829191771585e-6
3.736342825321073e-6
3.7483331236527885e-6
3.760344015406572e-6
3.772374800971646e-6
3.7844301859155755e-6
3.796511538942828e-6
3.808603567946202e-6
3.820707087701955e-6
3.832822004221314e-6
3.844952717009569e-6
3.857106246208007e-6
3.869280967134498e-6
3.881474509946576e-6
3.8937057524236005e-6
3.905942588663638e-6
3.918208770807518e-6
3.930498478367045e-6
3.942813991743176e-6
3.9551549479571015e-6
3.967515070814767e-6
3.97988576778831e-6
3.992270378480096e-6
4.004678927642855e-6
4.017114773650933e-6
4.0295699407771054e-6
4.0420437376847196e-6
4.05453921005034e-6
4.067057940877966e-6
4.079599860311901e-6
4.092158123555945e-6
4.104723621947718e-6
4.1173245483267794e-6
4.129947988240989e-6
4.142594059530867e-6
4.155272507268832e-6
4.167973922526587e-6
4.1807051857079824e-6
4.1934548337205876e-6
4.206227135886775e-6
4.21903169841569e-6
4.231855050645444e-6
4.24469824159765e-6
4.257573607229545e-6
4.270467790787591e-6
4.283372301855137e-6
4.296313390478712e-6
4.309273010714246e-6
4.3222491569138265e-6
4.335261209442734e-6
4.348301795335829e-6
4.361350934683177e-6
4.374429706426783e-6
4.3875419306239696e-6
4.400664362182507e-6
4.413810203019704e-6
4.4269948498243295e-6
4.440202060150075e-6
4.4534206407316085e-6
4.466667314976328e-6
4.47996571735995e-6
4.493261896057865e-6
4.506582704431906e-6
4.5199363314518585e-6
4.533321797295396e-6
4.546733896130784e-6
4.5601728966125665e-6
4.573646248490071e-6
4.587155823136631e-6
4.600683402085762e-6
4.614230522456931e-6
4.627797457043756e-6
4.641392608395603e-6
4.655009162315394e-6
4.668646397645349e-6
4.682318518497589e-6
4.696030547889085e-6
4.709768754468773e-6
4.723530481061638e-6
4.73732334578483e-6
4.751143734927197e-6
4.7649834261131305e-6
4.778851346671016e-6
4.7927372698542305e-6
4.806648122922646e-6
4.820596806253178e-6
4.834579931466775e-6
4.848582502736104e-6
4.862613483039918e-6
4.876668729798939e-6
4.8907465084166955e-6
4.904864712664645e-6
4.9190199463240985e-6
4.933203453396022e-6
4.947405618891245e-6
4.961629740905255e-6
4.97589339346817e-6
4.990185531557711e-6
5.004508614567756e-6
5.018859306555235e-6
5.033244303003557e-6
5.047657111993875e-6
5.0620938431033575e-6
5.0765588348245995e-6
5.091062963913586e-6
5.1056039581076215e-6
5.120159055552498e-6
5.13474431926347e-6
5.149376331680502e-6
5.164029900714399e-6
5.178709776324787e-6
5.193422627670676e-6
5.2081777741830985e-6
5.222966624968299e-6
5.237782503453902e-6
5.252627877880524e-6
5.267502440757951e-6
5.282412834586194e-6
5.297350493275974e-6
5.312299696472654e-6
5.327275531165782e-6
5.342285357705593e-6
5.357343516050855e-6
5.372434911147118e-6
5.387550291625804e-6
5.4026962083358415e-6
5.41787536424386e-6
5.433083114851328e-6
5.448335280675997e-6
5.463615578021411e-6
5.4789204076258356e-6
5.494253872635076e-6
5.50962349486308e-6
5.525040090117322e-6
5.540495015918353e-6
5.555985809344904e-6
5.571511241714831e-6
5.587063423543091e-6
5.60264761481696e-6
5.61826812879285e-6
5.633919556341003e-6
5.649599846058885e-6
5.66530741870369e-6
5.681045373204518e-6
5.696816219670519e-6
5.712624274006383e-6
5.728475218448294e-6
5.744365524249736e-6
5.760286075367294e-6
5.776237333503306e-6
5.792227577303857e-6
5.808256617728678e-6
5.824310415641915e-6
5.840389560071832e-6
5.856511749634529e-6
5.872685981321168e-6
5.888891674639111e-6
5.905124830002128e-6
5.921385509038828e-6
5.9376775909716494e-6
5.95400957980086e-6
5.970384271255851e-6
5.986797037174536e-6
6.003243795260301e-6
6.019727178107431e-6
6.03624852642138e-6
6.052806312561592e-6
6.069407114497336e-6
6.086038825185885e-6
6.10269740397786e-6
6.119394315049214e-6
6.1361301088537185e-6
6.152902211653077e-6
6.16971538808288e-6
6.186569456697242e-6
6.2034643677800445e-6
6.220399074475911e-6
6.237368707009928e-6
6.2543715551308505e-6
6.271418328042399e-6
6.28850558257174e-6
6.305626115395653e-6
6.322783156455893e-6
6.339980766320069e-6
6.357215178586374e-6
6.3744837459301476e-6
6.391791964870168e-6
6.409143607158324e-6
6.426532975255172e-6
6.443960495567585e-6
6.4614263001213635e-6
6.478927320984082e-6
6.496465851435858e-6
6.514044474440136e-6
6.531662127529024e-6
6.549330174508041e-6
6.567048672508303e-6
6.584802526669917e-6
6.602583509773093e-6
6.620393834988979e-6
6.638239401965209e-6
6.6561294262779694e-6
6.674068664930589e-6
6.692043441518173e-6
6.710057905005203e-6
6.728127169487493e-6
6.746239603463898e-6
6.764389322779436e-6
6.782581990547304e-6
6.800815437024321e-6
6.819085219313707e-6
6.837390976518672e-6
6.855734945122955e-6
6.874118762319731e-6
6.892544382594693e-6
6.911012182189386e-6
6.929529679643843e-6
6.948108415498689e-6
6.966730381531546e-6
6.9853865837590756e-6
7.004082752722743e-6
7.022822668267559e-6
7.041603341651679e-6
7.0604262817375405e-6
7.079289225481467e-6
7.0981922676111335e-6
7.117138849844504e-6
7.1361194896993214e-6
7.155154240762621e-6
7.174237850053835e-6
7.1933582462823415e-6
7.2125229540752885e-6
7.231739721612774e-6
7.251005702081121e-6
7.270311878318704e-6
7.289657929734426e-6
7.309041985087034e-6
7.328463480171297e-6
7.3479197205089516e-6
7.3674406559564e-6
7.387003104370164e-6
7.406612543468294e-6
7.426274877555283e-6
7.445985457652422e-6
7.465733841969897e-6
7.4855151444660185e-6
7.505327422054009e-6
7.525195186616389e-6
7.545136827654361e-6
7.565134443280986e-6
7.585168110676962e-6
7.605239722442519e-6
7.625354754852721e-6
7.645514085866818e-6
7.665717554069028e-6
7.685956849140291e-6
7.706284753889222e-6
7.72665146059865e-6
7.747060073467626e-6
7.767511788577807e-6
7.788006142668887e-6
7.808541851703074e-6
7.829114580374227e-6
7.849730204986028e-6
7.870406870413465e-6
7.891137586641634e-6
7.911916169670444e-6
7.932750318086226e-6
7.953638625194615e-6
7.974568456962724e-6
7.995535848735223e-6
8.016555647209607e-6
8.037636777998267e-6
8.05876535095792e-6
8.07994638704259e-6
8.101179538250775e-6
8.122462277134642e-6
8.143760998570633e-6
8.16513989934596e-6
8.186558190192724e-6
8.20802816753778e-6
8.229556167083232e-6
8.251129934147014e-6
8.272738262545553e-6
8.29440004632425e-6
8.316129057234115e-6
8.337916160735268e-6
8.35975111170516e-6
8.38162801587479e-6
8.403537949718065e-6
8.42548234188088e-6
8.447492931716355e-6
8.469593193527493e-6
8.491741050111346e-6
8.513932287422671e-6
8.536166155625499e-6
8.55843684632262e-6
8.580792126223063e-6
8.60320393678343e-6
8.625653300392672e-6
8.648131901562824e-6
8.670659357316198e-6
8.693234475469756e-6
8.715906495654374e-6
8.738643020979418e-6
8.761433180529612e-6
8.78427028906854e-6
8.807141075890748e-6
8.830054904367087e-6
8.853029620348708e-6
8.876063290025545e-6
8.89915881348086e-6
8.922313177226875e-6
8.945506901554666e-6
8.968759241667754e-6
8.992094855094943e-6
9.015475401677623e-6
9.038890784731541e-6
9.062334352404525e-6
9.08584596002606e-6
9.109478412509544e-6
9.133159251634668e-6
9.156877512300738e-6
9.180634124869261e-6
9.204401189537195e-6
9.228274532664465e-6
9.252190049919772e-6
9.276157297111468e-6
9.300184199834412e-6
9.32424597243881e-6
9.348407876097954e-6
9.372629009774316e-6
9.3968867552586e-6
9.421177341057505e-6
9.44551000549953e-6
9.469948213547762e-6
9.494478811722334e-6
9.519060605937684e-6
9.54367912931884e-6
9.568321575447559e-6
9.593021299087842e-6
9.617821701260163e-6
9.64270187697054e-6
9.667632284566456e-6
9.692601994684712e-6
9.717626948989749e-6
9.74272343343032e-6
9.767849992154884e-6
9.79303621598307e-6
9.818263799024374e-6
9.843605473456813e-6
9.86901575652314e-6
9.894481710776166e-6
9.919965844234322e-6
9.94547795982314e-6
9.971139748069882e-6
9.996852430126982e-6
1.0022606768787148e-5
1.0048377823746039e-5
1.0074212968439735e-5
1.0100134697616593e-5
1.012615551658501e-5
1.0152231893564183e-5
1.0178340204114159e-5
1.0204532717628888e-5
1.0230785603955456e-5
1.0257064880066374e-5
1.0283372250964545e-5
1.0309780253203287e-5
1.0336297505912952e-5
1.0362878489842455e-5
1.0389493005507226e-5
1.0416152648479721e-5
1.0442907035716969e-5
1.0469742249912254e-5
1.0496612550441001e-5
1.0523518817554748e-5
1.0550498302665976e-5
1.0577591050901419e-5
1.0604749313618642e-5
1.0631944540442322e-5
1.0659168616479682e-5
1.0686503499926655e-5
1.071386631029316e-5
1.0741291633729242e-5
1.0768782782167234e-5
1.079641518039066e-5
1.0824099822675387e-5
1.085182064722849e-5
1.0879548933656435e-5
1.0907399268334482e-5
1.0935322590339613e-5
1.096331886559297e-5
1.0991347316884793e-5
1.101941827247999e-5
1.1047633160983947e-5
1.1075906478694663e-5
1.1104195996640303e-5
1.1132546013447537e-5
1.1160976527304931e-5
1.1189506995523047e-5
1.1218092045859609e-5
1.1246734882821294e-5
1.1275466030737507e-5
1.1304242006164488e-5
1.1333085029563804e-5
1.1362018059388482e-5
1.1391051881863531e-5
1.1420148187771735e-5
1.1449254980013667e-5
1.1478418242235957e-5
1.1507705748269297e-5
1.1537090780062414e-5
1.1566506513919487e-5
1.1595959439328976e-5
1.1625506596965147e-5
1.1655141767018795e-5
1.1684803968592562e-5
1.171451949340913e-5
1.1744366043656152e-5
1.1774304768962404e-5
1.1804302144652253e-5
1.1834333211674695e-5
1.1864479901807385e-5
1.1894669979220208e-5
1.1924919194033947e-5
1.1955236349770982e-5
1.1985688083292898e-5
1.2016168879227668e-5
1.2046667758967468e-5
1.2077293877778329e-5
1.2108048664339744e-5
1.2138826337948261e-5
1.2169604246558017e-5
1.2200445178106098e-5
1.2231460721081876e-5
1.2262549944223856e-5
1.2293643457419951e-5
1.2324862986535276e-5
1.2356205645773237e-5
1.2387564884096584e-5
1.2418938268117617e-5
1.2450486683496242e-5
1.2482106152649159e-5
1.2513774385199763e-5
1.2545461928707544e-5
1.2577248209564166e-5
1.2609109654390386e-5
1.2641057929801874e-5
1.2673143734957051e-5
1.2705310489675242e-5
1.2737476589828766e-5
1.2769689962669503e-5
1.2802058243268156e-5
1.2834507072053211e-5
1.2866975963238961e-5
1.2899492329783607e-5
1.2932155954210232e-5
1.2964915127439156e-5
1.2997654317328566e-5
1.3030504824686979e-5
1.30634702471202e-5
1.3096511659479813e-5
1.3129609243350108e-5
1.3162822127508663e-5
1.3196126449776126e-5
1.3229456804652207e-5
1.326285139847998e-5
1.3296356200472727e-5
1.3329947063773547e-5
1.3363584878408708e-5
1.339732128279414e-5
1.3431153441756592e-5
1.346503945873356e-5
1.349902630676057e-5
1.35331229778412e-5
1.3567251816958645e-5
1.360138157329938e-5
1.3635645439657075e-5
1.3670079635169317e-5
1.3704547832390112e-5
1.37390501568566e-5
1.3773673315114186e-5
1.3808418069997679e-5
1.384317616794991e-5
1.3877997927847375e-5
1.3912984924683922e-5
1.3948066686714549e-5
1.3983206030351716e-5
1.4018421296991392e-5
1.405371881036207e-5
1.4089074045321273e-5
1.412451313224344e-5
1.4160086066337066e-5
1.4195679839120067e-5
1.423130226494449e-5
1.42670749827991e-5
1.4302957544281155e-5
1.4338947429929519e-5
1.437500080432626e-5
1.4411126306306099e-5
1.4447261919945387e-5
1.4483526995334898e-5
1.4519960657766917e-5
1.4556404470170819e-5
1.4592871178337586e-5
1.4629522255136137e-5
1.4666309162617688e-5
1.470308477512823e-5
1.473985013904864e-5
1.4776845531445583e-5
1.4813916167851648e-5
1.4850988467364738e-5
1.4888252699172568e-5
1.4925600962750521e-5
1.4962980126466928e-5
1.5000393768674274e-5
1.5037980777310283e-5
1.5075659606388559e-5
1.5113380974989737e-5
1.5151244792688056e-5
1.5189148605750836e-5
1.5227089035804371e-5
1.5265259345920807e-5
1.530348524949014e-5
1.5341744156716287e-5
1.5380073464102703e-5
1.5418500481968853e-5
1.5457002521280095e-5
1.549559728239274e-5
1.553435532296821e-5
1.557312848938661e-5
1.5611961865060816e-5
1.565109378091648e-5
1.5690224271660424e-5
1.5729309976974683e-5
1.576855518236931e-5
1.5807958673471922e-5
1.5847338462287825e-5
1.588675990063212e-5
1.5926469186255694e-5
1.596622578500977e-5
1.600594421218741e-5
1.6045821414622786e-5
1.6085789834667273e-5
1.6125755194882563e-5
1.616595787161545e-5
1.6206250796543605e-5
1.6246556082362764e-5
1.628697744347714e-5
1.632746369280727e-5
1.636811226384946e-5
1.6408828654731834e-5
1.6449714346646425e-5
1.6490578135627753e-5
1.6531471639459548e-5
1.6572604849093025e-5
1.6613802837861633e-5
1.6655037931896562e-5
1.669641709412103e-5
1.6737847270946456e-5
1.6779307458948874e-5
1.682107050549438e-5
1.6862804526597783e-5
1.690447382051012e-5
1.6946489035230094e-5
1.6988589391998014e-5
1.7030613458316566e-5
1.7072722751495488e-5
1.7115123945708987e-5
1.715752000309946e-5
1.719982756513496e-5
1.724251919951015e-5
1.728526396025572e-5
1.7327961445663936e-5
1.7370816935668826e-5
1.741383607192063e-5
1.7456795905095065e-5
1.7499934497010068e-5
1.7543217533935558e-5
1.758653380046142e-5
1.7630061297117222e-5
1.767364495588221e-5
1.771718238481586e-5
1.7760886238058613e-5
1.7804678002319792e-5
1.7848604366703644e-5
1.789265725229353e-5
1.793673882354231e-5
1.7980948559571836e-5
1.8025237360459888e-5
1.806973833852387e-5
1.8114225293435864e-5
1.8158761179671602e-5
1.8203454999572485e-5
1.8248211258115645e-5
1.829311570360634e-5
1.8338157147932724e-5
1.8383188358525073e-5
1.8428353514164252e-5
1.8473755342835934e-5
1.851907224281113e-5
1.856440883046364e-5
1.8610092411759485e-5
1.8655767103359407e-5
1.8701351931398753e-5
1.8747328878501006e-5
1.879336435535881e-5
1.883931465072615e-5
1.8885533222318933e-5
1.8931853674994846e-5
1.8978128242539303e-5
1.9024599948793003e-5
1.9071167653553676e-5
1.9117724483279673e-5
1.916448706813686e-5
1.9211376684918405e-5
1.925828633130269e-5
1.9305349801333724e-5
1.935254132619292e-5
1.9399784045433573e-5
1.9447143558402757e-5
1.9494576515477742e-5
1.9542085535629273e-5
1.9589734785545585e-5
1.9637472182815256e-5
1.9685280710076574e-5
1.9733188638177753e-5
1.9781203058503954e-5
1.9829372238118336e-5
1.9877684285792505e-5
1.9926063346398197e-5
1.9974408930853235e-5
2.0022871521654092e-5
2.007154009685311e-5
2.0120291600181888e-5
2.0169130574686015e-5
2.021803193604455e-5
2.0267000592521225e-5
2.0316183462767147e-5
2.0365419451433814e-5
2.0414659213735165e-5
2.0464165701262975e-5
2.05137697045382e-5
2.0563292310677006e-5
2.0612971080210135e-5
2.0662868461979038e-5
2.0712750263284775e-5
2.0762748534261144e-5
2.081295202355308e-5
2.086314138189129e-5
2.091340528973258e-5
2.0963860210282687e-5
2.101435128770712e-5
2.1064944433441588e-5
2.111571905788342e-5
2.1166522883019465e-5
2.121742304903858e-5
2.1268462261735675e-5
2.131955433433668e-5
2.1370767480362476e-5
2.1422085783850634e-5
2.147347577171822e-5
2.1524989718093534e-5
2.1576588188668332e-5
2.162827066420204e-5
2.1680079523506516e-5
2.173198491188647e-5
2.1783991291650136e-5
2.1836100935441224e-5
2.1888270619519596e-5
2.194053285611808e-5
2.1992908393312366e-5
2.2045375906071688e-5
2.2097999116818835e-5
2.2150724215439476e-5
2.2203456662958005e-5
2.225634782669312e-5
2.230935145515052e-5
2.2362306641994905e-5
2.24154852509887e-5
2.2468807538676268e-5
2.2522126573663865e-5
2.2575677452230062e-5
2.2629246166427404e-5
2.2682717155461614e-5
2.273657597013438e-5
2.2790520536281126e-5
2.2844244671367426e-5
2.2898349427584764e-5
2.2952615157063204e-5
2.3006650823001146e-5
2.3061028030580883e-5
2.3115538486593943e-5
2.3169881780052836e-5
2.3224569917880514e-5
2.327939687711509e-5
2.3334035133478467e-5
2.3388917408202388e-5
2.344394474830489e-5
2.3498943246749677e-5
2.3554161688420565e-5
2.3609491526301943e-5
2.3664755564111096e-5
2.3720219837380565e-5
2.3775772711968967e-5
2.383136664949661e-5
2.3887120453856962e-5
2.394288436564719e-5
2.399877194999839e-5
2.405480142647902e-5
2.4110852150905047e-5
2.4167061825021628e-5
2.4223304403634445e-5
2.4279600754335624e-5
2.4336125909433425e-5
2.4392670630419733e-5
2.4449208177850578e-5
2.4506001239155963e-5
2.4562749593268417e-5
2.46195777467776e-5
2.4676643246628528e-5
2.473367291050889e-5
2.4790778044464517e-5
2.4848073269772855e-5
2.49053692459054e-5
2.4962789962753946e-5
2.5020345848339683e-5
2.5077862771012643e-5
2.5135524182167648e-5
2.5193299858973275e-5
2.5251075496749822e-5
2.5309046401048e-5
2.536704483382228e-5
2.5425048718104334e-5
2.548328918519583e-5
2.5541482484401456e-5
2.5599767574711545e-5
2.5658315930213008e-5
2.5716647115210866e-5
2.5775157076265755e-5
2.5834065293083986e-5
2.5892706347213215e-5
2.5951393239767215e-5
2.6010444352435062e-5
2.6069360024174942e-5
2.61282942843769e-5
2.618753918654742e-5
2.624673296694584e-5
2.6305939045792687e-5
2.636531600051359e-5
2.6424717092494505e-5
2.6484235184145185e-5
2.6543847196430464e-5
2.6603397122626327e-5
2.6663083580258368e-5
2.6722932062203408e-5
2.6782787859717687e-5
2.6842718532924063e-5
2.6902669666750703e-5
2.696275839415008e-5
2.7022948790213116e-5
2.708306225593634e-5
2.7143385773510478e-5
2.7203770717328547e-5
2.7264069515441277e-5
2.7324589557768224e-5
2.738517621121829e-5
2.7445721388063518e-5
2.7506470074047803e-5
2.7567158264746745e-5
2.7627845320268307e-5
2.7688794210088517e-5
2.774969332217216e-5
2.7810625333213176e-5
2.7871690370815292e-5
2.7932690586629717e-5
2.799391243793896e-5
2.8055163972415037e-5
2.8116268672362325e-5
2.817768052631834e-5
2.823905615043198e-5
2.8300403730108498e-5
2.836197429587982e-5
2.8423469662804177e-5
2.848498706781212e-5
2.8546684494006317e-5
2.8608311983647864e-5
2.867001445675116e-5
2.873183800401223e-5
2.879362092549803e-5
2.885550035706635e-5
2.8917382734151495e-5
2.897927667514619e-5
2.9041344724445833e-5
2.9103301346231418e-5
2.916533300352889e-5
2.922756381386152e-5
2.928962295751489e-5
2.9351812253110347e-5
2.941410320450532e-5
2.9476257030131815e-5
2.9538623272892306e-5
2.9601024108096463e-5
2.9663269604344357e-5
2.9725709634319417e-5
2.9788138684366783e-5
2.985050594886693e-5
2.9913072543510685e-5
2.9975480426667118e-5
3.0037942569635194e-5
3.0100631587551362e-5
3.0163127539555366e-5
3.0225671071237932e-5
3.028837286067674e-5
3.0350956980146578e-5
3.0413632912944295e-5
3.0476337170047132e-5
3.053892932232121e-5
3.06016553465502e-5
3.066435237968897e-5
3.0727014175653326e-5
3.078980481146757e-5
3.0852430811042095e-5
3.091520133732629e-5
3.0977989380927905e-5
3.104061858668446e-5
3.1103379529853675e-5
3.116615289241349e-5
3.122883991892375e-5
3.1291636805530395e-5
3.135438107234836e-5
3.141706826599718e-5
3.147981891080674e-5
3.154248522048482e-5
3.160518167950611e-5
3.166787048780701e-5
3.173043957752385e-5
3.179316838778932e-5
3.185576080158213e-5
3.191831947336391e-5
3.1980988581998735e-5
3.2043567039236933e-5
3.210604965317288e-5
3.2168573193823705e-5
3.223110936337143e-5
3.229354320872604e-5
3.2355939104538455e-5
3.241834638630029e-5
3.248072500100484e-5
3.254297515472674e-5
3.260524556783812e-5
3.266752918740134e-5
3.2729658704716184e-5
3.2791819907023966e-5
3.2853931331609664e-5
3.2915910951138184e-5
3.2977917879407015e-5
3.303983381910646e-5
3.3101686632886244e-5
3.316353407170511e-5
3.32251530434789e-5
3.328685656418796e-5
3.334855793036195e-5
3.341001227952701e-5
3.347154171997983e-5
3.353297733278971e-5
3.359423414135316e-5
3.36555235298211e-5
3.371664052224384e-5
3.3777716789105025e-5
3.3838752073811665e-5
3.389948075250568e-5
3.396039615980105e-5
3.402114812254461e-5
3.4081558681301865e-5
3.414227394242967e-5
3.4202690885756315e-5
3.426283277245062e-5
3.432324046662719e-5
3.43832400884192e-5
3.444309792176308e-5
3.450314235014001e-5
3.4562700837328586e-5
3.4622303865779396e-5
3.4681944486142896e-5
3.4741100469615224e-5
3.4800427818733096e-5
3.485960519565181e-5
3.491840404238273e-5
3.497727458185047e-5
3.503595593827711e-5
3.5094392689107326e-5
3.5152804483230986e-5
3.521097631626333e-5
3.526901456658153e-5
3.532688828488427e-5
3.538451033433636e-5
3.544212762823911e-5
3.549947694142752e-5
3.555663282697123e-5
3.56137309707911e-5
3.5670529509284004e-5
3.572715184635348e-5
3.578364838721895e-5
3.583986277343431e-5
3.589591278181962e-5
3.595173053278236e-5
3.600737044977909e-5
3.60628374927223e-5
3.611799223274914e-5
3.617300161110997e-5
3.6227790933032296e-5
3.628226827408645e-5
3.633662276862897e-5
3.639069838795336e-5
3.644446158617283e-5
3.649810858483254e-5
3.6551357814379386e-5
3.660442979982008e-5
3.665731324726513e-5
3.670977052630935e-5
3.676204530777251e-5
3.681410695053392e-5
3.686580044955663e-5
3.691724390867446e-5
3.696836353985328e-5
3.7019225667067524e-5
3.7069766150490374e-5
3.711986601394252e-5
3.71699174403812e-5
3.7219546480494724e-5
3.726876350859554e-5
3.731778813855288e-5
3.736641952896657e-5
3.741465941351201e-5
3.7462595871799787e-5
3.7510194930628976e-5
3.755742510416031e-5
3.760425907584646e-5
3.765072996028406e-5
3.769691842973648e-5
3.774263828406165e-5
3.778797242553391e-5
3.783298066125043e-5
3.78775339981441e-5
3.792169439964763e-5
3.7965439784032894e-5
3.800874784438799e-5
3.805167230840839e-5
3.809409831535906e-5
3.813611359525093e-5
3.817772265644684e-5
3.8218808231555595e-5
3.825945716318544e-5
3.829963176755591e-5
3.83393419483754e-5
3.8378587248284835e-5
3.841727010071765e-5
3.845552433732918e-5
3.84932542594255e-5
3.8530374708841265e-5
3.856708318297263e-5
3.860321740313225e-5
3.863876974237309e-5
3.867385610197717e-5
3.870831431387593e-5
3.8742230693796954e-5
3.877558629040209e-5
3.8808221999136635e-5
3.8840460773686303e-5
3.887198068002112e-5
3.890282091534796e-5
3.893322896583082e-5
3.896285078152068e-5
3.899184290713273e-5
3.9020286415358027e-5
3.904791030058606e-5
3.907494807368653e-5
3.910131962023673e-5
3.912685749246718e-5
3.9151863275991516e-5
3.917609385571058e-5
3.919951153987387e-5
3.922230397126542e-5
3.924428458892408e-5
3.9265478743281954e-5
3.928594350703547e-5
3.930556976365885e-5
3.932444517041935e-5
3.934248153218889e-5
3.935966914936004e-5
3.937608114085711e-5
3.939159492353585e-5
3.940624200588893e-5
3.942003954669072e-5
3.943291168977026e-5
3.9444891723055304e-5
3.945594116867811e-5
3.9466052439764185e-5
3.947523429668808e-5
3.948342349953661e-5
3.949064097244632e-5
3.949687339876391e-5
3.950207168437264e-5
3.9506256196398844e-5
3.9509394626647675e-5
3.9511465857883135e-5
3.951246339712623e-5
3.951236426674821e-5
3.9511151931325493e-5
3.9508804922989056e-5
3.95053165125207e-5
3.9500652578233494e-5
3.949480172106602e-5
3.948775571803631e-5
3.9479465005585326e-5
3.946995776095221e-5
3.9459168664345676e-5
3.944707156375941e-5
3.9433730870346415e-5
3.9419011407804155e-5
3.940292367097659e-5
3.9385522203456404e-5
3.9366681690950015e-5
3.9346421076950196e-5
3.932473962721556e-5
3.930159588944693e-5
3.9276981569334285e-5
3.9250769358948144e-5
3.922307829482143e-5
3.919383175104738e-5
3.916292629146401e-5
3.913046624871362e-5
3.909636121583352e-5
3.9060526115251187e-5
3.902302469779456e-5
3.8983752383512015e-5
3.8942727679384584e-5
3.889991465881219e-5
3.885520878327755e-5
3.880871241724742e-5
3.8760314991834165e-5
3.870995900425156e-5
3.8657680000546315e-5
3.860336060860861e-5
3.8547077494668155e-5
3.848865055072923e-5
3.84280522627166e-5
3.836543011389083e-5
3.830057125503362e-5
3.82334309591113e-5
3.816410118566207e-5
3.809239558126756e-5
3.8018372567611007e-5
3.7941932042932405e-5
3.7862966990082365e-5
3.778169622393579e-5
3.7697656265856174e-5
3.7610983418677615e-5
3.752187752066287e-5
3.742993411034855e-5
3.733517164956709e-5
3.723773616688426e-5
3.713748821112942e-5
3.7034196622510426e-5
3.6927678639979554e-5
3.68184060559592e-5
3.670587873753174e-5
3.659008912424605e-5
3.647122452344133e-5
3.634886583193287e-5
3.6223148933546074e-5
3.6094060961172197e-5
3.5961178024860245e-5
3.582483467726459e-5
3.568474108655089e-5
3.5540594125822536e-5
3.5392847245950646e-5
3.5240766740060496e-5
3.50847166387171e-5
3.4924599034919264e-5
3.475987986805253e-5
3.459116295288175e-5
3.441769589578422e-5
3.4239176245995244e-5
3.405643726179302e-5
3.386838616493171e-5
3.367531112731548e-5
3.347738018805001e-5
3.327372351599828e-5
3.306496308971843e-5
3.285026021778727e-5
3.2629479086677484e-5
3.240358886885506e-5
3.2170504923474226e-5
3.193114431542886e-5
3.168600893833888e-5
3.1432946769159206e-5
3.117341235338274e-5
3.090694200763603e-5
3.0631975371784586e-5
3.0350444277342704e-5
3.0059809093977703e-5
2.9760562892767855e-5
2.945396117452619e-5
2.9136608244171498e-5
2.8810385773666406e-5
2.8475040975881902e-5
2.812774617975343e-5
2.7771069437323467e-5
2.7402690372813187e-5
2.7021651972177886e-5
2.6629899273615435e-5
2.6222912244613526e-5
2.580267132249141e-5
2.5368904194454968e-5
2.4918055704966994e-5
2.445186452373646e-5
2.3968089393776007e-5
2.346515691786913e-5
2.294347265800387e-5
2.239783307844573e-5
2.1829856200687373e-5
2.123750063469324e-5
2.061521193535406e-5
1.9964161888314356e-5
1.92796992422738e-5
1.8556387578844286e-5
1.779234292821045e-5
1.6979164909153988e-5
1.611112377971247e-5
1.517818884588787e-5
1.4163783014760274e-5
1.3055350927215485e-5
1.1821348186900486e-5
1.0415536661366033e-5
8.763460917101306e-6
6.6745506085146665e-6
3.431943038557745e-6
0.0
0.0
0.0
0.0
0.0
0.0
0.0
0.0
0.0
0.0
0.0
0.0
0.0
0.0
0.0
0.0
0.0
0.0
0.0
0.0
0.0
0.0
0.0
0.0
0.0
0.0
0.0
0.0
0.0
0.0
0.0
0.0
0.0
0.0
0.0
0.0
0.0
0.0
0.0
0.0
0.0
0.0
0.0
0.0
0.0
0.0
0.0
0.0
0.0
0.0
0.0
0.0
0.0
0.0
0.0
0.0
0.0
0.0
0.0
0.0
0.0
0.0
0.0
0.0
0.0
0.0
0.0
0.0
0.0
0.0
0.0
0.0
0.0
0.0
0.0
0.0
0.0
0.0
0.0
0.0
0.0
0.0
0.0
0.0
0.0
0.0
0.0
0.0
0.0
0.0
0.0
0.0
0.0
0.0
0.0
0.0
0.0
0.0
0.0
0.0
0.0
0.0
0.0
0.0
0.0
0.0
0.0
0.0
0.0
0.0
0.0
0.0
0.0
0.0
0.0
0.0
0.0
0.0
0.0
0.0
0.0
0.0
0.0
0.0
0.0
0.0
0.0
0.0
0.0
0.0
0.0
0.0
0.0
0.0
0.0
0.0
0.0
0.0
0.0
0.0
0.0
0.0
0.0
0.0
0.0
0.0
0.0
0.0
0.0
0.0
0.0
0.0
0.0
0.0
0.0
0.0
0.0
0.0
0.0
0.0
0.0
0.0
0.0
0.0
0.0
0.0
0.0
0.0
0.0
0.0
0.0
0.0
0.0
0.0
0.0
0.0
0.0
0.0
0.0
0.0
0.0
0.0
0.0
0.0
0.0
0.0
0.0
0.0
0.0
0.0
0.0
0.0
0.0
0.0
0.0
0.0
0.0
0.0
0.0
0.0
0.0
0.0
0.0
0.0
0.0
0.0
0.0
0.0
0.0
0.0
0.0
0.0
0.0
0.0
0.0
0.0
0.0
0.0
0.0
0.0
0.0
0.0
0.0
0.0
0.0
0.0
0.0
0.0
0.0
0.0
0.0
0.0
0.0
0.0
0.0
0.0
0.0
0.0
0.0
0.0
0.0
0.0
0.0
0.0
0.0
0.0
0.0
0.0
0.0
0.0
0.0
0.0
0.0
0.0
0.0
0.0
0.0
0.0
0.0
0.0
0.0
0.0
0.0
0.0
0.0
0.0
0.0
0.0
0.0
0.0
0.0
0.0
0.0
0.0
0.0
0.0
0.0
0.0
0.0
0.0
0.0
0.0
0.0
0.0
0.0
0.0
0.0
0.0
0.0
0.0
0.0
0.0
0.0
0.0
0.0
0.0
0.0
0.0
0.0
0.0
0.0
0.0
0.0
0.0
0.0
0.0
0.0
0.0
0.0
0.0
0.0
0.0
0.0
0.0
0.0
0.0
0.0
0.0
0.0
0.0
0.0
0.0
0.0
0.0
0.0
0.0
0.0
0.0
0.0
0.0
0.0
0.0
0.0
0.0
0.0
0.0
0.0
0.0
0.0
0.0
0.0
0.0
0.0
0.0
0.0
0.0
0.0
0.0
0.0
0.0
0.0
0.0
0.0
0.0
0.0
0.0
0.0
0.0
0.0
0.0
0.0
0.0
0.0
0.0
0.0
0.0
0.0
0.0
0.0
0.0
0.0
0.0
0.0
0.0
0.0
0.0
0.0
0.0
0.0
0.0
0.0
0.0
0.0
0.0
0.0
0.0
0.0
0.0
0.0
0.0
0.0
0.0
0.0
0.0
0.0
0.0
0.0
0.0
0.0
0.0
0.0
0.0
0.0
0.0
0.0
0.0
0.0
0.0
0.0
0.0
0.0
0.0
0.0
0.0
0.0
0.0
0.0
0.0
0.0
0.0
0.0
0.0
0.0
0.0
0.0
0.0
0.0
0.0
0.0
0.0
0.0
0.0
0.0
0.0
0.0
0.0
0.0
0.0
0.0
0.0
0.0
0.0
0.0
0.0
0.0
0.0
0.0
0.0
0.0
0.0
0.0
0.0
0.0
0.0
0.0
0.0
0.0
0.0
0.0
0.0
0.0
0.0
0.0
0.0
0.0
0.0
0.0
0.0
0.0
0.0
0.0
0.0
0.0
0.0
0.0
0.0
0.0
0.0
0.0
0.0
0.0
0.0
0.0
0.0
0.0
0.0
0.0
0.0
0.0
0.0
0.0
0.0
0.0
0.0
0.0
0.0
0.0
0.0
0.0
0.0
0.0
0.0
0.0
0.0
0.0
0.0
0.0
0.0
0.0
0.0
0.0
0.0
0.0
0.0
0.0
0.0
0.0
0.0
0.0
0.0
0.0
0.0
0.0
0.0
0.0
0.0
0.0
0.0
0.0
0.0
0.0
0.0
0.0
0.0
0.0
0.0
0.0
0.0
0.0
0.0
0.0
0.0
0.0
0.0
0.0
0.0
0.0
0.0
0.0
0.0
0.0
0.0
0.0
0.0
0.0
0.0
0.0
0.0
0.0
0.0
0.0
0.0
0.0
0.0
0.0
0.0
0.0
0.0
0.0
0.0
0.0
0.0
0.0
0.0
0.0
0.0
0.0
0.0
0.0
0.0
0.0
0.0
0.0
0.0
0.0
0.0
0.0
0.0
0.0
0.0
0.0
0.0
0.0
0.0
0.0
0.0
0.0
0.0
0.0
0.0
0.0
0.0
0.0
0.0
0.0
0.0
0.0
0.0
0.0
0.0
0.0
0.0
0.0
0.0
0.0
0.0
0.0
0.0
0.0
0.0
0.0
0.0
0.0
0.0
0.0
0.0
0.0
0.0
0.0
0.0
0.0
0.0
0.0
0.0
0.0
0.0
0.0
0.0
0.0
0.0
0.0
0.0
0.0
0.0
0.0
0.0
0.0
0.0
0.0
0.0
0.0
0.0
0.0
0.0
0.0
0.0
0.0
0.0
0.0
0.0
0.0
0.0
0.0
0.0
0.0
0.0
0.0
0.0
0.0
0.0
0.0
0.0
0.0
0.0
0.0
0.0
0.0
0.0
0.0
0.0
0.0
0.0
0.0
0.0
0.0
0.0
0.0
0.0
0.0
0.0
0.0
0.0
0.0
0.0
0.0
0.0
0.0
0.0
0.0
0.0
0.0
0.0
0.0
0.0
0.0
0.0
0.0
0.0
0.0
0.0
0.0
0.0
0.0
0.0
0.0
0.0
0.0
0.0
0.0
0.0
0.0
0.0
0.0
0.0
0.0
0.0
0.0
0.0
0.0
0.0
0.0
0.0
0.0
0.0
0.0
0.0
0.0
0.0
0.0
0.0
0.0
0.0
0.0
0.0
0.0
0.0
0.0
0.0
0.0
0.0
0.0
0.0
0.0
0.0
0.0
0.0
0.0
0.0
0.0
0.0
0.0
0.0
0.0
0.0
0.0
0.0
0.0
0.0
0.0
0.0
0.0
0.0
0.0
0.0
0.0
0.0
0.0
0.0
0.0
0.0
0.0
0.0
0.0
0.0
0.0
0.0
0.0
0.0
0.0
0.0
0.0
0.0
0.0
0.0
0.0
0.0
0.0
0.0
0.0
0.0
0.0
0.0
0.0
0.0
0.0
0.0
0.0
0.0
0.0
0.0
0.0
0.0
0.0
0.0
0.0
0.0
0.0
0.0
0.0
0.0
0.0
0.0
0.0
0.0
0.0
0.0
0.0
0.0
0.0
0.0
0.0
0.0
0.0
0.0
0.0
0.0
0.0
0.0
0.0
0.0
0.0
0.0
0.0
0.0
0.0
0.0
0.0
0.0
0.0
0.0
0.0
0.0
0.0
0.0
0.0
0.0
0.0
0.0
0.0
0.0
0.0
0.0
0.0
0.0
0.0
0.0
0.0
0.0
0.0
0.0
0.0
0.0
0.0
0.0
0.0
0.0
0.0
0.0
0.0
0.0
0.0
0.0
0.0
0.0
0.0
0.0
0.0
0.0
0.0
0.0
0.0
0.0
0.0
0.0
0.0
0.0
0.0
0.0
0.0
0.0
0.0
0.0
0.0
0.0
0.0
0.0
0.0
0.0
0.0
0.0
0.0
0.0
0.0
0.0
0.0
0.0
0.0
0.0
0.0
0.0
0.0
0.0
0.0
0.0
0.0
0.0
0.0
0.0
0.0
0.0
0.0
0.0
0.0
0.0
0.0
0.0
0.0
0.0
0.0
0.0
0.0
0.0
0.0
0.0
0.0
0.0
0.0
0.0
0.0
0.0
0.0
0.0
0.0
0.0
0.0
0.0
0.0
0.0
0.0
0.0
0.0
0.0
0.0
0.0
0.0
0.0
0.0
0.0
0.0
0.0
0.0
0.0
0.0
0.0
0.0
0.0
0.0
0.0
0.0
0.0
0.0
0.0
0.0
0.0
0.0
0.0
0.0
0.0
0.0
0.0
0.0
0.0
0.0
0.0
0.0
0.0
0.0
0.0
0.0
0.0
0.0
0.0
0.0
0.0
0.0
0.0
0.0
0.0
0.0
0.0
0.0
0.0
0.0
0.0
0.0
0.0
0.0
0.0
0.0
0.0
0.0
0.0
0.0
0.0
0.0
0.0
0.0
0.0
0.0
0.0
0.0
0.0
0.0
0.0
0.0
0.0
0.0
0.0
0.0
0.0
0.0
0.0
0.0
0.0
0.0
0.0
0.0
0.0
0.0
0.0
0.0
0.0
0.0
0.0
0.0
0.0
0.0
0.0
0.0
0.0
0.0
0.0
0.0
0.0
0.0
0.0
0.0
0.0
0.0
0.0
0.0
0.0
0.0
0.0
0.0
0.0
0.0
0.0
0.0
0.0
0.0
0.0
0.0
0.0
0.0
0.0
0.0
0.0
0.0
0.0
0.0
0.0
0.0
0.0
0.0
0.0
0.0
0.0
0.0
0.0
0.0
0.0
0.0
0.0
0.0
0.0
0.0
0.0
0.0
0.0
0.0
0.0
0.0
0.0
0.0
0.0
0.0
0.0
0.0
0.0
0.0
0.0
0.0
0.0
0.0
0.0
0.0
0.0
0.0
0.0
0.0
0.0
0.0
0.0
0.0
0.0
0.0
0.0
0.0
0.0
0.0
0.0
0.0
0.0
0.0
0.0
0.0
0.0
0.0
0.0
0.0
0.0
0.0
0.0
0.0
0.0
0.0
0.0
0.0
0.0
0.0
0.0
0.0
0.0
0.0
0.0
0.0
0.0
0.0
0.0
0.0
0.0
0.0
0.0
0.0
0.0
0.0
0.0
0.0
0.0
0.0
0.0
0.0
0.0
0.0
0.0
0.0
0.0
0.0
0.0
0.0
0.0
0.0
0.0
0.0
0.0
0.0
0.0
0.0
0.0
0.0
0.0
0.0
0.0
0.0
0.0
0.0
0.0
0.0
0.0
0.0
0.0
0.0
0.0
0.0
0.0
0.0
0.0
0.0
0.0
0.0
0.0
0.0
0.0
0.0
0.0
0.0
0.0
0.0
0.0
0.0
0.0
0.0
0.0
0.0
0.0
0.0
0.0
0.0
0.0
0.0
0.0
0.0
0.0
0.0
0.0
0.0
0.0
0.0
0.0
0.0
0.0
0.0
0.0
0.0
0.0
0.0
0.0
0.0
0.0
0.0
0.0
0.0
0.0
0.0
0.0
0.0
0.0
0.0
0.0
0.0
0.0
0.0
0.0
0.0
0.0
0.0
0.0
0.0
0.0
0.0
0.0
0.0
0.0
0.0
0.0
0.0
0.0
0.0
0.0
0.0
0.0
0.0
0.0
0.0
0.0
0.0
0.0
0.0
0.0
0.0
0.0
0.0
0.0
0.0
0.0
0.0
0.0
0.0
0.0
0.0
0.0
0.0
0.0
0.0
0.0
0.0
0.0
0.0
0.0
0.0
0.0
0.0
0.0
0.0
0.0
0.0
0.0
0.0
0.0
0.0
0.0
0.0
0.0
0.0
0.0
0.0
0.0
0.0
0.0
0.0
0.0
0.0
0.0
0.0
0.0
0.0
0.0
0.0
0.0
0.0
0.0
0.0
0.0
0.0
0.0
0.0
0.0
0.0
0.0
0.0
0.0
0.0
0.0
0.0
0.0
0.0
0.0
0.0
0.0
0.0
0.0
0.0
0.0
0.0
0.0
0.0
0.0
0.0
0.0
0.0
0.0
0.0
0.0
0.0
0.0
0.0
0.0
0.0
0.0
0.0
0.0
0.0
0.0
0.0
0.0
0.0
0.0
0.0
0.0
0.0
0.0
0.0
0.0
0.0
0.0
0.0
0.0
0.0
0.0
0.0
0.0
0.0
0.0
0.0
0.0
0.0
0.0
0.0
0.0
0.0
0.0
0.0
0.0
0.0
0.0
0.0
0.0
0.0
0.0
0.0
0.0
0.0
0.0
0.0
0.0
0.0
0.0
0.0
0.0
0.0
0.0
0.0
0.0
0.0
0.0
0.0
0.0
0.0
0.0
0.0
0.0
0.0
0.0
0.0
0.0
0.0
0.0
0.0
0.0
0.0
0.0
0.0
0.0
0.0
0.0
0.0
0.0
0.0
0.0
0.0
0.0
0.0
0.0
0.0
0.0
0.0
0.0
0.0
0.0
0.0
0.0
0.0
0.0
0.0
0.0
0.0
0.0
0.0
0.0
0.0
0.0
0.0
0.0
0.0
0.0
0.0
0.0
0.0
0.0
0.0
0.0
0.0
0.0
0.0
0.0
0.0
0.0
0.0
0.0
0.0
0.0
0.0
0.0
0.0
0.0
0.0
0.0
0.0
0.0
0.0
0.0
0.0
0.0
0.0
0.0
0.0
0.0
0.0
0.0
0.0
0.0
0.0
0.0
0.0
0.0
0.0
0.0
0.0
0.0
0.0
0.0
0.0
0.0
0.0
0.0
0.0
0.0
0.0
0.0
0.0
0.0
0.0
0.0
0.0
0.0
0.0
0.0
0.0
0.0
0.0
0.0
0.0
0.0
0.0
0.0
0.0
0.0
0.0
0.0
0.0
0.0
0.0
0.0
0.0
0.0
0.0
0.0
0.0
0.0
0.0
0.0
0.0
0.0
0.0
0.0
0.0
0.0
0.0
0.0
0.0
0.0
0.0
0.0
0.0
0.0
0.0
0.0
0.0
0.0
0.0
0.0
0.0
0.0
0.0
0.0
0.0
0.0
0.0
0.0
0.0
0.0
0.0
0.0
0.0
0.0
0.0
0.0
0.0
0.0
0.0
0.0
0.0
0.0
0.0
0.0
0.0
0.0
0.0
0.0
0.0
0.0
0.0
0.0
0.0
0.0
0.0
0.0
0.0
0.0
0.0
0.0
0.0
0.0
0.0
0.0
0.0
0.0
0.0
0.0
0.0
0.0
0.0
0.0
0.0
0.0
0.0
0.0
0.0
0.0
0.0
0.0
0.0
0.0
0.0
0.0
0.0
0.0
0.0
0.0
0.0
0.0
0.0
0.0
0.0
0.0
0.0
0.0
0.0
0.0
0.0
0.0
0.0
0.0
0.0
0.0
0.0
0.0
0.0
0.0
0.0
0.0
0.0
0.0
0.0
0.0
0.0
0.0
0.0
0.0
0.0
0.0
0.0
0.0
0.0
0.0
0.0
0.0
0.0
0.0
0.0
0.0
0.0
0.0
0.0
0.0
0.0
0.0
0.0
0.0
0.0
0.0
0.0
0.0
0.0
0.0
0.0
0.0
0.0
0.0
0.0
0.0
0.0
0.0
0.0
0.0
0.0
0.0
0.0
0.0
0.0
0.0
0.0
0.0
0.0
0.0
0.0
0.0
0.0
0.0
0.0
0.0
0.0
0.0
0.0
0.0
0.0
0.0
0.0
0.0
0.0
0.0
0.0
0.0
0.0
0.0
0.0
0.0
0.0
0.0
0.0
0.0
0.0
0.0
0.0
0.0
0.0
0.0
0.0
0.0
0.0
0.0
0.0
0.0
0.0
0.0
0.0
0.0
0.0
0.0
0.0
0.0
0.0
0.0
0.0
0.0
0.0
0.0
0.0
0.0
0.0
0.0
0.0
0.0
0.0
0.0
0.0
0.0
0.0
0.0
0.0
0.0
0.0
0.0
0.0
0.0
0.0
0.0
0.0
0.0
0.0
0.0
0.0
0.0
0.0
0.0
0.0
0.0
0.0
0.0
0.0
0.0
0.0
0.0
0.0
0.0
0.0
0.0
0.0
0.0
0.0
0.0
0.0
0.0
0.0
0.0
0.0
0.0
0.0
0.0
0.0
0.0
0.0
0.0
0.0
0.0
0.0
0.0
0.0
0.0
0.0
0.0
0.0
0.0
0.0
0.0
0.0
0.0
0.0
0.0
0.0
0.0
0.0
0.0
0.0
0.0
0.0
0.0
0.0
0.0
0.0
0.0
0.0
0.0
0.0
0.0
0.0
0.0
0.0
0.0
0.0
0.0
0.0
0.0
0.0
0.0
0.0
0.0
0.0
0.0
0.0
0.0
0.0
0.0
0.0
0.0
0.0
0.0
0.0
0.0
0.0
0.0
0.0
0.0
0.0
0.0
0.0
0.0
0.0
0.0
0.0
0.0
0.0
0.0
0.0
0.0
0.0
0.0
0.0
0.0
0.0
0.0
0.0
0.0
0.0
0.0
0.0
0.0
0.0
0.0
0.0
0.0
0.0
0.0
0.0
0.0
0.0
0.0
0.0
0.0
0.0
0.0
0.0
0.0
0.0
0.0
0.0
0.0
0.0
0.0
0.0
0.0
0.0
0.0
0.0
0.0
0.0
0.0
0.0
0.0
0.0
0.0
0.0
0.0
0.0
0.0
0.0
0.0
0.0
0.0
0.0
0.0
0.0
0.0
0.0
0.0
0.0
0.0
0.0
0.0
0.0
0.0
0.0
0.0
0.0
0.0
0.0
0.0
0.0
0.0
0.0
0.0
0.0
0.0
0.0
0.0
0.0
0.0
0.0
0.0
0.0
0.0
0.0
0.0
0.0
0.0
0.0
0.0
0.0
0.0
0.0
0.0
0.0
0.0
0.0
0.0
0.0
0.0
0.0
0.0
0.0
0.0
0.0
0.0
0.0
0.0
0.0
0.0
0.0
0.0
0.0
0.0
0.0
0.0
0.0
0.0
0.0
0.0
0.0
0.0
0.0
0.0
0.0
0.0
0.0
0.0
0.0
0.0
0.0
0.0
0.0
0.0
0.0
0.0
0.0
0.0
0.0
0.0
0.0
0.0
0.0
0.0
0.0
0.0
0.0
0.0
0.0
0.0
0.0
0.0
0.0
0.0
0.0
0.0
0.0
0.0
0.0
0.0
0.0
0.0
0.0
0.0
0.0
0.0
0.0
0.0
0.0
0.0
0.0
0.0
0.0
0.0
0.0
0.0
0.0
0.0
0.0
0.0
0.0
0.0
0.0
0.0
0.0
0.0
0.0
0.0
0.0
0.0
0.0
0.0
0.0
0.0
0.0
0.0
0.0
0.0
0.0
0.0
0.0
0.0
0.0
0.0
0.0
0.0
0.0
0.0
0.0
0.0
0.0
0.0
0.0
0.0
0.0
0.0
0.0
0.0
0.0
0.0
0.0
0.0
0.0
0.0
0.0
0.0
0.0
0.0
0.0
0.0
0.0
0.0
0.0
0.0
0.0
0.0
0.0
0.0
0.0
0.0
0.0
0.0
0.0
0.0
0.0
0.0
0.0
0.0
0.0
0.0
0.0
0.0
0.0
0.0
0.0
0.0
0.0
0.0
0.0
0.0
0.0
0.0
0.0
0.0
0.0
0.0
0.0
0.0
0.0
0.0
0.0
0.0
0.0
0.0
0.0
0.0
0.0
0.0
0.0
0.0
0.0
0.0
0.0
0.0
0.0
0.0
0.0
0.0
0.0
0.0
0.0
0.0
0.0
0.0
0.0
0.0
0.0
0.0
0.0
0.0
0.0
0.0
0.0
0.0
0.0
0.0
0.0
0.0
0.0
0.0
0.0
0.0
0.0
0.0
0.0
0.0
0.0
0.0
0.0
0.0
0.0
0.0
0.0
0.0
0.0
0.0
0.0
0.0
0.0
0.0
0.0
0.0
0.0
0.0
0.0
0.0
0.0
0.0
0.0
0.0
0.0
0.0
0.0
0.0
0.0
0.0
0.0
0.0
0.0
0.0
0.0
0.0
0.0
0.0
0.0
0.0
0.0
0.0
0.0
0.0
0.0
0.0
0.0
0.0
0.0
0.0
0.0
0.0
0.0
0.0
0.0
0.0
0.0
0.0
0.0
0.0
0.0
0.0
0.0
0.0
0.0
0.0
0.0
0.0
0.0
0.0
0.0
0.0
0.0
0.0
0.0
0.0
0.0
0.0
0.0
0.0
0.0
0.0
0.0
0.0
0.0
0.0
0.0
0.0
0.0
0.0
0.0
0.0
0.0
0.0
0.0
0.0
0.0
0.0
0.0
0.0
0.0
0.0
0.0
0.0
0.0
0.0
0.0
0.0
0.0
0.0
0.0
0.0
0.0
0.0
0.0
0.0
0.0
0.0
0.0
0.0
0.0
0.0
0.0
0.0
0.0
0.0
0.0
0.0
0.0
0.0
0.0
0.0
0.0
0.0
0.0
0.0
0.0
0.0
0.0
0.0
0.0
0.0
0.0
0.0
0.0
0.0
0.0
0.0
0.0
0.0
0.0
0.0
0.0
0.0
0.0
0.0
0.0
0.0
0.0
0.0
0.0
0.0
0.0
0.0
0.0
0.0
0.0
0.0
0.0
0.0
0.0
0.0
0.0
0.0
0.0
0.0
0.0
0.0
0.0
0.0
0.0
0.0
0.0
0.0
0.0
0.0
0.0
0.0
0.0
0.0
0.0
0.0
0.0
0.0
0.0
0.0
0.0
0.0
0.0
0.0
0.0
0.0
0.0
0.0
0.0
0.0
0.0
0.0
0.0
0.0
0.0
0.0
0.0
0.0
0.0
0.0
0.0
0.0
0.0
0.0
0.0
0.0
0.0
0.0
0.0
0.0
0.0
0.0
0.0
0.0
0.0
0.0
0.0
0.0
0.0
0.0
0.0
0.0
0.0
0.0
0.0
0.0
0.0
0.0
0.0
0.0
0.0
0.0
0.0
0.0
0.0
0.0
0.0
0.0
0.0
0.0
0.0
0.0
0.0
0.0
0.0
0.0
0.0
0.0
0.0
0.0
0.0
0.0
0.0
0.0
0.0
0.0
0.0
0.0
0.0
0.0
0.0
0.0
0.0
0.0
0.0
0.0
0.0
0.0
0.0
0.0
0.0
0.0
0.0
0.0
0.0
0.0
0.0
0.0
0.0
0.0
0.0
0.0
0.0
0.0
0.0
0.0
0.0
0.0
0.0
0.0
0.0
0.0
0.0
0.0
0.0
0.0
0.0
0.0
0.0
0.0
0.0
0.0
0.0
0.0
0.0
0.0
0.0
0.0
0.0
0.0
0.0
0.0
0.0
0.0
0.0
0.0
0.0
0.0
0.0
0.0
0.0
0.0
0.0
0.0
0.0
0.0
0.0
0.0
0.0
0.0
0.0
0.0
0.0
0.0
0.0
0.0
0.0
0.0
0.0
0.0
0.0
0.0
0.0
0.0
0.0
0.0
0.0
0.0
0.0
0.0
0.0
0.0
0.0
0.0
0.0
0.0
0.0
0.0
0.0
0.0
0.0
0.0
0.0
0.0
0.0
0.0
0.0
0.0
0.0
0.0
0.0
0.0
0.0
0.0
0.0
0.0
0.0
0.0
0.0
0.0
0.0
0.0
0.0
0.0
0.0
0.0
0.0
0.0
0.0
0.0
0.0
0.0
0.0
0.0
0.0
0.0
0.0
0.0
0.0
0.0
0.0
0.0
0.0
0.0
0.0
0.0
0.0
0.0
0.0
0.0
0.0
0.0
0.0
0.0
0.0
0.0
0.0
0.0
0.0
0.0
0.0
0.0
0.0
0.0
0.0
0.0
0.0
0.0
0.0
0.0
0.0
0.0
0.0
0.0
