1.057778180273679e-5
1.0608922445952141e-5
1.0638363920332722e-5
1.0666693858166621e-5
1.0693561453427508e-5
1.0719898993016777e-5
1.074562100341854e-5
1.0770425740011972e-5
1.079449158795149e-5
1.0818213933964765e-5
1.0841578601743516e-5
1.086442755076254e-5
1.0886730580799115e-5
1.0908653157178765e-5
1.0930248049601352e-5
1.0951555660003321e-5
1.0972527749678081e-5
1.0993381185687032e-5
1.1014082400811912e-5
1.1034494873961925e-5
1.105432127657436e-5
1.1074062687667246e-5
1.1093748357285553e-5
1.1113343266186504e-5
1.1132713353410108e-5
1.1152016833725792e-5
1.1171206168449295e-5
1.1190232269849631e-5
1.1208993307394074e-5
1.1227660572850872e-5
1.1246251863370275e-5
1.1264782847482773e-5
1.1283207805152177e-5
1.1301505210446717e-5
1.1319760690919534e-5
1.1337990754889637e-5
1.1356146622586652e-5
1.1374201246440753e-5
1.1392221795415528e-5
1.1410185855107757e-5
1.1428062271052765e-5
1.1445737738690907e-5
1.1463406465517432e-5
1.1481070974367209e-5
1.1498733191821234e-5
1.1516346940072386e-5
1.1533911972646507e-5
1.1551433486386254e-5
1.1568917195115513e-5
1.1586385855238113e-5
1.1603760832112653e-5
1.162113298309774e-5
1.1638508930646267e-5
1.1655884139648676e-5
1.1673188091202193e-5
1.1690404452106634e-5
1.170761043459478e-5
1.1724813258128483e-5
1.1742015092909434e-5
1.1759168116481382e-5
1.177629312987642e-5
1.1793395615181313e-5
1.181048745176883e-5
1.1827596518635826e-5
1.1844677383302762e-5
1.1861780619203876e-5
1.1878902905947481e-5
1.1896037553635009e-5
1.1913159426043538e-5
1.1930177633637464e-5
1.1947172997460627e-5
1.1964154307683856e-5
1.198113210532861e-5
1.1998108890058343e-5
1.2015066138671823e-5
1.2032037786346622e-5
1.2049018673714785e-5
1.2066009263734488e-5
1.208301196223131e-5
1.2100008214846874e-5
1.2117025071629825e-5
1.2134054106110149e-5
1.215108519577306e-5
1.2168092263722208e-5
1.2185062108010235e-5
1.2202052578824662e-5
1.22190658374158e-5
1.2236102529101738e-5
1.225315975180552e-5
1.2270212766868817e-5
1.2287267647631964e-5
1.2304304899816445e-5
1.2321332862604483e-5
1.2338387480055953e-5
1.2355437823969643e-5
1.2372509730339326e-5
1.2389600773010032e-5
1.2406710902431026e-5
1.2423840249062497e-5
1.2440947545690068e-5
1.2458067110898876e-5
1.2475208947208731e-5
1.2492368160602995e-5
1.2509545834950308e-5
1.2526751776502766e-5
1.2543959431451124e-5
1.256118096515778e-5
1.2578416311074141e-5
1.2595670873727123e-5
1.2612951337601702e-5
1.2630225123742259e-5
1.2647509101872168e-5
1.2664796314884251e-5
1.2682085792658852e-5
1.2699385666355115e-5
1.271671123043394e-5
1.2734033357329923e-5
1.275138356967416e-5
1.2768767664486829e-5
1.2786185799588367e-5
1.2803635409657696e-5
1.2821108943657306e-5
1.2838568339174745e-5
1.2856041689789166e-5
1.287353489484932e-5
1.2891049057687157e-5
1.2908582893528508e-5
1.2926132364292908e-5
1.2943700559555113e-5
1.2961300664555283e-5
1.297892601099633e-5
1.2996576147170265e-5
1.3014255422868753e-5
1.3031945995582005e-5
1.3049647759523932e-5
1.3067373576379189e-5
1.308512232144515e-5
1.310289469193126e-5
1.3120689563793496e-5
1.313847785978191e-5
1.3156272808766802e-5
1.3174097664217453e-5
1.3191954736721455e-5
1.3209843888785608e-5
1.3227763266600843e-5
1.3245706204049584e-5
1.3263656242885526e-5
1.3281630615553915e-5
1.3299635054681858e-5
1.3317679271338372e-5
1.333576727010952e-5
1.3353888921708073e-5
1.3372026482497005e-5
1.3390191813114363e-5
1.340838746200418e-5
1.3426602626523893e-5
1.3444834620111545e-5
1.3463091981334052e-5
1.3481370057615781e-5
1.3499664693374463e-5
1.3517983933852832e-5
1.3536345053385828e-5
1.3554746636571086e-5
1.3573177396437772e-5
1.3591631186849473e-5
1.3610083569810118e-5
1.3628575773965587e-5
1.3647094691116346e-5
1.3665634524149444e-5
1.3684207495454952e-5
1.3702828703736598e-5
1.3721486658481162e-5
1.3740156474131343e-5
1.3758873716577467e-5
1.3777623089757282e-5
1.379640350244867e-5
1.3815222301261155e-5
1.3834081623125446e-5
1.3852957597493016e-5
1.3871851497211065e-5
1.3890763176160835e-5
1.3909699503213259e-5
1.3928671437391786e-5
1.3947676444009289e-5
1.396671082362494e-5
1.3985804046362228e-5
1.4004905994490102e-5
1.4024053747045363e-5
1.4043238218595367e-5
1.4062462969414479e-5
1.408172743437623e-5
1.4101021817140414e-5
1.4120332705086172e-5
1.4139665312263824e-5
1.4159035288734225e-5
1.4178447877831797e-5
1.4197890629985123e-5
1.4217362467337613e-5
1.4236868144884316e-5
1.4256410134755361e-5
1.4275988328981018e-5
1.4295592043526786e-5
1.4315207060480745e-5
1.4334877390716293e-5
1.4354582875458533e-5
1.4374323699625288e-5
1.4394115076423442e-5
1.4413942319408722e-5
1.4433816170249671e-5
1.44537187357801e-5
1.4473656681202324e-5
1.4493645003860726e-5
1.4513662676345399e-5
1.4533711337297753e-5
1.4553810244583091e-5
1.4573938549325068e-5
1.4594082998689552e-5
1.461428457091638e-5
1.4634515097051749e-5
1.4654771447408635e-5
1.4675083876216097e-5
1.4695440875792487e-5
1.471581125764826e-5
1.4736227927980972e-5
1.475669685140679e-5
1.4777181742820598e-5
1.4797703211817106e-5
1.4818285295105917e-5
1.4838902638614898e-5
1.4859537769894863e-5
1.4880216796916965e-5
1.4900976616173927e-5
1.4921733006382429e-5
1.4942527888536115e-5
1.496337404810281e-5
1.4984269956563626e-5
1.500520748912701e-5
1.5026187066190649e-5
1.5047220319043838e-5
1.5068310170859764e-5
1.5089428182089236e-5
1.5110576753835362e-5
1.5131756313453357e-5
1.5152979979485139e-5
1.5174237116110237e-5
1.5195526598687266e-5
1.5216870603280975e-5
1.5238276973306517e-5
1.525972427411135e-5
1.5281208358538998e-5
1.530274112164926e-5
1.5324316923701547e-5
1.5345922929539206e-5
1.5367573077688227e-5
1.5389251404811565e-5
1.541096872666432e-5
1.5432745184839193e-5
1.5454575491620363e-5
1.547643623739456e-5
1.5498341416489962e-5
1.5520284563806875e-5
1.5542262972847936e-5
1.5564304581421582e-5
1.558640408953792e-5
1.5608547828987473e-5
1.563072079018775e-5
1.5652928124386006e-5
1.5675197270667505e-5
1.569751098716733e-5
1.5719873115703008e-5
1.5742278449867685e-5
1.5764737445471615e-5
1.578723996861684e-5
1.5809779947496335e-5
1.583236415770297e-5
1.585500958327673e-5
1.5877712678869255e-5
1.5900437908144252e-5
1.5923210352935743e-5
1.5946055905963245e-5
1.596893523660694e-5
1.5991855762814534e-5
1.601482790010455e-5
1.6037866201870114e-5
1.6060957257245895e-5
1.6084090643584412e-5
1.610727021736941e-5
1.61304955009292e-5
1.6153776868217203e-5
1.617710094648286e-5
1.620044319183914e-5
1.622382716366279e-5
1.6247264357389778e-5
1.6270777167071114e-5
1.6294342025186195e-5
1.631794448845208e-5
1.634159478835235e-5
1.6365297148180014e-5
1.6389044318405203e-5
1.6412861005871412e-5
1.643672178583199e-5
1.6460621040647055e-5
1.6484565180219367e-5
1.650856595312912e-5
1.653264025218476e-5
1.6556774584558128e-5
1.6580965107442772e-5
1.660520990512569e-5
1.66294966599281e-5
1.6653833588422093e-5
1.6678227425957873e-5
1.670266973257091e-5
1.6727157307689018e-5
1.675168768801846e-5
1.6776265716053053e-5
1.680089531504048e-5
1.6825583228241095e-5
1.6850338333408408e-5
1.687515512348989e-5
1.6900019364201368e-5
1.6924931780094667e-5
1.6949905304406977e-5
1.6974939645032763e-5
1.7000012878915555e-5
1.702512592926763e-5
1.7050306442143258e-5
1.7075568473291954e-5
1.7100879882835417e-5
1.712623442723421e-5
1.7151632206191873e-5
1.7177079281937604e-5
1.7202588941033473e-5
1.722816555447153e-5
1.725380189716445e-5
1.727949159638886e-5
1.730523876832107e-5
1.7331045511307787e-5
1.7356909442797994e-5
1.738284084217688e-5
1.740882080198605e-5
1.7434843013883736e-5
1.7460925389945765e-5
1.74870687942056e-5
1.7513269210673346e-5
1.7539534086540665e-5
1.7565863143139277e-5
1.7592256307312238e-5
1.7618711948115214e-5
1.7645222462475285e-5
1.7671785182717785e-5
1.769841684400705e-5
1.7725112072375723e-5
1.7751859617964382e-5
1.7778664532097168e-5
1.7805533163317193e-5
1.7832459631977964e-5
1.7859439806555256e-5
1.7886482279744655e-5
1.7913592949218283e-5
1.7940762918354858e-5
1.7967992858558592e-5
1.7995282980744295e-5
1.8022628496547908e-5
1.8050032993924807e-5
1.807750051434585e-5
1.8105029403040566e-5
1.8132637421800278e-5
1.8160324666515768e-5
1.818806755525127e-5
1.8215853236473602e-5
1.8243685173698155e-5
1.8271572591266886e-5
1.8299529895682694e-5
1.832756452720599e-5
1.8355655119085532e-5
1.8383808160544043e-5
1.841204727821556e-5
1.84403543006879e-5
1.846872003770669e-5
1.849715334604957e-5
1.8525650840973583e-5
1.8554205584129566e-5
1.858281701760579e-5
1.861148864270912e-5
1.8640223024652888e-5
1.8669023224393336e-5
1.869788983686612e-5
1.8726834620655065e-5
1.8755875622395147e-5
1.8784984700582198e-5
1.8814147802393967e-5
1.8843373892118318e-5
1.887266888536556e-5
1.8902028116632347e-5
1.8931453951654555e-5
1.8960942859667902e-5
1.899049499549021e-5
1.902011574640858e-5
1.9049790295391473e-5
1.9079550000944804e-5
1.9109386658892227e-5
1.9139281403343865e-5
1.9169246006220266e-5
1.9199292590167464e-5
1.922941671225965e-5
1.9259604280556488e-5
1.9289854802276066e-5
1.9320165357991698e-5
1.9350535072997726e-5
1.9380959741104695e-5
1.9411486205273292e-5
1.9442078222049932e-5
1.9472744366209773e-5
1.950349387975376e-5
1.953431950125106e-5
1.9565204909104875e-5
1.959614246891794e-5
1.9627129149313043e-5
1.9658203295830444e-5
1.9689393681231275e-5
1.9720672315901706e-5
1.9752008047818806e-5
1.9783403844923302e-5
1.9814868281991947e-5
1.984640274105916e-5
1.9878006979041323e-5
1.990966800447548e-5
1.9941468398748578e-5
1.9973330255460942e-5
2.0005258439931198e-5
2.0037254832189785e-5
2.006931871728189e-5
2.0101448095539518e-5
2.0133636193057096e-5
2.016589221342218e-5
2.0198244557307082e-5
2.023068229901328e-5
2.0263195773241303e-5
2.02957970375562e-5
2.0328483901704828e-5
2.036123660620649e-5
2.039404895701479e-5
2.042694419804447e-5
2.0459936309989456e-5
2.04930035663353e-5
2.052615383627371e-5
2.0559386587224693e-5
2.0592697874909183e-5
2.0626035112615674e-5
2.0659498799430386e-5
2.0693025095071278e-5
2.0726633258794304e-5
2.0760333220715663e-5
2.079410580965268e-5
2.08279334941088e-5
2.0861845863503927e-5
2.0895864492454367e-5
2.0929975093674224e-5
2.09641616405854e-5
2.099841491620497e-5
2.103272096003366e-5
2.106708201931565e-5
2.110154780543224e-5
2.113615509335859e-5
2.1170838009239115e-5
2.1205589966658647e-5
2.124040980385982e-5
2.1275288436095174e-5
2.1310300687402583e-5
2.1345402629909312e-5
2.1380564553741218e-5
2.1415773446062738e-5
2.1451060045708716e-5
2.1486422499339256e-5
2.1521937955305912e-5
2.1557555683251184e-5
2.1593258669536025e-5
2.162903645595144e-5
2.166486826476033e-5
2.1700768778628606e-5
2.1736765973265914e-5
2.177285683490109e-5
2.1809045924900145e-5
2.184532853817732e-5
2.1881674165711466e-5
2.1918112996335636e-5
2.1954683690640526e-5
2.1991326181309762e-5
2.2028024658567566e-5
2.206476871039863e-5
2.2101620819081063e-5
2.2138663775157232e-5
2.2175784026040085e-5
2.221296439899356e-5
2.225020636667377e-5
2.2287466204221612e-5
2.2324894158057128e-5
2.2362389748579233e-5
2.2399967974490032e-5
2.2437641280309917e-5
2.2475370820491505e-5
2.251325894689565e-5
2.2551241546167462e-5
2.2589283167630403e-5
2.2627377910932266e-5
2.2665540280163877e-5
2.2703869834482805e-5
2.2742345971942582e-5
2.278090410243861e-5
2.2819521551302478e-5
2.2858178245102323e-5
2.2896926524152328e-5
2.293583450021975e-5
2.2974869404359195e-5
2.301398491105201e-5
2.305316389048123e-5
2.309243137528832e-5
2.3131812943268074e-5
2.317124356161727e-5
2.3210769685843773e-5
2.3250362607799475e-5
2.3290136502501636e-5
2.3330020014106714e-5
2.3369992860472124e-5
2.340999620932788e-5
2.3450045464004293e-5
2.3490331686236596e-5
2.3530699837189e-5
2.357113543514713e-5
2.361159934010759e-5
2.3652165953898e-5
2.369287062599781e-5
2.3733733026391154e-5
2.377468482311668e-5
2.3815688936074796e-5
2.3856827481353444e-5
2.389806305925077e-5
2.3939342314178785e-5
2.3980667941804098e-5
2.4022153915528822e-5
2.4063813813052256e-5
2.4105576155327224e-5
2.414739351835435e-5
2.418928414293673e-5
2.423132602271605e-5
2.4273497322865347e-5
2.4315726189024143e-5
2.435801402626065e-5
2.4400419407918304e-5
2.4443005312810653e-5
2.4485696723511573e-5
2.4528448786613828e-5
2.4571248766366887e-5
2.4614225544245087e-5
2.4657248844741923e-5
2.4700373074230706e-5
2.4743603471089343e-5
2.4787058685260246e-5
2.4830598785608405e-5
2.4874198537525334e-5
2.491781278832837e-5
2.4961621805298732e-5
2.5005548457193193e-5
2.5049592725763975e-5
2.5093690488940806e-5
2.513785802167955e-5
2.518225495644325e-5
2.5226746795898425e-5
2.5271267112977542e-5
2.531588564826021e-5
2.5360633912166548e-5
2.540554257262472e-5
2.545054025053718e-5
2.5495632023040524e-5
2.5540865982394412e-5
2.5586173705448976e-5
2.563159021195044e-5
2.567715169356522e-5
2.5722875182966532e-5
2.5768700392129982e-5
2.5814545456745987e-5
2.5860482830853274e-5
2.5906619316903935e-5
2.5952912881262284e-5
2.5999258287294523e-5
2.6045665787315818e-5
2.609222529706553e-5
2.6138927065021917e-5
2.6185675029409046e-5
2.6232510656727223e-5
2.6279556467483783e-5
2.6326751281018992e-5
2.637404229531693e-5
2.642139019656767e-5
2.6468924206922447e-5
2.651653047576151e-5
2.6564233876060976e-5
2.6612048334193875e-5
2.666007900272596e-5
2.6708159505802107e-5
2.6756272553231092e-5
2.6804590388617988e-5
2.685311533580538e-5
2.6901680542707185e-5
2.695025029035337e-5
2.6998923694357894e-5
2.7047876932468573e-5
2.7096950771355952e-5
2.7146035715646705e-5
2.7195323972037117e-5
2.7244811057164143e-5
2.7294328786782762e-5
2.7343873346076477e-5
2.7393698865762072e-5
2.7443641203872053e-5
2.7493665201214247e-5
2.7543724369762856e-5
2.7593944233387796e-5
2.764428760761677e-5
2.76947729853155e-5
2.7745480555235134e-5
2.7796320971430356e-5
2.7847165297149594e-5
2.7898089323906307e-5
2.794926327516123e-5
2.800056966656408e-5
2.8051912908836457e-5
2.8103336389749733e-5
2.8154997982205947e-5
2.8206815984035858e-5
2.8258607690794664e-5
2.8310580860019926e-5
2.8362741264142736e-5
2.841502738490405e-5
2.8467407918500035e-5
2.8519976511626768e-5
2.8572695473519107e-5
2.8625461326266584e-5
2.86783346046409e-5
2.8731388162397478e-5
2.8784583841741447e-5
2.883785976790326e-5
2.889129779224222e-5
2.8944893502574093e-5
2.8998580595602356e-5
2.905243356205244e-5
2.9106466735475042e-5
2.9160557122520015e-5
2.9214655232229644e-5
2.9268972250968985e-5
2.932356570925673e-5
2.937821955435199e-5
2.9432934034314084e-5
2.948784672466973e-5
2.95429589350605e-5
2.9598099022860505e-5
2.9653346867219584e-5
2.970886372421906e-5
2.9764537878584827e-5
2.9820310397532563e-5
2.9876210464523162e-5
2.993224819797271e-5
2.9988384737570526e-5
3.0044661649412413e-5
3.0101158425178824e-5
3.0157695667399113e-5
3.021428583789175e-5
3.0271122264271602e-5
3.032814079811676e-5
3.038533753984225e-5
3.044264291513955e-5
3.050007073461696e-5
3.055752247596298e-5
3.061518797540498e-5
3.0673129581372124e-5
3.0731095422988136e-5
3.0789105821943154e-5
3.084741775342944e-5
3.090595414007418e-5
3.0964480952901546e-5
3.1022999888966236e-5
3.108189350973457e-5
3.114091555716912e-5
3.119994894652769e-5
3.125929676917541e-5
3.131878731937805e-5
3.137833604914691e-5
3.143794872466351e-5
3.149784675967611e-5
3.155790034380896e-5
3.161803102434007e-5
3.1678398176972334e-5
3.173883857013582e-5
3.179934689014419e-5
3.18602315036984e-5
3.192121456441083e-5
3.19822601145447e-5
3.204342791024242e-5
3.2104761647325446e-5
3.216622522634941e-5
3.2227847018138064e-5
3.2289739827554744e-5
3.235166718853161e-5
3.241370118660908e-5
3.247622273701201e-5
3.2538752753864334e-5
3.26012219803482e-5
3.266395701793682e-5
3.272695610978419e-5
3.278992839924362e-5
3.285297845146105e-5
3.2916500225900206e-5
3.2980109145194245e-5
3.304366849656827e-5
3.31074935520748e-5
3.317147634836316e-5
3.323546605898638e-5
3.329984771845265e-5
3.33643860125467e-5
3.342895629172474e-5
3.3493724827456904e-5
3.3558609743235e-5
3.362376735516249e-5
3.3689046349399656e-5
3.375460959971712e-5
3.382015062812486e-5
3.388575229096583e-5
3.395175164896534e-5
3.4017868238979644e-5
3.4084057762968624e-5
3.415049206917449e-5
3.421702192257418e-5
3.4283613702310504e-5
3.435070587932841e-5
3.441776548962367e-5
3.448473518831944e-5
3.455227517091581e-5
3.461996652393153e-5
3.468754976348406e-5
3.475528471945816e-5
3.4823504108829945e-5
3.489173025164358e-5
3.495982902790218e-5
3.5028561322500306e-5
3.5097394633983945e-5
3.5166167363067254e-5
3.52352102925478e-5
3.530453276739314e-5
3.537377565819542e-5
3.544332282121054e-5
3.5513119200098804e-5
3.558298563741436e-5
3.5653209460028585e-5
3.5723540732791344e-5
3.5793814315896866e-5
3.586437361014862e-5
3.5935092093442336e-5
3.600604538285504e-5
3.6077220674290595e-5
3.61484600804513e-5
3.621992455388571e-5
3.629153494423406e-5
3.636350675266288e-5
3.643547436083135e-5
3.650753972909963e-5
3.657987946477246e-5
3.6652339240180476e-5
3.672505811366116e-5
3.679801825041589e-5
3.6870981339150265e-5
3.6944181172787477e-5
3.701778459089289e-5
3.7091270431788035e-5
3.7164808403638e-5
3.7238929764370175e-5
3.73130574313144e-5
3.738706003023728e-5
3.746172033172906e-5
3.7536497055636974e-5
3.7611156861975906e-5
3.768627429062027e-5
3.776157928280618e-5
3.7836831766348046e-5
3.7912427177603016e-5
3.798820132340835e-5
3.8063980484705265e-5
3.814011752889608e-5
3.8216484652175686e-5
3.829290781915484e-5
3.836960525930149e-5
3.8446535319773255e-5
3.852357297197043e-5
3.86008254480444e-5
3.867822231663532e-5
3.8755768102238305e-5
3.8833567845805505e-5
3.891153682774463e-5
3.8989647520052485e-5
3.906794639031684e-5
3.914644533739723e-5
3.922522363086888e-5
3.930426221427731e-5
3.9383437311023465e-5
3.946258464266743e-5
3.954195078805291e-5
3.962168189113449e-5
3.9701576756959796e-5
3.978164313435265e-5
3.9861840189605684e-5
3.9942176245635055e-5
4.0022892742170056e-5
4.010372569896738e-5
4.0184594322215106e-5
4.026593088131024e-5
4.034745787582797e-5
4.0428881440085234e-5
4.051059240786377e-5
4.05926940187373e-5
4.0674801299409696e-5
4.0757131886314766e-5
4.083983240857539e-5
4.0922541900059194e-5
4.1005406748489665e-5
4.1088619403549736e-5
4.117192488499673e-5
4.125543227265041e-5
4.133927311958803e-5
4.1423196390248044e-5
4.150731332467864e-5
4.1591694943297036e-5
4.167619916104559e-5
4.1760939191560264e-5
4.184588914900857e-5
4.193099402504111e-5
4.201634081559125e-5
4.210186463110963e-5
4.218756501663775e-5
4.227351270076188e-5
4.235965863048079e-5
4.2446010662808344e-5
4.253257303456636e-5
4.261927436598909e-5
4.270616910409938e-5
4.2793292225020354e-5
4.288060873989568e-5
4.296822523363953e-5
4.305605266962395e-5
4.3143933954933644e-5
4.3232121809223e-5
4.332053970412981e-5
4.3408919568825026e-5
4.349771561571567e-5
4.358679541638826e-5
4.367591396046619e-5
4.37654647607797e-5
4.385509054104673e-5
4.3944598144651036e-5
4.403480102176598e-5
4.4125194165151915e-5
4.4215264640966106e-5
4.4306020650066135e-5
4.4397094776378466e-5
4.448783096411464e-5
4.4579189515341064e-5
4.467082144247038e-5
4.476222203492613e-5
4.485425301845385e-5
4.4946568697139476e-5
4.503861786655692e-5
4.513112995522822e-5
4.5223939064484014e-5
4.531675240237268e-5
4.5409990443446244e-5
4.550347074954948e-5
4.559689437741616e-5
4.569071162919183e-5
4.578473449192201e-5
4.587888308643928e-5
4.597335930179905e-5
4.606791002121135e-5
4.61627284061861e-5
4.625784618746451e-5
4.6353059221300134e-5
4.6448602123430535e-5
4.654426137631062e-5
4.664007303915653e-5
4.6736335897011073e-5
4.6832694462018424e-5
4.692910363404443e-5
4.7026012221254357e-5
4.712290875597764e-5
4.722000635458614e-5
4.731757522057801e-5
4.7415149101758825e-5
4.751291898952084e-5
4.761108208669508e-5
4.770931483684119e-5
4.780783054909389e-5
4.790664809899215e-5
4.8005469216234306e-5
4.8104609814769826e-5
4.820401894668723e-5
4.830350069563133e-5
4.840339227173202e-5
4.8503405624824046e-5
4.8603503314468644e-5
4.870408525182068e-5
4.8804662350637955e-5
4.8905475457418696e-5
4.9006822475042314e-5
4.910787247148509e-5
4.920931190432901e-5
4.931152310248007e-5
4.941335241280422e-5
4.9515343540024095e-5
4.9618051317408315e-5
4.972060783528459e-5
4.982328164191017e-5
4.9926582946033557e-5
5.002988222974358e-5
5.0133290788597793e-5
5.023708671762915e-5
5.034101467122421e-5
5.044523818226051e-5
5.0549718071554325e-5
5.065418174547261e-5
5.075897856946002e-5
5.0864154793614985e-5
5.096943973718325e-5
5.107495324469484e-5
5.118060056600193e-5
5.1286589337112955e-5
5.13928576323107e-5
5.149909104974778e-5
5.1605797959226464e-5
5.17127170355057e-5
5.1819587820422674e-5
5.192695638435082e-5
5.2034550078887216e-5
5.214217796599002e-5
5.225027693811897e-5
5.235837857508454e-5
5.2466589432544523e-5
5.257538013506569e-5
5.2684196083284964e-5
5.27931859964428e-5
5.290253050036652e-5
5.3011876588074424e-5
5.3121739294325284e-5
5.323177600401462e-5
5.334167038383709e-5
5.34522405364371e-5
5.356287018892494e-5
5.367357507907966e-5
5.3784810006691656e-5
5.389603794238535e-5
5.400743583203915e-5
5.411929165953308e-5
5.423115389171859e-5
5.434328689522324e-5
5.445577639928422e-5
5.456832979868518e-5
5.468119847746197e-5
5.479421350029881e-5
5.490739199866218e-5
5.502103333001122e-5
5.5134616406799014e-5
5.524848442301003e-5
5.536286770921594e-5
5.547708631759779e-5
5.5591697151955587e-5
5.5706650145935886e-5
5.582150613107792e-5
5.593691297240876e-5
5.6052544233028155e-5
5.616804919960336e-5
5.62840789977461e-5
5.64002542195796e-5
5.6516481823302e-5
5.663325081074574e-5
5.6749894986100437e-5
5.6866813865173484e-5
5.698433365959052e-5
5.710166923195624e-5
5.7219273766329514e-5
5.733735830105117e-5
5.745540543640782e-5
5.757381229697125e-5
5.7692461625422806e-5
5.781108950380759e-5
5.793016444342525e-5
5.804938002772065e-5
5.816872638200577e-5
5.8288518806364014e-5
5.840819962099834e-5
5.852836198938592e-5
5.864876605817009e-5
5.8769075464792156e-5
5.8889850838102655e-5
5.901086592633767e-5
5.9131932639633125e-5
5.925343274174746e-5
5.937505494727459e-5
5.9496792866736235e-5
5.9618883478780935e-5
5.974104206725735e-5
5.9863494498359746e-5
5.998617012774133e-5
6.0108852030944375e-5
6.0232091528022054e-5
6.0355310227882006e-5
6.047871250518114e-5
6.060258659703249e-5
6.072653858475447e-5
6.085056053537264e-5
6.097492715354119e-5
6.109958614107661e-5
6.122431149618176e-5
6.134923470294394e-5
6.147445823324374e-5
6.159990555967047e-5
6.172537895392482e-5
6.185118155447527e-5
6.197730354926512e-5
6.21034094384318e-5
6.222987982258392e-5
6.235655330431691e-5
6.248326581625124e-5
6.261034653769414e-5
6.273755729947197e-5
6.286495902566251e-5
6.299267510566279e-5
6.312024806321016e-5
6.324832997683359e-5
6.337674684770792e-5
6.350499240030532e-5
6.363374292130301e-5
6.37626504466135e-5
6.389154009606508e-5
6.402086126933858e-5
6.415018625668512e-5
6.427979792434277e-5
6.440970130142446e-5
6.453933424811625e-5
6.466975532902377e-5
6.480022180585151e-5
6.493035346545545e-5
6.506154883062042e-5
6.519251219060866e-5
6.532329548395135e-5
6.545508237787408e-5
6.558640897358574e-5
6.571786012613168e-5
6.585016563906303e-5
6.598184858813362e-5
6.611408540513569e-5
6.624687038380855e-5
6.637904453215818e-5
6.65120790447362e-5
6.664526305118248e-5
6.677808527831494e-5
6.691156879370346e-5
6.704513072762926e-5
6.71786496842738e-5
6.731263463384084e-5
6.744659975900837e-5
6.758079613945098e-5
6.7715159556539e-5
6.784949357273469e-5
6.79843822332845e-5
6.811921771157898e-5
6.82541811208982e-5
6.838960214795037e-5
6.852491505260674e-5
6.866042008183883e-5
6.879624719130566e-5
6.89320283197921e-5
6.906805541796802e-5
6.92041723402839e-5
6.934052045971338e-5
6.947712197900003e-5
6.96136414090364e-5
6.975050068093137e-5
6.988752477300987e-5
7.002449168738329e-5
7.016188713784145e-5
7.029932795507809e-5
7.043673652752128e-5
7.057462586059906e-5
7.071228223501492e-5
7.085028480267313e-5
7.098861842944594e-5
7.11266704447422e-5
7.12650915862879e-5
7.140381585056635e-5
7.154244123191776e-5
7.168129501140565e-5
7.18201901961097e-5
7.19593195118375e-5
7.209852062932925e-5
7.223747425458872e-5
7.237728507954209e-5
7.251692672152917e-5
7.265643611469098e-5
7.279645129061975e-5
7.293641545386457e-5
7.307634451651918e-5
7.321650857148001e-5
7.335682552860249e-5
7.349721828788021e-5
7.363761995507987e-5
7.377814508860855e-5
7.391905833076434e-5
7.405980900560039e-5
7.420066633383114e-5
7.434183720266533e-5
7.448293609152729e-5
7.462417632708207e-5
7.476550727822756e-5
7.490687585157762e-5
7.504847921884724e-5
7.51899582643085e-5
7.533162517157929e-5
7.547352130536774e-5
7.561526787477835e-5
7.575718564137234e-5
7.589916803973145e-5
7.604127513972716e-5
7.618353294880056e-5
7.632561035183157e-5
7.646802597602016e-5
7.661045549284882e-5
7.67525971822873e-5
7.689523833430294e-5
7.7037784740188e-5
7.718023015588513e-5
7.732307541305004e-5
7.746569495697958e-5
7.760847604896836e-5
7.775137904740643e-5
7.789374519839792e-5
7.803702923897205e-5
7.817985001523901e-5
7.832240186668819e-5
7.846588893817292e-5
7.86086899244191e-5
7.875158352082354e-5
7.889503670490681e-5
7.903772260333703e-5
7.918088632901361e-5
7.93241784442987e-5
7.946671862853904e-5
7.961025739260933e-5
7.975348873820645e-5
7.98962164335266e-5
8.003966057669694e-5
8.018273402491045e-5
8.032564844970462e-5
8.04688754031498e-5
8.06117308080458e-5
8.075494013386004e-5
8.089793747505777e-5
8.104071734991884e-5
8.11840170182323e-5
8.13268892585378e-5
8.14697098930227e-5
8.161280136794674e-5
8.175551406277772e-5
8.189835212755362e-5
8.204103023669677e-5
8.21836153392129e-5
8.232647670166744e-5
8.24688447218473e-5
8.261129442172409e-5
8.275395295514863e-5
8.289598842959093e-5
8.303835032982839e-5
8.318064809046762e-5
8.332250515972129e-5
8.346465763460567e-5
8.360641008876646e-5
8.374825171980606e-5
8.38901349814006e-5
8.40315328501608e-5
8.417311342213664e-5
8.431454556869167e-5
8.445563648411861e-5
8.459694844790134e-5
8.473768033621087e-5
8.487853218590026e-5
8.501948188773641e-5
8.515960139514704e-5
8.53001025589094e-5
8.544057949563404e-5
8.558040244628706e-5
8.572040756787631e-5
8.586023728731983e-5
8.599974404031719e-5
8.613905069441618e-5
8.627806579624003e-5
8.641732922667732e-5
8.655605732920389e-5
8.669453054119991e-5
8.683308618725103e-5
8.697112889453595e-5
8.710894255698885e-5
8.724673512983062e-5
8.738413998689294e-5
8.752142758083388e-5
8.765841613802537e-5
8.779512148564662e-5
8.793175909959301e-5
8.8067912430826e-5
8.820381424552166e-5
8.833951801316011e-5
8.847482952200944e-5
8.860995405643451e-5
8.874460782026029e-5
8.887912595074616e-5
8.901345995147762e-5
8.914719760096649e-5
8.928071055054505e-5
8.9413988241806e-5
8.954676090953987e-5
8.967929812031226e-5
8.981140089319245e-5
8.994316225219584e-5
9.007467132333033e-5
9.020548648241538e-5
9.033626496547282e-5
9.046668839521248e-5
9.059638413463652e-5
9.072586159785895e-5
9.085499600056666e-5
9.098350883395695e-5
9.111151212542092e-5
9.123921298820533e-5
9.136673242734025e-5
9.149342526654511e-5
9.161979674378624e-5
9.174575996331414e-5
9.18710299559397e-5
9.199596647658396e-5
9.21203415085804e-5
9.224409020337128e-5
9.236752824717306e-5
9.249025704324452e-5
9.261245853257243e-5
9.273430031376382e-5
9.285531517672363e-5
9.297601627485275e-5
9.309601947408446e-5
9.321532156518918e-5
9.33342260795574e-5
9.34522117084893e-5
9.35697210279163e-5
9.368684774994342e-5
9.380295800427445e-5
9.39186580303894e-5
9.40336649363888e-5
9.414779354663307e-5
9.426144734909125e-5
9.437418118609446e-5
9.448635152286731e-5
9.459791464545652e-5
9.470829474321957e-5
9.481840422768462e-5
9.492768287843627e-5
9.5035816143551e-5
9.514363763401616e-5
9.525040411159056e-5
9.535621298804425e-5
9.546155538816478e-5
9.556557874473945e-5
9.566910571881614e-5
9.57718131442169e-5
9.587316579142876e-5
9.597415088324053e-5
9.607401595344286e-5
9.617272449481095e-5
9.62709510022268e-5
9.636781747262599e-5
9.646381815864373e-5
9.655902410986351e-5
9.665279893468697e-5
9.674604696649066e-5
9.683811108366985e-5
9.692888762435845e-5
9.701891572685075e-5
9.710763267841944e-5
9.719525928385705e-5
9.728183975457423e-5
9.736706637084613e-5
9.745150884564288e-5
9.753461190429194e-5
9.761638780975102e-5
9.769724844677271e-5
9.77766612199617e-5
9.785480264115934e-5
9.793181813447656e-5
9.800738647095029e-5
9.808174273744399e-5
9.81547045119726e-5
9.822628863435156e-5
9.829671075432842e-5
9.83655374690096e-5
9.843301727458345e-5
9.849918185392052e-5
9.856370536057172e-5
9.862684035469578e-5
9.868846654354266e-5
9.874855204811558e-5
9.880716035839699e-5
9.886409958741822e-5
9.891954704437771e-5
9.897337033426886e-5
9.902543590011553e-5
9.907597290689704e-5
9.912473350484825e-5
9.91717346285287e-5
9.921716943783992e-5
9.92606097910483e-5
9.930239817255271e-5
9.934240350232897e-5
9.938038992380703e-5
9.941662816205686e-5
9.945094285080889e-5
9.948325434695886e-5
9.951366904745239e-5
9.954202494512784e-5
9.956838831768967e-5
9.959268358268556e-5
9.96148277565011e-5
9.963492692278805e-5
9.965284689820173e-5
9.966856078580147e-5
9.968208321607615e-5
9.969332551517641e-5
9.97022773601443e-5
9.970890124032617e-5
9.971315514760937e-5
9.97150157399401e-5
9.97144335247546e-5
9.971137750712377e-5
9.970579694248667e-5
9.96976734810687e-5
9.968695642086828e-5
9.967358969883878e-5
9.965756138761312e-5
9.963879381946621e-5
9.961727707082453e-5
9.95929542357973e-5
9.956575657888183e-5
9.953570086920035e-5
9.950268232848581e-5
9.946667769901495e-5
9.942764894598481e-5
9.938549026892118e-5
9.934034410282003e-5
9.929187282230236e-5
9.924010502512723e-5
9.918526788933488e-5
9.912692911100478e-5
9.90651177293743e-5
9.900007830988908e-5
9.893131069936734e-5
9.88590226448021e-5
9.8783272715482e-5
9.870359261898358e-5
9.862041425364667e-5
9.853325998995033e-5
9.844208841813158e-5
9.83473000466536e-5
9.824834527069527e-5
9.814515378106059e-5
9.803813751509749e-5
9.792680216537987e-5
9.781101927842342e-5
9.769099449017358e-5
9.75665188675959e-5
9.743751806907899e-5
9.7303762854497e-5
9.71653703594569e-5
9.702235838345069e-5
9.687442502220907e-5
9.672152371057152e-5
9.65637261165242e-5
9.640080663381146e-5
9.623258602787354e-5
9.60590315015237e-5
9.588011511796571e-5
9.569549376385283e-5
9.550540458129543e-5
9.530953019566895e-5
9.510774401556989e-5
9.490027041216479e-5
9.468649580950865e-5
9.44665279588864e-5
9.424075320630453e-5
9.400796681062979e-5
9.376868455226789e-5
9.352310797863426e-5
9.327029504084074e-5
9.301074232839947e-5
9.274403311636613e-5
9.247004300627092e-5
9.218907023963005e-5
9.189972819344263e-5
9.16030345035352e-5
9.129900698799675e-5
9.098568606252853e-5
9.06650340435078e-5
9.033590106474321e-5
8.999729566152182e-5
8.965110779657124e-5
8.929499578770828e-5
8.892950539094525e-5
8.855636927068716e-5
8.817075824724004e-5
8.777706142851425e-5
8.737337378734905e-5
8.695731918411027e-5
8.653248074590632e-5
8.609620889454821e-5
8.564757404593636e-5
8.518906417787166e-5
8.471761971733289e-5
8.423407783661265e-5
8.37393700268777e-5
8.322960453763759e-5
8.270792459790141e-5
8.217288949710974e-5
8.162268469296716e-5
8.105896489492917e-5
8.047943586899103e-5
7.988518630954537e-5
7.927533153751043e-5
7.864739120225284e-5
7.800482273892932e-5
7.734375023262023e-5
7.666255969106107e-5
7.596568168797932e-5
7.524763415830347e-5
7.450858558672412e-5
7.375068641685348e-5
7.29687928548283e-5
7.216515751594724e-5
7.133845000389335e-5
7.048506946422897e-5
6.960890763956519e-5
6.870300927991853e-5
6.776786968515702e-5
6.680642055569938e-5
6.581043323138769e-5
6.478188553148439e-5
6.372084491111868e-5
6.261988825303497e-5
6.148242655220831e-5
6.03026470096385e-5
5.9076421301132085e-5
5.780759009598939e-5
5.648293706577603e-5
5.5104871541162115e-5
5.3671062753673265e-5
5.216710181314562e-5
5.059629208891548e-5
4.89468066206304e-5
4.7206797299073105e-5
4.5376625235693874e-5
4.343267313251658e-5
4.136265303344636e-5
3.915388960348905e-5
3.6763008474074714e-5
3.416706819410274e-5
3.131334109022811e-5
2.8107560705817683e-5
2.4430871056210147e-5
2.0013444280809702e-5
1.4169459593955534e-5
0.0
0.0
0.0
0.0
0.0
0.0
0.0
0.0
0.0
0.0
0.0
0.0
0.0
0.0
0.0
0.0
0.0
0.0
0.0
0.0
0.0
0.0
0.0
0.0
0.0
0.0
0.0
0.0
0.0
0.0
0.0
0.0
0.0
0.0
0.0
0.0
0.0
0.0
0.0
0.0
0.0
0.0
0.0
0.0
0.0
0.0
0.0
0.0
0.0
0.0
0.0
0.0
0.0
0.0
0.0
0.0
0.0
0.0
0.0
0.0
0.0
0.0
0.0
0.0
0.0
0.0
0.0
0.0
0.0
0.0
0.0
0.0
0.0
0.0
0.0
0.0
0.0
0.0
0.0
0.0
0.0
0.0
0.0
0.0
0.0
0.0
0.0
0.0
0.0
0.0
0.0
0.0
0.0
0.0
0.0
0.0
0.0
0.0
0.0
0.0
0.0
0.0
0.0
0.0
0.0
0.0
0.0
0.0
0.0
0.0
0.0
0.0
0.0
0.0
0.0
0.0
0.0
0.0
0.0
0.0
0.0
0.0
0.0
0.0
0.0
0.0
0.0
0.0
0.0
0.0
0.0
0.0
0.0
0.0
0.0
0.0
0.0
0.0
0.0
0.0
0.0
0.0
0.0
0.0
0.0
0.0
0.0
0.0
0.0
0.0
0.0
0.0
0.0
0.0
0.0
0.0
0.0
0.0
0.0
0.0
0.0
0.0
0.0
0.0
0.0
0.0
0.0
0.0
0.0
0.0
0.0
0.0
0.0
0.0
0.0
0.0
0.0
0.0
0.0
0.0
0.0
0.0
0.0
0.0
0.0
0.0
0.0
0.0
0.0
0.0
0.0
0.0
0.0
0.0
0.0
0.0
0.0
0.0
0.0
0.0
0.0
0.0
0.0
0.0
0.0
0.0
0.0
0.0
0.0
0.0
0.0
0.0
0.0
0.0
0.0
0.0
0.0
0.0
0.0
0.0
0.0
0.0
0.0
0.0
0.0
0.0
0.0
0.0
0.0
0.0
0.0
0.0
0.0
0.0
0.0
0.0
0.0
0.0
0.0
0.0
0.0
0.0
0.0
0.0
0.0
0.0
0.0
0.0
0.0
0.0
0.0
0.0
0.0
0.0
0.0
0.0
0.0
0.0
0.0
0.0
0.0
0.0
0.0
0.0
0.0
0.0
0.0
0.0
0.0
0.0
0.0
0.0
0.0
0.0
0.0
0.0
0.0
0.0
0.0
0.0
0.0
0.0
0.0
0.0
0.0
0.0
0.0
0.0
0.0
0.0
0.0
0.0
0.0
0.0
0.0
0.0
0.0
0.0
0.0
0.0
0.0
0.0
0.0
0.0
0.0
0.0
0.0
0.0
0.0
0.0
0.0
0.0
0.0
0.0
0.0
0.0
0.0
0.0
0.0
0.0
0.0
0.0
0.0
0.0
0.0
0.0
0.0
0.0
0.0
0.0
0.0
0.0
0.0
0.0
0.0
0.0
0.0
0.0
0.0
0.0
0.0
0.0
0.0
0.0
0.0
0.0
0.0
0.0
0.0
0.0
0.0
0.0
0.0
0.0
0.0
0.0
0.0
0.0
0.0
0.0
0.0
0.0
0.0
0.0
0.0
0.0
0.0
0.0
0.0
0.0
0.0
0.0
0.0
0.0
0.0
0.0
0.0
0.0
0.0
0.0
0.0
0.0
0.0
0.0
0.0
0.0
0.0
0.0
0.0
0.0
0.0
0.0
0.0
0.0
0.0
0.0
0.0
0.0
0.0
0.0
0.0
0.0
0.0
0.0
0.0
0.0
0.0
0.0
0.0
0.0
0.0
0.0
0.0
0.0
0.0
0.0
0.0
0.0
0.0
0.0
0.0
0.0
0.0
0.0
0.0
0.0
0.0
0.0
0.0
0.0
0.0
0.0
0.0
0.0
0.0
0.0
0.0
0.0
0.0
0.0
0.0
0.0
0.0
0.0
0.0
0.0
0.0
0.0
0.0
0.0
0.0
0.0
0.0
0.0
0.0
0.0
0.0
0.0
0.0
0.0
0.0
0.0
0.0
0.0
0.0
0.0
0.0
0.0
0.0
0.0
0.0
0.0
0.0
0.0
0.0
0.0
0.0
0.0
0.0
0.0
0.0
0.0
0.0
0.0
0.0
0.0
0.0
0.0
0.0
0.0
0.0
0.0
0.0
0.0
0.0
0.0
0.0
0.0
0.0
0.0
0.0
0.0
0.0
0.0
0.0
0.0
0.0
0.0
0.0
0.0
0.0
0.0
0.0
0.0
0.0
0.0
0.0
0.0
0.0
0.0
0.0
0.0
0.0
0.0
0.0
0.0
0.0
0.0
0.0
0.0
0.0
0.0
0.0
0.0
0.0
0.0
0.0
0.0
0.0
0.0
0.0
0.0
0.0
0.0
0.0
0.0
0.0
0.0
0.0
0.0
0.0
0.0
0.0
0.0
0.0
0.0
0.0
0.0
0.0
0.0
0.0
0.0
0.0
0.0
0.0
0.0
0.0
0.0
0.0
0.0
0.0
0.0
0.0
0.0
0.0
0.0
0.0
0.0
0.0
0.0
0.0
0.0
0.0
0.0
0.0
0.0
0.0
0.0
0.0
0.0
0.0
0.0
0.0
0.0
0.0
0.0
0.0
0.0
0.0
0.0
0.0
0.0
0.0
0.0
0.0
0.0
0.0
0.0
0.0
0.0
0.0
0.0
0.0
0.0
0.0
0.0
0.0
0.0
0.0
0.0
0.0
0.0
0.0
0.0
0.0
0.0
0.0
0.0
0.0
0.0
0.0
0.0
0.0
0.0
0.0
0.0
0.0
0.0
0.0
0.0
0.0
0.0
0.0
0.0
0.0
0.0
0.0
0.0
0.0
0.0
0.0
0.0
0.0
0.0
0.0
0.0
0.0
0.0
0.0
0.0
0.0
0.0
0.0
0.0
0.0
0.0
0.0
0.0
0.0
0.0
0.0
0.0
0.0
0.0
0.0
0.0
0.0
0.0
0.0
0.0
0.0
0.0
0.0
0.0
0.0
0.0
0.0
0.0
0.0
0.0
0.0
0.0
0.0
0.0
0.0
0.0
0.0
0.0
0.0
0.0
0.0
0.0
0.0
0.0
0.0
0.0
0.0
0.0
0.0
0.0
0.0
0.0
0.0
0.0
0.0
0.0
0.0
0.0
0.0
0.0
0.0
0.0
0.0
0.0
0.0
0.0
0.0
0.0
0.0
0.0
0.0
0.0
0.0
0.0
0.0
0.0
0.0
0.0
0.0
0.0
0.0
0.0
0.0
0.0
0.0
0.0
0.0
0.0
0.0
0.0
0.0
0.0
0.0
0.0
0.0
0.0
0.0
0.0
0.0
0.0
0.0
0.0
0.0
0.0
0.0
0.0
0.0
0.0
0.0
0.0
0.0
0.0
0.0
0.0
0.0
0.0
0.0
0.0
0.0
0.0
0.0
0.0
0.0
0.0
0.0
0.0
0.0
0.0
0.0
0.0
0.0
0.0
0.0
0.0
0.0
0.0
0.0
0.0
0.0
0.0
0.0
0.0
0.0
0.0
0.0
0.0
0.0
0.0
0.0
0.0
0.0
0.0
0.0
0.0
0.0
0.0
0.0
0.0
0.0
0.0
0.0
0.0
0.0
0.0
0.0
0.0
0.0
0.0
0.0
0.0
0.0
0.0
0.0
0.0
0.0
0.0
0.0
0.0
0.0
0.0
0.0
0.0
0.0
0.0
0.0
0.0
0.0
0.0
0.0
0.0
0.0
0.0
0.0
0.0
0.0
0.0
0.0
0.0
0.0
0.0
0.0
0.0
0.0
0.0
0.0
0.0
0.0
0.0
0.0
0.0
0.0
0.0
0.0
0.0
0.0
0.0
0.0
0.0
0.0
0.0
0.0
0.0
0.0
0.0
0.0
0.0
0.0
0.0
0.0
0.0
0.0
0.0
0.0
0.0
0.0
0.0
0.0
0.0
0.0
0.0
0.0
0.0
0.0
0.0
0.0
0.0
0.0
0.0
0.0
0.0
0.0
0.0
0.0
0.0
0.0
0.0
0.0
0.0
0.0
0.0
0.0
0.0
0.0
0.0
0.0
0.0
0.0
0.0
0.0
0.0
0.0
0.0
0.0
0.0
0.0
0.0
0.0
0.0
0.0
0.0
0.0
0.0
0.0
0.0
0.0
0.0
0.0
0.0
0.0
0.0
0.0
0.0
0.0
0.0
0.0
0.0
0.0
0.0
0.0
0.0
0.0
0.0
0.0
0.0
0.0
0.0
0.0
0.0
0.0
0.0
0.0
0.0
0.0
0.0
0.0
0.0
0.0
0.0
0.0
0.0
0.0
0.0
0.0
0.0
0.0
0.0
0.0
0.0
0.0
0.0
0.0
0.0
0.0
0.0
0.0
0.0
0.0
0.0
0.0
0.0
0.0
0.0
0.0
0.0
0.0
0.0
0.0
0.0
0.0
0.0
0.0
0.0
0.0
0.0
0.0
0.0
0.0
0.0
0.0
0.0
0.0
0.0
0.0
0.0
0.0
0.0
0.0
0.0
0.0
0.0
0.0
0.0
0.0
0.0
0.0
0.0
0.0
0.0
0.0
0.0
0.0
0.0
0.0
0.0
0.0
0.0
0.0
0.0
0.0
0.0
0.0
0.0
0.0
0.0
0.0
0.0
0.0
0.0
0.0
0.0
0.0
0.0
0.0
0.0
0.0
0.0
0.0
0.0
0.0
0.0
0.0
0.0
0.0
0.0
0.0
0.0
0.0
0.0
0.0
0.0
0.0
0.0
0.0
0.0
0.0
0.0
0.0
0.0
0.0
0.0
0.0
0.0
0.0
0.0
0.0
0.0
0.0
0.0
0.0
0.0
0.0
0.0
0.0
0.0
0.0
0.0
0.0
0.0
0.0
0.0
0.0
0.0
0.0
0.0
0.0
0.0
0.0
0.0
0.0
0.0
0.0
0.0
0.0
0.0
0.0
0.0
0.0
0.0
0.0
0.0
0.0
0.0
0.0
0.0
0.0
0.0
0.0
0.0
0.0
0.0
0.0
0.0
0.0
0.0
0.0
0.0
0.0
0.0
0.0
0.0
0.0
0.0
0.0
0.0
0.0
0.0
0.0
0.0
0.0
0.0
0.0
0.0
0.0
0.0
0.0
0.0
0.0
0.0
0.0
0.0
0.0
0.0
0.0
0.0
0.0
0.0
0.0
0.0
0.0
0.0
0.0
0.0
0.0
0.0
0.0
0.0
0.0
0.0
0.0
0.0
0.0
0.0
0.0
0.0
0.0
0.0
0.0
0.0
0.0
0.0
0.0
0.0
0.0
0.0
0.0
0.0
0.0
0.0
0.0
0.0
0.0
0.0
0.0
0.0
0.0
0.0
0.0
0.0
0.0
0.0
0.0
0.0
0.0
0.0
0.0
0.0
0.0
0.0
0.0
0.0
0.0
0.0
0.0
0.0
0.0
0.0
0.0
0.0
0.0
0.0
0.0
0.0
0.0
0.0
0.0
0.0
0.0
0.0
0.0
0.0
0.0
0.0
0.0
0.0
0.0
0.0
0.0
0.0
0.0
0.0
0.0
0.0
0.0
0.0
0.0
0.0
0.0
0.0
0.0
0.0
0.0
0.0
0.0
0.0
0.0
0.0
0.0
0.0
0.0
0.0
0.0
0.0
0.0
0.0
0.0
0.0
0.0
0.0
0.0
0.0
0.0
0.0
0.0
0.0
0.0
0.0
0.0
0.0
0.0
0.0
0.0
0.0
0.0
0.0
0.0
0.0
0.0
0.0
0.0
0.0
0.0
0.0
0.0
0.0
0.0
0.0
0.0
0.0
0.0
0.0
0.0
0.0
0.0
0.0
0.0
0.0
0.0
0.0
0.0
0.0
0.0
0.0
0.0
0.0
0.0
0.0
0.0
0.0
0.0
0.0
0.0
0.0
0.0
0.0
0.0
0.0
0.0
0.0
0.0
0.0
0.0
0.0
0.0
0.0
0.0
0.0
0.0
0.0
0.0
0.0
0.0
0.0
0.0
0.0
0.0
0.0
0.0
0.0
0.0
0.0
0.0
0.0
0.0
0.0
0.0
0.0
0.0
0.0
0.0
0.0
0.0
0.0
0.0
0.0
0.0
0.0
0.0
0.0
0.0
0.0
0.0
0.0
0.0
0.0
0.0
0.0
0.0
0.0
0.0
0.0
0.0
0.0
0.0
0.0
0.0
0.0
0.0
0.0
0.0
0.0
0.0
0.0
0.0
0.0
0.0
0.0
0.0
0.0
0.0
0.0
0.0
0.0
0.0
0.0
0.0
0.0
0.0
0.0
0.0
0.0
0.0
0.0
0.0
0.0
0.0
0.0
0.0
0.0
0.0
0.0
0.0
0.0
0.0
0.0
0.0
0.0
0.0
0.0
0.0
0.0
0.0
0.0
0.0
0.0
0.0
0.0
0.0
0.0
0.0
0.0
0.0
0.0
0.0
0.0
0.0
0.0
0.0
0.0
0.0
0.0
0.0
0.0
0.0
0.0
0.0
0.0
0.0
0.0
0.0
0.0
0.0
0.0
0.0
0.0
0.0
0.0
0.0
0.0
0.0
0.0
0.0
0.0
0.0
0.0
0.0
0.0
0.0
0.0
0.0
0.0
0.0
0.0
0.0
0.0
0.0
0.0
0.0
0.0
0.0
0.0
0.0
0.0
0.0
0.0
0.0
0.0
0.0
0.0
0.0
0.0
0.0
0.0
0.0
0.0
0.0
0.0
0.0
0.0
0.0
0.0
0.0
0.0
0.0
0.0
0.0
0.0
0.0
0.0
0.0
0.0
0.0
0.0
0.0
0.0
0.0
0.0
0.0
0.0
0.0
0.0
0.0
0.0
0.0
0.0
0.0
0.0
0.0
0.0
0.0
0.0
0.0
0.0
0.0
0.0
0.0
0.0
0.0
0.0
0.0
0.0
0.0
0.0
0.0
0.0
0.0
0.0
0.0
0.0
0.0
0.0
0.0
0.0
0.0
0.0
0.0
0.0
0.0
0.0
0.0
0.0
0.0
0.0
0.0
0.0
0.0
0.0
0.0
0.0
0.0
0.0
0.0
0.0
0.0
0.0
0.0
0.0
0.0
0.0
0.0
0.0
0.0
0.0
0.0
0.0
0.0
0.0
0.0
0.0
0.0
0.0
0.0
0.0
0.0
0.0
0.0
0.0
0.0
0.0
0.0
0.0
0.0
0.0
0.0
0.0
0.0
0.0
0.0
0.0
0.0
0.0
0.0
0.0
0.0
0.0
0.0
0.0
0.0
0.0
0.0
0.0
0.0
0.0
0.0
0.0
0.0
0.0
0.0
0.0
0.0
0.0
0.0
0.0
0.0
0.0
0.0
0.0
0.0
0.0
0.0
0.0
0.0
0.0
0.0
0.0
0.0
0.0
0.0
0.0
0.0
0.0
0.0
0.0
0.0
0.0
0.0
0.0
0.0
0.0
0.0
0.0
0.0
0.0
0.0
0.0
0.0
0.0
0.0
0.0
0.0
0.0
0.0
0.0
0.0
0.0
0.0
0.0
0.0
0.0
0.0
0.0
0.0
0.0
0.0
0.0
0.0
0.0
0.0
0.0
0.0
0.0
0.0
0.0
0.0
0.0
0.0
0.0
0.0
0.0
0.0
0.0
0.0
0.0
0.0
0.0
0.0
0.0
0.0
0.0
0.0
0.0
0.0
0.0
0.0
0.0
0.0
0.0
0.0
0.0
0.0
0.0
0.0
0.0
0.0
0.0
0.0
0.0
0.0
0.0
0.0
0.0
0.0
0.0
0.0
0.0
0.0
0.0
0.0
0.0
0.0
0.0
0.0
0.0
0.0
0.0
0.0
0.0
0.0
0.0
0.0
0.0
0.0
0.0
0.0
0.0
0.0
0.0
0.0
0.0
0.0
0.0
0.0
0.0
0.0
0.0
0.0
0.0
0.0
0.0
0.0
0.0
0.0
0.0
0.0
0.0
0.0
0.0
0.0
0.0
0.0
0.0
0.0
0.0
0.0
0.0
0.0
0.0
0.0
0.0
0.0
0.0
0.0
0.0
0.0
0.0
0.0
0.0
0.0
0.0
0.0
0.0
0.0
0.0
0.0
0.0
0.0
0.0
0.0
0.0
0.0
0.0
0.0
0.0
0.0
0.0
0.0
0.0
0.0
0.0
0.0
0.0
0.0
0.0
0.0
0.0
0.0
0.0
0.0
0.0
0.0
0.0
0.0
0.0
0.0
0.0
0.0
0.0
0.0
0.0
0.0
0.0
0.0
0.0
0.0
0.0
0.0
0.0
0.0
0.0
0.0
0.0
0.0
0.0
0.0
0.0
0.0
0.0
0.0
0.0
0.0
0.0
0.0
0.0
0.0
0.0
0.0
0.0
0.0
0.0
0.0
0.0
0.0
0.0
0.0
0.0
0.0
0.0
0.0
0.0
0.0
0.0
0.0
0.0
0.0
0.0
0.0
0.0
0.0
0.0
0.0
0.0
0.0
0.0
0.0
0.0
0.0
0.0
0.0
0.0
0.0
0.0
0.0
0.0
0.0
0.0
0.0
0.0
0.0
0.0
0.0
0.0
0.0
0.0
0.0
0.0
0.0
0.0
0.0
0.0
0.0
0.0
0.0
0.0
0.0
0.0
0.0
0.0
0.0
0.0
0.0
0.0
0.0
0.0
0.0
0.0
0.0
0.0
0.0
0.0
0.0
0.0
0.0
0.0
0.0
0.0
0.0
0.0
0.0
0.0
0.0
0.0
0.0
0.0
0.0
0.0
0.0
0.0
0.0
0.0
0.0
0.0
0.0
0.0
0.0
0.0
0.0
0.0
0.0
0.0
0.0
0.0
0.0
0.0
0.0
0.0
0.0
0.0
0.0
0.0
0.0
0.0
0.0
0.0
0.0
0.0
0.0
0.0
0.0
0.0
0.0
0.0
0.0
0.0
0.0
0.0
0.0
0.0
0.0
0.0
0.0
0.0
0.0
0.0
0.0
0.0
0.0
0.0
0.0
0.0
0.0
0.0
0.0
0.0
0.0
0.0
0.0
0.0
0.0
0.0
0.0
0.0
0.0
0.0
0.0
0.0
0.0
0.0
0.0
0.0
0.0
0.0
0.0
0.0
0.0
0.0
0.0
0.0
0.0
0.0
0.0
0.0
0.0
0.0
0.0
0.0
0.0
0.0
0.0
0.0
0.0
0.0
0.0
0.0
0.0
0.0
0.0
0.0
0.0
0.0
0.0
0.0
0.0
0.0
0.0
0.0
0.0
0.0
0.0
0.0
0.0
0.0
0.0
0.0
0.0
0.0
0.0
0.0
0.0
0.0
0.0
0.0
0.0
0.0
0.0
0.0
0.0
0.0
0.0
0.0
0.0
0.0
0.0
0.0
0.0
0.0
0.0
0.0
0.0
0.0
0.0
0.0
0.0
0.0
0.0
0.0
0.0
0.0
0.0
0.0
0.0
0.0
0.0
0.0
0.0
0.0
0.0
0.0
0.0
0.0
0.0
0.0
0.0
0.0
0.0
0.0
0.0
0.0
0.0
0.0
0.0
0.0
0.0
0.0
0.0
0.0
0.0
0.0
0.0
0.0
0.0
0.0
0.0
0.0
0.0
0.0
0.0
0.0
0.0
0.0
0.0
0.0
0.0
0.0
0.0
0.0
0.0
0.0
0.0
0.0
0.0
0.0
0.0
0.0
0.0
0.0
0.0
0.0
0.0
0.0
0.0
0.0
0.0
0.0
0.0
0.0
0.0
0.0
0.0
0.0
0.0
0.0
0.0
0.0
0.0
0.0
0.0
0.0
0.0
0.0
0.0
0.0
0.0
0.0
0.0
0.0
0.0
0.0
0.0
0.0
0.0
0.0
0.0
0.0
0.0
0.0
0.0
0.0
0.0
0.0
0.0
0.0
0.0
0.0
0.0
0.0
0.0
0.0
0.0
0.0
0.0
0.0
0.0
0.0
0.0
0.0
0.0
0.0
0.0
0.0
0.0
0.0
0.0
0.0
0.0
0.0
0.0
0.0
0.0
0.0
0.0
0.0
0.0
0.0
0.0
0.0
0.0
0.0
0.0
0.0
0.0
0.0
0.0
0.0
0.0
0.0
0.0
0.0
0.0
0.0
0.0
0.0
0.0
0.0
0.0
0.0
0.0
0.0
0.0
0.0
0.0
0.0
0.0
0.0
0.0
0.0
0.0
0.0
0.0
0.0
0.0
0.0
0.0
0.0
0.0
0.0
0.0
0.0
0.0
0.0
0.0
0.0
0.0
0.0
0.0
0.0
0.0
0.0
0.0
0.0
0.0
0.0
0.0
0.0
0.0
0.0
0.0
0.0
0.0
0.0
0.0
0.0
0.0
0.0
0.0
0.0
0.0
0.0
0.0
0.0
0.0
0.0
0.0
0.0
0.0
0.0
0.0
0.0
0.0
0.0
0.0
0.0
0.0
0.0
0.0
0.0
0.0
0.0
0.0
0.0
0.0
0.0
0.0
0.0
0.0
0.0
0.0
0.0
0.0
0.0
0.0
0.0
0.0
0.0
0.0
0.0
0.0
0.0
0.0
0.0
0.0
0.0
0.0
0.0
0.0
0.0
0.0
0.0
0.0
0.0
0.0
0.0
0.0
0.0
0.0
0.0
0.0
0.0
0.0
0.0
0.0
0.0
0.0
0.0
0.0
0.0
0.0
0.0
0.0
0.0
0.0
0.0
0.0
0.0
0.0
0.0
0.0
0.0
0.0
0.0
0.0
0.0
0.0
0.0
0.0
0.0
0.0
0.0
0.0
0.0
0.0
0.0
0.0
0.0
0.0
0.0
0.0
0.0
0.0
0.0
0.0
0.0
0.0
0.0
0.0
0.0
0.0
0.0
0.0
0.0
0.0
0.0
0.0
0.0
0.0
0.0
0.0
0.0
0.0
0.0
0.0
0.0
0.0
0.0
0.0
0.0
0.0
0.0
0.0
0.0
0.0
0.0
0.0
0.0
0.0
0.0
0.0
0.0
0.0
0.0
0.0
0.0
0.0
0.0
0.0
0.0
0.0
0.0
0.0
0.0
0.0
0.0
0.0
0.0
0.0
0.0
0.0
0.0
0.0
0.0
0.0
0.0
0.0
0.0
0.0
0.0
0.0
0.0
0.0
0.0
0.0
0.0
0.0
0.0
0.0
0.0
0.0
0.0
