0.002595231762529614
0.0025952798632794243
0.0025953253132698353
0.0025953690235121668
0.0025954104573777713
0.002595451056222949
0.0025954906900109687
0.0025955288960476455
0.0025955659514637877
0.0025956024664947636
0.0025956384201123715
0.0025956735700914946
0.002595707871143005
0.0025957415787265094
0.0025957747746587186
0.0025958075216041465
0.002595839745960782
0.0025958717813498013
0.0025959035763902325
0.002595934921727237
0.0025959653614548235
0.0025959956654609097
0.0025960258787102973
0.0025960559475235625
0.0025960856663721403
0.002596115278206056
0.002596144710198007
0.002596173887227714
0.0025962026534026286
0.0025962312716056586
0.0025962597692131646
0.0025962881703132878
0.00259631640491929
0.002596344440175539
0.002596372407380489
0.002596400331853636
0.0025964281389195217
0.0025964557872464136
0.0025964833797723717
0.002596510882220328
0.0025965382469673314
0.0025965653007182367
0.0025965923408510397
0.0025966193712263475
0.002596646394790168
0.0025966733409097252
0.002596700209257288
0.0025967270078298024
0.002596753745407891
0.002596780456820921
0.0025968070218779227
0.0025968335795491385
0.0025968601399589085
0.0025968866961737676
0.002596913140444534
0.0025969394478903905
0.002596965736550938
0.0025969920174657548
0.0025970182939540117
0.0025970444929887876
0.0025970706463814917
0.0025970967625320598
0.002597122859600667
0.0025971489801573503
0.0025971750548459166
0.0025972011608789806
0.0025972272931737814
0.00259725344151052
0.0025972795675335454
0.0025973055326083496
0.0025973314601135267
0.0025973573634815346
0.002597383258805182
0.002597409149905192
0.002597435008545209
0.0025974608864846277
0.0025974867758518042
0.0025975126773507425
0.0025975385946465086
0.0025975644994594878
0.0025975904330203066
0.0025976163824797407
0.002597642332413429
0.0025976682431034354
0.002597694094468677
0.0025977199746543204
0.002597745886941645
0.002597771832302067
0.0025977978063052728
0.002597823771280276
0.0025978497364832383
0.0025978756722488863
0.002597901591291303
0.002597927548325856
0.0025979534962774645
0.0025979794744668745
0.0025980054791941466
0.002598031510377142
0.002598057568207245
0.0025980835899148272
0.002598109627716123
0.0025981356968195583
0.0025981617897755794
0.002598187908226657
0.002598214067074454
0.002598240225943931
0.002598266403332343
0.0025982925991367267
0.0025983188215680094
0.002598345080777044
0.002598371327257305
0.0025983975866500403
0.002598423848389408
0.002598450111008856
0.002598476386864648
0.0025985026991828405
0.002598529003727016
0.0025985553483676813
0.0025985817418929056
0.0025986081845263895
0.00259863467235812
0.0025986611939140744
0.002598687691426992
0.002598714207545009
0.0025987407512176016
0.00259876732411371
0.002598793924278501
0.0025988205455822373
0.0025988471927090805
0.002598873885649846
0.0025989006142792337
0.0025989273779035886
0.0025989541831092397
0.0025989810028374184
0.0025990078369297325
0.00259903470488133
0.002599061604979568
0.0025990885382744643
0.0025991155030561596
0.002599142455266078
0.0025991694149597204
0.002599196417364293
0.002599223465967335
0.0025992505605477974
0.0025992776982852717
0.0025993048690748357
0.0025993320479925056
0.0025993592611303607
0.0025993865171584883
0.002599413830764095
0.002599441207988456
0.002599468633482668
0.002599496080384957
0.0025995235666394006
0.0025995510960915708
0.0025995786523894727
0.002599606231466875
0.002599633846235343
0.002599661489652002
0.0025996891554293028
0.002599716855729634
0.002599744616661546
0.0025997724360656443
0.002599800296863614
0.0025998281897569634
0.00259985607780996
0.0025998840233323957
0.0025999120065019476
0.0025999400185524398
0.0025999680779431227
0.002599996207466923
0.002600024389746547
0.0026000525871857274
0.0026000808534917584
0.0026001091655472523
0.0026001375216929807
0.0026001659330078955
0.0026001944027016616
0.002600222894729591
0.0026002514110121115
0.002600279951327383
0.002600308526038351
0.0026003371516724596
0.0026003658243917566
0.0026003945386045436
0.00260042333874877
0.002600452149212439
0.0026004810259137074
0.002600509955132575
0.0026005389422221743
0.002600567986313518
0.0026005970726233197
0.0026006261809269865
0.002600655319082594
0.002600684510669125
0.0026007137635722264
0.0026007430590170607
0.0026007723953700946
0.002600801779785141
0.0026008312159735494
0.002600860703758572
0.002600890227037939
0.002600919764398091
0.00260094938210309
0.002600979049778706
0.002601008767690405
0.002601038558722466
0.0026010684007485353
0.0026010983099193597
0.0026011282592910863
0.002601158258883484
0.002601188331244276
0.0026012184447210753
0.0026012486017699798
0.002601278831342493
0.002601309102064402
0.002601339394000468
0.002601369768759519
0.002601400183967562
0.0026014306349120553
0.0026014611670586627
0.0026014917630853163
0.0026015223761079362
0.0026015530555710672
0.002601583810415328
0.002601614586108466
0.0026016454136087346
0.00260167632900301
0.0026017072941857265
0.002601738282908214
0.0026017693343698654
0.002601800503943961
0.002601831665158908
0.0026018628809527542
0.002601894170499309
0.002601925531481014
0.0026019569516837595
0.0026019884317218128
0.002602019989027169
0.002602051627959047
0.002602083305834386
0.0026021150262468128
0.002602146789829004
0.00260217861624197
0.0026022104895215884
0.002602242407971161
0.002602274404821593
0.0026023064918023185
0.0026023386367594113
0.002602370833462278
0.0026024030997206286
0.00260243542706332
0.0026024677962465277
0.002602500228139644
0.0026025326988161042
0.002602565224466641
0.002602597835235782
0.002602630523177526
0.0026026632532217455
0.0026026960463084725
0.0026027288927420655
0.0026027617884591845
0.0026027947752544365
0.0026028278451653863
0.002602860977715272
0.002602894150433025
0.002602927371016623
0.0026029606804931055
0.0026029940530473772
0.002603027494405601
0.0026030609967629603
0.0026030945757328
0.0026031282161423862
0.0026031619088989
0.002603195664115737
0.0026032295071541
0.0026032634326866306
0.0026032973875944596
0.0026033314093440053
0.0026033655365902725
0.002603399710553776
0.002603433942302077
0.0026034682473717874
0.00260350264746775
0.0026035371225357823
0.0026035716569942375
0.002603606256582636
0.0026036409205688585
0.0026036756644142053
0.0026037104681395926
0.0026037452951132387
0.0026037801804800567
0.0026038151413696684
0.002603850211155747
0.002603885354653173
0.0026039205503035397
0.0026039558133480853
0.002603991150062082
0.002604026549616816
0.0026040620488161498
0.002604097609735927
0.002604133223988643
0.002604168901111131
0.0026042046585871056
0.0026042405215519655
0.002604276469870364
0.0026043124977906036
0.0026043486024339446
0.002604384765436358
0.0026044209987826166
0.002604457311376616
0.002604493691955446
0.0026045301357358725
0.002604566639034701
0.0026046032090403987
0.002604639851569342
0.002604676576628701
0.0026047133973941556
0.0026047503056410956
0.0026047872801747197
0.0026048243220525283
0.002604861450480246
0.0026048986649938165
0.0026049359329817796
0.0026049732558029023
0.002605010674521223
0.0026050482099849066
0.0026050858144037836
0.0026051234784834963
0.0026051612023559718
0.0026051989950079697
0.002605236876146118
0.0026052748522289466
0.0026053129124963678
0.0026053510474610057
0.002605389263207745
0.002605427562823435
0.0026054659427440395
0.002605504418193069
0.002605542961088384
0.002605581562053881
0.0026056202476381087
0.0026056590190936353
0.0026056978704363555
0.0026057368126798214
0.0026057758453788228
0.00260581496839239
0.002605854179271368
0.0026058934667190317
0.0026059328267578705
0.0026059722841574482
0.0026060118309208804
0.002606051450355573
0.00260609114991854
0.002606130938983595
0.0026061708088139434
0.0026062107532665345
0.0026062507850360345
0.0026062909128201977
0.0026063311234186056
0.0026063714177961797
0.002606411796236605
0.002606452251627671
0.002606492789251219
0.002606533415055802
0.002606574126563728
0.0026066149500058814
0.0026066558854800567
0.0026066968980842844
0.002606737968799969
0.0026067791027303486
0.002606820313488016
0.002606861622331652
0.002606903040215857
0.002606944535538362
0.002606986117857358
0.002607027822030684
0.002607069621178947
0.002607111501699778
0.002607153476639169
0.0026071955409666513
0.0026072376844113346
0.002607279906123913
0.0026073222112440882
0.0026073646035274893
0.0026074070874578894
0.0026074496638795156
0.002607492350097251
0.0026075351726755273
0.0026075780900692933
0.002607621081530498
0.0026076641602468835
0.0026077073349048785
0.0026077505985946515
0.0026077939547696264
0.002607837398194702
0.0026078809290673334
0.002607924555290211
0.0026079682550099815
0.002608012074372001
0.0026080560012492968
0.0026081000078313843
0.0026081441114164136
0.0026081883298057326
0.0026082326564157566
0.002608277070473624
0.0026083215712224515
0.0026083661543389075
0.002608410818508281
0.0026084555575188405
0.002608500440210849
0.0026085454132462084
0.00260859048919484
0.0026086356815973643
0.0026086809797367513
0.0026087263595928937
0.002608771809924078
0.0026088173262569093
0.0026088629648833685
0.0026089087679998274
0.0026089546944375688
0.0026090006984161337
0.002609046784266501
0.0026090929645440184
0.002609139241241319
0.002609185613965822
0.002609232063623704
0.0026092787113120323
0.0026093254426845644
0.002609372264846657
0.0026094191805211206
0.00260946618862513
0.0026095132861937587
0.0026095604632677756
0.0026096077333063665
0.0026096551378839263
0.0026097026609366255
0.0026097502882580104
0.0026097980374646668
0.0026098459052973292
0.0026098938627776356
0.002609941900805713
0.0026099900533751216
0.0026100383408977526
0.002610086731522844
0.0026101352367229333
0.002610183855670259
0.0026102325825493574
0.0026102813410305652
0.0026103302798404612
0.0026103793031787936
0.00261042843917036
0.0026104777022822874
0.002610527064442222
0.0026105764999948496
0.0026106260521474222
0.0026106757523661275
0.0026107255797150654
0.002610775510734139
0.002610825531923583
0.002610875622869835
0.002610925786832919
0.0026109760963442417
0.0026110266050013136
0.0026110772165887077
0.0026111279214572234
0.0026111787178771163
0.002611229592565623
0.002611280654605885
0.0026113318398574737
0.0026113831049565956
0.0026114344309097733
0.0026114858624997936
0.0026115373969834016
0.0026115891467173263
0.002611641037691124
0.002611693045059333
0.002611745153542784
0.0026117973328488434
0.002611849604331938
0.002611902008679033
0.0026119545414439002
0.0026120072092063675
0.0026120600050592944
0.0026121128845637744
0.0026121658916004407
0.002612219082334605
0.002612272369332718
0.0026123257295739477
0.002612379147901071
0.0026124327151123856
0.002612486551442975
0.0026125404917606353
0.002612594511076676
0.0026126486115046524
0.0026127027295188817
0.0026127570832941882
0.0026128115268269614
0.002612866081856315
0.0026129207663967914
0.0026129755240202925
0.0026130305032060104
0.0026130856108281396
0.002613140795409399
0.002613196048369416
0.002613251390720763
0.0026133069667661378
0.002613362746514367
0.0026134186362473397
0.0026134746030625432
0.002613530617853241
0.002613586756434935
0.002613643117402388
0.0026136996531803463
0.0026137562966045773
0.0026138130228326043
0.00261386986806965
0.002613926869279523
0.002613983932285127
0.0026140411242817113
0.002614098403684393
0.0026141559355888195
0.002614213616669553
0.0026142714175299005
0.002614329253072194
0.0026143871455647024
0.002614445371097037
0.002614503705462833
0.0026145621276966245
0.0026146205812347845
0.0026146791735318256
0.0026147379555625508
0.002614796955622329
0.002614856074958447
0.002614915260005384
0.0026149746292358934
0.0026150341285958853
0.0026150936810621426
0.00261515329051596
0.0026152131212953587
0.002615273192851549
0.0026153334020095624
0.0026153936803547744
0.002615454054154578
0.002615514635743204
0.0026155753935522283
0.002615636223998781
0.002615697129086205
0.0026157581931268658
0.002615819506700405
0.0026158809616884954
0.002615942493476909
0.0026160040837189024
0.0026160659178083635
0.002616127808227024
0.002616189833207187
0.0026162520002168317
0.002616314479754265
0.0026163770705011
0.0026164397361469562
0.0026165024117950158
0.0026165653564380483
0.002616628459129865
0.002616691719762688
0.0026167550461885115
0.002616818461757145
0.0026168821955613077
0.0026169460543900656
0.002617009942875996
0.002617073961079022
0.002617138154134999
0.0026172025659293584
0.002617267093992754
0.002617331745552812
0.0026173965894841535
0.0026174615276270334
0.0026175266101227273
0.0026175918887458146
0.0026176573877815996
0.0026177230207686144
0.002617788670433055
0.00261785444051775
0.002617920483833391
0.0026179867400577842
0.002618053058502977
0.0026181194538250313
0.0026181860546021177
0.002618252846771897
0.0026183196928886506
0.0026183866522232193
0.002618453899830184
0.0026185213481071403
0.0026185889215036644
0.0026186565638075775
0.0026187244595505194
0.0026187924460139593
0.002618860558676377
0.0026189288173572743
0.0026189973720444626
0.002619065985162663
0.0026191346320414213
0.002619203558362178
0.002619272767262405
0.002619342020674291
0.002619411267686454
0.0026194806496058925
0.0026195504174133964
0.0026196203439913988
0.002619690273289783
0.0026197604790791887
0.002619830954800275
0.002619901460853588
0.002619971991827059
0.0026200429093900393
0.0026201139797380163
0.0026201851527774215
0.002620256362350861
0.002620327786966621
0.00262039937363125
0.002620471148545477
0.0026205432255652947
0.0026206154775411062
0.0026206877212048524
0.002620760064257984
0.002620832748397205
0.002620905606587784
0.002620978503040666
0.0026210514993489204
0.0026211248194969445
0.002621198347356532
0.0026212718236493086
0.0026213455430970025
0.002621419513732858
0.002621493648189607
0.0026215679020121256
0.0026216424078518985
0.0026217171121503554
0.0026217918682152827
0.0026218667617817605
0.00262194189594095
0.002622017216523827
0.00262209263584854
0.002622168269709188
0.002622244111734623
0.0026223200680119615
0.0026223962438446592
0.0026224726593666813
0.0026225491405523667
0.0026226256174443924
0.002622702388530591
0.0026227795348970303
0.002622856751091479
0.0026229340374556245
0.002623011588237399
0.002623089405114079
0.00262316724565153
0.002623245222601324
0.0026233235634096725
0.002623402110237997
0.002623480779851781
0.0026235596133474233
0.0026236386249016952
0.0026237177596448373
0.002623797076097063
0.00262387668614827
0.0026239563369086258
0.0026240360459462344
0.002624116085466692
0.002624196364939657
0.0026242768787250645
0.0026243575287767996
0.002624438334461162
0.0026245191571238357
0.0026246002637603733
0.002624681741838989
0.0026247632370509713
0.002624844777995755
0.002624926725757864
0.0026250089717638355
0.0026250911871211866
0.002625173374296027
0.0026252560704458972
0.0026253389295356135
0.002625421787174765
0.0026255050686625632
0.002625588532831176
0.002625672061006589
0.0026257556612757486
0.0026258396440180316
0.002625923827021781
0.0026260081002398143
0.0026260926869261687
0.0026261773582353957
0.0026262621067113467
0.0026263473640720726
0.002626432741012391
0.0026265181871663727
0.002626603786140729
0.0026266895989843692
0.002626775575081298
0.0026268617540173736
0.0026269482933677776
0.002627034862377133
0.002627121561809848
0.00262720892376441
0.002627296278551736
0.0026273835295299156
0.002627471132833965
0.0026275590857579197
0.0026276469821537377
0.0026277349680285957
0.0026278235929063903
0.002627912319936272
0.0026280009584727887
0.0026280899481517157
0.0026281791382516528
0.0026282683184966783
0.002628358025348879
0.0026284479306529717
0.0026285378607239975
0.002628628047084897
0.0026287183756082528
0.002628809063753809
0.002628899900745609
0.0026289911130614975
0.002629082274229668
0.0026291734995642292
0.002629265257593748
0.0026293571581355174
0.0026294491395816
0.002629541440639174
0.002629633853830225
0.002629726332441814
0.0026298194851477937
0.002629912571724563
0.0026300055127410453
0.0026300992242395756
0.002630193124578781
0.0026302868538595568
0.0026303807725144295
0.002630475341574205
0.0026305698986039345
0.0026306642578899785
0.002630759473541643
0.002630854807463382
0.002630950035903401
0.0026310456168713633
0.0026311415630421897
0.0026312373773076966
0.002631333590800831
0.0026314301270873386
0.002631526738252082
0.002631623821445683
0.0026317210309166777
0.0026318181384757315
0.002631915618623429
0.002632013296366458
0.002632111275996406
0.0026322095396316895
0.0026323078692014356
0.0026324064867865524
0.0026325052830179028
0.0026326045549894084
0.0026327037982450652
0.002632803153440896
0.0026329028639319467
0.002633002716834912
0.0026331029036426173
0.002633203399557359
0.0026333038762603803
0.002633404655670506
0.0026335059671785117
0.0026336070933204135
0.0026337082678054447
0.002633810221262075
0.0026339121595994933
0.0026340139023432116
0.0026341165254920315
0.0026342192845972222
0.002634321859104694
0.0026344250382916664
0.002634528450877367
0.0026346317671962715
0.0026347355301013157
0.002634839513975897
0.002634943480412533
0.00263504791343031
0.0026351526374415136
0.002635257413704976
0.002635362541325605
0.0026354679629865
0.0026355735072387493
0.002635679320906009
0.0026357853073940224
0.0026358914728258583
0.002635997960868219
0.002636104655394525
0.002636211518649292
0.0026363186141116503
0.002636425957921345
0.0026365336582826215
0.002636641688902593
0.002636749880454029
0.0026368580085024823
0.0026369664099325303
0.0026370752840956485
0.0026371843560148876
0.002637293636175342
0.002637403068770043
0.0026375126651087067
0.0026376227543640487
0.0026377329762725834
0.0026378432206968696
0.0026379540767489606
0.0026380651658829152
0.002638176087740363
0.002638287374788927
0.002638399167317041
0.002638510940976977
0.0026386229920412918
0.0026387355198142113
0.0026388480330031897
0.0026389607307898016
0.0026390738747216476
0.0026391871179438694
0.0026393006086796057
0.0026394145254997688
0.00263952852716341
0.0026396427647484033
0.0026397573345451966
0.0026398720435135215
0.0026399870452476575
0.0026401023044619683
0.00264021774642259
0.0026403334890240226
0.0026404494441297447
0.002640565611037783
0.0026406820854913016
0.0026407988008628146
0.0026409157676793205
0.0026410329915536592
0.0026411503757396947
0.002641267993891314
0.002641385893226137
0.0026415040262666124
0.0026416225370463633
0.0026417413049408733
0.0026418601174917856
0.0026419793163056805
0.0026420987977351243
0.00264221819955285
0.002642338135345513
0.0026424584259201575
0.0026425787403586594
0.0026426996097981513
0.0026428205518134115
0.0026429413059562952
0.002643062969480732
0.002643184860771954
0.002643306288405269
0.002643428611578574
0.0026435513345345403
0.002643673573354358
0.0026437966218437687
0.002643920009498273
0.002644043056824844
0.0026441669238880805
0.002644291144934111
0.002644414978402703
0.002644539405702235
0.002644664203355263
0.0026447889776211953
0.002644914293698982
0.0026450399061043214
0.002645165411756403
0.0026452914142499756
0.0026454176636038196
0.002645544052529141
0.0026456708519559296
0.0026457977220796444
0.002645924922074351
0.0026460524943254927
0.002646180164958833
0.0026463082485049757
0.0026464364586156427
0.002646564843653214
0.0026466938038013092
0.0026468228626397323
0.002646951959880754
0.0026470816963765896
0.0026472113872483727
0.0026473413178534537
0.0026474718495426864
0.002647602358409744
0.0026477331000193875
0.0026478643379176455
0.002647995639419468
0.0026481272896493333
0.002648259313665727
0.002648391312974219
0.0026485237095947617
0.0026486564353221803
0.0026487892285741335
0.0026489225394135895
0.0026490559832809224
0.002649189510326834
0.002649323653908635
0.0026494577616311575
0.002649592154749163
0.002649727230144663
0.002649861880383749
0.002649997020427335
0.0026501331591194614
0.002650268759778189
0.002650404546884099
0.0026505412588319235
0.0026506777401849456
0.002650814348639605
0.002650951762840062
0.0026510891451863887
0.0026512266439079847
0.0026513646287533352
0.002651502760178787
0.002651641255533832
0.00265178006267073
0.0026519188195597114
0.0026520579903325458
0.002652197636226064
0.0026523373977947245
0.002652477434205493
0.0026526176197549183
0.002652758229959745
0.0026528991825484974
0.002653040060620128
0.0026531815383896594
0.0026533232692113468
0.0026534649080056094
0.0026536071785560784
0.0026537497194024555
0.0026538922777204817
0.0026540354322206225
0.0026541785625520562
0.002654321810057733
0.002654465797659754
0.00265460979122087
0.0026547539877530752
0.002654898626237483
0.0026550432398017333
0.0026551885096441816
0.0026553339826015164
0.0026554792407658054
0.002655625365578667
0.002655771542431485
0.0026559177923867073
0.002656064716282531
0.002656211604770034
0.0026563586917980626
0.0026565063576087376
0.002656654006150634
0.002656801986584072
0.0026569504120348593
0.0026570988965119407
0.0026572477718156797
0.00265739681520096
0.002657546000018921
0.0026576957531112134
0.0026578454048185414
0.0026579954076021233
0.002658146064815812
0.0026582964810109434
0.0026584473898982283
0.002658598725514419
0.0026587499099196875
0.0026589017960955016
0.0026590539543469905
0.0026592059235064276
0.002659358560500322
0.002659511366219385
0.002659664218592897
0.002659817760844198
0.0026599711171161515
0.0026601248130558477
0.002660279277458026
0.0026604334785047287
0.002660588012208926
0.002660743155931872
0.002660898230059808
0.002661053756601045
0.0026612095816625717
0.0026613653589785445
0.002661521704070786
0.002661678214721695
0.0026618348783056744
0.002661992108915975
0.0026621491748467343
0.002662306854905032
0.0026624648344459683
0.002662622672534328
0.0026627811050455676
0.002662939835313782
0.0026630986169806133
0.00266325795105065
0.002663417429525581
0.002663577044440416
0.0026637371068340653
0.0026638972437472703
0.0026640577516590753
0.0026642185382641974
0.0026643793196753926
0.0026645408187722145
0.0026647022778627976
0.002664863965264395
0.002665026258940677
0.0026651886430921327
0.00266535110784836
0.002665514013497998
0.0026656772918467325
0.002665840647304814
0.002666004252588485
0.0026661682423135716
0.0026663325166527687
0.0026664968171857804
0.0026666615413717815
0.002666826676738366
0.0026669917844955038
0.0026671573635101515
0.002667323202893799
0.0026674890884102113
0.0026676554515526127
0.0026678219809990744
0.002667988757074991
0.002668155941827612
0.0026683229369970055
0.0026684905968101546
0.002668658693900583
0.0026688265661745352
0.0026689950995699187
0.002669163839117039
0.002669332556577364
0.0026695018408605066
0.002669671132663486
0.002669840802981123
0.0026700108589980905
0.0026701805655421477
0.002670351309166259
0.0026705221179886478
0.0026706924950791913
0.002670864272249335
0.0026710357534693936
0.002671207007696801
0.0026713795856534296
0.00267155157090088
0.0026717237303726803
0.002671897020611629
0.0026720695078602695
0.002672242734121949
0.002672416692604736
0.0026725898657408947
0.0026727641821133554
0.0026729387109400015
0.0026731127831590095
0.0026732877405874623
0.0026734628200454475
0.0026736378633634545
0.002673813538788726
0.0026739892102306513
0.002674165207950535
0.0026743414487008415
0.002674517675819931
0.0026746946565581456
0.0026748715943704315
0.002675048728010139
0.0026752264912674305
0.002675404142528769
0.002675582077130307
0.0026757604668722593
0.0026759388294637252
0.0026761175495584304
0.002676296423150837
0.002676475637224146
0.0026766552221716075
0.00267683473811519
0.002677014741160935
0.0026771950023609923
0.002677375230906719
0.002677556067286592
0.0026777370084697023
0.002677917953579149
0.0026780995795945748
0.002678280947699687
0.002678462822392074
0.002678645188481245
0.0026788272367003754
0.002679009826321499
0.0026791928718308934
0.0026793758442279127
0.0026795591770253572
0.002679742624856269
0.0026799264438636668
0.002680110421160472
0.0026802941361999833
0.0026804790514116427
0.0026806638109652106
0.002680848465244807
0.002681033860583806
0.0026812192614693114
0.002681404690625341
0.0026815905078324265
0.00268177660614961
0.0026819628850801133
0.002682149257661306
0.0026823358778276275
0.0026825230991280014
0.002682710191803268
0.0026828975155928432
0.0026830853477817908
0.0026832731774300077
0.002683461290538296
0.0026836496217854705
0.0026838381025019492
0.002684026997805489
0.0026842158307394345
0.0026844050201607944
0.002684594623734427
0.002684784137485444
0.002684973974723775
0.0026851640073181793
0.002685354323744779
0.002685544961355841
0.002685735478689375
0.002685926573766465
0.002686117814065701
0.002686308796621411
0.0026865005820226194
0.0026866923741990538
0.0026868841671170646
0.0026870766380296795
0.0026872689467862887
0.0026874616182447604
0.0026876546019318206
0.002687847010447437
0.002688040813324663
0.002688234145625718
0.002688427272490717
0.0026886218292058485
0.0026888156204860677
0.0026890097054951567
0.002689204722518157
0.002689398870421371
0.002689593846386723
0.0026897891785597683
0.002689983669200249
0.002690179710806613
0.002690375523940132
0.0026905708425566453
0.0026907673403875707
0.002690963532195699
0.002691159711082627
0.0026913565284859037
0.0026915530479116622
0.002691750271278004
0.002691947423336006
0.0026921444997510466
0.0026923425229072964
0.002692540188035117
0.002692738018449098
0.00269293646558299
0.0026931346325693474
0.00269333322348164
0.0026935318460490345
0.0026937305975640526
0.0026939299979373064
0.00269412897717819
0.0026943283430031074
0.0026945282790284035
0.002694727623317211
0.002694927713091131
0.002695128005278826
0.0026953279738895957
0.00269552866186485
0.0026957290925869446
0.0026959299626498597
0.0026961312108950207
0.002696332094373717
0.0026965335675404644
0.0026967351654046995
0.0026969366179265385
0.002697138734098252
0.0026973403733624793
0.0026975425440617924
0.002697745221998116
0.00269794707703508
0.0026981498607543198
0.0026983529957780943
0.0026985555763399506
0.002698758819909558
0.0026989622150918567
0.0026991655532298546
0.0026993690195455237
0.0026995724867299614
0.002699776753275916
0.0026999806770727527
0.002700184675818134
0.0027003892547753632
0.002700593542055708
0.00270079796391978
0.0027010028373279883
0.002701207625012197
0.002701412737818345
0.0027016179123380587
0.002701823179894625
0.0027020288730653735
0.0027022343728529815
0.0027024400380091557
0.0027026459585660924
0.002702851848355459
0.0027030580286998103
0.0027032640749749246
0.0027034705091867127
0.0027036772679777184
0.002703883725315595
0.0027040904635055665
0.0027042974772185356
0.002704504356854249
0.002704711532226438
0.002704918702714767
0.0027051260242312134
0.0027053336486236048
0.0027055408878657425
0.002705748794515119
0.0027059568764731755
0.0027061645482673747
0.00270637263622932
0.002706580953577033
0.002706789061880356
0.00270699715237502
0.0027072055746984493
0.002707414542647769
0.002707623010721944
0.0027078318213758727
0.002708040846357753
0.0027082495752112357
0.0027084586479214877
0.002708667720186899
0.0027088766954230055
0.002709086122418527
0.002709295340068628
0.0027095046717726945
0.0027097144223780525
0.0027099238022082165
0.0027101337151468788
0.0027103435110823154
0.0027105531980555803
0.002710763327819228
0.002710972994753468
0.0027111830007749155
0.0027113935370458335
0.00271160348048818
0.002711813944224084
0.002712024436034686
0.0027122346328975313
0.002712445298009129
0.002712655626195094
0.002712866302164115
0.0027130772696728257
0.0027132874550642636
0.002713498618711177
0.002713709716584789
0.002713920155048468
0.002714131582396415
0.002714342569670106
0.0027145533251321523
0.0027147648572680705
0.002714975476680624
0.0027151868724882215
0.0027153984217073083
0.0027156090381105988
0.0027158208032402667
0.0027160321764463638
0.0027162430972828477
0.002716455044253242
0.0027166661549532225
0.0027168775289498045
0.002717089364926437
0.0027173002716444515
0.002717512320045235
0.002717724062930468
0.002717935283093856
0.002718147275512543
0.002718358756469958
0.0027185702821017595
0.0027187820027791535
0.00271899319989726
0.002719205335284036
0.0027194170674582642
0.002719628456413243
0.002719840622245585
0.0027200522188505216
0.0027202637508429227
0.0027204756698345598
0.002720687142256242
0.0027208988752457576
0.002721110406352263
0.0027213218337755777
0.002721533868301857
0.002721745265826464
0.0027219568404180617
0.00272216877502128
0.0027223800865012844
0.0027225916624985884
0.0027228031956170384
0.0027230146824480396
0.0027232263854201884
0.0027234378046512614
0.0027236496013823223
0.0027238613456547905
0.0027240725851566967
0.0027242843542242576
0.0027244957286010787
0.0027247068629409473
0.0027249187746744637
0.002725129574307584
0.002725341031495684
0.0027255526803896617
0.002725763373276124
0.0027259747555692946
0.002726186064735782
0.0027263969609067
0.00272660828071561
0.002726819111068637
0.0027270301551959525
0.0027272410813249516
0.0027274513610654094
0.0027276623310296864
0.0027278729482084806
0.002728083341108928
0.002728294136765812
0.002728504522566978
0.002728714871963457
0.0027289251645750755
0.0027291350602356036
0.0027293454401430112
0.002729555389475228
0.002729765145247384
0.0027299751860275167
0.0027301847305298142
0.002730394219317632
0.002730603844928447
0.0027308131379215565
0.002731022556467662
0.0027312317112902244
0.002731440756909322
0.0027316498467151585
0.002731858509785133
0.0027320671984227816
0.0027322757427038474
0.0027324840941194578
0.002732692536037561
0.0027329001679626814
0.002733108311254999
0.0027333165317331835
0.002733523763041333
0.002733731456483511
0.002733939237164691
0.0027341461356057872
0.0027343535639944307
0.0027345606769006965
0.0027347671814915596
0.0027349741729567607
0.0027351803664903127
0.0027353868037814713
0.0027355933793653613
0.002735799062192634
0.0027360049216366314
0.002736210917265206
0.002736416104341339
0.002736621224713657
0.0027368260874102565
0.0027370305443991712
0.0027372348306360845
0.0027374389360363964
0.002737643080629326
0.002737846949577184
0.0027380504063866462
0.00273825376226193
0.002738456950650851
0.0027386597612904266
0.0027388623716393433
0.0027390648788931976
0.0027392672078976246
0.0027394692679121547
0.002739671317521072
0.002739872977918039
0.0027400744745220626
0.0027402758154419092
0.002740476670014017
0.002740677518757874
0.00274087813541071
0.0027410780731957044
0.0027412782818325683
0.0027414781835037624
0.002741677513111916
0.0027418769215009704
0.0027420758964886395
0.00274227465039183
0.0027424731595598784
0.0027426711059841337
0.0027428693414267356
0.002743067041162458
0.0027432641049493192
0.0027434616702894446
0.002743658294428769
0.0027438546609092336
0.0027440512302634953
0.0027442467963905938
0.0027444425724067263
0.0027446381148773062
0.0027448324129424853
0.002745027839470834
0.0027452220259016656
0.00274541583006869
0.002745610232476631
0.0027458034307666153
0.00274599652957393
0.0027461897811244234
0.002746381991677836
0.0027465743215446467
0.002746766276425292
0.0027469573731144477
0.00274714896213912
0.0027473397053257675
0.0027475300101011974
0.0027477203612646752
0.0027479100326117008
0.0027480996439657626
0.002748288677968364
0.0027484772682322073
0.002748665998399655
0.0027488536683443207
0.0027490412550414674
0.002749229001116486
0.0027494155157392376
0.0027496020957310545
0.0027497884730730876
0.0027499739202827486
0.002750159488990626
0.002750344353164566
0.0027505285431296553
0.002750712745633881
0.0027508958892367144
0.002751079179156393
0.002751262212094793
0.002751444161132076
0.0027516262932402225
0.0027518079090781584
0.002751988696002305
0.0027521695642776303
0.002752349578183456
0.0027525292790602047
0.0027527088449672047
0.00275288728000423
0.00275306594692502
0.00275324395046436
0.002753421045821992
0.002753598346625714
0.0027537747259733904
0.002753950728478287
0.002754126661108409
0.002754301457965127
0.0027544761814005765
0.0027546504619596055
0.002754823703261641
0.0027549971755249274
0.002755169825255066
0.0027553417310017606
0.0027555136839854757
0.0027556848841025073
0.0027558556025150407
0.0027560260243253178
0.0027561956233311735
0.0027563649772561916
0.002756533520869031
0.0027567014980863403
0.002756869809268772
0.0027570370707504887
0.0027572038977631834
0.0027573704323657286
0.002757536006849168
0.0027577015165319825
0.0027578664536584236
0.0027580307735598293
0.002758194757309882
0.0027583577393293472
0.0027585203300547374
0.002758682631932704
0.0027588437307616708
0.0027590045842835116
0.0027591649572461523
0.00275932412176262
0.0027594832952427396
0.002759641646651765
0.002759799063403094
0.0027599563922955043
0.002760112623563433
0.0027602684936386835
0.002760423953437959
0.0027605782728690647
0.0027607321872570693
0.0027608855442132906
0.002761037930125888
0.0027611899082028535
0.002761341139440044
0.002761491610555918
0.002761641481232398
0.002761790324584367
0.0027619389531988955
0.002762086050140332
0.0027622321649574677
0.0027623779872162245
0.002762522913008816
0.0027626669163780464
0.002762810450820755
0.0027629531220988543
0.0027630950321589458
0.002763236218136481
0.002763376569593685
0.0027635163836943707
0.0027636552175730605
0.0027637932948668033
0.002763930849136195
0.0027640672805749307
0.0027642030263580653
0.0027643381334385587
0.0027644720970403727
0.002764605390855007
0.002764737885398525
0.002764869314162032
0.00276500021375235
0.0027651299736290965
0.0027652589510565127
0.0027653873738474246
0.002765514491558991
0.002765640981442075
0.002765766786359869
0.002765891262029662
0.00276601524651426
0.0027661382996851205
0.002766260052672404
0.002766381369239697
0.002766501488974755
0.0027666205981516905
0.002766739258127836
0.0027668563426261183
0.002766972354432251
0.0027670879660641186
0.0027672019675018963
0.0027673150941991053
0.0027674277348922983
0.0027675388615151226
0.002767649084909999
0.002767758532319182
0.0027678666694998452
0.002767973838588207
0.0027680800305742922
0.00276818532257184
0.0027682894491983935
0.002768392491541492
0.0027684945335294583
0.0027685954536317585
0.002768695283086448
0.0027687942175240866
0.0027688920784781075
0.002768988815500507
0.0027690844567198817
0.002769178953340488
0.002769272283841982
0.0027693644546794476
0.0027694555424356932
0.0027695454617788673
0.0027696345410229556
0.0027697226467451987
0.0027698096071747257
0.002769896016020668
0.0027699808708240865
0.0027700643894727323
0.002770146715789499
0.0027702277951744884
0.0027703075336712023
0.0027703861140225762
0.002770463378200389
0.0027705391759287497
0.002770613938451961
0.002770687308304078
0.0027707591894518308
0.002770829972395395
0.0027708993047766885
0.0027709671595583948
0.002771033818879983
0.002771099016525581
0.002771162759324363
0.0027712251131015967
0.0027712858484926434
0.0027713442589036657
0.002771401084182388
0.002771456437803502
0.0027715104958130326
0.0027715628158260165
0.0027716137534394714
0.002771663248074428
0.0027717109303076167
0.0027717573025308547
0.0027718020854998445
0.002771845068502742
0.0027718866252270744
0.0027719263324859685
0.0027719642950395315
0.002772000767256633
0.002772035488979342
0.0027720684815491993
0.0027720998957025535
0.0027721294978699206
0.0027721573785813858
0.002772183584779149
0.002772207941684447
0.002772230408527962
0.002772250814116909
0.0027722693633423245
0.0027722861063866726
0.002772300985436783
0.0027723139863923513
0.002772325116793198
0.0027723343221371217
0.002772341608751206
0.0027723469549769575
0.002772350326893949
0.00277235172551926
0.0027723512050943123
0.0027723488843905057
0.002772344515566392
0.0027723380824637507
0.002772329588363692
0.0027723189528829286
0.002772306213373339
0.002772291356285898
0.0027722741662894387
0.002772254799910315
0.00277223329460294
0.0027722107219704606
0.0027721863031742963
0.0027721592890663995
0.0027721299399109402
0.002772098435407058
0.00277206445144896
0.00277202813319328
0.002771989572904294
0.002771948378765046
0.0027719048339621384
0.0027718589423739366
0.00277181034235855
0.002771759360903079
0.002771705902498347
0.002771649694977536
0.002771591059246983
0.0027715297293475004
0.002771464460559271
0.0027713964170983135
0.00277132554625292
0.0027712519109882056
0.0027711756569685536
0.002771096389493552
0.002771014447041251
0.0027709297238019404
0.0027708417371031108
0.002770750916613077
0.002770657162974185
0.0027705601447137167
0.0027704604236821933
0.0027703575135416525
0.002770251332450741
0.0027701420327168615
0.00277002919720385
0.0027699130948762893
0.002769794160802106
0.002769671660742905
0.002769545892771063
0.0027694170890533148
0.002769284563968933
0.0027691488145211813
0.0027690101377530344
0.002768867695881489
0.002768722196153519
0.002768572988240946
0.002768419942511016
0.0027682637443636783
0.002768103356103928
0.0027679391713198364
0.002767771853878572
0.002767600436243838
0.002767425915748682
0.0027672487868920116
0.0027670673304381224
0.002766882093272526
0.0027666932115960217
0.002766499898794912
0.0027663027671244026
0.002766101711698774
0.0027658960866378413
0.002765686521493232
0.002765472765804027
0.0027652544976809273
0.0027650321607106338
0.002764805190495428
0.002764573824758815
0.0027643369941278955
0.002764094684382672
0.002763848222449347
0.002763597235603557
0.002763340844534095
0.002763080367828678
0.0027628148764296113
0.002762543764696845
0.0027622685286553777
0.0027619879712329465
0.0027617017419783677
0.0027614110393579163
0.002761114513249602
0.0027608127575028413
0.0027605064753329213
0.0027601938223898764
0.0027598762606518197
0.002759554704003759
0.002759226170291969
0.002758892989091186
0.0027585547986814546
0.0027582089811455882
0.00275785882898706
0.002757503377038877
0.002757139977019784
0.0027567723553176687
0.002756400082528151
0.0027560197872643446
0.0027556352497933325
0.0027552456083281495
0.002754847743788364
0.002754446471418765
0.0027540375447695623
0.0027536204006845667
0.0027531994720334787
0.0027527705162042736
0.002752333806578241
0.002751892997375994
0.0027514438810086876
0.002750986836760108
0.0027505249611639846
0.0027500528788462664
0.002749572642417222
0.002749087528433247
0.002748593529245265
0.002748091371370253
0.0027475834703920734
0.0027470661151163403
0.002746540637166506
0.0027460088817988235
0.002745468073148567
0.002744919326586174
0.0027443636518785595
0.002743799197225276
0.0027432269874121526
0.0027426468919859105
0.0027420577317940806
0.0027414603188830066
0.002740854360465545
0.0027402394680473125
0.0027396163899303483
0.0027389849988077347
0.0027383447485413697
0.0027376953574300366
0.002737037510766947
0.002736371163976702
0.0027356956931260485
0.0027350103576709132
0.0027343156397213624
0.0027336116549970765
0.0027328973176896955
0.0027321731125054664
0.002731439404000868
0.0027306953707952704
0.002729941207539265
0.0027291750053997023
0.0027283974597419906
0.002727609231890338
0.0027268095216443715
0.002725999077043001
0.0027251769808828473
0.0027243424763963016
0.0027234986084824562
0.0027226438816380697
0.0027217756700552345
0.0027208978700198603
0.0027200083110847516
0.002719104681058497
0.002718191393994429
0.0027172657262805114
0.0027163255229010284
0.002715375722385056
0.0027144135081126064
0.0027134367093514817
0.002712448761102904
0.002711447932230143
0.0027104345045576303
0.0027094092358388804
0.00270836917347191
0.0027073149640579218
0.0027062487060314448
0.0027051677811149276
0.0027040718747769997
0.0027029632683104573
0.0027018395325674356
0.0027006984403715093
0.0026995430886314026
0.0026983710422334504
0.0026971828852287863
0.002695981025991675
0.002694762758193942
0.0026935284604245897
0.002692280540402185
0.0026910145250303775
0.0026897322660476225
0.0026884353782197098
0.0026871192143775855
0.0026857871541562345
0.0026844404907480314
0.0026830748356741784
0.002681693032313618
0.002680294560607769
0.002678875260675027
0.002677440924833649
0.002675991657027456
0.0026745193717271254
0.002673031239969327
0.0026715268826193483
0.0026699961807930177
0.002668450179254853
0.0026668886684317354
0.002665299509650975
0.002663691102884937
0.002662063893513176
0.002660409931471054
0.0026587410315943413
0.0026570503489759226
0.0026553349571731095
0.0026536016078015233
0.0026518466793655714
0.002650064582086418
0.0026482648966490436
0.0026464452043485093
0.002644596994920722
0.0026427314076307995
0.002640844109586378
0.002638924559822439
0.0026369872555841753
0.002635030038906738
0.0026330395823756865
0.0026310305071222955
0.002628999184462018
0.00262693625392368
0.0026248515408259076
0.0026227424049763935
0.002620600211470234
0.00261843238513199
0.0026162396000091095
0.002614014012515228
0.0026117634008985717
0.002609485837896426
0.0026071760056266212
0.0026048400061241413
0.002602477264791633
0.002600081616637355
0.002597659482967471
0.00259521013316056
0.0025927243377988304
0.002590209554767471
0.002587668957986427
0.00258509277291696
0.0025824861960655945
0.002579851540834808
0.002577176665334536
0.0025744712433601368
0.0025717382945165076
0.0025689620224169127
0.002566152312301313
0.00256331135842977
0.002560428267681627
0.002557508665835499
0.00255456067841519
0.00255157281302752
0.0025485404134118483
0.0025454789754810127
0.0025423771733507697
0.0025392362264241254
0.0025360618338692766
0.0025328400013801032
0.002529584001418643
0.002526291054067931
0.0025229484142507263
0.0025195727787996657
0.0025161551995068632
0.0025126844334916964
0.0025091797002497326
0.002505630018642118
0.0025020269676933175
0.0024983832097583304
0.0024946971298529077
0.0024909565274037595
0.0024871710526001567
0.002483346205226051
0.0024794655085322265
0.002475535484597169
0.0024715675009067445
0.002467539036335357
0.002463455483258592
0.002459336511854341
0.0024551592716431955
0.0024509200035216084
0.0024466430442837916
0.002442305653827921
0.002437904629879552
0.0024334632364472406
0.002428959193229533
0.0024243819305262452
0.0024197618361015867
0.0024150808356969027
0.0024103269896438794
0.002405526531165504
0.0024006711593337476
0.0023957349962813144
0.0023907421747989903
0.0023856963137480576
0.002380569479419515
0.002375376941071297
0.002370136444137196
0.0023648163310695824
0.0023594204567896704
0.0023539725776863052
0.0023484423354851224
0.002342833156354374
0.002337166902505874
0.0023314111623199117
0.002325572118534714
0.0023196798149818427
0.0023136948160677765
0.0023076256047631304
0.0023014926962791225
0.0022952689553111384
0.002288957462550724
0.002282573491194981
0.0022761105210205097
0.002269541062887695
0.0022628914957032583
0.0022561687376661133
0.002249330724683359
0.002242406086265803
0.002235403311422628
0.00222828263185705
0.002221066140585673
0.002213771178242395
0.0022063574192910194
0.0021988358452688954
0.0021912317691808055
0.0021835185066290995
0.0021756786242922758
0.0021677426582179782
0.0021597082745244776
0.00215153864671664
0.0021432557007760597
0.0021348687156817286
0.0021263593381520493
0.002117716081990379
0.0021089589568755525
0.0021000720129912523
0.002091052774845714
0.0020819124778837348
0.002072624092965311
0.002063206461808886
0.0020536457757537718
0.0020439442145149624
0.002034099051894489
0.0020241078365594617
0.0020139834262172165
0.0020037287049477527
0.001993352123732129
0.0019828481824692005
0.0019722025252760884
0.001961429929820028
0.001950514653436295
0.0019394611457664293
0.0019282688854536266
0.0019169129070552595
0.0019054121903848901
0.0018937542461323713
0.0018819364354951838
0.0018699633040821784
0.0018578033744016667
0.0018454647488459104
0.001832947124316182
0.0018202561387314251
0.0018073733049406911
0.0017942734920775698
0.0017809891580898218
0.0017674956995962375
0.0017537519042772
0.0017398112779144481
0.0017256523273699563
0.0017112309889915644
0.0016965675713596106
0.0016816631464848175
0.0016664837206823847
0.0016510165154692057
0.001635276656179824
0.0016192496770442283
0.0016028932222153353
0.0015862395559781476
0.0015692637885722663
0.001551912856829215
0.0015342228076639071
0.0015161535266436789
0.001497691687922586
0.0014788332572378475
0.0014595464910685644
0.0014397917325780748
0.001419572718192006
0.001398890895717063
0.001377656689306724
0.0013558658495468059
0.0013335479406861967
0.0013105844275793912
0.0012869346620524918
0.0012626319611176275
0.0012376200963445055
0.0012117889384928627
0.001185134791869859
0.0011576029185698007
0.0011290191199284994
0.0010993847591210348
0.001068682172879057
0.0010366360653595978
0.0010031568062601878
0.00096823222592574
0.0009315980036848432
0.0008928994827805302
0.0008520700263343374
0.0008087052648162028
0.0007622044885783754
0.0007120493914953343
0.0006576548683909658
0.0005973812501433603
0.000529328214946083
0.00045033290531933714
0.0003526991531553838
0.0002117171560131901
0.0
0.0
0.0
0.0
0.0
0.0
0.0
0.0
0.0
0.0
0.0
0.0
0.0
0.0
0.0
0.0
0.0
0.0
0.0
0.0
0.0
0.0
0.0
0.0
0.0
0.0
0.0
0.0
0.0
0.0
0.0
0.0
0.0
0.0
0.0
0.0
0.0
0.0
0.0
0.0
0.0
0.0
0.0
0.0
0.0
0.0
0.0
0.0
0.0
0.0
0.0
0.0
0.0
0.0
0.0
0.0
0.0
0.0
0.0
0.0
0.0
0.0
0.0
0.0
0.0
0.0
0.0
0.0
0.0
0.0
0.0
0.0
0.0
0.0
0.0
0.0
0.0
0.0
0.0
0.0
0.0
0.0
0.0
0.0
0.0
0.0
0.0
0.0
0.0
0.0
0.0
0.0
0.0
0.0
0.0
0.0
0.0
0.0
0.0
0.0
0.0
0.0
0.0
0.0
0.0
0.0
0.0
0.0
0.0
0.0
0.0
0.0
0.0
0.0
0.0
0.0
0.0
0.0
0.0
0.0
0.0
0.0
0.0
0.0
0.0
0.0
0.0
0.0
0.0
0.0
0.0
0.0
0.0
0.0
0.0
0.0
0.0
0.0
0.0
0.0
0.0
0.0
0.0
0.0
0.0
0.0
0.0
0.0
0.0
0.0
0.0
0.0
0.0
0.0
0.0
0.0
0.0
0.0
0.0
0.0
0.0
0.0
0.0
0.0
0.0
0.0
0.0
0.0
0.0
0.0
0.0
0.0
0.0
0.0
0.0
0.0
0.0
0.0
0.0
0.0
0.0
0.0
0.0
0.0
0.0
0.0
0.0
0.0
0.0
0.0
0.0
0.0
0.0
0.0
0.0
0.0
0.0
0.0
0.0
0.0
0.0
0.0
0.0
0.0
0.0
0.0
0.0
0.0
0.0
0.0
0.0
0.0
0.0
0.0
0.0
0.0
0.0
0.0
0.0
0.0
0.0
0.0
0.0
0.0
0.0
0.0
0.0
0.0
0.0
0.0
0.0
0.0
0.0
0.0
0.0
0.0
0.0
0.0
0.0
0.0
0.0
0.0
0.0
0.0
0.0
0.0
0.0
0.0
0.0
0.0
0.0
0.0
0.0
0.0
0.0
0.0
0.0
0.0
0.0
0.0
0.0
0.0
0.0
0.0
0.0
0.0
0.0
0.0
0.0
0.0
0.0
0.0
0.0
0.0
0.0
0.0
0.0
0.0
0.0
0.0
0.0
0.0
0.0
0.0
0.0
0.0
0.0
0.0
0.0
0.0
0.0
0.0
0.0
0.0
0.0
0.0
0.0
0.0
0.0
0.0
0.0
0.0
0.0
0.0
0.0
0.0
0.0
0.0
0.0
0.0
0.0
0.0
0.0
0.0
0.0
0.0
0.0
0.0
0.0
0.0
0.0
0.0
0.0
0.0
0.0
0.0
0.0
0.0
0.0
0.0
0.0
0.0
0.0
0.0
0.0
0.0
0.0
0.0
0.0
0.0
0.0
0.0
0.0
0.0
0.0
0.0
0.0
0.0
0.0
0.0
0.0
0.0
0.0
0.0
0.0
0.0
0.0
0.0
0.0
0.0
0.0
0.0
0.0
0.0
0.0
0.0
0.0
0.0
0.0
0.0
0.0
0.0
0.0
0.0
0.0
0.0
0.0
0.0
0.0
0.0
0.0
0.0
0.0
0.0
0.0
0.0
0.0
0.0
0.0
0.0
0.0
0.0
0.0
0.0
0.0
0.0
0.0
0.0
0.0
0.0
0.0
0.0
0.0
0.0
0.0
0.0
0.0
0.0
0.0
0.0
0.0
0.0
0.0
0.0
0.0
0.0
0.0
0.0
0.0
0.0
0.0
0.0
0.0
0.0
0.0
0.0
0.0
0.0
0.0
0.0
0.0
0.0
0.0
0.0
0.0
0.0
0.0
0.0
0.0
0.0
0.0
0.0
0.0
0.0
0.0
0.0
0.0
0.0
0.0
0.0
0.0
0.0
0.0
0.0
0.0
0.0
0.0
0.0
0.0
0.0
0.0
0.0
0.0
0.0
0.0
0.0
0.0
0.0
0.0
0.0
0.0
0.0
0.0
0.0
0.0
0.0
0.0
0.0
0.0
0.0
0.0
0.0
0.0
0.0
0.0
0.0
0.0
0.0
0.0
0.0
0.0
0.0
0.0
0.0
0.0
0.0
0.0
0.0
0.0
0.0
0.0
0.0
0.0
0.0
0.0
0.0
0.0
0.0
0.0
0.0
0.0
0.0
0.0
0.0
0.0
0.0
0.0
0.0
0.0
0.0
0.0
0.0
0.0
0.0
0.0
0.0
0.0
0.0
0.0
0.0
0.0
0.0
0.0
0.0
0.0
0.0
0.0
0.0
0.0
0.0
0.0
0.0
0.0
0.0
0.0
0.0
0.0
0.0
0.0
0.0
0.0
0.0
0.0
0.0
0.0
0.0
0.0
0.0
0.0
0.0
0.0
0.0
0.0
0.0
0.0
0.0
0.0
0.0
0.0
0.0
0.0
0.0
0.0
0.0
0.0
0.0
0.0
0.0
0.0
0.0
0.0
0.0
0.0
0.0
0.0
0.0
0.0
0.0
0.0
0.0
0.0
0.0
0.0
0.0
0.0
0.0
0.0
0.0
0.0
0.0
0.0
0.0
0.0
0.0
0.0
0.0
0.0
0.0
0.0
0.0
0.0
0.0
0.0
0.0
0.0
0.0
0.0
0.0
0.0
0.0
0.0
0.0
0.0
0.0
0.0
0.0
0.0
0.0
0.0
0.0
0.0
0.0
0.0
0.0
0.0
0.0
0.0
0.0
0.0
0.0
0.0
0.0
0.0
0.0
0.0
0.0
0.0
0.0
0.0
0.0
0.0
0.0
0.0
0.0
0.0
0.0
0.0
0.0
0.0
0.0
0.0
0.0
0.0
0.0
0.0
0.0
0.0
0.0
0.0
0.0
0.0
0.0
0.0
0.0
0.0
0.0
0.0
0.0
0.0
0.0
0.0
0.0
0.0
0.0
0.0
0.0
0.0
0.0
0.0
0.0
0.0
0.0
0.0
0.0
0.0
0.0
0.0
0.0
0.0
0.0
0.0
0.0
0.0
0.0
0.0
0.0
0.0
0.0
0.0
0.0
0.0
0.0
0.0
0.0
0.0
0.0
0.0
0.0
0.0
0.0
0.0
0.0
0.0
0.0
0.0
0.0
0.0
0.0
0.0
0.0
0.0
0.0
0.0
0.0
0.0
0.0
0.0
0.0
0.0
0.0
0.0
0.0
0.0
0.0
0.0
0.0
0.0
0.0
0.0
0.0
0.0
0.0
0.0
0.0
0.0
0.0
0.0
0.0
0.0
0.0
0.0
0.0
0.0
0.0
0.0
0.0
0.0
0.0
0.0
0.0
0.0
0.0
0.0
0.0
0.0
0.0
0.0
0.0
0.0
0.0
0.0
0.0
0.0
0.0
0.0
0.0
0.0
0.0
0.0
0.0
0.0
0.0
0.0
0.0
0.0
0.0
0.0
0.0
0.0
0.0
0.0
0.0
0.0
0.0
0.0
0.0
0.0
0.0
0.0
0.0
0.0
0.0
0.0
0.0
0.0
0.0
0.0
0.0
0.0
0.0
0.0
0.0
0.0
0.0
0.0
0.0
0.0
0.0
0.0
0.0
0.0
0.0
0.0
0.0
0.0
0.0
0.0
0.0
0.0
0.0
0.0
0.0
0.0
0.0
0.0
0.0
0.0
0.0
0.0
0.0
0.0
0.0
0.0
0.0
0.0
0.0
0.0
0.0
0.0
0.0
0.0
0.0
0.0
0.0
0.0
0.0
0.0
0.0
0.0
0.0
0.0
0.0
0.0
0.0
0.0
0.0
0.0
0.0
0.0
0.0
0.0
0.0
0.0
0.0
0.0
0.0
0.0
0.0
0.0
0.0
0.0
0.0
0.0
0.0
0.0
0.0
0.0
0.0
0.0
0.0
0.0
0.0
0.0
0.0
0.0
0.0
0.0
0.0
0.0
0.0
0.0
0.0
0.0
0.0
0.0
0.0
0.0
0.0
0.0
0.0
0.0
0.0
0.0
0.0
0.0
0.0
0.0
0.0
0.0
0.0
0.0
0.0
0.0
0.0
0.0
0.0
0.0
0.0
0.0
0.0
0.0
0.0
0.0
0.0
0.0
0.0
0.0
0.0
0.0
0.0
0.0
0.0
0.0
0.0
0.0
0.0
0.0
0.0
0.0
0.0
0.0
0.0
0.0
0.0
0.0
0.0
0.0
0.0
0.0
0.0
0.0
0.0
0.0
0.0
0.0
0.0
0.0
0.0
0.0
0.0
0.0
0.0
0.0
0.0
0.0
0.0
0.0
0.0
0.0
0.0
0.0
0.0
0.0
0.0
0.0
0.0
0.0
0.0
0.0
0.0
0.0
0.0
0.0
0.0
0.0
0.0
0.0
0.0
0.0
0.0
0.0
0.0
0.0
0.0
0.0
0.0
0.0
0.0
0.0
0.0
0.0
0.0
0.0
0.0
0.0
0.0
0.0
0.0
0.0
0.0
0.0
0.0
0.0
0.0
0.0
0.0
0.0
0.0
0.0
0.0
0.0
0.0
0.0
0.0
0.0
0.0
0.0
0.0
0.0
0.0
0.0
0.0
0.0
0.0
0.0
0.0
0.0
0.0
0.0
0.0
0.0
0.0
0.0
0.0
0.0
0.0
0.0
0.0
0.0
0.0
0.0
0.0
0.0
0.0
0.0
0.0
0.0
0.0
0.0
0.0
0.0
0.0
0.0
0.0
0.0
0.0
0.0
0.0
0.0
0.0
0.0
0.0
0.0
0.0
0.0
0.0
0.0
0.0
0.0
0.0
0.0
0.0
0.0
0.0
0.0
0.0
0.0
0.0
0.0
0.0
0.0
0.0
0.0
0.0
0.0
0.0
0.0
0.0
0.0
0.0
0.0
0.0
0.0
0.0
0.0
0.0
0.0
0.0
0.0
0.0
0.0
0.0
0.0
0.0
0.0
0.0
0.0
0.0
0.0
0.0
0.0
0.0
0.0
0.0
0.0
0.0
0.0
0.0
0.0
0.0
0.0
0.0
0.0
0.0
0.0
0.0
0.0
0.0
0.0
0.0
0.0
0.0
0.0
0.0
0.0
0.0
0.0
0.0
0.0
0.0
0.0
0.0
0.0
0.0
0.0
0.0
0.0
0.0
0.0
0.0
0.0
0.0
0.0
0.0
0.0
0.0
0.0
0.0
0.0
0.0
0.0
0.0
0.0
0.0
0.0
0.0
0.0
0.0
0.0
0.0
0.0
0.0
0.0
0.0
0.0
0.0
0.0
0.0
0.0
0.0
0.0
0.0
0.0
0.0
0.0
0.0
0.0
0.0
0.0
0.0
0.0
0.0
0.0
0.0
0.0
0.0
0.0
0.0
0.0
0.0
0.0
0.0
0.0
0.0
0.0
0.0
0.0
0.0
0.0
0.0
0.0
0.0
0.0
0.0
0.0
0.0
0.0
0.0
0.0
0.0
0.0
0.0
0.0
0.0
0.0
0.0
0.0
0.0
0.0
0.0
0.0
0.0
0.0
0.0
0.0
0.0
0.0
0.0
0.0
0.0
0.0
0.0
0.0
0.0
0.0
0.0
0.0
0.0
0.0
0.0
0.0
0.0
0.0
0.0
0.0
0.0
0.0
0.0
0.0
0.0
0.0
0.0
0.0
0.0
0.0
0.0
0.0
0.0
0.0
0.0
0.0
0.0
0.0
0.0
0.0
0.0
0.0
0.0
0.0
0.0
0.0
0.0
0.0
0.0
0.0
0.0
0.0
0.0
0.0
0.0
0.0
0.0
0.0
0.0
0.0
0.0
0.0
0.0
0.0
0.0
0.0
0.0
0.0
0.0
0.0
0.0
0.0
0.0
0.0
0.0
0.0
0.0
0.0
0.0
0.0
0.0
0.0
0.0
0.0
0.0
0.0
0.0
0.0
0.0
0.0
0.0
0.0
0.0
0.0
0.0
0.0
0.0
0.0
0.0
0.0
0.0
0.0
0.0
0.0
0.0
0.0
0.0
0.0
0.0
0.0
0.0
0.0
0.0
0.0
0.0
0.0
0.0
0.0
0.0
0.0
0.0
0.0
0.0
0.0
0.0
0.0
0.0
0.0
0.0
0.0
0.0
0.0
0.0
0.0
0.0
0.0
0.0
0.0
0.0
0.0
0.0
0.0
0.0
0.0
0.0
0.0
0.0
0.0
0.0
0.0
0.0
0.0
0.0
0.0
0.0
0.0
0.0
0.0
0.0
0.0
0.0
0.0
0.0
0.0
0.0
0.0
0.0
0.0
0.0
0.0
0.0
0.0
0.0
0.0
0.0
0.0
0.0
0.0
0.0
0.0
0.0
0.0
0.0
0.0
0.0
0.0
0.0
0.0
0.0
0.0
0.0
0.0
0.0
0.0
0.0
0.0
0.0
0.0
0.0
0.0
0.0
0.0
0.0
0.0
0.0
0.0
0.0
0.0
0.0
0.0
0.0
0.0
0.0
0.0
0.0
0.0
0.0
0.0
0.0
0.0
0.0
0.0
0.0
0.0
0.0
0.0
0.0
0.0
0.0
0.0
0.0
0.0
0.0
0.0
0.0
0.0
0.0
0.0
0.0
0.0
0.0
0.0
0.0
0.0
0.0
0.0
0.0
0.0
0.0
0.0
0.0
0.0
0.0
0.0
0.0
0.0
0.0
0.0
0.0
0.0
0.0
0.0
0.0
0.0
0.0
0.0
0.0
0.0
0.0
0.0
0.0
0.0
0.0
0.0
0.0
0.0
0.0
0.0
0.0
0.0
0.0
0.0
0.0
0.0
0.0
0.0
0.0
0.0
0.0
0.0
0.0
0.0
0.0
0.0
0.0
0.0
0.0
0.0
0.0
0.0
0.0
0.0
0.0
0.0
0.0
0.0
0.0
0.0
0.0
0.0
0.0
0.0
0.0
0.0
0.0
0.0
0.0
0.0
0.0
0.0
0.0
0.0
0.0
0.0
0.0
0.0
0.0
0.0
0.0
0.0
0.0
0.0
0.0
0.0
0.0
0.0
0.0
0.0
0.0
0.0
0.0
0.0
0.0
0.0
0.0
0.0
0.0
0.0
0.0
0.0
0.0
0.0
0.0
0.0
0.0
0.0
0.0
0.0
0.0
0.0
0.0
0.0
0.0
0.0
0.0
0.0
0.0
0.0
0.0
0.0
0.0
0.0
0.0
0.0
0.0
0.0
0.0
0.0
0.0
0.0
0.0
0.0
0.0
0.0
0.0
0.0
0.0
0.0
0.0
0.0
0.0
0.0
0.0
0.0
0.0
0.0
0.0
0.0
0.0
0.0
0.0
0.0
0.0
0.0
0.0
0.0
0.0
0.0
0.0
0.0
0.0
0.0
0.0
0.0
0.0
0.0
0.0
0.0
0.0
0.0
0.0
0.0
0.0
0.0
0.0
0.0
0.0
0.0
0.0
0.0
0.0
0.0
0.0
0.0
0.0
0.0
0.0
0.0
0.0
0.0
0.0
0.0
0.0
0.0
0.0
0.0
0.0
0.0
0.0
0.0
0.0
0.0
0.0
0.0
0.0
0.0
0.0
0.0
0.0
0.0
0.0
0.0
0.0
0.0
0.0
0.0
0.0
0.0
0.0
0.0
0.0
0.0
0.0
0.0
0.0
0.0
0.0
0.0
0.0
0.0
0.0
0.0
0.0
0.0
0.0
0.0
0.0
0.0
0.0
0.0
0.0
0.0
0.0
0.0
0.0
0.0
0.0
0.0
0.0
0.0
0.0
0.0
0.0
0.0
0.0
0.0
0.0
0.0
0.0
0.0
0.0
0.0
0.0
0.0
0.0
0.0
0.0
0.0
0.0
0.0
0.0
0.0
0.0
0.0
0.0
0.0
0.0
0.0
0.0
0.0
0.0
0.0
0.0
0.0
0.0
0.0
0.0
0.0
0.0
0.0
0.0
0.0
0.0
0.0
0.0
0.0
0.0
0.0
0.0
0.0
0.0
0.0
0.0
0.0
0.0
0.0
0.0
0.0
0.0
0.0
0.0
0.0
0.0
0.0
0.0
0.0
0.0
0.0
0.0
0.0
0.0
0.0
0.0
0.0
0.0
0.0
0.0
0.0
0.0
0.0
0.0
0.0
0.0
0.0
0.0
0.0
0.0
0.0
0.0
0.0
0.0
0.0
0.0
0.0
0.0
0.0
0.0
0.0
0.0
0.0
0.0
0.0
0.0
0.0
0.0
0.0
0.0
0.0
0.0
0.0
0.0
0.0
0.0
0.0
0.0
0.0
0.0
0.0
0.0
0.0
0.0
0.0
0.0
0.0
0.0
0.0
0.0
0.0
0.0
0.0
0.0
0.0
0.0
0.0
0.0
0.0
0.0
0.0
0.0
0.0
0.0
0.0
0.0
0.0
0.0
0.0
0.0
0.0
0.0
0.0
0.0
0.0
0.0
0.0
0.0
0.0
0.0
0.0
0.0
0.0
0.0
0.0
0.0
0.0
0.0
0.0
0.0
0.0
0.0
0.0
0.0
0.0
0.0
0.0
0.0
0.0
0.0
0.0
0.0
0.0
