0.013697760084078065
0.01369779907483234
0.013697835831169264
0.013697871102615701
0.013697904472350747
0.013697937114008414
0.013697968928954762
0.013697999553531993
0.013698029218057607
0.013698058415978796
0.013698087133127482
0.013698115179262539
0.013698142522163894
0.013698169368747562
0.013698195786406495
0.01369822182682279
0.013698247433189589
0.013698272871900825
0.013698298102716366
0.013698322960530303
0.013698347085924581
0.013698371090965165
0.013698395011438914
0.013698418805023493
0.013698442309652847
0.01369846571812342
0.013698488973144284
0.013698512015870053
0.01369853472399798
0.013698557305806835
0.01369857978316695
0.01369860217527931
0.013698624427206712
0.013698646513443638
0.013698668537729197
0.01369869052007848
0.013698712401824891
0.013698734150717644
0.013698755847963807
0.013698777466728651
0.01369879896979045
0.013698820221407863
0.013698841455577149
0.013698862675319194
0.013698883882934202
0.01369890502303954
0.013698926095522274
0.01369894710679158
0.013698968063853281
0.013698988994088961
0.01369900980345803
0.013699030600994248
0.013699051394623522
0.01369907217891184
0.013699092869617364
0.013699113447504716
0.013699134005075227
0.013699154550987446
0.013699175087849624
0.013699195558649577
0.013699215988366745
0.01369923638364367
0.013699256758721915
0.01369927714684946
0.013699297493906094
0.013699317860180873
0.013699338241668843
0.013699358630373741
0.013699378996402072
0.013699399231830951
0.013699419433018474
0.01369943961049909
0.013699459776852989
0.013699479935081586
0.013699500063242737
0.013699520201662489
0.013699540344206755
0.013699560491423492
0.013699580646161872
0.013699600786443144
0.013699620944338797
0.013699641109845945
0.013699661270985574
0.013699681396947301
0.013699701472229615
0.013699721565344112
0.01369974167881631
0.013699761813375412
0.013699781965561153
0.013699802106151541
0.013699822242360922
0.01369984235122776
0.013699862442672187
0.013699882559127246
0.013699902664108934
0.013699922788101563
0.01369994292822585
0.013699963084407343
0.013699983256785073
0.013700003396793411
0.013700023544897244
0.013700043712863375
0.013700063894917677
0.013700084092326316
0.01370010431659908
0.013700124536517125
0.013700144766399145
0.013700165006171506
0.013700185262179315
0.013700205542253431
0.013700225808168185
0.013700246079758133
0.013700266348886998
0.013700286614453
0.013700306886015161
0.013700327181494505
0.013700347466777707
0.013700367778798229
0.01370038812430706
0.013700408503444096
0.013700428913166252
0.013700449344612696
0.013700469753300595
0.013700490172122421
0.013700510607974822
0.013700531062139587
0.013700551533109838
0.01370057201617028
0.013700592514930414
0.013700613044758966
0.013700633597849891
0.01370065417365951
0.013700674777238207
0.013700695387783441
0.013700716005191288
0.013700736644448114
0.013700757304231636
0.013700777985343304
0.013700798686464762
0.013700819373790904
0.013700840062758032
0.01370086078040839
0.013700881529399205
0.013700902309539255
0.013700923118646407
0.013700943948960204
0.01370096478138127
0.013700985635922846
0.013701006519220207
0.013701027442502725
0.013701048410361771
0.013701069411008692
0.013701090423865895
0.013701111462674095
0.013701132530364674
0.013701153614416997
0.013701174711727694
0.013701195832177857
0.013701216970379617
0.013701238121531553
0.013701259294937986
0.013701280510539699
0.013701301766652692
0.01370132305020423
0.013701344354084793
0.013701365650102262
0.013701386985853003
0.01370140834618302
0.013701429724399363
0.013701451134585471
0.013701472594105575
0.013701494089666377
0.013701515592587043
0.013701537143820261
0.013701558725709523
0.013701580336976741
0.013701601986047779
0.013701623675342108
0.01370164537738773
0.013701667093660833
0.013701688824005085
0.01370171057631828
0.01370173236317434
0.013701754181634619
0.013701776027432654
0.013701797934348274
0.013701819844842348
0.013701841801444428
0.013701863793692377
0.01370188582563308
0.013701907896580465
0.013701929995282596
0.013701952106375564
0.01370197423584144
0.013701996401584106
0.013702018609567322
0.013702040845517391
0.013702063108187848
0.013702085402999473
0.013702107732753084
0.013702130097297135
0.013702152484409641
0.013702174877864742
0.013702197327895774
0.013702219811443291
0.013702242328693914
0.013702264896960987
0.013702287499452136
0.013702310148376811
0.013702332823310242
0.013702355531831292
0.013702378290983119
0.013702401076785112
0.013702423891091465
0.013702446755785433
0.013702469647111365
0.013702492550000217
0.013702515511024606
0.0137025384981214
0.013702561507729942
0.013702584574187915
0.013702607684368222
0.013702630802851033
0.013702653966979467
0.013702677183468431
0.013702700411135938
0.013702723673355463
0.013702746997327094
0.013702770354264602
0.013702793724369498
0.013702817137204974
0.013702840634471232
0.013702864120796021
0.013702887643643432
0.013702911217436596
0.013702934840392953
0.013702958503282006
0.013702982206545419
0.013703005963278479
0.013703029776719848
0.013703053614716432
0.013703077479973576
0.013703101372966126
0.013703125308472126
0.013703149274468522
0.013703173269674818
0.013703197319053199
0.013703221431372646
0.013703245582430136
0.013703269767528942
0.013703294000028149
0.013703318273538694
0.013703342573598298
0.013703366915865337
0.013703391282369222
0.013703415685256844
0.013703440147117153
0.013703464661944609
0.013703489203414956
0.013703513787220827
0.013703538406075801
0.013703563056924687
0.013703587771060902
0.013703612542467823
0.01370363735577147
0.013703662194131723
0.013703687063312825
0.013703711994005342
0.013703736966847733
0.013703761986100495
0.013703787045900336
0.013703812157899464
0.013703837310720966
0.01370386249755126
0.013703887725936973
0.013703913014801056
0.013703938360115228
0.01370396372217714
0.01370398912897245
0.013704014609324624
0.013704040119305648
0.013704065667170813
0.0137040912644936
0.013704116927427607
0.013704142640964274
0.013704168393456131
0.013704194189164368
0.013704220027521818
0.013704245920024678
0.013704271851754641
0.013704297795419214
0.013704323777209435
0.01370434980986172
0.013704375918177112
0.01370440207590659
0.013704428266982642
0.013704454502734307
0.013704480787803765
0.01370450711411048
0.013704533508989699
0.013704559944200828
0.01370458641349628
0.013704612923952838
0.013704639488536048
0.013704666125869906
0.01370469282094064
0.013704719569436773
0.013704746369185377
0.013704773206530529
0.013704800093604972
0.013704827052444942
0.013704854056033527
0.013704881100800209
0.01370490818399691
0.013704935310941118
0.013704962485924248
0.01370498971633525
0.013705017011899079
0.013705044366467897
0.013705071764299321
0.013705099206156481
0.013705126706237934
0.013705154264156888
0.013705181855737273
0.013705209481980363
0.01370523717325657
0.013705264944930658
0.013705292761587932
0.013705320616336855
0.01370534850926307
0.013705376446996669
0.013705404444074903
0.013705432505223469
0.013705460622444985
0.01370548878869562
0.013705517008438925
0.013705545283918418
0.013705573612465586
0.013705602005275349
0.013705630441586536
0.013705658914466892
0.013705687443479254
0.013705716029507311
0.013705744668102092
0.013705773367343292
0.01370580212685712
0.01370583094649408
0.013705859824406258
0.013705888752236783
0.013705917727030458
0.013705946766985166
0.013705975866166316
0.013706005012255171
0.013706034210710786
0.013706063468390012
0.013706092778829457
0.013706122137482901
0.013706151553648906
0.013706181033674457
0.013706210567816365
0.013706240156748359
0.013706269800642238
0.013706299494243936
0.013706329241399664
0.013706359046437687
0.013706388907500647
0.013706418843777112
0.013706448855269312
0.013706478916336291
0.013706509013020233
0.013706539149054262
0.013706569334394483
0.01370659958457476
0.013706629907559316
0.013706660280161369
0.013706690709345676
0.013706721220563985
0.013706751794083791
0.013706782419913816
0.013706813107556504
0.013706843853289078
0.013706874649568547
0.013706905495746019
0.013706936395546633
0.013706967351678135
0.013706998367374911
0.013707029443208658
0.013707060591757598
0.013707091832325859
0.013707123134528513
0.013707154483195443
0.01370718588791496
0.01370721735497782
0.013707248879303299
0.013707280463366169
0.01370731210331193
0.013707343799246766
0.013707375556883868
0.013707407360279138
0.013707439242972614
0.013707471196069647
0.013707503199292766
0.013707535265185918
0.013707567406633288
0.01370759961878229
0.013707631886484913
0.013707664209155243
0.013707696583620288
0.013707729008895582
0.013707761480447252
0.013707794048183529
0.01370782667332182
0.013707859364934507
0.013707892132779889
0.013707924969019882
0.013707957856196343
0.013707990786140208
0.013708023755598417
0.013708056805309258
0.013708089965726722
0.013708123206934245
0.013708156495738566
0.013708189835249763
0.013708223234515794
0.013708256694933228
0.013708290216172295
0.013708323784394879
0.013708357487030788
0.013708391241348573
0.013708425052447033
0.013708458922252777
0.013708492849942454
0.013708526833337151
0.013708560865219814
0.013708594955268761
0.01370862913340352
0.013708663387955485
0.013708697708618402
0.013708732108021815
0.013708766583741277
0.013708801114846871
0.013708835694755738
0.013708870347895198
0.013708905088875043
0.013708939894701925
0.013708974773567447
0.0137090097248091
0.013709044744180889
0.013709079766263472
0.013709114867420501
0.013709150019554053
0.013709185242787008
0.013709220547415931
0.013709255913252229
0.01370929132188128
0.013709326804214347
0.013709362382693858
0.013709398042229941
0.0137094337659605
0.013709469544181318
0.01370950536226704
0.013709541222540466
0.013709577176798615
0.01370961326320496
0.013709649412887957
0.013709685618908129
0.013709721879993073
0.013709758186631272
0.013709794616590705
0.013709831123977834
0.013709867677809087
0.013709904264532407
0.013709940916051624
0.013709977630357957
0.013710014487381045
0.013710051434243942
0.013710088453166007
0.013710125533209551
0.013710162652787811
0.013710199827073374
0.013710237084942244
0.013710274423143098
0.013710311846261746
0.013710349349298273
0.013710386900625638
0.013710424531355613
0.013710462281242754
0.013710500088120728
0.013710537935628729
0.01371057581301703
0.013710613784628034
0.013710651935504891
0.013710690148436764
0.013710728405684507
0.01371076670872726
0.013710805012608405
0.013710843471692297
0.01371088198251691
0.01371092056041587
0.013710959218055072
0.013710997915490556
0.013711036757557634
0.013711075678298688
0.013711114641301522
0.013711153640501742
0.01371119269071949
0.013711231893659786
0.013711271227945295
0.01371131062734877
0.013711350068636009
0.01371138953130194
0.01371142906874507
0.013711468750264548
0.013711508542168281
0.013711548397070117
0.013711588297450105
0.01371162826873425
0.013711668336818679
0.013711708435434445
0.013711748611771333
0.013711788836556455
0.013711829225601768
0.013711869706162198
0.013711910257507754
0.013711950819917218
0.013711991409048913
0.01371203221832223
0.013712073090339663
0.013712114010369219
0.013712154938803263
0.013712195950874561
0.013712237082129302
0.01371227835216963
0.013712319691758332
0.01371236106340175
0.013712402549849586
0.013712444113192472
0.013712485699586933
0.0137125273117707
0.013712569064384226
0.01371261097076034
0.01371265295872947
0.013712694980525787
0.013712737054450402
0.013712779258680812
0.013712821571035953
0.013712863919286233
0.01371290630482705
0.01371294878627735
0.013712991426459188
0.013713034149977274
0.013713076911847592
0.013713119699327885
0.013713162641116626
0.013713205606844093
0.013713248650797497
0.013713291778060242
0.013713335106691394
0.013713378496834176
0.013713421923283092
0.013713465341109055
0.013713508929657513
0.013713552611862514
0.013713596387516383
0.013713640192782105
0.013713684043812355
0.01371372809884447
0.013713772224062596
0.013713816353553902
0.013713860556439474
0.013713904863766762
0.013713949305635234
0.013713993811181489
0.013714038385319706
0.013714083075411283
0.013714127813682057
0.013714172634612195
0.013714217573710701
0.013714262647481533
0.01371430779624715
0.013714352939321887
0.013714398148071693
0.013714443527357968
0.013714489035445698
0.013714534568713374
0.013714580137238917
0.013714625829179126
0.013714671634681297
0.013714717459391838
0.013714763343940799
0.013714809408102761
0.013714855591576664
0.013714901842476231
0.013714948122287286
0.01371499455714718
0.013715041035588361
0.013715087581818683
0.01371513420928645
0.013715181020224678
0.013715227852207598
0.013715274688449944
0.013715321696474627
0.013715368878072688
0.01371541607076638
0.013715463239959638
0.01371551048195288
0.013715557967358991
0.013715605541227914
0.013715653097368994
0.013715700821895738
0.013715748710007728
0.01371579659873989
0.013715844484507935
0.01371589261269009
0.013715940824245366
0.013715989085099953
0.013716037350404123
0.01371608574109418
0.01371613422106618
0.01371618280789826
0.013716231578384518
0.013716280446186637
0.013716329287320387
0.01371637817467805
0.013716427271373934
0.013716476464235749
0.01371652566151534
0.013716574904812309
0.013716624345021609
0.013716673903483073
0.013716723405409482
0.01371677304937559
0.013716822840488885
0.013716872719695756
0.013716922656969012
0.013716972741346983
0.013717022936552586
0.013717073143918823
0.013717123421016336
0.013717173836867607
0.01371722435487141
0.013717274916093154
0.013717325598039514
0.013717376396198066
0.013717427247504283
0.013717478222314464
0.01371752933382518
0.013717580465479681
0.013717631570595685
0.013717682848562916
0.013717734353074041
0.0137177858798898
0.013717837429263724
0.013717889130625395
0.013717940984743245
0.013717992829913301
0.013718044741256647
0.01371809686990243
0.0137181491104086
0.013718201407246043
0.013718253787624283
0.013718306260794304
0.013718358790177031
0.013718411414492234
0.013718464207690451
0.013718517001865957
0.013718569808734834
0.013718622808455816
0.013718675940670394
0.013718729201340797
0.013718782525391451
0.01371883592550697
0.013718889310033401
0.013718942855234504
0.013718996618380235
0.013719050365404288
0.013719104115281086
0.013719158105799371
0.013719212264865709
0.013719266375753412
0.013719320440319857
0.013719374811686525
0.01371942926177357
0.013719483682536813
0.013719538353120217
0.013719593114719993
0.013719647889376102
0.01371970268242867
0.01371975769706141
0.013719812813455667
0.013719867959419834
0.013719923280836918
0.013719978627763273
0.013720033995334634
0.013720089665231899
0.013720145382709078
0.013720201114870614
0.0137202569162095
0.013720312826326108
0.01372036881201675
0.01372042489885903
0.013720481189012807
0.013720537467048766
0.013720593798503189
0.013720650528515427
0.013720707221579316
0.013720763815266858
0.013720820605433738
0.013720877589750467
0.013720934504878093
0.013720991445537057
0.013721048766838297
0.01372110612084171
0.013721163384457025
0.01372122084167862
0.013721278394749658
0.013721335907927998
0.013721393726891918
0.013721451639466852
0.013721509533688545
0.013721567558522869
0.01372162564027125
0.013721683918429123
0.013721742257135303
0.013721800801482947
0.01372185927750037
0.013721917759359903
0.01372197654702004
0.01372203538985943
0.01372209424836543
0.01372215327506651
0.013722212336949017
0.013722271404147335
0.013722330864879692
0.013722390246022289
0.013722449497339839
0.013722509202457394
0.013722568989785657
0.013722628630295263
0.013722688353577348
0.013722748452102342
0.013722808504232487
0.013722868392446103
0.013722928785378716
0.013722989213797302
0.013723049536028094
0.013723110042190399
0.013723170739661351
0.013723231313803272
0.013723292100383538
0.0137233530504398
0.01372341400713312
0.013723475220663674
0.013723536472449838
0.013723597618852326
0.013723658958621264
0.013723720381128188
0.013723781951575791
0.01372384365821801
0.013723905363857623
0.013723967207677955
0.013724029120711962
0.013724091288597038
0.013724153394993938
0.013724215528065653
0.01372427783967524
0.013724340196343122
0.013724402717309478
0.013724465386503341
0.013724527998980314
0.01372459075526618
0.01372465379740648
0.013724716678600824
0.013724779544613134
0.013724842848727489
0.013724906096980285
0.013724969177858266
0.013725032758026327
0.01372509637503181
0.013725159830654473
0.01372522361299093
0.013725287491590606
0.013725351262804133
0.013725415261574432
0.013725479348054197
0.013725543375227118
0.013725607640900845
0.013725672036215749
0.013725736414098718
0.013725800958079293
0.013725865632325657
0.013725930331297428
0.013725995144731934
0.01372606001308235
0.01372612493985617
0.013726190012498059
0.01372625515953907
0.013726320357643663
0.013726385645242006
0.013726451031755436
0.013726516582521428
0.013726582280824164
0.013726648023212672
0.013726713673370505
0.013726779435852139
0.013726845430836111
0.013726911490893891
0.0137269776220503
0.013727043790256764
0.013727110002151384
0.01372717645598171
0.013727242933566086
0.013727309368480175
0.013727376115188582
0.013727442944729627
0.013727509616325483
0.01372757645009286
0.013727643529304358
0.013727710538773247
0.013727777656049293
0.013727844999705465
0.013727912275197627
0.013727979601663784
0.013728047134733185
0.013728114666761522
0.013728182285904207
0.013728250097845878
0.01372831789887852
0.013728385778659277
0.013728453793828413
0.013728521829294193
0.013728589975792318
0.013728658211833469
0.0137287264927478
0.013728794887814411
0.0137288633444099
0.013728931861729451
0.013729000495728574
0.013729069206549389
0.013729137999891741
0.013729206878532758
0.013729275785219063
0.013729344762850188
0.01372941383858654
0.013729482984058987
0.01372955228290853
0.013729621663840636
0.013729691002483127
0.013729760497850085
0.01372983008869585
0.013729899563905341
0.013729969280174465
0.013730039132149324
0.013730108927253437
0.01373017897305096
0.013730248989119027
0.013730318825068775
0.013730389114813552
0.013730459462831525
0.013730529470570761
0.013730599921520363
0.01373067052824905
0.013730740783894522
0.013730811430537393
0.013730882196314239
0.013730952691634261
0.013731023580840832
0.013731094595592663
0.013731165312112112
0.01373123629098208
0.013731307403322485
0.01373137842436646
0.013731449675342513
0.013731521015467036
0.013731592261641574
0.01373166379928862
0.01373173539703921
0.013731806993629136
0.013731878741921529
0.013731950449005072
0.013732022261002518
0.013732094200907659
0.013732166113668313
0.013732238175901064
0.013732310225763527
0.013732382290184768
0.013732454592839883
0.013732526865594155
0.013732599074697373
0.013732671555438806
0.013732743924249198
0.013732816340351598
0.013732889003994631
0.013732961566953115
0.013733034171272253
0.01373310696232539
0.013733179699277573
0.013733252539667864
0.01373332549632196
0.013733398348568479
0.013733471329012896
0.013733544398979534
0.013733617413936496
0.01373369062064035
0.013733763806885709
0.013733836945188245
0.013733910326783668
0.01373398359381249
0.013734056921665155
0.013734130525434653
0.013734203801183426
0.01373427724719583
0.013734351137588485
0.013734424637327367
0.01373449814021899
0.013734572044287791
0.013734645723573413
0.013734719371731239
0.013734793353264564
0.013734867215781313
0.013734941039112533
0.013735015021024389
0.01373508897840303
0.013735163026881048
0.013735237137499605
0.013735311116638256
0.013735385211396233
0.013735459452889506
0.013735533649017024
0.013735607883796842
0.013735682089971998
0.013735756412565636
0.013735830806780414
0.013735905052188729
0.013735979503484732
0.01373605397667971
0.013736128290290434
0.01373620282340775
0.013736277384974698
0.01373635184233952
0.013736426496898312
0.013736501024044232
0.013736575497474576
0.013736650239672044
0.013736724868050618
0.01373679948458396
0.01373687421189393
0.013736948808016958
0.013737023623429597
0.013737098423046228
0.013737172992149908
0.013737247885050029
0.013737322682290713
0.01373739739463331
0.013737472327812122
0.013737547118715299
0.01373762188641693
0.013737696822853925
0.013737771624394261
0.01373784646757736
0.013737921408177175
0.013737996250321722
0.013738071160586503
0.013738146025822691
0.013738220619841384
0.013738295293052535
0.013738369783169412
0.01373844431520765
0.013738519037920238
0.013738593506217133
0.013738668083212826
0.013738742734401337
0.013738817174124677
0.01373889182157076
0.01373896646338964
0.013739040873258744
0.013739115470113337
0.013739190008140894
0.013739264427478913
0.013739339039957539
0.01373941341873243
0.013739487818755867
0.013739562445287354
0.013739636798524898
0.013739711166083059
0.013739785679458699
0.013739860010939995
0.013739934410177995
0.013740008801882465
0.013740083020247616
0.013740157357652048
0.013740231621109145
0.013740305804043574
0.013740380101071533
0.013740454165413158
0.013740528363627753
0.013740602545459557
0.013740676503526684
0.013740750581911007
0.01374082463973956
0.013740898561293824
0.013740972578620043
0.013741046500456437
0.01374112032257107
0.01374119418759217
0.013741267922117644
0.01374134166177615
0.013741415362610499
0.013741488893867348
0.013741562584671994
0.01374163608743994
0.01374170952407524
0.013741783064315073
0.013741856472572924
0.013741929744087469
0.013742003040225069
0.013742076328242613
0.013742149474305673
0.013742222555071541
0.013742295629139492
0.013742368650307278
0.013742441502915594
0.013742514362233277
0.013742587220573999
0.013742659883265148
0.013742732568922616
0.01374280518298267
0.013742877630841118
0.013742950099738697
0.013743022452263836
0.013743094722708597
0.013743166979272825
0.013743238962588255
0.013743311039914927
0.013743383110363173
0.013743454889332408
0.013743526754769924
0.013743598510111246
0.01374367005777191
0.013743741646173518
0.013743813036994568
0.01374388438576334
0.01374395569331602
0.013744026651099047
0.013744097837367521
0.013744168843352372
0.013744239463470571
0.013744310454787632
0.013744381112485346
0.013744451466649606
0.013744522151601045
0.013744592379520946
0.013744662465187397
0.013744732794361643
0.013744802580561715
0.013744872448453339
0.013744942390733874
0.01374501179687711
0.013745081439446215
0.013745150941965026
0.013745220038531366
0.013745289260908589
0.01374535830364469
0.013745427104029753
0.013745495923038182
0.013745564509213177
0.013745632990553888
0.013745701332765087
0.013745769435446878
0.013745837592934901
0.013745905495792599
0.013745973235185513
0.013746040974386671
0.013746108428727553
0.013746175747840171
0.013746242994268049
0.013746309984516049
0.013746376861985243
0.01374644354843966
0.013746510111897235
0.01374657656113077
0.013746642732070588
0.013746708828380732
0.013746774763209516
0.013746840429175485
0.013746906057767124
0.013746971463598474
0.013747036609653552
0.013747101737378184
0.013747166508108552
0.013747231194139425
0.01374729567474883
0.013747359761613965
0.013747423768625979
0.013747487661983304
0.013747551255240877
0.0137476146980017
0.01374767790331541
0.013747740957546953
0.013747803785409954
0.013747866243281578
0.013747928825246305
0.01374799106772613
0.013748052988454683
0.013748114868948334
0.01374817646031138
0.01374823776971205
0.013748298914454735
0.013748359856743879
0.013748420561228682
0.013748480998171615
0.013748541215932365
0.013748601325135314
0.013748661088988727
0.01374872062183024
0.013748780008656215
0.013748839085340333
0.013748897940487807
0.013748956551268458
0.013749014894429283
0.013749073049499773
0.013749130867610024
0.013749188475601467
0.01374924588750627
0.0137493029487436
0.013749359905878262
0.013749416634333812
0.013749473118878643
0.013749529367639486
0.013749585248840167
0.013749640965144309
0.013749696386710817
0.013749751396538735
0.013749806297790015
0.013749860858274128
0.013749915075702673
0.013749969138342772
0.01375002280702215
0.013750076227027655
0.013750129380817495
0.01375018202410295
0.013750234692510565
0.013750286873634106
0.013750338641523694
0.013750390429240545
0.013750441647744619
0.013750492578943205
0.013750543384446208
0.013750593593158287
0.013750643644320189
0.013750693410456986
0.013750742587303773
0.0137507917770079
0.01375084052531926
0.013750888768456105
0.013750936916703234
0.013750984600490249
0.013751031891893428
0.01375107894457964
0.013751125531687766
0.013751171888439358
0.013751217828317765
0.013751263350137577
0.01375130868548771
0.013751353531196123
0.01375139800627499
0.013751442207680658
0.013751485932558857
0.013751529334947875
0.013751572325658424
0.013751614923995431
0.013751657236752469
0.013751699034115291
0.013751740485307994
0.013751781623435938
0.013751822207528465
0.01375186250819814
0.01375190240976787
0.013751941806638145
0.013751980901721358
0.01375201950062307
0.013752057735685707
0.013752095589714717
0.013752132921240102
0.013752169905725834
0.013752206452465696
0.013752242511168206
0.013752278222997606
0.013752313383436117
0.013752348167257029
0.013752382563235242
0.013752416345202155
0.013752449805341934
0.01375248283953071
0.013752515299607054
0.013752547379294221
0.013752578991505475
0.013752610101626726
0.013752640736236235
0.013752670873798969
0.01375270062695089
0.013752729824744282
0.013752758526713562
0.013752786798808229
0.013752814516641166
0.013752841737531912
0.013752868498717492
0.013752894725778002
0.013752920464150643
0.013752945679915012
0.0137529703749944
0.013752994585158919
0.013753018234124373
0.013753041360901693
0.013753063971178424
0.013753086030048302
0.01375310756866057
0.013753128539288766
0.013753148991789069
0.013753168913310174
0.01375318824088667
0.013753207027436192
0.013753225266779466
0.013753242919477843
0.013753260019253827
0.01375327653698905
0.013753292482012687
0.013753307860851579
0.013753322620302504
0.013753336831843327
0.013753350453526705
0.013753363445809883
0.013753375858562344
0.013753387673570225
0.01375339886301147
0.013753409436308593
0.013753419406773775
0.013753428776145875
0.013753437493843865
0.013753445594116806
0.013753453065304073
0.013753460974405269
0.013753468747353165
0.01375347587795816
0.013753482360712652
0.013753488207663233
0.01375349339535242
0.013753497929759056
0.01375350181080477
0.013753505019928784
0.01375350756741928
0.013753509438764473
0.013753510632565916
0.013753511146740394
0.013753510975332152
0.013753510115978418
0.013753508558220514
0.013753506306642916
0.013753503347338132
0.013753499679246621
0.013753495306515052
0.013753490208859511
0.013753484400558605
0.013753477860141196
0.013753470580302345
0.013753462597215634
0.013753453840159349
0.013753444340547592
0.013753434126598496
0.013753423113125026
0.013753411365042786
0.013753398872437077
0.013753385567912448
0.01375337155359432
0.013753356715306168
0.013753341084367484
0.013753324742451972
0.01375330752373752
0.013753289541476539
0.013753270803584768
0.013753251170659755
0.013753230807525451
0.013753209609518336
0.013753187545997898
0.013753164760141906
0.013753141023696056
0.013753116485001627
0.01375309117160738
0.013753064922371744
0.013753037887837282
0.013753009996657937
0.013752981221933021
0.013752951658611207
0.013752921094429306
0.01375288971125327
0.013752857501912697
0.013752824287592308
0.013752790270239868
0.013752755369673993
0.013752719503208647
0.013752682806105202
0.01375264515244029
0.013752606617722835
0.013752567181356357
0.013752526701491236
0.013752485409076308
0.013752443143333366
0.013752399856721538
0.013752355745252584
0.013752310621899072
0.013752264187513668
0.013752215552199121
0.013752165923023325
0.013752115858558888
0.01375206483807174
0.013752012829865826
0.013751959943703812
0.013751905914922024
0.013751850969719683
0.013751795067868895
0.013751737928141683
0.013751680054519141
0.01375162096078206
0.013751560759902
0.013751499778152326
0.013751437536549102
0.013751373956906097
0.013751309045513319
0.013751242919044837
0.013751175855109212
0.013751107626003184
0.013751038329438916
0.013750968139219156
0.013750896603004346
0.013750825376960719
0.013750751231013252
0.013750675784628415
0.013750599334381637
0.013750521741659761
0.013750443006236434
0.013750363251703314
0.013750282134120094
0.013750199995271975
0.013750116741271263
0.013750032172292597
0.013749946595334087
0.013749859828132474
0.013749771780415209
0.013749682642328762
0.013749592211611315
0.013749500647164355
0.01374940787628368
0.013749314251308176
0.013749220170087856
0.013749124804374764
0.013749028222461117
0.013748930440564166
0.013748831316527599
0.01374873127631139
0.013748629678015583
0.013748526713454808
0.013748422910342284
0.013748317539279705
0.013748210770249087
0.01374810309967598
0.013747993787691641
0.013747883263384329
0.013747771685132155
0.013747658454174666
0.013747544261743532
0.013747428526582697
0.01374731128894388
0.01374719313089187
0.013747073437435439
0.013746952213863028
0.013746830011641375
0.013746705934561156
0.013746578790593622
0.013746450402362267
0.01374632061767779
0.01374618943555773
0.013746056701110657
0.013745922607453769
0.01374578724062044
0.013745650387662244
0.013745512081872874
0.013745372459725295
0.013745231393406002
0.013745088804552457
0.013744944421270174
0.013744798491728452
0.01374465093831433
0.01374450202676019
0.013744351583809775
0.01374419959184796
0.013744046294104757
0.01374389131591966
0.013743734818320608
0.013743577147864987
0.013743417546207524
0.01374325645500564
0.013743094085281621
0.013742929898437707
0.013742764302735655
0.013742597115829522
0.013742428336983116
0.013742258238230633
0.013742086078480474
0.013741912556100333
0.013741737761174481
0.013741560669182973
0.013741382942878435
0.013741203621477979
0.013741022224084047
0.013740839855995739
0.013740655385646975
0.0137404692060168
0.013740282285561763
0.013740092324941937
0.013739901600602724
0.013739709283636777
0.01373951437394858
0.013739318664368304
0.01373912104259275
0.013738921224188204
0.01373872043581677
0.013738517463136878
0.013738312806455311
0.013738106983261333
0.013737898523281234
0.013737688860347683
0.013737477552551895
0.013737264042925445
0.013737049131230455
0.013736832106996548
0.013736613546996665
0.013736393293112582
0.01373617064279752
0.013735947002408362
0.013735721209306391
0.013735492938476266
0.013735263873985005
0.013735032425140905
0.013734798894653245
0.013734564190143406
0.013734326972537101
0.01373408938722532
0.013733852645090713
0.013733613491270029
0.013733373308722199
0.013733130511136104
0.013732885597209109
0.013732639674647756
0.013732391025506892
0.013732140573687832
0.013731888749892777
0.013731634270830328
0.01373137843469957
0.013731120469227092
0.013730860092095069
0.013730598744391065
0.013730334419030385
0.013730068408929168
0.013729801086794858
0.013729530754119415
0.013729259105824863
0.013728985301028262
0.013728708833017087
0.013728431440269863
0.013728151390556111
0.013727869215905878
0.01372758588318077
0.013727299299056786
0.013727011169137448
0.013726721388293013
0.013726428178541174
0.01372613072077905
0.013725831091341742
0.013725528940663449
0.013725225187986311
0.013724918783793474
0.013724610732740731
0.013724300718013612
0.013723988649320796
0.013723675345640517
0.0137233596563414
0.013723041282961245
0.013722721485940193
0.013722397787801797
0.013722071800908432
0.013721742008929408
0.013721409949404989
0.013721076680944409
0.013720740772530611
0.013720401972188828
0.013720063708845865
0.013719722684174887
0.013719379106936016
0.013719034537260482
0.013718686324968395
0.013718336246609704
0.013717984555583478
0.013717629331821964
0.013717272827523034
0.013716913356781926
0.013716550987019892
0.013716187406721854
0.013715820861674772
0.013715451693560143
0.013715080884007658
0.013714707046331208
0.013714330979975913
0.013713952706697924
0.013713571184991618
0.013713188057287877
0.013712800583144136
0.01371240788888077
0.013712013454137228
0.013711615387564241
0.013711215294228609
0.01371081324942711
0.013710407956585053
0.013710000489422723
0.013709590542723624
0.013709177984525013
0.013708763110394652
0.013708345007730516
0.013707924971921966
0.01370750231132472
0.013707076264606918
0.01370664866285416
0.013706218128661182
0.013705784461040784
0.013705349261743162
0.013704911213796654
0.0137044705218869
0.013704027982437588
0.013703581757166705
0.013703133892265639
0.013702683140881515
0.01370222864044531
0.013701773025270342
0.013701313855274216
0.013700851260074885
0.013700387596142382
0.0136999197157804
0.013699449201123292
0.013698977472556032
0.013698501142268655
0.01369802312627551
0.013697542685218585
0.013697057479263303
0.01369657346381726
0.013696090135484179
0.013695601643056906
0.01369511304969623
0.013694621234722556
0.013694124392556316
0.013693627005655363
0.01369312649602056
0.013692622080225581
0.013692116151032573
0.01369160709218457
0.013691094882386116
0.013690579071023393
0.013690060893799214
0.013689539919129417
0.013689015664653905
0.013688488686671822
0.013687958773834186
0.013687422314080452
0.01368688177727333
0.013686338301404342
0.013685791666047857
0.013685242071891132
0.013684689591934973
0.013684134106169647
0.013683575088917838
0.01368301297201975
0.013682449517340132
0.01368188305798099
0.013681313827065413
0.01368073642760095
0.013680159470607961
0.013679580252383925
0.013678997555839298
0.013678411664182094
0.013677823191616208
0.013677230683289405
0.013676635197893378
0.013676037876507325
0.013675435174028675
0.013674829358586268
0.013674221394688744
0.013673608095016585
0.01367299234215103
0.013672374332245602
0.013671751351166323
0.013671125699662013
0.013670497233601796
0.013669865174488918
0.013669228287613605
0.013668583607128483
0.013667936935266484
0.01366728689304318
0.013666631111970083
0.013665974809891453
0.013665313416887453
0.013664647338238039
0.013663981498670619
0.013663308689054871
0.01366263251915389
0.013661956142051537
0.013661273070645427
0.013660588104596048
0.01365990157449362
0.013659208592296461
0.01365851357509288
0.01365781606332866
0.01365711236461789
0.013656407286773113
0.013655698535290889
0.013654984212147638
0.013654268641968162
0.013653550953982987
0.013652833610360605
0.013652114025265314
0.013651389595822901
0.013650661964455824
0.013649931055797994
0.013649195285496827
0.013648457007636198
0.013647714516908533
0.013646967524662625
0.01364621897504522
0.013645464519600886
0.013644704392980647
0.013643938933363882
0.013643166761186482
0.013642391195754324
0.013641613544352938
0.013640828984146886
0.013640042178800531
0.013639252839495863
0.013638459367764776
0.01363766476144247
0.01363686654770801
0.013636058080514026
0.013635247992311566
0.013634435208461455
0.013633617044534098
0.01363279694609548
0.013631969294627639
0.013631138467136882
0.013630306742800012
0.013629466282800387
0.013628623624203464
0.013627778945808702
0.013626926196604204
0.01362607165820729
0.013625213914458483
0.013624349109891574
0.013623482646760965
0.013622610840633934
0.013621727903534688
0.013620842051872098
0.013619950341247054
0.013619054003406163
0.013618155122975392
0.013617249350639309
0.013616340892608837
0.013615428765345638
0.013614508944131775
0.013613589094250134
0.013612665011735206
0.013611733676914739
0.013610800765538451
0.013609861936751445
0.013608916848055087
0.01360797668228054
0.013607032510196767
0.01360608303668434
0.013605132001421962
0.013604173762949937
0.013603210995933007
0.013602245647199808
0.013601272845073245
0.013600296530331693
0.01359931004309935
0.013598315951589333
0.013597320102918767
0.013596318228768315
0.013595309779908433
0.013594303884355273
0.013593290340106
0.013592271266113714
0.013591250942847157
0.013590219109314596
0.013589176301735935
0.013588136178461135
0.013587089685453522
0.013586039070722145
0.013584985243724474
0.01358392405061321
0.013582859091978993
0.013581789959789453
0.013580713442426003
0.013579633123664704
0.013578547898737713
0.013577456337796443
0.013576360871082398
0.013575258942208577
0.013574151922759917
0.013573035064227214
0.013571908669597272
0.013570778998160601
0.013569644397188324
0.013568501159801257
0.013567355376582827
0.01356620376294519
0.013565045454775783
0.01356388491421676
0.013562717256197081
0.013561549298541935
0.013560382718224882
0.013559207701518335
0.013558026832194927
0.013556843035925751
0.013555649391682148
0.013554451499881656
0.013553243867163495
0.01355202480695112
0.013550803208951112
0.013549581104392243
0.013548348047703024
0.013547113633975084
0.01354587336702666
0.013544619863064458
0.013543366205989999
0.013542101356390902
0.01354082111959635
0.013539547037680516
0.013538268916041794
0.01353697824908535
0.013535690799506984
0.01353439306321531
0.013533083603600386
0.013531776495292705
0.013530458735215845
0.013529131722393811
0.013527806386248372
0.013526470225518849
0.013525124680836057
0.013523778188052223
0.013522413085970431
0.013521038600162056
0.013519664232794817
0.013518278803271147
0.013516885179286517
0.01351549155964937
0.01351409461454008
0.013512694025996719
0.01351129052727158
0.013509876931374532
0.01350845642782897
0.013507025841035471
0.013505582655715246
0.013504135900298227
0.013502685779460134
0.013501225430216758
0.013499758605695729
0.013498284720878807
0.013496803024962731
0.013495315506767719
0.01349381415274695
0.01349230122342096
0.013490787034643669
0.013489266050567595
0.013487740831883501
0.013486209085344428
0.013484669030673873
0.013483121970223806
0.013481568337291933
0.013480005949735252
0.013478436090186991
0.013476859732389386
0.013475275294997114
0.01347368337378136
0.013472075462011774
0.013470456138608264
0.013468828796364359
0.013467192033291622
0.013465560038642957
0.01346392165194215
0.013462272631316684
0.013460619194792483
0.013458949340253695
0.013457269198569996
0.01345558574215064
0.013453893987754633
0.013452189776153377
0.013450481640286564
0.013448764660168245
0.013447035101740498
0.013445300757088349
0.013443547448975853
0.013441783410779205
0.013440020625828612
0.013438246736269638
0.013436467783587269
0.013434682680652732
0.013432886495144762
0.013431080574965249
0.013429268725554973
0.013427446702635855
0.013425614223161837
0.013423775308606925
0.013421926156879115
0.013420057462698939
0.013418177452775723
0.013416295965554732
0.013414407464038115
0.013412512844045895
0.013410598440550647
0.013408676062428338
0.013406747490809699
0.013404806037540276
0.013402854809404872
0.01340089644056818
0.013398924588211342
0.013396944179242544
0.013394955538229697
0.013392943619505647
0.013390923936514117
0.01338890368494857
0.013386865328184516
0.013384823435804704
0.013382777538457796
0.013380714857899207
0.013378645715466373
0.013376569798809065
0.01337447340427444
0.013372371915723205
0.013370265211636327
0.013368137076135638
0.01336599916316963
0.013363852742699842
0.01336168607041679
0.013359514144512665
0.013357330007005076
0.013355130420536923
0.01335292425730176
0.01335070691195413
0.013348471655019472
0.013346230752234487
0.013343981389713145
0.013341701809712322
0.013339417091184372
0.013337129292843128
0.01333481895895611
0.013332503064886913
0.01333018522684751
0.013327845264810564
0.013325500433257868
0.01332314673458026
0.013320773662985416
0.013318392736751568
0.013316001860804413
0.01331360127357572
0.013311176319338033
0.013308737244548957
0.013306280560644887
0.01330381384361245
0.013301335251113768
0.013298839347178276
0.013296332987005157
0.013293815820633713
0.013291281249703352
0.013288725588475086
0.0132861595609499
0.0132835801060086
0.013280989191086542
0.013278388966458455
0.013275774955214174
0.01327315093913152
0.013270517359371436
0.01326786058671659
0.013265192079992695
0.013262526439276149
0.013259840376574017
0.013257131244827277
0.013254401056038406
0.013251650851998094
0.01324888533206209
0.013246112366659572
0.013243321461114406
0.013240508704748896
0.013237688763246566
0.013234841153727616
0.013231977516050791
0.013229108530937062
0.01322621879448942
0.013223317521468532
0.013220405454666137
0.013217473646894101
0.013214534091102256
0.013211580929274897
0.013208614431109322
0.01320563424613874
0.013202636785695429
0.013199609206304393
0.013196558841800746
0.013193495114578797
0.013190407753089248
0.013187305137639474
0.01318419212074301
0.01318105110169823
0.01317788739452726
0.013174716364361582
0.013171525250111999
0.013168311342687764
0.013165091581844549
0.013161853134964192
0.013158597229689803
0.01315533964947623
0.013152061558245986
0.013148757258365163
0.013145446234928037
0.013142112266016368
0.013138730097967675
0.013135340353332943
0.013131930299912914
0.01312849174690885
0.013125041518304872
0.013121570944346694
0.013118067887445965
0.013114553540797083
0.013111027873933792
0.013107471469487661
0.013103899972427151
0.013100331548539516
0.013096736366930787
0.013093117089937312
0.013089489452990896
0.013085833808246945
0.01308215312768041
0.013078444102870016
0.01307470180796353
0.013070933297953233
0.013067156648625244
0.013063342790641337
0.01305950383457253
0.013055657130740991
0.013051783844720636
0.013047890499965792
0.013043982180613447
0.013040061873978088
0.013036112591706348
0.013032145605100806
0.01302816563770602
0.013024148492019104
0.013020111853228246
0.01301604060658304
0.013011931027102193
0.013007795524759799
0.013003644009111047
0.012999458367922817
0.012995248575065302
0.01299103072681543
0.0129867882242647
0.012982507239624885
0.01297821980182909
0.012973919512759537
0.012969582596038722
0.01296522180691919
0.012960842922489849
0.012956436663842053
0.012951973655563016
0.012947487999129778
0.012942971309938883
0.012938426982771062
0.012933865602884093
0.012929270854094782
0.012924653614566971
0.012920007877517441
0.012915340700469515
0.01291065661025871
0.012905945862078529
0.012901211539446318
0.012896444422303014
0.012891650193844693
0.012886804582876788
0.012881919545151914
0.012877010589496925
0.012872071558546186
0.012867104416576937
0.012862109537119415
0.01285708293719532
0.012852031395675543
0.012846959116973805
0.012841861161683812
0.012836736741107743
0.012831574881207043
0.012826380984359932
0.012821140868679219
0.012815862603915984
0.012810553360606691
0.012805203380320308
0.012799826375031364
0.01279442193272757
0.012788974320636805
0.01278350444308014
0.01277801861825181
0.012772492636388605
0.012766935261559134
0.01276134978016026
0.012755726229020435
0.012750039897629715
0.01274431904173893
0.012738564368955011
0.012732763603044478
0.012726939300183126
0.012721084891368516
0.012715184036932352
0.012709264609642458
0.012703312468641896
0.012697323343721718
0.012691301876591787
0.012685243954722026
0.012679117447605982
0.012672949379666381
0.012666747672530562
0.012660496506494366
0.01265421168984893
0.012647902717458222
0.012641546138616276
0.012635156301716778
0.012628737097355848
0.012622284770224623
0.01261578707481584
0.01260924156160111
0.012602641339870756
0.012595975009129547
0.012589266472428693
0.01258254454290803
0.012575763158446367
0.012568931470936543
0.012562094222662629
0.01255521672165352
0.012548276374849232
0.012541313901798575
0.012534300140216106
0.01252719865093254
0.01252003865749128
0.012512869390413526
0.012505638067231937
0.012498351386947314
0.012491046743743803
0.012483705193124037
0.01247630431984878
0.01246886651568414
0.012461408106998268
0.012453840055194126
0.012446201911660277
0.012438549062306332
0.01243083072780307
0.012423061753759054
0.012415240245973928
0.01240740491166683
0.012399516586604408
0.01239159141237625
0.012383614222350943
0.012375526925233372
0.012367383663857921
0.012359198231424586
0.012350952955107132
0.012342661863135613
0.012334327717208693
0.012325948521107027
0.012317532375450966
0.012309074564494114
0.012300536431054412
0.012291877868771185
0.012283183899407689
0.01227444357885655
0.012265626328906506
0.012256759805698804
0.01224788023179138
0.012238949196406456
0.012229945392590716
0.01222088669125211
0.01221172250256144
0.012202461702796609
0.012193169245640388
0.012183826689796015
0.012174403037667803
0.012164955095219197
0.012155488006220736
0.01214592769441613
0.01213625849274444
0.0121265094359782
0.01211670580296447
0.01210681873831886
0.012096866306505335
0.012086897459217929
0.01207688022370271
0.012066768524964565
0.012056596683601152
0.012046332407916447
0.012035947243258184
0.012025508795890337
0.012015024802370055
0.012004452167933439
0.011993851060104812
0.011983209863103438
0.011972453172353754
0.011961573832598538
0.011950625926413954
0.01193962864166374
0.011928522896775
0.011917339739005191
0.011906158458629608
0.011894893967345888
0.011883503626346477
0.011872037913615725
0.011860502100920592
0.011848873702614284
0.011837168086293466
0.011825430233747356
0.011813632233899656
0.011801719302119925
0.011789734976837834
0.011777668153945615
0.01176550348038679
0.011753248536961958
0.01174093375661576
0.011728554988200753
0.011716100601686064
0.01170356336210946
0.011690912446217196
0.011678188416332884
0.011665361526462118
0.011652455271230553
0.011639474801715274
0.011626406980744927
0.01161327165759784
0.011600020083812848
0.011586676121472387
0.011573244625310258
0.011559711551902337
0.011546100668313459
0.011532389526648514
0.011518610095214904
0.011504714811614298
0.011490728085184454
0.01147665501807454
0.011462459138380413
0.011448177158389795
0.011433785982714396
0.011419316199068278
0.01140473831864326
0.011390074092681453
0.01137530070521089
0.011360383627313042
0.011345376687156027
0.011330280936114025
0.011315082812042566
0.01129976854449688
0.011284357016116303
0.01126885226389832
0.011253187208627035
0.011237417279031471
0.011221553555978916
0.011205594197837489
0.011189497740020437
0.011173305501594484
0.011156988864416751
0.011140513236576582
0.011123946045609566
0.011107280830071386
0.011090472558204872
0.011073531498092832
0.011056536025324032
0.011039368165634372
0.011022009000687862
0.011004565765078002
0.010987052842452832
0.0109693895327482
0.010951556798213287
0.01093358199421529
0.010915507643617747
0.010897290317497393
0.010878916001179375
0.010860430538909787
0.010841843205643886
0.010823050560463876
0.01080411705282691
0.010785068903563563
0.0107658679752244
0.010746492027575046
0.01072702631757823
0.010707413940106244
0.010687592948517339
0.01066759246522096
0.010647501241884516
0.010627271666093473
0.010606869163927292
0.01058626597543047
0.010565531989975254
0.010544633171478619
0.01052356076170092
0.010502332155583724
0.010480976056494685
0.010459400659121694
0.01043763451456605
0.010415712868415772
0.010393621006217865
0.010371385290518948
0.010348969586404685
0.010326321428921297
0.010303475276716014
0.010280489813639031
0.010257336231722092
0.01023398726361588
0.010210411320046155
0.01018665177718982
0.010162718693836479
0.010138531493366703
0.010114191800848243
0.010089697177868428
0.010064950344185778
0.010039919846690415
0.01001471671363997
0.009989410053264513
0.009963865275691
0.009937987178280185
0.009911900379763566
0.009885704437230107
0.009859224832603153
0.009832497018263362
0.009805549668824824
0.009778410642406978
0.009750945863334502
0.009723267929158659
0.009695417773478704
0.009667361374413779
0.009638862334005226
0.0096101657061098
0.009581326399499657
0.009552284196150227
0.009522824450174326
0.009493025806941042
0.009463105817143075
0.009432970319680692
0.009402487125685774
0.009371658618638477
0.009340575438368132
0.009309222251946482
0.00927759374364725
0.009245715435998045
0.009213476171345596
0.009180866442517855
0.009147996034628727
0.00911491539280744
0.009081524979988173
0.009047644727326254
0.009013435630379128
0.008979020884467814
0.008944337182687404
0.008909199922972321
0.008873663070156046
0.008837905512676287
0.008801897564584027
0.008765520780995522
0.008728755152988743
0.008691699282187496
0.00865437987573436
0.00861668432131916
0.008578586088908142
0.008540138720325956
0.008501382585689532
0.008462258582289177
0.008422725410369052
0.00838280530733835
0.008342498052740616
0.008301818453359307
0.008260761658022161
0.008219275728414332
0.00817731484900513
0.00813495849432763
0.008092213551405172
0.008049001949384736
0.008005290440480442
0.007961130865290102
0.007916550500531087
0.007871456225866586
0.007825848468790562
0.0077797267221769205
0.0077331578893715695
0.007686015562342115
0.007638345586728803
0.007590104342703098
0.007541348440720476
0.0074919618179821335
0.007442033412897351
0.00739146745149519
0.007340331466443808
0.007288483813615255
0.007236064176868431
0.0071829594674261135
0.0071291965153739536
0.007074623739227331
0.007019441769287187
0.006963489063037555
0.0069068200158794845
0.006849303658830539
0.006790993046067009
0.006731825338490502
0.00667189137099493
0.006611068906631126
0.006549311181424976
0.006486610433035147
0.0064229549467010386
0.006358349117938181
0.006292706768729229
0.006226001371126123
0.00615814171826174
0.00608916221130646
0.0060190059621635155
0.005947744643225251
0.005875148757220564
0.005801144793710544
0.005725693226025476
0.0056489650236508536
0.005570806325834084
0.005491000190486125
0.005409461069394241
0.005326311074574748
0.005241416321189032
0.005154546259419926
0.005065629900401696
0.004974742013451295
0.004881672280355493
0.0047861420565356895
0.004688070408065323
0.004587372332578435
0.004483966477233681
0.004377537161624351
0.00426767663894528
0.0041542737616616756
0.004037345207995115
0.003916598490341995
0.0037914277388935293
0.0036614627864423903
0.0035263813864433407
0.003385600920852495
0.0032378070573436174
0.003082001998708784
0.002917221160551154
0.0027420141844386194
0.002553962499083514
0.0023493416494638508
0.0021233460301911446
0.0018688700955375168
0.0015724357497187648
0.0012019608134957104
0.0006380513639771263
0.0
0.0
0.0
0.0
0.0
0.0
0.0
0.0
0.0
0.0
0.0
0.0
0.0
0.0
0.0
0.0
0.0
0.0
0.0
0.0
0.0
0.0
0.0
0.0
0.0
0.0
0.0
0.0
0.0
0.0
0.0
0.0
0.0
0.0
0.0
0.0
0.0
0.0
0.0
0.0
0.0
0.0
0.0
0.0
0.0
0.0
0.0
0.0
0.0
0.0
0.0
0.0
0.0
0.0
0.0
0.0
0.0
0.0
0.0
0.0
0.0
0.0
0.0
0.0
0.0
0.0
0.0
0.0
0.0
0.0
0.0
0.0
0.0
0.0
0.0
0.0
0.0
0.0
0.0
0.0
0.0
0.0
0.0
0.0
0.0
0.0
0.0
0.0
0.0
0.0
0.0
0.0
0.0
0.0
0.0
0.0
0.0
0.0
0.0
0.0
0.0
0.0
0.0
0.0
0.0
0.0
0.0
0.0
0.0
0.0
0.0
0.0
0.0
0.0
0.0
0.0
0.0
0.0
0.0
0.0
0.0
0.0
0.0
0.0
0.0
0.0
0.0
0.0
0.0
0.0
0.0
0.0
0.0
0.0
0.0
0.0
0.0
0.0
0.0
0.0
0.0
0.0
0.0
0.0
0.0
0.0
0.0
0.0
0.0
0.0
0.0
0.0
0.0
0.0
0.0
0.0
0.0
0.0
0.0
0.0
0.0
0.0
0.0
0.0
0.0
0.0
0.0
0.0
0.0
0.0
0.0
0.0
0.0
0.0
0.0
0.0
0.0
0.0
0.0
0.0
0.0
0.0
0.0
0.0
0.0
0.0
0.0
0.0
0.0
0.0
0.0
0.0
0.0
0.0
0.0
0.0
0.0
0.0
0.0
0.0
0.0
0.0
0.0
0.0
0.0
0.0
0.0
0.0
0.0
0.0
0.0
0.0
0.0
0.0
0.0
0.0
0.0
0.0
0.0
0.0
0.0
0.0
0.0
0.0
0.0
0.0
0.0
0.0
0.0
0.0
0.0
0.0
0.0
0.0
0.0
0.0
0.0
0.0
0.0
0.0
0.0
0.0
0.0
0.0
0.0
0.0
0.0
0.0
0.0
0.0
0.0
0.0
0.0
0.0
0.0
0.0
0.0
0.0
0.0
0.0
0.0
0.0
0.0
0.0
0.0
0.0
0.0
0.0
0.0
0.0
0.0
0.0
0.0
0.0
0.0
0.0
0.0
0.0
0.0
0.0
0.0
0.0
0.0
0.0
0.0
0.0
0.0
0.0
0.0
0.0
0.0
0.0
0.0
0.0
0.0
0.0
0.0
0.0
0.0
0.0
0.0
0.0
0.0
0.0
0.0
0.0
0.0
0.0
0.0
0.0
0.0
0.0
0.0
0.0
0.0
0.0
0.0
0.0
0.0
0.0
0.0
0.0
0.0
0.0
0.0
0.0
0.0
0.0
0.0
0.0
0.0
0.0
0.0
0.0
0.0
0.0
0.0
0.0
0.0
0.0
0.0
0.0
0.0
0.0
0.0
0.0
0.0
0.0
0.0
0.0
0.0
0.0
0.0
0.0
0.0
0.0
0.0
0.0
0.0
0.0
0.0
0.0
0.0
0.0
0.0
0.0
0.0
0.0
0.0
0.0
0.0
0.0
0.0
0.0
0.0
0.0
0.0
0.0
0.0
0.0
0.0
0.0
0.0
0.0
0.0
0.0
0.0
0.0
0.0
0.0
0.0
0.0
0.0
0.0
0.0
0.0
0.0
0.0
0.0
0.0
0.0
0.0
0.0
0.0
0.0
0.0
0.0
0.0
0.0
0.0
0.0
0.0
0.0
0.0
0.0
0.0
0.0
0.0
0.0
0.0
0.0
0.0
0.0
0.0
0.0
0.0
0.0
0.0
0.0
0.0
0.0
0.0
0.0
0.0
0.0
0.0
0.0
0.0
0.0
0.0
0.0
0.0
0.0
0.0
0.0
0.0
0.0
0.0
0.0
0.0
0.0
0.0
0.0
0.0
0.0
0.0
0.0
0.0
0.0
0.0
0.0
0.0
0.0
0.0
0.0
0.0
0.0
0.0
0.0
0.0
0.0
0.0
0.0
0.0
0.0
0.0
0.0
0.0
0.0
0.0
0.0
0.0
0.0
0.0
0.0
0.0
0.0
0.0
0.0
0.0
0.0
0.0
0.0
0.0
0.0
0.0
0.0
0.0
0.0
0.0
0.0
0.0
0.0
0.0
0.0
0.0
0.0
0.0
0.0
0.0
0.0
0.0
0.0
0.0
0.0
0.0
0.0
0.0
0.0
0.0
0.0
0.0
0.0
0.0
0.0
0.0
0.0
0.0
0.0
0.0
0.0
0.0
0.0
0.0
0.0
0.0
0.0
0.0
0.0
0.0
0.0
0.0
0.0
0.0
0.0
0.0
0.0
0.0
0.0
0.0
0.0
0.0
0.0
0.0
0.0
0.0
0.0
0.0
0.0
0.0
0.0
0.0
0.0
0.0
0.0
0.0
0.0
0.0
0.0
0.0
0.0
0.0
0.0
0.0
0.0
0.0
0.0
0.0
0.0
0.0
0.0
0.0
0.0
0.0
0.0
0.0
0.0
0.0
0.0
0.0
0.0
0.0
0.0
0.0
0.0
0.0
0.0
0.0
0.0
0.0
0.0
0.0
0.0
0.0
0.0
0.0
0.0
0.0
0.0
0.0
0.0
0.0
0.0
0.0
0.0
0.0
0.0
0.0
0.0
0.0
0.0
0.0
0.0
0.0
0.0
0.0
0.0
0.0
0.0
0.0
0.0
0.0
0.0
0.0
0.0
0.0
0.0
0.0
0.0
0.0
0.0
0.0
0.0
0.0
0.0
0.0
0.0
0.0
0.0
0.0
0.0
0.0
0.0
0.0
0.0
0.0
0.0
0.0
0.0
0.0
0.0
0.0
0.0
0.0
0.0
0.0
0.0
0.0
0.0
0.0
0.0
0.0
0.0
0.0
0.0
0.0
0.0
0.0
0.0
0.0
0.0
0.0
0.0
0.0
0.0
0.0
0.0
0.0
0.0
0.0
0.0
0.0
0.0
0.0
0.0
0.0
0.0
0.0
0.0
0.0
0.0
0.0
0.0
0.0
0.0
0.0
0.0
0.0
0.0
0.0
0.0
0.0
0.0
0.0
0.0
0.0
0.0
0.0
0.0
0.0
0.0
0.0
0.0
0.0
0.0
0.0
0.0
0.0
0.0
0.0
0.0
0.0
0.0
0.0
0.0
0.0
0.0
0.0
0.0
0.0
0.0
0.0
0.0
0.0
0.0
0.0
0.0
0.0
0.0
0.0
0.0
0.0
0.0
0.0
0.0
0.0
0.0
0.0
0.0
0.0
0.0
0.0
0.0
0.0
0.0
0.0
0.0
0.0
0.0
0.0
0.0
0.0
0.0
0.0
0.0
0.0
0.0
0.0
0.0
0.0
0.0
0.0
0.0
0.0
0.0
0.0
0.0
0.0
0.0
0.0
0.0
0.0
0.0
0.0
0.0
0.0
0.0
0.0
0.0
0.0
0.0
0.0
0.0
0.0
0.0
0.0
0.0
0.0
0.0
0.0
0.0
0.0
0.0
0.0
0.0
0.0
0.0
0.0
0.0
0.0
0.0
0.0
0.0
0.0
0.0
0.0
0.0
0.0
0.0
0.0
0.0
0.0
0.0
0.0
0.0
0.0
0.0
0.0
0.0
0.0
0.0
0.0
0.0
0.0
0.0
0.0
0.0
0.0
0.0
0.0
0.0
0.0
0.0
0.0
0.0
0.0
0.0
0.0
0.0
0.0
0.0
0.0
0.0
0.0
0.0
0.0
0.0
0.0
0.0
0.0
0.0
0.0
0.0
0.0
0.0
0.0
0.0
0.0
0.0
0.0
0.0
0.0
0.0
0.0
0.0
0.0
0.0
0.0
0.0
0.0
0.0
0.0
0.0
0.0
0.0
0.0
0.0
0.0
0.0
0.0
0.0
0.0
0.0
0.0
0.0
0.0
0.0
0.0
0.0
0.0
0.0
0.0
0.0
0.0
0.0
0.0
0.0
0.0
0.0
0.0
0.0
0.0
0.0
0.0
0.0
0.0
0.0
0.0
0.0
0.0
0.0
0.0
0.0
0.0
0.0
0.0
0.0
0.0
0.0
0.0
0.0
0.0
0.0
0.0
0.0
0.0
0.0
0.0
0.0
0.0
0.0
0.0
0.0
0.0
0.0
0.0
0.0
0.0
0.0
0.0
0.0
0.0
0.0
0.0
0.0
0.0
0.0
0.0
0.0
0.0
0.0
0.0
0.0
0.0
0.0
0.0
0.0
0.0
0.0
0.0
0.0
0.0
0.0
0.0
0.0
0.0
0.0
0.0
0.0
0.0
0.0
0.0
0.0
0.0
0.0
0.0
0.0
0.0
0.0
0.0
0.0
0.0
0.0
0.0
0.0
0.0
0.0
0.0
0.0
0.0
0.0
0.0
0.0
0.0
0.0
0.0
0.0
0.0
0.0
0.0
0.0
0.0
0.0
0.0
0.0
0.0
0.0
0.0
0.0
0.0
0.0
0.0
0.0
0.0
0.0
0.0
0.0
0.0
0.0
0.0
0.0
0.0
0.0
0.0
0.0
0.0
0.0
0.0
0.0
0.0
0.0
0.0
0.0
0.0
0.0
0.0
0.0
0.0
0.0
0.0
0.0
0.0
0.0
0.0
0.0
0.0
0.0
0.0
0.0
0.0
0.0
0.0
0.0
0.0
0.0
0.0
0.0
0.0
0.0
0.0
0.0
0.0
0.0
0.0
0.0
0.0
0.0
0.0
0.0
0.0
0.0
0.0
0.0
0.0
0.0
0.0
0.0
0.0
0.0
0.0
0.0
0.0
0.0
0.0
0.0
0.0
0.0
0.0
0.0
0.0
0.0
0.0
0.0
0.0
0.0
0.0
0.0
0.0
0.0
0.0
0.0
0.0
0.0
0.0
0.0
0.0
0.0
0.0
0.0
0.0
0.0
0.0
0.0
0.0
0.0
0.0
0.0
0.0
0.0
0.0
0.0
0.0
0.0
0.0
0.0
0.0
0.0
0.0
0.0
0.0
0.0
0.0
0.0
0.0
0.0
0.0
0.0
0.0
0.0
0.0
0.0
0.0
0.0
0.0
0.0
0.0
0.0
0.0
0.0
0.0
0.0
0.0
0.0
0.0
0.0
0.0
0.0
0.0
0.0
0.0
0.0
0.0
0.0
0.0
0.0
0.0
0.0
0.0
0.0
0.0
0.0
0.0
0.0
0.0
0.0
0.0
0.0
0.0
0.0
0.0
0.0
0.0
0.0
0.0
0.0
0.0
0.0
0.0
0.0
0.0
0.0
0.0
0.0
0.0
0.0
0.0
0.0
0.0
0.0
0.0
0.0
0.0
0.0
0.0
0.0
0.0
0.0
0.0
0.0
0.0
0.0
0.0
0.0
0.0
0.0
0.0
0.0
0.0
0.0
0.0
0.0
0.0
0.0
0.0
0.0
0.0
0.0
0.0
0.0
0.0
0.0
0.0
0.0
0.0
0.0
0.0
0.0
0.0
0.0
0.0
0.0
0.0
0.0
0.0
0.0
0.0
0.0
0.0
0.0
0.0
0.0
0.0
0.0
0.0
0.0
0.0
0.0
0.0
0.0
0.0
0.0
0.0
0.0
0.0
0.0
0.0
0.0
0.0
0.0
0.0
0.0
0.0
0.0
0.0
0.0
0.0
0.0
0.0
0.0
0.0
0.0
0.0
0.0
0.0
0.0
0.0
0.0
0.0
0.0
0.0
0.0
0.0
0.0
0.0
0.0
0.0
0.0
0.0
0.0
0.0
0.0
0.0
0.0
0.0
0.0
0.0
0.0
0.0
0.0
0.0
0.0
0.0
0.0
0.0
0.0
0.0
0.0
0.0
0.0
0.0
0.0
0.0
0.0
0.0
0.0
0.0
0.0
0.0
0.0
0.0
0.0
0.0
0.0
0.0
0.0
0.0
0.0
0.0
0.0
0.0
0.0
0.0
0.0
0.0
0.0
0.0
0.0
0.0
0.0
0.0
0.0
0.0
0.0
0.0
0.0
0.0
0.0
0.0
0.0
0.0
0.0
0.0
0.0
0.0
0.0
0.0
0.0
0.0
0.0
0.0
0.0
0.0
0.0
0.0
0.0
0.0
0.0
0.0
0.0
0.0
0.0
0.0
0.0
0.0
0.0
0.0
0.0
0.0
0.0
0.0
0.0
0.0
0.0
0.0
0.0
0.0
0.0
0.0
0.0
0.0
0.0
0.0
0.0
0.0
0.0
0.0
0.0
0.0
0.0
0.0
0.0
0.0
0.0
0.0
0.0
0.0
0.0
0.0
0.0
0.0
0.0
0.0
0.0
0.0
0.0
0.0
0.0
0.0
0.0
0.0
0.0
0.0
0.0
0.0
0.0
0.0
0.0
0.0
0.0
0.0
0.0
0.0
0.0
0.0
0.0
0.0
0.0
0.0
0.0
0.0
0.0
0.0
0.0
0.0
0.0
0.0
0.0
0.0
0.0
0.0
0.0
0.0
0.0
0.0
0.0
0.0
0.0
0.0
0.0
0.0
0.0
0.0
0.0
0.0
0.0
0.0
0.0
0.0
0.0
0.0
0.0
0.0
0.0
0.0
0.0
0.0
0.0
0.0
0.0
0.0
0.0
0.0
0.0
0.0
0.0
0.0
0.0
0.0
0.0
0.0
0.0
0.0
0.0
0.0
0.0
0.0
0.0
0.0
0.0
0.0
0.0
0.0
0.0
0.0
0.0
0.0
0.0
0.0
0.0
0.0
0.0
0.0
0.0
0.0
0.0
0.0
0.0
0.0
0.0
0.0
0.0
0.0
0.0
0.0
0.0
0.0
0.0
0.0
0.0
0.0
0.0
0.0
0.0
0.0
0.0
0.0
0.0
0.0
0.0
0.0
0.0
0.0
0.0
0.0
0.0
0.0
0.0
0.0
0.0
0.0
0.0
0.0
0.0
0.0
0.0
0.0
0.0
0.0
0.0
0.0
0.0
0.0
0.0
0.0
0.0
0.0
0.0
0.0
0.0
0.0
0.0
0.0
0.0
0.0
0.0
0.0
0.0
0.0
0.0
0.0
0.0
0.0
0.0
0.0
0.0
0.0
0.0
0.0
0.0
0.0
0.0
0.0
0.0
0.0
0.0
0.0
0.0
0.0
0.0
0.0
0.0
0.0
0.0
0.0
0.0
0.0
0.0
0.0
