0.031902753789497654
0.03190278660474954
0.031902817387165446
0.03190284678722097
0.031902874486492816
0.03190290148215686
0.031902927703263265
0.03190295286404472
0.031902977168461556
0.03190300102968013
0.03190302444089433
0.03190304725284432
0.03190306944639963
0.03190309119543792
0.031903112558585564
0.03190313358091896
0.03190315421969507
0.03190317469196249
0.03190319496635029
0.031903214912048
0.03190323424452272
0.03190325345766221
0.03190327258041259
0.03190329157925866
0.03190331032582462
0.03190332897505593
0.031903347481817466
0.03190336580020245
0.03190338383446434
0.03190340175139302
0.031903419568827904
0.03190343730235604
0.031903454908907496
0.03190347236900945
0.031903489765221844
0.03190350711348963
0.031903524367730016
0.0319035415030109
0.031903558583737564
0.03190357558900147
0.03190359248991284
0.031903609180570294
0.03190362584547553
0.03190364248697847
0.03190365910686113
0.03190367566180765
0.031903692151994886
0.0319037085826874
0.031903724959586904
0.03190374130424026
0.0319037575434604
0.031903773762654034
0.031903789967996164
0.031903806155242485
0.03190382225894438
0.03190383826455476
0.0319038542443342
0.031903870205060095
0.03190388614878407
0.031903902031358934
0.03190391787239393
0.03190393367718817
0.031903949456884455
0.03190396523725677
0.03190398097644388
0.03190399672114934
0.03190401246820447
0.03190402821138589
0.0319040439276368
0.031904059533942514
0.031904075104996245
0.03190409064904503
0.0319041061758621
0.03190412168780659
0.031904137168071875
0.03190415264774026
0.0319041681220827
0.03190418359152091
0.031904199058240615
0.031904214505399445
0.03190422995762672
0.03190424540722514
0.031904260845033734
0.03190427624754682
0.031904291603079206
0.031904306964148456
0.03190432233264536
0.03190433770908397
0.03190435309078078
0.03190436845544284
0.03190438380863652
0.03190439913293754
0.03190441443602279
0.03190442975024721
0.03190444504783724
0.03190446035202067
0.03190447566058624
0.03190449097345641
0.031904506290722466
0.031904521575557225
0.03190453685876655
0.03190455214927392
0.03190456744268258
0.03190458273994525
0.031904598049757225
0.031904613348477995
0.03190462864698182
0.03190464394522592
0.03190465924800869
0.031904674561228676
0.031904689856038476
0.03190470514747497
0.03190472042944009
0.031904735701159134
0.031904750969881386
0.03190476624911219
0.031904781513184405
0.031904796789921405
0.03190481208435806
0.031904827396538826
0.03190484272412639
0.03190485806042894
0.03190487337209416
0.031904888683884386
0.031904904000981595
0.03190491932434144
0.03190493465283286
0.031904949982930135
0.03190496531734848
0.03190498066756434
0.03190499602771109
0.031905011397365096
0.03190502678027422
0.031905042160901856
0.03190505753920512
0.031905072926378446
0.03190508832142435
0.0319051037249325
0.0319051191359122
0.031905134529234054
0.0319051499164664
0.031905165317736905
0.03190518073499028
0.03190519616804383
0.031905211615245274
0.031905227070812184
0.031905242520590904
0.03190525797945022
0.03190527345229518
0.031905288947402084
0.031905304468105855
0.031905320005620796
0.03190533554470803
0.031905351095536584
0.031905366660252316
0.03190538222959308
0.03190539780128475
0.03190541338262891
0.03190542896965158
0.03190544455882478
0.03190546015701821
0.031905475778896214
0.031905491423156504
0.03190550708013588
0.03190552274459557
0.031905538395842044
0.03190555406888423
0.03190556975255738
0.031905585441943635
0.03190560114737423
0.031905616881537424
0.03190563263461981
0.03190564838559642
0.03190566416446009
0.03190567995822783
0.031905695765942245
0.031905711593734246
0.03190572744332694
0.031905743294624686
0.031905759148732026
0.03190577500556074
0.03190579087089081
0.03190580675388025
0.031905822652356426
0.031905838563190576
0.03190585451093569
0.031905870453660286
0.031905886422318376
0.031905902409246824
0.031905918417348994
0.0319059344460793
0.03190595048723605
0.03190596652967219
0.03190598257775343
0.03190599864446162
0.03190601473407379
0.03190603083621551
0.03190604694997221
0.03190606307925577
0.03190607922606674
0.031906095390265045
0.03190611156300144
0.031906127732578095
0.03190614393526162
0.03190616015434523
0.03190617638993918
0.03190619265447926
0.03190620893580967
0.03190622524268502
0.031906241560360114
0.03190625789427989
0.03190627425665989
0.031906290630212886
0.03190630701626691
0.031906323430505604
0.03190633985583002
0.03190635628144213
0.0319063727407317
0.03190638921065649
0.03190640568867089
0.03190642219933476
0.031906438733178284
0.031906455264851016
0.03190647182106542
0.03190648840655716
0.03190650499187701
0.031906521593734326
0.03190653823148519
0.03190655488452784
0.03190657153874973
0.03190658821522489
0.03190660494356033
0.03190662165580213
0.03190663838577841
0.03190665514370417
0.03190667192824504
0.03190668873278945
0.031906705557614864
0.03190672241196078
0.03190673929804992
0.03190675619303208
0.03190677309882975
0.03190679001578109
0.03190680695433065
0.03190682390593962
0.031906840869698715
0.03190685786321999
0.03190687489261379
0.03190689194071554
0.03190690900418134
0.031906926092404544
0.03190694320083313
0.03190696031925258
0.03190697745867854
0.0319069946064397
0.03190701177108133
0.031907028968444065
0.03190704619422406
0.03190706342988359
0.03190708068643193
0.031907097958721785
0.03190711524459681
0.03190713256595383
0.03190714991848447
0.03190716729135425
0.03190718467275535
0.03190720206672309
0.031907219494687146
0.031907236943037404
0.031907254414710186
0.03190727190556732
0.03190728942369639
0.0319073069611071
0.031907324513022986
0.031907342084682384
0.03190735968920718
0.03190737732370807
0.031907394960530924
0.03190741261914142
0.03190743031949474
0.0319074480310003
0.03190746575938104
0.03190748351263203
0.03190750130187958
0.03190751911663347
0.03190753694878039
0.03190755480123696
0.03190757267357603
0.03190759057369753
0.03190760849123759
0.031907626407343986
0.03190764434012724
0.031907662298342195
0.031907680299005134
0.03190769832392161
0.0319077163619813
0.03190773442096548
0.031907752504024556
0.0319077706055538
0.031907788744285896
0.03190780690073649
0.03190782507059418
0.031907843258700455
0.03190786147390485
0.03190787972888789
0.03190789801325567
0.03190791632398131
0.03190793465951482
0.03190795301047046
0.031907971406955324
0.03190798996769153
0.031908008549181126
0.03190802714893373
0.031908045765035704
0.031908064401117736
0.03190808306008841
0.031908101746964325
0.03190812046834349
0.031908139219916185
0.031908157990835934
0.031908176781588755
0.031908195601847204
0.03190821445127112
0.03190823331327863
0.03190825218855024
0.03190827109779373
0.03190829005138686
0.03190830902506083
0.03190832801408997
0.03190834701851291
0.03190836604282485
0.03190838509687396
0.03190840418379071
0.0319084232980532
0.031908442434814
0.03190846159705125
0.031908480786228745
0.03190850000046918
0.03190851924729267
0.031908538512559835
0.031908557791551675
0.031908577097481516
0.03190859643087673
0.031908615788666224
0.031908635176242484
0.031908654593273016
0.03190867403957803
0.0319086935138329
0.03190871301033725
0.03190873252705654
0.0319087520761845
0.03190877165364039
0.03190879125107477
0.03190881087211168
0.0319088305212946
0.031908850194216756
0.031908869887772466
0.03190888960814706
0.031908909359518005
0.03190892913527654
0.0319089489358143
0.03190896876118346
0.031908988607814735
0.03190900847822568
0.03190902837524434
0.03190904829756325
0.03190906825789279
0.0319090882561116
0.031909108275038914
0.03190912830535234
0.03190914834952912
0.03190916841416516
0.031909188509521604
0.031909208640786335
0.031909228792478296
0.03190924896916582
0.03190926918762392
0.03190928943465777
0.03190930970357791
0.031909330000607715
0.03190935032320561
0.031909370666326306
0.031909391029492334
0.031909411415113116
0.03190943182491425
0.03190945226096066
0.031909472723549916
0.03190949322087354
0.03190951376548872
0.031909534337279936
0.03190955492620995
0.03190957553853099
0.03190959617829939
0.03190961684210543
0.03190963753149953
0.03190965824388558
0.03190967897926782
0.0319096997413139
0.03190972051953908
0.03190974133578084
0.0319097621841052
0.03190978305119815
0.031909803945177805
0.03190982487433494
0.03190984583539173
0.031909866818399094
0.03190988782291381
0.031909908846818845
0.031909929889424475
0.03190995094775034
0.03190997205406437
0.03190999318308862
0.03191001434061892
0.0319100355328608
0.03191005675462442
0.0319100779945467
0.0319100992473173
0.031910120510819096
0.03191014181126567
0.03191016316809696
0.03191018456184417
0.03191020597104196
0.03191022739765245
0.03191024884743107
0.03191027032119749
0.03191029181866238
0.031910313330888146
0.03191033491375457
0.03191035651406696
0.03191037813503152
0.03191039977781373
0.03191042144181551
0.03191044312557777
0.03191046482444696
0.031910486544541386
0.03191050830481395
0.031910530097677484
0.031910551916458946
0.03191057376907181
0.031910595653838754
0.03191061755737036
0.031910639475440615
0.031910661423458234
0.03191068341053455
0.031910705421978505
0.031910727462863664
0.031910749532651675
0.031910771628544825
0.03191079363985576
0.03191081541423993
0.031910837202425164
0.03191085901680756
0.03191088086362714
0.03191090273026249
0.031910924605267656
0.031910946507679526
0.03191096845118406
0.03191099042628261
0.031911012422450244
0.0319110344336313
0.031911056450787775
0.03191107847534061
0.031911100539006386
0.03191112266494036
0.0319111448106701
0.03191116697185884
0.03191118914766467
0.031911211332219344
0.03191123357289849
0.03191125584143158
0.031911278118821426
0.031911300396798715
0.031911322694763204
0.03191134501139609
0.03191136739506479
0.03191138981334125
0.03191141225527016
0.03191143471410663
0.031911457176724924
0.03191147965227962
0.031911502158121316
0.03191152469211815
0.031911547256869066
0.03191156984918974
0.03191159244991549
0.03191161507768679
0.031911637756186016
0.031911660447849995
0.031911683142816255
0.03191170583464763
0.0319117285618242
0.031911751374891245
0.03191177420339293
0.03191179703667174
0.03191181987558376
0.03191184269337064
0.0319118655818893
0.03191188847927032
0.03191191139455542
0.03191193433513462
0.03191195727720804
0.031911980282750455
0.031912003312381955
0.03191202634445655
0.031912049375387185
0.03191207241391423
0.03191209551982236
0.0319121186800874
0.03191214185544615
0.031912165032163355
0.03191218819821678
0.03191221138493558
0.03191223463269633
0.03191225792138472
0.031912281223052605
0.03191230452738802
0.03191232784917262
0.031912351203338025
0.03191237455113484
0.03191239791999256
0.031912421292777146
0.031912444736542825
0.03191246820866458
0.0319124916969352
0.03191251516673773
0.03191253862722021
0.03191256218990021
0.03191258576339918
0.031912609339150064
0.03191263289436349
0.03191265647234066
0.03191268009326203
0.03191270376800893
0.03191272745655412
0.03191275113735079
0.03191277485764742
0.03191279859550727
0.03191282232011544
0.03191284603309843
0.03191286979963867
0.03191289362686056
0.03191291747335464
0.03191294131189357
0.03191296515285332
0.031912989040330235
0.03191301296140932
0.03191303687508041
0.031913060782144745
0.03191308471556866
0.03191310871037391
0.03191313272373693
0.0319131567302598
0.03191318072281572
0.03191320477339319
0.031913228808700136
0.031913252859070554
0.03191327692716216
0.03191330107843322
0.03191332523445
0.03191334938112611
0.031913373493578076
0.03191339767128695
0.03191342187104375
0.03191344609248316
0.03191347030015156
0.03191349450299228
0.03191351878800312
0.03191354308090825
0.03191356734539974
0.03191359161951371
0.03191361592007892
0.03191364026323663
0.031913664609856854
0.03191368896250008
0.03191371334680801
0.03191373772556933
0.03191376211745772
0.031913786541519176
0.03191381100630899
0.031913835479090095
0.031913859916114944
0.031913884356088426
0.03191390885535875
0.0319139333908356
0.031913957906419925
0.03191398240758455
0.03191400694156671
0.031914031502679005
0.031914056040151115
0.031914080575753914
0.031914105173181787
0.03191412979965896
0.0319141544272178
0.031914179035288315
0.03191420369072385
0.03191422833398541
0.03191425297783112
0.03191427762920351
0.031914302341720616
0.03191432702923621
0.03191435168302665
0.03191437639109091
0.03191440115368221
0.03191442588517566
0.03191445056765369
0.03191447525161998
0.031914500025674
0.03191452480824404
0.03191454954398004
0.03191457432956994
0.031914599161846934
0.03191462395600028
0.031914648710377976
0.03191467355150434
0.03191469839655341
0.03191472322779743
0.031914748022198194
0.03191477284178945
0.03191479766766375
0.03191482250850468
0.031914847403028274
0.03191487230656296
0.03191489715587906
0.03191492198824475
0.03191494688609284
0.03191497179134997
0.031914996657449145
0.0319150215054984
0.03191504641124507
0.03191507133435683
0.03191509618688626
0.031915121068584934
0.0319151459814168
0.03191517089535125
0.031915195795172144
0.031915220724943065
0.031915245666067266
0.03191527056932794
0.03191529546328072
0.03191532038174503
0.03191534530613322
0.03191537020712857
0.03191539512267564
0.03191542005007828
0.03191544495807503
0.031915469880857875
0.03191549482433313
0.03191551973131477
0.03191554457926153
0.03191556946499697
0.03191559441364158
0.03191561932563425
0.03191564420117246
0.03191566910246526
0.03191569402918633
0.031915718903300375
0.031915743760919914
0.031915768673846746
0.031915793590852844
0.03191581848512217
0.03191584336940257
0.0319158682477631
0.03191589310259692
0.03191591795198769
0.031915942830290964
0.031915967657981395
0.03191599244074302
0.0319160172627864
0.03191604209501392
0.0319160669349294
0.03191609175175544
0.031916116551171186
0.03191614129058225
0.031916166051512325
0.03191619085948432
0.03191621560593799
0.031916240299869496
0.031916265050076054
0.03191628982236651
0.031916314517317676
0.0319163391362878
0.03191636383962506
0.03191638852254114
0.03191641313604577
0.03191643780602385
0.03191646245981981
0.031916487062157495
0.03191651161553788
0.03191653621053218
0.03191656079264103
0.03191658532939641
0.031916609885303544
0.031916634393253915
0.03191665885114241
0.03191668338265981
0.03191670787443269
0.03191673231197112
0.031916756719115
0.031916781112800385
0.031916805478094036
0.03191682982573539
0.031916854199280746
0.03191687850486584
0.031916902770888184
0.031916927144837064
0.03191695143828595
0.03191697562512577
0.03191699983181765
0.031917024056187626
0.031917048185891944
0.03191707226149509
0.0319170964320918
0.03191712054948226
0.03191714456223807
0.03191716858943221
0.031917192589278505
0.03191721650508288
0.03191724048001239
0.03191726442470028
0.03191728829269959
0.031917312145285794
0.03191733595161871
0.03191735976820433
0.03191738353867323
0.03191740732141762
0.03191743100464975
0.031917454618875206
0.03191747828440019
0.03191750189900036
0.03191752544671037
0.03191754898812193
0.03191757246950774
0.031917595879003995
0.03191761936933924
0.03191764275228276
0.0319176660090122
0.031917689367874896
0.031917712681340936
0.03191773586039135
0.03191775899482127
0.03191778219646339
0.03191780530114611
0.03191782826459
0.031917851342393
0.03191787435296141
0.03191789724270392
0.0319179201217396
0.0319179429915048
0.0319179657331353
0.031917988472701275
0.03191801119047161
0.03191803382734575
0.031918056475458846
0.03191807905272515
0.031918101506540224
0.031918123946585504
0.03191814633131412
0.03191816868370788
0.03191819099843828
0.03191821322537032
0.031918235414289016
0.0319182575396605
0.03191827966668812
0.03191830168187613
0.03191832361682108
0.03191834552447845
0.031918367356989434
0.03191838915539633
0.03191841091283743
0.031918432557746214
0.031918454159316025
0.03191847576474518
0.03191849722016847
0.03191851857632782
0.03191853998573281
0.03191856127937581
0.031918582420761996
0.03191860363238355
0.03191862475728834
0.031918645730197766
0.03191866671210944
0.03191868762519396
0.03191870840278744
0.03191872915378738
0.03191874983136612
0.0319187703879436
0.03191879091858554
0.031918811386777275
0.031918831745212456
0.03191885205142831
0.03191887229277784
0.0319188924354736
0.031918912506912554
0.03191893248785491
0.03191895237889296
0.03191897220594379
0.0319189919461473
0.031919011591852856
0.03191903115402401
0.03191905063459919
0.03191907005181887
0.03191908939919174
0.031919108645236206
0.03191912775022135
0.0319191467737611
0.03191916574897791
0.03191918462609938
0.03191920340616868
0.03191922207894252
0.03191924064589402
0.031919259161283284
0.03191927756275953
0.03191929583198849
0.031919314065288966
0.031919332197822864
0.03191935016446341
0.0319193680516869
0.031919385879632035
0.03191940356330583
0.03191942114946364
0.031919438667406846
0.0319194560393724
0.031919473296270325
0.03191949047664444
0.03191950752631646
0.031919524467065315
0.03191954132381661
0.031919558044671024
0.03191957465135212
0.03191959115646552
0.031919607531011036
0.03191962379605701
0.03191963994520464
0.03191965596696224
0.03191967187661225
0.03191968766072733
0.03191970331828417
0.0319197188609485
0.03191973427837929
0.03191974957077237
0.031919764737597986
0.03191977976536915
0.03191979466272365
0.031919809434367
0.031919824073014746
0.03191983859490453
0.03191985298339909
0.03191986721215687
0.031919881321284316
0.03191989529651285
0.03191990909517219
0.03191992278742717
0.031919936349876665
0.031919949744218
0.03191996302826768
0.031919976146917634
0.03191998907295007
0.0319200019222412
0.03192001461850693
0.03192002709101362
0.0319200394791162
0.031920051728131414
0.03192006376098939
0.0319200756941699
0.03192008747774891
0.03192009904716465
0.031920110510905805
0.031920121821418
0.03192013291162231
0.03192014386984876
0.03192015467296054
0.031920165285910934
0.03192017575564485
0.031920186058677955
0.03192019647904814
0.0319202073635024
0.03192021807764094
0.03192022861137345
0.031920238985828395
0.03192024917167562
0.03192025918889159
0.03192026903855455
0.03192027869805643
0.03192028818990588
0.03192029749110402
0.03192030660460979
0.031920315556533185
0.031920324311305565
0.0319203328649313
0.03192034125533742
0.031920349435933124
0.031920357424771374
0.03192036524129315
0.0319203728459185
0.031920380253493676
0.03192038747659064
0.031920394489344965
0.03192040130604385
0.031920407925471336
0.03192041432655622
0.03192042052906916
0.031920426527201055
0.03192043230789682
0.03192043788907912
0.03192044325215615
0.03192044839483511
0.03192045333549606
0.03192045804773784
0.03192046254263712
0.03192046682993589
0.03192047087331526
0.03192047470127159
0.03192047832226811
0.03192048169300582
0.03192048483436717
0.031920487759369384
0.03192049043997282
0.03192049288466793
0.03192049510230211
0.03192049707582606
0.03192049880779262
0.03192050030098972
0.03192050154917837
0.03192050255265222
0.03192050330843018
0.031920503813787575
0.0319205040696365
0.0319205040724786
0.03192050381988144
0.031920503310449884
0.03192050254318142
0.03192050151462388
0.03192050022220185
0.0319204986688427
0.031920496845653186
0.031920494753276976
0.031920492396483466
0.03192048976170953
0.031920486851515384
0.03192048367014159
0.03192048020264159
0.031920476461385676
0.03192047244302066
0.03192046812677919
0.03192046353099733
0.03192045864915061
0.031920453470657716
0.031920448010435656
0.03192044224062501
0.031920436175074236
0.031920429831691806
0.03192042316125722
0.031920416196187656
0.031920408935530595
0.03192040134657766
0.031920393462723184
0.03192038527140115
0.03192037674819187
0.031920367924718626
0.03192035877934382
0.03192034930160196
0.03192033951377987
0.03192032939246309
0.031920318950230786
0.03192030769663031
0.031920295916260076
0.031920283827423165
0.03192027139318755
0.03192025858361961
0.031920245472524096
0.031920231995741497
0.031920218154531985
0.03192020400041536
0.031920189451681236
0.03192017454420097
0.03192015932300446
0.03192014370078404
0.03192012772403171
0.031920111404819956
0.03192009467129094
0.0319200776159198
0.031920060180395365
0.03192004231047388
0.031920024122373346
0.031920005546481285
0.03191998654466721
0.031919967197020276
0.03191994743714469
0.03191992728054911
0.03191990677087975
0.0319198858250451
0.031919864492712474
0.03191984277426001
0.03191982060878124
0.031919798096971805
0.03191977512564674
0.03191975173530434
0.03191972799049396
0.03191970377885061
0.031919679140460476
0.03191965411174213
0.03191962861088465
0.03191960269899968
0.03191957637615636
0.03191954958814525
0.03191952239428795
0.03191949474217431
0.031919466643978524
0.031919438147862744
0.03191940912220298
0.03191937969866756
0.03191934982788095
0.031919319435371
0.031919288613219736
0.031919257362673766
0.031919225611782634
0.03191919336885431
0.03191916068949978
0.03191912753760858
0.03191909388223642
0.0319190597397331
0.03191902516196316
0.03191899006301867
0.031918954440311204
0.03191891838593265
0.03191888178878495
0.031918844690674734
0.031918807137659724
0.03191876902921823
0.03191873043232452
0.03191869132664889
0.03191865166959312
0.03191861160124753
0.03191857091445589
0.03191852965673215
0.031918487988864465
0.031918445688985456
0.03191840286505699
0.03191835957381505
0.03191831566106248
0.03191827126753825
0.031918226293823175
0.03191818073273998
0.031918134780650795
0.03191808805862032
0.03191804082384564
0.031917993216306124
0.03191794471890839
0.03191789580092523
0.03191784644695065
0.03191779620350905
0.03191774562146998
0.0319176944794197
0.03191764248437785
0.03191759021246658
0.03191753719854246
0.03191748343354469
0.031917429385655796
0.031917374452210066
0.03191731891522847
0.031917262989045375
0.03191720624063439
0.03191714890899776
0.031917091045226234
0.03191703242444281
0.031916973253389394
0.031916913418650626
0.031916852943959566
0.031916791915358726
0.03191673006196841
0.03191666765566277
0.031916604611246624
0.031916540768029314
0.03191647638735689
0.031916411324941746
0.03191634551204147
0.03191627912252611
0.031916212010759115
0.03191614424879502
0.03191607576177516
0.03191600653201504
0.031915936725979456
0.03191586612433411
0.03191579481013595
0.03191572289606792
0.03191565012211871
0.03191557668386081
0.03191550262101569
0.03191542765101992
0.031915352156492896
0.0319152758176105
0.03191519784921014
0.03191511928818467
0.031915039846674154
0.03191495955256116
0.03191487863357514
0.031914796895525094
0.03191471444289167
0.03191463115604054
0.03191454712597049
0.03191446254486946
0.031914376732006075
0.03191429030497854
0.03191420324225119
0.031914115139323275
0.03191402633741889
0.03191393682486322
0.03191384642402374
0.03191375518022218
0.03191366313727802
0.03191357033484659
0.03191347669258301
0.031913382024703604
0.03191328669414314
0.031913190516350234
0.03191309334139254
0.031912995427338
0.03191289662192832
0.03191279695370342
0.03191269645449772
0.031912594976842054
0.031912492772070006
0.03191238961017691
0.03191228545115161
0.0319121805670861
0.03191207582656573
0.031911970550196414
0.03191186433330758
0.03191175714792264
0.03191164923863711
0.031911540205178446
0.03191143028526448
0.0319113197100945
0.031911207860101064
0.03191109518904633
0.03191098169921789
0.03191086698224343
0.0319107515311345
0.031910635028056904
0.03191051749495057
0.03191039947268331
0.03191027974545738
0.031910159451679895
0.03191003843266979
0.03190991565097262
0.03190979248046686
0.031909668253040445
0.031909542545854874
0.03190941651535762
0.031909289060905684
0.03190916047544867
0.03190903154971712
0.031908900691183184
0.031908769068563644
0.03190863686685338
0.031908502945765777
0.03190836830372561
0.03190823274181817
0.03190809580176483
0.03190795812793818
0.03190781901301772
0.031907678993367904
0.031907538071783904
0.03190739550618246
0.03190725222501811
0.031907107849839474
0.03190696204022468
0.031906815447637245
0.03190666754820835
0.03190651862569773
0.03190636860299626
0.03190621707643475
0.03190606485239014
0.03190591131204969
0.03190575630799656
0.031905600734140276
0.03190544353915032
0.03190528513429564
0.031905125933674165
0.031904965100855984
0.031904803408398234
0.03190464029010784
0.031904475782128905
0.031904310487623634
0.03190414361674808
0.03190397554158401
0.03190380648410089
0.03190363575664285
0.031903464315332954
0.03190329130046081
0.03190311671549906
0.03190294170518802
0.03190276474880588
0.03190258632850377
0.03190240723779143
0.0319022263972626
0.03190204424636838
0.031901860966719445
0.031901676387154944
0.03190149061746888
0.03190130291483566
0.03190111431705713
0.031900924437907284
0.031900732794616346
0.0319005401944214
0.031900346234343166
0.03190015060156569
0.03189995379877647
0.03189975539224621
0.031899555651931276
0.03189935454679447
0.031899151740300676
0.031898947834202586
0.031898742467688486
0.03189853554006502
0.03189832733040925
0.03189811750581817
0.03189790649026494
0.03189769374126007
0.03189747930802581
0.0318972638333816
0.031897046705824356
0.031896827917044304
0.0318966078917679
0.031896386165747755
0.031896163050201036
0.03189593836969927
0.03189571194711404
0.03189548452729823
0.03189525494680754
0.0318950237286389
0.031894791520404045
0.03189455739377619
0.031894321541626254
0.03189408445311584
0.03189384590837397
0.031893605495748475
0.03189336294782765
0.03189311946899648
0.031892874073061094
0.03189262689435117
0.03189238648973455
0.03189214776284154
0.03189190752478445
0.031891665881281
0.031891422185872584
0.0318911771957611
0.031890930527444995
0.031890681805714985
0.0318904319574488
0.03189017989560975
0.03188992638488266
0.03188967141207586
0.03188941429378012
0.03188915612909365
0.031888895926621065
0.03188863342623058
0.03188837001917112
0.03188810430425281
0.03188783688366333
0.03188756816416765
0.0318872971596176
0.03188702489323442
0.0318867504718841
0.031886473947450096
0.03188619672532514
0.03188591647455501
0.03188563455199699
0.03188535175407363
0.03188506585338016
0.031884778759123086
0.03188449019202646
0.03188419875297385
0.03188390675936587
0.03188361186541645
0.03188331491016302
0.03188301742169618
0.031882716449686634
0.03188241415461941
0.031882110629645674
0.03188180372780088
0.0318814961271124
0.031881186228921624
0.03188087371604839
0.03188056063661981
0.03188024390562325
0.03187992565162195
0.031879606206790256
0.03187928359835201
0.03187895975938119
0.031878633837684904
0.031878305584446764
0.03187797610712876
0.031877643106834774
0.03187730866159057
0.03187697268075688
0.03187663336432531
0.031876292843748044
0.0318759503092437
0.031875605009718366
0.031875258289165806
0.03187490898041865
0.031874557830002176
0.0318742046682821
0.031873848284885854
0.031873490754563596
0.03187313069706789
0.03187276777427851
0.03187240365805332
0.031872036814665765
0.03187166513334951
0.031871282089029826
0.03187089656518416
0.031870509613761824
0.03187011966640707
0.03186972739614065
0.03186933363741132
0.03186893644793907
0.03186853753738928
0.03186813661368104
0.03186773171552298
0.03186732643921543
0.031866917381550286
0.03186650540098424
0.03186609273081585
0.03186567614146664
0.03186525414467417
0.031864826438270204
0.031864395217606305
0.0318639623253738
0.0318635263074735
0.03186308782525183
0.031862647977350576
0.03186220395755349
0.0318617687265254
0.03186131657199048
0.03186086061346035
0.03186040270690276
0.031859942031933305
0.03185947861345129
0.03185901319125851
0.03185854378830245
0.03185807241785422
0.03185759854453857
0.03185712106206527
0.03185664172700836
0.03185615952548312
0.031855673987528164
0.03185518618130631
0.031854695021226655
0.03185420139729757
0.031853704931736566
0.03185320838953217
0.03185271429154796
0.031852217011862395
0.03185171693164584
0.03185121415120821
0.03185070796348111
0.031850200549052216
0.03184968866534918
0.03184917332948504
0.03184865718091919
0.0318481365985759
0.031847612471215446
0.031847087239379054
0.03184655730533302
0.03184602478732919
0.03184549044193434
0.03184495143385749
0.03184441107205402
0.0318438666069644
0.03184331826904095
0.03184276878670767
0.031842215300954
0.03184165787436424
0.03184109905146664
0.03184053575274107
0.031839965453334715
0.031839392595491865
0.031838816508630914
0.0318382372002044
0.031837654013114364
0.03183706781714833
0.03183647899462876
0.03183588662937098
0.03183529088589357
0.031834692363271494
0.03183409052292972
0.03183348504864913
0.0318328737976399
0.03183225845099124
0.03183163908818813
0.03183101684231229
0.03183039099988976
0.03182976150582724
0.031829129376975795
0.03182849308030736
0.031827853297509555
0.03182721144746918
0.031826564456979636
0.031825914144611396
0.03182526136520546
0.03182460396518831
0.03182394359820867
0.03182327954418389
0.03182261178037452
0.03182194141328049
0.031821265547755107
0.03182058695035009
0.031819905969986836
0.031819218635516594
0.03181853426429915
0.031817846601570665
0.03181715353008527
0.03181645928173873
0.03181575954576156
0.03181505584515712
0.03181435183203201
0.031813638866133614
0.03181292552216354
0.0318122086818847
0.03181148464933356
0.03181076009985725
0.03181003090635177
0.03180929604904917
0.03180856004657566
0.03180781844899713
0.03180707310715223
0.031806325901405495
0.031805571510452824
0.031804815146131406
0.031804055204290825
0.03180328970202052
0.031802521521466905
0.031801748130014705
0.03180097159779081
0.03180019136519417
0.03179940496333932
0.03179861736733017
0.03179782447934894
0.03179702518916647
0.03179622539866249
0.03179541955031428
0.031794608724891156
0.031793796075495935
0.0317929769714112
0.031792163941718354
0.03179136692917917
0.03179056397633995
0.0317897597318009
0.03178894888692236
0.03178813313650628
0.03178731616579771
0.031786492268973496
0.03178566453244847
0.03178483437972148
0.03178399759141755
0.03178315844926576
0.0317823144206401
0.031781464601158854
0.031780613694214574
0.03177975517207404
0.03177889325635058
0.03177802914731966
0.03177715736573322
0.03177628339237521
0.03177540452162632
0.031774519151878344
0.031773633198518905
0.031772740913331966
0.03177184387767662
0.03177094516144497
0.03177003813189252
0.03176912821163396
0.03176821515476034
0.03176729130054474
0.031766343398961526
0.031765390576724485
0.03176443173567248
0.031763469798817924
0.03176250144963131
0.03176152987180552
0.03176055381684657
0.03175957001085325
0.0317585842785665
0.031757592994764654
0.03175659523551713
0.031755594960355085
0.03175457517284588
0.031753549047062686
0.03175250284018347
0.03175145569989079
0.03175040786652908
0.0317493536667762
0.03174829232897945
0.031747242083713614
0.031746186382126965
0.0317451246832819
0.03174406180448904
0.03174298957503593
0.031741913482960606
0.03174083430162296
0.031739746150025366
0.031738655937553185
0.031737558507265146
0.03173645408127697
0.03173534780570592
0.03173423425605201
0.031733114574453276
0.03173199174122685
0.03173086156103677
0.03172972646252524
0.03172858651200701
0.031727435361190715
0.03172628088611351
0.03172511553280291
0.03172393933618387
0.03172275970563453
0.03172157099267394
0.0317203780036735
0.031719180953816296
0.03171797599288999
0.03171676632533132
0.03171555104565919
0.03171432976743606
0.03171310337177011
0.03171186916887266
0.03171063098814682
0.03170938679203393
0.03170813435110559
0.03170687905278471
0.03170561685083143
0.03170434716937716
0.03170307469939368
0.03170180048426158
0.03170052182006183
0.03169923948624247
0.03169794814273891
0.03169665371545825
0.031695352603759434
0.03169404233293568
0.031692730498158225
0.03169141007270302
0.03169008144684058
0.03168875138666287
0.031687410864584535
0.03168606443053621
0.031684716135982366
0.031683356307516966
0.03168199328377838
0.03168062495043029
0.03167924465631874
0.031677878948415554
0.03167653722301074
0.031675182737946055
0.0316738295395502
0.031672468971890286
0.03167109606072009
0.031669723199177824
0.03166834403868741
0.031666955793940216
0.03166556492310371
0.03166416698088585
0.03166276191615949
0.031661348502738496
0.03165993013450092
0.03165850562941333
0.03165707367332123
0.03165563579356558
0.03165419141630433
0.03165271242184398
0.031651216993965746
0.031649714947947556
0.03164820567835823
0.03164668974717072
0.03164516734983302
0.03164363803518499
0.03164210049374474
0.03164055591963613
0.031639005729004216
0.03163744747946719
0.03163588189144592
0.031634259104674683
0.03163266336874848
0.03163106550344293
0.03162945951892293
0.03162784625441295
0.03162622737085243
0.03162459885180834
0.031622963616873195
0.03162132479262789
0.03161967266280895
0.03161801002673178
0.03161634094037001
0.03161465865586044
0.031612971089866854
0.03161127877456259
0.03160957428229106
0.03160786392277589
0.03160614730224582
0.03160442229830168
0.031602686285566846
0.031600933349637775
0.03159917641793257
0.03159741174312189
0.03159563291021741
0.03159385407500021
0.03159206285149549
0.03159026035467753
0.03158845990642279
0.03158664201712431
0.03158481644972109
0.03158299171963561
0.03158115192126645
0.03157931642029652
0.03157747812056274
0.03157562393548915
0.0315737657021943
0.03157190218319079
0.03157002352501445
0.031568142716560645
0.03156625353224526
0.03156435088427175
0.03156244678262324
0.031560553712105845
0.0315586922647385
0.03155682637954851
0.031554949367661504
0.031553065323954944
0.031551174120437155
0.03154927171646951
0.03154736420608606
0.031545447186846404
0.03154351992409353
0.03154159001671729
0.03153964625868879
0.03153767903984558
0.0315356743039603
0.031533653358653324
0.03153162491251584
0.03152959237969303
0.03152754316889743
0.03152548946367686
0.03152343051505377
0.03152137773480094
0.03151932783375156
0.03151726948667936
0.031515136171625525
0.031512989980385174
0.031510857759674764
0.03150871186484683
0.03150655578936028
0.031504381228912456
0.031502199702989474
0.03150001719713778
0.03149781314386201
0.03149560470871583
0.03149339235717432
0.031491160256170485
0.03148892485721659
0.03148668245189026
0.0314844229995368
0.03148216069236443
0.03147988582722223
0.03147758651989322
0.03147528182808967
0.03147296329050361
0.031470634116741565
0.03146829993376647
0.03146594930006904
0.031463592987037124
0.031461228475063774
0.03145884765516217
0.03145647957041518
0.03145410272786717
0.03145170866804398
0.03144931199272009
0.03144690155416333
0.03144447649467784
0.03144210650924778
0.031439745068035915
0.03143737184709151
0.0314349962046649
0.03143260405654127
0.03143020210229219
0.03142779520309564
0.03142537122474362
0.03142293999681836
0.03142044204962503
0.03141792311206454
0.031415401226804966
0.031412865660777146
0.03141031503430467
0.031407794638011105
0.031405260161799016
0.03140271341336418
0.0314001650991168
0.031397566768993086
0.03139489150928369
0.031392229754065124
0.031389559870606334
0.031386881029958444
0.031384195566947076
0.03138149291378862
0.031378782258337554
0.03137606249545653
0.03137332534357022
0.03137058027259509
0.03136782451310919
0.03136505429196203
0.031362275792032906
0.03135948252531992
0.03135667800940967
0.0313538533479192
0.03135100874225569
0.03134815814315173
0.031345296783222974
0.031342415418759095
0.03133952941175345
0.03133663421830435
0.031333736456268114
0.031330834850567736
0.03132791719617121
0.031325046787093254
0.03132220850229249
0.03131935152771627
0.03131648216608145
0.03131360753730321
0.03131071086147928
0.031307804364692375
0.03130482019053173
0.03130180965587465
0.03129879473822734
0.031295800216699206
0.03129279301830907
0.031289782085522515
0.03128674906225394
0.0312836855723226
0.031280623677616616
0.03127747487876393
0.031274272880377624
0.031271121941063934
0.0312679441862933
0.031264737260116506
0.03126154035380197
0.03125831994018298
0.03125507250844357
0.031251832961206094
0.03124856939096246
0.031245286987037203
0.031242010852767232
0.0312387100987595
0.031235388320570052
0.031232067372387044
0.03122870632820424
0.031225324390787013
0.03122194496564739
0.031218540570635143
0.031215122716924067
0.031211722551928105
0.031208375285763305
0.03120505183056451
0.031201723938001948
0.031198374165647594
0.031195010469892686
0.031191583642021733
0.03118810166316338
0.03118462942850152
0.03118117018478577
0.03117767876362315
0.03117417475824258
0.031170656492506263
0.03116712216739295
0.031163576556024745
0.031159940316611554
0.031156243956213414
0.031152595523578543
0.031148911150675262
0.03114521211228645
0.03114150212478714
0.031137774797269615
0.031134033395887228
0.03113027886673767
0.031126505960479105
0.03112271782859818
0.03111891685233259
0.03111509918148827
0.03111126603391295
0.03110740071763728
0.03110351219779871
0.031099607395168784
0.03109568296486071
0.031091876192867816
0.031088082525090283
0.031084267388499676
0.03108044524865908
0.03107651459301936
0.031072576631869357
0.031068641858051516
0.031064690985341196
0.031060714319031686
0.03105673182136045
0.03105273204066012
0.031048706339854695
0.03104465955283447
0.031040476078067376
0.03103628147659552
0.031032153772729675
0.031027965526428926
0.03102375811322374
0.031019539685934173
0.03101529865916063
0.031011038272236106
0.031006767549442
0.031002476635634133
0.03099816493445213
0.030993841840790005
0.03098949844783839
0.030985116069595038
0.030980713037390615
0.030976406938287165
0.0309721299926956
0.03096785419606939
0.030963458122285847
0.030959066376076906
0.030954664600764084
0.030950237583890868
0.030945792455848484
0.0309413348117827
0.030936854435107675
0.03093235913405032
0.030927831070378185
0.030923144322976895
0.030918448935281104
0.03091384687926414
0.030909151948604177
0.03090444539517514
0.030899728814380793
0.03089497813442213
0.03089021720687888
0.030885445869585845
0.030880632191686068
0.030875811581619676
0.030870983868831258
0.03086611214291892
0.030861337643933798
0.030856556163453626
0.030851730554113898
0.03084688463551474
0.030842016572565727
0.030837121294033452
0.030832218692041467
0.03082729648806172
0.030822339819753894
0.030817375974899548
0.030812398765459735
0.030807220132368182
0.03080202946792677
0.0307969257801218
0.030791757051636132
0.030786558560426724
0.03078134725581497
0.030776091218950644
0.030770829557586227
0.030765553790496177
0.030760240441195436
0.03075491493597617
0.030749582752662676
0.030744367993480487
0.0307390960903018
0.030733760558208832
0.030728421250352626
0.03072306639741971
0.03071769207886309
0.030712286581440543
0.030706864879453757
0.03070142631565843
0.030695951870938865
0.030690279897493802
0.030684591315320253
0.030678979613145498
0.03067333514189845
0.03066764288649319
0.030661916954602842
0.030656170442374522
0.03065040995033181
0.030644583163868016
0.030638733114845756
0.030633043936602312
0.03062735801615143
0.030621563318833183
0.03061573304607083
0.030609903014402143
0.03060405155765304
0.03059819210489812
0.030592302347216088
0.030586374196568292
0.03058043864937914
0.030574276655114356
0.030568082414702553
0.03056197767523608
0.030555857056352487
0.030549662781457387
0.030543446452207083
0.030537156404953383
0.030530863555756522
0.030524579392775725
0.03051845614387837
0.03051223105529633
0.030505976876795987
0.03049966942609884
0.03049334028241296
0.03048701961249229
0.030480659169419843
0.030474276506978332
0.030467881423802416
0.03046134347272744
0.030454662148619457
0.030447991833695176
0.030441424962270747
0.030434739361939928
0.030428013122013375
0.030421248968532395
0.030414495673830894
0.030407818952654608
0.030401160387846016
0.030394429789500313
0.03038769543166148
0.030380924441180658
0.030374080824212606
0.03036726535319186
0.03036041904802887
0.0303535254034736
0.03034655129041892
0.030339396776828547
0.030332182380976187
0.03032508134965676
0.030317947833554862
0.030310700418988683
0.030303510956371224
0.030296339471914163
0.030289163295579666
0.030281966385796104
0.03027476355275179
0.030267516258477394
0.030260230882475744
0.030252926043564037
0.03024559356198173
0.03023822151675175
0.030230781350063594
0.0302230865755139
0.030215343994393108
0.030207750735369424
0.030200126017634846
0.030192491282156324
0.030184839342648817
0.03017712874142876
0.030169459550653664
0.030161768786607705
0.030154066085922745
0.030146304434551862
0.030138518459998556
0.030130727380404412
0.0301228851986495
0.030114896302516042
0.03010670827087514
0.03009846672796697
0.03009036562462065
0.030082384730597406
0.030074269102663153
0.030065982704290256
0.03005785936691648
0.030049716557642703
0.030041519330776777
0.030033294768169492
0.03002505581543223
0.030016771060064323
0.03000841500206904
0.02999998849842503
0.029991288664758718
0.029982556866292902
0.029974051715565754
0.029965581910032346
0.029956892399805837
0.02994817499772458
0.029939553460377438
0.02993090530105271
0.029922227808757237
0.02991352260927975
0.029904725282863167
0.029895902271304137
0.02988705354189928
0.029877914253191952
0.02986876857436735
0.029859684162350218
0.029850739840100282
0.029841529788568397
0.029832366442067576
0.029823268853475894
0.0298141357621994
0.02980494794889906
0.029795697600615394
0.029786397484538447
0.029777056945966204
0.029767667396363072
0.02975807171971634
0.029748470413455113
0.029738939607498592
0.029729315994548648
0.029719666779108343
0.029710076112329814
0.029700450205560888
0.02969075464174945
0.029681004379908553
0.029671218726077475
0.029661403552030546
0.029651607302844135
0.029641540255480586
0.02963143650472119
0.029621338167744607
0.02961112963247374
0.029601116031044955
0.02959100951502276
0.02958082418515272
0.029570612193657426
0.029560357182620744
0.029550059876948913
0.029539836725091057
0.029529445445642715
0.02951886720512775
0.0295081369468573
0.02949745029580981
0.029486959958063788
0.02947632809673656
0.029465678004219488
0.029454968823743773
0.029444202868704493
0.029433473921613273
0.02942282448782835
0.029411892837234277
0.029400848624960715
0.02938946998377317
0.02937826672977608
0.029367308768763985
0.029356193563144527
0.02934500457273352
0.029333758109604268
0.029322596676266736
0.02931148335141101
0.02930021608679203
0.02928867217139673
0.02927682804288352
0.029264904435076386
0.02925345897148913
0.029241946807090392
0.029230273486245104
0.029218547977762604
0.029206978598403644
0.029195370644620494
0.02918364046322238
0.0291714516455208
0.029159046047426924
0.029146679240893952
0.029134733881570903
0.029122747465098263
0.029110570497808602
0.029098484922288004
0.029086384258216573
0.029074269493448178
0.029061869686105586
0.029048887555872895
0.029035914393978946
0.029023348822627214
0.02901091044611402
0.028998329473853807
0.02898579011630213
0.02897322517843836
0.02896060510783393
0.028947799133603857
0.028934271731144493
0.028920763016111177
0.02890764937925347
0.02889469229222345
0.02888174832204033
0.028868742185371794
0.028855653244873145
0.028842445055077912
0.02882902595273374
0.028814989141399322
0.0288009040352116
0.028787389756431466
0.02877399046670169
0.028760623131580516
0.02874707844931859
0.02873342016989096
0.028719688176919684
0.028705349985271637
0.028690791907946312
0.028676423221367084
0.028662439484363783
0.028648675390323324
0.028634734057786163
0.028620559938562815
0.02860634113009946
0.028591736094476596
0.02857663484485169
0.028561618169337707
0.02854707607431687
0.028532878001180827
0.028518437873780986
0.028503776733961143
0.028489059625305495
0.0284739006471872
0.028458252403666832
0.028442804469070576
0.028427755777554617
0.02841294237318968
0.028398048954053283
0.028382936909602065
0.028367498481045406
0.028351719295775284
0.028335560694496
0.028319830379478085
0.028304224921186102
0.028288901677797434
0.02827350246606597
0.02825775421841051
0.028241565675250234
0.028225115068227846
0.028208643239939657
0.02819244369752672
0.028176435527590554
0.028160577785376884
0.028144546680858307
0.028127883921779357
0.028111094616965277
0.028093965990930905
0.02807729092339038
0.028060583574549318
0.02804419762614934
0.028027765133636896
0.02801062420889806
0.027993378332069815
0.02797574264672157
0.027958533475361508
0.027941259699017566
0.02792428141269925
0.02790724971207105
0.027889656297884025
0.027871886668460126
0.027853805484486373
0.027836048114572333
0.027818226665362863
0.027800684970998274
0.02778297776946809
0.02776484022434294
0.027746571590098423
0.02772804417536723
0.0277097201451113
0.027691342141374937
0.027673284673997805
0.027654801111786875
0.027636150838516647
0.027617131136123043
0.027598279169717185
0.02757940552560062
0.027560600270271983
0.027541626413340504
0.027522611686678137
0.027503409016370186
0.027483853917968273
0.027464454884088375
0.027444991972041956
0.027425450708346698
0.027405911261766093
0.027386313338319777
0.02736635547402916
0.027346412061651764
0.02732641503871104
0.027306166525880332
0.027286086991787157
0.0272660054165776
0.02724565647877869
0.02722521478708256
0.027204553797089703
0.027183600106048197
0.027163057275003448
0.027142519404451185
0.027121623472074273
0.02710058256368025
0.027079374866959494
0.02705785673646627
0.02703668219319717
0.027015558425945985
0.026994238213181698
0.026972554975308875
0.026950559460089035
0.02692867609232683
0.02690694182078073
0.026885191974047498
0.026863244966927977
0.026841009591548986
0.026818386112606774
0.02679592648471218
0.026773616286944052
0.02675140258289741
0.026728675222749937
0.026705673557243178
0.026682501603187938
0.026659627760838158
0.026636648270607268
0.026613729049944856
0.02659041978435852
0.026566709701189583
0.02654303882705652
0.026519471292195826
0.026496141525274564
0.02647237985431226
0.02644820921525636
0.026423827232787217
0.02639965701710489
0.026375685596354694
0.026351584318218033
0.026326905317231752
0.02630199397480243
0.02627714299904537
0.026252513228001977
0.026228005778772268
0.0262027440888515
0.026177334864701446
0.02615183305856519
0.02612652362088852
0.0261015573047798
0.026075777134858074
0.026049766090073038
0.02602356185758657
0.025997716408657442
0.025972234868288264
0.025945804188321535
0.025919100971058116
0.025892359658045157
0.0258661779245842
0.025839825099601168
0.02581270299194866
0.025785448698229244
0.025758215002248532
0.025731560331925307
0.02570426093307095
0.025676565147327173
0.025648746955524163
0.02562092453106636
0.02559375451133346
0.02556561055110064
0.02553726487785242
0.025508715229472942
0.025480753998909665
0.02545250894522892
0.025423667772253716
0.02539458127199598
0.025365631564716048
0.025337195436205686
0.025307873595566105
0.025278314512793536
0.025248739125924406
0.025219544558238143
0.025189983430104142
0.02515983610514016
0.025129648936457978
0.025099516465674074
0.025069728244935533
0.025039135240605394
0.02500836339492369
0.024977616198710268
0.024947016708149264
0.024916133777730345
0.024884772229581915
0.02485344390691848
0.024822041447904022
0.024790815608145403
0.02475884425419309
0.024726903633143667
0.024694815518156377
0.024662956544953075
0.02463050274836055
0.024597942646723815
0.024565183650267896
0.024532640773643255
0.024499719447393743
0.024466533296111658
0.024433112906794882
0.02439986724910589
0.024366402788223836
0.024332617216045734
0.024298525146266927
0.02426458426620538
0.02423051688881545
0.024196129229619757
0.024161348787456734
0.024126688393250436
0.02409202664268881
0.024057009515980922
0.02402153932484641
0.02398615551874168
0.023950856531141814
0.023915183807487073
0.023878989792751482
0.023843006263278434
0.023806951365077614
0.023770575621403733
0.023733666404417087
0.023697115065492446
0.02366024871243852
0.023623012770458012
0.023585514405703067
0.023548348697607458
0.023510722072449898
0.023472557893100668
0.023434519707068207
0.023396551360986454
0.023358116944771336
0.02331929423208035
0.023280600778685073
0.023241790841979228
0.023202363957282496
0.023163077500868857
0.023123725851272106
0.023083875823141742
0.02304371313099929
0.023003709224911476
0.022963519450521174
0.022922704823585542
0.022882114393624295
0.022841158033049112
0.022799924544179413
0.022758509108062198
0.022717174393478555
0.02267534007111246
0.02263309940145858
0.022591167983698954
0.022548788769383064
0.022505929620186993
0.02246317319913514
0.022420341530577256
0.0223768965804978
0.02233326362045199
0.02228971850659535
0.022245850535084412
0.022201519415321357
0.022157209761916395
0.022112726599284743
0.02206769711251869
0.022022660630387002
0.021977505149339535
0.021931822953851175
0.0218859550389086
0.02184019041226158
0.02179399325985099
0.02174721362430439
0.02170058695116062
0.02165378801868928
0.021606406936916706
0.02155903279775377
0.02151137191533887
0.021463198498856303
0.02141508573829156
0.02136680314206925
0.02131794034276184
0.02126885730396168
0.021219732880849284
0.021170182556938196
0.021120430816410657
0.02107046705254703
0.02102004333699531
0.02096944199260477
0.020918707545823735
0.020867585774204556
0.020816192896710172
0.0207645835283892
0.020712505349621914
0.020660329136824605
0.020607845243913007
0.020554997496305783
0.020501958321555033
0.0204485386983059
0.020394853874947487
0.020340951088831556
0.020286633737940568
0.020231933597793218
0.020177170462860335
0.02012205354815401
0.020066547346182625
0.020010785229331394
0.019954482981317846
0.019897998564501407
0.019841452193248548
0.019784429026523175
0.01972696275395818
0.01966919557175973
0.01961104105071808
0.019552737575664267
0.01949414938434803
0.019434978649235074
0.01937554204257603
0.01931581672211198
0.01925570668760947
0.019195285930325486
0.0191344574515298
0.019073222661879025
0.019011747969071117
0.01894991145275314
0.018887609063460747
0.01882494649823934
0.0187619090514988
0.018698549408374614
0.01863481897044152
0.01857056633926949
0.018505977454559792
0.018441078948716976
0.018375778435572702
0.01831002516429546
0.01824379552215353
0.018177129076780263
0.018110168258561914
0.0180428668631341
0.017975044439360217
0.017906698412561293
0.017837951356849503
0.017768788938331757
0.01769932764998628
0.0176292978875504
0.017558753979971052
0.01748781010232842
0.01741636807045551
0.017344631250971246
0.017272292665980918
0.0171993962807437
0.017126069394913006
0.017052189873857912
0.01697802235516468
0.01690328820338211
0.01682801409676391
0.016752307912349752
0.01667601195193857
0.016599387901449415
0.016522171495608282
0.016444431458779985
0.016366246541353532
0.016287477045126036
0.016208311830499873
0.016128458926574635
0.016048013412618484
0.015967045130690177
0.015885509859910434
0.015803623854131307
0.01572107010133398
0.015637828751816622
0.015553916730702912
0.015469364139635842
0.015384282099445128
0.015298612500757466
0.015212404365200563
0.015125404736923604
0.01503772937228865
0.014949360953057005
0.014860316843158115
0.014770613724033311
0.014680131766931956
0.014589003599737185
0.014497111897572246
0.014404539804619632
0.01431106710002218
0.014216832054131793
0.014121685887324056
0.014025856702594475
0.013929208969940921
0.013831747187085252
0.01373344069266315
0.013634123836290786
0.013533903445919582
0.013432705942968023
0.013330702355745076
0.013227602407901273
0.013123745893549862
0.013018625777509054
0.01291260516295224
0.01280543805197157
0.0126972927697837
0.012587931491927848
0.012477489700159418
0.012365802805694626
0.012253010311045394
0.012138996249372907
0.012023610466858395
0.011907050961852758
0.011789131825983398
0.011670090619760733
0.011549633702038117
0.011428039393733042
0.011304846519701055
0.011180377012869
0.011054165127450466
0.01092661506099735
0.010797383237096156
0.010666657714261571
0.010534048846694743
0.010399779520152218
0.010263374933023607
0.01012512120321316
0.00998479223937024
0.009842492909210448
0.009697986404116319
0.009551274152568094
0.0094019730752665
0.009250071224238514
0.009095442764272587
0.008938030215555283
0.008777635191601667
0.008614304445231613
0.008447623996669545
0.008277336898118071
0.008103200295186097
0.00792511651852618
0.007742635005579646
0.007555750042069958
0.007363968982737604
0.007166901374426681
0.006963888635566922
0.006754492440655406
0.006538050284580957
0.006314124857359769
0.00608194660723061
0.00584029591170235
0.00558805237887543
0.005323491234702151
0.005045015453168243
0.004750285400637166
0.0044364930096354865
0.004099158259847722
0.003731776638429351
0.003324304400432435
0.0028589680108746605
0.0022999875225735993
0.0015487972777798488
0.0
0.0
0.0
0.0
0.0
0.0
0.0
0.0
0.0
0.0
0.0
0.0
0.0
0.0
0.0
0.0
0.0
0.0
0.0
0.0
0.0
0.0
0.0
0.0
0.0
0.0
0.0
0.0
0.0
0.0
0.0
0.0
0.0
0.0
0.0
0.0
0.0
0.0
0.0
0.0
0.0
0.0
0.0
0.0
0.0
0.0
0.0
0.0
0.0
0.0
0.0
0.0
0.0
0.0
0.0
0.0
0.0
0.0
0.0
0.0
0.0
0.0
0.0
0.0
0.0
0.0
0.0
0.0
0.0
0.0
0.0
0.0
0.0
0.0
0.0
0.0
0.0
0.0
0.0
0.0
0.0
0.0
0.0
0.0
0.0
0.0
0.0
0.0
0.0
0.0
0.0
0.0
0.0
0.0
0.0
0.0
0.0
0.0
0.0
0.0
0.0
0.0
0.0
0.0
0.0
0.0
0.0
0.0
0.0
0.0
0.0
0.0
0.0
0.0
0.0
0.0
0.0
0.0
0.0
0.0
0.0
0.0
0.0
0.0
0.0
0.0
0.0
0.0
0.0
0.0
0.0
0.0
0.0
0.0
0.0
0.0
0.0
0.0
0.0
0.0
0.0
0.0
0.0
0.0
0.0
0.0
0.0
0.0
0.0
0.0
0.0
0.0
0.0
0.0
0.0
0.0
0.0
0.0
0.0
0.0
0.0
0.0
0.0
0.0
0.0
0.0
0.0
0.0
0.0
0.0
0.0
0.0
0.0
0.0
0.0
0.0
0.0
0.0
0.0
0.0
0.0
0.0
0.0
0.0
0.0
0.0
0.0
0.0
0.0
0.0
0.0
0.0
0.0
0.0
0.0
0.0
0.0
0.0
0.0
0.0
0.0
0.0
0.0
0.0
0.0
0.0
0.0
0.0
0.0
0.0
0.0
0.0
0.0
0.0
0.0
0.0
0.0
0.0
0.0
0.0
0.0
0.0
0.0
0.0
0.0
0.0
0.0
0.0
0.0
0.0
0.0
0.0
0.0
0.0
0.0
0.0
0.0
0.0
0.0
0.0
0.0
0.0
0.0
0.0
0.0
0.0
0.0
0.0
0.0
0.0
0.0
0.0
0.0
0.0
0.0
0.0
0.0
0.0
0.0
0.0
0.0
0.0
0.0
0.0
0.0
0.0
0.0
0.0
0.0
0.0
0.0
0.0
0.0
0.0
0.0
0.0
0.0
0.0
0.0
0.0
0.0
0.0
0.0
0.0
0.0
0.0
0.0
0.0
0.0
0.0
0.0
0.0
0.0
0.0
0.0
0.0
0.0
0.0
0.0
0.0
0.0
0.0
0.0
0.0
0.0
0.0
0.0
0.0
0.0
0.0
0.0
0.0
0.0
0.0
0.0
0.0
0.0
0.0
0.0
0.0
0.0
0.0
0.0
0.0
0.0
0.0
0.0
0.0
0.0
0.0
0.0
0.0
0.0
0.0
0.0
0.0
0.0
0.0
0.0
0.0
0.0
0.0
0.0
0.0
0.0
0.0
0.0
0.0
0.0
0.0
0.0
0.0
0.0
0.0
0.0
0.0
0.0
0.0
0.0
0.0
0.0
0.0
0.0
0.0
0.0
0.0
0.0
0.0
0.0
0.0
0.0
0.0
0.0
0.0
0.0
0.0
0.0
0.0
0.0
0.0
0.0
0.0
0.0
0.0
0.0
0.0
0.0
0.0
0.0
0.0
0.0
0.0
0.0
0.0
0.0
0.0
0.0
0.0
0.0
0.0
0.0
0.0
0.0
0.0
0.0
0.0
0.0
0.0
0.0
0.0
0.0
0.0
0.0
0.0
0.0
0.0
0.0
0.0
0.0
0.0
0.0
0.0
0.0
0.0
0.0
0.0
0.0
0.0
0.0
0.0
0.0
0.0
0.0
0.0
0.0
0.0
0.0
0.0
0.0
0.0
0.0
0.0
0.0
0.0
0.0
0.0
0.0
0.0
0.0
0.0
0.0
0.0
0.0
0.0
0.0
0.0
0.0
0.0
0.0
0.0
0.0
0.0
0.0
0.0
0.0
0.0
0.0
0.0
0.0
0.0
0.0
0.0
0.0
0.0
0.0
0.0
0.0
0.0
0.0
0.0
0.0
0.0
0.0
0.0
0.0
0.0
0.0
0.0
0.0
0.0
0.0
0.0
0.0
0.0
0.0
0.0
0.0
0.0
0.0
0.0
0.0
0.0
0.0
0.0
0.0
0.0
0.0
0.0
0.0
0.0
0.0
0.0
0.0
0.0
0.0
0.0
0.0
0.0
0.0
0.0
0.0
0.0
0.0
0.0
0.0
0.0
0.0
0.0
0.0
0.0
0.0
0.0
0.0
0.0
0.0
0.0
0.0
0.0
0.0
0.0
0.0
0.0
0.0
0.0
0.0
0.0
0.0
0.0
0.0
0.0
0.0
0.0
0.0
0.0
0.0
0.0
0.0
0.0
0.0
0.0
0.0
0.0
0.0
0.0
0.0
0.0
0.0
0.0
0.0
0.0
0.0
0.0
0.0
0.0
0.0
0.0
0.0
0.0
0.0
0.0
0.0
0.0
0.0
0.0
0.0
0.0
0.0
0.0
0.0
0.0
0.0
0.0
0.0
0.0
0.0
0.0
0.0
0.0
0.0
0.0
0.0
0.0
0.0
0.0
0.0
0.0
0.0
0.0
0.0
0.0
0.0
0.0
0.0
0.0
0.0
0.0
0.0
0.0
0.0
0.0
0.0
0.0
0.0
0.0
0.0
0.0
0.0
0.0
0.0
0.0
0.0
0.0
0.0
0.0
0.0
0.0
0.0
0.0
0.0
0.0
0.0
0.0
0.0
0.0
0.0
0.0
0.0
0.0
0.0
0.0
0.0
0.0
0.0
0.0
0.0
0.0
0.0
0.0
0.0
0.0
0.0
0.0
0.0
0.0
0.0
0.0
0.0
0.0
0.0
0.0
0.0
0.0
0.0
0.0
0.0
0.0
0.0
0.0
0.0
0.0
0.0
0.0
0.0
0.0
0.0
0.0
0.0
0.0
0.0
0.0
0.0
0.0
0.0
0.0
0.0
0.0
0.0
0.0
0.0
0.0
0.0
0.0
0.0
0.0
0.0
0.0
0.0
0.0
0.0
0.0
0.0
0.0
0.0
0.0
0.0
0.0
0.0
0.0
0.0
0.0
0.0
0.0
0.0
0.0
0.0
0.0
0.0
0.0
0.0
0.0
0.0
0.0
0.0
0.0
0.0
0.0
0.0
0.0
0.0
0.0
0.0
0.0
0.0
0.0
0.0
0.0
0.0
0.0
0.0
0.0
0.0
0.0
0.0
0.0
0.0
0.0
0.0
0.0
0.0
0.0
0.0
0.0
0.0
0.0
0.0
0.0
0.0
0.0
0.0
0.0
0.0
0.0
0.0
0.0
0.0
0.0
0.0
0.0
0.0
0.0
0.0
0.0
0.0
0.0
0.0
0.0
0.0
0.0
0.0
0.0
0.0
0.0
0.0
0.0
0.0
0.0
0.0
0.0
0.0
0.0
0.0
0.0
0.0
0.0
0.0
0.0
0.0
0.0
0.0
0.0
0.0
0.0
0.0
0.0
0.0
0.0
0.0
0.0
0.0
0.0
0.0
0.0
0.0
0.0
0.0
0.0
0.0
0.0
0.0
0.0
0.0
0.0
0.0
0.0
0.0
0.0
0.0
0.0
0.0
0.0
0.0
0.0
0.0
0.0
0.0
0.0
0.0
0.0
0.0
0.0
0.0
0.0
0.0
0.0
0.0
0.0
0.0
0.0
0.0
0.0
0.0
0.0
0.0
0.0
0.0
0.0
0.0
0.0
0.0
0.0
0.0
0.0
0.0
0.0
0.0
0.0
0.0
0.0
0.0
0.0
0.0
0.0
0.0
0.0
0.0
0.0
0.0
0.0
0.0
0.0
0.0
0.0
0.0
0.0
0.0
0.0
0.0
0.0
0.0
0.0
0.0
0.0
0.0
0.0
0.0
0.0
0.0
0.0
0.0
0.0
0.0
0.0
0.0
0.0
0.0
0.0
0.0
0.0
0.0
0.0
0.0
0.0
0.0
0.0
0.0
0.0
0.0
0.0
0.0
0.0
0.0
0.0
0.0
0.0
0.0
0.0
0.0
0.0
0.0
0.0
0.0
0.0
0.0
0.0
0.0
0.0
0.0
0.0
0.0
0.0
0.0
0.0
0.0
0.0
0.0
0.0
0.0
0.0
0.0
0.0
0.0
0.0
0.0
0.0
0.0
0.0
0.0
0.0
0.0
0.0
0.0
0.0
0.0
0.0
0.0
0.0
0.0
0.0
0.0
0.0
0.0
0.0
0.0
0.0
0.0
0.0
0.0
0.0
0.0
0.0
0.0
0.0
0.0
0.0
0.0
0.0
0.0
0.0
0.0
0.0
0.0
0.0
0.0
0.0
0.0
0.0
0.0
0.0
0.0
0.0
0.0
0.0
0.0
0.0
0.0
0.0
0.0
0.0
0.0
0.0
0.0
0.0
0.0
0.0
0.0
0.0
0.0
0.0
0.0
0.0
0.0
0.0
0.0
0.0
0.0
0.0
0.0
0.0
0.0
0.0
0.0
0.0
0.0
0.0
0.0
0.0
0.0
0.0
0.0
0.0
0.0
0.0
0.0
0.0
0.0
0.0
0.0
0.0
0.0
0.0
0.0
0.0
0.0
0.0
0.0
0.0
0.0
0.0
0.0
0.0
0.0
0.0
0.0
0.0
0.0
0.0
0.0
0.0
0.0
0.0
0.0
0.0
0.0
0.0
0.0
0.0
0.0
0.0
0.0
0.0
0.0
0.0
0.0
0.0
0.0
0.0
0.0
0.0
0.0
0.0
0.0
0.0
0.0
0.0
0.0
0.0
0.0
0.0
0.0
0.0
0.0
0.0
0.0
0.0
0.0
0.0
0.0
0.0
0.0
0.0
0.0
0.0
0.0
0.0
0.0
0.0
0.0
0.0
0.0
0.0
0.0
0.0
0.0
0.0
0.0
0.0
0.0
0.0
0.0
0.0
0.0
0.0
0.0
0.0
0.0
0.0
0.0
0.0
0.0
0.0
0.0
0.0
0.0
0.0
0.0
0.0
0.0
0.0
0.0
0.0
0.0
0.0
0.0
0.0
0.0
0.0
0.0
0.0
0.0
0.0
0.0
0.0
0.0
0.0
0.0
0.0
0.0
0.0
0.0
0.0
0.0
0.0
0.0
0.0
0.0
0.0
0.0
0.0
0.0
0.0
0.0
0.0
0.0
0.0
0.0
0.0
0.0
0.0
0.0
0.0
0.0
0.0
0.0
0.0
0.0
0.0
0.0
0.0
0.0
0.0
0.0
0.0
0.0
0.0
0.0
0.0
0.0
0.0
0.0
0.0
0.0
0.0
0.0
0.0
0.0
0.0
0.0
0.0
0.0
0.0
0.0
0.0
0.0
0.0
0.0
0.0
0.0
0.0
0.0
0.0
0.0
0.0
0.0
0.0
0.0
0.0
0.0
0.0
0.0
0.0
0.0
0.0
0.0
0.0
0.0
0.0
0.0
0.0
0.0
0.0
0.0
0.0
0.0
0.0
0.0
0.0
0.0
0.0
0.0
0.0
0.0
0.0
0.0
0.0
0.0
0.0
0.0
0.0
0.0
0.0
0.0
0.0
0.0
0.0
0.0
0.0
0.0
0.0
0.0
0.0
0.0
0.0
0.0
0.0
0.0
0.0
0.0
0.0
0.0
0.0
0.0
0.0
0.0
0.0
0.0
0.0
0.0
0.0
0.0
0.0
0.0
0.0
0.0
0.0
0.0
0.0
0.0
0.0
0.0
0.0
0.0
0.0
0.0
0.0
0.0
0.0
0.0
0.0
0.0
0.0
0.0
0.0
0.0
0.0
0.0
0.0
0.0
0.0
0.0
0.0
0.0
0.0
0.0
0.0
0.0
0.0
0.0
0.0
0.0
0.0
0.0
0.0
0.0
0.0
0.0
0.0
0.0
0.0
0.0
0.0
0.0
0.0
0.0
0.0
0.0
0.0
0.0
0.0
0.0
0.0
0.0
0.0
0.0
0.0
0.0
0.0
0.0
0.0
0.0
0.0
0.0
0.0
0.0
0.0
0.0
0.0
0.0
0.0
0.0
0.0
0.0
0.0
0.0
0.0
0.0
0.0
0.0
0.0
0.0
0.0
0.0
0.0
0.0
0.0
0.0
0.0
0.0
0.0
0.0
0.0
0.0
0.0
0.0
0.0
0.0
0.0
0.0
0.0
0.0
0.0
0.0
0.0
0.0
0.0
0.0
0.0
0.0
0.0
0.0
0.0
0.0
0.0
0.0
0.0
0.0
0.0
0.0
0.0
0.0
0.0
0.0
0.0
0.0
0.0
0.0
0.0
0.0
0.0
0.0
0.0
0.0
0.0
0.0
0.0
0.0
0.0
0.0
0.0
0.0
0.0
0.0
0.0
