0.03330901115854546
0.03330940895134816
0.033309692678205924
0.03330992621421385
0.03331012741437768
0.033310304908102134
0.033310463807539936
0.03331060749290486
0.03331073833980542
0.03331085807819759
0.03331096806092903
0.03331106936461243
0.033311162843846935
0.033311249213221455
0.033311329041536684
0.033311402856181595
0.033311471067561264
0.0333115340496152
0.03331159213929382
0.0333116456105582
0.0333116947088627
0.03331173967846389
0.03331178070276093
0.033311817966655166
0.033311851636378044
0.0333118818623761
0.0333119087735349
0.03331193249623234
0.03331195314052477
0.03331197081933496
0.033311985617407516
0.03331199762877479
0.03331200693677544
0.03331201361390536
0.03331201773466549
0.03331201936131339
0.033312018559222834
0.033312015383284675
0.033312009889432566
0.03331200212741739
0.03331199214366903
0.03331197998750157
0.03331196569490456
0.033311949308658086
0.03331193086883415
0.03331191040602767
0.03331188795844857
0.033311863553303546
0.03331183722331318
0.03331180899735351
0.03331177890156638
0.033311746961697794
0.03331171320124022
0.0333116776450077
0.033311640312307635
0.033311601226590354
0.03331156040779267
0.03331151787437725
0.03331147364381978
0.03331142773282224
0.03331138016038825
0.033311330939784674
0.03331128008758659
0.03331122761424996
0.0333111735374319
0.033311117870506134
0.03331106062275467
0.03331100180938745
0.03331094143986617
0.033310879526585485
0.03331081607847957
0.03331075110510236
0.033310684618144425
0.033310616624469144
0.0333105471333559
0.03331047615337423
0.03331040369237077
0.033310329757693984
0.03331025170401653
0.033310172097792745
0.03331009103015919
0.03331000850622408
0.03330992453382415
0.03330983911632934
0.033309752259569815
0.0333096639692692
0.033309574249960866
0.0333094831063505
0.03330939054216751
0.03330929656280628
0.033309201171044016
0.03330910437161702
0.033309006167054775
0.03330890656113375
0.033308805557324905
0.033308703158003994
0.033308599365706265
0.03330849418291688
0.03330838761301422
0.033308279657775636
0.0333081703195171
0.03330805959955959
0.033307947500307813
0.03330783402239991
0.0333077191683088
0.033307602939209126
0.03330748533625424
0.033307366361232264
0.03330724601400944
0.03330712429557201
0.033307001207362866
0.03330687674901749
0.033306750922170836
0.033306623726361756
0.03330649516201404
0.03330636523425681
0.03330623594310349
0.03330610529062782
0.0333059732774272
0.0333058399010237
0.03330570516231171
0.033305569061340794
0.03330543159757304
0.03330529276946367
0.03330515257765943
0.0333050110196166
0.0333048680967006
0.03330472380675745
0.033304578148884344
0.03330443112226295
0.033304282725445465
0.033304132957569746
0.03330398181770651
0.03330382930346423
0.033303675414302215
0.03330352014885368
0.033303363504161465
0.03330320548039233
0.033303046074224775
0.03330288528518792
0.03330272311159753
0.033302559550217666
0.033302394599968116
0.03330222825927357
0.03330206052494531
0.03330189050431786
0.03330171888218217
0.03330154585644393
0.0333013714251397
0.033301195586483014
0.033301015141611774
0.033300832597257024
0.033300648625801295
0.03330046322444763
0.03330027638971573
0.033300088120114195
0.0332998984123261
0.03329970726282552
0.03329951466969293
0.03329932065207458
0.03329912553263068
0.033298929975453924
0.03329873296741575
0.03329853450440066
0.03329833458401532
0.033298133203038496
0.03329793035787626
0.03329772604605384
0.03329752026366152
0.03329731300673935
0.03329710427348128
0.033296894059275994
0.03329668236151032
0.03329646917555763
0.0332962544990798
0.0332960383276078
0.03329582065785153
0.03329560148646865
0.033295380809299495
0.033295158622795216
0.03329493492335021
0.03329470970684883
0.03329448296938909
0.03329425470710263
0.03329402491668905
0.03329379359344599
0.033293560733884085
0.03329332633321043
0.03329309038815499
0.03329285289470445
0.0332926138478726
0.03329237324396136
0.033292131078834185
0.0332918873481476
0.03329164204767581
0.03329139517329404
0.03329114672018873
0.03329089668437944
0.03329064506139844
0.033290391846414975
0.033290137035442875
0.03328988062332765
0.033289622606132094
0.03328936297914044
0.033289101737902387
0.03328883889241225
0.03328857443254366
0.03328830834414636
0.03328804062274103
0.03328777126342593
0.03328750026134667
0.03328722761171693
0.03328695330974744
0.03328667735061353
0.033286399681908434
0.03328612025766912
0.0332858391609334
0.03328555638648763
0.03328527192949686
0.03328498578504396
0.033284697947227763
0.03328440841175088
0.03328411717287568
0.03328382422595392
0.03328352956545814
0.033283233185834274
0.03328293508247952
0.03328263524964492
0.03328233368203464
0.03328203037453766
0.033281725321262494
0.033281418516829885
0.03328110995627501
0.033280799633782575
0.033280487544267934
0.033280173681414935
0.033279858039988695
0.03327954061481342
0.033279221399606186
0.0332788994392158
0.033278575642950885
0.03327825003646561
0.03327792261471172
0.033277593371630776
0.03327726230126313
0.033276929397755575
0.0332765946553905
0.03327625806866993
0.03327591963092206
0.03327557933693854
0.033275237179962405
0.03327489315483227
0.03327454755974417
0.03327420036020884
0.03327385127611738
0.0332735003010629
0.03327314742926736
0.03327279265415409
0.033272435969570864
0.03327207736958882
0.03327171684791111
0.03327135439823873
0.03327099001444952
0.03327062368991575
0.033270255418460334
0.03326988519399337
0.03326951300980833
0.033269138859477944
0.03326876273681122
0.03326838463514054
0.033268004548004396
0.033267622747205766
0.03326723982047388
0.033266854892274315
0.03326646795640926
0.03326607900544265
0.033265688033541525
0.033265295033725155
0.03326489999932902
0.03326450292355552
0.03326410379992194
0.03326370262151732
0.03326329938135106
0.0332628940728831
0.033262486689218995
0.03326207722345468
0.033261665668462434
0.033261252017848755
0.03326083626455627
0.03326041840117626
0.033259998421095276
0.033259578380705104
0.033259160712087975
0.03325874092629771
0.03325831901330536
0.03325789496850121
0.033257468784978095
0.033257040456578485
0.03325660997569902
0.033256177335064356
0.033255742527912725
0.033255305546713236
0.0332548663844667
0.03325442503383723
0.033253981487299106
0.03325353573795081
0.03325308777852755
0.033252637601210756
0.03325218519895137
0.03325173056417225
0.03325127368968394
0.033250814568027254
0.03325035319148107
0.033249889552915406
0.03324942364440119
0.033248955458766334
0.03324848498820551
0.03324801222507376
0.03324753716225288
0.03324705979144502
0.033246580105448904
0.033246098096199536
0.03324561375650834
0.03324512200115563
0.033244626904928985
0.033244129435276625
0.03324362958431875
0.03324312734442317
0.03324262270722674
0.03324211566526417
0.033241606210273715
0.03324109433427956
0.03324058002958691
0.03324006328779927
0.03323954410082236
0.033239022460930655
0.03323849835957441
0.03323797178911592
0.033237442741105606
0.03323691125242851
0.033236381393683956
0.03323584904644549
0.033235314202081125
0.03323477685253258
0.03323423698958755
0.03323369460469328
0.033233149689865904
0.03323260223687857
0.03323205223712495
0.03323149968211527
0.03323094456381686
0.033230386873573076
0.033229826603087265
0.033229261914659025
0.03322869429005401
0.033228124052547804
0.03322755119348586
0.03322697570489769
0.03322639757743899
0.03322581041212618
0.03322521938507446
0.03322462566970194
0.03322402925703695
0.03322343013832895
0.03322282830503609
0.03322222737208001
0.03322162275869931
0.03322101541237072
0.03322040532441395
0.033219792485766245
0.03321917688715633
0.0332185585201201
0.033217937375567594
0.03321731344451641
0.03321668671793648
0.03321605721231123
0.033215424911307856
0.033214789787739486
0.033214151832310364
0.03321351103630848
0.03321286739027985
0.03321222088519578
0.03321157151167898
0.03321091926083256
0.03321026412305386
0.03320960599169365
0.033208944811594754
0.033208280715997844
0.03320761369584969
0.033206943741548665
0.0332062708437347
0.033205594993091274
0.03320491618022583
0.03320423439560928
0.0332035496298251
0.033202861873306684
0.03320217111676653
0.033201477350526594
0.03320078056504294
0.0332000807506692
0.03319937789808719
0.03319867199720649
0.033197963038923334
0.03319725101329474
0.03319653591067509
0.033195817721410704
0.033195096435749714
0.033194372043938276
0.033193644536185056
0.03319291293603877
0.03319217817408263
0.03319144054535216
0.03319069975937398
0.03318995580638347
0.03318920867630832
0.033188458359224404
0.033187704845502
0.033186948120563844
0.03318618817655551
0.03318542500559423
0.033184658597861884
0.03318388894333276
0.03318311603182341
0.033182339853344935
0.03318156039776639
0.03318077765494503
0.03317999161469542
0.03317920226688126
0.033178410796867806
0.03317761670023976
0.033176819271269774
0.03317601849997216
0.03317521437588107
0.0331744068887848
0.03317359602845617
0.0331727817845544
0.03317196414677728
0.03317114310473244
0.03317031997499195
0.033169502631714545
0.033168681886264886
0.03316785772814376
0.03316703014711377
0.033166199132887646
0.03316536467484751
0.033164526762808275
0.03316368538618051
0.03316284053460061
0.033161992197760275
0.03316114036493215
0.03316028502580123
0.033159426169617895
0.03315856378611403
0.03315769786469538
0.03315682839466244
0.03315595536556063
0.03315507876655346
0.03315419858729209
0.03315330666732616
0.03315240990239367
0.03315150949549626
0.03315060543583572
0.033149697712632424
0.03314878631491871
0.0331478712321047
0.03314695245313446
0.0331460299671555
0.033145103763232736
0.033144178952710664
0.03314325162117873
0.03314232055902782
0.033141385755337975
0.03314044719917484
0.03313950487956865
0.033138558785548895
0.033137607915545035
0.03313665100544377
0.03313569027772605
0.03313472572121219
0.03313375732471082
0.033132785077441246
0.03313180898525917
0.03313082906569918
0.03312983552467964
0.03312883652432334
0.033127833582326564
0.033126826687061496
0.03312581949200526
0.03312480934529633
0.03312379449073293
0.033122775649973776
0.03312175281171977
0.03312072596445364
0.03311969488870755
0.03311865964251637
0.03311762035190512
0.03311657700566414
0.033115529592275345
0.03311447810007768
0.03311342251773169
0.033112362833619645
0.03311129903443705
0.03311023110329031
0.0331091590356257
0.03310808282003545
0.03310700244469915
0.03310591789822626
0.0331048291686544
0.033103736244618494
0.033102639114425056
0.033101537766257856
0.033100432188402695
0.033099322369229356
0.03309820913982448
0.033097092181303835
0.0330959709503849
0.03309484543559631
0.03309371562490714
0.033092581506614656
0.033091441688652336
0.03309029652761256
0.03308914701619014
0.0330879931423171
0.03308683489415744
0.03308567225974572
0.0330845052272075
0.03308333378446623
0.033082157919635945
0.03308097762067531
0.03307979287545171
0.03307860367225338
0.03307740999872632
0.033076213373939775
0.03307501336171125
0.03307380885106158
0.03307259982998247
0.033071386286212985
0.03307016820778673
0.033068954859212824
0.03306774220288486
0.03306652502049092
0.03306530329994489
0.0330640770291787
0.03306284619608992
0.03306161078854444
0.03306037079449773
0.03305912620163595
0.03305787699775691
0.03305662317091653
0.033055364708848026
0.03305410159942883
0.03305283127350671
0.03305154615211089
0.03305025630712026
0.03304896172621679
0.03304766239691496
0.03304635830680675
0.03304504944338691
0.033043740797430284
0.0330424309095885
0.03304111625476002
0.03303979680371465
0.033038472040380434
0.033037138658738675
0.033035800430024825
0.03303445734162492
0.03303310937104521
0.03303175651432571
0.03303039876021149
0.03302903609610299
0.03302766850937272
0.03302629063821568
0.03302489787367076
0.03302349997504308
0.033022097055549385
0.03302069570699185
0.03301928912491601
0.033017876264170444
0.03301645840329087
0.03301503547337703
0.03301360746170455
0.03301217435512023
0.03301073614085914
0.0330092928060043
0.03300784433756884
0.033006390722574434
0.033004931948064
0.03300346800092759
0.03300199886828917
0.03300052453697593
0.03299904663578612
0.03299756364800879
0.03299607542795196
0.03299458196268332
0.03299308323894442
0.03299157924364648
0.03299006996359426
0.03298855538560402
0.032987035496576445
0.03298551028324187
0.03298397933604953
0.03298244034659149
0.032980895983663605
0.032979346234009756
0.03297779108429364
0.03297623052101884
0.03297466453095639
0.032973093100584674
0.03297151621645977
0.03296993386529873
0.032968347680754205
0.03296675772930277
0.03296516228037784
0.03296356803620788
0.032961980023415896
0.032960386529255516
0.03295878754021273
0.03295718304291457
0.03295557301092308
0.03295395744287493
0.032952336412204845
0.03295070983572136
0.03294907768372034
0.032947433936260984
0.03294577460531573
0.03294410960910035
0.032942438933802845
0.032940762565674964
0.032939090143832984
0.0329374130047278
0.032935728098056
0.03293403416961198
0.03293233449541655
0.03293062906150022
0.032928917572865
0.0329272000187974
0.032925476661478416
0.03292374748681277
0.03292201248092136
0.032920271629675445
0.032918516564972036
0.03291674533688579
0.03291496816475458
0.03291318547746441
0.03291140988099679
0.03290962103207441
0.03290782640338834
0.0329060258592843
0.03290421930478783
0.03290240672544793
0.03290058810683416
0.03289876527817525
0.032896936716624026
0.0328951020791854
0.03289326135132239
0.032891414518431035
0.03288956156597272
0.032887702479231846
0.03288583724367719
0.03288396584440723
0.032882088266912836
0.032880204489929156
0.032878314495396015
0.03287641827825001
0.03287451582314859
0.03287260568653423
0.03287068692597447
0.032868761871858554
0.03286683050928215
0.0328648928231826
0.03286294887207668
0.03286099861569034
0.0328590419909042
0.03285708275743857
0.03285513475180436
0.03285318549320434
0.03285122988516744
0.03284926791265066
0.03284729956051608
0.0328453248135635
0.032843343656618104
0.0328413542496237
0.03283934096845028
0.032837321173248585
0.03283529635010725
0.03283327616391241
0.03283124251916595
0.03282920224656664
0.0328271553992451
0.032825101961475034
0.032823041917675794
0.03282097525201158
0.032818901948726525
0.0328168219920314
0.03281473536619072
0.03281264205521993
0.0328105420432151
0.032808413226166656
0.032806277432364195
0.032804134805732674
0.032801998071669024
0.032799852738276035
0.032797699629574635
0.032795539994409276
0.03279337349325185
0.03279120010978623
0.03278901982744327
0.032786832629827935
0.03278463850035903
0.03278243742246243
0.032780229379545896
0.03277801435484102
0.0327757923316313
0.032773563418259814
0.032771327489064105
0.03276908451138163
0.03276683446840463
0.0327645773431053
0.032762313118459105
0.032760039081972545
0.03275775612537679
0.03275546600486253
0.032753168703295324
0.03275086420328855
0.0327485536953418
0.03274626438808554
0.03274396940843513
0.032741667252956186
0.03273935790386377
0.03273704104347827
0.03273471559394166
0.03273236126297222
0.03273000134592446
0.03272763972696555
0.032725270761907795
0.0327228944328147
0.03272051072191713
0.032718119611152806
0.03271572108244336
0.03271331511787599
0.032710901699325466
0.03270848080858655
0.03270605242673145
0.03270361653618298
0.032701169172094785
0.03269869428556739
0.032696212754578166
0.03269372434566481
0.03269124671085297
0.03268875314532008
0.03268624971692756
0.03268373901821854
0.0326812206168305
0.032678694479901856
0.03267616058823327
0.032673618922164395
0.03267106946317307
0.032668512192007476
0.032665947089330696
0.03266337413571812
0.032660793311724265
0.03265820458131546
0.032655607934309
0.0326530033580388
0.03265039083269511
0.032647767268631944
0.032645133612650576
0.03264249167112526
0.032639853313773885
0.032637224875196935
0.0326345931343083
0.032631954239042575
0.03262930732052053
0.03262663080244229
0.03262394513479403
0.03262125659968627
0.03261855990904326
0.03261585504245497
0.03261314197900546
0.032610420697468154
0.032607691177713775
0.032604953398775664
0.032602207339719906
0.032599455547160115
0.03259669641687037
0.03259392895370024
0.03259113448120574
0.03258832073751796
0.03258549849322518
0.03258268041135896
0.032579860546099064
0.03257702261346202
0.03257417622578286
0.032571321648169685
0.03256845848740747
0.032565586721339135
0.03256270632765619
0.03255981728405038
0.03255691956824298
0.032554013157725534
0.03255109802949697
0.03254817360615762
0.03254523999296903
0.03254229759116489
0.032539346377985265
0.03253638413689846
0.03253341288765452
0.03253046329489047
0.03252750487858374
0.032524534999460696
0.03252154654520539
0.03251854826191292
0.0325155410737118
0.03251252503345431
0.032509499990853896
0.032506465921951264
0.0325034228586203
0.03250037442384686
0.032497316901968255
0.03249425026872285
0.0324911744993125
0.03248808956927417
0.03248499545464611
0.0324818608369822
0.032478715129353186
0.03247556007009971
0.032472418169095275
0.03246926293478742
0.03246609076418132
0.03246290929551479
0.03245971877540516
0.03245651846447636
0.032453307891573344
0.03245008779067933
0.032446858111168944
0.03244361885475618
0.03244036999537942
0.03243711150697463
0.03243384336297576
0.03243056567730552
0.03242727836253631
0.03242400816269252
0.03242072213476058
0.0324174325311979
0.03241411984318603
0.032410800534373875
0.032407471402954816
0.03240413532450899
0.03240079062448448
0.0323974360319416
0.032394071519606056
0.0323906970599849
0.03238731262531086
0.03238391818785522
0.03238051369781921
0.0323770963356084
0.032373635077163794
0.032370163602941364
0.03236668339150995
0.03236321750151596
0.03235973406064935
0.03235623252541016
0.03235272072210632
0.032349199130720846
0.03234566734244046
0.032342125139479413
0.03233857249271326
0.03233500937261174
0.032331435749436574
0.03232785159320037
0.0323242513537643
0.03232064146593221
0.03231705548385777
0.03231347480210655
0.03230984979231063
0.03230621723299925
0.032302581590014624
0.03229893527910159
0.03229527822311661
0.03229161039042405
0.03228793174963508
0.03228424227042502
0.03228054192142632
0.03227683067100762
0.03227310756249268
0.032269361232835664
0.03226557582638154
0.032261779358650475
0.03225797961391201
0.03225419046325752
0.032250380421946834
0.032246552505815006
0.032242713363716355
0.032238863527161474
0.03223500235953977
0.03223112982831193
0.03222724590042209
0.03222333869512521
0.03221941912746882
0.03221549324480246
0.03221162120910483
0.032207722890107454
0.03220379284409805
0.03219984504092035
0.03219588783253294
0.03219192510628654
0.0321879507068994
0.032183964038772626
0.032179965025950275
0.03217595423157723
0.03217193162021742
0.03216789715663467
0.032163847789484036
0.03215974592978947
0.03215563199616641
0.0321515065763754
0.0321474006069768
0.032143277907580446
0.03213912993779056
0.03213496975012775
0.032130797726584094
0.03212660684564392
0.032122396745303455
0.03211817740866794
0.03211394774668158
0.03210974906717354
0.032105560117216325
0.03210132846602573
0.03209708421360749
0.03209282276060151
0.032088543466158546
0.03208425958175795
0.03207996405110456
0.03207565583716815
0.03207133490051402
0.032067001202993585
0.03206265470502689
0.032058295366724374
0.03205387674825168
0.032049444443210555
0.03204499905778226
0.032040572141743974
0.03203613398020074
0.03203166487949783
0.03202716988954074
0.03202266554083737
0.032018148696229654
0.03201361850570712
0.0320091027815918
0.032004600790119464
0.032000071340866666
0.0319955236088792
0.03199096237904432
0.03198638762678839
0.03198179378135084
0.03197718751408868
0.031972572420550516
0.03196794364391542
0.031963301142142644
0.03195864487119265
0.031953974787504724
0.031949254058298654
0.03194450607273433
0.031939744018451
0.03193499096036867
0.0319302303151662
0.03192543903142965
0.0319206269160453
0.031915799307864874
0.031910974085462285
0.031906150130411155
0.03190132513038661
0.03189648117844437
0.031891622814779814
0.03188674999470475
0.03188186267106791
0.03187696079673491
0.0318720387155698
0.03186710647024286
0.031862161392407384
0.0318572015717933
0.03185222696010681
0.03184723486033828
0.0318421767888911
0.03183710840623259
0.03183200871363379
0.031826929020156505
0.03182183798216168
0.03181671191733871
0.03181158349461461
0.03180645823771988
0.031801318415459814
0.031796161492838704
0.03179100049877907
0.03178582423104778
0.031780632465565846
0.031775425150929605
0.031770202234168744
0.03176496316316391
0.03175970514510821
0.03175443552342333
0.031749150087016134
0.03174385357237366
0.03173849072667736
0.03173308754631911
0.03172766817705727
0.03172225591459525
0.03171684611581311
0.031711429983434465
0.03170600028933698
0.03170055426036458
0.03169506779113357
0.031689599720408086
0.031684115143255684
0.03167861400628371
0.031673096280072484
0.03166756190580014
0.03166201044751657
0.031656441530780705
0.031650860784373604
0.03164526483011788
0.03163963413410687
0.03163394764883836
0.03162822203593145
0.03162247910027215
0.031616737024316506
0.03161103352833163
0.031605313664831665
0.03159955870924797
0.03159375298779391
0.0315879602348076
0.031582164125393684
0.03157635003000634
0.03157051658575469
0.0315646665768874
0.03155880549603174
0.031552926601964446
0.03154702243393071
0.031541089807667184
0.03153513763654184
0.03152912934873505
0.031523077336935414
0.031517006921640556
0.03151097096194892
0.03150494958842005
0.031498906494102766
0.03149279216027494
0.031486659568792215
0.03148054735416692
0.03147441727373821
0.031468276496879416
0.03146211706287565
0.031455938733421916
0.03144972840249698
0.03144349139705794
0.031437237795208545
0.031430964798163145
0.031424636197861844
0.031418255856427185
0.031411895729153566
0.03140552708468782
0.031399176291797185
0.031392787284727816
0.031386309626307
0.03137988672897019
0.03137344960203576
0.031366993105271336
0.03136051740215813
0.031354007757959004
0.03134747033926751
0.03134091268629337
0.03133433499637756
0.03132774189801189
0.031321106412786515
0.031314427648618005
0.03130773915097123
0.03130102990173199
0.03129434737010844
0.031287597094744324
0.031280826927989495
0.031274077679938145
0.03126730731598452
0.031260508304974094
0.03125367497062466
0.031246820344634645
0.031239944303729453
0.031233044891708597
0.031226123292021235
0.03121919453624631
0.031212220966451248
0.031205206340621756
0.031198173958757777
0.031191136955715872
0.031184050993384668
0.031176971201946107
0.03116989200183724
0.031162775029601495
0.031155627739423444
0.03114845637349593
0.031141262802598046
0.031134046529369595
0.031126807467095032
0.03111956086147731
0.031112318330438267
0.031105003119499788
0.031097652947975913
0.031090274605272496
0.031082841499401628
0.03107541233826166
0.031068017722034817
0.03106056131364107
0.031053081178815237
0.031045577220505386
0.031038049980865602
0.031030500195313754
0.031022927249575248
0.031015383179982967
0.03100781870496794
0.031000162803457958
0.030992482414945545
0.030984723639062916
0.030976932572895324
0.030969157660275352
0.030961410101968852
0.030953608179170308
0.030945779352472877
0.030937925312456163
0.030930045996409434
0.03092216365706536
0.030914294866830724
0.030906400546558545
0.030898447030664196
0.03089042436879751
0.030882336000819185
0.030874156772422494
0.030866021537634274
0.030857934885702
0.030849812065580108
0.030841640037747343
0.03083344736089625
0.030825232242376842
0.030817039815138402
0.030808822053162252
0.030800577244043763
0.03079227218291431
0.030783870214381868
0.030775371375524278
0.03076683656769033
0.030758373127795408
0.030749928133070918
0.030741455884653986
0.03073293261911578
0.030724384319214336
0.03071585479881305
0.030707297167822896
0.03069871291936002
0.030690100054141606
0.030681341195828705
0.03067247792017184
0.030663601154973717
0.03065474968782754
0.030645965823827045
0.030637150292248484
0.030628284973833686
0.03061941368987371
0.030610529369544465
0.03060161519268883
0.030592669550127814
0.03058366976282709
0.03057451513048708
0.030565283014304466
0.030556039031445163
0.03054685237077333
0.030537700743283783
0.03052851529075347
0.030519320781445897
0.030510094250227094
0.030500836332490507
0.030491530008184636
0.030482180189840544
0.030472743533935552
0.030463163881709145
0.030453551931605
0.030443960229714167
0.030434433689565724
0.030424896571498695
0.030415378850719432
0.030405802705428874
0.030396170551214477
0.030386484724777976
0.030376770870813787
0.0303669747225976
0.03035702682786711
0.030347040344249832
0.030337068125004068
0.0303271471056234
0.03031728689941261
0.030307391955527757
0.030297429163866713
0.0302873972562131
0.030277339919616918
0.03026723129425651
0.030257007165744518
0.030246661560953635
0.03023628038266137
0.03022595379442151
0.030215677961602638
0.030205439835916215
0.030195124083179762
0.030184759227733865
0.030174334767232504
0.030163869565098665
0.030153279961198005
0.030142600658850535
0.030131839509835043
0.030121102934727785
0.03011043158316256
0.030099776484420106
0.03008910279716012
0.030078376751675788
0.030067576075304615
0.030056709134648574
0.030045726635029395
0.030034671360740704
0.0300235102516595
0.03001241264280507
0.030001336830724576
0.02999025328930828
0.029979180672110688
0.02996806658773382
0.029956869881054636
0.02994554966783111
0.029934155255047147
0.02992267770722389
0.029911129242742685
0.02989966621530562
0.02988816402418143
0.02987665945614182
0.02986516267944794
0.029853623419012383
0.029841971917419833
0.02983018941676544
0.029818369260388847
0.029806450147660965
0.029794539845365745
0.02978263744709871
0.029770691849767213
0.02975877085526354
0.029746832100275435
0.02973481651809183
0.02972264992126798
0.029710428348022157
0.02969813055710662
0.029685786069358816
0.02967346712617784
0.02966110535811954
0.02964872783958021
0.029636364351879524
0.029623916930249402
0.029611363834317703
0.02959870012408526
0.029585999239816356
0.029573231666046824
0.029560477755156137
0.029547676949131525
0.029534852369450575
0.029522052462599476
0.029509118418467137
0.029496095740408592
0.02948303695500501
0.029469870593773803
0.0294566864497976
0.02944347683683768
0.029430225119137083
0.02941695288713465
0.029403620642050304
0.029390180429488818
0.029376749324644052
0.029363225170706234
0.029349584082045743
0.029335953649016724
0.02932227462853166
0.02930854269668411
0.02929474523831785
0.029280863818965955
0.029267003873292712
0.02925306808906059
0.02923902354341755
0.029224952853452998
0.029210826725434142
0.029196637952633914
0.029182327505820786
0.02916800273669109
0.02915367484193577
0.029139306972602506
0.029124836790566315
0.02911031158498868
0.029095716755244926
0.02908102749984279
0.029066202323503036
0.0290514230693064
0.029036621236787893
0.02902177583399214
0.029006853988189453
0.028991855635331826
0.028976735283126723
0.028961539677530786
0.02894622874729816
0.028930963444229265
0.028915655817860212
0.028900305399503303
0.028884899315889806
0.02886935344274606
0.028853722786840685
0.028837988555095874
0.028822200238454568
0.02880641847615316
0.02879058139100362
0.0287746925393311
0.028758737238793824
0.028742660760046973
0.028726496376231665
0.028710228432482734
0.028693903367442024
0.028677578752468874
0.028661173952371995
0.028644766115053913
0.02862821982106759
0.0286115927982403
0.028594838396708795
0.02857800007592472
0.02856113919125695
0.028544207378467006
0.0285272580603554
0.02851026197186871
0.028493135139370834
0.028475877155614632
0.028458524392567495
0.028441086600152966
0.028423631738780732
0.02840613034938187
0.028388624856097364
0.028370982178971306
0.028353182313766136
0.028335296416610027
0.028317285278092397
0.02829927271006618
0.028281220288295564
0.028263190990493424
0.02824496840358675
0.028226602882209604
0.028208129875633984
0.02818955723904248
0.028170959271105064
0.028152358839890777
0.028133757092770502
0.028114920472348016
0.028095937861808647
0.028076870583112087
0.028057709656539122
0.028038508517032205
0.028019389858625142
0.028000107311465464
0.0279806236961061
0.027961022402441763
0.027941330489752513
0.027921548111579823
0.027901812497580312
0.02788207670879396
0.02786203654783163
0.027841902585056352
0.02782165072781501
0.027801306843409885
0.027780954643529112
0.027760642383241052
0.027740082426351453
0.02771936626054252
0.027698547015069633
0.027677627952608762
0.027656665520151533
0.027635715235618506
0.027614611715269417
0.02759329008593579
0.027571884985241248
0.027550362655108497
0.027528788590623354
0.027507152463725454
0.027485450379416878
0.027463541214296415
0.027441501457921232
0.027419361311573735
0.027397141456222133
0.027374828700083533
0.027352480509790087
0.02732996007748627
0.027307259009686176
0.027284475316341764
0.02726157849874728
0.0272385871999343
0.027215546684050018
0.027192374306293086
0.027168989647120455
0.027145517022322103
0.027121931051487268
0.027098236354007984
0.027074481786947383
0.02705060574360222
0.02702651686975696
0.027002331939321274
0.0269780334758744
0.026953597512715848
0.026929106184091015
0.026904460206642285
0.026879669901328757
0.026854745235912945
0.026829673294937777
0.026804482976240197
0.02677920989733664
0.026753805692155904
0.02672825788902049
0.026702550260193268
0.026676653422170588
0.026650672760631947
0.026624629800354512
0.02659842120232341
0.0265720627870676
0.02654550447603564
0.026518790721929104
0.02649198996149894
0.026465137083225645
0.026438074069489923
0.026410866396770906
0.026383399798117817
0.026355859846933158
0.02632825831009347
0.026300485308126828
0.026272543600173316
0.02624436545448108
0.02621605487679609
0.026187670063977524
0.026159160827634555
0.026130457076226448
0.026101517476232468
0.026072436959028753
0.026043254564150898
0.026013949363994985
0.025984447166306747
0.025954713468184037
0.02592482322679836
0.025894849118984768
0.025864694985468097
0.025834369608665062
0.025803804022918445
0.02577306894694031
0.025742278863879663
0.025711261528540506
0.025680060705047438
0.025648623395796957
0.025617023334692884
0.02558535193177948
0.025553459286432226
0.025521347412792852
0.02548900021946158
0.025456511396920983
0.025423913923754746
0.025391104512244543
0.025358051390205097
0.025324774931982506
0.025291344237476938
0.025257769264209706
0.02522399504397992
0.025189989180706904
0.025155733805734527
0.02512131057422132
0.025086731817699413
0.025051960203896346
0.02501694319794864
0.02498166563687256
0.024946213069379476
0.024910601625420203
0.024874778263349252
0.02483870488304909
0.02480234779540539
0.024765845577459953
0.0247291460480645
0.024692231419442778
0.024655026938031763
0.02461757572161844
0.02457996612608755
0.024542132177871198
0.024504061882020287
0.024465700175079243
0.024427115130311927
0.02438833092351042
0.024349320616145906
0.024310033241956935
0.02427046406635177
0.024230690512247258
0.024190685939525402
0.02415041495357942
0.02410986880094974
0.024069058632649465
0.024028028219782224
0.02398673631962152
0.02394515775388907
0.023903289740541078
0.023861196974501262
0.023818845054733247
0.02377618315545111
0.02373324602658741
0.02369002205637187
0.02364657307334455
0.02360279392718747
0.02355872886676126
0.023514355393315624
0.023469738517435005
0.023424824908465605
0.023379577029949906
0.0233340241772941
0.02328818695360685
0.02324206529157409
0.023195615893040672
0.02314882394978198
0.023101731637380486
0.023054347307903116
0.023006628033739894
0.022958561017376478
0.022910171141507455
0.02286146836138528
0.022812421144466005
0.02276303235663794
0.02271329119044522
0.02266321573676908
0.02261278391892585
0.022562001500786993
0.022510866617049284
0.022459361848873864
0.02240748471365098
0.02235525096932711
0.022302651402660523
0.02224966048505854
0.022196279843998766
0.022142528131827124
0.0220883916303005
0.022033856878528376
0.02197890918881971
0.0219235672897668
0.02186782526745016
0.021811670897835204
0.02175508997002745
0.021698084523726912
0.02164066269161021
0.021582809685993996
0.021524522711187356
0.02146577629101363
0.021406595604220074
0.021346964795291155
0.021286886147222836
0.02122631736180124
0.021165293187928903
0.021103799198225987
0.021041830738204793
0.020979359014536236
0.020916400181690952
0.020852948415598798
0.02078899790335788
0.02072452514195412
0.02065953291123515
0.020594022433266437
0.020527987831821817
0.020461408231583298
0.020394274260987638
0.02032659948672882
0.02025837021066238
0.020189568539738863
0.02012017802451777
0.020050222597635153
0.019979676510281045
0.01990853086524027
0.01983675776599052
0.01976439294599087
0.019691400882841742
0.019617775983569993
0.019543533971666884
0.019468695400135072
0.01939323245383804
0.019317116921682947
0.019240368462069505
0.019162975172335405
0.01908490950975342
0.019006147827458086
0.01892672411089995
0.018846599812359408
0.0187657481251746
0.018684171955984978
0.018601880360033976
0.01851883961647232
0.018435001746300726
0.018350421589538715
0.018265050502290887
0.018178870867673485
0.018091839437060074
0.018004026455286502
0.01791535488260555
0.017825791286267004
0.017735336945233295
0.01764404360314258
0.0175518055754855
0.01745859621976617
0.017364459944274168
0.017269398984063895
0.017173295547911947
0.01707615423198716
0.016978044240250713
0.016878879297337113
0.016778579411552776
0.01667720888621971
0.016574757698420785
0.01647111341668125
0.016366277164734086
0.016260282700738194
0.016153070605113083
0.016044550062740918
0.015934768537907783
0.015823685816292125
0.015711251792499204
0.015597413708662565
0.015482176973228531
0.015365493584562562
0.01524730994200348
0.015127592869487134
0.015006311933747747
0.014883444032733584
0.014758885835105942
0.014632627077263802
0.014504634735640065
0.014374842708163136
0.014243170172956992
0.014109693449927692
0.013974408269543473
0.013837202007938454
0.013698028152520537
0.013556848551768126
0.013413574901809711
0.0132680832533617
0.013120357993931402
0.012970301541456257
0.01281777237327275
0.012662722582884747
0.01250503929474683
0.012344604592489223
0.012181284337758376
0.012014972463348915
0.011845544040638844
0.01167280761418928
0.011496634279916451
0.011316858859059645
0.011133277105435472
0.010945681182605057
0.01075386775933191
0.010557598605542264
0.010356566937144873
0.010150515896514844
0.009939116272075494
0.00972198724565072
0.009498732221758477
0.009268896555639741
0.009031969088528132
0.008787343208084056
0.00853435236075578
0.008272234544548434
0.008000046971044594
0.0077167204751734915
0.007420989038057302
0.007111273652841676
0.006785646978642349
0.006441737570986187
0.0060770033199213916
0.005687563433695172
0.005267786286890897
0.00480953192261058
0.004300228338655579
0.003718654776630916
0.003022933658527413
0.002101817684138009
0.0
0.0
0.0
0.0
0.0
0.0
0.0
0.0
0.0
0.0
0.0
0.0
0.0
0.0
0.0
0.0
0.0
0.0
0.0
0.0
0.0
0.0
0.0
0.0
0.0
0.0
0.0
0.0
0.0
0.0
0.0
0.0
0.0
0.0
0.0
0.0
0.0
0.0
0.0
0.0
0.0
0.0
0.0
0.0
0.0
0.0
0.0
0.0
0.0
0.0
0.0
0.0
0.0
0.0
0.0
0.0
0.0
0.0
0.0
0.0
0.0
0.0
0.0
0.0
0.0
0.0
0.0
0.0
0.0
0.0
0.0
0.0
0.0
0.0
0.0
0.0
0.0
0.0
0.0
0.0
0.0
0.0
0.0
0.0
0.0
0.0
0.0
0.0
0.0
0.0
0.0
0.0
0.0
0.0
0.0
0.0
0.0
0.0
0.0
0.0
0.0
0.0
0.0
0.0
0.0
0.0
0.0
0.0
0.0
0.0
0.0
0.0
0.0
0.0
0.0
0.0
0.0
0.0
0.0
0.0
0.0
0.0
0.0
0.0
0.0
0.0
0.0
0.0
0.0
0.0
0.0
0.0
0.0
0.0
0.0
0.0
0.0
0.0
0.0
0.0
0.0
0.0
0.0
0.0
0.0
0.0
0.0
0.0
0.0
0.0
0.0
0.0
0.0
0.0
0.0
0.0
0.0
0.0
0.0
0.0
0.0
0.0
0.0
0.0
0.0
0.0
0.0
0.0
0.0
0.0
0.0
0.0
0.0
0.0
0.0
0.0
0.0
0.0
0.0
0.0
0.0
0.0
0.0
0.0
0.0
0.0
0.0
0.0
0.0
0.0
0.0
0.0
0.0
0.0
0.0
0.0
0.0
0.0
0.0
0.0
0.0
0.0
0.0
0.0
0.0
0.0
0.0
0.0
0.0
0.0
0.0
0.0
0.0
0.0
0.0
0.0
0.0
0.0
0.0
0.0
0.0
0.0
0.0
0.0
0.0
0.0
0.0
0.0
0.0
0.0
0.0
0.0
0.0
0.0
0.0
0.0
0.0
0.0
0.0
0.0
0.0
0.0
0.0
0.0
0.0
0.0
0.0
0.0
0.0
0.0
0.0
0.0
0.0
0.0
0.0
0.0
0.0
0.0
0.0
0.0
0.0
0.0
0.0
0.0
0.0
0.0
0.0
0.0
0.0
0.0
0.0
0.0
0.0
0.0
0.0
0.0
0.0
0.0
0.0
0.0
0.0
0.0
0.0
0.0
0.0
0.0
0.0
0.0
0.0
0.0
0.0
0.0
0.0
0.0
0.0
0.0
0.0
0.0
0.0
0.0
0.0
0.0
0.0
0.0
0.0
0.0
0.0
0.0
0.0
0.0
0.0
0.0
0.0
0.0
0.0
0.0
0.0
0.0
0.0
0.0
0.0
0.0
0.0
0.0
0.0
0.0
0.0
0.0
0.0
0.0
0.0
0.0
0.0
0.0
0.0
0.0
0.0
0.0
0.0
0.0
0.0
0.0
0.0
0.0
0.0
0.0
0.0
0.0
0.0
0.0
0.0
0.0
0.0
0.0
0.0
0.0
0.0
0.0
0.0
0.0
0.0
0.0
0.0
0.0
0.0
0.0
0.0
0.0
0.0
0.0
0.0
0.0
0.0
0.0
0.0
0.0
0.0
0.0
0.0
0.0
0.0
0.0
0.0
0.0
0.0
0.0
0.0
0.0
0.0
0.0
0.0
0.0
0.0
0.0
0.0
0.0
0.0
0.0
0.0
0.0
0.0
0.0
0.0
0.0
0.0
0.0
0.0
0.0
0.0
0.0
0.0
0.0
0.0
0.0
0.0
0.0
0.0
0.0
0.0
0.0
0.0
0.0
0.0
0.0
0.0
0.0
0.0
0.0
0.0
0.0
0.0
0.0
0.0
0.0
0.0
0.0
0.0
0.0
0.0
0.0
0.0
0.0
0.0
0.0
0.0
0.0
0.0
0.0
0.0
0.0
0.0
0.0
0.0
0.0
0.0
0.0
0.0
0.0
0.0
0.0
0.0
0.0
0.0
0.0
0.0
0.0
0.0
0.0
0.0
0.0
0.0
0.0
0.0
0.0
0.0
0.0
0.0
0.0
0.0
0.0
0.0
0.0
0.0
0.0
0.0
0.0
0.0
0.0
0.0
0.0
0.0
0.0
0.0
0.0
0.0
0.0
0.0
0.0
0.0
0.0
0.0
0.0
0.0
0.0
0.0
0.0
0.0
0.0
0.0
0.0
0.0
0.0
0.0
0.0
0.0
0.0
0.0
0.0
0.0
0.0
0.0
0.0
0.0
0.0
0.0
0.0
0.0
0.0
0.0
0.0
0.0
0.0
0.0
0.0
0.0
0.0
0.0
0.0
0.0
0.0
0.0
0.0
0.0
0.0
0.0
0.0
0.0
0.0
0.0
0.0
0.0
0.0
0.0
0.0
0.0
0.0
0.0
0.0
0.0
0.0
0.0
0.0
0.0
0.0
0.0
0.0
0.0
0.0
0.0
0.0
0.0
0.0
0.0
0.0
0.0
0.0
0.0
0.0
0.0
0.0
0.0
0.0
0.0
0.0
0.0
0.0
0.0
0.0
0.0
0.0
0.0
0.0
0.0
0.0
0.0
0.0
0.0
0.0
0.0
0.0
0.0
0.0
0.0
0.0
0.0
0.0
0.0
0.0
0.0
0.0
0.0
0.0
0.0
0.0
0.0
0.0
0.0
0.0
0.0
0.0
0.0
0.0
0.0
0.0
0.0
0.0
0.0
0.0
0.0
0.0
0.0
0.0
0.0
0.0
0.0
0.0
0.0
0.0
0.0
0.0
0.0
0.0
0.0
0.0
0.0
0.0
0.0
0.0
0.0
0.0
0.0
0.0
0.0
0.0
0.0
0.0
0.0
0.0
0.0
0.0
0.0
0.0
0.0
0.0
0.0
0.0
0.0
0.0
0.0
0.0
0.0
0.0
0.0
0.0
0.0
0.0
0.0
0.0
0.0
0.0
0.0
0.0
0.0
0.0
0.0
0.0
0.0
0.0
0.0
0.0
0.0
0.0
0.0
0.0
0.0
0.0
0.0
0.0
0.0
0.0
0.0
0.0
0.0
0.0
0.0
0.0
0.0
0.0
0.0
0.0
0.0
0.0
0.0
0.0
0.0
0.0
0.0
0.0
0.0
0.0
0.0
0.0
0.0
0.0
0.0
0.0
0.0
0.0
0.0
0.0
0.0
0.0
0.0
0.0
0.0
0.0
0.0
0.0
0.0
0.0
0.0
0.0
0.0
0.0
0.0
0.0
0.0
0.0
0.0
0.0
0.0
0.0
0.0
0.0
0.0
0.0
0.0
0.0
0.0
0.0
0.0
0.0
0.0
0.0
0.0
0.0
0.0
0.0
0.0
0.0
0.0
0.0
0.0
0.0
0.0
0.0
0.0
0.0
0.0
0.0
0.0
0.0
0.0
0.0
0.0
0.0
0.0
0.0
0.0
0.0
0.0
0.0
0.0
0.0
0.0
0.0
0.0
0.0
0.0
0.0
0.0
0.0
0.0
0.0
0.0
0.0
0.0
0.0
0.0
0.0
0.0
0.0
0.0
0.0
0.0
0.0
0.0
0.0
0.0
0.0
0.0
0.0
0.0
0.0
0.0
0.0
0.0
0.0
0.0
0.0
0.0
0.0
0.0
0.0
0.0
0.0
0.0
0.0
0.0
0.0
0.0
0.0
0.0
0.0
0.0
0.0
0.0
0.0
0.0
0.0
0.0
0.0
0.0
0.0
0.0
0.0
0.0
0.0
0.0
0.0
0.0
0.0
0.0
0.0
0.0
0.0
0.0
0.0
0.0
0.0
0.0
0.0
0.0
0.0
0.0
0.0
0.0
0.0
0.0
0.0
0.0
0.0
0.0
0.0
0.0
0.0
0.0
0.0
0.0
0.0
0.0
0.0
0.0
0.0
0.0
0.0
0.0
0.0
0.0
0.0
0.0
0.0
0.0
0.0
0.0
0.0
0.0
0.0
0.0
0.0
0.0
0.0
0.0
0.0
0.0
0.0
0.0
0.0
0.0
0.0
0.0
0.0
0.0
0.0
0.0
0.0
0.0
0.0
0.0
0.0
0.0
0.0
0.0
0.0
0.0
0.0
0.0
0.0
0.0
0.0
0.0
0.0
0.0
0.0
0.0
0.0
0.0
0.0
0.0
0.0
0.0
0.0
0.0
0.0
0.0
0.0
0.0
0.0
0.0
0.0
0.0
0.0
0.0
0.0
0.0
0.0
0.0
0.0
0.0
0.0
0.0
0.0
0.0
0.0
0.0
0.0
0.0
0.0
0.0
0.0
0.0
0.0
0.0
0.0
0.0
0.0
0.0
0.0
0.0
0.0
0.0
0.0
0.0
0.0
0.0
0.0
0.0
0.0
0.0
0.0
0.0
0.0
0.0
0.0
0.0
0.0
0.0
0.0
0.0
0.0
0.0
0.0
0.0
0.0
0.0
0.0
0.0
0.0
0.0
0.0
0.0
0.0
0.0
0.0
0.0
0.0
0.0
0.0
0.0
0.0
0.0
0.0
0.0
0.0
0.0
0.0
0.0
0.0
0.0
0.0
0.0
0.0
0.0
0.0
0.0
0.0
0.0
0.0
0.0
0.0
0.0
0.0
0.0
0.0
0.0
0.0
0.0
0.0
0.0
0.0
0.0
0.0
0.0
0.0
0.0
0.0
0.0
0.0
0.0
0.0
0.0
0.0
0.0
0.0
0.0
0.0
0.0
0.0
0.0
0.0
0.0
0.0
0.0
0.0
0.0
0.0
0.0
0.0
0.0
0.0
0.0
0.0
0.0
0.0
0.0
0.0
0.0
0.0
0.0
0.0
0.0
0.0
0.0
0.0
0.0
0.0
0.0
0.0
0.0
0.0
0.0
0.0
0.0
0.0
0.0
0.0
0.0
0.0
0.0
0.0
0.0
0.0
0.0
0.0
0.0
0.0
0.0
0.0
0.0
0.0
0.0
0.0
0.0
0.0
0.0
0.0
0.0
0.0
0.0
0.0
0.0
0.0
0.0
0.0
0.0
0.0
0.0
0.0
0.0
0.0
0.0
0.0
0.0
0.0
0.0
0.0
0.0
0.0
0.0
0.0
0.0
0.0
0.0
0.0
0.0
0.0
0.0
0.0
0.0
0.0
0.0
0.0
0.0
0.0
0.0
0.0
0.0
0.0
0.0
0.0
0.0
0.0
0.0
0.0
0.0
0.0
0.0
0.0
0.0
0.0
0.0
0.0
0.0
0.0
0.0
0.0
0.0
0.0
0.0
0.0
0.0
0.0
0.0
0.0
0.0
0.0
0.0
0.0
0.0
0.0
0.0
0.0
0.0
0.0
0.0
0.0
0.0
0.0
0.0
0.0
0.0
0.0
0.0
0.0
0.0
0.0
0.0
0.0
0.0
0.0
0.0
0.0
0.0
0.0
0.0
0.0
0.0
0.0
0.0
0.0
0.0
0.0
0.0
0.0
0.0
0.0
0.0
0.0
0.0
0.0
0.0
0.0
0.0
0.0
0.0
0.0
0.0
0.0
0.0
0.0
0.0
0.0
0.0
0.0
0.0
0.0
0.0
0.0
0.0
0.0
0.0
0.0
0.0
0.0
0.0
0.0
0.0
0.0
0.0
0.0
0.0
0.0
0.0
0.0
0.0
0.0
0.0
0.0
0.0
0.0
0.0
0.0
0.0
0.0
0.0
0.0
0.0
0.0
0.0
0.0
0.0
0.0
0.0
0.0
0.0
0.0
0.0
0.0
0.0
0.0
0.0
0.0
0.0
0.0
0.0
0.0
0.0
0.0
0.0
0.0
0.0
0.0
0.0
0.0
0.0
0.0
0.0
0.0
0.0
0.0
0.0
0.0
0.0
0.0
0.0
0.0
0.0
0.0
0.0
0.0
0.0
0.0
0.0
0.0
0.0
0.0
0.0
0.0
0.0
0.0
0.0
0.0
0.0
0.0
0.0
0.0
0.0
0.0
0.0
0.0
0.0
0.0
0.0
0.0
0.0
0.0
0.0
0.0
0.0
0.0
0.0
0.0
0.0
0.0
0.0
0.0
0.0
0.0
0.0
0.0
0.0
0.0
0.0
0.0
0.0
0.0
0.0
0.0
0.0
0.0
0.0
0.0
0.0
0.0
0.0
0.0
0.0
0.0
0.0
0.0
0.0
0.0
0.0
0.0
0.0
0.0
0.0
0.0
0.0
0.0
0.0
0.0
0.0
0.0
0.0
0.0
0.0
0.0
0.0
0.0
0.0
0.0
0.0
0.0
0.0
0.0
0.0
0.0
0.0
0.0
0.0
0.0
0.0
0.0
0.0
0.0
0.0
0.0
0.0
0.0
0.0
0.0
0.0
0.0
0.0
0.0
0.0
0.0
0.0
0.0
0.0
0.0
0.0
0.0
0.0
0.0
0.0
0.0
0.0
0.0
0.0
0.0
0.0
0.0
0.0
0.0
0.0
0.0
0.0
0.0
0.0
0.0
0.0
0.0
0.0
0.0
0.0
0.0
0.0
0.0
0.0
0.0
0.0
0.0
0.0
0.0
0.0
0.0
0.0
0.0
0.0
0.0
0.0
0.0
0.0
0.0
0.0
0.0
0.0
0.0
0.0
0.0
0.0
0.0
0.0
0.0
0.0
0.0
0.0
0.0
0.0
0.0
0.0
0.0
0.0
0.0
0.0
0.0
0.0
0.0
0.0
0.0
0.0
0.0
0.0
0.0
0.0
0.0
0.0
0.0
0.0
0.0
0.0
0.0
0.0
0.0
0.0
0.0
0.0
0.0
0.0
0.0
0.0
0.0
0.0
0.0
0.0
0.0
0.0
0.0
0.0
0.0
0.0
0.0
0.0
0.0
0.0
0.0
0.0
0.0
0.0
0.0
0.0
0.0
0.0
0.0
0.0
0.0
0.0
0.0
0.0
0.0
0.0
0.0
0.0
0.0
0.0
0.0
0.0
0.0
0.0
0.0
0.0
0.0
0.0
0.0
0.0
0.0
0.0
0.0
0.0
0.0
0.0
0.0
0.0
0.0
0.0
0.0
0.0
0.0
0.0
0.0
0.0
0.0
0.0
0.0
0.0
0.0
0.0
0.0
0.0
0.0
0.0
0.0
0.0
0.0
0.0
0.0
0.0
0.0
0.0
0.0
0.0
0.0
0.0
0.0
0.0
0.0
0.0
0.0
0.0
0.0
0.0
0.0
0.0
0.0
0.0
0.0
0.0
0.0
0.0
0.0
0.0
0.0
0.0
0.0
0.0
0.0
0.0
0.0
0.0
0.0
0.0
0.0
0.0
0.0
0.0
0.0
0.0
0.0
0.0
0.0
0.0
0.0
0.0
0.0
0.0
0.0
0.0
0.0
0.0
0.0
0.0
0.0
0.0
0.0
0.0
0.0
0.0
0.0
0.0
0.0
0.0
0.0
0.0
0.0
0.0
0.0
0.0
0.0
0.0
0.0
0.0
0.0
0.0
0.0
0.0
0.0
0.0
0.0
0.0
0.0
0.0
0.0
0.0
0.0
0.0
0.0
0.0
0.0
0.0
0.0
0.0
0.0
0.0
0.0
0.0
0.0
0.0
0.0
0.0
0.0
0.0
0.0
0.0
0.0
0.0
0.0
0.0
0.0
0.0
0.0
0.0
0.0
0.0
0.0
0.0
0.0
0.0
0.0
0.0
0.0
0.0
0.0
0.0
0.0
0.0
0.0
0.0
0.0
0.0
0.0
0.0
0.0
0.0
0.0
0.0
0.0
0.0
0.0
0.0
0.0
0.0
0.0
0.0
0.0
0.0
0.0
0.0
0.0
0.0
0.0
0.0
0.0
0.0
0.0
0.0
0.0
0.0
0.0
0.0
0.0
0.0
0.0
0.0
0.0
0.0
0.0
0.0
0.0
0.0
0.0
0.0
0.0
0.0
0.0
0.0
0.0
0.0
0.0
0.0
0.0
0.0
0.0
0.0
0.0
0.0
0.0
0.0
0.0
0.0
0.0
0.0
0.0
0.0
0.0
0.0
0.0
0.0
0.0
0.0
0.0
0.0
0.0
0.0
0.0
0.0
0.0
0.0
0.0
0.0
0.0
0.0
0.0
0.0
0.0
0.0
0.0
0.0
0.0
0.0
0.0
0.0
0.0
0.0
0.0
0.0
0.0
0.0
0.0
0.0
0.0
0.0
0.0
0.0
0.0
0.0
0.0
0.0
0.0
0.0
0.0
0.0
0.0
0.0
0.0
0.0
0.0
0.0
0.0
0.0
0.0
0.0
0.0
0.0
0.0
0.0
0.0
0.0
0.0
0.0
0.0
0.0
0.0
0.0
0.0
0.0
0.0
0.0
0.0
0.0
0.0
0.0
0.0
0.0
0.0
0.0
0.0
0.0
0.0
0.0
0.0
0.0
0.0
0.0
0.0
0.0
0.0
0.0
0.0
0.0
0.0
0.0
0.0
0.0
0.0
0.0
0.0
0.0
0.0
0.0
0.0
0.0
0.0
0.0
0.0
0.0
0.0
0.0
0.0
0.0
0.0
0.0
0.0
0.0
0.0
0.0
0.0
0.0
0.0
0.0
0.0
0.0
0.0
0.0
0.0
0.0
0.0
0.0
0.0
0.0
0.0
0.0
0.0
0.0
0.0
0.0
0.0
0.0
0.0
0.0
0.0
0.0
0.0
0.0
0.0
0.0
0.0
0.0
0.0
0.0
0.0
0.0
0.0
0.0
0.0
0.0
0.0
0.0
0.0
0.0
0.0
0.0
0.0
0.0
0.0
0.0
0.0
0.0
0.0
0.0
0.0
0.0
0.0
0.0
0.0
0.0
0.0
0.0
0.0
0.0
0.0
0.0
0.0
0.0
0.0
0.0
0.0
0.0
0.0
0.0
0.0
0.0
0.0
0.0
0.0
0.0
0.0
0.0
0.0
0.0
0.0
0.0
0.0
0.0
0.0
0.0
0.0
0.0
0.0
0.0
0.0
0.0
0.0
0.0
0.0
0.0
0.0
0.0
0.0
0.0
0.0
0.0
0.0
0.0
0.0
0.0
0.0
0.0
0.0
0.0
0.0
0.0
0.0
0.0
0.0
0.0
0.0
0.0
0.0
0.0
0.0
0.0
0.0
0.0
0.0
0.0
0.0
0.0
0.0
0.0
0.0
0.0
0.0
0.0
0.0
0.0
0.0
0.0
0.0
0.0
0.0
0.0
0.0
0.0
0.0
0.0
0.0
0.0
0.0
0.0
0.0
0.0
0.0
0.0
0.0
0.0
0.0
0.0
0.0
0.0
0.0
0.0
0.0
0.0
0.0
0.0
0.0
0.0
0.0
0.0
0.0
0.0
0.0
0.0
0.0
0.0
0.0
0.0
0.0
0.0
0.0
0.0
0.0
0.0
0.0
0.0
0.0
0.0
0.0
0.0
0.0
0.0
0.0
0.0
0.0
0.0
0.0
0.0
0.0
0.0
0.0
0.0
0.0
0.0
0.0
0.0
0.0
0.0
0.0
0.0
0.0
0.0
0.0
0.0
0.0
0.0
0.0
0.0
0.0
0.0
0.0
0.0
0.0
0.0
0.0
0.0
0.0
0.0
0.0
0.0
0.0
0.0
0.0
0.0
0.0
0.0
0.0
0.0
0.0
0.0
0.0
0.0
0.0
0.0
0.0
0.0
0.0
0.0
0.0
0.0
0.0
0.0
0.0
0.0
0.0
0.0
0.0
0.0
0.0
0.0
0.0
0.0
0.0
0.0
0.0
0.0
0.0
0.0
0.0
0.0
0.0
0.0
0.0
0.0
0.0
0.0
0.0
0.0
0.0
0.0
0.0
0.0
0.0
0.0
0.0
0.0
0.0
0.0
0.0
0.0
0.0
0.0
0.0
0.0
0.0
0.0
0.0
0.0
0.0
0.0
0.0
0.0
0.0
0.0
0.0
0.0
0.0
0.0
0.0
0.0
0.0
0.0
0.0
0.0
0.0
0.0
0.0
0.0
0.0
0.0
0.0
0.0
0.0
0.0
0.0
0.0
0.0
0.0
0.0
0.0
0.0
0.0
0.0
0.0
0.0
0.0
0.0
0.0
0.0
0.0
0.0
0.0
0.0
0.0
0.0
0.0
0.0
0.0
0.0
0.0
0.0
0.0
0.0
0.0
0.0
0.0
0.0
0.0
0.0
0.0
0.0
0.0
0.0
0.0
0.0
0.0
0.0
0.0
0.0
0.0
0.0
0.0
0.0
0.0
0.0
0.0
0.0
0.0
0.0
