0.2734155739548441
0.2734140215058126
0.27341219244499554
0.27341029271563855
0.2734083534837138
0.27340638592985866
0.2734043954376577
0.27340238554714275
0.27340035871852975
0.27339831607768184
0.2733962588715216
0.27339418819903094
0.2733921045016563
0.2733900085842798
0.27338790067763563
0.27338578129169266
0.27338365072012943
0.27338150912644604
0.27337935694524323
0.2733771942434754
0.2733750212033485
0.2733728380346548
0.2733706448128436
0.27336844164056734
0.2733662287021522
0.273364006048458
0.273361773740212
0.2733595318737907
0.2733572804652429
0.27335501968193193
0.27335274944028937
0.27335046986742934
0.273348180996859
0.2733458828159707
0.27334357542713494
0.27334125878515325
0.27333893297606493
0.2733365979805196
0.2733342538385221
0.27333190052622514
0.27332953809210486
0.2733271665661806
0.27332478590053294
0.27332239613657866
0.273319997269447
0.27331758930854705
0.27331517227123686
0.27331274610515277
0.2733103108455283
0.2733078665044419
0.2733054130452169
0.2733029504863984
0.2733004788114982
0.2732979980212709
0.2732955080769084
0.2732930090057718
0.2732905007892052
0.2732879834200939
0.2732854568692033
0.2732829211380765
0.27328037621721846
0.2732778220783309
0.27327525872598635
0.2732726861147721
0.2732701042682064
0.27326751316257786
0.27326491275489095
0.2732623030595927
0.2732596840427709
0.2732570556984608
0.27325441800451106
0.2732517709183738
0.2732491144600242
0.27324644858775854
0.2732437732826655
0.27324108853411777
0.2732383943144389
0.2732356906055263
0.2732329761308867
0.27323025207302976
0.27322751846493415
0.2732247752622148
0.273222022479375
0.2732192600589546
0.2732164879908317
0.2732137062475654
0.27321091481331633
0.27320811366169484
0.2732053027565832
0.2732024820957248
0.27319965164019683
0.2731968113691624
0.27319396125799306
0.27319110127905755
0.27318823141183096
0.2731853516277476
0.2731824618957531
0.27317956218733896
0.2731766524908808
0.273173732772775
0.2731708030068955
0.2731678631602263
0.273164913220804
0.27316195313319347
0.27315898289920626
0.2731560024731394
0.273153011834139
0.27315001096331665
0.2731469998177612
0.27314397836995513
0.2731409465984629
0.27313790446670866
0.27313485195654885
0.27313178902653096
0.27312871565315533
0.273125631812207
0.2731225385032967
0.273119434662072
0.27311632027998584
0.27311319529078004
0.27311005968283125
0.2731069134288382
0.27310375649747426
0.27310058884963506
0.27309741046408786
0.2730942212930642
0.273091021327511
0.2730878105242746
0.2730845888494363
0.27308135627757063
0.27307811277044186
0.27307485830108136
0.27307159284286386
0.2730683163456815
0.27306502879309125
0.27306173015110285
0.2730584203719033
0.27305509944244877
0.2730517673122716
0.27304842396121815
0.27304506935694983
0.27304170345195367
0.27303832622076496
0.2730349376372908
0.27303153765003046
0.2730281256709733
0.27302470210943824
0.2730212670426388
0.2730178204419228
0.27301436227543896
0.2730108918041888
0.27300740953938685
0.2730039156026191
0.2730004099570867
0.27299689255805143
0.27299336338315155
0.27298982239254893
0.27298626953997035
0.27298270479949377
0.2729791295044816
0.27297554495957244
0.27297194926778723
0.2729683415617668
0.27296472179437015
0.27296108993464463
0.27295744594887766
0.2729537897899259
0.2729501214350101
0.27294644083657654
0.27294274795007173
0.2729390427578082
0.2729353252062672
0.27293159526748584
0.2729278528918402
0.2729240980534622
0.2729203307038765
0.2729165508121796
0.272912758337902
0.27290895324031816
0.2729051354821712
0.2729013050244167
0.27289746182804786
0.2728936058509519
0.2728897370542583
0.27288585540596855
0.27288196085799543
0.27287805337447735
0.2728741329090906
0.2728701994304886
0.27286625289754746
0.27286229326346023
0.27285832048973585
0.2728543345392322
0.27285033536896147
0.2728463229379335
0.2728422972085107
0.27283825813320967
0.27283420567468775
0.2728301397926558
0.2728260604390918
0.2728219675798258
0.27281786116358436
0.2728137411572757
0.2728096075152853
0.2728054601986493
0.2728012991646306
0.2727971243730922
0.27279293577503066
0.2727887333285752
0.27278451699082706
0.2727802867169327
0.2727760424650567
0.2727717841917531
0.27276751185313003
0.2727632253677914
0.2727589246606391
0.2727546097567653
0.272750280610065
0.2727459371772459
0.27274157941709287
0.27273720727553097
0.27273282071644056
0.2727284196894131
0.2727240041549381
0.2727195740646337
0.2727151293691322
0.27271067003076765
0.2727061959990369
0.2727017072283954
0.2726972036756756
0.2726926852893433
0.27268815202362023
0.27268360383744916
0.27267904068066173
0.27267446251103444
0.27266986927251663
0.2726652609233646
0.2726606374189282
0.27265599870654084
0.27265133556892723
0.2726466567942676
0.2726419626383399
0.272637253058675
0.2726325280053281
0.27262778742747656
0.27262303127731446
0.2726182595058703
0.2726134720699053
0.27260866891147023
0.2726038499898058
0.2725990152464179
0.2725941646409883
0.27258929829587086
0.27258441614521284
0.2725795179821878
0.2725746037540211
0.27256967341399274
0.2725647269064373
0.2725597641814389
0.2725547851909991
0.27254978988395956
0.27254477820784934
0.2725397501136385
0.27253470554647613
0.27252964445715117
0.2725245667955283
0.2725194725072435
0.2725143615392904
0.27250923384323616
0.2725040893635099
0.2724989280485537
0.2724937497001469
0.27248855394858723
0.27248334120096607
0.27247811140796835
0.2724728645080834
0.2724676004558422
0.27246231919428343
0.27245702066919086
0.2724517048270347
0.2724463716149002
0.2724410209774319
0.2724356528582529
0.27243026720504754
0.2724248639626279
0.272419443075558
0.2724140044860678
0.2724085481437938
0.27240307399299
0.2723975819726643
0.2723920720310717
0.27238654493652087
0.27238100161135864
0.27237544020274634
0.27236986065060065
0.2723642629061479
0.2723586469035584
0.27235301259606304
0.2723473599210876
0.2723416888198166
0.2723359992394088
0.2723302911186703
0.27232456440146224
0.2723188190292153
0.27231305494099606
0.27230727208226285
0.27230147039527025
0.27229564981592874
0.27228981028898963
0.27228395175303394
0.27227807415125366
0.27227217742408416
0.27226626150932337
0.27226032635043634
0.2722543718832434
0.2722483980513842
0.2722424047918889
0.27223639204355415
0.27223035975087023
0.2722243078458445
0.27221823627234026
0.272212144964782
0.27220603386732634
0.27219990049389553
0.27219374673186636
0.272187572980869
0.2721813791785624
0.272175165265061
0.2721689311732624
0.27216267684512235
0.272156402214346
0.2721501072178623
0.2721437917956787
0.2721374558803859
0.2721310994074892
0.27212472231727086
0.2721183245404994
0.27211190601801927
0.27210546668203206
0.2720990064916017
0.27209252750982044
0.27208602753034283
0.27207950648320745
0.27207296430489464
0.27206640092992856
0.2720598162899697
0.2720532103215181
0.27204658295975703
0.27203993413558425
0.27203326378083453
0.27202657183241313
0.2720198582208337
0.2720131228804501
0.2720063645781416
0.27199958419856457
0.2719927818803771
0.2719859575540102
0.2719791111578037
0.27197224261579067
0.2719653504391128
0.27195843571290523
0.271951498632905
0.271944539127785
0.2719375571284921
0.2719305525677787
0.2719235307434565
0.2719164903294648
0.27190942717107197
0.27190234119991075
0.27189523234344964
0.27188810052873813
0.27188094568860394
0.27187376775001765
0.27186656664198594
0.2718593422926949
0.2718520946396963
0.27184482360974355
0.2718375291220268
0.2718302111019948
0.2718228694812683
0.2718155041835961
0.27180811513755043
0.2718007022677838
0.2717932655036657
0.271785804767973
0.2717783199134289
0.2717708108299261
0.27176327755220153
0.2717557200083428
0.271748138121066
0.2717405318153602
0.2717329010166742
0.2717252456498738
0.27171756563806077
0.2717098609058951
0.2717021313762814
0.2716943769749768
0.27168659762384834
0.27167879324613764
0.2716709637639432
0.2716631091026543
0.2716552291802972
0.2716473239242375
0.2716393932535987
0.271631437090599
0.2716234553573157
0.2716154479745393
0.27160741486358814
0.2715993559449452
0.2715912618153716
0.2715831351523207
0.27157498255980633
0.2715668037926153
0.2715585987716866
0.2715503674146774
0.2715421096406685
0.2715338253716389
0.2715255145172693
0.27151717700113887
0.27150881274188954
0.2715004216595176
0.27149200367204673
0.27148355869571733
0.2714750866488271
0.2714665874482092
0.27145806101058656
0.27144950725202954
0.27144092608940723
0.27143231681409014
0.2714236795997877
0.2714150147253896
0.2714063221087022
0.27139760166277505
0.2713888533031833
0.2713800769451054
0.27137127250283327
0.27136243989095843
0.27135357902277774
0.2713446903479657
0.2713357769640575
0.27132683507960675
0.27131786460613017
0.27130886545741045
0.27129983754679193
0.2712907807843338
0.2712816950841638
0.2712725803566808
0.2712634365140228
0.2712542634691765
0.2712450611306979
0.2712358294112957
0.27122656821931485
0.2712172774677097
0.27120795706612855
0.2711986069232949
0.27118922695009584
0.2711798170536412
0.2711703771458615
0.27116090322816433
0.2711513985185728
0.2711418635076709
0.27113229810332073
0.2711227022136886
0.2711130757448403
0.2711034186066708
0.27109373070422693
0.27108401194509335
0.2710742622350469
0.27106448417555723
0.2710546756185215
0.27104483584028566
0.27103496474622746
0.2710250622415742
0.2710151282311688
0.27100516261983515
0.27099516468027723
0.27098513351222264
0.2709750704501858
0.2709649753966648
0.27095484825400845
0.27094468892863527
0.2709344973276078
0.2709242733655067
0.2709140147165606
0.2709037231357142
0.2708933988741494
0.2708830418303335
0.2708726522047452
0.2708622342628129
0.27085179230155515
0.27084131720614946
0.270830808877511
0.27082026721451063
0.27080969195651383
0.27079908305695066
0.270788440520129
0.27077776424733874
0.27076705413681407
0.27075631008532686
0.2707455319925276
0.27073471975524255
0.27072387326872754
0.27071299242523816
0.27070207712867544
0.2706911272774406
0.2706801427659236
0.27066912349266037
0.27065806935030506
0.2706469802373235
0.2706358560488749
0.2706246966786775
0.2706135020215461
0.27060227197279996
0.2705910069218887
0.27057970658404445
0.2705683705367269
0.27055699867660865
0.270545590894103
0.270534147083033
0.2705226538277642
0.270511114573213
0.2704995388971856
0.27048792668932475
0.27047627784158423
0.27046459224444713
0.2704528697891273
0.2704411103648262
0.2704293138623213
0.2704174801709324
0.27040560917889517
0.27039370077826214
0.270381754854861
0.27036977050391703
0.270357747834781
0.2703456873039675
0.2703335887997651
0.27032145220810594
0.27030927741760213
0.2702970680949256
0.2702848224874444
0.27027253835932363
0.2702602155960795
0.27024785408324975
0.27023545370591967
0.27022301434873236
0.2702105358970097
0.270198018234995
0.2701854612455029
0.2701728648134233
0.270160228821395
0.2701475531533001
0.27013483645687175
0.2701220749632024
0.2701092734199447
0.2700964317094987
0.270083549712504
0.2700706273103253
0.2700576643832774
0.27004466346450257
0.27003162365882427
0.2700185429921236
0.2700054213360037
0.2699922582461913
0.2699790514816247
0.26996580335612674
0.26995251374720947
0.26993918252085386
0.2699258095657611
0.26991239476035755
0.269898937981621
0.26988543910611407
0.26987189677451096
0.26985830961975654
0.269844679884422
0.26983100754262235
0.26981729303113616
0.269803538838995
0.269789753006616
0.26977592755973767
0.26976205893474275
0.2697481470066277
0.26973419164620455
0.2697201927277702
0.26970615012403737
0.2696920637068731
0.26967793334812307
0.26966375891969196
0.2696495402917628
0.2696352773366902
0.26962096992373985
0.2696066188971648
0.2695922232355134
0.2695777827290574
0.26956329724858324
0.26954876666165245
0.26953419083730357
0.2695195696434061
0.26950490294784263
0.2694901906189973
0.2694754325235849
0.26946062471040316
0.26944574493386664
0.2694308189003136
0.2694158464758969
0.26940082752587075
0.26938576191381886
0.26937064950611034
0.2693554901656406
0.2693402837558066
0.26932503014162573
0.2693097283384583
0.26929437816972596
0.2692789803784482
0.26926353759086236
0.26924805174332783
0.2692325178851202
0.2692169358761626
0.2692013055778234
0.2691856268344875
0.2691698995205082
0.2691541235322885
0.269138298701319
0.2691224248783507
0.2691064990037372
0.2690905190022156
0.26907448955835794
0.2690584105291109
0.26904228177194156
0.2690261082998389
0.2690098853495992
0.2689936109220365
0.2689772840671324
0.26896090677171247
0.26894447888986195
0.2689280000559533
0.26891147012525685
0.26889488916962273
0.26887825704144747
0.26886157359500296
0.2688448386820065
0.2688280501897208
0.26881120751247795
0.26879431290887723
0.26877736626942716
0.2687603688029701
0.26874332322369554
0.2687262375143279
0.26870910412598875
0.26869191798144676
0.2686746789293657
0.26865738681839385
0.26864004259660124
0.26862264521180435
0.2686051943161592
0.2685876897567551
0.26857013137978025
0.26855251903206895
0.2685348525586521
0.2685171318062247
0.2684993566185741
0.268481526841558
0.26846364231086656
0.26844570286645
0.2684277083643737
0.26840965864697425
0.26839153979709324
0.26837334272645513
0.2683550898595922
0.2683367810386134
0.26831841610415014
0.2682999949273715
0.26828151733737254
0.2682629831544811
0.2682443902967872
0.2682257475352985
0.2682070498339334
0.26818829491991447
0.26816948263150114
0.2681506128059839
0.26813168527986286
0.2681126998898901
0.26809365557893594
0.26807454453978824
0.2680553751130353
0.2680361479417354
0.26801686805275166
0.2679975246995421
0.2679781222578781
0.267958660606198
0.2679391395767226
0.26791955900266595
0.26789991871514357
0.26788021854627847
0.26786045832662286
0.267840637887946
0.2678207570594764
0.26780081567147784
0.2677808082643764
0.26776073989366694
0.26774061040977226
0.2677204208501519
0.2677001737357146
0.267679869339795
0.26765952285173056
0.2676391144950528
0.26761864409678693
0.26759811148169366
0.2675775164759929
0.267556858904191
0.2675361385908718
0.2675153553605799
0.2674945090367296
0.2674735994420691
0.2674526264519213
0.26743158984375975
0.26741048943197393
0.26738932503911245
0.2673680964855894
0.2673468035918503
0.2673254202432052
0.2673039550058621
0.2672824247618978
0.26726082933044604
0.26723916852897506
0.26721744268246617
0.26719565994692124
0.26717381057457285
0.2671518951319256
0.2671299134344475
0.26710786505887096
0.26708574924586076
0.26706355594863856
0.2670412964523674
0.26701897205316844
0.2669965802583265
0.2669741208796963
0.26695159373076793
0.2669289986225171
0.2669063353663889
0.2668836037738599
0.2668608036553712
0.2668379348208906
0.2668149970795967
0.2667919902412461
0.2667689131524856
0.2667457624265127
0.2667225426064044
0.2666992529790234
0.2666758950821239
0.26665247168690137
0.2666289792226188
0.2666054393054146
0.26658182945948633
0.2665581486597585
0.2665343967108401
0.2665105734157474
0.26648667857857844
0.2664627120022585
0.26643867348923783
0.2664145628413131
0.26639037986017483
0.2663661243256111
0.2663417960507265
0.26631739484429884
0.26629292050549663
0.2662683433194906
0.2662436723802182
0.26621892735241354
0.26619411293830286
0.26616923186285973
0.2661442739907299
0.2661192410366195
0.266094133220553
0.2660689389396386
0.2660436687130698
0.2660183258640906
0.2659929073003869
0.26596741281621833
0.2659418422032488
0.26591619525351234
0.26589047175981706
0.2658646715126406
0.2658387943032644
0.26581284145456135
0.2657868118182667
0.26576070459601575
0.26573451494967054
0.26570824457982983
0.26568189593715197
0.26565547012863366
0.2656289680110779
0.26560239247454404
0.2655757429699586
0.2655490363867645
0.26552225037812116
0.2654953847286561
0.265468439222161
0.2654414136425913
0.2654143077733334
0.265387121396595
0.2653598542944889
0.26533250580237294
0.26530507580383067
0.2652775644213608
0.26524997143500467
0.26522227555598443
0.26519446393208207
0.26516658296531154
0.2651386194018386
0.2651105673437956
0.265082424016733
0.2650541977954464
0.2650258880447632
0.26499749459231914
0.264969017159354
0.2649404555198713
0.2649118094824681
0.26488308105274266
0.2648542677453753
0.26482536933241213
0.26479638558556107
0.2647673162766829
0.26473816117669036
0.2647089121544404
0.264679576404857
0.26465015414240717
0.26462064754033765
0.26459105755044976
0.26456138465036
0.2645316316135617
0.2645018142715505
0.2644719088809652
0.2644419148471287
0.2644118325489333
0.2643816617200361
0.26435140216053715
0.26432105363468783
0.2642906159065969
0.2642600887387455
0.2642294719540155
0.2641987652884298
0.26416794064946103
0.26413699987821604
0.26410597190071844
0.26407484305859424
0.2640436213782115
0.264012308181172
0.26398090501520655
0.26394941062359445
0.2639178239972036
0.26388614489302376
0.2638543730679562
0.26382250827693454
0.2637905502760622
0.2637584987915307
0.2637263528710128
0.2636941043113431
0.26366176152116455
0.26362932442040016
0.2635967946263368
0.26356417371929
0.2635314620007921
0.2634986584179729
0.26346578945527815
0.2634328247270111
0.2633997639014097
0.26336660672754775
0.2633333529542975
0.2633000023291833
0.2632665545994022
0.2632330057804819
0.2631993582845003
0.263165628011247
0.26313177802317667
0.2630977778887234
0.26306368098338045
0.26302948131205406
0.2629951823070291
0.26296078373388687
0.26292628533396384
0.2628916868487096
0.26285698801981777
0.2628221885881501
0.2627872882938146
0.2627522861166886
0.2627171791412344
0.26268196319621007
0.2626466453325605
0.26261122616670846
0.26257570704947
0.26254009064187156
0.26250437490970596
0.2624685584179681
0.26243267306340695
0.26239668404709504
0.26236059110393956
0.26232439396801976
0.26228808429932293
0.26225166928620436
0.26221515155489306
0.26217856088570557
0.2621418574325036
0.26210502238912897
0.262068021903943
0.2620309138329653
0.2619936960062178
0.26195637111851594
0.2619189383404531
0.2618813974250449
0.26184374862782944
0.2618059916750404
0.2617681262930911
0.26173015140469075
0.2616920567297263
0.2616538527540168
0.26161553927624875
0.26157711974800124
0.2615385926800855
0.26149996250878327
0.26146122169442393
0.2614223935543549
0.26138346629589104
0.26134442292677174
0.2613052698508328
0.2612660061326878
0.2612266529629228
0.26118719656311784
0.26114761171921164
0.2611079137601503
0.26106806975717717
0.26102806157713365
0.2609879354441285
0.2609476944508187
0.2609073387910906
0.2608668681797397
0.2608262823320571
0.2607855809619992
0.2607447637832684
0.26070381788853264
0.2606627553713639
0.26062157613078335
0.2605802838263309
0.2605388753585493
0.26049735915075606
0.2604557163099108
0.26041396855345034
0.2603721350209705
0.26033018287472615
0.260288127953832
0.26024596574019543
0.26020367488655255
0.2601612617652279
0.26011872858427015
0.2600760750744057
0.2600332478739677
0.25999026191156266
0.2599471522177218
0.259903920794155
0.2598605673461339
0.2598170915764894
0.25977349318821213
0.2597297617281819
0.25968590340254
0.2596419215081636
0.25959781874217824
0.2595535880763003
0.25950923921753166
0.2594647685503905
0.25942017181287436
0.2593754944078451
0.25933071194272345
0.25928580934723683
0.25924077560880016
0.2591956155022759
0.2591503287263356
0.2591049149777015
0.2590593739523773
0.2590136516862368
0.2589677562775981
0.25892173155205533
0.25887557807855693
0.25882929555066553
0.2587828829176782
0.25873632624808107
0.25868964257757754
0.2586428169135355
0.2585958648324661
0.25854878229934625
0.2585015792976287
0.25845425465716065
0.2584068091050671
0.25835927315242335
0.2583116093552321
0.2582638173414501
0.258215892495507
0.25816783442787705
0.2581196428271672
0.25807131738020705
0.25802285300351624
0.2579741545491926
0.2579253190874447
0.2578763482625852
0.2578272444636415
0.2577779867133314
0.2577285816466963
0.25767903985524343
0.25762936427620814
0.25757955396888466
0.2575296247701144
0.25747957281630973
0.2574293826837437
0.2573790559244558
0.2573286422662987
0.25727808957193893
0.2572273975267031
0.2571765658500338
0.2571255942212789
0.257074481993692
0.25702322838106356
0.2569717425257248
0.25692009778622527
0.25686829843259856
0.25681634529527075
0.256764243194041
0.25671199812427664
0.25665961243622193
0.25660710499016753
0.2565544619697839
0.2565016844481653
0.25644874436920045
0.2563956723270764
0.25634251578091977
0.25628921552377015
0.2562357682676566
0.25618217589852776
0.25612844168127685
0.2560745609774089
0.25602052811258336
0.2559662400552073
0.2559117839920777
0.25585716850607865
0.2558023969380045
0.2557474764944452
0.2556924320871478
0.2556372439589995
0.2555819077985395
0.25552641687121685
0.25547077280284247
0.255414996680592
0.25535911160840213
0.25530309764520936
0.255246932269737
0.25519061503823137
0.2551341360905324
0.255077498984808
0.2550207077794779
0.2549636587024246
0.2549064254500747
0.25484902816960076
0.25479150089726027
0.25473382075644035
0.2546759900558561
0.25461799349999065
0.25455983005916094
0.2545015492501709
0.2544431154842855
0.25438455054793657
0.2543258653555538
0.2542670126222552
0.2542079966030212
0.25414882257996974
0.2540894903470723
0.25402999727842746
0.25397023769077437
0.25391029233443024
0.25385019383831064
0.2537899350175607
0.25372952315177416
0.25366892306337424
0.2536081792072407
0.25354730597160535
0.2534862707451705
0.2534250676157551
0.25336375453423826
0.25330228056685555
0.25324064344332364
0.25317884113975425
0.25311687445416886
0.25305474769968955
0.25299238449276173
0.25292979094820994
0.2528670347965069
0.25280411414137194
0.2527409994935436
0.25267773344115607
0.2526143411042334
0.2525507700361603
0.2524870255501478
0.252423132314846
0.2523591179432003
0.2522949352194198
0.25223058380588714
0.25216607320652085
0.25210141143299075
0.25203654829278843
0.25197138624941984
0.25190605063104066
0.2518405118616035
0.2517748084438258
0.25170896437222107
0.25164295144947435
0.2515767661631022
0.25151040817105536
0.25144390180288323
0.2513772691191262
0.25131046348279823
0.25124351876034146
0.2511764025858166
0.2511090848570323
0.2510415487059805
0.2509737060628977
0.2509056715287227
0.2508374648461587
0.2507691081367275
0.2507005902917473
0.2506318961445817
0.2505630244147421
0.25049397664507866
0.2504248373035835
0.2503555453230669
0.2502860747081248
0.2502164133115889
0.2501465516180855
0.2500764638856979
0.25000602584654524
0.24993542507709504
0.2498646793301412
0.24979375727821063
0.24972266537501617
0.2496513956167717
0.24957994647485734
0.24950836992432537
0.24943666454376293
0.24936477588459682
0.2492926924275244
0.24922039534106688
0.24914785121912744
0.24907504430863703
0.24900201334345487
0.24892881719567364
0.2488554436610026
0.2487819006816698
0.2487081723714094
0.24863428893596823
0.24856022623169127
0.24848604865646193
0.24841168328821553
0.24833707341995115
0.24826222988008198
0.248187190638906
0.24811192070138977
0.24803641067387108
0.24796070828247288
0.2478848258905357
0.247808786254322
0.24773256706995075
0.24765615655889753
0.2475795859048324
0.24750285280589238
0.2474258696765612
0.2473486687240526
0.24727127485981437
0.24719372596817224
0.24711586704704072
0.24703778717581412
0.24695954669064973
0.2468811352419978
0.24680252867783686
0.24672371289895564
0.24664470539433503
0.24656554233379369
0.24648613350407156
0.24640652760853102
0.2463267423161404
0.24624679642829647
0.24616653736649027
0.2460860693285895
0.24600541599647943
0.24592455932520849
0.24584348601826891
0.24576221701859158
0.2456807484520875
0.2455990849960863
0.24551721897857065
0.24543517810750345
0.24535296257239464
0.24527058599824064
0.24518784348689687
0.24510488661856936
0.24502172985222548
0.2449383774186748
0.2448548112720944
0.2447709915254634
0.24468702024385527
0.24460285054971373
0.24451852792664974
0.24443403265136796
0.24434935693736176
0.24426433021924004
0.24417904841310842
0.24409357203936374
0.2440078865028961
0.24392193663401607
0.24383575904623195
0.24374943827729656
0.24366295574502467
0.24357633422704786
0.24348949486366986
0.24340244932687055
0.24331506370009465
0.2432274239067581
0.24313956608120565
0.24305144586395405
0.24296310091281964
0.2428745362849908
0.24278590503430492
0.24269709999092245
0.2426080787553366
0.24251885126336217
0.24242940108826525
0.24233955752442257
0.24224946950757534
0.24215914527450277
0.24206859005410167
0.24197781934059376
0.2418869905383765
0.24179596672167
0.24170473280420707
0.24161328477898142
0.24152162145585468
0.2414295780605093
0.24133723410956595
0.24124467778598996
0.2411518894348149
0.24105891992968795
0.2409658371298079
0.24087256450268993
0.24077908647510543
0.24068538868942133
0.24059144999360346
0.240497116343695
0.24040251609072022
0.24030768282646256
0.24021264310569104
0.24011742796242785
0.24002209217047465
0.23992655006719318
0.23983079258951517
0.23973478309809518
0.23963852482185555
0.23954183403961954
0.23944493823489635
0.23934782265381974
0.23925052372852285
0.2391530470300886
0.23905541881124034
0.23895758523099217
0.23885945094339409
0.238761062703985
0.23866240693781138
0.23856339923037154
0.23846420007685828
0.23836479178502504
0.23826518021500984
0.23816544661910108
0.23806544893081802
0.23796515845990737
0.23786470044593078
0.2377639694496172
0.2376628372382143
0.23756152554119603
0.23745998987066935
0.23735823945152473
0.23725632182501483
0.23715412760148344
0.2370517522539091
0.23694915253603763
0.23684625963325243
0.23674302559337812
0.2366395614526925
0.23653586025871656
0.2364319011619019
0.23632779156358483
0.23622347825027762
0.236118940658408
0.2360141899669163
0.2359091165856087
0.23580370406890835
0.23569802259741945
0.23559204520902213
0.2354859747909322
0.23537972411630095
0.23527323354244276
0.2351665296750247
0.23505962602766947
0.23495220986117396
0.23484454602404423
0.23473660808745972
0.2346285363403901
0.2345203155070943
0.23441184985191751
0.2343031807157162
0.23419425936824653
0.2340849375895597
0.23397527157825415
0.23386538210541197
0.23375529751478533
0.233645080957468
0.23353461401353454
0.23342393723566374
0.2333130232585415
0.23320174411859906
0.23309008302454676
0.23297818443374316
0.2328660897937506
0.23275384720459388
0.23264138541082222
0.23252870083082833
0.23241578563319903
0.23230246453952091
0.23218877801123325
0.23207486836772326
0.23196073457083663
0.2318464833675489
0.23173201568107202
0.2316173281205124
0.23150235080763465
0.23138694319567019
0.23127120270146737
0.23115523409132263
0.23103913067510526
0.2309228790346469
0.23080639653498475
0.2306896166900515
0.23057256464912826
0.23045499483738827
0.23033721146580544
0.23021923594345714
0.23010122076552564
0.22998289233256686
0.22986429672715275
0.22974542395505562
0.22962614116235083
0.2295065315759295
0.22938674210478138
0.22926690661623178
0.2291467199701791
0.22902626665693562
0.22890556700488082
0.22878454438070553
0.22866309829672693
0.2285415641006389
0.2284198144708398
0.2282977531441747
0.22817546233170483
0.22805292119551746
0.22793010476403625
0.22780691001089987
0.22768355426900777
0.22755983702164076
0.22743592939168614
0.22731178561456702
0.22718739428837115
0.2270628230593513
0.22693785961757662
0.22681249384636926
0.2266869195563531
0.2265611599900544
0.22643517220124112
0.22630900010773866
0.22618261441498652
0.22605567659886233
0.22592839920856048
0.22580099733671297
0.2256734010840611
0.2255456140666521
0.22541759742820108
0.22528923605307533
0.22516036649943963
0.22503125422379663
0.22490202642955268
0.22477260660862639
0.22464294574259158
0.22451306303785595
0.22438268503673425
0.22425191421562501
0.2241210102952056
0.22398994599056413
0.2238586476253461
0.22372712916113316
0.22359529354792676
0.22346288800551195
0.22333028411958883
0.22319758352003458
0.22306464371446896
0.2229314867847002
0.22279806723487575
0.2226641016708937
0.22252984234756978
0.22239548882338583
0.222260891255152
0.2221260954627093
0.22199099478840792
0.22185552989258975
0.2217196415109675
0.22158358751711046
0.22144734946930172
0.22131088039694596
0.2211741646600265
0.22103714176203057
0.22089960527912644
0.22076183253158405
0.2206239419886269
0.2204858620657286
0.22034751917963535
0.22020887958950078
0.22006964036107096
0.21993021516698819
0.21979068546267028
0.2196510030850473
0.21951099344485392
0.2193707041775255
0.21922971958227228
0.21908870170515918
0.21894761084226771
0.21880622682892228
0.21866456786862065
0.2185224603051027
0.218379900026897
0.2182373399526114
0.21809458886416624
0.21795153733053427
0.21780808106859328
0.21766429433917658
0.21752020727005206
0.21737605593458623
0.21723158857166244
0.2170867383405051
0.21694163922931345
0.21679627578067856
0.21665059782996288
0.21650472503016718
0.2163584688986495
0.2162119557821553
0.21606540035218913
0.21591827053460128
0.21577092891107713
0.21562325194537382
0.21547534797428233
0.21532739480240065
0.21517902055939342
0.21503018046129377
0.21488107301953038
0.21473180719491167
0.2145824349618539
0.21443274973762
0.21428249756966974
0.21413197668615344
0.21398131343396748
0.21383048228148294
0.2136793829078139
0.21352788220216185
0.21337590459326747
0.21322380978865885
0.21307155436324973
0.21291907144655547
0.21276625305297955
0.21261282264824455
0.21245930860287227
0.21230566845714355
0.21215177074931815
0.21199757877660366
0.21184269587056548
0.21168783842934327
0.2115327826437545
0.21137749411234588
0.2112218062645628
0.21106560065685984
0.21090936094426627
0.21075289744740539
0.21059616586492333
0.21043904087466342
0.21028153455029028
0.21012387945250743
0.20996604119701337
0.20980781717350416
0.20964926192361685
0.20949044751915027
0.20933141472046612
0.2091720856963906
0.20901241811687885
0.2088525029895711
0.20869233583641716
0.20853189859109364
0.20837110739188874
0.20820997138238453
0.2080487762185791
0.20788725147925394
0.2077252970424187
0.20756308328205308
0.2074005868579614
0.20723811317391955
0.20707502176464176
0.2069116831433285
0.2067479700924392
0.20658429493497968
0.20642033604856938
0.2062557986041419
0.20609097269900317
0.2059260204926591
0.2057609645085824
0.20559548701019215
0.2054294716877387
0.2052633168634486
0.20509711971715835
0.20493053423948676
0.20476346628046255
0.2045961767404778
0.2044288064440995
0.2042610513733075
0.20409298586132632
0.20392458423793694
0.2037560365690157
0.20358709834116168
0.2034178899454883
0.2032485386780734
0.20307882463198434
0.20290866263140953
0.20273835494648168
0.20256794088837138
0.20239710116146087
0.20222577691904858
0.20205436007911717
0.2018827988714127
0.20171090223690596
0.2015384281934761
0.20136589705100008
0.2011931823764299
0.201020186344994
0.2008466107914083
0.2006729701704222
0.20049909601118718
0.20032494704751222
0.20015035212033241
0.19997558801779416
0.19980054785606818
0.1996252387647617
0.19944964613064733
0.1992737157644554
0.19909753833823687
0.19892107044846313
0.19874440727067125
0.1985673841163288
0.198390058108245
0.19821250454438785
0.19803468304378125
0.19785660026007976
0.19767811440137908
0.19749948377782467
0.19732051151437063
0.19714136167673582
0.19696178026020258
0.1967819904243577
0.19660188430072503
0.19642168990388506
0.19624099356588146
0.19606004059967763
0.19587885148486614
0.19569743999599332
0.19551576210603822
0.19533369199650336
0.19515136282299297
0.19496882269730753
0.19478610053870168
0.19460289813707643
0.1944193657664444
0.1942358636508966
0.19405199017214764
0.19386760556454427
0.1936829930638743
0.1934984942572361
0.1933134095331086
0.19312793956544685
0.19294229604597124
0.19275668248760175
0.19257044916167226
0.19238380545445297
0.19219720043976987
0.19201038369685106
0.19182304561418978
0.19163534093604237
0.19144765732292596
0.19125984014534392
0.19107118326241473
0.1908825072838388
0.19069376061129728
0.19050468941110177
0.1903149574451379
0.19012532895065262
0.1899354275185195
0.18974507613477043
0.1895544187154647
0.18936386377729464
0.18917259329050476
0.18898116552049773
0.1887897373014619
0.18859769409391683
0.18840539018643027
0.18821313876253798
0.1880204144771082
0.1878271166375029
0.18763417987318248
0.18744068205511305
0.1872465526340261
0.187052462026496
0.18685845983734534
0.18666357169326916
0.18646848086787815
0.18627361273071766
0.1860781734109075
0.1858821809855857
0.18568626369198318
0.18549029361170621
0.1852934790208321
0.18509663515597125
0.18489968330520967
0.18470235835179424
0.18450460184879777
0.1843067520870709
0.18410874382116096
0.18391016296139917
0.18371149006749155
0.1835124857017286
0.1833133350034219
0.1831138224205837
0.18291388180450863
0.18271401993866102
0.18251375987384597
0.18231296061154983
0.18211214968349018
0.18191126874225585
0.18170963876977395
0.18150791131995347
0.1813062651873656
0.18110391872242532
0.1809013726133535
0.18069871038908927
0.1804957862254988
0.18029243097833625
0.18008875575834488
0.1798852694461312
0.1796810633472648
0.17947648054850437
0.17927215643824476
0.17906727251049512
0.17886189373730416
0.17865665309959414
0.1784510856693858
0.17824492539831546
0.17803873103885662
0.1778324791622186
0.177625554308271
0.17741844315891098
0.17721134641922318
0.17700379723172524
0.17679582314217987
0.17658786780015087
0.17637961446879502
0.17617081522104977
0.17596205166155404
0.17575305237727926
0.17554342154820937
0.17533382728974348
0.1751240005165833
0.17491363153838446
0.17470314662944614
0.17449252723968017
0.174281556764301
0.1740701259829523
0.1738586626462725
0.1736470602799428
0.1734346994895565
0.17322246569773345
0.1730101631502094
0.17279694514787902
0.1725839059081732
0.17237081900542972
0.1721568634543392
0.17194297149007928
0.17172906761234477
0.1715143480284395
0.17129967821207875
0.17108487403147615
0.17086953086232703
0.17065401714664724
0.1704382140064444
0.17022232529587347
0.17000586931445913
0.16978936618226223
0.1695727506777467
0.1693552367567866
0.16913825433492635
0.16892070184172142
0.16870236539275266
0.16848476449164823
0.16826611452546192
0.1680471717806579
0.16782884932546469
0.16760921207110685
0.1673897477856312
0.1671703657219309
0.16695000609871527
0.16672989145309125
0.166509501658452
0.1662884268471994
0.16606762376299888
0.1658463764395588
0.1656245787656254
0.16540289650872228
0.16518077036672646
0.16495835601003572
0.1647357731588576
0.16451280822429962
0.1642897544720735
0.16406617391962114
0.16384271512345935
0.1636186282321271
0.16339422661282849
0.16317012536531325
0.16294505540123283
0.16272013233021532
0.16249504899926315
0.16226913136705984
0.16204352355396873
0.16181754580116692
0.16159097942290818
0.161364605918102
0.16113750875406652
0.16091038203799465
0.16068327629006945
0.16045529494116129
0.160227409911884
0.15999942089695365
0.15977065577001537
0.15954202562587763
0.15931312081409946
0.15908357607923876
0.15885434841710205
0.15862437537386034
0.15839428087344595
0.1581640898811902
0.1579331655785632
0.15770261351431303
0.15747135788824648
0.15723991923147715
0.1570081566758957
0.15677632911228534
0.15654399057334023
0.15631152222924108
0.1560788650649524
0.1558455517685803
0.1556126416259085
0.15537862121508952
0.15514507360750238
0.15491091772363405
0.15467645697172855
0.15444197173051
0.15420676575897685
0.15397172193482342
0.15373614521340093
0.1535004282720103
0.15326435516142028
0.1530281377008196
0.15279157516164163
0.15255462978037318
0.15231762995390655
0.15208002695465164
0.15184264849867835
0.15160445944782605
0.1513662816149545
0.15112781815243334
0.15088890430264917
0.15065010574256754
0.15041046811915376
0.15017104461139152
0.14993108080298326
0.14969093527592303
0.1494505153541053
0.14920973406360602
0.14896871314117763
0.14872740345533414
0.14848584080010874
0.14824400133447344
0.1480019692252984
0.147759403542632
0.14751684127246617
0.14727372079197018
0.1470303657212683
0.1467869436914406
0.14654275430805597
0.14629917342383725
0.14605421615327266
0.14581009317084132
0.14556457368050774
0.14531970150606544
0.1450738147379423
0.14482814795020957
0.1445818955165421
0.14433541680350206
0.14408879041242384
0.14384165405541036
0.1435944330019295
0.14334668434655373
0.14309886391643978
0.14285059179694926
0.14260214477296965
0.14235336744094174
0.14210421250333846
0.14185493402477617
0.1416049969863088
0.14135531784805302
0.141104648986146
0.1408544267607908
0.14060329630700036
0.14035216726315464
0.14010074467081912
0.13984874259196814
0.13959694973475537
0.13934413192982048
0.13909195263199167
0.1388383211451542
0.1385854775438563
0.13833137310441015
0.13807774811715354
0.1378231987809496
0.13756879083045864
0.13731377373835113
0.1370586225264553
0.13680287505379002
0.13654721140415618
0.13629081390433923
0.13603452878557495
0.135777589223266
0.13552061860628975
0.13526312121066694
0.13500526793560133
0.13474729912458228
0.1344886225554814
0.13423015940896163
0.13397081028229488
0.13371167284894808
0.1334517342758174
0.1331918030208822
0.13293134649993574
0.13267047193240783
0.13240962604113557
0.13214784582541636
0.13188649744626746
0.1316239866908435
0.13136202066048622
0.13109878363008326
0.13083618289365734
0.13057220701881617
0.130308857164358
0.1300442310207754
0.1297801233529388
0.1295148859311271
0.12924997029497562
0.1289841810408679
0.12871846550407115
0.1284520602538074
0.12818553768427923
0.12791844696127386
0.12765111685104666
0.1273832972021885
0.12711523736776226
0.12684672530408211
0.12657790047438472
0.12630872413917016
0.12603917319557265
0.12576913653863464
0.12549900294272961
0.12522803900476698
0.12495733944357501
0.12468545287461275
0.12441408986709424
0.12414135509687933
0.12386913482119562
0.12359582744415272
0.12332263357480398
0.12304876598220403
0.12277460844096819
0.1225000466259801
0.12222499869582472
0.12194971397108605
0.12167380322170755
0.12139779434118121
0.12112103904082976
0.12084423289438852
0.12056649611799308
0.1202890059744913
0.12001027425146013
0.11973216407585589
0.11945238789087054
0.11917367639180645
0.11889294168079437
0.11861346341580527
0.11833183051745012
0.11805126193323578
0.11776882372010615
0.1174873106665874
0.11720427486132336
0.11692158387468646
0.1166379739897942
0.11635389765112968
0.11606992921245735
0.11578453410439406
0.11549979350088625
0.11521368786742231
0.11492762630691099
0.11464096191696806
0.11435367955897688
0.11406629305691522
0.1137779250630336
0.11348958732729204
0.11320022937551892
0.11291079665250317
0.11262073184061781
0.1123301939015296
0.11203923939631463
0.11174774104293052
0.11145557754718899
0.11116314529585576
0.11086983162654837
0.11057647156432866
0.11028216290267769
0.10998785207272783
0.1096923211169912
0.10939703662811448
0.10910043386546607
0.10880398968549665
0.1085064836488553
0.10820880062472049
0.107910432883564
0.10761148387187297
0.10731193431987751
0.10701184564475043
0.10671123657056421
0.1064099103960112
0.10610823212326784
0.10580589219134375
0.10550271672631242
0.10519955592130581
0.1048951549219606
0.10459050781361706
0.10428499450570794
0.10397908189323538
0.10367257126135304
0.10336551664890935
0.10305772017871606
0.10274924379861948
0.10244022695860275
0.10213016366082289
0.10182047286135561
0.10150874176050659
0.10119758484129336
0.1008852611914889
0.10057172147492661
0.10025875564584388
0.09994391113426744
0.0996290433947201
0.09931348960460057
0.0989964858834819
0.09868007012868159
0.0983618010431735
0.0980433281936083
0.09772425788155734
0.09740373607366701
0.09708378623400735
0.09676162714885375
0.09643944224984523
0.09611674356782075
0.0957925311619417
0.09546835862790876
0.09514281860653344
0.09481677818180083
0.09449009003307977
0.09416181208325995
0.0938336998555083
0.093504270669556
0.09317412305531735
0.09284319958638915
0.09251076136439945
0.0921786227712495
0.0918447593170483
0.0915105054962343
0.09117519740729613
0.09083831677112016
0.0905019235051208
0.09016359742535508
0.08982454097065973
0.08948472767867678
0.08914403436981576
0.0888020411781681
0.08845912153225655
0.08811590635864279
0.08777069095794884
0.08742521263283277
0.08707872945659348
0.0867304111135951
0.08638214070889569
0.08603220150647392
0.08568110732675653
0.08532956841219655
0.08497628067987556
0.08462224103507468
0.08426731731739445
0.0839105997910822
0.08355341481635882
0.08319471719584619
0.08283499102968167
0.08247391165036172
0.0821118200282515
0.08174863031081525
0.08138350574747555
0.08101844143148045
0.08065116817769392
0.08028227424068682
0.07991361735894233
0.07954185584217797
0.07916972392203951
0.07879681287694718
0.07842084415276655
0.07804505157174103
0.07766759936089349
0.07728775225210213
0.07690757827550594
0.07652550774947033
0.07614187695734047
0.07575701338613156
0.07537018377502824
0.07498197643265544
0.07459281326993587
0.07420110537119105
0.0738080467913318
0.07341428678758768
0.07301711147913041
0.0726193714056462
0.07222029692916852
0.07181791784029147
0.07141512904372779
0.07101043142112978
0.0706030211409793
0.0701945329080196
0.06978393463746661
0.06937106326639408
0.06895662674324828
0.06854006339580183
0.06812126415991368
0.0677004968097514
0.06727787325415853
0.06685262147287964
0.06642532580624606
0.06599616100316005
0.06556419852743807
0.06513003698840779
0.06469338297490691
0.0642545710542204
0.0638133331544349
0.06336896293756773
0.06292250291513271
0.06247366964832108
0.06202135429074931
0.061566632911269
0.06110964550328135
0.06064894402469851
0.06018542364006298
0.05971956084419654
0.05925005757682551
0.05877719459487208
0.05830157698988612
0.057822532363533116
0.05733983945143339
0.056853730826564426
0.05636434968457466
0.05587087986493317
0.05537391411621544
0.0548730630533319
0.05436795592730287
0.05385901851138467
0.05334594027869776
0.052828254133281745
0.05230635007437405
0.051779646448345464
0.05124829125346947
0.05071219970546128
0.05017075864965959
0.049624311410891735
0.04907245838078963
0.04851488152432811
0.047951747566109516
0.047382535449179634
0.04680701705569911
0.04622530858330119
0.045636767265607295
0.0450412521201821
0.044438709675347667
0.04382839175595124
0.04321033009026265
0.04258429356159186
0.04194937691007595
0.04130555179398767
0.040652658295367586
0.039989642602824414
0.03931624429545508
0.03863217053766103
0.03793651105689973
0.03722871886054495
0.03650844589050964
0.03577480281672233
0.03502687098371573
0.0342638802824077
0.03348464010808852
0.03268792916964486
0.031872425554214975
0.03103670932055114
0.030178916699513118
0.02929715832832972
0.028389199685260522
0.027452300080670674
0.026483416242076112
0.02547933124671734
0.024436110476860045
0.023348308407282435
0.022209203511710497
0.021010409491409355
0.01974077846612008
0.018385512458146777
0.016923806660019622
0.01532502653606976
0.013540639781278651
0.011484272049797167
0.008974051402746637
0.005409902652535199
0.0
0.0
0.0
0.0
0.0
0.0
0.0
0.0
0.0
0.0
0.0
0.0
0.0
0.0
0.0
0.0
0.0
0.0
0.0
0.0
0.0
0.0
0.0
0.0
0.0
0.0
0.0
0.0
0.0
0.0
0.0
0.0
0.0
0.0
0.0
0.0
0.0
0.0
0.0
0.0
0.0
0.0
0.0
0.0
0.0
0.0
0.0
0.0
0.0
0.0
0.0
0.0
0.0
0.0
0.0
0.0
0.0
0.0
0.0
0.0
0.0
0.0
0.0
0.0
0.0
0.0
0.0
0.0
0.0
0.0
0.0
0.0
0.0
0.0
0.0
0.0
0.0
0.0
0.0
0.0
0.0
0.0
0.0
0.0
0.0
0.0
0.0
0.0
0.0
0.0
0.0
0.0
0.0
0.0
0.0
0.0
0.0
0.0
0.0
0.0
0.0
0.0
0.0
0.0
0.0
0.0
0.0
0.0
0.0
0.0
0.0
0.0
0.0
0.0
0.0
0.0
0.0
0.0
0.0
0.0
0.0
0.0
0.0
0.0
0.0
0.0
0.0
0.0
0.0
0.0
0.0
0.0
0.0
0.0
0.0
0.0
0.0
0.0
0.0
0.0
0.0
0.0
0.0
0.0
0.0
0.0
0.0
0.0
0.0
0.0
0.0
0.0
0.0
0.0
0.0
0.0
0.0
0.0
0.0
0.0
0.0
0.0
0.0
0.0
0.0
0.0
0.0
0.0
0.0
0.0
0.0
0.0
0.0
0.0
0.0
0.0
0.0
0.0
0.0
0.0
0.0
0.0
0.0
0.0
0.0
0.0
0.0
0.0
0.0
0.0
0.0
0.0
0.0
0.0
0.0
0.0
0.0
0.0
0.0
0.0
0.0
0.0
0.0
0.0
0.0
0.0
0.0
0.0
0.0
0.0
0.0
0.0
0.0
0.0
0.0
0.0
0.0
0.0
0.0
0.0
0.0
0.0
0.0
0.0
0.0
0.0
0.0
0.0
0.0
0.0
0.0
0.0
0.0
0.0
0.0
0.0
0.0
0.0
0.0
0.0
0.0
0.0
0.0
0.0
0.0
0.0
0.0
0.0
0.0
0.0
0.0
0.0
0.0
0.0
0.0
0.0
0.0
0.0
0.0
0.0
0.0
0.0
0.0
0.0
0.0
0.0
0.0
0.0
0.0
0.0
0.0
0.0
0.0
0.0
0.0
0.0
0.0
0.0
0.0
0.0
0.0
0.0
0.0
0.0
0.0
0.0
0.0
0.0
0.0
0.0
0.0
0.0
0.0
0.0
0.0
0.0
0.0
0.0
0.0
0.0
0.0
0.0
0.0
0.0
0.0
0.0
0.0
0.0
0.0
0.0
0.0
0.0
0.0
0.0
0.0
0.0
0.0
0.0
0.0
0.0
0.0
0.0
0.0
0.0
0.0
0.0
0.0
0.0
0.0
0.0
0.0
0.0
0.0
0.0
0.0
0.0
0.0
0.0
0.0
0.0
0.0
0.0
0.0
0.0
0.0
0.0
0.0
0.0
0.0
0.0
0.0
0.0
0.0
0.0
0.0
0.0
0.0
0.0
0.0
0.0
0.0
0.0
0.0
0.0
0.0
0.0
0.0
0.0
0.0
0.0
0.0
0.0
0.0
0.0
0.0
0.0
0.0
0.0
0.0
0.0
0.0
0.0
0.0
0.0
0.0
0.0
0.0
0.0
0.0
0.0
0.0
0.0
0.0
0.0
0.0
0.0
0.0
0.0
0.0
0.0
0.0
0.0
0.0
0.0
0.0
0.0
0.0
0.0
0.0
0.0
0.0
0.0
0.0
0.0
0.0
0.0
0.0
0.0
0.0
0.0
0.0
0.0
0.0
0.0
0.0
0.0
0.0
0.0
0.0
0.0
0.0
0.0
0.0
0.0
0.0
0.0
0.0
0.0
0.0
0.0
0.0
0.0
0.0
0.0
0.0
0.0
0.0
0.0
0.0
0.0
0.0
0.0
0.0
0.0
0.0
0.0
0.0
0.0
0.0
0.0
0.0
0.0
0.0
0.0
0.0
0.0
0.0
0.0
0.0
0.0
0.0
0.0
0.0
0.0
0.0
0.0
0.0
0.0
0.0
0.0
0.0
0.0
0.0
0.0
0.0
0.0
0.0
0.0
0.0
0.0
0.0
0.0
0.0
0.0
0.0
0.0
0.0
0.0
0.0
0.0
0.0
0.0
0.0
0.0
0.0
0.0
0.0
0.0
0.0
0.0
0.0
0.0
0.0
0.0
0.0
0.0
0.0
0.0
0.0
0.0
0.0
0.0
0.0
0.0
0.0
0.0
0.0
0.0
0.0
0.0
0.0
0.0
0.0
0.0
0.0
0.0
0.0
0.0
0.0
0.0
0.0
0.0
0.0
0.0
0.0
0.0
0.0
0.0
0.0
0.0
0.0
0.0
0.0
0.0
0.0
0.0
0.0
0.0
0.0
0.0
0.0
0.0
0.0
0.0
0.0
0.0
0.0
0.0
0.0
0.0
0.0
0.0
0.0
0.0
0.0
0.0
0.0
0.0
0.0
0.0
0.0
0.0
0.0
0.0
0.0
0.0
0.0
0.0
0.0
0.0
0.0
0.0
0.0
0.0
0.0
0.0
0.0
0.0
0.0
0.0
0.0
0.0
0.0
0.0
0.0
0.0
0.0
0.0
0.0
0.0
0.0
0.0
0.0
0.0
0.0
0.0
0.0
0.0
0.0
0.0
0.0
0.0
0.0
0.0
0.0
0.0
0.0
0.0
0.0
0.0
0.0
0.0
0.0
0.0
0.0
0.0
0.0
0.0
0.0
0.0
0.0
0.0
0.0
0.0
0.0
0.0
0.0
0.0
0.0
0.0
0.0
0.0
0.0
0.0
0.0
0.0
0.0
0.0
0.0
0.0
0.0
0.0
0.0
0.0
0.0
0.0
0.0
0.0
0.0
0.0
0.0
0.0
0.0
0.0
0.0
0.0
0.0
0.0
0.0
0.0
0.0
0.0
0.0
0.0
0.0
0.0
0.0
0.0
0.0
0.0
0.0
0.0
0.0
0.0
0.0
0.0
0.0
0.0
0.0
0.0
0.0
0.0
0.0
0.0
0.0
0.0
0.0
0.0
0.0
0.0
0.0
0.0
0.0
0.0
0.0
0.0
0.0
0.0
0.0
0.0
0.0
0.0
0.0
0.0
0.0
0.0
0.0
0.0
0.0
0.0
0.0
0.0
0.0
0.0
0.0
0.0
0.0
0.0
0.0
0.0
0.0
0.0
0.0
0.0
0.0
0.0
0.0
0.0
0.0
0.0
0.0
0.0
0.0
0.0
0.0
0.0
0.0
0.0
0.0
0.0
0.0
0.0
0.0
0.0
0.0
0.0
0.0
0.0
0.0
0.0
0.0
0.0
0.0
0.0
0.0
0.0
0.0
0.0
0.0
0.0
0.0
0.0
0.0
0.0
0.0
0.0
0.0
0.0
0.0
0.0
0.0
0.0
0.0
0.0
0.0
0.0
0.0
0.0
0.0
0.0
0.0
0.0
0.0
0.0
0.0
0.0
0.0
0.0
0.0
0.0
0.0
0.0
0.0
0.0
0.0
0.0
0.0
0.0
0.0
0.0
0.0
0.0
0.0
0.0
0.0
0.0
0.0
0.0
0.0
0.0
0.0
0.0
0.0
0.0
0.0
0.0
0.0
0.0
0.0
0.0
0.0
0.0
0.0
0.0
0.0
0.0
0.0
0.0
0.0
0.0
0.0
0.0
0.0
0.0
0.0
0.0
0.0
0.0
0.0
0.0
0.0
0.0
0.0
0.0
0.0
0.0
0.0
0.0
0.0
0.0
0.0
0.0
0.0
0.0
0.0
0.0
0.0
0.0
0.0
0.0
0.0
0.0
0.0
0.0
0.0
0.0
0.0
0.0
0.0
0.0
0.0
0.0
0.0
0.0
0.0
0.0
0.0
0.0
0.0
0.0
0.0
0.0
0.0
0.0
0.0
0.0
0.0
0.0
0.0
0.0
0.0
0.0
0.0
0.0
0.0
0.0
0.0
0.0
0.0
0.0
0.0
0.0
0.0
0.0
0.0
0.0
0.0
0.0
0.0
0.0
0.0
0.0
0.0
0.0
0.0
0.0
0.0
0.0
0.0
0.0
0.0
0.0
0.0
0.0
0.0
0.0
0.0
0.0
0.0
0.0
0.0
0.0
0.0
0.0
0.0
0.0
0.0
0.0
0.0
0.0
0.0
0.0
0.0
0.0
0.0
0.0
0.0
0.0
0.0
0.0
0.0
0.0
0.0
0.0
0.0
0.0
0.0
0.0
0.0
0.0
0.0
0.0
0.0
0.0
0.0
0.0
0.0
0.0
0.0
0.0
0.0
0.0
0.0
0.0
0.0
0.0
0.0
0.0
0.0
0.0
0.0
0.0
0.0
0.0
0.0
0.0
0.0
0.0
0.0
0.0
0.0
0.0
0.0
0.0
0.0
0.0
0.0
0.0
0.0
0.0
0.0
0.0
0.0
0.0
0.0
0.0
0.0
0.0
0.0
0.0
0.0
0.0
0.0
0.0
0.0
0.0
0.0
0.0
0.0
0.0
0.0
0.0
0.0
0.0
0.0
0.0
0.0
0.0
0.0
0.0
0.0
0.0
0.0
0.0
0.0
0.0
0.0
0.0
0.0
0.0
0.0
0.0
0.0
0.0
0.0
0.0
0.0
0.0
0.0
0.0
0.0
0.0
0.0
0.0
0.0
0.0
0.0
0.0
0.0
0.0
0.0
0.0
0.0
0.0
0.0
0.0
0.0
0.0
0.0
0.0
0.0
0.0
0.0
0.0
0.0
0.0
0.0
0.0
0.0
0.0
0.0
0.0
0.0
0.0
0.0
0.0
0.0
0.0
0.0
0.0
0.0
0.0
0.0
0.0
0.0
0.0
0.0
0.0
0.0
0.0
0.0
0.0
0.0
0.0
0.0
0.0
0.0
0.0
0.0
0.0
0.0
0.0
0.0
0.0
0.0
0.0
0.0
0.0
0.0
0.0
0.0
0.0
0.0
0.0
0.0
0.0
0.0
0.0
0.0
0.0
0.0
0.0
0.0
0.0
0.0
0.0
0.0
0.0
0.0
0.0
0.0
0.0
0.0
0.0
0.0
0.0
0.0
0.0
0.0
0.0
0.0
0.0
0.0
0.0
0.0
0.0
0.0
0.0
0.0
0.0
0.0
0.0
0.0
0.0
0.0
0.0
0.0
0.0
0.0
0.0
0.0
0.0
0.0
0.0
0.0
0.0
0.0
0.0
0.0
0.0
0.0
0.0
0.0
0.0
0.0
0.0
0.0
0.0
0.0
0.0
0.0
0.0
0.0
0.0
0.0
0.0
0.0
0.0
0.0
0.0
0.0
0.0
0.0
0.0
0.0
0.0
0.0
0.0
0.0
0.0
0.0
0.0
0.0
0.0
0.0
0.0
0.0
0.0
0.0
0.0
0.0
0.0
0.0
0.0
0.0
0.0
0.0
0.0
0.0
0.0
0.0
0.0
0.0
0.0
0.0
0.0
0.0
0.0
0.0
0.0
0.0
0.0
0.0
0.0
0.0
0.0
0.0
0.0
0.0
0.0
0.0
0.0
0.0
0.0
0.0
0.0
0.0
0.0
0.0
0.0
0.0
0.0
0.0
0.0
0.0
0.0
0.0
0.0
0.0
0.0
0.0
0.0
0.0
0.0
0.0
0.0
0.0
0.0
0.0
0.0
0.0
0.0
0.0
0.0
0.0
0.0
0.0
0.0
0.0
0.0
0.0
0.0
0.0
0.0
0.0
0.0
0.0
0.0
0.0
0.0
0.0
0.0
0.0
0.0
0.0
0.0
0.0
0.0
0.0
0.0
0.0
0.0
0.0
0.0
0.0
0.0
0.0
0.0
0.0
0.0
0.0
0.0
0.0
0.0
0.0
0.0
0.0
0.0
0.0
0.0
0.0
0.0
0.0
0.0
0.0
0.0
0.0
0.0
0.0
0.0
0.0
0.0
0.0
0.0
0.0
0.0
0.0
0.0
0.0
0.0
0.0
0.0
0.0
0.0
0.0
0.0
0.0
0.0
0.0
0.0
0.0
0.0
0.0
0.0
0.0
0.0
0.0
0.0
0.0
0.0
0.0
0.0
0.0
0.0
0.0
0.0
0.0
0.0
0.0
0.0
0.0
0.0
0.0
0.0
0.0
0.0
0.0
0.0
0.0
0.0
0.0
0.0
0.0
0.0
0.0
0.0
0.0
0.0
0.0
0.0
0.0
0.0
0.0
0.0
0.0
0.0
0.0
0.0
0.0
0.0
0.0
0.0
0.0
0.0
0.0
0.0
0.0
0.0
0.0
0.0
0.0
0.0
0.0
0.0
0.0
0.0
0.0
0.0
0.0
0.0
0.0
0.0
0.0
0.0
0.0
0.0
0.0
0.0
0.0
0.0
0.0
0.0
0.0
0.0
0.0
0.0
0.0
0.0
0.0
0.0
0.0
0.0
0.0
0.0
0.0
0.0
0.0
0.0
0.0
0.0
0.0
0.0
0.0
0.0
0.0
0.0
0.0
0.0
0.0
0.0
0.0
0.0
0.0
0.0
0.0
0.0
0.0
0.0
0.0
0.0
0.0
0.0
0.0
0.0
0.0
0.0
0.0
0.0
0.0
0.0
0.0
0.0
0.0
0.0
0.0
0.0
0.0
0.0
0.0
0.0
0.0
0.0
0.0
0.0
0.0
0.0
0.0
0.0
0.0
0.0
0.0
0.0
0.0
0.0
0.0
0.0
0.0
0.0
0.0
0.0
0.0
0.0
0.0
0.0
0.0
0.0
0.0
0.0
0.0
0.0
0.0
0.0
0.0
0.0
0.0
0.0
0.0
0.0
0.0
0.0
0.0
0.0
0.0
0.0
0.0
0.0
0.0
0.0
0.0
0.0
0.0
0.0
0.0
0.0
0.0
0.0
0.0
0.0
0.0
0.0
0.0
0.0
0.0
0.0
0.0
0.0
0.0
0.0
0.0
0.0
0.0
0.0
0.0
0.0
0.0
0.0
0.0
0.0
0.0
0.0
0.0
0.0
0.0
0.0
0.0
0.0
0.0
0.0
0.0
0.0
0.0
0.0
0.0
0.0
0.0
0.0
0.0
0.0
0.0
0.0
0.0
0.0
0.0
0.0
0.0
0.0
0.0
0.0
0.0
0.0
0.0
0.0
0.0
0.0
0.0
0.0
0.0
0.0
0.0
0.0
0.0
0.0
0.0
0.0
0.0
0.0
0.0
0.0
0.0
0.0
0.0
0.0
0.0
0.0
0.0
0.0
0.0
0.0
0.0
0.0
0.0
0.0
0.0
0.0
0.0
0.0
0.0
0.0
0.0
0.0
0.0
0.0
0.0
0.0
0.0
0.0
0.0
0.0
0.0
0.0
0.0
0.0
0.0
0.0
0.0
0.0
0.0
0.0
0.0
0.0
0.0
0.0
0.0
0.0
0.0
0.0
0.0
0.0
0.0
0.0
0.0
0.0
0.0
0.0
0.0
0.0
0.0
0.0
0.0
0.0
0.0
0.0
0.0
0.0
0.0
0.0
0.0
0.0
0.0
0.0
0.0
0.0
0.0
0.0
0.0
0.0
0.0
0.0
0.0
0.0
0.0
0.0
0.0
0.0
0.0
0.0
0.0
0.0
0.0
0.0
0.0
0.0
0.0
0.0
0.0
0.0
0.0
0.0
0.0
0.0
0.0
0.0
0.0
0.0
0.0
0.0
0.0
0.0
0.0
0.0
0.0
0.0
0.0
0.0
0.0
0.0
0.0
0.0
0.0
0.0
0.0
0.0
0.0
0.0
0.0
0.0
0.0
0.0
0.0
0.0
0.0
0.0
0.0
0.0
0.0
0.0
0.0
0.0
0.0
0.0
0.0
0.0
0.0
0.0
0.0
0.0
0.0
0.0
0.0
0.0
0.0
0.0
0.0
0.0
0.0
0.0
0.0
0.0
0.0
0.0
0.0
0.0
0.0
0.0
0.0
0.0
0.0
0.0
0.0
0.0
0.0
0.0
0.0
0.0
0.0
0.0
0.0
0.0
0.0
0.0
0.0
0.0
0.0
0.0
0.0
0.0
0.0
0.0
0.0
0.0
0.0
0.0
0.0
0.0
0.0
0.0
0.0
0.0
0.0
0.0
0.0
