0.3524927936823725
0.35249042779013745
0.35248771393367145
0.35248491955819
0.3524820818793398
0.35247921336322985
0.3524763196316772
0.3524734043739444
0.352470470143437
0.35246751785294855
0.3524645487374511
0.3524615639314359
0.352458563722699
0.35245554897154435
0.35245251977983394
0.35244947666298065
0.3524464198753684
0.3524433495007792
0.35244026602321366
0.35243716942893966
0.35243405987945414
0.3524309375759598
0.35242780255283435
0.3524246548825426
0.35242149476111445
0.3524183222010747
0.3524151372375557
0.3524119399573823
0.3524087303396473
0.3524055085774695
0.35240227451836076
0.3523990283057214
0.35239576995410204
0.3523924994167921
0.3523892168097784
0.35238592204408364
0.3523826152161035
0.35237929627654624
0.35237596526010573
0.35237262211314213
0.352369266886176
0.35236589960233716
0.352362520179232
0.3523591286587971
0.35235572501822865
0.35235230925879746
0.35234888139005
0.35234544132677
0.3523419891061053
0.3523385247338083
0.35233504814739486
0.3523315593630584
0.35232805834807496
0.3523245450937141
0.35232101953718087
0.3523174817081201
0.35231393157214214
0.3523103691118545
0.35230679427880696
0.35230320706861873
0.35229960746029987
0.35229599540840695
0.3522923709129188
0.3522887339055767
0.35228508441250556
0.3522814223947083
0.3522777477874307
0.35227406060523836
0.35227036079622226
0.35226664834704524
0.35226292322273206
0.3522591853590612
0.3522554347798594
0.35225167142317615
0.3522478952585084
0.3522441062674137
0.35224030440749743
0.35223648965017557
0.3522326610596957
0.35222881946368945
0.3522249648783145
0.352221097238509
0.35221721656185684
0.3522133227653973
0.3522094158325002
0.35220549572195353
0.352201562409514
0.3521976158558705
0.35219365600826824
0.3521896828614367
0.3521856963590129
0.35218169646957076
0.35217768315717135
0.35217365638111126
0.3521696161109129
0.3521655623051022
0.35216149491860466
0.35215741390998523
0.35215331926146093
0.35214921092463525
0.3521450888615302
0.35214095302476817
0.35213680339647285
0.3521326398976646
0.3521284625300269
0.3521242712282043
0.3521200659621809
0.3521158467044839
0.35211161339425
0.35210736599205744
0.3521031044669512
0.35209882876716886
0.3520945388663606
0.3520902347058716
0.3520859162522189
0.35208158346921337
0.3520772370643077
0.35207287623743966
0.35206850097631914
0.35206411118783065
0.3520597068551954
0.35205528793968044
0.3520508543970649
0.3520464061724707
0.35204194323555776
0.3520374655195296
0.35203297301107783
0.3520284656498124
0.3520239433879774
0.3520194061898579
0.35201485400177807
0.35201028678584795
0.3520057045046942
0.3520011070881399
0.35199649451313403
0.35199186673200833
0.35198722367807594
0.3519825653328395
0.35197789162598536
0.35197320252916253
0.3519684979971816
0.35196377796389794
0.3519590423936549
0.35195429125010097
0.3519495244614067
0.35194474154401484
0.3519399428097317
0.35193512829036233
0.35193029794607605
0.3519254517324237
0.35192058971912615
0.3519157117555288
0.3519108177792555
0.35190590773922714
0.35190098157335087
0.3518960392505555
0.3518910807156511
0.35188610590438285
0.35188111478079104
0.3518761091077694
0.3518710905087214
0.35186605624241357
0.35186100548641436
0.3518559381754713
0.35185085426666335
0.3518457537134756
0.35184063645044894
0.3518355024463165
0.3518303516351631
0.3518251839553587
0.3518199993826135
0.3518147978428135
0.35180957929738305
0.3518043436777531
0.3517990909482193
0.3517938210417851
0.35178853391596693
0.35178322951470525
0.3517779077819002
0.3517725686661429
0.3517672121135062
0.3517618380703207
0.35175644647841753
0.3517510372842237
0.35174561044371283
0.3517401658905436
0.35173470357527364
0.3517292234341076
0.35172372542393754
0.35171820948805116
0.3517126755620463
0.3517071235928323
0.3517015535294095
0.35169596531255337
0.3516903588858324
0.35168473419754304
0.351679091182259
0.35167342978864075
0.35166774996135436
0.35166205163421915
0.35165633476041086
0.3516505992692577
0.3516448451154511
0.351639072236192
0.35163328057803084
0.3516274700789156
0.35162164068504076
0.3516157923310032
0.35160992495923776
0.35160403851088734
0.35159813292429765
0.35159220814207975
0.35158626410455734
0.3515803007514357
0.35157431798982125
0.3515683157329811
0.35156229398041433
0.3515562526688399
0.35155019173882635
0.351544111133928
0.3515380107798133
0.35153189062703616
0.3515257506064129
0.3515195906638209
0.3515134107328769
0.3515072107458083
0.35150099065109985
0.3514947503794447
0.3514884898684076
0.35148220905885863
0.3514759078800863
0.3514695862693603
0.3514632441704967
0.3514568815146999
0.3514504982441793
0.3514440942819804
0.3514376695710564
0.351431224050208
0.3514247576472822
0.35141825842326074
0.3514117377546204
0.35140519596878855
0.35139863300762986
0.35139204880278685
0.3513854432846166
0.3513788163877238
0.35137216804500354
0.35136549819741236
0.3513588067654696
0.3513520936935432
0.35134535890141466
0.351338602334064
0.3513318240615305
0.35132502400280613
0.35131820196251673
0.35131135786844186
0.3513044916567167
0.35129760325108306
0.35129069258328643
0.35128375958771074
0.35127680419439616
0.35126982633152076
0.3512628259320846
0.3512558029210167
0.3512487572310853
0.35124168879371115
0.3512345975345521
0.3512274833810877
0.3512203462672027
0.3512131861168316
0.3512060028595294
0.35119879613881383
0.3511915652664717
0.35118431106620135
0.3511770334706501
0.35116973239562826
0.351162407779106
0.35115505954318244
0.351147687613732
0.35114029191766005
0.35113287238262303
0.3511254289329804
0.35111796149167424
0.35111046998724094
0.3511029543442775
0.3510954144870347
0.351087850336537
0.3510802618240448
0.3510726488734342
0.3510650114012698
0.35105734933694155
0.35104966295849377
0.35104195261416443
0.3510342174483491
0.35102645738071325
0.35101867234361167
0.35101086224626843
0.35100302702497727
0.3509951665941506
0.35098728087341463
0.35097936979068073
0.3509714332623013
0.35096347121160193
0.35095548355859
0.35094747021999284
0.35093943112137244
0.3509313661838858
0.3509232753198988
0.350915158454034
0.3509070155023606
0.35089884638734586
0.35089065102765143
0.3508824293382968
0.35087418124212094
0.3508659066514225
0.3508576054893089
0.35084927766975277
0.3508409231091749
0.3508325417318775
0.3508241334449
0.3508156981716918
0.3508072358226388
0.3507987463216065
0.35079022782499275
0.35078168166284757
0.35077310808276774
0.350764506999669
0.3507558783318593
0.35074722198768693
0.35073853788801534
0.35072982594230456
0.350721086064484
0.35071231817274817
0.3507035221750349
0.3506946979833061
0.3506858455161664
0.3506769646790344
0.35066805539128354
0.35065911756033374
0.3506501511155339
0.3506411575316303
0.3506321351488057
0.35062308387149177
0.3506140036130462
0.3506048942841117
0.35059575579140073
0.35058658804827736
0.3505773909663352
0.3505681644512332
0.3505589084099172
0.35054962275635915
0.3505403073956996
0.3505309622383963
0.3505215862595501
0.35051218013064606
0.350502743921321
0.3504932775366138
0.35048378089252924
0.3504742538852976
0.3504646966474732
0.35045510890412507
0.35044549052215757
0.35043584140425343
0.35042616145624234
0.3504164505864384
0.35040671463828604
0.3503969533515181
0.35038716088947175
0.35037733715893155
0.3503674820609215
0.35035759549595596
0.35034767737244077
0.35033772759071335
0.3503277460539627
0.3503177326642368
0.35030768733101253
0.3502976099559722
0.3502875004326089
0.35027735865919984
0.35026718454256084
0.3502569779786251
0.35024673887001
0.35023646711390855
0.3502261626140263
0.35021582526498785
0.3502054549042686
0.35019505139967505
0.3501846147425772
0.35017414483493975
0.3501636415713183
0.3501531048494056
0.3501425345675338
0.3501319306232398
0.35012129291161415
0.35011062132991877
0.3500999157729858
0.3500891761395925
0.35007840232314885
0.3500675942189682
0.3500567517207846
0.35004587472688015
0.3500349631253889
0.35002401681732254
0.35001303569232284
0.3500020196443133
0.34999096856702383
0.3499798823524013
0.34996876089314544
0.3499576040807889
0.3499463997367444
0.3499351511285259
0.3499238669145647
0.3499125468495368
0.3499011908256458
0.3498897987305622
0.3498783704539224
0.34986690588936653
0.3498554049160978
0.34984386742886736
0.3498322933153072
0.3498206824663336
0.34980903477014796
0.34979735011248764
0.34978562838193716
0.3497738694650631
0.34976207324828357
0.34975023961711305
0.34973836845818396
0.3497264584345878
0.3497145099363176
0.3497025235592076
0.3496904991911815
0.3496784367136038
0.3496663360113297
0.34965419696866074
0.3496420194686907
0.3496298033949278
0.349617548629082
0.3496052552903248
0.3495929246673399
0.34958055500689095
0.34956814618822296
0.3495556980936996
0.34954321060508636
0.34953068359962125
0.3495181169601516
0.34950551056439644
0.3494928642924586
0.34948017802562986
0.3494674516390821
0.3494546850137255
0.3494418780244513
0.34942903055251
0.3494161424745923
0.3494032136661232
0.349390244005508
0.34937723336594523
0.34936418162729
0.34935108581870705
0.34933794822500097
0.34932476914545946
0.3493115484543557
0.34929828602639384
0.3492849817333752
0.3492716354523932
0.3492582470538492
0.34924481641167265
0.3492313433972637
0.3492178298695881
0.34920427418579
0.3491906757541264
0.3491770344454484
0.34916335013040584
0.3491496226791218
0.34913585196169883
0.34912203734329705
0.34910817804759076
0.3490942750895816
0.34908032833617814
0.3490663376540892
0.349052302915641
0.3490382239903392
0.3490241007556213
0.349009933355021
0.3489957214069902
0.3489814647350381
0.34896716320057747
0.34895281585832955
0.34893842923915025
0.34892400962506115
0.34890954466251495
0.34889503421629
0.348880478148355
0.34886587618515763
0.348851228235746
0.34883653425166733
0.34882179409822855
0.3488070076365301
0.3487921747256579
0.3487772952286651
0.34876236900471214
0.3487473959118446
0.34873237580624117
0.3487173085524946
0.34870219401194474
0.34868703204040924
0.34867182249942724
0.34865656524242256
0.34864126013083824
0.34862590702156177
0.3486105057694909
0.3485950562310468
0.34857955826334086
0.34856401212865107
0.34854841753645105
0.3485327740795948
0.3485170816170814
0.34850133999925426
0.3484855490811734
0.34846969149213464
0.3484537716831541
0.3484378020426888
0.34842178242006056
0.3484057126677856
0.3483895926363541
0.3483734221772627
0.3483572011392422
0.348340929373191
0.34832460672800947
0.3483082330511026
0.3482918081951331
0.34827533200419414
0.34825880276834925
0.3482422207683799
0.3482255869681836
0.3482089012152417
0.34819216335380104
0.34817537323180325
0.3481585324002392
0.34814163996565467
0.34812469481447694
0.34810769679033593
0.3480906457368933
0.3480735414971915
0.348056383913665
0.34803917282968677
0.34802190808721345
0.3480045895261398
0.34798721698921087
0.34796979031611525
0.34795230934825605
0.34793477302006304
0.34791717849646314
0.3478995291799806
0.3478818249100237
0.34786406552357985
0.3478462508586431
0.34782838075176625
0.34781045699964586
0.34779247886833115
0.3477744448232265
0.3477563546924414
0.34773820805207145
0.34772000303725004
0.3477017414343848
0.34768342307617106
0.34766504778542595
0.34764661540512126
0.34762812576838364
0.3476095787071831
0.34759097405292316
0.34757231177360504
0.34755359158824434
0.347534813215763
0.34751597657087213
0.3474970800456628
0.3474781291834527
0.34745913500264897
0.3474400864806563
0.3474209788979751
0.3474018120839137
0.3473825858620244
0.3473633000606595
0.3473439545059949
0.3473245490230456
0.34730508343680333
0.34728555757234597
0.3472659712523808
0.3472463243026129
0.34722661654449555
0.34720684860391565
0.34718701956860015
0.347167129194672
0.3471471773056899
0.34712716372077884
0.34710708826110237
0.34708695074622
0.34706675099571593
0.3470464888298645
0.3470261640666506
0.3470057715839756
0.3469852825889549
0.3469647303335314
0.3469441146349576
0.3469234353092555
0.3469026921701529
0.34688188503523415
0.3468610137172853
0.34684007802978506
0.34681907778845794
0.34679801113664444
0.3467768778083791
0.34675567935203433
0.3467344168546589
0.3467130910848654
0.34669169963625157
0.3466702423174981
0.34664871893929206
0.34662712929678846
0.3466054732112086
0.3465837505224754
0.34656196101518927
0.3465401044888858
0.3465181786014286
0.34649618173385405
0.34647411724744204
0.346451984946894
0.346429784637638
0.34640751994045865
0.3463851872400183
0.3463627848835663
0.346340312025997
0.34631777018164167
0.34629515915130077
0.34627247854767357
0.34624972817186217
0.34622690801222245
0.34620401786726557
0.34618105753809003
0.3461580268222869
0.34613492569376525
0.34611175398853217
0.3460885112891381
0.34606519729781327
0.3460418094297778
0.3460183580197338
0.34599485118581
0.34597127893747726
0.34594763455329697
0.3459239178267876
0.34590012855145147
0.34587626742797023
0.3458523335056868
0.3458283264156765
0.34580424594933423
0.3457800918968186
0.3457558640491935
0.34573156219505274
0.34570718612529056
0.34568273562684176
0.3456582104894362
0.3456336104927733
0.3456089354205072
0.3455841850706091
0.34555935922821257
0.3455344398792882
0.3455094152568798
0.3454843143576312
0.34545913696626945
0.34543388286550725
0.34540855186421743
0.34538314373467716
0.3453576582420619
0.3453320913661611
0.34530644972757313
0.3452807310658756
0.3452549341674011
0.3452290588116247
0.34520310477670246
0.3451770718397128
0.3451509597780978
0.3451247677070274
0.3450984897418112
0.3450721319560197
0.34504569472375607
0.3450191816629188
0.3449925843950122
0.3449659063709807
0.3449391474001747
0.34491230725398586
0.3448853857051715
0.34485838252363543
0.3448312974806956
0.3448041303454747
0.34477688088881725
0.3447495488780848
0.34472213408209196
0.34469463663243854
0.34466705593173796
0.3446393917257963
0.3446116411451212
0.34458381234892815
0.34455590548280546
0.34452794021751226
0.34449989039467527
0.3444717557788371
0.3444435361314509
0.344415231215988
0.34438684079358484
0.34435836462550423
0.34432980247298106
0.34430115409573603
0.344272419252548
0.3442435977474818
0.3442146893007453
0.3441856936630183
0.34415661059291136
0.34412743984611865
0.34409818117839747
0.34406880080528074
0.3440393097933082
0.34400972996308915
0.34398006106867896
0.3439503028618959
0.3439204553387077
0.3438905197136567
0.3438604925508768
0.34383037509035763
0.3438001670813437
0.3437698680674347
0.34373947735391847
0.3437089873913272
0.34367840642387076
0.3436477350689026
0.34361697162903115
0.34358611584858734
0.34355516747417225
0.3435241262489653
0.3434929919168379
0.3434617642216633
0.34343044290595387
0.343399027711606
0.34336751837970925
0.343335914651654
0.34330421631436003
0.3432724243103827
0.3432405376226712
0.34320855533922656
0.34317647359884207
0.34314430497475845
0.34311204270933454
0.34307971461545345
0.3430472909792267
0.34301477043861284
0.34298215272859484
0.34294943758210994
0.34291662473319456
0.3428837139145396
0.3428507048582205
0.3428175972954468
0.3427843909573088
0.3427510855549154
0.3427176808293689
0.3426841765173025
0.34265057234647767
0.3426168298858096
0.34258296088100304
0.3425489908345934
0.3425149217628068
0.34248075500835296
0.34244648190707566
0.3424121060071968
0.34237762787817744
0.3423430385558804
0.3423083457496758
0.3422735520028756
0.3422386548868036
0.34220365412285514
0.3421685494289802
0.342133340523801
0.34209802712662196
0.3420626089538107
0.34202708572288315
0.3419914584215999
0.3419557259871135
0.34191988764677966
0.3418839432528074
0.34184789244818303
0.3418117348507043
0.3417754676723805
0.34173909402675584
0.3417026231875056
0.3416660511996392
0.3416294003822118
0.3415926411890344
0.34155577332902276
0.34151879650999795
0.34148171044003856
0.34144451482643406
0.34140720937492536
0.34136979379134147
0.341332267395906
0.34129462998118776
0.3412568815461427
0.3412190217936864
0.34118102319371413
0.34114286792528015
0.341104606750528
0.34106623289281846
0.34102773946166876
0.34098912462929054
0.3409503964226159
0.3409115542826148
0.34087259795216945
0.34083352708157644
0.34079434136601583
0.34075504052963296
0.34071562611818307
0.3406760959527905
0.340636449726097
0.34059668713051017
0.3405568078585458
0.34051681160121144
0.3404766981340603
0.3404364670590443
0.3403961180606157
0.34035564644289973
0.3403150623575252
0.3402743676364928
0.3402335633846584
0.3401926705196703
0.34015165777421075
0.34011052452209467
0.34006927097689804
0.3400278967948738
0.33998640169078015
0.33994478534745043
0.33990304744754923
0.3398611876716671
0.3398192057526398
0.33977710134792916
0.33973482752351497
0.3396923984512712
0.3396498483487029
0.33960716440977196
0.3395643529680329
0.3395214168404372
0.33947835718843666
0.3394351728440979
0.3393918628447963
0.3393484268640248
0.3393048645752673
0.33926117564936786
0.3392173597588388
0.3391734165488472
0.339129345695872
0.33908514681890534
0.3390408196450503
0.3389963635557842
0.33895177294036866
0.33890706060400494
0.3388622271100821
0.3388172684103592
0.3387722194864705
0.33872704015423505
0.33868173000767987
0.33863628871035545
0.3385907159257188
0.33854501131543846
0.33849917454085027
0.33845320224027553
0.3384070953124818
0.3383608629599873
0.33831446326703707
0.33826787078081266
0.3382211455625922
0.3381742780541455
0.338127275356855
0.3380801371723645
0.3380328631547172
0.33798545295805194
0.3379379062364589
0.33789022264330126
0.33784240183101444
0.33779444279392473
0.3377463454968033
0.33769810980211334
0.33764973550304744
0.3376012207547616
0.33755256263265004
0.3375037753220916
0.33745485509860873
0.33740579778619384
0.3373566455201353
0.33730735232157566
0.3372579178363753
0.3372083417094641
0.3371586170352472
0.33710874950477204
0.337058740443355
0.33700860873853006
0.3369583280721482
0.3369078753248828
0.33685720171283406
0.33680638116856293
0.3367554094800679
0.336704292297132
0.336653028774117
0.33660161856920456
0.33655006177757696
0.33649835803449846
0.3364465069754427
0.336394508200506
0.33634236090822345
0.3362900651836032
0.33623762054594014
0.33618502102593173
0.33613227695001796
0.3360793970980421
0.33602636701246796
0.33597321749133496
0.33591993535218323
0.3358664981587047
0.3358129110077333
0.33575917298184926
0.33570529804621707
0.3356512741382709
0.335597085194117
0.3355427427426352
0.3354882046970462
0.33543344714374507
0.3353785268898326
0.33532345042975775
0.3352682183607112
0.33521283030420945
0.33515728588199073
0.3351015847145096
0.33504572642201524
0.33498970982251786
0.3349335352905717
0.3348772024679169
0.33482070540006986
0.3347640501246325
0.3347072545397288
0.3346502920197565
0.3345931857622343
0.3345359620042088
0.3344785774442632
0.3344210438060092
0.33436335478678925
0.3343054941427996
0.3342474692366396
0.33418928159176436
0.33413093084159845
0.334072348074602
0.33401355080113887
0.3339545842554742
0.3338954527439632
0.33383615587649784
0.33377669326035186
0.33371706450286887
0.3336572684316157
0.3335973052484091
0.3335371747186452
0.33347687247408253
0.3334163951840247
0.33335576343383816
0.3332949689653009
0.333234004307211
0.3331729236028815
0.3331116948471508
0.3330502981643491
0.3329887231204991
0.3329269769876397
0.33286505936787336
0.33280296986155833
0.33274070806806394
0.3326782043239372
0.3326154659497832
0.33255255196294403
0.3324894637498251
0.3324262009069775
0.33236276296194134
0.33229914823328627
0.33223536018052924
0.3321713863178371
0.33210722926685304
0.33204289446586394
0.33197840333462364
0.33191374310660676
0.3318489128425788
0.3317839590294014
0.33171883049583994
0.3316535237481188
0.3315880373705525
0.3315223708865038
0.3314565238871546
0.3313904959618242
0.3313242805438855
0.3312577523520879
0.3311910376143842
0.33112413995834383
0.3310570611804788
0.3309897925343415
0.33092233376439856
0.330854690362123
0.33078685810790986
0.33071883734848384
0.3306506522943784
0.3305823002297704
0.330513761571118
0.3304450449639731
0.3303761961485869
0.33030715962500157
0.33023793498008713
0.3301685218312391
0.33009891975998484
0.3300291280641612
0.32995914590068254
0.32988885082777886
0.32981834115826697
0.3297476296611888
0.3296767245993456
0.329605626462049
0.32953433555955053
0.32946284862492137
0.3293911775613674
0.329319323159118
0.3292472933562645
0.32917505475427455
0.3291026256107912
0.3290300761270915
0.32895733300217667
0.32888439239681755
0.32881125578632237
0.32873792576408006
0.328664398286502
0.3285906685518377
0.3285166010596627
0.32844230813384434
0.3283678140487297
0.32829311886446977
0.32821822320105926
0.3281431415610122
0.32806785462006666
0.3279923694261684
0.32791669296317116
0.3278408086270365
0.32776473208810425
0.3276885077312297
0.3276121067703281
0.3275355019094072
0.32745869262525423
0.3273816706812899
0.3273044388278774
0.3272269987317368
0.3271492136888821
0.32707119430916765
0.3269929659541384
0.3269145482918753
0.3268359211646606
0.32675707825347744
0.32667801812701197
0.32659875607103617
0.32651930865304485
0.3264396536115325
0.32635982156273663
0.326279826915299
0.32619961241193723
0.32611918138466134
0.32603853800904387
0.3259576819656744
0.3258766081076406
0.32579518583659134
0.32571352264396586
0.3256316497325624
0.3255495614927834
0.3254672506061383
0.32538470147588755
0.3253019581282237
0.32521902521577956
0.32513587482765666
0.3250525019619685
0.3249689856788603
0.3248852534008666
0.3248013021454314
0.3247171300073
0.3246327375448023
0.3245481250135869
0.3244632045528945
0.3243779829811014
0.32429254186983614
0.32420687347767746
0.32412095215522535
0.3240348172470626
0.32394850392762986
0.32386195699092724
0.32377518064801153
0.323688205329087
0.3236010668994958
0.32351370284167674
0.3234261127239988
0.3233383035632545
0.32325028170725706
0.32316200871749773
0.323073341285914
0.3229844429634703
0.322895281115596
0.32280588873087324
0.3227162864859999
0.3226264723203878
0.32253642740615435
0.32244615130905874
0.3223556761250804
0.3222650309003575
0.32217415387130105
0.32208307086245996
0.3219917570719454
0.3219001984021771
0.32180834800458685
0.3217161066455174
0.3216236102478016
0.32153086900546346
0.3214379076128242
0.3213447414298917
0.32125134021113616
0.3211577016210455
0.3210638277135295
0.3209698225440788
0.3208755985412855
0.320781135778351
0.32068643058143265
0.3205914740495278
0.32049622840728165
0.32040053939596186
0.3203046070651221
0.3202084530194052
0.3201120671481179
0.32001546283809806
0.31991861903642693
0.3198215343124372
0.3197242603189191
0.31962681361112455
0.31952912233304614
0.3194311835065799
0.3193329852357365
0.3192344811282116
0.31913563024318714
0.31903644380772467
0.3189370196915043
0.3188373589935873
0.3187374810782061
0.3186373550610001
0.3185370039957314
0.318436413847894
0.3183356695258546
0.3182346749794086
0.3181333988872469
0.3180318370745853
0.31793000892974765
0.3178278533169844
0.3177253419440984
0.31762257544704736
0.31751957695609434
0.3174163596091363
0.3173128966796077
0.3172091790716694
0.3171052488573316
0.3170011121760263
0.3168966878779219
0.31679199034415345
0.31668702963526785
0.3165818292266165
0.3164761917054593
0.31637026154057396
0.31626410885919126
0.3161577289729721
0.3160510897145045
0.31594417926994806
0.31583701886282595
0.31572967122125395
0.3156220378881772
0.31551414299430536
0.31540598974913436
0.3152975858004008
0.3151887575342696
0.31507963074963646
0.3149702678354415
0.31486064419542364
0.31475074155732774
0.31464057736149936
0.31453016492139635
0.3144195384214251
0.3143086452489965
0.3141975016134834
0.31408609327844034
0.3139744337283517
0.3138622883578289
0.31374987232672924
0.3136372053300527
0.31352427556154994
0.3134110681703645
0.31329755277773536
0.31318387071500425
0.3130699260303413
0.312955743669257
0.31284129814350337
0.3127265843094107
0.31261142223628335
0.3124959275038715
0.3123801844356731
0.3122641659467837
0.3121478281872895
0.31203121006149176
0.31191442098261085
0.3117973938173446
0.31168014108144343
0.3115625792288741
0.3114447374357404
0.31132645073375437
0.31120784231982124
0.31108895604850884
0.3109697504515173
0.3108502615871752
0.31073050945766906
0.31061062849155135
0.31049049380610216
0.3103700610898045
0.3102493354652247
0.3101283162452935
0.3100067934253896
0.30988497884066846
0.3097628646270143
0.3096404628147446
0.3095177887179712
0.3093949879374437
0.3092719294103901
0.30914857783049887
0.3090249236002862
0.3089009856062964
0.30877657205895137
0.3086517954604222
0.3085267372075468
0.3084013960396553
0.30827579494544194
0.3081500250755069
0.3080240054851912
0.30789768713507043
0.3077710683429486
0.30764414429953957
0.30751673999802864
0.30738898875944054
0.3072609436307312
0.307132627564376
0.3070040517331606
0.3068753176193434
0.3067462996963284
0.30661697306128705
0.3064873286074105
0.3063573802809209
0.3062268877234705
0.30609612046884843
0.3059650729781281
0.30583375928705203
0.3057022125330704
0.30557045785965303
0.30543840281848306
0.30530598466263503
0.30517325064274825
0.3050401569028671
0.3049066242108797
0.3047728275298636
0.3046387463082688
0.3045043960062154
0.3043698748022694
0.30423500836229567
0.30409978112259267
0.3039643066018665
0.3038284916271962
0.3036921761644552
0.30355559949993377
0.30341872797086306
0.303281575641844
0.3031442105254629
0.30300649394799
0.30286850526286174
0.30273023316935466
0.3025916008175857
0.3024525071399511
0.3023131128109755
0.30217341191321134
0.30203340247598415
0.3018931765523887
0.30175265930424455
0.3016118419440466
0.3014707677198332
0.30132926884339273
0.3011873296422508
0.3010450564265898
0.3009024291399418
0.3007596321727665
0.3006165846701168
0.3004732165887578
0.30032957882892375
0.300185689807116
0.30004115435600426
0.29989630250489985
0.29975111296818735
0.2996057004075032
0.2994600871900512
0.29931414561803954
0.2991679372430501
0.2990214382507502
0.2988744229080373
0.298726972037454
0.2985792228556372
0.29843118700213
0.29828297889935856
0.2981344382086425
0.29798562758584557
0.29783653620612516
0.2976869740100066
0.2975369236837201
0.2973865602671014
0.29723591002171307
0.2970850780511359
0.2969339304072522
0.29678252970817137
0.29663083386714834
0.2964786289604699
0.29632595217675317
0.2961729624386384
0.2960196839800914
0.2958662316009579
0.29571248726264016
0.2955584857491485
0.2954041330359155
0.29524922594152747
0.2950938905501013
0.2949382320635092
0.29478238952887875
0.2946263221801855
0.2944699836433164
0.29431329911729043
0.2941562670914769
0.29399858020567127
0.2938405779538426
0.29368230937418915
0.29352394244839897
0.29336522516903263
0.2932061960179562
0.2930468242539105
0.29288692547945416
0.29272657008979264
0.29256594169298633
0.29240521526329327
0.2922441129238734
0.2920827026591361
0.2919209758985519
0.29175883433423055
0.2915961121005793
0.2914331852623072
0.29127002537396995
0.29110652675695986
0.29094275183293355
0.2907786569268775
0.29061420817647726
0.2904491819385911
0.29028389894265194
0.29011827036636173
0.28995240305282005
0.28978624984661344
0.2896197792939792
0.28945302847536253
0.289285681834349
0.2891179012049877
0.288949894093316
0.2887816588834437
0.288613135762695
0.28844434451065293
0.2882752127364562
0.2881053853425075
0.28793519231612613
0.2877648394603527
0.2875942537952943
0.2874233930526679
0.2872522147213171
0.2870805628344783
0.2869083100935107
0.2867357663762829
0.2865630832529857
0.28639013831544163
0.28621687846302585
0.28604328776255605
0.28586908997163224
0.285694429699986
0.2855195896132985
0.28534455279046356
0.28516920812607666
0.28499354161025886
0.28481747954084574
0.2846407351527807
0.2844637206900796
0.2842865959517071
0.28410916412140497
0.2839314170875288
0.28375333836470457
0.28357460794064104
0.2833954806824228
0.28321624508192866
0.28303671281202053
0.28285688344932036
0.28267668820198566
0.2824960313682478
0.2823148286937091
0.2821334429581082
0.2819518246470351
0.28176988163747846
0.28158762655308045
0.2814049870954067
0.2812216946399257
0.2810381542664981
0.28085444061903214
0.280670433845563
0.2804861167508016
0.2803014333419561
0.28011600931772423
0.2799303757810284
0.2797445830188531
0.2795585266944024
0.279372112644374
0.2791853464189649
0.27899775866782545
0.27881009234606996
0.27862227359590885
0.27843410531123125
0.27824560977864454
0.2780566130523504
0.277867005523718
0.27767735094201945
0.2774874379065148
0.27729718458033714
0.27710648900378543
0.2769153536374977
0.27672377219835786
0.27653210110729554
0.27634006765217356
0.2761476149338971
0.2759548461972371
0.2757616519866905
0.2755680744805714
0.2753742706112974
0.2751800538072958
0.2749855163422774
0.2747908221628018
0.2745954257858336
0.2743997872472078
0.27420379693016445
0.2740075115291679
0.2738110648680447
0.27361412001814356
0.27341661054058825
0.2732188421780361
0.2730208352778233
0.2728226204402321
0.27262404332335816
0.27242478223510974
0.27222523680541644
0.2720254819180426
0.2718254666851893
0.2716251252268252
0.2714243141457637
0.2712229450724752
0.27102141373463384
0.27081963242155666
0.2706175618954093
0.270415129823318
0.2702119506649298
0.2700086558213782
0.2698051472923341
0.26960132362712136
0.26939719523965383
0.2691922374299195
0.2689872485754919
0.2687819891953163
0.2685764360834033
0.2683704959833174
0.2681638987912781
0.2679571739698038
0.26775017515966304
0.2675428520961769
0.2673351559426179
0.26712692578263514
0.26691845239746964
0.2667097416683023
0.266500615291439
0.2662911763695672
0.2660812986231209
0.26587111522785545
0.2656606056477222
0.2654497299939886
0.26523860019136347
0.26502703105236625
0.26481512721880107
0.26460284871033696
0.2643902221998544
0.2641774554784309
0.26396418500362795
0.26375048314392285
0.2635364767431758
0.2633221804803338
0.2631077825733805
0.2628926618384533
0.26267726467454
0.2624614836794093
0.2622456475572411
0.2620294693821988
0.26181259856314987
0.2615954275910615
0.2613780787562679
0.2611605561004962
0.2609425555416479
0.26072391863898176
0.2605051198578174
0.26028620197598373
0.26006687385738403
0.25984696581477756
0.2596267765076937
0.25940643521088036
0.25918570356813936
0.2589646021084698
0.25874303995535614
0.25852128755477766
0.25829912743320727
0.2580766556365359
0.25785392566373305
0.2576307718802173
0.25740715337747494
0.2571833473334633
0.25695934525374986
0.25673484054703977
0.25650982367294817
0.256284671603643
0.25605930241152586
0.25583353948314036
0.2556071548043954
0.2553806407166117
0.2551539016495692
0.2549268259942827
0.25469913542842804
0.25447127242251616
0.2542431552077022
0.2540147113595409
0.25378580217130897
0.2535565885843549
0.25332708956319416
0.25309727793950115
0.25286716388476477
0.25263657146022506
0.25240572197770594
0.25217454884299967
0.25194313872278634
0.2517112668463814
0.2514790610039289
0.2512465922011602
0.2510138166619346
0.2507806976423762
0.2505471271314337
0.25031337274084214
0.25007924592156267
0.24984487265414304
0.24960999879627715
0.2493748910319235
0.24913943516705528
0.24890382911507122
0.2486676340779421
0.24843118109028867
0.2481944467185053
0.24795744022934965
0.2477200625545757
0.24748231288719355
0.24724425215498397
0.2470059142793208
0.2467673259452049
0.2465282621207967
0.24628881843218411
0.2460493092735848
0.24580941750438207
0.2455689962691203
0.2453282823469757
0.24508758729607352
0.24484633374032602
0.24460464646353233
0.24436270075326902
0.24412074001632464
0.24387817190936498
0.24363515253778675
0.24339203420952307
0.2431487522015822
0.2429049046634442
0.2426606398148961
0.24241625682719956
0.2421718476584873
0.24192653571238548
0.24168108418094292
0.24143549648750184
0.2411897177466743
0.2409431538659012
0.24069654690883638
0.24044970334674595
0.24020250529522072
0.2399548145914887
0.23970711126527147
0.23945884008934007
0.2392103734157526
0.2389616962023502
0.23871245031964977
0.2384630371733666
0.23821350676349234
0.23796340913346714
0.23771283133727794
0.23746261320137965
0.2372116354435552
0.23696006884993054
0.23670855744388572
0.23645708900548842
0.23620463140493622
0.23595199623602076
0.23569956518160956
0.23544649755702984
0.23519283227112328
0.23493922363305142
0.2346856152152995
0.23443102260085433
0.23417637292157956
0.23392164819765587
0.23366653301100176
0.23341085978113307
0.23315511120177693
0.23289926009943968
0.23264271349718574
0.23238602388975232
0.23212905452156993
0.23187193858150368
0.2316142958131634
0.2313562890790626
0.2310983941632414
0.23083995184423628
0.23058099551379033
0.230322032902309
0.23006297913099183
0.22980308803921318
0.22954310574301948
0.22928325581872758
0.22902257860483274
0.22876170306085652
0.22850073692886327
0.22823946671427797
0.22797770452837987
0.22771563389147229
0.2274537961152226
0.2271911007773494
0.22692805538536245
0.22666529279842632
0.2264019053425837
0.22613800222134836
0.22587423312495974
0.22561015396911435
0.2253454096283169
0.22508060542060576
0.224815817363669
0.22455026891880941
0.22428448483243796
0.224018789272284
0.22375260618082554
0.22348590941820948
0.2232192848309065
0.22295239004866746
0.22268482460947825
0.2224173196047366
0.22214967771078967
0.22188124369323273
0.22161284340337856
0.2213443459748308
0.22107516800895155
0.2208058265307589
0.22053649530221692
0.2202667086951961
0.21999640144769977
0.21972617799644611
0.2194557504717381
0.21918449996498626
0.21891345770875495
0.21864232743384285
0.21837020121170866
0.21809831591553389
0.2178264122949897
0.2175535165317547
0.217280757094964
0.2170080454126036
0.21673436150717007
0.21646080711948776
0.2161871924792277
0.21591287241158852
0.21563846753491103
0.21536386373460917
0.21508898636320775
0.21481364574627768
0.2145383205455894
0.2142627290268387
0.2139863510811585
0.2137105086209487
0.21343401696530412
0.21315682029471614
0.21288034058146837
0.212602805484769
0.21232499212231853
0.21204778361242535
0.21176930826074838
0.21149095274908883
0.21121273689051373
0.21093354957165972
0.2106545350523823
0.21037537397487582
0.21009546759857717
0.2098157786079139
0.20953581125852772
0.20925517460467913
0.20897466167525136
0.20869385972850485
0.20841259353873387
0.20813125280706035
0.20784964752515034
0.20756773804212908
0.20728548426035967
0.2070033730540749
0.20672048307943472
0.20643748458224115
0.20615471306416336
0.2058709411027445
0.20558743910784757
0.20530372350539045
0.20501919535149601
0.20473503824268732
0.20445046872229947
0.2041653558539347
0.20388046634103993
0.20359487062431256
0.20330924466321385
0.20302367480242517
0.20273723682518607
0.20245093841413084
0.2021645881542167
0.20187739247229233
0.2015904012118619
0.2013032228059036
0.2010153295306282
0.2007278036944946
0.2004396126450843
0.20015123878625166
0.19986289400868917
0.1995737678946996
0.19928501640437785
0.1989957520940911
0.19870612438689744
0.19841632801670384
0.1981265020345161
0.19783608843248068
0.19754570803196553
0.19725506174680282
0.19696384548125875
0.1966731059503503
0.19638119725548864
0.19608983579248995
0.1957979604087398
0.19550567254723306
0.19521353132970423
0.19492063587254932
0.194627941676568
0.1943348626613943
0.19404147940598387
0.19374794146584864
0.19345424585404808
0.1931601893875956
0.19286592517419324
0.19257147107519987
0.19227660932582075
0.1919819692001827
0.19168649523246814
0.19139117301222122
0.19109550243628798
0.19079952091930896
0.19050367280815503
0.19020700407440902
0.1899106270297845
0.1896137222364432
0.18931670745862608
0.18901948906629767
0.18872189608915538
0.1884241792382863
0.1881261859452935
0.1878279934585108
0.18752959075420828
0.18723099623657516
0.1869319993096349
0.1866329959439718
0.18633352830272043
0.1860338672064511
0.18573418822867505
0.18543383185849124
0.1851340545967652
0.18483306736409663
0.18453282736347837
0.18423143254366092
0.18393057404358037
0.1836289240889538
0.18332740975904416
0.1830254428009391
0.182723314877088
0.18242102648737937
0.182118431186721
0.1818156640928227
0.18151256510358973
0.1812093591528918
0.18090581120609256
0.18060217042537435
0.1802981974442349
0.17999403016687462
0.1796896806833965
0.17938485280186708
0.1790802592756092
0.1787748366191634
0.17846987257134597
0.17816407138242357
0.17785836306931133
0.17755242568396057
0.1772460030154444
0.1769398434339814
0.1766327609128325
0.1763263679153165
0.1760186313772848
0.17571166358270762
0.17540366573628027
0.17509608132549426
0.17478781291482592
0.17447960105358726
0.17417102912508536
0.1738622417379688
0.17355304471674937
0.17324397999595184
0.17293427135174216
0.17262479214321494
0.17231468197051603
0.17200472488902732
0.17169420326058235
0.17138351778348737
0.1710727382538679
0.17076138037367145
0.17045033046550473
0.17013846882194447
0.1698269602309714
0.1695146698899879
0.16920256857642865
0.16888994551646402
0.16857706380453297
0.16826428237002442
0.16795066878971848
0.16763761273407646
0.16732346407023985
0.1670100016267978
0.16669532065505713
0.16638142752994456
0.16606622094211582
0.16575174922694538
0.1654361484483112
0.1651210888109102
0.1648051371037426
0.16448944791636594
0.16417319988553075
0.16385691958380416
0.16354029446115326
0.16322342768114287
0.16290633215930456
0.1625889061685385
0.16227127318494058
0.16195339322941835
0.16163526247935256
0.16131689419692158
0.16099830221914868
0.16067948081528854
0.16036024660444487
0.16004111480406788
0.15972117582675874
0.15940175300007783
0.15908113528977208
0.15876130178686415
0.15844009491217864
0.15811964611061585
0.15779813855298883
0.1574769701771564
0.1571551785036829
0.15683330316448135
0.15651110176620303
0.15618859761322015
0.15586595980485396
0.15554285822284974
0.1552197899467664
0.1548961113129654
0.15457254456100455
0.1542481688312339
0.15392421012499166
0.15359912979828377
0.15327484907724853
0.15294901624603174
0.15262443589697458
0.15229793985945234
0.15197289590221574
0.15164581011727415
0.15131999975893226
0.150992413372286
0.1506659854410956
0.15033810509365886
0.1500108396867052
0.14968269155496652
0.14935439146933352
0.1490261920202439
0.14869692227867656
0.1483682828424806
0.1480386376605453
0.14770902469526367
0.14737916131240458
0.1470486836601865
0.14671844146853513
0.14638724096327257
0.1460564033911298
0.1457245824870013
0.1453930127403232
0.14506084693863752
0.14472854613190608
0.1443958616326232
0.14406298082416708
0.1437294792270116
0.14339604281060256
0.1430617979517686
0.14272781442922247
0.1423929820807907
0.14205843247164635
0.14172279483786385
0.14138767882842698
0.1410513730190083
0.14071552172170482
0.14037872249209724
0.1400420642769046
0.13970480979057498
0.1393673401633365
0.1390293450406887
0.1386911650011598
0.13835256643034716
0.13801358718800996
0.13767438688412542
0.13733481418015775
0.13699462574016813
0.13665465021948478
0.13631374286181497
0.13597276030147812
0.13563123715989991
0.13528947358317345
0.13494742100331017
0.13460501481886408
0.13426216612751007
0.13391887695691915
0.13357531951023716
0.1332309826473963
0.13288723320116447
0.13254177307430628
0.13219712442690643
0.1318515229276244
0.13150513480426868
0.13115938063350965
0.13081222836023956
0.13046522237738906
0.13011783824772524
0.12976938086110715
0.12942163497610507
0.12907250139241172
0.12872335597051657
0.1283739534485069
0.12802344389886694
0.127673704128694
0.1273222020282328
0.12697095990600937
0.12661941665495574
0.1262668522260119
0.12591449016535913
0.125561212350866
0.12520772623228726
0.12485389665242393
0.12449897797958852
0.12414436171808302
0.12378893808025726
0.12343304767982716
0.12307680459396056
0.12271949068453612
0.12236266741218987
0.12200461860324936
0.12164649883465185
0.12128772341478448
0.12092792148091917
0.12056875317229936
0.12020819183100533
0.11984733097193735
0.11948600984099995
0.11912431934497732
0.11876169002774305
0.11839869469544087
0.11803563402702137
0.11767120257018608
0.11730691877663622
0.1169418869796404
0.11657584524704935
0.11620991951717474
0.11584306504669534
0.11547551959436862
0.11510782937991106
0.11473919137491609
0.1143699727436035
0.11400056308779323
0.11362986248083937
0.11325915498138542
0.11288759797804628
0.11251537957823567
0.11214258630414554
0.11176910471484015
0.11139519514659153
0.11102002499016922
0.11064524074993574
0.11026910805352566
0.10989190386269702
0.10951538818456975
0.10913659275383017
0.10875799311687873
0.10837915428566315
0.10799816994073835
0.10761785425541508
0.10723644562231602
0.1068536561518986
0.10647097736776881
0.10608721564989866
0.10570271266249674
0.1053175247288363
0.10493135838408843
0.10454444673039706
0.1041573475006091
0.10376866343102788
0.10337930646563157
0.10299012830823757
0.10259843268139628
0.10220701747963953
0.10181515841063637
0.1014208833405644
0.10102719808519597
0.10063243799209685
0.10023603260627555
0.09983953583226211
0.09944183559087798
0.09904304335686553
0.09864363182189688
0.09824322067608304
0.0978417145869464
0.09743925133710321
0.09703625558184174
0.09663169390872303
0.09622630622979648
0.09582045331303912
0.09541287356320736
0.09500449438772124
0.09459492433721774
0.09418461514751826
0.0937733705961594
0.09336019227115895
0.09294659903256267
0.09253228675816141
0.09211571242606884
0.09169849094224265
0.09128096521156416
0.09086098897771623
0.09043996266484904
0.09001889997523872
0.08959566801835078
0.08917078665185804
0.08874561445612367
0.08831887284852256
0.08789037068766527
0.08746076070777861
0.08703030576954769
0.08659773788189784
0.08616437914870173
0.08572949859053149
0.08529264326773177
0.08485492864682768
0.08441597334654789
0.08397478723853125
0.08353266059574568
0.08308858730743807
0.08264321200078031
0.08219654319617332
0.081747383659849
0.08129746935186825
0.0808456440191662
0.0803913470121555
0.07993638490201468
0.07947958280972015
0.07901979137933544
0.07855947030942467
0.07809764662699145
0.07763224598718273
0.07716578111558561
0.07669816645342459
0.07622778365299952
0.07575433873871931
0.07528080253146492
0.07480502969415581
0.0743250147439949
0.07384419969702188
0.07336216598171684
0.07287662606564625
0.07238830492346345
0.07189857581720968
0.07140638482544447
0.07091109132543312
0.07041401189061684
0.06991388798772077
0.06941121084566108
0.06890612415327434
0.06839830549206209
0.06788680898972856
0.0673734401791183
0.06685692731403997
0.06633709736701109
0.06581436855451918
0.06528860329085176
0.06475957562243402
0.06422707110430764
0.06369105574185911
0.06315209424706059
0.06260923882022337
0.06206261353104768
0.06151229802131062
0.06095841287159302
0.06040018339023642
0.059837870763225776
0.059271759040356906
0.05870109970102513
0.05812580921825312
0.057545971329236494
0.056961745971362034
0.056372327754760726
0.05577803896634619
0.05517837019369379
0.05457360332276102
0.05396306027337782
0.05334684691597374
0.05272479085032976
0.05209658414032685
0.05146172488352536
0.05082037092290852
0.05017231840381253
0.04951703097755168
0.048854117300677985
0.0481835445308688
0.0475049999378
0.04681784047390744
0.04612193447781367
0.04541685500600419
0.04470193078191909
0.043976937321067895
0.043241352238143925
0.04249443788431257
0.04173573585424188
0.040964505288051165
0.04018004377378947
0.039381610577120515
0.03856836328042149
0.03773956177315051
0.03689391912841982
0.03603071040827569
0.035148272406259846
0.03424497680390675
0.03331921591001365
0.03236920384255028
0.03139240092433055
0.03038625699839355
0.029347735798067355
0.0282733403631457
0.027158601933937185
0.025999175484759312
0.024788840523772886
0.023519552840474106
0.022181085048168264
0.02075972289379495
0.01923690324613449
0.017586066733841794
0.0157669042277987
0.013712124929600823
0.0112941985375033
0.008202314395386075
0.0026665345487069466
0.0
0.0
0.0
0.0
0.0
0.0
0.0
0.0
0.0
0.0
0.0
0.0
0.0
0.0
0.0
0.0
0.0
0.0
0.0
0.0
0.0
0.0
0.0
0.0
0.0
0.0
0.0
0.0
0.0
0.0
0.0
0.0
0.0
0.0
0.0
0.0
0.0
0.0
0.0
0.0
0.0
0.0
0.0
0.0
0.0
0.0
0.0
0.0
0.0
0.0
0.0
0.0
0.0
0.0
0.0
0.0
0.0
0.0
0.0
0.0
0.0
0.0
0.0
0.0
0.0
0.0
0.0
0.0
0.0
0.0
0.0
0.0
0.0
0.0
0.0
0.0
0.0
0.0
0.0
0.0
0.0
0.0
0.0
0.0
0.0
0.0
0.0
0.0
0.0
0.0
0.0
0.0
0.0
0.0
0.0
0.0
0.0
0.0
0.0
0.0
0.0
0.0
0.0
0.0
0.0
0.0
0.0
0.0
0.0
0.0
0.0
0.0
0.0
0.0
0.0
0.0
0.0
0.0
0.0
0.0
0.0
0.0
0.0
0.0
0.0
0.0
0.0
0.0
0.0
0.0
0.0
0.0
0.0
0.0
0.0
0.0
0.0
0.0
0.0
0.0
0.0
0.0
0.0
0.0
0.0
0.0
0.0
0.0
0.0
0.0
0.0
0.0
0.0
0.0
0.0
0.0
0.0
0.0
0.0
0.0
0.0
0.0
0.0
0.0
0.0
0.0
0.0
0.0
0.0
0.0
0.0
0.0
0.0
0.0
0.0
0.0
0.0
0.0
0.0
0.0
0.0
0.0
0.0
0.0
0.0
0.0
0.0
0.0
0.0
0.0
0.0
0.0
0.0
0.0
0.0
0.0
0.0
0.0
0.0
0.0
0.0
0.0
0.0
0.0
0.0
0.0
0.0
0.0
0.0
0.0
0.0
0.0
0.0
0.0
0.0
0.0
0.0
0.0
0.0
0.0
0.0
0.0
0.0
0.0
0.0
0.0
0.0
0.0
0.0
0.0
0.0
0.0
0.0
0.0
0.0
0.0
0.0
0.0
0.0
0.0
0.0
0.0
0.0
0.0
0.0
0.0
0.0
0.0
0.0
0.0
0.0
0.0
0.0
0.0
0.0
0.0
0.0
0.0
0.0
0.0
0.0
0.0
0.0
0.0
0.0
0.0
0.0
0.0
0.0
0.0
0.0
0.0
0.0
0.0
0.0
0.0
0.0
0.0
0.0
0.0
0.0
0.0
0.0
0.0
0.0
0.0
0.0
0.0
0.0
0.0
0.0
0.0
0.0
0.0
0.0
0.0
0.0
0.0
0.0
0.0
0.0
0.0
0.0
0.0
0.0
0.0
0.0
0.0
0.0
0.0
0.0
0.0
0.0
0.0
0.0
0.0
0.0
0.0
0.0
0.0
0.0
0.0
0.0
0.0
0.0
0.0
0.0
0.0
0.0
0.0
0.0
0.0
0.0
0.0
0.0
0.0
0.0
0.0
0.0
0.0
0.0
0.0
0.0
0.0
0.0
0.0
0.0
0.0
0.0
0.0
0.0
0.0
0.0
0.0
0.0
0.0
0.0
0.0
0.0
0.0
0.0
0.0
0.0
0.0
0.0
0.0
0.0
0.0
0.0
0.0
0.0
0.0
0.0
0.0
0.0
0.0
0.0
0.0
0.0
0.0
0.0
0.0
0.0
0.0
0.0
0.0
0.0
0.0
0.0
0.0
0.0
0.0
0.0
0.0
0.0
0.0
0.0
0.0
0.0
0.0
0.0
0.0
0.0
0.0
0.0
0.0
0.0
0.0
0.0
0.0
0.0
0.0
0.0
0.0
0.0
0.0
0.0
0.0
0.0
0.0
0.0
0.0
0.0
0.0
0.0
0.0
0.0
0.0
0.0
0.0
0.0
0.0
0.0
0.0
0.0
0.0
0.0
0.0
0.0
0.0
0.0
0.0
0.0
0.0
0.0
0.0
0.0
0.0
0.0
0.0
0.0
0.0
0.0
0.0
0.0
0.0
0.0
0.0
0.0
0.0
0.0
0.0
0.0
0.0
0.0
0.0
0.0
0.0
0.0
0.0
0.0
0.0
0.0
0.0
0.0
0.0
0.0
0.0
0.0
0.0
0.0
0.0
0.0
0.0
0.0
0.0
0.0
0.0
0.0
0.0
0.0
0.0
0.0
0.0
0.0
0.0
0.0
0.0
0.0
0.0
0.0
0.0
0.0
0.0
0.0
0.0
0.0
0.0
0.0
0.0
0.0
0.0
0.0
0.0
0.0
0.0
0.0
0.0
0.0
0.0
0.0
0.0
0.0
0.0
0.0
0.0
0.0
0.0
0.0
0.0
0.0
0.0
0.0
0.0
0.0
0.0
0.0
0.0
0.0
0.0
0.0
0.0
0.0
0.0
0.0
0.0
0.0
0.0
0.0
0.0
0.0
0.0
0.0
0.0
0.0
0.0
0.0
0.0
0.0
0.0
0.0
0.0
0.0
0.0
0.0
0.0
0.0
0.0
0.0
0.0
0.0
0.0
0.0
0.0
0.0
0.0
0.0
0.0
0.0
0.0
0.0
0.0
0.0
0.0
0.0
0.0
0.0
0.0
0.0
0.0
0.0
0.0
0.0
0.0
0.0
0.0
0.0
0.0
0.0
0.0
0.0
0.0
0.0
0.0
0.0
0.0
0.0
0.0
0.0
0.0
0.0
0.0
0.0
0.0
0.0
0.0
0.0
0.0
0.0
0.0
0.0
0.0
0.0
0.0
0.0
0.0
0.0
0.0
0.0
0.0
0.0
0.0
0.0
0.0
0.0
0.0
0.0
0.0
0.0
0.0
0.0
0.0
0.0
0.0
0.0
0.0
0.0
0.0
0.0
0.0
0.0
0.0
0.0
0.0
0.0
0.0
0.0
0.0
0.0
0.0
0.0
0.0
0.0
0.0
0.0
0.0
0.0
0.0
0.0
0.0
0.0
0.0
0.0
0.0
0.0
0.0
0.0
0.0
0.0
0.0
0.0
0.0
0.0
0.0
0.0
0.0
0.0
0.0
0.0
0.0
0.0
0.0
0.0
0.0
0.0
0.0
0.0
0.0
0.0
0.0
0.0
0.0
0.0
0.0
0.0
0.0
0.0
0.0
0.0
0.0
0.0
0.0
0.0
0.0
0.0
0.0
0.0
0.0
0.0
0.0
0.0
0.0
0.0
0.0
0.0
0.0
0.0
0.0
0.0
0.0
0.0
0.0
0.0
0.0
0.0
0.0
0.0
0.0
0.0
0.0
0.0
0.0
0.0
0.0
0.0
0.0
0.0
0.0
0.0
0.0
0.0
0.0
0.0
0.0
0.0
0.0
0.0
0.0
0.0
0.0
0.0
0.0
0.0
0.0
0.0
0.0
0.0
0.0
0.0
0.0
0.0
0.0
0.0
0.0
0.0
0.0
0.0
0.0
0.0
0.0
0.0
0.0
0.0
0.0
0.0
0.0
0.0
0.0
0.0
0.0
0.0
0.0
0.0
0.0
0.0
0.0
0.0
0.0
0.0
0.0
0.0
0.0
0.0
0.0
0.0
0.0
0.0
0.0
0.0
0.0
0.0
0.0
0.0
0.0
0.0
0.0
0.0
0.0
0.0
0.0
0.0
0.0
0.0
0.0
0.0
0.0
0.0
0.0
0.0
0.0
0.0
0.0
0.0
0.0
0.0
0.0
0.0
0.0
0.0
0.0
0.0
0.0
0.0
0.0
0.0
0.0
0.0
0.0
0.0
0.0
0.0
0.0
0.0
0.0
0.0
0.0
0.0
0.0
0.0
0.0
0.0
0.0
0.0
0.0
0.0
0.0
0.0
0.0
0.0
0.0
0.0
0.0
0.0
0.0
0.0
0.0
0.0
0.0
0.0
0.0
0.0
0.0
0.0
0.0
0.0
0.0
0.0
0.0
0.0
0.0
0.0
0.0
0.0
0.0
0.0
0.0
0.0
0.0
0.0
0.0
0.0
0.0
0.0
0.0
0.0
0.0
0.0
0.0
0.0
0.0
0.0
0.0
0.0
0.0
0.0
0.0
0.0
0.0
0.0
0.0
0.0
0.0
0.0
0.0
0.0
0.0
0.0
0.0
0.0
0.0
0.0
0.0
0.0
0.0
0.0
0.0
0.0
0.0
0.0
0.0
0.0
0.0
0.0
0.0
0.0
0.0
0.0
0.0
0.0
0.0
0.0
0.0
0.0
0.0
0.0
0.0
0.0
0.0
0.0
0.0
0.0
0.0
0.0
0.0
0.0
0.0
0.0
0.0
0.0
0.0
0.0
0.0
0.0
0.0
0.0
0.0
0.0
0.0
0.0
0.0
0.0
0.0
0.0
0.0
0.0
0.0
0.0
0.0
0.0
0.0
0.0
0.0
0.0
0.0
0.0
0.0
0.0
0.0
0.0
0.0
0.0
0.0
0.0
0.0
0.0
0.0
0.0
0.0
0.0
0.0
0.0
0.0
0.0
0.0
0.0
0.0
0.0
0.0
0.0
0.0
0.0
0.0
0.0
0.0
0.0
0.0
0.0
0.0
0.0
0.0
0.0
0.0
0.0
0.0
0.0
0.0
0.0
0.0
0.0
0.0
0.0
0.0
0.0
0.0
0.0
0.0
0.0
0.0
0.0
0.0
0.0
0.0
0.0
0.0
0.0
0.0
0.0
0.0
0.0
0.0
0.0
0.0
0.0
0.0
0.0
0.0
0.0
0.0
0.0
0.0
0.0
0.0
0.0
0.0
0.0
0.0
0.0
0.0
0.0
0.0
0.0
0.0
0.0
0.0
0.0
0.0
0.0
0.0
0.0
0.0
0.0
0.0
0.0
0.0
0.0
0.0
0.0
0.0
0.0
0.0
0.0
0.0
0.0
0.0
0.0
0.0
0.0
0.0
0.0
0.0
0.0
0.0
0.0
0.0
0.0
0.0
0.0
0.0
0.0
0.0
0.0
0.0
0.0
0.0
0.0
0.0
0.0
0.0
0.0
0.0
0.0
0.0
0.0
0.0
0.0
0.0
0.0
0.0
0.0
0.0
0.0
0.0
0.0
0.0
0.0
0.0
0.0
0.0
0.0
0.0
0.0
0.0
0.0
0.0
0.0
0.0
0.0
0.0
0.0
0.0
0.0
0.0
0.0
0.0
0.0
0.0
0.0
0.0
0.0
0.0
0.0
0.0
0.0
0.0
0.0
0.0
0.0
0.0
0.0
0.0
0.0
0.0
0.0
0.0
0.0
0.0
0.0
0.0
0.0
0.0
0.0
0.0
0.0
0.0
0.0
0.0
0.0
0.0
0.0
0.0
0.0
0.0
0.0
0.0
0.0
0.0
0.0
0.0
0.0
0.0
0.0
0.0
0.0
0.0
0.0
0.0
0.0
0.0
0.0
0.0
0.0
0.0
0.0
0.0
0.0
0.0
0.0
0.0
0.0
0.0
0.0
0.0
0.0
0.0
0.0
0.0
0.0
0.0
0.0
0.0
0.0
0.0
0.0
0.0
0.0
0.0
0.0
0.0
0.0
0.0
0.0
0.0
0.0
0.0
0.0
0.0
0.0
0.0
0.0
0.0
0.0
0.0
0.0
0.0
0.0
0.0
0.0
0.0
0.0
0.0
0.0
0.0
0.0
0.0
0.0
0.0
0.0
0.0
0.0
0.0
0.0
0.0
0.0
0.0
0.0
0.0
0.0
0.0
0.0
0.0
0.0
0.0
0.0
0.0
0.0
0.0
0.0
0.0
0.0
0.0
0.0
0.0
0.0
0.0
0.0
0.0
0.0
0.0
0.0
0.0
0.0
0.0
0.0
0.0
0.0
0.0
0.0
0.0
0.0
0.0
0.0
0.0
0.0
0.0
0.0
0.0
0.0
0.0
0.0
0.0
0.0
0.0
0.0
0.0
0.0
0.0
0.0
0.0
0.0
0.0
0.0
0.0
0.0
0.0
0.0
0.0
0.0
0.0
0.0
0.0
0.0
0.0
0.0
0.0
0.0
0.0
0.0
0.0
0.0
0.0
0.0
0.0
0.0
0.0
0.0
0.0
0.0
0.0
0.0
0.0
0.0
0.0
0.0
0.0
0.0
0.0
0.0
0.0
0.0
0.0
0.0
0.0
0.0
0.0
0.0
0.0
0.0
0.0
0.0
0.0
0.0
0.0
0.0
0.0
0.0
0.0
0.0
0.0
0.0
0.0
0.0
0.0
0.0
0.0
0.0
0.0
0.0
0.0
0.0
0.0
0.0
0.0
0.0
0.0
0.0
0.0
0.0
0.0
0.0
0.0
0.0
0.0
0.0
0.0
0.0
0.0
0.0
0.0
0.0
0.0
0.0
0.0
0.0
0.0
0.0
0.0
0.0
0.0
0.0
0.0
0.0
0.0
0.0
0.0
0.0
0.0
0.0
0.0
0.0
0.0
0.0
0.0
0.0
0.0
0.0
0.0
0.0
0.0
0.0
0.0
0.0
0.0
0.0
0.0
0.0
0.0
0.0
0.0
0.0
0.0
0.0
0.0
0.0
0.0
0.0
0.0
0.0
0.0
0.0
0.0
0.0
0.0
0.0
0.0
0.0
0.0
0.0
0.0
0.0
0.0
0.0
0.0
0.0
0.0
0.0
0.0
0.0
0.0
0.0
0.0
0.0
0.0
0.0
0.0
0.0
0.0
0.0
0.0
0.0
0.0
0.0
0.0
0.0
0.0
0.0
0.0
0.0
0.0
0.0
0.0
0.0
0.0
0.0
0.0
0.0
0.0
0.0
0.0
0.0
0.0
0.0
0.0
0.0
0.0
0.0
0.0
0.0
0.0
0.0
0.0
0.0
0.0
0.0
0.0
0.0
0.0
0.0
0.0
0.0
0.0
0.0
0.0
0.0
0.0
0.0
0.0
0.0
0.0
0.0
0.0
0.0
0.0
0.0
0.0
0.0
0.0
0.0
0.0
0.0
0.0
0.0
0.0
0.0
0.0
0.0
0.0
0.0
0.0
0.0
0.0
0.0
0.0
0.0
0.0
0.0
0.0
0.0
0.0
0.0
0.0
0.0
0.0
0.0
0.0
0.0
0.0
0.0
0.0
0.0
0.0
0.0
0.0
0.0
0.0
0.0
0.0
0.0
0.0
0.0
0.0
0.0
0.0
0.0
0.0
0.0
0.0
0.0
0.0
0.0
0.0
0.0
0.0
0.0
0.0
0.0
0.0
0.0
0.0
0.0
0.0
0.0
0.0
0.0
0.0
0.0
0.0
0.0
0.0
0.0
0.0
0.0
0.0
0.0
0.0
0.0
0.0
0.0
0.0
0.0
0.0
0.0
0.0
0.0
0.0
0.0
0.0
0.0
0.0
0.0
0.0
0.0
0.0
0.0
0.0
0.0
0.0
0.0
0.0
0.0
0.0
0.0
0.0
0.0
0.0
0.0
0.0
0.0
0.0
0.0
0.0
0.0
0.0
0.0
0.0
0.0
0.0
0.0
0.0
0.0
0.0
0.0
0.0
0.0
0.0
0.0
0.0
0.0
0.0
0.0
0.0
0.0
0.0
0.0
0.0
0.0
0.0
0.0
0.0
0.0
0.0
0.0
0.0
0.0
0.0
0.0
0.0
0.0
0.0
0.0
0.0
0.0
0.0
0.0
0.0
0.0
0.0
0.0
0.0
0.0
0.0
0.0
0.0
0.0
0.0
0.0
0.0
0.0
0.0
0.0
0.0
0.0
0.0
0.0
0.0
0.0
0.0
0.0
0.0
0.0
0.0
0.0
0.0
0.0
0.0
0.0
0.0
0.0
0.0
0.0
0.0
0.0
0.0
0.0
0.0
0.0
0.0
0.0
0.0
0.0
0.0
0.0
0.0
0.0
0.0
0.0
0.0
0.0
0.0
0.0
0.0
0.0
0.0
0.0
0.0
0.0
0.0
0.0
0.0
0.0
0.0
0.0
0.0
0.0
0.0
0.0
0.0
0.0
0.0
