0.1355165888344183
0.13551659527849153
0.1355165532957744
0.13551647782968076
0.13551638003237082
0.13551626614497383
0.13551613988024364
0.13551600361943383
0.13551585899133842
0.13551570716971248
0.13551554903612859
0.1355153852711184
0.13551521731558375
0.1355150448687234
0.13551486883667413
0.13551468912856712
0.13551450615656205
0.13551432005860609
0.13551413095890394
0.1355139390487217
0.1355137444131322
0.13551354715667957
0.13551334738278958
0.13551314510668386
0.13551294053493057
0.13551273380983353
0.13551252468713001
0.13551231322181173
0.13551209952882304
0.1355118838372383
0.1355116660800729
0.13551144616992367
0.13551122414313693
0.13551100010987782
0.13551077423436983
0.1355105464483845
0.13551031667972815
0.13551008504384815
0.13550985181885833
0.13550961683707788
0.13550938008056915
0.13550914149636648
0.13550890108376118
0.1355086588768749
0.13550841508139289
0.13550816975933297
0.13550792276320578
0.13550767403572106
0.13550742357467144
0.13550717138443666
0.13550691746438553
0.13550666203332815
0.13550640517165327
0.13550614671079106
0.1355058865843376
0.1355056247887262
0.1355053613231827
0.13550509620623186
0.1355048294441042
0.1355045606162769
0.13550429008694323
0.1355040181299864
0.13550374460345285
0.13550346947346495
0.1355031927117465
0.13550291435003733
0.13550263461648804
0.13550235329905716
0.13550207044021875
0.1355017860617527
0.1355015001897443
0.13550121283540006
0.1355009239467768
0.13550063348366523
0.1355003414388812
0.13550004781005698
0.13549975259491503
0.1354994558224397
0.1354991576120839
0.13549885786111845
0.13549855654099105
0.135498253884051
0.1354979497519032
0.13549764409138448
0.13549733684707513
0.13549702805601746
0.13549671768010574
0.13549640571230748
0.13549609216624997
0.13549577706380447
0.13549546043030958
0.13549514229517737
0.13549482266911297
0.13549450149997486
0.13549417884515483
0.13549385460594682
0.13549352899884146
0.13549320194935927
0.13549287333772425
0.13549254312272108
0.13549221133347333
0.13549187797419146
0.13549154300547397
0.1354912064471899
0.1354908683499682
0.13549052872094525
0.13549018752720882
0.13548984474280074
0.1354895003496275
0.13548915433502765
0.13548880673727492
0.13548845753151675
0.1354881068056509
0.13548775457264778
0.1354874008662966
0.13548704564276381
0.13548668879763476
0.1354863303314771
0.13548597026171322
0.13548560860705489
0.13548524536266449
0.13548488050763946
0.13548451402137537
0.13548414588786628
0.1354837760971724
0.13548340464787184
0.1354830315459938
0.13548265680878935
0.13548228045805757
0.13548190247946604
0.13548152288233906
0.13548114169344783
0.13548075888674843
0.13548037439662672
0.13547998841274747
0.13547960079831295
0.13547921150349346
0.135478820519374
0.13547842785139363
0.13547803351524132
0.13547763747699496
0.13547723970523082
0.1354768402052297
0.13547643898633288
0.1354760360431081
0.13547563135602264
0.13547522499973325
0.13547481698132807
0.13547440716565518
0.13547399564447196
0.13547358251760272
0.13547316764698641
0.13547275095895908
0.13547233260093428
0.1354719125137248
0.13547149073289774
0.13547106723446198
0.1354706420169059
0.13547021510088617
0.13546978644342025
0.13546935596236162
0.13546892367113575
0.1354684895664595
0.13546805361534955
0.13546761590753004
0.1354671763620875
0.13546673499529935
0.135466291826636
0.13546584677330265
0.13546539987531706
0.13546495117238994
0.13546450077006353
0.1354640484147762
0.13546359427406848
0.1354631381774046
0.13546268031867922
0.13546222054098478
0.13546175899254104
0.13546129556570025
0.13546083026035394
0.13546036311588588
0.13545989413479287
0.1354594233272342
0.13545895065405483
0.1354584760957246
0.13545799960997643
0.13545752110690812
0.13545704075896103
0.13545655838932322
0.1354560741293202
0.13545558786462955
0.13545509964562713
0.13545460962322026
0.13545411750849282
0.1354536235072661
0.13545312749805524
0.13545262945802947
0.13545212950430321
0.13545162744965375
0.13545112342773827
0.1354506174386297
0.1354501093479327
0.13544959925191857
0.13544908719689472
0.1354485730732442
0.1354480569239544
0.13544753877404714
0.13544701854204966
0.1354464963437991
0.13544597210291578
0.13544544586093543
0.13544491760478627
0.1354443872185249
0.13544385477737214
0.13544332011900054
0.13544278347805067
0.13544224483561043
0.13544170396105396
0.1354411609435656
0.13544061583636507
0.13544006859846813
0.13543951911000326
0.1354389675026726
0.13543841381443172
0.1354378579080551
0.13543729972856283
0.13543673939287385
0.13543617692267962
0.13543561218120886
0.1354350452376825
0.1354344761969952
0.13543390496492155
0.1354333315576902
0.13543275588801593
0.13543217794278398
0.13543159776852987
0.13543101537467422
0.13543043066276333
0.13542984360942273
0.135429254530034
0.13542866312323476
0.13542806947895322
0.13542747367376998
0.13542687557528585
0.13542627509679994
0.13542567224383545
0.1354250671680767
0.1354244598271988
0.13542384997367338
0.1354232376855472
0.1354226230837
0.13542200619313818
0.13542138697415823
0.13542076530082653
0.13542014108255646
0.13541951446426814
0.1354188855603029
0.13541825428384865
0.1354176205940225
0.13541698443641106
0.1354163457590944
0.13541570458358995
0.1354150610480807
0.1354144150415878
0.13541376659245474
0.13541311560565156
0.13541246210343502
0.13541180616454238
0.13541114756200354
0.1354104865704947
0.13540982311208635
0.1354091571720052
0.13540848872403724
0.13540781771629928
0.1354071440454753
0.13540646776357876
0.13540578896753871
0.13540510774639083
0.13540442399147334
0.135403737498681
0.13540304827837404
0.1354023564878278
0.1354016621840702
0.13540096530198562
0.13540026575761152
0.135399563510459
0.1353988585316135
0.1353981507432966
0.1353974402040038
0.13539672712500192
0.1353960114203203
0.13539529299318864
0.13539457183974046
0.13539384798834772
0.13539312139060986
0.13539239195893185
0.1353916597936921
0.1353909248834358
0.1353901870631937
0.13538944651185464
0.13538870326437435
0.1353879572343167
0.13538720830192347
0.1353864564217518
0.1353857017595818
0.13538494436467344
0.13538418412050432
0.13538342098815867
0.13538265498416663
0.13538188608433258
0.13538111426214705
0.13538033951342118
0.13537956187736835
0.13537878134484807
0.13537799784791021
0.13537721134766392
0.13537642185514384
0.13537562942107023
0.1353748340825597
0.1353740358154688
0.13537323458194278
0.13537243035831578
0.13537162312796217
0.1353708128760141
0.1353699995825526
0.13536918319872618
0.13536836366442825
0.13536754103468837
0.13536671531517055
0.13536588648650502
0.13536505460335652
0.13536421963275094
0.13536338154889735
0.1353625403349471
0.13536169603337242
0.13536084854057537
0.13535999775417584
0.13535914377462926
0.13535828664158475
0.13535742630079994
0.13535656270416166
0.13535569586865978
0.13535482581416225
0.13535395253595187
0.13535307603413163
0.13535219629173784
0.13535131327292604
0.13535042694824145
0.1353495372854288
0.13534864425633303
0.13534774786667164
0.135346849480955
0.13534594809768133
0.13534504336285297
0.13534413525888747
0.1353432237749429
0.1353423089120793
0.13534139067433545
0.1353404690483819
0.13533954401733292
0.13533861558368881
0.13533768370148172
0.13533674825354097
0.13533580927492256
0.13533486682267254
0.1353339208884856
0.13533297141644457
0.13533201837951395
0.13533106180005566
0.1353301016336882
0.13532913785109718
0.13532817048972534
0.13532719955552408
0.13532622502877534
0.1353252469603823
0.135324265267462
0.13532327993897192
0.13532229096827786
0.135321298362236
0.13532030217599603
0.135319302096127
0.1353182982711497
0.13531729072383836
0.13531627944347996
0.13531526441973274
0.13531424564477704
0.13531322311699753
0.13531219686143242
0.13531116680212088
0.13531013286887592
0.13530909512002753
0.13530805358748288
0.13530700835918652
0.1353059592323973
0.13530490605265966
0.13530384895647454
0.13530278793912853
0.13530172300518628
0.13530065414561818
0.13529958135424486
0.13529850463228063
0.13529742399208838
0.13529633944481717
0.13529525102861234
0.1352941585113421
0.13529306150039735
0.13529196046149017
0.1352908553905243
0.13528974625929835
0.13528863304756092
0.1352875157476829
0.135286394362391
0.1352852689265061
0.1352841394637214
0.1352830059813707
0.1352818680785086
0.13528072613446557
0.1352795799741852
0.13527842952960273
0.1352772748812442
0.13527611594590988
0.13527495271995132
0.13527378516930444
0.13527261345449984
0.13527143705673442
0.13527025634018836
0.1352690713427732
0.13526788214910346
0.1352666884463355
0.13526549027372803
0.13526428776004315
0.1352630810777218
0.1352618698859755
0.13526065402208112
0.13525943357459022
0.13525820868404306
0.135256979430477
0.13525574580359054
0.1352545076313841
0.13525326497320342
0.13525201605244816
0.13525076185233043
0.13524950310687137
0.1352482398379754
0.13524697200030453
0.13524569948959356
0.13524442238120474
0.13524314060121775
0.13524185384917523
0.1352405622216477
0.1352392659756446
0.13523796508354377
0.13523665945010616
0.1352353491296896
0.1352340342956312
0.13523271456647276
0.1352313894874038
0.13523005945260233
0.13522872456013607
0.13522738476665128
0.1352260402128245
0.13522469101211193
0.13522333707046602
0.13522197802767058
0.13522061358844736
0.13521924391868684
0.13521786928262575
0.1352164898633049
0.13521510577583368
0.13521371624827644
0.13521232197762018
0.13521092268699192
0.13520951810057014
0.13520810939246117
0.13520669566131124
0.1352052767917603
0.135203852392565
0.13520242301898622
0.1352009887193384
0.135199549056138
0.13519810452350628
0.13519665520830162
0.13519519981972625
0.1351937388249687
0.13519227224866132
0.13519080029836286
0.13518932292867106
0.13518783899898307
0.1351863485939955
0.1351848527737904
0.1351833522379631
0.13518184891085364
0.1351803400396438
0.13517882545906437
0.1351773048314298
0.13517577872555364
0.13517424729299468
0.13517271043970855
0.13517116824897893
0.13516962052018577
0.1351680667049529
0.13516650706614325
0.1351649418445393
0.13516337110623788
0.13516179505606998
0.1351602128438306
0.13515862443157375
0.13515703036933974
0.13515543072363012
0.13515382563034672
0.13515221520220164
0.13515059835317478
0.13514897481694818
0.13514734541341947
0.13514571050255644
0.1351440703364079
0.1351424242273548
0.13514077168454258
0.13513911289328356
0.1351374478120467
0.13513577688984038
0.13513410033395454
0.13513241794521172
0.135130729236463
0.1351290339845006
0.13512733237002186
0.13512562505185177
0.13512391173488456
0.1351221920114715
0.13512046635144428
0.13511873404933983
0.13511699528574803
0.13511525040384195
0.13511349890941352
0.13511174142672458
0.1351099773419565
0.1351082068445739
0.13510642962340272
0.13510464494931032
0.13510285434858085
0.1351010579886958
0.13509925507601928
0.13509744642117125
0.13509562989353532
0.13509380652577377
0.13509197695171352
0.13509014113260026
0.13508829922500099
0.1350864501918088
0.1350845944467403
0.13508273167920004
0.1350808624620602
0.13507898661739287
0.1350771034693116
0.13507521395144434
0.13507331647720675
0.13507141027841776
0.1350694965196653
0.13506757483810813
0.13506564687078498
0.13506371249106103
0.13506177209541786
0.1350598243182666
0.13505786807329426
0.1350559049938861
0.13505393543802194
0.13505195963794964
0.1350499762303508
0.135047985061022
0.1350459866545814
0.13504398134439938
0.13504197017182176
0.1350399501967519
0.13503792280752802
0.13503588855509505
0.1350338473774187
0.13503179968253978
0.1350297431854482
0.13502767881337324
0.1350256076176762
0.13502352999919
0.13502144531471766
0.13501935192194772
0.13501725022949979
0.13501514155813873
0.13501302658612163
0.13501090389918352
0.13500877290819818
0.1350066335703855
0.1350044869530952
0.1350023333650928
0.13500017226845615
0.13499800305302376
0.1349958254809574
0.13499364062062078
0.13499144795065757
0.13498924802630535
0.13498704011595128
0.13498482401678144
0.13498260003096918
0.13498036815174477
0.1349781287389391
0.13497588129198745
0.13497362553591
0.1349713613436444
0.13496908927619783
0.1349668097699598
0.13496452260987768
0.13496222610681902
0.13495992079374017
0.1349576083167676
0.13495528802139636
0.13495295939126256
0.13495062154324172
0.13494827493989225
0.13494592105008052
0.13494355957865778
0.13494118912986
0.13493880907052247
0.1349364207418744
0.13493402498130916
0.13493162094190786
0.13492920755418233
0.1349267851065468
0.13492435428180014
0.13492191530183295
0.13491946756508194
0.13491701138054413
0.13491454649530255
0.13491207250773254
0.13490958909129963
0.1349070971492363
0.1349045973623814
0.13490209108207932
0.13489957720502938
0.13489705333182586
0.13489452181198044
0.13489198237108366
0.13488943394728542
0.13488687357326554
0.1348843049123669
0.1348817289107561
0.1348791449521536
0.13487654954502518
0.13487394442957593
0.13487133116862524
0.13486870981082746
0.13486607879436677
0.13486343702818682
0.13486078614657546
0.13485812718080975
0.1348554589280444
0.13485277968153345
0.13485009163029216
0.13484739503589485
0.13484468904460067
0.13484197087012675
0.13483924452986273
0.13483650961776875
0.13483376531048805
0.1348310095133235
0.13482824409517405
0.1348254703428707
0.13482268751905255
0.13481989311296633
0.1348170875570763
0.1348142738566345
0.134811451950007
0.1348086189266059
0.13480577291098833
0.13480291439932432
0.13480004760887432
0.13479717078604464
0.13479428200758245
0.13479138268820612
0.13478847483618772
0.1347855575964932
0.13478262843404423
0.13477968831167245
0.1347767389012117
0.1347737792866925
0.1347708095105294
0.13476782884465838
0.13476483749557724
0.1347618353032155
0.13475882377742757
0.1347558014036164
0.1347527680596179
0.13474972346669595
0.13474667005680643
0.13474360830770954
0.13474053488108162
0.13473745110313412
0.13473435994752836
0.13473125518265588
0.1347281357388126
0.13472500554690273
0.13472186843869505
0.1347187212608106
0.13471556098413134
0.13471238910868832
0.13470920781179185
0.13470601717794944
0.13470281208142837
0.1346995954296159
0.13469636923034098
0.13469313340046435
0.13468988371688012
0.13468662222010486
0.1346833506201756
0.13468006903650973
0.13467677414869397
0.1346734671725004
0.13467014855776907
0.134666819037283
0.13466347699761905
0.1346601227899577
0.13465675721713657
0.13465338041244632
0.13464999149337745
0.1346465906482625
0.13464317843614412
0.1346397535363953
0.1346363168317916
0.13463286888683818
0.13462941027375663
0.13462593650474758
0.13462245136036058
0.13461895562467868
0.1346154486552845
0.13461192630956814
0.13460839237523398
0.13460484825602909
0.13460128553498818
0.13459770700228127
0.13459411636748642
0.13459051615098297
0.13458690346623853
0.13458327516053825
0.13457963446843582
0.1345759848167916
0.13457232112583975
0.1345686421958254
0.1345649510445777
0.13456125041505063
0.1345575351729493
0.13455380532778288
0.13455006345784956
0.1345463107992531
0.1345425436023887
0.13453876226419673
0.13453496924282726
0.13453116374466373
0.13452734335232888
0.13452350958370135
0.13451966601985044
0.1345158076648535
0.13451193415900545
0.13450804809803674
0.13450415143831085
0.13450023965299662
0.13449631223468145
0.13449237263875014
0.13448842205312336
0.13448445621515104
0.13448047405424174
0.13447648085481692
0.13447247475937868
0.1344684533381513
0.1344644162410579
0.13446036770359165
0.1344563059728267
0.13445222887717753
0.13444813651738638
0.13444403213099113
0.1344399202597336
0.13443579465014238
0.13443165479287808
0.134427500443044
0.1344233326960907
0.13441915007492775
0.1344149528858924
0.13441074130132286
0.13440651630698663
0.13440227620040066
0.1343980206763385
0.13439375089757877
0.134389467811148
0.13438517050867765
0.13438085584230358
0.1343765268240248
0.13437218525152633
0.13436782804449446
0.13436345395479268
0.13435906604803602
0.13435466479333394
0.13435024683736593
0.13434580692459933
0.1343413525946922
0.13433688477629013
0.13433239892082932
0.13432789677978918
0.13432338169254163
0.13431885182105752
0.1343143042638542
0.13430974122168546
0.1343051656480271
0.13430057250795707
0.13429596166400296
0.1342913373985481
0.1342866993465342
0.13428204670618096
0.13427737725863986
0.13427269513954695
0.1342680008006411
0.13426328230880477
0.13425854559152522
0.13425379861198708
0.13424903657414994
0.1342442555191118
0.13423945987289682
0.13423464917781175
0.13422982072171083
0.13422497305859973
0.13422011114167595
0.13421523234066948
0.13421033491646456
0.13420542153740042
0.13420049279647786
0.13419554723040994
0.134190583754636
0.13418560528007645
0.13418060834096737
0.13417559315201646
0.13417056274072564
0.13416551582085742
0.13416045040784136
0.134155367846217
0.13415027074886743
0.134145154297301
0.1341400187045938
0.13413486857140153
0.13412970244059866
0.1341245125744137
0.1341192970295441
0.13411406829955083
0.13410882053181714
0.1341035511531739
0.13409826617462536
0.13409296808610668
0.13408764792222969
0.1340823058795481
0.13407695124738267
0.13407158024659682
0.1340661861606586
0.13406077352234833
0.1340553479070917
0.13404990222594093
0.1340444336238423
0.1340389503698444
0.13403345326975713
0.1340279333182286
0.13402239064629765
0.13401683472160109
0.13401126265555005
0.13400566746034956
0.1340000534569104
0.13399442434223072
0.13398877433389858
0.1339831023377926
0.13397741852634393
0.13397172266442958
0.13396600479565238
0.13396026790158713
0.13395451363883212
0.1339487395387481
0.13394294478291896
0.1339371321805983
0.1339313007637104
0.13392544744989227
0.13391957531748194
0.13391368436022075
0.1339077722344898
0.13390184037403474
0.13389589066196345
0.13388991825979812
0.13388391662098395
0.13387789695151908
0.13387185947963234
0.13386579851914082
0.13385971633030797
0.13385361658191966
0.1338474979480933
0.1338413546722596
0.13383519320087192
0.1338290182463581
0.13382282020145728
0.13381660056523687
0.13381036174911026
0.13380410505360568
0.13379782170003163
0.13379151058805086
0.1337851838062094
0.13377883936203008
0.13377247221377786
0.13376608336486548
0.13375967632881205
0.13375324665801128
0.1337467941597451
0.13374032042797307
0.1337338270841567
0.13372731223616102
0.1337207721149262
0.13371421182074858
0.13370763193586574
0.1337010297848079
0.13369440377597164
0.13368775793651108
0.13368109128605668
0.13367439732067338
0.13366768127616027
0.1336609476490911
0.13365419159771902
0.13364740836148822
0.13364059712522702
0.13363376249518516
0.13362690067487817
0.1336200128760856
0.1336131075194929
0.13360617989189563
0.13359922472831312
0.13359224817171925
0.13358525407719818
0.13357823268113453
0.13357118447820887
0.13356411931874382
0.13355703277229283
0.13354991748596634
0.13354277952519078
0.13353562228301138
0.1335284378968353
0.133521227001572
0.1335140036718001
0.13350676320084598
0.13349949375451262
0.13349220291738484
0.13348489128605576
0.13347755229321875
0.13347018705263664
0.13346280311108363
0.13345539383178087
0.1334479544091443
0.13344049471036984
0.13343300846240355
0.1334254866914271
0.13341793903236476
0.13341037143137627
0.1334027776644348
0.13339515468804672
0.13338751304057683
0.13337985397008972
0.13337216471816427
0.13336444973185388
0.13335671330895588
0.1333489487859568
0.13334115332808005
0.13333333821304563
0.13332548528649485
0.1333176003593298
0.13330969941428714
0.1333017810413697
0.13329383563771738
0.13328586248569207
0.13327786654596657
0.13326984270695824
0.13326178911903552
0.13325371378611517
0.13324561182501787
0.13323748071555255
0.1332293237053794
0.13322114198655619
0.13321293118817734
0.13320469271819296
0.13319643359634797
0.1331881428242737
0.13317982090752603
0.13317147782418293
0.1331631088998537
0.13315469275794065
0.13314625070074088
0.13313778720961855
0.1331292884638047
0.13312075860253553
0.1331122108727855
0.13310363252891927
0.1330950186555742
0.13308638279007004
0.13307772626800393
0.13306903379255733
0.1330603105174084
0.13305158014339785
0.13304282089180064
0.13303402464544084
0.13302520714581767
0.13301636736102124
0.13300748993096348
0.1329985819409764
0.13298965512660613
0.13298069135901547
0.13297168036473578
0.13296264955936377
0.1329535928151761
0.13294449644812945
0.13293537927968446
0.13292624152967472
0.13291707002125835
0.13290785899527288
0.1328986252219632
0.13288936486389077
0.13288006644532785
0.13287073996807144
0.13286137676538054
0.1328519759320351
0.13284254486702762
0.1328330940511221
0.13282362223366823
0.13281411357301035
0.1328045759331064
0.132795010311806
0.13278540905281633
0.13277577705316992
0.13276611711864866
0.13275642692763903
0.13274670327426527
0.13273694965959604
0.13272716588276207
0.1327173477288047
0.13270750132112194
0.13269762118428938
0.13268770649016012
0.13267775077028962
0.1326677569493671
0.13265773035914064
0.13264767039571213
0.13263758075009374
0.13262745582920366
0.13261729514947362
0.13260711013644505
0.13259689815954964
0.13258666039736183
0.13257639096494564
0.13256609232355593
0.1325557608943401
0.1325453894632799
0.1325349904091798
0.13252454227375157
0.1325140554787938
0.13250353986135455
0.13249300034027264
0.13248242386664033
0.1324718071867408
0.13246115943431064
0.1324504788438309
0.1324397612670122
0.13242901172223048
0.13241822788497642
0.13240740897691175
0.13239653712789012
0.1323856301750934
0.13237469789668854
0.1323637306464251
0.13235273338852663
0.13234170700063067
0.13233064940295317
0.13231955492545897
0.13230841940008
0.1322972543127369
0.13228605221818235
0.13227480906070732
0.1322635329764453
0.13225222694691333
0.13224088063094067
0.13222949263653488
0.13221807652379913
0.1322066259035144
0.1321951048025736
0.1321835506684693
0.13217196875803242
0.1321603413652356
0.1321486720652377
0.1321369980965832
0.1321252890759225
0.13211353184030142
0.13210174348309456
0.1320899294266276
0.1320780412534965
0.1320661142419563
0.1320541669712513
0.13204218017616096
0.13203014622509632
0.13201808124814998
0.13200598297036562
0.13199383286529875
0.1319816448732627
0.13196943464639063
0.13195717456493472
0.13194485963053348
0.13193250704108683
0.13192011751556612
0.13190768984337511
0.13189522325057318
0.13188273282497126
0.13187019780854958
0.13185762090387596
0.13184501670917229
0.13183236722512487
0.13181967128402003
0.1318069395857909
0.1317941740769844
0.13178135675982763
0.13176850039308716
0.13175561654823947
0.13174267989460414
0.131729698808624
0.131716662237799
0.13170357808926692
0.13169046152430935
0.13167731872713395
0.13166414397151904
0.13165091706527954
0.13163762805212634
0.1316243178769519
0.1316109490047759
0.13159753925815368
0.1315840960240349
0.13157060868297626
0.1315570718220006
0.13154349484583802
0.13152988705691937
0.13151622147518638
0.131502515872335
0.13148876950029803
0.13147495637946055
0.13146109945054665
0.1314472157469977
0.13143329119681185
0.13141930939099478
0.13140530063434797
0.1313912596763187
0.13137716067530564
0.13136302072443823
0.13134884589868484
0.13133461160482127
0.13132033420628497
0.13130602132449212
0.13129166347878501
0.1312772501694109
0.13126279697790155
0.13124829326711676
0.13123374038976204
0.13121914124235656
0.13120450818195295
0.13118980729146693
0.13117505917759537
0.1311602763733984
0.13114544596331346
0.1311305583237539
0.13111563557691208
0.13110067663791644
0.13108564446643695
0.13107057289598426
0.1310554755160698
0.13104030656981275
0.13102506272884265
0.13100979018576514
0.1309944794927475
0.13097910397736368
0.13096368853439175
0.13094825115107694
0.13093274279481298
0.13091718537358185
0.13090160492674546
0.13088597096417587
0.1308702670881521
0.13085453071374822
0.13083876494338
0.13082291402388885
0.13080700860687075
0.13079111810875277
0.13077513745973496
0.130759070343401
0.13074297314096564
0.13072684225013814
0.1307106312891277
0.13069437073037643
0.1306780949953926
0.13066173919879334
0.13064531970852944
0.13062888041226522
0.1306123833679581
0.13059581632017617
0.1305791745564467
0.13056250527106936
0.130545765567063
0.13052898082743858
0.13051216718974243
0.13049528700681176
0.13047834480925202
0.1304613728917333
0.13044435737469737
0.13042728015135524
0.13041014061675357
0.13039295949560858
0.13037571411956245
0.13035843336519634
0.13034114301294875
0.13032376324940703
0.1303063096803805
0.13028878375670905
0.13027121548200543
0.13025358411496288
0.13023590001541668
0.1302181688136787
0.13020037510981378
0.13018253051798323
0.13016463670046263
0.1301466744904333
0.1301286259632541
0.1301105288370394
0.13009237998816603
0.13007418573536367
0.13005593664342385
0.13003763861675574
0.13001927472030853
0.13000085741984896
0.12998239395966257
0.1299638655584642
0.12994527944704887
0.12992666455419405
0.12990802860874273
0.12988930194297874
0.1298705094178564
0.129851675339619
0.12983273065859804
0.12981373245282182
0.1297946821125445
0.12977557998367767
0.1297564122232696
0.1297371749096125
0.1297178929177008
0.12969853697783562
0.12967909900616728
0.12965960541063734
0.12964005398508963
0.12962046436461774
0.12960079379898834
0.12958106631266345
0.12956128176255516
0.12954144131369136
0.129521557464348
0.12950162490309414
0.12948165389697253
0.12946159692507872
0.1294414844548642
0.12942132291204553
0.12940108822616986
0.12938077630265632
0.12936037802200342
0.1293399341748958
0.12931941327276086
0.12929882094832293
0.12927818930404097
0.12925747120159595
0.1292366537400717
0.12921578432946518
0.12919486688448456
0.12917388442221153
0.12915282826793115
0.1291317270585826
0.12911055350239567
0.1290893196735016
0.12906805578368938
0.1290467422530247
0.1290253467712352
0.12900388039453037
0.12898238063083822
0.12896080161451887
0.12893912808743077
0.12891740299583462
0.12889559269828332
0.12887369513693098
0.12885173135104272
0.12882973331214503
0.12880762317131714
0.12878539853534046
0.12876313266880543
0.12874082415750862
0.12871843788903933
0.12869599304156334
0.12867351562842927
0.12865095106908922
0.1286282876872162
0.12860562593803898
0.12858289882164195
0.12856007323820898
0.1285371883524039
0.12851425370964623
0.12849123314873886
0.12846813256033965
0.12844495779957593
0.12842170124333427
0.12839833904484205
0.12837489826561363
0.1283513802312186
0.12832777660218617
0.12830410603950962
0.12828042315027768
0.1282566722398705
0.1282328183576544
0.12820888865688368
0.12818490335120075
0.1281608642580271
0.12813676403728666
0.1281126050532424
0.12808836907242957
0.1280640460264036
0.128039675222382
0.1280152174026334
0.1279906434181497
0.1279659804692515
0.12794123203034397
0.12791637561622074
0.1278914426721393
0.12786649116529106
0.12784147282859845
0.12781636899282606
0.12779117352324226
0.12776590164485102
0.12774057703266145
0.1277151874730278
0.12768976112960864
0.12766423886229117
0.12763863646126866
0.12761296022025898
0.12758720171428134
0.12756135336423532
0.1275354210872231
0.127509382361447
0.12748322016907293
0.1274570015661343
0.12743073145738318
0.12740438873682192
0.12737793965497937
0.12735139987773017
0.127324847557971
0.1272981860927475
0.1272714491074168
0.12724468703800085
0.12721781039648264
0.1271908460020934
0.12716382007377033
0.12713672016022662
0.127109506001796
0.12708221135380973
0.12705481332011412
0.12702730208769597
0.1269997001387678
0.1269720642831868
0.1269443235266671
0.12691648352659118
0.12688860266454693
0.12686066690250428
0.12683259961796317
0.12680445379549318
0.12677627214431417
0.12674801351962423
0.1267196262105281
0.12669117650731035
0.12666270722424952
0.12663407789377354
0.12660529368572015
0.12657646931562927
0.12654753470010874
0.12651847295414104
0.12648938316491576
0.12646024625493643
0.12643098628359287
0.12640162014622225
0.1263722134163688
0.12634273613114233
0.12631314042337596
0.12628348270757814
0.12625381329942315
0.12622400827990285
0.1261940545568966
0.1261640269401158
0.12613383316635843
0.12610353367867116
0.12607317858051503
0.12604281245933358
0.12601231681389222
0.1259816984489721
0.12595103937164812
0.12592028206558553
0.1258894648251557
0.12585857914768814
0.12582765808426202
0.1257965971100706
0.12576536715278572
0.12573406586303973
0.12570256407781244
0.12567098865561757
0.12563937335160233
0.12560770739050184
0.1255759228523572
0.12554403480287593
0.12551208628308846
0.125480062854531
0.12544797699806498
0.12541578576348353
0.1253835366870448
0.12535112436441173
0.12531854529563566
0.12528587507317374
0.1252530700261577
0.12522025628203776
0.1251873327857562
0.12515433263440348
0.12512121676593452
0.12508804061955098
0.12505478403441875
0.1250214320223085
0.12498801432862029
0.12495446840211699
0.12492074174663349
0.12488688232616821
0.12485294907782667
0.12481897719769151
0.12478488535020017
0.12475069539818709
0.12471642046169507
0.12468208825606633
0.1246476358583125
0.12461308708328096
0.12457843805504776
0.1245437098127186
0.1245087511110954
0.12447370403302435
0.124438574440257
0.12440339773343004
0.1243681310993972
0.12433275138085993
0.12429730181062974
0.12426173185549094
0.12422605184313508
0.12419027720200279
0.1241543707375309
0.12411834623626009
0.12408215340155021
0.1240458731165308
0.12400952405342838
0.1239731206019303
0.12393666726961165
0.1239000612727215
0.12386336560236065
0.12382651117189744
0.12378956091437543
0.12375251754045982
0.12371532578216804
0.12367797731877804
0.12364049512013273
0.12360297741292929
0.12356539250399279
0.12352778342806643
0.12349006085364146
0.12345217744667969
0.1234141512965818
0.123376004505644
0.12333776378658262
0.12329937080434009
0.12326077692695522
0.12322209052993513
0.12318342437208657
0.12314468199314944
0.12310583039594741
0.12306690981307382
0.1230278692524803
0.12298863400882853
0.12294923036551324
0.12290971289872986
0.12287008841656491
0.12283023383641145
0.12279037444408808
0.12275055259053795
0.12271058350727222
0.12267048534412885
0.12263032312737146
0.12259005068314358
0.1225495415810838
0.12250881153707928
0.12246803115413168
0.12242709738749898
0.12238608791672996
0.12234502779327122
0.12230391947066767
0.12226273114066694
0.12222138059560511
0.12217994391474514
0.12213828746959478
0.12209644982299174
0.12205445174436248
0.12201233537144686
0.12197021287716037
0.12192797987104359
0.12188563290598087
0.12184326738640566
0.12180079147211798
0.12175811536119212
0.12171524889377308
0.12167223267633599
0.12162907834609983
0.12158577642786415
0.12154246431020901
0.12149905914862832
0.12145552041430412
0.12141192655208516
0.12136821232361707
0.12132433458474404
0.12128022636853693
0.12123601069257745
0.12119162487345063
0.12114718352974774
0.12110260430117466
0.1210579967550247
0.12101329314458147
0.12096840191213758
0.1209233562084176
0.12087826806827455
0.12083294169110642
0.12078742747174463
0.12074187545531843
0.12069619576116371
0.1206503846266217
0.120604499466467
0.12055848291661131
0.12051233653077176
0.12046606241540189
0.12041963218904261
0.12037305486682215
0.12032631873312401
0.12027946835630364
0.1202324857569598
0.12018537513068388
0.12013818097229613
0.12009089702540632
0.12004352827429805
0.11999594984069961
0.1199481583165555
0.11990027008527558
0.11985226481577028
0.11980397096261187
0.1197557267455137
0.1197074182560984
0.11965898755268509
0.11961036057302422
0.11956162152159931
0.11951268549775738
0.11946353514768189
0.11941418836834597
0.11936486121055727
0.11931549612970632
0.11926593973163087
0.11921627626681564
0.11916647595872243
0.11911650415499213
0.11906622921335125
0.1190158541985291
0.11896546306192579
0.11891494948770534
0.11886426196576973
0.11881352907330832
0.11876267208997485
0.11871159422320014
0.11866021705534431
0.11860876259528816
0.1185572563925997
0.11850557583910211
0.11845375206640693
0.11840198243017379
0.11834998166841472
0.11829776357175634
0.1182453077885643
0.1181927909363764
0.11814008854044292
0.118087229328866
0.11803437220301753
0.11798147374994032
0.11792832433123368
0.11787490168459376
0.11782133841184651
0.1177676453544411
0.117713806504821
0.1176598311926792
0.11760591192183958
0.11755180884187402
0.11749743372860819
0.11744286332529544
0.11738815788382859
0.11733328179680814
0.11727829351619705
0.11722333685892015
0.11716819836880941
0.11711280574449505
0.11705722223361306
0.11700148753745342
0.11694559031970608
0.11688960555767773
0.11683364158653997
0.11677736446038946
0.11672093231022843
0.11666432485820001
0.11660754821543663
0.11655061651504202
0.11649367619444022
0.1164366304874038
0.11637923642702741
0.11632174359628224
0.11626406218661452
0.11620624343637638
0.11614834278249218
0.11609041123148778
0.11603215541786235
0.11597369073464187
0.11591509044444978
0.11585635296508252
0.11579751194863709
0.115738645608269
0.11567954967547323
0.11562014551695447
0.11556058367041731
0.11550093056306478
0.11544114260026132
0.11538119995910105
0.11532126868584325
0.11526103863782551
0.1152005201044673
0.11513982820229753
0.11507908453221265
0.11501821041703549
0.11495725351505162
0.11489615176538025
0.1148347062726714
0.11477306816593015
0.11471136249530305
0.1146494776807321
0.11458749603520929
0.11452546062028686
0.1144632037643252
0.1144005469522902
0.11433782290044542
0.11427500690770247
0.11421203023801062
0.11414896223402042
0.1140857663179019
0.11402223604147993
0.11395852743985084
0.11389469515163782
0.11383070431680252
0.11376663589048362
0.11370241085585164
0.11363801100254207
0.11357332967981192
0.11350844809393554
0.11344339290841872
0.11337829826295659
0.1133131505221176
0.11324771636142889
0.11318203129932905
0.11311611462230974
0.11305011906152168
0.11298395685764251
0.11291775728774614
0.11285137496813845
0.11278477900922586
0.11271767940771357
0.11265059396976959
0.1125835909526171
0.11251638764258866
0.1124488811816195
0.1123810999935379
0.11231310974412803
0.11224515305057334
0.11217703887679688
0.11210865199345141
0.11204016103505504
0.11197138546138455
0.11190238443889432
0.11183328156520879
0.11176421997181914
0.11169489146149635
0.11162507095062313
0.11155529319232234
0.11148539756515632
0.11141546638844603
0.11134509188442256
0.11127436656020182
0.11120377594638581
0.1111331984071997
0.1110620959137427
0.11099082226731757
0.11091932343399008
0.11084784718895817
0.11077627515212471
0.11070431224033259
0.11063218937322641
0.11055983578406066
0.11048735340392449
0.11041477124502502
0.11034207958297929
0.11026905587279927
0.11019571717862978
0.11012222762714476
0.11004877080546341
0.10997516995756054
0.10990134072751878
0.10982696496597924
0.10975255161700094
0.10967818841180343
0.10960364573693143
0.10952883650804279
0.10945360845171308
0.10937827675163916
0.10930294328901455
0.10922744335957878
0.10915175181280865
0.1090756363413312
0.10899930969235211
0.10892305313304433
0.10884661189050931
0.10876999213672109
0.1086928720523787
0.10861566639173083
0.10853841908179643
0.10846112128803918
0.10838333341677157
0.108305255668343
0.10822719031017367
0.1081491109233752
0.10807059602550113
0.10799184702507869
0.10791287621578483
0.10783395394835688
0.10775475252876265
0.10767522868187909
0.10759547552919367
0.10751568438017332
0.10743572560041331
0.10735542528308499
0.1072749652718645
0.10719424047186057
0.10711349817130336
0.10703250389277547
0.10695121222567763
0.10686982783941894
0.1067880436273166
0.10670634408926255
0.10662428410416244
0.10654208582220709
0.10645945630404534
0.10637688513514404
0.10629409953494741
0.10621105467474688
0.10612767880737764
0.10604418763758706
0.10596059839812928
0.10587677920613316
0.10579264811799306
0.10570830771605809
0.10562387093969836
0.10553918009035061
0.10545433637143435
0.10536915537020904
0.10528381904248334
0.10519822746711587
0.10511254255364116
0.10502666411399789
0.1049404334100304
0.10485392953138592
0.1047674062290296
0.10468069984392038
0.10459364627122643
0.10450622429528189
0.10441884583454346
0.10433130727270482
0.10424347824594658
0.10415512105353923
0.10406689784860294
0.103978505182206
0.10388981679807895
0.10380062651173787
0.10371151120029208
0.10362223602806328
0.10353268214429873
0.10344267823259207
0.10335266560249247
0.10326247800192083
0.1031720402411183
0.10308121480002426
0.10299029450191008
0.10289921664623415
0.10280786230144617
0.10271622284283372
0.10262437574099732
0.10253236274019716
0.10244015399574422
0.10234763631084161
0.10225486249390496
0.10216196505805905
0.10206887474386578
0.10197541014182576
0.10188172484068099
0.1017878868531325
0.1016938879946375
0.10159948204315222
0.10150493781608634
0.10141021050172892
0.1013152389701714
0.10121988980692649
0.10112438345100429
0.10102879821141215
0.1009328795806242
0.10083658795402549
0.1007400554342908
0.10064366768603535
0.10054679697402778
0.10044946315532981
0.10035199327198834
0.10025476974676616
0.10015688367573088
0.10005860586895159
0.09996026271756267
0.09986199774234862
0.09976311531016238
0.09966383664908876
0.09956464839542063
0.09946524740362497
0.09936541267558438
0.09926519957030952
0.09916514181994006
0.09906475952407194
0.098963743423941
0.09886269015210224
0.09876173345567181
0.09866017111458135
0.09855814358178373
0.09845625355474488
0.09835428126135737
0.09825156528476216
0.09814860851765399
0.0980460204644189
0.09794263226923038
0.0978389279205746
0.09773530963817344
0.09763144303486898
0.09752684283697906
0.09742243715226344
0.09731789988714659
0.0972125820255276
0.09710725263920064
0.09700194106820074
0.09689589300753418
0.09678959386251423
0.09668356932948452
0.09657704827669604
0.09646982464355816
0.0963626410874583
0.0962555134955917
0.0961477092053858
0.09603975462154354
0.09593153453630442
0.09582299502924925
0.09571428778592758
0.09560546847552183
0.0954960700880691
0.09538628478114967
0.09527658252878851
0.0951665049570034
0.09505631939496013
0.09494554618333997
0.09483433150783231
0.09472324369838049
0.09461208207396918
0.09450016911821968
0.09438794386170968
0.09427566560960654
0.09416314970023797
0.09405034338568083
0.09393711966403342
0.09382357872739804
0.09370973916952859
0.09359579752294978
0.09348170581608767
0.09336702606769508
0.09325185692068505
0.09313675953136387
0.09302164389907777
0.09290564476702182
0.0927895257428947
0.09267335540793199
0.09255655129580004
0.09243965851938872
0.09232257176247471
0.09220491013824343
0.09208695217690442
0.0919690220589323
0.09185063810105716
0.09173177744645075
0.0916126432190589
0.09149350976203778
0.09137374862464118
0.09125369857832716
0.0911336717080255
0.09101287997419606
0.09089197622148225
0.09077097512792495
0.09064934656535414
0.09052745778091656
0.09040541404880718
0.09028303832591844
0.09016021935490716
0.09003703287039129
0.08991364598560186
0.08979011440536497
0.08966591822122774
0.08954147810115515
0.08941699642935631
0.08929179401132196
0.0891665571251572
0.08904104097264799
0.08891480697407306
0.08878844493104568
0.08866198850621028
0.08853500435052382
0.08840759338846925
0.08827990923377982
0.088151904047326
0.08802363685772273
0.08789489756015492
0.08776600174479608
0.08763643606666319
0.08750669211279405
0.08737702429944073
0.08724627502903837
0.08711570625015311
0.08698475707332966
0.08685284288097642
0.08672163629154638
0.0865893476157241
0.08645644532838338
0.08632413216797201
0.08619058535715927
0.08605706098691988
0.08592348402258505
0.08578867797377718
0.08565412046574575
0.08551929609767875
0.08538370510391184
0.08524816698601838
0.08511188696784136
0.08497517251614935
0.08483865798465826
0.08470132450303436
0.0845636523003003
0.08442569269405586
0.0842870286402616
0.084148664343297
0.08400943554914966
0.08386979187677356
0.08372999137731929
0.08358937037651648
0.0834490916034441
0.08330793400763627
0.08316621271838175
0.08302456776453024
0.08288196809677709
0.08273939453055318
0.082596674994426
0.08245269034876306
0.08230888853785501
0.08216458190781557
0.08201979960277445
0.08187499896590905
0.08172915722722254
0.08158305558492983
0.08143690411536558
0.08128987961376843
0.08114273972861046
0.08099524448605765
0.08084684534740329
0.080698683505628
0.08054951544493964
0.08040009282886404
0.08025051116789989
0.08009996167590115
0.07994971831885585
0.0797981878667566
0.07964670284812607
0.07949473322012551
0.07934230292648588
0.07918952340722013
0.07903579621058392
0.078882134183411
0.07872761421724145
0.07857313211177519
0.0784177273859276
0.07826212666961962
0.07810581445722756
0.0779492376409486
0.07779223009433872
0.0776345471000915
0.07747655716339329
0.07731759239650708
0.07715884547486736
0.07699917287673036
0.07683927557085904
0.07667891652170057
0.0765174107375702
0.07635624177783597
0.07619398698157612
0.07603167698070291
0.07586858438414734
0.07570489700188797
0.07554102585102808
0.07537625559879119
0.07521146100531419
0.0750455107517367
0.07487945742832203
0.07471287251517564
0.07454570732936033
0.07437791207343963
0.07420952796039976
0.07404050383207757
0.07387122954103859
0.07370145130713932
0.07353084569595822
0.07336010836186195
0.07318791655911241
0.0730161576021211
0.07284320975875075
0.07267010698314216
0.0724962133951927
0.07232122379265836
0.07214662330122527
0.07197048378130202
0.07179521232566073
0.0716177337418677
0.07144066305659065
0.07126192914325116
0.07108363054758264
0.07090432247907137
0.07072485885444417
0.07054423977585504
0.07036279056803046
0.07018110364004024
0.06999853025660618
0.0698159088868918
0.06963212812113136
0.06944781079947779
0.06926266875455032
0.06907694589119034
0.06889088177588813
0.06870379122969204
0.06851646052479586
0.06832759797691182
0.0681390832688929
0.06794877306587853
0.06775909779159257
0.0675673970409028
0.06737602151466777
0.06718302866938677
0.06699014183109162
0.0667960346212976
0.06660145564235788
0.06640594839181692
0.06620975943681835
0.06601295110049352
0.06581526842110026
0.06561705007164646
0.06541757237260798
0.06521783469339981
0.06501691132024318
0.06481568471796832
0.06461320252423429
0.0644101908230485
0.06420590186511614
0.06400148497078172
0.06379568057729719
0.06358974317908295
0.06338215770434737
0.0631742804116655
0.06296497299607155
0.06275539639675916
0.06254475035210734
0.0623333455517047
0.06212079443757836
0.06190726766357338
0.06169319391342239
0.06147792117263658
0.061262232313613246
0.06104499982587699
0.060827124016694746
0.060607916457656466
0.06038836354632657
0.06016747362914572
0.059946117784235295
0.05972285052360083
0.059499370271437264
0.059274061594255516
0.05904874745346368
0.058821706865817044
0.058594204749142564
0.058364843536733386
0.05813489994211473
0.05790347102063365
0.05767160021264531
0.05743830444147392
0.057203971082738225
0.05696827969643963
0.05673140390919808
0.056493370938409664
0.05625464380137407
0.05601436208102564
0.05577327016136874
0.05553023188574409
0.05528652639120855
0.05504099234330081
0.05479498616122728
0.0545472871416221
0.05429856239484454
0.05404818676583776
0.05379643502115537
0.053543380572873875
0.05328906854685578
0.05303342024394332
0.052776404025687965
0.052517942275577836
0.05225762011546238
0.05199634028131002
0.05173314698619992
0.05146875233705545
0.05120285245898992
0.05093542804965166
0.05066611766073681
0.05039542131571324
0.050123036677041315
0.04984861250117483
0.04957327304972524
0.04929556488991174
0.04901689595825732
0.04873565849816404
0.04845342695029505
0.04816822266599193
0.047882136565153506
0.04759387532259976
0.047303569699856905
0.047011564465197164
0.04671723749279965
0.04642125046721674
0.04612267731458862
0.04582255595246903
0.04552003772655883
0.045215219165221546
0.04490839483980958
0.044599060097930944
0.044287611067346355
0.043973541408831265
0.04365732329914743
0.04333849572924763
0.0430171488649414
0.042692935932471504
0.042366450316020376
0.04203716269443644
0.04170525532883569
0.04137023752455328
0.04103260734709367
0.04069137507587054
0.040347412186369024
0.040000382012180986
0.03965044032065335
0.03929714952132582
0.038940272354213906
0.03857974770626947
0.03821542394390011
0.037847658355316526
0.037476228882360386
0.037101284002793576
0.03672217127444339
0.0363387527488535
0.03595058928479151
0.03555812173815168
0.03516107648440812
0.03475964278800883
0.03435358445949783
0.033942502414789404
0.03352573617070711
0.03310323841671399
0.032675123278093944
0.032241149787114176
0.03180146304880705
0.0313558595779773
0.030903785758975007
0.030444525454769285
0.029978030293632395
0.029503940727294092
0.029022080794035066
0.02853216001445906
0.028033908621799233
0.027526304093468047
0.02700877392245132
0.02648097938478802
0.025941894871747608
0.025391267409250413
0.024828374346886783
0.02425236091616148
0.023661857253503726
0.023055810937886875
0.02243335367439746
0.021793178661809937
0.021133625853774936
0.020453233670895504
0.019749609035061733
0.019019547632973585
0.018260288921364685
0.017468161121953627
0.016638301299914917
0.01576440810841336
0.01483869256980322
0.013850841937446434
0.01278566508660783
0.01162212433207747
0.010327777622722342
0.008846840706020147
0.007063656985902643
0.004638348038721759
0.0
0.0
0.0
0.0
0.0
0.0
0.0
0.0
0.0
0.0
0.0
0.0
0.0
0.0
0.0
0.0
0.0
0.0
0.0
0.0
0.0
0.0
0.0
0.0
0.0
0.0
0.0
0.0
0.0
0.0
0.0
0.0
0.0
0.0
0.0
0.0
0.0
0.0
0.0
0.0
0.0
0.0
0.0
0.0
0.0
0.0
0.0
0.0
0.0
0.0
0.0
0.0
0.0
0.0
0.0
0.0
0.0
0.0
0.0
0.0
0.0
0.0
0.0
0.0
0.0
0.0
0.0
0.0
0.0
0.0
0.0
0.0
0.0
0.0
0.0
0.0
0.0
0.0
0.0
0.0
0.0
0.0
0.0
0.0
0.0
0.0
0.0
0.0
0.0
0.0
0.0
0.0
0.0
0.0
0.0
0.0
0.0
0.0
0.0
0.0
0.0
0.0
0.0
0.0
0.0
0.0
0.0
0.0
0.0
0.0
0.0
0.0
0.0
0.0
0.0
0.0
0.0
0.0
0.0
0.0
0.0
0.0
0.0
0.0
0.0
0.0
0.0
0.0
0.0
0.0
0.0
0.0
0.0
0.0
0.0
0.0
0.0
0.0
0.0
0.0
0.0
0.0
0.0
0.0
0.0
0.0
0.0
0.0
0.0
0.0
0.0
0.0
0.0
0.0
0.0
0.0
0.0
0.0
0.0
0.0
0.0
0.0
0.0
0.0
0.0
0.0
0.0
0.0
0.0
0.0
0.0
0.0
0.0
0.0
0.0
0.0
0.0
0.0
0.0
0.0
0.0
0.0
0.0
0.0
0.0
0.0
0.0
0.0
0.0
0.0
0.0
0.0
0.0
0.0
0.0
0.0
0.0
0.0
0.0
0.0
0.0
0.0
0.0
0.0
0.0
0.0
0.0
0.0
0.0
0.0
0.0
0.0
0.0
0.0
0.0
0.0
0.0
0.0
0.0
0.0
0.0
0.0
0.0
0.0
0.0
0.0
0.0
0.0
0.0
0.0
0.0
0.0
0.0
0.0
0.0
0.0
0.0
0.0
0.0
0.0
0.0
0.0
0.0
0.0
0.0
0.0
0.0
0.0
0.0
0.0
0.0
0.0
0.0
0.0
0.0
0.0
0.0
0.0
0.0
0.0
0.0
0.0
0.0
0.0
0.0
0.0
0.0
0.0
0.0
0.0
0.0
0.0
0.0
0.0
0.0
0.0
0.0
0.0
0.0
0.0
0.0
0.0
0.0
0.0
0.0
0.0
0.0
0.0
0.0
0.0
0.0
0.0
0.0
0.0
0.0
0.0
0.0
0.0
0.0
0.0
0.0
0.0
0.0
0.0
0.0
0.0
0.0
0.0
0.0
0.0
0.0
0.0
0.0
0.0
0.0
0.0
0.0
0.0
0.0
0.0
0.0
0.0
0.0
0.0
0.0
0.0
0.0
0.0
0.0
0.0
0.0
0.0
0.0
0.0
0.0
0.0
0.0
0.0
0.0
0.0
0.0
0.0
0.0
0.0
0.0
0.0
0.0
0.0
0.0
0.0
0.0
0.0
0.0
0.0
0.0
0.0
0.0
0.0
0.0
0.0
0.0
0.0
0.0
0.0
0.0
0.0
0.0
0.0
0.0
0.0
0.0
0.0
0.0
0.0
0.0
0.0
0.0
0.0
0.0
0.0
0.0
0.0
0.0
0.0
0.0
0.0
0.0
0.0
0.0
0.0
0.0
0.0
0.0
0.0
0.0
0.0
0.0
0.0
0.0
0.0
0.0
0.0
0.0
0.0
0.0
0.0
0.0
0.0
0.0
0.0
0.0
0.0
0.0
0.0
0.0
0.0
0.0
0.0
0.0
0.0
0.0
0.0
0.0
0.0
0.0
0.0
0.0
0.0
0.0
0.0
0.0
0.0
0.0
0.0
0.0
0.0
0.0
0.0
0.0
0.0
0.0
0.0
0.0
0.0
0.0
0.0
0.0
0.0
0.0
0.0
0.0
0.0
0.0
0.0
0.0
0.0
0.0
0.0
0.0
0.0
0.0
0.0
0.0
0.0
0.0
0.0
0.0
0.0
0.0
0.0
0.0
0.0
0.0
0.0
0.0
0.0
0.0
0.0
0.0
0.0
0.0
0.0
0.0
0.0
0.0
0.0
0.0
0.0
0.0
0.0
0.0
0.0
0.0
0.0
0.0
0.0
0.0
0.0
0.0
0.0
0.0
0.0
0.0
0.0
0.0
0.0
0.0
0.0
0.0
0.0
0.0
0.0
0.0
0.0
0.0
0.0
0.0
0.0
0.0
0.0
0.0
0.0
0.0
0.0
0.0
0.0
0.0
0.0
0.0
0.0
0.0
0.0
0.0
0.0
0.0
0.0
0.0
0.0
0.0
0.0
0.0
0.0
0.0
0.0
0.0
0.0
0.0
0.0
0.0
0.0
0.0
0.0
0.0
0.0
0.0
0.0
0.0
0.0
0.0
0.0
0.0
0.0
0.0
0.0
0.0
0.0
0.0
0.0
0.0
0.0
0.0
0.0
0.0
0.0
0.0
0.0
0.0
0.0
0.0
0.0
0.0
0.0
0.0
0.0
0.0
0.0
0.0
0.0
0.0
0.0
0.0
0.0
0.0
0.0
0.0
0.0
0.0
0.0
0.0
0.0
0.0
0.0
0.0
0.0
0.0
0.0
0.0
0.0
0.0
0.0
0.0
0.0
0.0
0.0
0.0
0.0
0.0
0.0
0.0
0.0
0.0
0.0
0.0
0.0
0.0
0.0
0.0
0.0
0.0
0.0
0.0
0.0
0.0
0.0
0.0
0.0
0.0
0.0
0.0
0.0
0.0
0.0
0.0
0.0
0.0
0.0
0.0
0.0
0.0
0.0
0.0
0.0
0.0
0.0
0.0
0.0
0.0
0.0
0.0
0.0
0.0
0.0
0.0
0.0
0.0
0.0
0.0
0.0
0.0
0.0
0.0
0.0
0.0
0.0
0.0
0.0
0.0
0.0
0.0
0.0
0.0
0.0
0.0
0.0
0.0
0.0
0.0
0.0
0.0
0.0
0.0
0.0
0.0
0.0
0.0
0.0
0.0
0.0
0.0
0.0
0.0
0.0
0.0
0.0
0.0
0.0
0.0
0.0
0.0
0.0
0.0
0.0
0.0
0.0
0.0
0.0
0.0
0.0
0.0
0.0
0.0
0.0
0.0
0.0
0.0
0.0
0.0
0.0
0.0
0.0
0.0
0.0
0.0
0.0
0.0
0.0
0.0
0.0
0.0
0.0
0.0
0.0
0.0
0.0
0.0
0.0
0.0
0.0
0.0
0.0
0.0
0.0
0.0
0.0
0.0
0.0
0.0
0.0
0.0
0.0
0.0
0.0
0.0
0.0
0.0
0.0
0.0
0.0
0.0
0.0
0.0
0.0
0.0
0.0
0.0
0.0
0.0
0.0
0.0
0.0
0.0
0.0
0.0
0.0
0.0
0.0
0.0
0.0
0.0
0.0
0.0
0.0
0.0
0.0
0.0
0.0
0.0
0.0
0.0
0.0
0.0
0.0
0.0
0.0
0.0
0.0
0.0
0.0
0.0
0.0
0.0
0.0
0.0
0.0
0.0
0.0
0.0
0.0
0.0
0.0
0.0
0.0
0.0
0.0
0.0
0.0
0.0
0.0
0.0
0.0
0.0
0.0
0.0
0.0
0.0
0.0
0.0
0.0
0.0
0.0
0.0
0.0
0.0
0.0
0.0
0.0
0.0
0.0
0.0
0.0
0.0
0.0
0.0
0.0
0.0
0.0
0.0
0.0
0.0
0.0
0.0
0.0
0.0
0.0
0.0
0.0
0.0
0.0
0.0
0.0
0.0
0.0
0.0
0.0
0.0
0.0
0.0
0.0
0.0
0.0
0.0
0.0
0.0
0.0
0.0
0.0
0.0
0.0
0.0
0.0
0.0
0.0
0.0
0.0
0.0
0.0
0.0
0.0
0.0
0.0
0.0
0.0
0.0
0.0
0.0
0.0
0.0
0.0
0.0
0.0
0.0
0.0
0.0
0.0
0.0
0.0
0.0
0.0
0.0
0.0
0.0
0.0
0.0
0.0
0.0
0.0
0.0
0.0
0.0
0.0
0.0
0.0
0.0
0.0
0.0
0.0
0.0
0.0
0.0
0.0
0.0
0.0
0.0
0.0
0.0
0.0
0.0
0.0
0.0
0.0
0.0
0.0
0.0
0.0
0.0
0.0
0.0
0.0
0.0
0.0
0.0
0.0
0.0
0.0
0.0
0.0
0.0
0.0
0.0
0.0
0.0
0.0
0.0
0.0
0.0
0.0
0.0
0.0
0.0
0.0
0.0
0.0
0.0
0.0
0.0
0.0
0.0
0.0
0.0
0.0
0.0
0.0
0.0
0.0
0.0
0.0
0.0
0.0
0.0
0.0
0.0
0.0
0.0
0.0
0.0
0.0
0.0
0.0
0.0
0.0
0.0
0.0
0.0
0.0
0.0
0.0
0.0
0.0
0.0
0.0
0.0
0.0
0.0
0.0
0.0
0.0
0.0
0.0
0.0
0.0
0.0
0.0
0.0
0.0
0.0
0.0
0.0
0.0
0.0
0.0
0.0
0.0
0.0
0.0
0.0
0.0
0.0
0.0
0.0
0.0
0.0
0.0
0.0
0.0
0.0
0.0
0.0
0.0
0.0
0.0
0.0
0.0
0.0
0.0
0.0
0.0
0.0
0.0
0.0
0.0
0.0
0.0
0.0
0.0
0.0
0.0
0.0
0.0
0.0
0.0
0.0
0.0
0.0
0.0
0.0
0.0
0.0
0.0
0.0
0.0
0.0
0.0
0.0
0.0
0.0
0.0
0.0
0.0
0.0
0.0
0.0
0.0
0.0
0.0
0.0
0.0
0.0
0.0
0.0
0.0
0.0
0.0
0.0
0.0
0.0
0.0
0.0
0.0
0.0
0.0
0.0
0.0
0.0
0.0
0.0
0.0
0.0
0.0
0.0
0.0
0.0
0.0
0.0
0.0
0.0
0.0
0.0
0.0
0.0
0.0
0.0
0.0
0.0
0.0
0.0
0.0
0.0
0.0
0.0
0.0
0.0
0.0
0.0
0.0
0.0
0.0
0.0
0.0
0.0
0.0
0.0
0.0
0.0
0.0
0.0
0.0
0.0
0.0
0.0
0.0
0.0
0.0
0.0
0.0
0.0
0.0
0.0
0.0
0.0
0.0
0.0
0.0
0.0
0.0
0.0
0.0
0.0
0.0
0.0
0.0
0.0
0.0
0.0
0.0
0.0
0.0
0.0
0.0
0.0
0.0
0.0
0.0
0.0
0.0
0.0
0.0
0.0
0.0
0.0
0.0
0.0
0.0
0.0
0.0
0.0
0.0
0.0
0.0
0.0
0.0
0.0
0.0
0.0
0.0
0.0
0.0
0.0
0.0
0.0
0.0
0.0
0.0
0.0
0.0
0.0
0.0
0.0
0.0
0.0
0.0
0.0
0.0
0.0
0.0
0.0
0.0
0.0
0.0
0.0
0.0
0.0
0.0
0.0
0.0
0.0
0.0
0.0
0.0
0.0
0.0
0.0
0.0
0.0
0.0
0.0
0.0
0.0
0.0
0.0
0.0
0.0
0.0
0.0
0.0
0.0
0.0
0.0
0.0
0.0
0.0
0.0
0.0
0.0
0.0
0.0
0.0
0.0
0.0
0.0
0.0
0.0
0.0
0.0
0.0
0.0
0.0
0.0
0.0
0.0
0.0
0.0
0.0
0.0
0.0
0.0
0.0
0.0
0.0
0.0
0.0
0.0
0.0
0.0
0.0
0.0
0.0
0.0
0.0
0.0
0.0
0.0
0.0
0.0
0.0
0.0
0.0
0.0
0.0
0.0
0.0
0.0
0.0
0.0
0.0
0.0
0.0
0.0
0.0
0.0
0.0
0.0
0.0
0.0
0.0
0.0
0.0
0.0
0.0
0.0
0.0
0.0
0.0
0.0
0.0
0.0
0.0
0.0
0.0
0.0
0.0
0.0
0.0
0.0
0.0
0.0
0.0
0.0
0.0
0.0
0.0
0.0
0.0
0.0
0.0
0.0
0.0
0.0
0.0
0.0
0.0
0.0
0.0
0.0
0.0
0.0
0.0
0.0
0.0
0.0
0.0
0.0
0.0
0.0
0.0
0.0
0.0
0.0
0.0
0.0
0.0
0.0
0.0
0.0
0.0
0.0
0.0
0.0
0.0
0.0
0.0
0.0
0.0
0.0
0.0
0.0
0.0
0.0
0.0
0.0
0.0
0.0
0.0
0.0
0.0
0.0
0.0
0.0
0.0
0.0
0.0
0.0
0.0
0.0
0.0
0.0
0.0
0.0
0.0
0.0
0.0
0.0
0.0
0.0
0.0
0.0
0.0
0.0
0.0
0.0
0.0
0.0
0.0
0.0
0.0
0.0
0.0
0.0
0.0
0.0
0.0
0.0
0.0
0.0
0.0
0.0
0.0
0.0
0.0
0.0
0.0
0.0
0.0
0.0
0.0
0.0
0.0
0.0
0.0
0.0
0.0
0.0
0.0
0.0
0.0
0.0
0.0
0.0
0.0
0.0
0.0
0.0
0.0
0.0
0.0
0.0
0.0
0.0
0.0
0.0
0.0
0.0
0.0
0.0
0.0
0.0
0.0
0.0
0.0
0.0
0.0
0.0
0.0
0.0
0.0
0.0
0.0
0.0
0.0
0.0
0.0
0.0
0.0
0.0
0.0
0.0
0.0
0.0
0.0
0.0
0.0
0.0
0.0
0.0
0.0
0.0
0.0
0.0
0.0
0.0
0.0
0.0
0.0
0.0
0.0
0.0
0.0
0.0
0.0
0.0
0.0
0.0
0.0
0.0
0.0
0.0
0.0
0.0
0.0
0.0
0.0
0.0
0.0
0.0
0.0
0.0
0.0
0.0
0.0
0.0
0.0
0.0
0.0
0.0
0.0
0.0
0.0
0.0
0.0
0.0
0.0
0.0
0.0
0.0
0.0
0.0
0.0
0.0
0.0
0.0
0.0
0.0
0.0
0.0
0.0
0.0
0.0
0.0
0.0
0.0
0.0
0.0
0.0
0.0
0.0
0.0
0.0
0.0
0.0
0.0
0.0
0.0
0.0
0.0
0.0
0.0
0.0
0.0
0.0
0.0
0.0
0.0
0.0
0.0
0.0
0.0
0.0
0.0
0.0
0.0
0.0
0.0
0.0
0.0
0.0
0.0
0.0
0.0
0.0
0.0
0.0
0.0
0.0
0.0
0.0
0.0
0.0
0.0
0.0
0.0
0.0
0.0
0.0
0.0
0.0
0.0
0.0
0.0
0.0
0.0
0.0
0.0
0.0
0.0
0.0
0.0
0.0
0.0
0.0
0.0
0.0
0.0
0.0
0.0
0.0
0.0
0.0
0.0
0.0
0.0
0.0
0.0
0.0
0.0
0.0
0.0
0.0
0.0
0.0
0.0
0.0
0.0
0.0
0.0
0.0
0.0
0.0
0.0
0.0
0.0
0.0
0.0
0.0
0.0
0.0
0.0
0.0
0.0
0.0
0.0
0.0
0.0
0.0
0.0
0.0
0.0
0.0
0.0
0.0
0.0
0.0
0.0
0.0
0.0
0.0
0.0
0.0
0.0
0.0
0.0
0.0
0.0
0.0
0.0
0.0
0.0
0.0
0.0
0.0
0.0
0.0
0.0
0.0
0.0
0.0
0.0
0.0
0.0
0.0
0.0
0.0
0.0
0.0
0.0
0.0
0.0
0.0
0.0
0.0
0.0
0.0
0.0
